351.000 0.040
352.000 0.026
353.000 0.042
354.000 0.049
355.000 0.045
356.000 0.040
357.000 0.054
358.000 0.047
359.000 0.029
360.000 0.022
361.000 0.040
362.000 0.038
363.000 0.038
364.000 0.066
365.000 0.044
366.000 0.025
367.000 0.029
368.000 0.048
369.000 0.056
370.000 0.040
371.000 0.012
372.000 0.023
373.000 0.030
374.000 0.033
375.000 0.035
376.000 0.033
377.000 0.030
378.000 0.029
379.000 0.031
380.000 0.039
381.000 0.040
382.000 0.027
383.000 0.018
384.000 0.029
385.000 0.044
386.000 0.043
387.000 0.049
388.000 0.057
389.000 0.062
390.000 0.061
391.000 0.061
392.000 0.048
393.000 0.029
394.000 0.021
395.000 0.031
396.000 0.035
397.000 0.034
398.000 0.048
399.000 0.047
400.000 0.045
401.000 0.053
402.000 0.051
403.000 0.047
404.000 0.046
405.000 0.052
406.000 0.048
407.000 0.048
408.000 0.052
409.000 0.046
410.000 0.042
411.000 0.044
412.000 0.049
413.000 0.048
414.000 0.047
415.000 0.051
416.000 0.057
417.000 0.058
418.000 0.056
419.000 0.054
420.000 0.058
421.000 0.057
422.000 0.054
423.000 0.054
424.000 0.056
425.000 0.054
426.000 0.051
427.000 0.050
428.000 0.052
429.000 0.049
430.000 0.048
431.000 0.060
432.000 0.057
433.000 0.055
434.000 0.061
435.000 0.056
436.000 0.055
437.000 0.055
438.000 0.054
439.000 0.059
440.000 0.061
441.000 0.057
442.000 0.050
443.000 0.053
444.000 0.059
445.000 0.063
446.000 0.061
447.000 0.059
448.000 0.060
449.000 0.064
450.000 0.059
451.000 0.058
452.000 0.062
453.000 0.062
454.000 0.063
455.000 0.064
456.000 0.062
457.000 0.060
458.000 0.060
459.000 0.061
460.000 0.062
461.000 0.065
462.000 0.063
463.000 0.058
464.000 0.057
465.000 0.059
466.000 0.061
467.000 0.063
468.000 0.060
469.000 0.061
470.000 0.066
471.000 0.070
472.000 0.062
473.000 0.061
474.000 0.065
475.000 0.065
476.000 0.062
477.000 0.062
478.000 0.068
479.000 0.069
480.000 0.066
481.000 0.064
482.000 0.067
483.000 0.069
484.000 0.070
485.000 0.071
486.000 0.072
487.000 0.069
488.000 0.065
489.000 0.066
490.000 0.069
491.000 0.070
492.000 0.067
493.000 0.064
494.000 0.069
495.000 0.072
496.000 0.071
497.000 0.070
498.000 0.069
499.000 0.070
500.000 0.073
501.000 0.075
502.000 0.075
503.000 0.075
504.000 0.077
505.000 0.072
506.000 0.069
507.000 0.071
508.000 0.074
509.000 0.074
510.000 0.073
511.000 0.075
512.000 0.073
513.000 0.073
514.000 0.076
515.000 0.076
516.000 0.076
517.000 0.076
518.000 0.076
519.000 0.077
520.000 0.079
521.000 0.079
522.000 0.079
523.000 0.079
524.000 0.080
525.000 0.082
526.000 0.081
527.000 0.080
528.000 0.080
529.000 0.081
530.000 0.081
531.000 0.081
532.000 0.081
533.000 0.082
534.000 0.084
535.000 0.085
536.000 0.084
537.000 0.085
538.000 0.085
539.000 0.086
540.000 0.087
541.000 0.086
542.000 0.086
543.000 0.086
544.000 0.086
545.000 0.087
546.000 0.087
547.000 0.088
548.000 0.088
549.000 0.088
550.000 0.087
551.000 0.088
552.000 0.089
553.000 0.089
554.000 0.088
555.000 0.089
556.000 0.091
557.000 0.092
558.000 0.092
559.000 0.090
560.000 0.090
561.000 0.092
562.000 0.093
563.000 0.092
564.000 0.092
565.000 0.092
566.000 0.093
567.000 0.093
568.000 0.092
569.000 0.095
570.000 0.094
571.000 0.092
572.000 0.093
573.000 0.095
574.000 0.097
575.000 0.096
576.000 0.096
577.000 0.096
578.000 0.096
579.000 0.096
580.000 0.098
581.000 0.096
582.000 0.096
583.000 0.099
584.000 0.097
585.000 0.099
586.000 0.103
587.000 0.101
588.000 0.101
589.000 0.101
590.000 0.100
591.000 0.100
592.000 0.100
593.000 0.100
594.000 0.100
595.000 0.100
596.000 0.101
597.000 0.102
598.000 0.104
599.000 0.105
600.000 0.104
601.000 0.103
602.000 0.103
603.000 0.105
604.000 0.106
605.000 0.104
606.000 0.105
607.000 0.106
608.000 0.106
609.000 0.107
610.000 0.108
611.000 0.108
612.000 0.108
613.000 0.106
614.000 0.107
615.000 0.110
616.000 0.109
617.000 0.111
618.000 0.113
619.000 0.113
620.000 0.113
621.000 0.111
622.000 0.111
623.000 0.114
624.000 0.114
625.000 0.114
626.000 0.115
627.000 0.115
628.000 0.116
629.000 0.118
630.000 0.120
631.000 0.118
632.000 0.117
633.000 0.118
634.000 0.119
635.000 0.119
636.000 0.119
637.000 0.119
638.000 0.121
639.000 0.124
640.000 0.126
641.000 0.124
642.000 0.126
643.000 0.126
644.000 0.125
645.000 0.124
646.000 0.125
647.000 0.127
648.000 0.129
649.000 0.129
650.000 0.128
651.000 0.128
652.000 0.129
653.000 0.130
654.000 0.130
655.000 0.131
656.000 0.133
657.000 0.136
658.000 0.138
659.000 0.137
660.000 0.138
661.000 0.140
662.000 0.140
663.000 0.138
664.000 0.137
665.000 0.139
666.000 0.142
667.000 0.145
668.000 0.147
669.000 0.146
670.000 0.144
671.000 0.142
672.000 0.145
673.000 0.152
674.000 0.148
675.000 0.148
676.000 0.150
677.000 0.150
678.000 0.153
679.000 0.154
680.000 0.152
681.000 0.150
682.000 0.150
683.000 0.153
684.000 0.157
685.000 0.157
686.000 0.157
687.000 0.157
688.000 0.155
689.000 0.159
690.000 0.157
691.000 0.152
692.000 0.155
693.000 0.156
694.000 0.156
695.000 0.156
696.000 0.154
697.000 0.153
698.000 0.153
699.000 0.153
700.000 0.155
701.000 0.156
702.000 0.156
703.000 0.156
704.000 0.158
705.000 0.159
706.000 0.160
707.000 0.161
708.000 0.162
709.000 0.164
710.000 0.165
711.000 0.166
712.000 0.168
713.000 0.170
714.000 0.171
715.000 0.172
716.000 0.173
717.000 0.176
718.000 0.177
719.000 0.178
720.000 0.180
721.000 0.181
722.000 0.183
723.000 0.185
724.000 0.186
725.000 0.188
726.000 0.190
727.000 0.192
728.000 0.194
729.000 0.195
730.000 0.196
731.000 0.198
732.000 0.199
733.000 0.201
734.000 0.203
735.000 0.204
736.000 0.206
737.000 0.208
738.000 0.209
739.000 0.211
740.000 0.212
741.000 0.213
742.000 0.214
743.000 0.216
744.000 0.217
745.000 0.218
746.000 0.219
747.000 0.221
748.000 0.222
749.000 0.223
750.000 0.224
751.000 0.225
752.000 0.226
753.000 0.227
754.000 0.228
755.000 0.229
756.000 0.230
757.000 0.231
758.000 0.232
759.000 0.232
760.000 0.233
761.000 0.235
762.000 0.236
763.000 0.236
764.000 0.237
765.000 0.238
766.000 0.239
767.000 0.240
768.000 0.241
769.000 0.242
770.000 0.242
771.000 0.243
772.000 0.244
773.000 0.245
774.000 0.246
775.000 0.246
776.000 0.247
777.000 0.248
778.000 0.249
779.000 0.250
780.000 0.250
781.000 0.251
782.000 0.252
783.000 0.253
784.000 0.253
785.000 0.254
786.000 0.255
787.000 0.255
788.000 0.256
789.000 0.257
790.000 0.258
791.000 0.259
792.000 0.259
793.000 0.260
794.000 0.261
795.000 0.262
796.000 0.262
797.000 0.263
798.000 0.264
799.000 0.265
800.000 0.265
801.000 0.266
802.000 0.267
803.000 0.268
804.000 0.268
805.000 0.269
806.000 0.270
807.000 0.270
808.000 0.271
809.000 0.272
810.000 0.273
811.000 0.274
812.000 0.274
813.000 0.274
814.000 0.275
815.000 0.276
816.000 0.277
817.000 0.277
818.000 0.278
819.000 0.279
820.000 0.280
821.000 0.280
822.000 0.281
823.000 0.282
824.000 0.283
825.000 0.283
826.000 0.284
827.000 0.284
828.000 0.285
829.000 0.286
830.000 0.287
831.000 0.287
832.000 0.288
833.000 0.289
834.000 0.289
835.000 0.290
836.000 0.291
837.000 0.291
838.000 0.292
839.000 0.293
840.000 0.293
841.000 0.294
842.000 0.295
843.000 0.295
844.000 0.296
845.000 0.296
846.000 0.297
847.000 0.298
848.000 0.298
849.000 0.299
850.000 0.300
851.000 0.300
852.000 0.301
853.000 0.301
854.000 0.302
855.000 0.303
856.000 0.303
857.000 0.304
858.000 0.304
859.000 0.304
860.000 0.305
861.000 0.306
862.000 0.306
863.000 0.307
864.000 0.308
865.000 0.308
866.000 0.309
867.000 0.309
868.000 0.310
869.000 0.310
870.000 0.311
871.000 0.312
872.000 0.312
873.000 0.313
874.000 0.313
875.000 0.314
876.000 0.314
877.000 0.315
878.000 0.315
879.000 0.316
880.000 0.317
881.000 0.317
882.000 0.318
883.000 0.318
884.000 0.319
885.000 0.319
886.000 0.320
887.000 0.321
888.000 0.321
889.000 0.321
890.000 0.323
891.000 0.323
892.000 0.323
893.000 0.324
894.000 0.325
895.000 0.325
896.000 0.325
897.000 0.326
898.000 0.326
899.000 0.327
900.000 0.328
901.000 0.329
902.000 0.329
903.000 0.329
904.000 0.330
905.000 0.331
906.000 0.331
907.000 0.331
908.000 0.332
909.000 0.333
910.000 0.333
911.000 0.333
912.000 0.334
913.000 0.334
914.000 0.335
915.000 0.336
916.000 0.336
917.000 0.337
918.000 0.338
919.000 0.339
920.000 0.340
921.000 0.340
922.000 0.340
923.000 0.340
924.000 0.340
925.000 0.340
926.000 0.340
927.000 0.340
928.000 0.340
929.000 0.341
930.000 0.342
931.000 0.342
932.000 0.342
933.000 0.343
934.000 0.344
935.000 0.342
936.000 0.343
937.000 0.342
938.000 0.343
939.000 0.345
940.000 0.343
941.000 0.345
942.000 0.346
943.000 0.345
944.000 0.344
945.000 0.347
946.000 0.348
947.000 0.346
948.000 0.348
949.000 0.347
950.000 0.347
951.000 0.349
952.000 0.351
953.000 0.352
954.000 0.352
955.000 0.351
956.000 0.349
957.000 0.349
958.000 0.350
959.000 0.351
960.000 0.352
961.000 0.352
962.000 0.352
963.000 0.353
964.000 0.354
965.000 0.354
966.000 0.354
967.000 0.356
968.000 0.355
969.000 0.357
970.000 0.358
971.000 0.356
972.000 0.356
973.000 0.357
974.000 0.359
975.000 0.360
976.000 0.359
977.000 0.359
978.000 0.360
979.000 0.360
980.000 0.359
981.000 0.360
982.000 0.362
983.000 0.363
984.000 0.361
985.000 0.361
986.000 0.361
987.000 0.363
988.000 0.367
989.000 0.366
990.000 0.365
991.000 0.365
992.000 0.367
993.000 0.366
994.000 0.366
995.000 0.368
996.000 0.370
997.000 0.370
998.000 0.370
999.000 0.370
1000.000 0.369
1001.000 0.372
1002.000 0.372
1003.000 0.373
1004.000 0.373
1005.000 0.373
1006.000 0.374
1007.000 0.375
1008.000 0.376
1009.000 0.377
1010.000 0.377
1011.000 0.378
1012.000 0.379
1013.000 0.379
1014.000 0.380
1015.000 0.380
1016.000 0.380
1017.000 0.380
1018.000 0.380
1019.000 0.381
1020.000 0.383
1021.000 0.384
1022.000 0.385
1023.000 0.386
1024.000 0.386
1025.000 0.385
1026.000 0.385
1027.000 0.386
1028.000 0.386
1029.000 0.386
1030.000 0.387
1031.000 0.388
1032.000 0.389
1033.000 0.390
1034.000 0.390
1035.000 0.391
1036.000 0.391
1037.000 0.391
1038.000 0.391
1039.000 0.391
1040.000 0.390
1041.000 0.391
1042.000 0.393
1043.000 0.394
1044.000 0.394
1045.000 0.395
1046.000 0.396
1047.000 0.396
1048.000 0.395
1049.000 0.396
1050.000 0.396
1051.000 0.396
1052.000 0.397
1053.000 0.397
1054.000 0.398
1055.000 0.398
1056.000 0.399
1057.000 0.400
1058.000 0.400
1059.000 0.401
1060.000 0.402
1061.000 0.401
1062.000 0.401
1063.000 0.400
1064.000 0.400
1065.000 0.401
1066.000 0.402
1067.000 0.403
1068.000 0.405
1069.000 0.406
1070.000 0.405
1071.000 0.405
1072.000 0.406
1073.000 0.405
1074.000 0.405
1075.000 0.406
1076.000 0.407
1077.000 0.406
1078.000 0.407
1079.000 0.407
1080.000 0.407
1081.000 0.408
1082.000 0.409
1083.000 0.410
1084.000 0.410
1085.000 0.410
1086.000 0.410
1087.000 0.410
1088.000 0.411
1089.000 0.411
1090.000 0.411
1091.000 0.411
1092.000 0.411
1093.000 0.412
1094.000 0.413
1095.000 0.413
1096.000 0.414
1097.000 0.414
1098.000 0.414
1099.000 0.414
1100.000 0.414
1101.000 0.413
1102.000 0.413
1103.000 0.414
1104.000 0.415
1105.000 0.416
1106.000 0.416
1107.000 0.417
1108.000 0.417
1109.000 0.418
1110.000 0.418
1111.000 0.419
1112.000 0.419
1113.000 0.419
1114.000 0.418
1115.000 0.418
1116.000 0.418
1117.000 0.417
1118.000 0.418
1119.000 0.418
1120.000 0.417
1121.000 0.419
1122.000 0.422
1123.000 0.422
1124.000 0.423
1125.000 0.423
1126.000 0.418
1127.000 0.417
1128.000 0.418
1129.000 0.419
1130.000 0.420
1131.000 0.421
1132.000 0.422
1133.000 0.423
1134.000 0.425
1135.000 0.427
1136.000 0.428
1137.000 0.429
1138.000 0.430
1139.000 0.429
1140.000 0.428
1141.000 0.426
1142.000 0.425
1143.000 0.423
1144.000 0.422
1145.000 0.424
1146.000 0.424
1147.000 0.424
1148.000 0.423
1149.000 0.423
1150.000 0.424
1151.000 0.426
1152.000 0.428
1153.000 0.428
1154.000 0.427
1155.000 0.426
1156.000 0.425
1157.000 0.425
1158.000 0.426
1159.000 0.426
1160.000 0.426
1161.000 0.426
1162.000 0.426
1163.000 0.426
1164.000 0.426
1165.000 0.426
1166.000 0.425
1167.000 0.424
1168.000 0.425
1169.000 0.425
1170.000 0.426
1171.000 0.426
1172.000 0.427
1173.000 0.427
1174.000 0.427
1175.000 0.427
1176.000 0.427
1177.000 0.427
1178.000 0.427
1179.000 0.426
1180.000 0.427
1181.000 0.427
1182.000 0.427
1183.000 0.428
1184.000 0.428
1185.000 0.429
1186.000 0.430
1187.000 0.431
1188.000 0.431
1189.000 0.431
1190.000 0.431
1191.000 0.432
1192.000 0.432
1193.000 0.432
1194.000 0.433
1195.000 0.433
1196.000 0.433
1197.000 0.434
1198.000 0.434
1199.000 0.434
1200.000 0.434
1201.000 0.434
1202.000 0.434
1203.000 0.434
1204.000 0.434
1205.000 0.435
1206.000 0.435
1207.000 0.436
1208.000 0.436
1209.000 0.437
1210.000 0.437
1211.000 0.437
1212.000 0.438
1213.000 0.440
1214.000 0.441
1215.000 0.442
1216.000 0.442
1217.000 0.441
1218.000 0.442
1219.000 0.442
1220.000 0.443
1221.000 0.443
1222.000 0.444
1223.000 0.444
1224.000 0.444
1225.000 0.445
1226.000 0.446
1227.000 0.447
1228.000 0.448
1229.000 0.448
1230.000 0.449
1231.000 0.450
1232.000 0.450
1233.000 0.450
1234.000 0.451
1235.000 0.451
1236.000 0.451
1237.000 0.451
1238.000 0.452
1239.000 0.453
1240.000 0.454
1241.000 0.454
1242.000 0.454
1243.000 0.454
1244.000 0.455
1245.000 0.455
1246.000 0.455
1247.000 0.456
1248.000 0.456
1249.000 0.456
1250.000 0.456
1251.000 0.456
1252.000 0.457
1253.000 0.457
1254.000 0.458
1255.000 0.458
1256.000 0.459
1257.000 0.459
1258.000 0.459
1259.000 0.460
1260.000 0.460
1261.000 0.461
1262.000 0.461
1263.000 0.461
1264.000 0.462
1265.000 0.462
1266.000 0.463
1267.000 0.464
1268.000 0.464
1269.000 0.465
1270.000 0.464
1271.000 0.464
1272.000 0.464
1273.000 0.464
1274.000 0.464
1275.000 0.465
1276.000 0.466
1277.000 0.467
1278.000 0.469
1279.000 0.469
1280.000 0.468
1281.000 0.469
1282.000 0.468
1283.000 0.469
1284.000 0.470
1285.000 0.471
1286.000 0.471
1287.000 0.471
1288.000 0.471
1289.000 0.472
1290.000 0.472
1291.000 0.471
1292.000 0.470
1293.000 0.470
1294.000 0.469
1295.000 0.469
1296.000 0.469
1297.000 0.469
1298.000 0.469
1299.000 0.469
1300.000 0.470
1301.000 0.470
1302.000 0.470
1303.000 0.470
1304.000 0.470
1305.000 0.469
1306.000 0.469
1307.000 0.469
1308.000 0.469
1309.000 0.470
1310.000 0.470
1311.000 0.470
1312.000 0.470
1313.000 0.469
1314.000 0.469
1315.000 0.468
1316.000 0.468
1317.000 0.468
1318.000 0.468
1319.000 0.468
1320.000 0.468
1321.000 0.468
1322.000 0.469
1323.000 0.469
1324.000 0.469
1325.000 0.469
1326.000 0.466
1327.000 0.466
1328.000 0.467
1329.000 0.467
1330.000 0.469
1331.000 0.468
1332.000 0.466
1333.000 0.464
1334.000 0.462
1335.000 0.459
1336.000 0.456
1337.000 0.454
1338.000 0.452
1339.000 0.451
1340.000 0.452
1341.000 0.452
1342.000 0.455
1343.000 0.456
1344.000 0.457
1345.000 0.456
1346.000 0.450
1347.000 0.447
1348.000 0.444
1349.000 0.444
1350.000 0.437
1351.000 0.431
1352.000 0.420
1353.000 0.387
1354.000 0.359
1355.000 0.353
1356.000 0.311
1357.000 0.264
1358.000 0.329
1359.000 0.143
1360.000 0.143
1361.000 0.330
1362.000 0.474
1363.000 0.909
1364.000 0.447
1365.000 0.324
1366.000 0.307
1367.000 0.288
1368.000 0.380
1369.000 0.224
1370.000 0.341
1371.000 0.271
1372.000 0.241
1373.000 0.195
1374.000 0.244
1375.000 0.239
1376.000 0.254
1377.000 0.270
1378.000 0.287
1379.000 0.316
1380.000 0.374
1381.000 0.485
1382.000 0.465
1383.000 0.445
1384.000 0.425
1385.000 0.171
1386.000 0.138
1387.000 0.105
1388.000 0.072
1389.000 0.148
1390.000 0.247
1391.000 0.278
1392.000 0.263
1393.000 0.352
1394.000 0.382
1395.000 0.452
1396.000 0.047
1397.000 0.189
1398.000 0.383
1399.000 0.500
1400.000 0.368
1401.000 0.449
1402.000 0.328
1403.000 0.311
1404.000 0.248
1405.000 0.205
1406.000 0.392
1407.000 0.433
1408.000 0.271
1409.000 0.278
1410.000 0.353
1411.000 0.274
1412.000 0.288
1413.000 0.456
1414.000 0.419
1415.000 0.255
1416.000 0.268
1417.000 0.408
1418.000 0.365
1419.000 0.319
1420.000 0.290
1421.000 0.152
1422.000 0.164
1423.000 0.265
1424.000 0.325
1425.000 0.532
1426.000 0.489
1427.000 0.273
1428.000 0.261
1429.000 0.259
1430.000 0.250
1431.000 0.319
1432.000 0.333
1433.000 0.249
1434.000 0.299
1435.000 0.258
1436.000 0.271
1437.000 0.298
1438.000 0.313
1439.000 0.325
1440.000 0.335
1441.000 0.336
1442.000 0.342
1443.000 0.363
1444.000 0.357
1445.000 0.335
1446.000 0.321
1447.000 0.287
1448.000 0.273
1449.000 0.274
1450.000 0.286
1451.000 0.282
1452.000 0.281
1453.000 0.281
1454.000 0.277
1455.000 0.277
1456.000 0.283
1457.000 0.277
1458.000 0.263
1459.000 0.258
1460.000 0.248
1461.000 0.244
1462.000 0.252
1463.000 0.250
1464.000 0.240
1465.000 0.242
1466.000 0.246
1467.000 0.253
1468.000 0.277
1469.000 0.282
1470.000 0.275
1471.000 0.272
1472.000 0.260
1473.000 0.257
1474.000 0.260
1475.000 0.261
1476.000 0.263
1477.000 0.268
1478.000 0.278
1479.000 0.279
1480.000 0.275
1481.000 0.277
1482.000 0.273
1483.000 0.278
1484.000 0.291
1485.000 0.299
1486.000 0.307
1487.000 0.313
1488.000 0.321
1489.000 0.321
1490.000 0.315
1491.000 0.312
1492.000 0.303
1493.000 0.302
1494.000 0.308
1495.000 0.311
1496.000 0.318
1497.000 0.320
1498.000 0.319
1499.000 0.313
1500.000 0.312
1501.000 0.311
1502.000 0.313
1503.000 0.321
1504.000 0.326
1505.000 0.327
1506.000 0.326
1507.000 0.322
1508.000 0.323
1509.000 0.323
1510.000 0.325
1511.000 0.330
1512.000 0.333
1513.000 0.336
1514.000 0.335
1515.000 0.334
1516.000 0.334
1517.000 0.333
1518.000 0.335
1519.000 0.339
1520.000 0.342
1521.000 0.342
1522.000 0.344
1523.000 0.345
1524.000 0.347
1525.000 0.349
1526.000 0.350
1527.000 0.349
1528.000 0.349
1529.000 0.349
1530.000 0.349
1531.000 0.350
1532.000 0.351
1533.000 0.350
1534.000 0.351
1535.000 0.351
1536.000 0.352
1537.000 0.352
1538.000 0.355
1539.000 0.361
1540.000 0.363
1541.000 0.364
1542.000 0.365
1543.000 0.361
1544.000 0.360
1545.000 0.360
1546.000 0.360
1547.000 0.362
1548.000 0.362
1549.000 0.362
1550.000 0.362
1551.000 0.362
1552.000 0.363
1553.000 0.365
1554.000 0.367
1555.000 0.370
1556.000 0.372
1557.000 0.373
1558.000 0.374
1559.000 0.373
1560.000 0.372
1561.000 0.373
1562.000 0.373
1563.000 0.372
1564.000 0.373
1565.000 0.374
1566.000 0.376
1567.000 0.381
1568.000 0.383
1569.000 0.384
1570.000 0.384
1571.000 0.381
1572.000 0.379
1573.000 0.377
1574.000 0.377
1575.000 0.380
1576.000 0.382
1577.000 0.384
1578.000 0.385
1579.000 0.382
1580.000 0.381
1581.000 0.382
1582.000 0.383
1583.000 0.385
1584.000 0.388
1585.000 0.391
1586.000 0.392
1587.000 0.393
1588.000 0.394
1589.000 0.394
1590.000 0.394
1591.000 0.394
1592.000 0.394
1593.000 0.395
1594.000 0.395
1595.000 0.397
1596.000 0.397
1597.000 0.396
1598.000 0.395
1599.000 0.393
1600.000 0.393
1601.000 0.395
1602.000 0.396
1603.000 0.400
1604.000 0.401
1605.000 0.401
1606.000 0.400
1607.000 0.399
1608.000 0.398
1609.000 0.400
1610.000 0.401
1611.000 0.403
1612.000 0.405
1613.000 0.407
1614.000 0.409
1615.000 0.411
1616.000 0.412
1617.000 0.413
1618.000 0.414
1619.000 0.413
1620.000 0.413
1621.000 0.411
1622.000 0.410
1623.000 0.409
1624.000 0.409
1625.000 0.410
1626.000 0.411
1627.000 0.412
1628.000 0.412
1629.000 0.412
1630.000 0.412
1631.000 0.412
1632.000 0.412
1633.000 0.413
1634.000 0.413
1635.000 0.414
1636.000 0.413
1637.000 0.411
1638.000 0.410
1639.000 0.408
1640.000 0.408
1641.000 0.412
1642.000 0.414
1643.000 0.415
1644.000 0.416
1645.000 0.414
1646.000 0.414
1647.000 0.417
1648.000 0.418
1649.000 0.418
1650.000 0.418
1651.000 0.416
1652.000 0.414
1653.000 0.413
1654.000 0.412
1655.000 0.412
1656.000 0.411
1657.000 0.410
1658.000 0.409
1659.000 0.409
1660.000 0.409
1661.000 0.408
1662.000 0.407
1663.000 0.405
1664.000 0.405
1665.000 0.405
1666.000 0.405
1667.000 0.407
1668.000 0.407
1669.000 0.406
1670.000 0.406
1671.000 0.406
1672.000 0.406
1673.000 0.410
1674.000 0.410
1675.000 0.408
1676.000 0.407
1677.000 0.405
1678.000 0.404
1679.000 0.406
1680.000 0.406
1681.000 0.407
1682.000 0.407
1683.000 0.407
1684.000 0.406
1685.000 0.407
1686.000 0.406
1687.000 0.404
1688.000 0.403
1689.000 0.402
1690.000 0.402
1691.000 0.403
1692.000 0.403
1693.000 0.404
1694.000 0.404
1695.000 0.403
1696.000 0.402
1697.000 0.403
1698.000 0.400
1699.000 0.395
1700.000 0.393
1701.000 0.388
1702.000 0.388
1703.000 0.393
1704.000 0.396
1705.000 0.403
1706.000 0.404
1707.000 0.403
1708.000 0.403
1709.000 0.399
1710.000 0.397
1711.000 0.396
1712.000 0.393
1713.000 0.391
1714.000 0.393
1715.000 0.390
1716.000 0.387
1717.000 0.388
1718.000 0.387
1719.000 0.386
1720.000 0.388
1721.000 0.388
1722.000 0.387
1723.000 0.389
1724.000 0.390
1725.000 0.388
1726.000 0.389
1727.000 0.390
1728.000 0.391
1729.000 0.393
1730.000 0.394
1731.000 0.394
1732.000 0.392
1733.000 0.389
1734.000 0.387
1735.000 0.385
1736.000 0.392
1737.000 0.394
1738.000 0.398
1739.000 0.397
1740.000 0.386
1741.000 0.384
1742.000 0.384
1743.000 0.383
1744.000 0.390
1745.000 0.391
1746.000 0.387
1747.000 0.386
1748.000 0.387
1749.000 0.386
1750.000 0.384
1751.000 0.385
1752.000 0.384
1753.000 0.387
1754.000 0.399
1755.000 0.400
1756.000 0.399
1757.000 0.397
1758.000 0.387
1759.000 0.388
1760.000 0.388
1761.000 0.390
1762.000 0.396
1763.000 0.395
1764.000 0.397
1765.000 0.401
1766.000 0.397
1767.000 0.389
1768.000 0.384
1769.000 0.374
1770.000 0.367
1771.000 0.374
1772.000 0.380
1773.000 0.385
1774.000 0.384
1775.000 0.373
1776.000 0.365
1777.000 0.358
1778.000 0.357
1779.000 0.364
1780.000 0.369
1781.000 0.371
1782.000 0.366
1783.000 0.352
1784.000 0.338
1785.000 0.333
1786.000 0.341
1787.000 0.370
1788.000 0.382
1789.000 0.392
1790.000 0.397
1791.000 0.386
1792.000 0.396
1793.000 0.404
1794.000 0.399
1795.000 0.384
1796.000 0.367
1797.000 0.357
1798.000 0.372
1799.000 0.398
1800.000 0.422
1801.000 0.538
1802.000 0.523
1803.000 0.473
1804.000 0.423
1805.000 0.434
1806.000 0.538
1807.000 0.573
1808.000 0.644
1809.000 0.595
1810.000 0.498
1811.000 0.461
1812.000 0.450
1813.000 0.508
1814.000 0.849
1815.000 0.394
1816.000 0.437
1817.000 0.539
1818.000 0.640
1819.000 0.742
1820.000 0.576
1821.000 0.402
1822.000 0.370
1823.000 0.416
1824.000 0.669
1825.000 0.729
1826.000 0.654
1827.000 0.634
1828.000 0.494
1829.000 0.535
1830.000 0.684
1831.000 0.743
1832.000 0.773
1833.000 0.803
1834.000 0.833
1835.000 0.863
1836.000 0.883
1837.000 0.903
1838.000 0.922
1839.000 0.574
1840.000 0.517
1841.000 0.677
1842.000 0.573
1843.000 0.669
1844.000 0.624
1845.000 0.766
1846.000 0.667
1847.000 0.568
1848.000 0.562
1849.000 0.766
1850.000 0.587
1851.000 0.487
1852.000 0.375
1853.000 0.416
1854.000 0.342
1855.000 0.450
1856.000 0.601
1857.000 0.629
1858.000 0.680
1859.000 0.708
1860.000 0.497
1861.000 0.466
1862.000 0.306
1863.000 0.500
1864.000 0.284
1865.000 0.243
1866.000 0.211
1867.000 0.208
1868.000 0.275
1869.000 0.292
1870.000 0.239
1871.000 0.221
1872.000 0.281
1873.000 0.284
1874.000 0.300
1875.000 0.578
1876.000 0.811
1877.000 0.758
1878.000 0.705
1879.000 0.652
1880.000 0.599
1881.000 0.546
1882.000 0.493
1883.000 0.558
1884.000 0.525
1885.000 0.974
1886.000 0.938
1887.000 0.902
1888.000 0.866
1889.000 0.829
1890.000 0.793
1891.000 0.757
1892.000 0.721
1893.000 0.685
1894.000 0.649
1895.000 0.613
1896.000 0.374
1897.000 0.454
1898.000 0.029
1899.000 0.169
1900.000 0.310
1901.000 0.299
1902.000 0.289
1903.000 0.278
1904.000 0.318
1905.000 0.357
1906.000 0.774
1907.000 0.334
1908.000 0.509
1909.000 0.237
1910.000 0.334
1911.000 0.457
1912.000 0.478
1913.000 0.739
1914.000 0.728
1915.000 0.633
1916.000 0.524
1917.000 0.336
1918.000 0.534
1919.000 0.683
1920.000 0.730
1921.000 0.776
1922.000 0.822
1923.000 0.324
1924.000 0.672
1925.000 0.277
1926.000 0.476
1927.000 0.507
1928.000 0.474
1929.000 0.515
1930.000 0.556
1931.000 0.598
1932.000 0.595
1933.000 0.585
1934.000 0.627
1935.000 0.498
1936.000 0.535
1937.000 0.451
1938.000 0.349
1939.000 0.263
1940.000 0.276
1941.000 0.329
1942.000 0.326
1943.000 0.683
1944.000 0.777
1945.000 0.871
1946.000 0.965
1947.000 0.538
1948.000 0.371
1949.000 0.386
1950.000 0.515
1951.000 0.491
1952.000 0.483
1953.000 0.472
1954.000 0.439
1955.000 0.458
1956.000 0.439
1957.000 0.344
1958.000 0.306
1959.000 0.332
1960.000 0.403
1961.000 0.325
1962.000 0.305
1963.000 0.272
1964.000 0.260
1965.000 0.246
1966.000 0.278
1967.000 0.299
1968.000 0.273
1969.000 0.231
1970.000 0.278
1971.000 0.320
1972.000 0.374
1973.000 0.531
1974.000 0.652
1975.000 0.618
1976.000 0.446
1977.000 0.399
1978.000 0.335
1979.000 0.265
1980.000 0.279
1981.000 0.351
1982.000 0.377
1983.000 0.430
1984.000 0.430
1985.000 0.370
1986.000 0.339
1987.000 0.274
1988.000 0.268
1989.000 0.308
1990.000 0.317
1991.000 0.349
1992.000 0.365
1993.000 0.324
1994.000 0.280
1995.000 0.243
1996.000 0.209
1997.000 0.176
1998.000 0.181
1999.000 0.188
2000.000 0.203
2001.000 0.219
2002.000 0.269
2003.000 0.312
2004.000 0.363
2005.000 0.437
2006.000 0.603
2007.000 0.660
2008.000 0.594
2009.000 0.547
2010.000 0.444
2011.000 0.429
2012.000 0.480
2013.000 0.553
2014.000 0.563
2015.000 0.563
2016.000 0.508
2017.000 0.394
2018.000 0.331
2019.000 0.262
2020.000 0.246
2021.000 0.226
2022.000 0.197
2023.000 0.184
2024.000 0.178
2025.000 0.201
2026.000 0.263
2027.000 0.308
2028.000 0.382
2029.000 0.405
2030.000 0.395
2031.000 0.398
2032.000 0.389
2033.000 0.386
2034.000 0.395
2035.000 0.383
2036.000 0.361
2037.000 0.333
2038.000 0.308
2039.000 0.275
2040.000 0.258
2041.000 0.258
2042.000 0.258
2043.000 0.268
2044.000 0.280
2045.000 0.305
2046.000 0.319
2047.000 0.343
2048.000 0.353
2049.000 0.358
2050.000 0.333
2051.000 0.297
2052.000 0.257
2053.000 0.232
2054.000 0.228
2055.000 0.260
2056.000 0.300
2057.000 0.322
2058.000 0.366
2059.000 0.360
2060.000 0.291
2061.000 0.276
2062.000 0.249
2063.000 0.252
2064.000 0.313
2065.000 0.329
2066.000 0.331
2067.000 0.341
2068.000 0.290
2069.000 0.261
2070.000 0.271
2071.000 0.257
2072.000 0.279
2073.000 0.372
2074.000 0.402
2075.000 0.430
2076.000 0.421
2077.000 0.340
2078.000 0.313
2079.000 0.295
2080.000 0.285
2081.000 0.286
2082.000 0.295
2083.000 0.304
2084.000 0.299
2085.000 0.300
2086.000 0.314
2087.000 0.314
2088.000 0.305
2089.000 0.304
2090.000 0.305
2091.000 0.300
2092.000 0.293
2093.000 0.286
2094.000 0.266
2095.000 0.261
2096.000 0.260
2097.000 0.270
2098.000 0.295
2099.000 0.327
2100.000 0.363
2101.000 0.349
2102.000 0.321
2103.000 0.311
2104.000 0.304
2105.000 0.303
2106.000 0.303
2107.000 0.307
2108.000 0.302
2109.000 0.293
2110.000 0.289
2111.000 0.277
2112.000 0.279
2113.000 0.297
2114.000 0.303
2115.000 0.316
2116.000 0.320
2117.000 0.308
2118.000 0.305
2119.000 0.294
2120.000 0.282
2121.000 0.276
2122.000 0.265
2123.000 0.268
2124.000 0.287
2125.000 0.295
2126.000 0.315
2127.000 0.315
2128.000 0.293
2129.000 0.293
2130.000 0.291
2131.000 0.294
2132.000 0.318
2133.000 0.323
2134.000 0.319
2135.000 0.319
2136.000 0.310
2137.000 0.315
2138.000 0.307
2139.000 0.298
2140.000 0.297
2141.000 0.293
2142.000 0.299
2143.000 0.330
2144.000 0.337
2145.000 0.337
2146.000 0.334
2147.000 0.314
2148.000 0.308
2149.000 0.305
2150.000 0.300
2151.000 0.303
2152.000 0.302
2153.000 0.303
2154.000 0.299
2155.000 0.295
2156.000 0.279
2157.000 0.278
2158.000 0.271
2159.000 0.276
2160.000 0.299
2161.000 0.314
2162.000 0.336
2163.000 0.338
2164.000 0.330
2165.000 0.326
2166.000 0.314
2167.000 0.303
2168.000 0.285
2169.000 0.282
2170.000 0.278
2171.000 0.279
2172.000 0.304
2173.000 0.312
2174.000 0.301
2175.000 0.304
2176.000 0.306
2177.000 0.321
2178.000 0.334
2179.000 0.352
2180.000 0.363
2181.000 0.367
2182.000 0.371
2183.000 0.362
2184.000 0.347
2185.000 0.321
2186.000 0.302
2187.000 0.275
2188.000 0.272
2189.000 0.281
2190.000 0.286
2191.000 0.309
2192.000 0.314
2193.000 0.301
2194.000 0.299
2195.000 0.291
2196.000 0.292
2197.000 0.303
2198.000 0.310
2199.000 0.319
2200.000 0.328
2201.000 0.335
2202.000 0.350
2203.000 0.353
2204.000 0.371
2205.000 0.382
2206.000 0.370
2207.000 0.379
2208.000 0.367
2209.000 0.359
2210.000 0.346
2211.000 0.346
2212.000 0.353
2213.000 0.351
2214.000 0.355
2215.000 0.349
2216.000 0.321
2217.000 0.314
2218.000 0.323
2219.000 0.322
2220.000 0.316
2221.000 0.321
2222.000 0.332
2223.000 0.338
2224.000 0.363
2225.000 0.367
2226.000 0.350
2227.000 0.337
2228.000 0.347
2229.000 0.341
2230.000 0.340
2231.000 0.340
2232.000 0.315
2233.000 0.314
2234.000 0.316
2235.000 0.309
2236.000 0.312
2237.000 0.297
2238.000 0.288
2239.000 0.274
2240.000 0.276
2241.000 0.284
2242.000 0.291
2243.000 0.316
2244.000 0.322
2245.000 0.315
2246.000 0.312
2247.000 0.296
2248.000 0.295
2249.000 0.313
2250.000 0.311
2251.000 0.303
2252.000 0.295
2253.000 0.271
2254.000 0.256
2255.000 0.246
2256.000 0.246
2257.000 0.252
2258.000 0.257
2259.000 0.261
2260.000 0.273
2261.000 0.296
2262.000 0.313
2263.000 0.308
2264.000 0.297
2265.000 0.278
2266.000 0.238
2267.000 0.218
2268.000 0.225
2269.000 0.211
2270.000 0.203
2271.000 0.211
2272.000 0.192
2273.000 0.194
2274.000 0.200
2275.000 0.216
2276.000 0.263
2277.000 0.290
2278.000 0.329
2279.000 0.355
2280.000 0.358
2281.000 0.336
2282.000 0.306
2283.000 0.271
2284.000 0.198
2285.000 0.191
2286.000 0.227
2287.000 0.230
2288.000 0.253
2289.000 0.260
2290.000 0.224
2291.000 0.210
2292.000 0.204
2293.000 0.197
2294.000 0.176
2295.000 0.178
2296.000 0.194
2297.000 0.232
2298.000 0.259
2299.000 0.294
2300.000 0.286
2301.000 0.257
2302.000 0.224
2303.000 0.195
2304.000 0.190
2305.000 0.186
2306.000 0.198
2307.000 0.211
2308.000 0.220
2309.000 0.250
2310.000 0.266
2311.000 0.323
2312.000 0.391
2313.000 0.315
2314.000 0.308
2315.000 0.289
2316.000 0.252
2317.000 0.327
2318.000 0.368
2319.000 0.354
2320.000 0.363
2321.000 0.338
2322.000 0.313
2323.000 0.304
2324.000 0.290
2325.000 0.251
2326.000 0.229
2327.000 0.195
2328.000 0.187
2329.000 0.203
2330.000 0.204
2331.000 0.203
2332.000 0.274
2333.000 0.234
2334.000 0.249
2335.000 0.311
2336.000 0.313
2337.000 0.249
2338.000 0.255
2339.000 0.276
2340.000 0.272
2341.000 0.342
2342.000 0.295
2343.000 0.123
2344.000 0.121
2345.000 0.103
2346.000 0.096
2347.000 0.166
2348.000 0.191
2349.000 0.269
2350.000 0.230
2351.000 0.269
2352.000 0.307
2353.000 0.378
2354.000 0.382
2355.000 0.362
2356.000 0.364
2357.000 0.353
2358.000 0.257
2359.000 0.267
2360.000 0.314
2361.000 0.346
2362.000 0.323
2363.000 0.313
2364.000 0.272
2365.000 0.286
2366.000 0.315
2367.000 0.281
2368.000 0.234
2369.000 0.197
2370.000 0.201
2371.000 0.189
2372.000 0.145
2373.000 0.183
2374.000 0.072
2375.000 0.208
2376.000 0.358
2377.000 0.193
2378.000 0.242
2379.000 0.292
2380.000 0.481
2381.000 0.580
2382.000 0.676
2383.000 0.127
2384.000 0.652
2385.000 0.564
2386.000 0.432
2387.000 0.153
2388.000 0.216
2389.000 0.280
2390.000 0.343
2391.000 0.406
2392.000 0.470
2393.000 0.220
2394.000 0.453
2395.000 0.311
2396.000 0.292
2397.000 0.254
2398.000 0.242
2399.000 0.432
2400.000 0.081
2401.000 0.363
2402.000 0.637
2403.000 0.411
2404.000 0.185
2405.000 0.168
2406.000 0.062
2407.000 0.073
2408.000 0.136
2409.000 0.575
2410.000 0.696
2411.000 0.816
2412.000 0.998
2413.000 0.973
2414.000 0.596
2415.000 0.442
2416.000 0.288
2417.000 0.836
2418.000 0.078
2419.000 0.180
2420.000 0.524
2421.000 0.412
2422.000 0.591
2423.000 0.526
2424.000 0.462
2425.000 0.397
2426.000 0.332
2427.000 0.268
2428.000 0.203
2429.000 0.430
2430.000 0.381
2431.000 0.314
2432.000 0.247
2433.000 0.180
2434.000 0.113
2435.000 0.045
2436.000 0.619
2437.000 0.142
2438.000 0.118
2439.000 0.222
2440.000 0.398
2441.000 0.573
2442.000 0.145
2443.000 0.077
2444.000 0.193
2445.000 0.230
2446.000 0.366
2447.000 0.398
2448.000 0.451
2449.000 0.171
2450.000 0.246
2451.000 0.320
2452.000 0.395
2453.000 0.116
2454.000 0.137
2455.000 0.158
2456.000 0.180
2457.000 0.164
2458.000 0.208
2459.000 0.252
2460.000 0.296
2461.000 0.340
2462.000 0.384
2463.000 0.167
2464.000 0.608
2465.000 0.546
2466.000 0.484
2467.000 0.542
2468.000 0.600
2469.000 0.307
2470.000 0.256
2471.000 0.205
2472.000 0.154
2473.000 0.103
2474.000 0.729
2475.000 0.655
2476.000 0.581
2477.000 0.507
2478.000 0.433
2479.000 0.359
2480.000 0.285
2481.000 0.364
2482.000 0.174
2483.000 0.174
2484.000 0.087
2485.000 0.532
2486.000 0.976
2487.000 0.364
2488.000 0.223
2489.000 0.282
2490.000 0.178
2491.000 0.265
2492.000 0.253
2493.000 0.240
2494.000 0.311
2495.000 0.075
2496.000 0.245
2497.000 0.414
2498.000 0.323
2499.000 0.232
2500.000 0.273
