391.000 0.062
392.000 0.059
393.000 0.067
394.000 0.074
395.000 0.073
396.000 0.070
397.000 0.066
398.000 0.067
399.000 0.074
400.000 0.076
401.000 0.070
402.000 0.071
403.000 0.070
404.000 0.069
405.000 0.072
406.000 0.070
407.000 0.068
408.000 0.066
409.000 0.065
410.000 0.070
411.000 0.073
412.000 0.071
413.000 0.071
414.000 0.069
415.000 0.068
416.000 0.070
417.000 0.070
418.000 0.071
419.000 0.071
420.000 0.071
421.000 0.072
422.000 0.074
423.000 0.075
424.000 0.073
425.000 0.074
426.000 0.073
427.000 0.066
428.000 0.071
429.000 0.070
430.000 0.067
431.000 0.071
432.000 0.071
433.000 0.071
434.000 0.072
435.000 0.073
436.000 0.070
437.000 0.068
438.000 0.071
439.000 0.070
440.000 0.069
441.000 0.069
442.000 0.071
443.000 0.072
444.000 0.071
445.000 0.070
446.000 0.072
447.000 0.070
448.000 0.069
449.000 0.072
450.000 0.075
451.000 0.075
452.000 0.073
453.000 0.075
454.000 0.074
455.000 0.073
456.000 0.073
457.000 0.074
458.000 0.073
459.000 0.072
460.000 0.074
461.000 0.076
462.000 0.077
463.000 0.075
464.000 0.073
465.000 0.072
466.000 0.071
467.000 0.072
468.000 0.073
469.000 0.073
470.000 0.073
471.000 0.074
472.000 0.072
473.000 0.070
474.000 0.070
475.000 0.073
476.000 0.074
477.000 0.073
478.000 0.074
479.000 0.075
480.000 0.075
481.000 0.071
482.000 0.067
483.000 0.070
484.000 0.074
485.000 0.076
486.000 0.075
487.000 0.077
488.000 0.076
489.000 0.074
490.000 0.077
491.000 0.076
492.000 0.072
493.000 0.073
494.000 0.077
495.000 0.080
496.000 0.080
497.000 0.076
498.000 0.077
499.000 0.080
500.000 0.078
501.000 0.079
502.000 0.080
503.000 0.080
504.000 0.080
505.000 0.083
506.000 0.086
507.000 0.088
508.000 0.086
509.000 0.086
510.000 0.088
511.000 0.093
512.000 0.096
513.000 0.099
514.000 0.101
515.000 0.102
516.000 0.105
517.000 0.109
518.000 0.113
519.000 0.118
520.000 0.121
521.000 0.124
522.000 0.129
523.000 0.131
524.000 0.134
525.000 0.138
526.000 0.141
527.000 0.144
528.000 0.147
529.000 0.148
530.000 0.152
531.000 0.155
532.000 0.158
533.000 0.159
534.000 0.162
535.000 0.164
536.000 0.166
537.000 0.167
538.000 0.168
539.000 0.168
540.000 0.171
541.000 0.171
542.000 0.171
543.000 0.172
544.000 0.173
545.000 0.173
546.000 0.173
547.000 0.173
548.000 0.174
549.000 0.174
550.000 0.175
551.000 0.175
552.000 0.174
553.000 0.174
554.000 0.175
555.000 0.175
556.000 0.174
557.000 0.173
558.000 0.172
559.000 0.171
560.000 0.169
561.000 0.167
562.000 0.166
563.000 0.164
564.000 0.163
565.000 0.161
566.000 0.158
567.000 0.155
568.000 0.153
569.000 0.151
570.000 0.149
571.000 0.147
572.000 0.144
573.000 0.142
574.000 0.139
575.000 0.137
576.000 0.137
577.000 0.136
578.000 0.134
579.000 0.132
580.000 0.131
581.000 0.130
582.000 0.128
583.000 0.126
584.000 0.125
585.000 0.124
586.000 0.123
587.000 0.121
588.000 0.124
589.000 0.124
590.000 0.120
591.000 0.118
592.000 0.118
593.000 0.118
594.000 0.118
595.000 0.119
596.000 0.117
597.000 0.115
598.000 0.116
599.000 0.116
600.000 0.115
601.000 0.115
602.000 0.114
603.000 0.113
604.000 0.114
605.000 0.112
606.000 0.113
607.000 0.114
608.000 0.114
609.000 0.112
610.000 0.111
611.000 0.111
612.000 0.111
613.000 0.110
614.000 0.109
615.000 0.106
616.000 0.104
617.000 0.105
618.000 0.106
619.000 0.106
620.000 0.102
621.000 0.102
622.000 0.104
623.000 0.104
624.000 0.104
625.000 0.103
626.000 0.102
627.000 0.101
628.000 0.103
629.000 0.104
630.000 0.102
631.000 0.103
632.000 0.104
633.000 0.105
634.000 0.106
635.000 0.104
636.000 0.100
637.000 0.098
638.000 0.098
639.000 0.099
640.000 0.099
641.000 0.097
642.000 0.094
643.000 0.093
644.000 0.093
645.000 0.091
646.000 0.094
647.000 0.095
648.000 0.091
649.000 0.090
650.000 0.091
651.000 0.090
652.000 0.088
653.000 0.092
654.000 0.094
655.000 0.090
656.000 0.090
657.000 0.091
658.000 0.092
659.000 0.091
660.000 0.087
661.000 0.087
662.000 0.089
663.000 0.089
664.000 0.091
665.000 0.090
666.000 0.087
667.000 0.089
668.000 0.091
669.000 0.091
670.000 0.091
671.000 0.091
672.000 0.092
673.000 0.093
674.000 0.093
675.000 0.095
676.000 0.097
677.000 0.096
678.000 0.095
679.000 0.096
680.000 0.099
681.000 0.099
682.000 0.104
683.000 0.106
684.000 0.105
685.000 0.107
686.000 0.109
687.000 0.111
688.000 0.114
689.000 0.116
690.000 0.118
691.000 0.123
692.000 0.129
693.000 0.133
694.000 0.137
695.000 0.144
696.000 0.152
697.000 0.160
698.000 0.172
699.000 0.182
700.000 0.194
701.000 0.205
702.000 0.216
703.000 0.227
704.000 0.237
705.000 0.246
706.000 0.256
707.000 0.267
708.000 0.279
709.000 0.289
710.000 0.300
711.000 0.311
712.000 0.321
713.000 0.331
714.000 0.340
715.000 0.350
716.000 0.360
717.000 0.370
718.000 0.381
719.000 0.392
720.000 0.403
721.000 0.412
722.000 0.421
723.000 0.429
724.000 0.438
725.000 0.448
726.000 0.457
727.000 0.465
728.000 0.473
729.000 0.480
730.000 0.488
731.000 0.494
732.000 0.501
733.000 0.508
734.000 0.514
735.000 0.519
736.000 0.523
737.000 0.529
738.000 0.533
739.000 0.538
740.000 0.542
741.000 0.546
742.000 0.550
743.000 0.553
744.000 0.556
745.000 0.559
746.000 0.560
747.000 0.565
748.000 0.566
749.000 0.568
750.000 0.570
751.000 0.572
752.000 0.573
753.000 0.575
754.000 0.576
755.000 0.577
756.000 0.578
757.000 0.579
758.000 0.579
759.000 0.579
760.000 0.578
761.000 0.578
762.000 0.578
763.000 0.577
764.000 0.579
765.000 0.580
766.000 0.582
767.000 0.583
768.000 0.585
769.000 0.585
770.000 0.585
771.000 0.586
772.000 0.586
773.000 0.587
774.000 0.587
775.000 0.587
776.000 0.588
777.000 0.588
778.000 0.589
779.000 0.589
780.000 0.589
781.000 0.590
782.000 0.590
783.000 0.590
784.000 0.591
785.000 0.591
786.000 0.591
787.000 0.592
788.000 0.592
789.000 0.592
790.000 0.592
791.000 0.593
792.000 0.594
793.000 0.594
794.000 0.595
795.000 0.594
796.000 0.595
797.000 0.596
798.000 0.596
799.000 0.596
800.000 0.597
801.000 0.597
802.000 0.597
803.000 0.598
804.000 0.598
805.000 0.599
806.000 0.600
807.000 0.600
808.000 0.600
809.000 0.601
810.000 0.601
811.000 0.601
812.000 0.601
813.000 0.601
814.000 0.601
815.000 0.601
816.000 0.602
817.000 0.602
818.000 0.603
819.000 0.604
820.000 0.604
821.000 0.605
822.000 0.605
823.000 0.606
824.000 0.606
825.000 0.606
826.000 0.607
827.000 0.608
828.000 0.608
829.000 0.608
830.000 0.609
831.000 0.609
832.000 0.610
833.000 0.610
834.000 0.611
835.000 0.611
836.000 0.612
837.000 0.612
838.000 0.613
839.000 0.614
840.000 0.613
841.000 0.614
842.000 0.615
843.000 0.616
844.000 0.616
845.000 0.617
846.000 0.617
847.000 0.617
848.000 0.617
849.000 0.618
850.000 0.618
851.000 0.618
852.000 0.619
853.000 0.619
854.000 0.619
855.000 0.619
856.000 0.619
857.000 0.621
858.000 0.621
859.000 0.621
860.000 0.621
861.000 0.622
862.000 0.622
863.000 0.623
864.000 0.622
865.000 0.623
866.000 0.623
867.000 0.624
868.000 0.624
869.000 0.625
870.000 0.625
871.000 0.625
872.000 0.626
873.000 0.626
874.000 0.627
875.000 0.627
876.000 0.627
877.000 0.627
878.000 0.627
879.000 0.628
880.000 0.628
881.000 0.629
882.000 0.629
883.000 0.629
884.000 0.630
885.000 0.631
886.000 0.632
887.000 0.632
888.000 0.633
889.000 0.633
890.000 0.634
891.000 0.634
892.000 0.634
893.000 0.635
894.000 0.634
895.000 0.635
896.000 0.635
897.000 0.634
898.000 0.635
899.000 0.636
900.000 0.636
901.000 0.636
902.000 0.637
903.000 0.637
904.000 0.638
905.000 0.638
906.000 0.639
907.000 0.639
908.000 0.640
909.000 0.640
910.000 0.640
911.000 0.640
912.000 0.641
913.000 0.641
914.000 0.642
915.000 0.643
916.000 0.643
917.000 0.644
918.000 0.644
919.000 0.644
920.000 0.645
921.000 0.644
922.000 0.645
923.000 0.645
924.000 0.646
925.000 0.646
926.000 0.646
927.000 0.645
928.000 0.645
929.000 0.644
930.000 0.644
931.000 0.644
932.000 0.645
933.000 0.644
934.000 0.643
935.000 0.642
936.000 0.643
937.000 0.640
938.000 0.641
939.000 0.644
940.000 0.641
941.000 0.641
942.000 0.643
943.000 0.642
944.000 0.643
945.000 0.644
946.000 0.644
947.000 0.640
948.000 0.641
949.000 0.642
950.000 0.642
951.000 0.642
952.000 0.643
953.000 0.644
954.000 0.645
955.000 0.645
956.000 0.645
957.000 0.645
958.000 0.643
959.000 0.641
960.000 0.644
961.000 0.644
962.000 0.644
963.000 0.647
964.000 0.649
965.000 0.650
966.000 0.650
967.000 0.648
968.000 0.648
969.000 0.650
970.000 0.651
971.000 0.650
972.000 0.651
973.000 0.651
974.000 0.651
975.000 0.651
976.000 0.651
977.000 0.650
978.000 0.650
979.000 0.649
980.000 0.649
981.000 0.651
982.000 0.652
983.000 0.653
984.000 0.654
985.000 0.655
986.000 0.655
987.000 0.654
988.000 0.655
989.000 0.654
990.000 0.655
991.000 0.659
992.000 0.661
993.000 0.660
994.000 0.660
995.000 0.660
996.000 0.660
997.000 0.661
998.000 0.662
999.000 0.660
1000.000 0.656
1001.000 0.668
1002.000 0.669
1003.000 0.669
1004.000 0.670
1005.000 0.670
1006.000 0.670
1007.000 0.670
1008.000 0.671
1009.000 0.672
1010.000 0.672
1011.000 0.671
1012.000 0.671
1013.000 0.671
1014.000 0.672
1015.000 0.672
1016.000 0.673
1017.000 0.674
1018.000 0.673
1019.000 0.673
1020.000 0.674
1021.000 0.675
1022.000 0.675
1023.000 0.675
1024.000 0.675
1025.000 0.676
1026.000 0.676
1027.000 0.677
1028.000 0.677
1029.000 0.677
1030.000 0.678
1031.000 0.677
1032.000 0.678
1033.000 0.677
1034.000 0.678
1035.000 0.679
1036.000 0.680
1037.000 0.680
1038.000 0.681
1039.000 0.680
1040.000 0.680
1041.000 0.680
1042.000 0.680
1043.000 0.680
1044.000 0.681
1045.000 0.682
1046.000 0.682
1047.000 0.684
1048.000 0.683
1049.000 0.684
1050.000 0.683
1051.000 0.682
1052.000 0.683
1053.000 0.684
1054.000 0.684
1055.000 0.686
1056.000 0.686
1057.000 0.686
1058.000 0.686
1059.000 0.686
1060.000 0.686
1061.000 0.686
1062.000 0.686
1063.000 0.687
1064.000 0.687
1065.000 0.687
1066.000 0.687
1067.000 0.686
1068.000 0.686
1069.000 0.687
1070.000 0.688
1071.000 0.688
1072.000 0.688
1073.000 0.688
1074.000 0.689
1075.000 0.689
1076.000 0.689
1077.000 0.689
1078.000 0.688
1079.000 0.688
1080.000 0.688
1081.000 0.687
1082.000 0.687
1083.000 0.688
1084.000 0.688
1085.000 0.688
1086.000 0.689
1087.000 0.688
1088.000 0.689
1089.000 0.690
1090.000 0.690
1091.000 0.690
1092.000 0.691
1093.000 0.691
1094.000 0.690
1095.000 0.691
1096.000 0.690
1097.000 0.690
1098.000 0.690
1099.000 0.689
1100.000 0.690
1101.000 0.690
1102.000 0.690
1103.000 0.690
1104.000 0.690
1105.000 0.690
1106.000 0.690
1107.000 0.689
1108.000 0.690
1109.000 0.691
1110.000 0.691
1111.000 0.690
1112.000 0.690
1113.000 0.689
1114.000 0.688
1115.000 0.688
1116.000 0.689
1117.000 0.689
1118.000 0.689
1119.000 0.691
1120.000 0.692
1121.000 0.691
1122.000 0.693
1123.000 0.693
1124.000 0.690
1125.000 0.689
1126.000 0.690
1127.000 0.693
1128.000 0.692
1129.000 0.692
1130.000 0.691
1131.000 0.691
1132.000 0.692
1133.000 0.691
1134.000 0.693
1135.000 0.695
1136.000 0.694
1137.000 0.694
1138.000 0.694
1139.000 0.692
1140.000 0.690
1141.000 0.688
1142.000 0.687
1143.000 0.687
1144.000 0.686
1145.000 0.687
1146.000 0.687
1147.000 0.686
1148.000 0.685
1149.000 0.685
1150.000 0.684
1151.000 0.683
1152.000 0.684
1153.000 0.683
1154.000 0.683
1155.000 0.684
1156.000 0.685
1157.000 0.684
1158.000 0.684
1159.000 0.684
1160.000 0.684
1161.000 0.684
1162.000 0.685
1163.000 0.685
1164.000 0.685
1165.000 0.685
1166.000 0.686
1167.000 0.686
1168.000 0.686
1169.000 0.687
1170.000 0.687
1171.000 0.688
1172.000 0.688
1173.000 0.688
1174.000 0.688
1175.000 0.689
1176.000 0.689
1177.000 0.690
1178.000 0.690
1179.000 0.690
1180.000 0.690
1181.000 0.691
1182.000 0.692
1183.000 0.692
1184.000 0.692
1185.000 0.693
1186.000 0.693
1187.000 0.693
1188.000 0.693
1189.000 0.693
1190.000 0.693
1191.000 0.694
1192.000 0.694
1193.000 0.696
1194.000 0.697
1195.000 0.697
1196.000 0.696
1197.000 0.696
1198.000 0.697
1199.000 0.697
1200.000 0.697
1201.000 0.697
1202.000 0.696
1203.000 0.697
1204.000 0.697
1205.000 0.697
1206.000 0.698
1207.000 0.700
1208.000 0.699
1209.000 0.701
1210.000 0.701
1211.000 0.701
1212.000 0.702
1213.000 0.702
1214.000 0.702
1215.000 0.703
1216.000 0.703
1217.000 0.703
1218.000 0.703
1219.000 0.704
1220.000 0.703
1221.000 0.704
1222.000 0.703
1223.000 0.702
1224.000 0.702
1225.000 0.702
1226.000 0.702
1227.000 0.702
1228.000 0.703
1229.000 0.703
1230.000 0.703
1231.000 0.704
1232.000 0.704
1233.000 0.705
1234.000 0.706
1235.000 0.707
1236.000 0.707
1237.000 0.707
1238.000 0.708
1239.000 0.708
1240.000 0.708
1241.000 0.708
1242.000 0.707
1243.000 0.707
1244.000 0.708
1245.000 0.708
1246.000 0.709
1247.000 0.709
1248.000 0.709
1249.000 0.710
1250.000 0.710
1251.000 0.710
1252.000 0.711
1253.000 0.711
1254.000 0.712
1255.000 0.711
1256.000 0.712
1257.000 0.711
1258.000 0.711
1259.000 0.711
1260.000 0.711
1261.000 0.712
1262.000 0.712
1263.000 0.711
1264.000 0.712
1265.000 0.713
1266.000 0.713
1267.000 0.713
1268.000 0.714
1269.000 0.714
1270.000 0.713
1271.000 0.714
1272.000 0.715
1273.000 0.716
1274.000 0.716
1275.000 0.716
1276.000 0.716
1277.000 0.717
1278.000 0.717
1279.000 0.718
1280.000 0.719
1281.000 0.719
1282.000 0.719
1283.000 0.720
1284.000 0.719
1285.000 0.720
1286.000 0.720
1287.000 0.720
1288.000 0.720
1289.000 0.720
1290.000 0.719
1291.000 0.719
1292.000 0.719
1293.000 0.719
1294.000 0.720
1295.000 0.720
1296.000 0.719
1297.000 0.719
1298.000 0.719
1299.000 0.718
1300.000 0.717
1301.000 0.717
1302.000 0.716
1303.000 0.716
1304.000 0.715
1305.000 0.715
1306.000 0.714
1307.000 0.713
1308.000 0.713
1309.000 0.713
1310.000 0.713
1311.000 0.712
1312.000 0.711
1313.000 0.710
1314.000 0.709
1315.000 0.707
1316.000 0.707
1317.000 0.706
1318.000 0.704
1319.000 0.704
1320.000 0.704
1321.000 0.703
1322.000 0.702
1323.000 0.701
1324.000 0.699
1325.000 0.698
1326.000 0.698
1327.000 0.696
1328.000 0.694
1329.000 0.692
1330.000 0.690
1331.000 0.687
1332.000 0.685
1333.000 0.683
1334.000 0.677
1335.000 0.675
1336.000 0.675
1337.000 0.674
1338.000 0.673
1339.000 0.673
1340.000 0.672
1341.000 0.671
1342.000 0.671
1343.000 0.671
1344.000 0.672
1345.000 0.672
1346.000 0.674
1347.000 0.674
1348.000 0.674
1349.000 0.675
1350.000 0.675
1351.000 0.672
1352.000 0.679
1353.000 0.701
1354.000 0.714
1355.000 0.725
1356.000 0.788
1357.000 0.821
1358.000 0.804
1359.000 0.703
1360.000 0.613
1361.000 0.527
1362.000 0.445
1363.000 0.378
1364.000 0.547
1365.000 0.715
1366.000 0.728
1367.000 0.511
1368.000 0.485
1369.000 0.302
1370.000 0.239
1371.000 0.460
1372.000 0.599
1373.000 0.501
1374.000 0.341
1375.000 0.260
1376.000 0.169
1377.000 0.195
1378.000 0.312
1379.000 0.325
1380.000 0.349
1381.000 0.476
1382.000 0.441
1383.000 0.353
1384.000 0.418
1385.000 0.480
1386.000 0.489
1387.000 0.539
1388.000 0.328
1389.000 0.402
1390.000 0.610
1391.000 0.623
1392.000 0.566
1393.000 0.527
1394.000 0.525
1395.000 0.686
1396.000 0.693
1397.000 0.683
1398.000 0.672
1399.000 0.643
1400.000 0.611
1401.000 0.605
1402.000 0.571
1403.000 0.557
1404.000 0.595
1405.000 0.572
1406.000 0.584
1407.000 0.551
1408.000 0.585
1409.000 0.594
1410.000 0.611
1411.000 0.527
1412.000 0.524
1413.000 0.518
1414.000 0.506
1415.000 0.510
1416.000 0.450
1417.000 0.368
1418.000 0.331
1419.000 0.303
1420.000 0.309
1421.000 0.338
1422.000 0.367
1423.000 0.461
1424.000 0.453
1425.000 0.384
1426.000 0.353
1427.000 0.292
1428.000 0.284
1429.000 0.308
1430.000 0.323
1431.000 0.364
1432.000 0.388
1433.000 0.401
1434.000 0.406
1435.000 0.400
1436.000 0.389
1437.000 0.359
1438.000 0.354
1439.000 0.348
1440.000 0.360
1441.000 0.421
1442.000 0.440
1443.000 0.437
1444.000 0.439
1445.000 0.422
1446.000 0.411
1447.000 0.419
1448.000 0.403
1449.000 0.378
1450.000 0.352
1451.000 0.332
1452.000 0.320
1453.000 0.318
1454.000 0.327
1455.000 0.324
1456.000 0.324
1457.000 0.319
1458.000 0.305
1459.000 0.304
1460.000 0.308
1461.000 0.309
1462.000 0.316
1463.000 0.318
1464.000 0.313
1465.000 0.313
1466.000 0.316
1467.000 0.318
1468.000 0.317
1469.000 0.326
1470.000 0.348
1471.000 0.353
1472.000 0.357
1473.000 0.354
1474.000 0.334
1475.000 0.325
1476.000 0.320
1477.000 0.319
1478.000 0.318
1479.000 0.320
1480.000 0.329
1481.000 0.330
1482.000 0.329
1483.000 0.329
1484.000 0.327
1485.000 0.327
1486.000 0.330
1487.000 0.332
1488.000 0.332
1489.000 0.333
1490.000 0.333
1491.000 0.334
1492.000 0.335
1493.000 0.337
1494.000 0.337
1495.000 0.339
1496.000 0.343
1497.000 0.347
1498.000 0.350
1499.000 0.356
1500.000 0.356
1501.000 0.356
1502.000 0.360
1503.000 0.365
1504.000 0.371
1505.000 0.375
1506.000 0.376
1507.000 0.374
1508.000 0.376
1509.000 0.377
1510.000 0.379
1511.000 0.382
1512.000 0.385
1513.000 0.386
1514.000 0.388
1515.000 0.390
1516.000 0.392
1517.000 0.392
1518.000 0.394
1519.000 0.397
1520.000 0.399
1521.000 0.403
1522.000 0.406
1523.000 0.407
1524.000 0.408
1525.000 0.409
1526.000 0.410
1527.000 0.411
1528.000 0.413
1529.000 0.415
1530.000 0.417
1531.000 0.417
1532.000 0.420
1533.000 0.426
1534.000 0.428
1535.000 0.432
1536.000 0.434
1537.000 0.430
1538.000 0.431
1539.000 0.431
1540.000 0.434
1541.000 0.438
1542.000 0.441
1543.000 0.444
1544.000 0.445
1545.000 0.442
1546.000 0.444
1547.000 0.448
1548.000 0.451
1549.000 0.458
1550.000 0.461
1551.000 0.461
1552.000 0.464
1553.000 0.465
1554.000 0.467
1555.000 0.470
1556.000 0.473
1557.000 0.473
1558.000 0.475
1559.000 0.477
1560.000 0.479
1561.000 0.482
1562.000 0.483
1563.000 0.483
1564.000 0.484
1565.000 0.485
1566.000 0.485
1567.000 0.484
1568.000 0.486
1569.000 0.489
1570.000 0.491
1571.000 0.493
1572.000 0.495
1573.000 0.494
1574.000 0.495
1575.000 0.498
1576.000 0.500
1577.000 0.499
1578.000 0.501
1579.000 0.504
1580.000 0.506
1581.000 0.508
1582.000 0.509
1583.000 0.508
1584.000 0.508
1585.000 0.511
1586.000 0.513
1587.000 0.513
1588.000 0.515
1589.000 0.516
1590.000 0.517
1591.000 0.521
1592.000 0.523
1593.000 0.522
1594.000 0.523
1595.000 0.526
1596.000 0.528
1597.000 0.531
1598.000 0.533
1599.000 0.533
1600.000 0.534
1601.000 0.535
1602.000 0.535
1603.000 0.533
1604.000 0.534
1605.000 0.536
1606.000 0.537
1607.000 0.539
1608.000 0.542
1609.000 0.546
1610.000 0.547
1611.000 0.549
1612.000 0.550
1613.000 0.545
1614.000 0.545
1615.000 0.548
1616.000 0.550
1617.000 0.553
1618.000 0.555
1619.000 0.554
1620.000 0.554
1621.000 0.552
1622.000 0.552
1623.000 0.551
1624.000 0.553
1625.000 0.557
1626.000 0.559
1627.000 0.561
1628.000 0.562
1629.000 0.559
1630.000 0.559
1631.000 0.560
1632.000 0.560
1633.000 0.562
1634.000 0.564
1635.000 0.566
1636.000 0.566
1637.000 0.566
1638.000 0.566
1639.000 0.566
1640.000 0.568
1641.000 0.572
1642.000 0.573
1643.000 0.574
1644.000 0.574
1645.000 0.572
1646.000 0.572
1647.000 0.571
1648.000 0.572
1649.000 0.575
1650.000 0.575
1651.000 0.576
1652.000 0.576
1653.000 0.576
1654.000 0.575
1655.000 0.576
1656.000 0.575
1657.000 0.572
1658.000 0.571
1659.000 0.571
1660.000 0.571
1661.000 0.575
1662.000 0.577
1663.000 0.578
1664.000 0.580
1665.000 0.582
1666.000 0.583
1667.000 0.582
1668.000 0.582
1669.000 0.582
1670.000 0.582
1671.000 0.580
1672.000 0.581
1673.000 0.582
1674.000 0.582
1675.000 0.584
1676.000 0.585
1677.000 0.586
1678.000 0.587
1679.000 0.589
1680.000 0.589
1681.000 0.585
1682.000 0.585
1683.000 0.585
1684.000 0.585
1685.000 0.588
1686.000 0.589
1687.000 0.587
1688.000 0.587
1689.000 0.588
1690.000 0.589
1691.000 0.590
1692.000 0.590
1693.000 0.590
1694.000 0.590
1695.000 0.592
1696.000 0.591
1697.000 0.589
1698.000 0.588
1699.000 0.586
1700.000 0.587
1701.000 0.590
1702.000 0.590
1703.000 0.590
1704.000 0.590
1705.000 0.591
1706.000 0.590
1707.000 0.587
1708.000 0.585
1709.000 0.580
1710.000 0.580
1711.000 0.581
1712.000 0.584
1713.000 0.588
1714.000 0.588
1715.000 0.589
1716.000 0.588
1717.000 0.584
1718.000 0.584
1719.000 0.587
1720.000 0.591
1721.000 0.593
1722.000 0.591
1723.000 0.587
1724.000 0.582
1725.000 0.580
1726.000 0.579
1727.000 0.575
1728.000 0.575
1729.000 0.577
1730.000 0.574
1731.000 0.575
1732.000 0.575
1733.000 0.571
1734.000 0.574
1735.000 0.579
1736.000 0.577
1737.000 0.574
1738.000 0.566
1739.000 0.562
1740.000 0.562
1741.000 0.561
1742.000 0.557
1743.000 0.557
1744.000 0.560
1745.000 0.560
1746.000 0.566
1747.000 0.567
1748.000 0.564
1749.000 0.560
1750.000 0.554
1751.000 0.552
1752.000 0.552
1753.000 0.552
1754.000 0.552
1755.000 0.553
1756.000 0.551
1757.000 0.551
1758.000 0.553
1759.000 0.557
1760.000 0.555
1761.000 0.558
1762.000 0.561
1763.000 0.558
1764.000 0.560
1765.000 0.555
1766.000 0.545
1767.000 0.541
1768.000 0.533
1769.000 0.531
1770.000 0.533
1771.000 0.537
1772.000 0.539
1773.000 0.539
1774.000 0.539
1775.000 0.535
1776.000 0.536
1777.000 0.537
1778.000 0.546
1779.000 0.558
1780.000 0.556
1781.000 0.549
1782.000 0.531
1783.000 0.517
1784.000 0.511
1785.000 0.511
1786.000 0.513
1787.000 0.512
1788.000 0.515
1789.000 0.528
1790.000 0.535
1791.000 0.541
1792.000 0.537
1793.000 0.532
1794.000 0.525
1795.000 0.523
1796.000 0.545
1797.000 0.563
1798.000 0.565
1799.000 0.583
1800.000 0.566
1801.000 0.529
1802.000 0.521
1803.000 0.537
1804.000 0.529
1805.000 0.559
1806.000 0.565
1807.000 0.573
1808.000 0.583
1809.000 0.590
1810.000 0.602
1811.000 0.557
1812.000 0.538
1813.000 0.485
1814.000 0.484
1815.000 0.487
1816.000 0.521
1817.000 0.582
1818.000 0.664
1819.000 0.776
1820.000 0.834
1821.000 0.910
1822.000 0.849
1823.000 0.808
1824.000 0.796
1825.000 0.636
1826.000 0.471
1827.000 0.423
1828.000 0.558
1829.000 0.448
1830.000 0.484
1831.000 0.533
1832.000 0.481
1833.000 0.465
1834.000 0.536
1835.000 0.590
1836.000 0.542
1837.000 0.607
1838.000 0.753
1839.000 0.566
1840.000 0.587
1841.000 0.445
1842.000 0.442
1843.000 0.405
1844.000 0.413
1845.000 0.383
1846.000 0.342
1847.000 0.497
1848.000 0.630
1849.000 0.611
1850.000 0.558
1851.000 0.507
1852.000 0.573
1853.000 0.619
1854.000 0.609
1855.000 0.494
1856.000 0.467
1857.000 0.506
1858.000 0.479
1859.000 0.470
1860.000 0.536
1861.000 0.635
1862.000 0.525
1863.000 0.389
1864.000 0.400
1865.000 0.401
1866.000 0.334
1867.000 0.422
1868.000 0.629
1869.000 0.730
1870.000 0.523
1871.000 0.454
1872.000 0.368
1873.000 0.519
1874.000 0.415
1875.000 0.267
1876.000 0.198
1877.000 0.323
1878.000 0.504
1879.000 0.545
1880.000 0.639
1881.000 0.547
1882.000 0.505
1883.000 0.539
1884.000 0.556
1885.000 0.532
1886.000 0.566
1887.000 0.562
1888.000 0.606
1889.000 0.636
1890.000 0.654
1891.000 0.441
1892.000 0.513
1893.000 0.669
1894.000 0.653
1895.000 0.641
1896.000 0.501
1897.000 0.514
1898.000 0.390
1899.000 0.409
1900.000 0.372
1901.000 0.334
1902.000 0.316
1903.000 0.433
1904.000 0.345
1905.000 0.445
1906.000 0.588
1907.000 0.564
1908.000 0.472
1909.000 0.443
1910.000 0.438
1911.000 0.422
1912.000 0.459
1913.000 0.450
1914.000 0.449
1915.000 0.431
1916.000 0.536
1917.000 0.367
1918.000 0.444
1919.000 0.203
1920.000 0.198
1921.000 0.355
1922.000 0.415
1923.000 0.475
1924.000 0.373
1925.000 0.327
1926.000 0.352
1927.000 0.365
1928.000 0.399
1929.000 0.385
1930.000 0.306
1931.000 0.272
1932.000 0.460
1933.000 0.552
1934.000 0.444
1935.000 0.364
1936.000 0.442
1937.000 0.365
1938.000 0.391
1939.000 0.463
1940.000 0.467
1941.000 0.722
1942.000 0.515
1943.000 0.426
1944.000 0.585
1945.000 0.466
1946.000 0.429
1947.000 0.352
1948.000 0.367
1949.000 0.361
1950.000 0.290
1951.000 0.309
1952.000 0.377
1953.000 0.506
1954.000 0.552
1955.000 0.598
1956.000 0.595
1957.000 0.559
1958.000 0.655
1959.000 0.624
1960.000 0.429
1961.000 0.338
1962.000 0.324
1963.000 0.317
1964.000 0.337
1965.000 0.218
1966.000 0.082
1967.000 0.197
1968.000 0.276
1969.000 0.299
1970.000 0.309
1971.000 0.376
1972.000 0.430
1973.000 0.421
1974.000 0.404
1975.000 0.393
1976.000 0.396
1977.000 0.321
1978.000 0.298
1979.000 0.237
1980.000 0.210
1981.000 0.197
1982.000 0.177
1983.000 0.179
1984.000 0.182
1985.000 0.176
1986.000 0.186
1987.000 0.225
1988.000 0.252
1989.000 0.281
1990.000 0.295
1991.000 0.305
1992.000 0.272
1993.000 0.257
1994.000 0.240
1995.000 0.211
1996.000 0.201
1997.000 0.208
1998.000 0.220
1999.000 0.221
2000.000 0.230
2001.000 0.231
2002.000 0.205
2003.000 0.214
2004.000 0.248
2005.000 0.250
2006.000 0.237
2007.000 0.270
2008.000 0.208
2009.000 0.216
2010.000 0.252
2011.000 0.243
2012.000 0.299
2013.000 0.386
2014.000 0.354
2015.000 0.375
2016.000 0.364
2017.000 0.344
2018.000 0.331
2019.000 0.300
2020.000 0.323
2021.000 0.366
2022.000 0.350
2023.000 0.322
2024.000 0.286
2025.000 0.257
2026.000 0.270
2027.000 0.261
2028.000 0.245
2029.000 0.247
2030.000 0.244
2031.000 0.246
2032.000 0.276
2033.000 0.284
2034.000 0.278
2035.000 0.271
2036.000 0.259
2037.000 0.253
2038.000 0.259
2039.000 0.282
2040.000 0.309
2041.000 0.323
2042.000 0.317
2043.000 0.275
2044.000 0.271
2045.000 0.268
2046.000 0.275
2047.000 0.314
2048.000 0.355
2049.000 0.406
2050.000 0.394
2051.000 0.414
2052.000 0.397
2053.000 0.450
2054.000 0.413
2055.000 0.401
2056.000 0.379
2057.000 0.364
2058.000 0.376
2059.000 0.355
2060.000 0.316
2061.000 0.310
2062.000 0.317
2063.000 0.317
2064.000 0.324
2065.000 0.323
2066.000 0.307
2067.000 0.300
2068.000 0.308
2069.000 0.302
2070.000 0.328
2071.000 0.375
2072.000 0.372
2073.000 0.342
2074.000 0.325
2075.000 0.279
2076.000 0.272
2077.000 0.290
2078.000 0.296
2079.000 0.302
2080.000 0.310
2081.000 0.320
2082.000 0.324
2083.000 0.317
2084.000 0.316
2085.000 0.302
2086.000 0.275
2087.000 0.271
2088.000 0.279
2089.000 0.278
2090.000 0.281
2091.000 0.286
2092.000 0.297
2093.000 0.301
2094.000 0.308
2095.000 0.313
2096.000 0.308
2097.000 0.306
2098.000 0.303
2099.000 0.306
2100.000 0.306
2101.000 0.308
2102.000 0.308
2103.000 0.306
2104.000 0.307
2105.000 0.301
2106.000 0.308
2107.000 0.335
2108.000 0.342
2109.000 0.346
2110.000 0.346
2111.000 0.322
2112.000 0.318
2113.000 0.332
2114.000 0.332
2115.000 0.324
2116.000 0.326
2117.000 0.329
2118.000 0.322
2119.000 0.332
2120.000 0.339
2121.000 0.346
2122.000 0.371
2123.000 0.376
2124.000 0.379
2125.000 0.379
2126.000 0.358
2127.000 0.355
2128.000 0.362
2129.000 0.367
2130.000 0.377
2131.000 0.380
2132.000 0.388
2133.000 0.387
2134.000 0.369
2135.000 0.364
2136.000 0.373
2137.000 0.356
2138.000 0.343
2139.000 0.333
2140.000 0.331
2141.000 0.329
2142.000 0.337
2143.000 0.381
2144.000 0.388
2145.000 0.374
2146.000 0.374
2147.000 0.358
2148.000 0.360
2149.000 0.378
2150.000 0.398
2151.000 0.449
2152.000 0.470
2153.000 0.482
2154.000 0.490
2155.000 0.480
2156.000 0.438
2157.000 0.425
2158.000 0.406
2159.000 0.390
2160.000 0.383
2161.000 0.373
2162.000 0.368
2163.000 0.364
2164.000 0.360
2165.000 0.356
2166.000 0.355
2167.000 0.351
2168.000 0.342
2169.000 0.337
2170.000 0.330
2171.000 0.331
2172.000 0.341
2173.000 0.346
2174.000 0.350
2175.000 0.356
2176.000 0.363
2177.000 0.368
2178.000 0.368
2179.000 0.374
2180.000 0.374
2181.000 0.373
2182.000 0.386
2183.000 0.392
2184.000 0.390
2185.000 0.376
2186.000 0.374
2187.000 0.371
2188.000 0.377
2189.000 0.400
2190.000 0.418
2191.000 0.447
2192.000 0.458
2193.000 0.468
2194.000 0.457
2195.000 0.403
2196.000 0.393
2197.000 0.397
2198.000 0.397
2199.000 0.447
2200.000 0.452
2201.000 0.420
2202.000 0.389
2203.000 0.366
2204.000 0.352
2205.000 0.372
2206.000 0.405
2207.000 0.436
2208.000 0.470
2209.000 0.464
2210.000 0.407
2211.000 0.405
2212.000 0.405
2213.000 0.412
2214.000 0.468
2215.000 0.477
2216.000 0.453
2217.000 0.437
2218.000 0.398
2219.000 0.382
2220.000 0.374
2221.000 0.363
2222.000 0.359
2223.000 0.358
2224.000 0.355
2225.000 0.356
2226.000 0.367
2227.000 0.367
2228.000 0.371
2229.000 0.379
2230.000 0.399
2231.000 0.428
2232.000 0.433
2233.000 0.426
2234.000 0.409
2235.000 0.394
2236.000 0.401
2237.000 0.406
2238.000 0.408
2239.000 0.411
2240.000 0.423
2241.000 0.445
2242.000 0.456
2243.000 0.454
2244.000 0.448
2245.000 0.430
2246.000 0.415
2247.000 0.402
2248.000 0.395
2249.000 0.399
2250.000 0.394
2251.000 0.393
2252.000 0.380
2253.000 0.346
2254.000 0.334
2255.000 0.326
2256.000 0.323
2257.000 0.319
2258.000 0.346
2259.000 0.377
2260.000 0.367
2261.000 0.345
2262.000 0.328
2263.000 0.308
2264.000 0.291
2265.000 0.310
2266.000 0.336
2267.000 0.343
2268.000 0.357
2269.000 0.352
2270.000 0.340
2271.000 0.326
2272.000 0.319
2273.000 0.323
2274.000 0.326
2275.000 0.338
2276.000 0.375
2277.000 0.397
2278.000 0.422
2279.000 0.436
2280.000 0.460
2281.000 0.436
2282.000 0.360
2283.000 0.344
2284.000 0.333
2285.000 0.331
2286.000 0.362
2287.000 0.385
2288.000 0.402
2289.000 0.422
2290.000 0.427
2291.000 0.389
2292.000 0.389
2293.000 0.383
2294.000 0.358
2295.000 0.339
2296.000 0.325
2297.000 0.347
2298.000 0.362
2299.000 0.367
2300.000 0.384
2301.000 0.404
2302.000 0.389
2303.000 0.399
2304.000 0.378
2305.000 0.333
2306.000 0.333
2307.000 0.312
2308.000 0.290
2309.000 0.289
2310.000 0.282
2311.000 0.283
2312.000 0.319
2313.000 0.384
2314.000 0.404
2315.000 0.371
2316.000 0.360
2317.000 0.331
2318.000 0.333
2319.000 0.396
2320.000 0.373
2321.000 0.355
2322.000 0.364
2323.000 0.356
2324.000 0.430
2325.000 0.472
2326.000 0.509
2327.000 0.406
2328.000 0.353
2329.000 0.336
2330.000 0.371
2331.000 0.388
2332.000 0.381
2333.000 0.336
2334.000 0.360
2335.000 0.401
2336.000 0.449
2337.000 0.430
2338.000 0.383
2339.000 0.278
2340.000 0.242
2341.000 0.248
2342.000 0.229
2343.000 0.229
2344.000 0.245
2345.000 0.270
2346.000 0.280
2347.000 0.293
2348.000 0.298
2349.000 0.272
2350.000 0.247
2351.000 0.307
2352.000 0.385
2353.000 0.403
2354.000 0.413
2355.000 0.439
2356.000 0.450
2357.000 0.368
2358.000 0.280
2359.000 0.298
2360.000 0.342
2361.000 0.363
2362.000 0.305
2363.000 0.308
2364.000 0.310
2365.000 0.270
2366.000 0.241
2367.000 0.194
2368.000 0.170
2369.000 0.247
2370.000 0.319
2371.000 0.460
2372.000 0.327
2373.000 0.346
2374.000 0.226
2375.000 0.261
2376.000 0.166
2377.000 0.196
2378.000 0.199
2379.000 0.159
2380.000 0.137
2381.000 0.193
2382.000 0.185
2383.000 0.177
2384.000 0.143
2385.000 0.177
2386.000 0.193
2387.000 0.313
2388.000 0.360
2389.000 0.307
2390.000 0.270
2391.000 0.341
2392.000 0.272
2393.000 0.280
2394.000 0.220
2395.000 0.196
2396.000 0.252
2397.000 0.322
2398.000 0.380
2399.000 0.340
2400.000 0.296
2401.000 0.396
2402.000 0.278
2403.000 0.211
2404.000 0.174
2405.000 0.182
2406.000 0.098
2407.000 0.119
2408.000 0.134
2409.000 0.137
2410.000 0.195
2411.000 0.294
2412.000 0.299
2413.000 0.409
2414.000 0.447
2415.000 0.428
2416.000 0.444
2417.000 0.523
2418.000 0.472
2419.000 0.391
2420.000 0.222
2421.000 0.292
2422.000 0.245
2423.000 0.299
2424.000 0.457
2425.000 0.405
2426.000 0.393
2427.000 0.461
2428.000 0.365
2429.000 0.157
2430.000 0.326
2431.000 0.538
2432.000 0.396
2433.000 0.277
2434.000 0.224
2435.000 0.322
2436.000 0.430
2437.000 0.264
2438.000 0.410
2439.000 0.568
2440.000 0.422
2441.000 0.399
2442.000 0.356
2443.000 0.294
2444.000 0.297
2445.000 0.329
2446.000 0.257
2447.000 0.239
2448.000 0.226
2449.000 0.197
2450.000 0.211
2451.000 0.286
2452.000 0.324
2453.000 0.245
2454.000 0.266
2455.000 0.289
2456.000 0.597
2457.000 0.535
2458.000 0.454
2459.000 0.407
2460.000 0.363
2461.000 0.462
2462.000 0.428
2463.000 0.387
2464.000 0.425
2465.000 0.514
2466.000 0.621
2467.000 0.503
2468.000 0.440
2469.000 0.416
2470.000 0.264
2471.000 0.510
2472.000 0.599
2473.000 0.429
2474.000 0.270
2475.000 0.458
2476.000 0.447
2477.000 0.412
2478.000 0.572
2479.000 0.529
2480.000 0.476
2481.000 0.725
2482.000 0.505
2483.000 0.551
2484.000 0.562
2485.000 0.530
2486.000 0.343
2487.000 0.371
2488.000 0.453
2489.000 0.300
2490.000 0.274
2491.000 0.358
2492.000 0.548
2493.000 0.428
2494.000 0.346
2495.000 0.657
2496.000 0.872
2497.000 0.521
2498.000 0.444
2499.000 0.310
2500.000 0.337
