391.000 0.108
392.000 0.107
393.000 0.115
394.000 0.131
395.000 0.112
396.000 0.106
397.000 0.120
398.000 0.114
399.000 0.127
400.000 0.130
401.000 0.112
402.000 0.118
403.000 0.113
404.000 0.105
405.000 0.111
406.000 0.120
407.000 0.121
408.000 0.116
409.000 0.117
410.000 0.109
411.000 0.104
412.000 0.107
413.000 0.115
414.000 0.116
415.000 0.114
416.000 0.111
417.000 0.106
418.000 0.111
419.000 0.120
420.000 0.119
421.000 0.116
422.000 0.116
423.000 0.116
424.000 0.115
425.000 0.119
426.000 0.122
427.000 0.118
428.000 0.113
429.000 0.116
430.000 0.121
431.000 0.119
432.000 0.118
433.000 0.117
434.000 0.116
435.000 0.121
436.000 0.121
437.000 0.117
438.000 0.117
439.000 0.114
440.000 0.115
441.000 0.118
442.000 0.117
443.000 0.117
444.000 0.113
445.000 0.108
446.000 0.115
447.000 0.116
448.000 0.115
449.000 0.118
450.000 0.120
451.000 0.120
452.000 0.117
453.000 0.115
454.000 0.117
455.000 0.120
456.000 0.121
457.000 0.119
458.000 0.117
459.000 0.118
460.000 0.122
461.000 0.123
462.000 0.123
463.000 0.122
464.000 0.121
465.000 0.122
466.000 0.122
467.000 0.119
468.000 0.120
469.000 0.119
470.000 0.117
471.000 0.120
472.000 0.120
473.000 0.120
474.000 0.122
475.000 0.121
476.000 0.121
477.000 0.123
478.000 0.123
479.000 0.119
480.000 0.117
481.000 0.118
482.000 0.121
483.000 0.121
484.000 0.123
485.000 0.124
486.000 0.124
487.000 0.122
488.000 0.119
489.000 0.118
490.000 0.123
491.000 0.124
492.000 0.122
493.000 0.123
494.000 0.121
495.000 0.123
496.000 0.125
497.000 0.121
498.000 0.121
499.000 0.123
500.000 0.125
501.000 0.122
502.000 0.121
503.000 0.123
504.000 0.127
505.000 0.126
506.000 0.125
507.000 0.126
508.000 0.127
509.000 0.129
510.000 0.130
511.000 0.127
512.000 0.130
513.000 0.133
514.000 0.136
515.000 0.141
516.000 0.143
517.000 0.143
518.000 0.146
519.000 0.147
520.000 0.151
521.000 0.157
522.000 0.163
523.000 0.164
524.000 0.166
525.000 0.169
526.000 0.172
527.000 0.176
528.000 0.179
529.000 0.183
530.000 0.186
531.000 0.187
532.000 0.189
533.000 0.192
534.000 0.194
535.000 0.196
536.000 0.198
537.000 0.199
538.000 0.199
539.000 0.200
540.000 0.203
541.000 0.203
542.000 0.203
543.000 0.203
544.000 0.203
545.000 0.203
546.000 0.204
547.000 0.205
548.000 0.204
549.000 0.204
550.000 0.204
551.000 0.204
552.000 0.204
553.000 0.205
554.000 0.205
555.000 0.205
556.000 0.204
557.000 0.202
558.000 0.201
559.000 0.200
560.000 0.198
561.000 0.196
562.000 0.195
563.000 0.194
564.000 0.192
565.000 0.190
566.000 0.188
567.000 0.185
568.000 0.182
569.000 0.180
570.000 0.178
571.000 0.175
572.000 0.172
573.000 0.171
574.000 0.169
575.000 0.166
576.000 0.166
577.000 0.164
578.000 0.163
579.000 0.161
580.000 0.161
581.000 0.159
582.000 0.156
583.000 0.154
584.000 0.154
585.000 0.153
586.000 0.152
587.000 0.152
588.000 0.152
589.000 0.151
590.000 0.148
591.000 0.147
592.000 0.148
593.000 0.148
594.000 0.147
595.000 0.149
596.000 0.149
597.000 0.146
598.000 0.143
599.000 0.143
600.000 0.144
601.000 0.145
602.000 0.143
603.000 0.142
604.000 0.141
605.000 0.141
606.000 0.143
607.000 0.142
608.000 0.139
609.000 0.140
610.000 0.142
611.000 0.142
612.000 0.138
613.000 0.139
614.000 0.138
615.000 0.134
616.000 0.134
617.000 0.138
618.000 0.138
619.000 0.133
620.000 0.131
621.000 0.134
622.000 0.137
623.000 0.135
624.000 0.136
625.000 0.136
626.000 0.136
627.000 0.138
628.000 0.137
629.000 0.136
630.000 0.138
631.000 0.139
632.000 0.137
633.000 0.135
634.000 0.134
635.000 0.135
636.000 0.135
637.000 0.133
638.000 0.135
639.000 0.134
640.000 0.133
641.000 0.132
642.000 0.131
643.000 0.131
644.000 0.132
645.000 0.131
646.000 0.130
647.000 0.130
648.000 0.132
649.000 0.133
650.000 0.131
651.000 0.130
652.000 0.134
653.000 0.133
654.000 0.131
655.000 0.133
656.000 0.135
657.000 0.134
658.000 0.133
659.000 0.135
660.000 0.139
661.000 0.139
662.000 0.136
663.000 0.135
664.000 0.139
665.000 0.143
666.000 0.144
667.000 0.147
668.000 0.145
669.000 0.145
670.000 0.151
671.000 0.150
672.000 0.148
673.000 0.149
674.000 0.152
675.000 0.157
676.000 0.159
677.000 0.159
678.000 0.163
679.000 0.165
680.000 0.164
681.000 0.162
682.000 0.165
683.000 0.166
684.000 0.164
685.000 0.167
686.000 0.171
687.000 0.175
688.000 0.177
689.000 0.171
690.000 0.168
691.000 0.168
692.000 0.170
693.000 0.174
694.000 0.180
695.000 0.186
696.000 0.191
697.000 0.196
698.000 0.199
699.000 0.208
700.000 0.219
701.000 0.230
702.000 0.241
703.000 0.250
704.000 0.261
705.000 0.272
706.000 0.281
707.000 0.293
708.000 0.304
709.000 0.315
710.000 0.327
711.000 0.338
712.000 0.348
713.000 0.359
714.000 0.369
715.000 0.380
716.000 0.391
717.000 0.401
718.000 0.412
719.000 0.424
720.000 0.436
721.000 0.447
722.000 0.456
723.000 0.465
724.000 0.476
725.000 0.485
726.000 0.494
727.000 0.503
728.000 0.512
729.000 0.521
730.000 0.529
731.000 0.537
732.000 0.544
733.000 0.551
734.000 0.558
735.000 0.564
736.000 0.572
737.000 0.577
738.000 0.582
739.000 0.588
740.000 0.592
741.000 0.597
742.000 0.600
743.000 0.604
744.000 0.607
745.000 0.611
746.000 0.614
747.000 0.616
748.000 0.619
749.000 0.621
750.000 0.623
751.000 0.625
752.000 0.627
753.000 0.629
754.000 0.630
755.000 0.632
756.000 0.633
757.000 0.634
758.000 0.635
759.000 0.636
760.000 0.635
761.000 0.634
762.000 0.635
763.000 0.636
764.000 0.636
765.000 0.638
766.000 0.639
767.000 0.640
768.000 0.641
769.000 0.642
770.000 0.642
771.000 0.643
772.000 0.643
773.000 0.644
774.000 0.644
775.000 0.644
776.000 0.645
777.000 0.645
778.000 0.645
779.000 0.645
780.000 0.645
781.000 0.646
782.000 0.646
783.000 0.647
784.000 0.647
785.000 0.647
786.000 0.647
787.000 0.647
788.000 0.647
789.000 0.647
790.000 0.648
791.000 0.648
792.000 0.648
793.000 0.648
794.000 0.649
795.000 0.649
796.000 0.649
797.000 0.649
798.000 0.650
799.000 0.650
800.000 0.650
801.000 0.650
802.000 0.651
803.000 0.651
804.000 0.651
805.000 0.651
806.000 0.652
807.000 0.652
808.000 0.653
809.000 0.652
810.000 0.653
811.000 0.652
812.000 0.652
813.000 0.653
814.000 0.652
815.000 0.652
816.000 0.652
817.000 0.652
818.000 0.652
819.000 0.653
820.000 0.654
821.000 0.654
822.000 0.654
823.000 0.655
824.000 0.655
825.000 0.656
826.000 0.656
827.000 0.656
828.000 0.656
829.000 0.656
830.000 0.657
831.000 0.657
832.000 0.658
833.000 0.658
834.000 0.658
835.000 0.659
836.000 0.659
837.000 0.660
838.000 0.660
839.000 0.660
840.000 0.660
841.000 0.661
842.000 0.661
843.000 0.662
844.000 0.662
845.000 0.662
846.000 0.663
847.000 0.663
848.000 0.663
849.000 0.663
850.000 0.663
851.000 0.664
852.000 0.664
853.000 0.664
854.000 0.664
855.000 0.665
856.000 0.665
857.000 0.665
858.000 0.666
859.000 0.666
860.000 0.666
861.000 0.666
862.000 0.666
863.000 0.667
864.000 0.667
865.000 0.667
866.000 0.667
867.000 0.667
868.000 0.667
869.000 0.668
870.000 0.668
871.000 0.669
872.000 0.669
873.000 0.669
874.000 0.669
875.000 0.669
876.000 0.669
877.000 0.670
878.000 0.670
879.000 0.670
880.000 0.670
881.000 0.671
882.000 0.671
883.000 0.672
884.000 0.672
885.000 0.672
886.000 0.672
887.000 0.673
888.000 0.673
889.000 0.673
890.000 0.673
891.000 0.674
892.000 0.674
893.000 0.674
894.000 0.673
895.000 0.673
896.000 0.673
897.000 0.672
898.000 0.672
899.000 0.672
900.000 0.673
901.000 0.673
902.000 0.674
903.000 0.674
904.000 0.674
905.000 0.675
906.000 0.675
907.000 0.675
908.000 0.675
909.000 0.674
910.000 0.675
911.000 0.675
912.000 0.675
913.000 0.675
914.000 0.676
915.000 0.676
916.000 0.676
917.000 0.676
918.000 0.676
919.000 0.677
920.000 0.678
921.000 0.679
922.000 0.679
923.000 0.679
924.000 0.679
925.000 0.679
926.000 0.679
927.000 0.678
928.000 0.678
929.000 0.676
930.000 0.675
931.000 0.674
932.000 0.673
933.000 0.671
934.000 0.670
935.000 0.668
936.000 0.667
937.000 0.670
938.000 0.672
939.000 0.671
940.000 0.669
941.000 0.669
942.000 0.669
943.000 0.669
944.000 0.672
945.000 0.670
946.000 0.668
947.000 0.667
948.000 0.669
949.000 0.669
950.000 0.671
951.000 0.673
952.000 0.669
953.000 0.668
954.000 0.670
955.000 0.671
956.000 0.668
957.000 0.670
958.000 0.671
959.000 0.669
960.000 0.669
961.000 0.670
962.000 0.671
963.000 0.672
964.000 0.672
965.000 0.674
966.000 0.675
967.000 0.674
968.000 0.674
969.000 0.674
970.000 0.675
971.000 0.675
972.000 0.676
973.000 0.677
974.000 0.677
975.000 0.676
976.000 0.675
977.000 0.675
978.000 0.676
979.000 0.677
980.000 0.678
981.000 0.678
982.000 0.677
983.000 0.678
984.000 0.679
985.000 0.680
986.000 0.680
987.000 0.680
988.000 0.682
989.000 0.681
990.000 0.681
991.000 0.682
992.000 0.684
993.000 0.684
994.000 0.683
995.000 0.684
996.000 0.684
997.000 0.684
998.000 0.684
999.000 0.685
1000.000 0.686
1001.000 0.689
1002.000 0.689
1003.000 0.688
1004.000 0.689
1005.000 0.690
1006.000 0.691
1007.000 0.691
1008.000 0.691
1009.000 0.692
1010.000 0.692
1011.000 0.692
1012.000 0.693
1013.000 0.693
1014.000 0.692
1015.000 0.692
1016.000 0.694
1017.000 0.694
1018.000 0.694
1019.000 0.694
1020.000 0.695
1021.000 0.695
1022.000 0.696
1023.000 0.695
1024.000 0.695
1025.000 0.696
1026.000 0.697
1027.000 0.698
1028.000 0.699
1029.000 0.700
1030.000 0.701
1031.000 0.700
1032.000 0.701
1033.000 0.700
1034.000 0.700
1035.000 0.701
1036.000 0.701
1037.000 0.701
1038.000 0.702
1039.000 0.702
1040.000 0.702
1041.000 0.704
1042.000 0.704
1043.000 0.704
1044.000 0.704
1045.000 0.703
1046.000 0.703
1047.000 0.702
1048.000 0.702
1049.000 0.703
1050.000 0.702
1051.000 0.702
1052.000 0.703
1053.000 0.704
1054.000 0.704
1055.000 0.705
1056.000 0.705
1057.000 0.705
1058.000 0.705
1059.000 0.705
1060.000 0.706
1061.000 0.705
1062.000 0.705
1063.000 0.704
1064.000 0.705
1065.000 0.705
1066.000 0.705
1067.000 0.705
1068.000 0.706
1069.000 0.707
1070.000 0.707
1071.000 0.707
1072.000 0.706
1073.000 0.706
1074.000 0.706
1075.000 0.706
1076.000 0.707
1077.000 0.707
1078.000 0.707
1079.000 0.707
1080.000 0.708
1081.000 0.708
1082.000 0.708
1083.000 0.708
1084.000 0.708
1085.000 0.707
1086.000 0.707
1087.000 0.706
1088.000 0.706
1089.000 0.706
1090.000 0.706
1091.000 0.706
1092.000 0.706
1093.000 0.706
1094.000 0.706
1095.000 0.706
1096.000 0.706
1097.000 0.705
1098.000 0.705
1099.000 0.705
1100.000 0.705
1101.000 0.704
1102.000 0.704
1103.000 0.704
1104.000 0.704
1105.000 0.705
1106.000 0.705
1107.000 0.704
1108.000 0.704
1109.000 0.704
1110.000 0.702
1111.000 0.702
1112.000 0.701
1113.000 0.701
1114.000 0.700
1115.000 0.700
1116.000 0.702
1117.000 0.702
1118.000 0.702
1119.000 0.699
1120.000 0.694
1121.000 0.693
1122.000 0.693
1123.000 0.692
1124.000 0.696
1125.000 0.695
1126.000 0.691
1127.000 0.690
1128.000 0.688
1129.000 0.687
1130.000 0.691
1131.000 0.696
1132.000 0.696
1133.000 0.696
1134.000 0.696
1135.000 0.694
1136.000 0.691
1137.000 0.689
1138.000 0.689
1139.000 0.689
1140.000 0.689
1141.000 0.691
1142.000 0.691
1143.000 0.689
1144.000 0.687
1145.000 0.686
1146.000 0.686
1147.000 0.686
1148.000 0.686
1149.000 0.684
1150.000 0.682
1151.000 0.683
1152.000 0.682
1153.000 0.683
1154.000 0.685
1155.000 0.685
1156.000 0.684
1157.000 0.685
1158.000 0.685
1159.000 0.686
1160.000 0.687
1161.000 0.688
1162.000 0.687
1163.000 0.687
1164.000 0.687
1165.000 0.687
1166.000 0.687
1167.000 0.687
1168.000 0.686
1169.000 0.686
1170.000 0.686
1171.000 0.686
1172.000 0.686
1173.000 0.686
1174.000 0.687
1175.000 0.688
1176.000 0.688
1177.000 0.687
1178.000 0.687
1179.000 0.687
1180.000 0.687
1181.000 0.688
1182.000 0.688
1183.000 0.688
1184.000 0.688
1185.000 0.688
1186.000 0.689
1187.000 0.689
1188.000 0.689
1189.000 0.689
1190.000 0.689
1191.000 0.690
1192.000 0.689
1193.000 0.689
1194.000 0.689
1195.000 0.689
1196.000 0.688
1197.000 0.688
1198.000 0.689
1199.000 0.689
1200.000 0.690
1201.000 0.691
1202.000 0.691
1203.000 0.691
1204.000 0.692
1205.000 0.692
1206.000 0.692
1207.000 0.693
1208.000 0.693
1209.000 0.692
1210.000 0.692
1211.000 0.692
1212.000 0.692
1213.000 0.693
1214.000 0.693
1215.000 0.693
1216.000 0.694
1217.000 0.693
1218.000 0.693
1219.000 0.694
1220.000 0.694
1221.000 0.694
1222.000 0.695
1223.000 0.695
1224.000 0.695
1225.000 0.695
1226.000 0.696
1227.000 0.696
1228.000 0.696
1229.000 0.695
1230.000 0.695
1231.000 0.695
1232.000 0.696
1233.000 0.696
1234.000 0.697
1235.000 0.697
1236.000 0.697
1237.000 0.698
1238.000 0.698
1239.000 0.699
1240.000 0.699
1241.000 0.699
1242.000 0.699
1243.000 0.699
1244.000 0.698
1245.000 0.698
1246.000 0.699
1247.000 0.699
1248.000 0.700
1249.000 0.701
1250.000 0.702
1251.000 0.702
1252.000 0.703
1253.000 0.703
1254.000 0.702
1255.000 0.702
1256.000 0.702
1257.000 0.702
1258.000 0.701
1259.000 0.701
1260.000 0.701
1261.000 0.701
1262.000 0.702
1263.000 0.702
1264.000 0.702
1265.000 0.702
1266.000 0.702
1267.000 0.703
1268.000 0.704
1269.000 0.705
1270.000 0.705
1271.000 0.706
1272.000 0.706
1273.000 0.706
1274.000 0.706
1275.000 0.707
1276.000 0.706
1277.000 0.706
1278.000 0.705
1279.000 0.705
1280.000 0.706
1281.000 0.706
1282.000 0.706
1283.000 0.706
1284.000 0.706
1285.000 0.706
1286.000 0.706
1287.000 0.706
1288.000 0.705
1289.000 0.704
1290.000 0.704
1291.000 0.703
1292.000 0.703
1293.000 0.703
1294.000 0.702
1295.000 0.701
1296.000 0.701
1297.000 0.700
1298.000 0.700
1299.000 0.699
1300.000 0.699
1301.000 0.698
1302.000 0.697
1303.000 0.697
1304.000 0.696
1305.000 0.695
1306.000 0.694
1307.000 0.693
1308.000 0.691
1309.000 0.690
1310.000 0.690
1311.000 0.690
1312.000 0.689
1313.000 0.689
1314.000 0.689
1315.000 0.688
1316.000 0.687
1317.000 0.687
1318.000 0.686
1319.000 0.686
1320.000 0.684
1321.000 0.682
1322.000 0.680
1323.000 0.678
1324.000 0.676
1325.000 0.674
1326.000 0.673
1327.000 0.672
1328.000 0.670
1329.000 0.669
1330.000 0.668
1331.000 0.666
1332.000 0.664
1333.000 0.661
1334.000 0.658
1335.000 0.656
1336.000 0.654
1337.000 0.653
1338.000 0.654
1339.000 0.654
1340.000 0.655
1341.000 0.655
1342.000 0.656
1343.000 0.655
1344.000 0.655
1345.000 0.654
1346.000 0.651
1347.000 0.647
1348.000 0.641
1349.000 0.632
1350.000 0.627
1351.000 0.625
1352.000 0.619
1353.000 0.626
1354.000 0.627
1355.000 0.594
1356.000 0.588
1357.000 0.636
1358.000 0.600
1359.000 0.613
1360.000 0.523
1361.000 0.439
1362.000 0.446
1363.000 0.437
1364.000 0.451
1365.000 0.363
1366.000 0.286
1367.000 0.454
1368.000 0.510
1369.000 0.505
1370.000 0.589
1371.000 0.556
1372.000 0.456
1373.000 0.420
1374.000 0.444
1375.000 0.426
1376.000 0.435
1377.000 0.617
1378.000 0.437
1379.000 0.546
1380.000 0.702
1381.000 0.595
1382.000 0.212
1383.000 0.329
1384.000 0.437
1385.000 0.415
1386.000 0.638
1387.000 0.539
1388.000 0.584
1389.000 0.572
1390.000 0.532
1391.000 0.526
1392.000 0.191
1393.000 0.412
1394.000 0.415
1395.000 0.403
1396.000 0.333
1397.000 0.268
1398.000 0.247
1399.000 0.255
1400.000 0.396
1401.000 0.500
1402.000 0.507
1403.000 0.623
1404.000 0.568
1405.000 0.557
1406.000 0.393
1407.000 0.482
1408.000 0.537
1409.000 0.535
1410.000 0.519
1411.000 0.427
1412.000 0.408
1413.000 0.343
1414.000 0.416
1415.000 0.504
1416.000 0.486
1417.000 0.422
1418.000 0.368
1419.000 0.353
1420.000 0.335
1421.000 0.341
1422.000 0.342
1423.000 0.399
1424.000 0.395
1425.000 0.361
1426.000 0.337
1427.000 0.325
1428.000 0.335
1429.000 0.313
1430.000 0.327
1431.000 0.359
1432.000 0.319
1433.000 0.336
1434.000 0.334
1435.000 0.396
1436.000 0.393
1437.000 0.342
1438.000 0.318
1439.000 0.364
1440.000 0.365
1441.000 0.352
1442.000 0.345
1443.000 0.326
1444.000 0.314
1445.000 0.288
1446.000 0.286
1447.000 0.323
1448.000 0.331
1449.000 0.317
1450.000 0.295
1451.000 0.287
1452.000 0.274
1453.000 0.271
1454.000 0.274
1455.000 0.275
1456.000 0.274
1457.000 0.278
1458.000 0.288
1459.000 0.291
1460.000 0.296
1461.000 0.293
1462.000 0.280
1463.000 0.273
1464.000 0.262
1465.000 0.260
1466.000 0.267
1467.000 0.268
1468.000 0.270
1469.000 0.270
1470.000 0.263
1471.000 0.266
1472.000 0.279
1473.000 0.283
1474.000 0.284
1475.000 0.284
1476.000 0.275
1477.000 0.278
1478.000 0.287
1479.000 0.298
1480.000 0.321
1481.000 0.333
1482.000 0.343
1483.000 0.345
1484.000 0.339
1485.000 0.336
1486.000 0.329
1487.000 0.328
1488.000 0.330
1489.000 0.331
1490.000 0.334
1491.000 0.334
1492.000 0.330
1493.000 0.331
1494.000 0.334
1495.000 0.337
1496.000 0.345
1497.000 0.349
1498.000 0.350
1499.000 0.352
1500.000 0.356
1501.000 0.359
1502.000 0.364
1503.000 0.369
1504.000 0.370
1505.000 0.369
1506.000 0.371
1507.000 0.373
1508.000 0.375
1509.000 0.378
1510.000 0.380
1511.000 0.382
1512.000 0.383
1513.000 0.385
1514.000 0.388
1515.000 0.391
1516.000 0.392
1517.000 0.394
1518.000 0.396
1519.000 0.396
1520.000 0.400
1521.000 0.407
1522.000 0.410
1523.000 0.414
1524.000 0.416
1525.000 0.412
1526.000 0.412
1527.000 0.412
1528.000 0.414
1529.000 0.418
1530.000 0.420
1531.000 0.423
1532.000 0.425
1533.000 0.427
1534.000 0.429
1535.000 0.430
1536.000 0.431
1537.000 0.430
1538.000 0.430
1539.000 0.430
1540.000 0.431
1541.000 0.434
1542.000 0.436
1543.000 0.439
1544.000 0.441
1545.000 0.440
1546.000 0.441
1547.000 0.442
1548.000 0.443
1549.000 0.446
1550.000 0.448
1551.000 0.451
1552.000 0.455
1553.000 0.459
1554.000 0.462
1555.000 0.465
1556.000 0.467
1557.000 0.469
1558.000 0.471
1559.000 0.473
1560.000 0.474
1561.000 0.474
1562.000 0.475
1563.000 0.474
1564.000 0.475
1565.000 0.476
1566.000 0.478
1567.000 0.482
1568.000 0.484
1569.000 0.488
1570.000 0.489
1571.000 0.489
1572.000 0.490
1573.000 0.492
1574.000 0.493
1575.000 0.496
1576.000 0.497
1577.000 0.496
1578.000 0.496
1579.000 0.494
1580.000 0.494
1581.000 0.497
1582.000 0.499
1583.000 0.503
1584.000 0.505
1585.000 0.508
1586.000 0.510
1587.000 0.512
1588.000 0.513
1589.000 0.513
1590.000 0.514
1591.000 0.513
1592.000 0.513
1593.000 0.513
1594.000 0.514
1595.000 0.514
1596.000 0.514
1597.000 0.516
1598.000 0.517
1599.000 0.521
1600.000 0.523
1601.000 0.525
1602.000 0.526
1603.000 0.526
1604.000 0.527
1605.000 0.529
1606.000 0.530
1607.000 0.531
1608.000 0.532
1609.000 0.533
1610.000 0.534
1611.000 0.535
1612.000 0.536
1613.000 0.535
1614.000 0.535
1615.000 0.536
1616.000 0.537
1617.000 0.539
1618.000 0.540
1619.000 0.540
1620.000 0.541
1621.000 0.541
1622.000 0.542
1623.000 0.544
1624.000 0.545
1625.000 0.547
1626.000 0.549
1627.000 0.550
1628.000 0.551
1629.000 0.551
1630.000 0.551
1631.000 0.551
1632.000 0.551
1633.000 0.552
1634.000 0.553
1635.000 0.552
1636.000 0.552
1637.000 0.553
1638.000 0.553
1639.000 0.555
1640.000 0.557
1641.000 0.557
1642.000 0.556
1643.000 0.554
1644.000 0.553
1645.000 0.553
1646.000 0.553
1647.000 0.555
1648.000 0.556
1649.000 0.556
1650.000 0.557
1651.000 0.555
1652.000 0.554
1653.000 0.554
1654.000 0.554
1655.000 0.555
1656.000 0.556
1657.000 0.557
1658.000 0.558
1659.000 0.559
1660.000 0.560
1661.000 0.561
1662.000 0.561
1663.000 0.561
1664.000 0.561
1665.000 0.559
1666.000 0.559
1667.000 0.560
1668.000 0.560
1669.000 0.561
1670.000 0.562
1671.000 0.561
1672.000 0.562
1673.000 0.564
1674.000 0.564
1675.000 0.564
1676.000 0.565
1677.000 0.565
1678.000 0.565
1679.000 0.564
1680.000 0.564
1681.000 0.563
1682.000 0.562
1683.000 0.562
1684.000 0.562
1685.000 0.560
1686.000 0.561
1687.000 0.566
1688.000 0.568
1689.000 0.569
1690.000 0.569
1691.000 0.565
1692.000 0.563
1693.000 0.562
1694.000 0.562
1695.000 0.565
1696.000 0.566
1697.000 0.569
1698.000 0.569
1699.000 0.565
1700.000 0.563
1701.000 0.560
1702.000 0.558
1703.000 0.557
1704.000 0.558
1705.000 0.561
1706.000 0.561
1707.000 0.563
1708.000 0.563
1709.000 0.560
1710.000 0.559
1711.000 0.558
1712.000 0.558
1713.000 0.556
1714.000 0.558
1715.000 0.560
1716.000 0.560
1717.000 0.562
1718.000 0.562
1719.000 0.559
1720.000 0.556
1721.000 0.555
1722.000 0.551
1723.000 0.549
1724.000 0.550
1725.000 0.549
1726.000 0.550
1727.000 0.550
1728.000 0.549
1729.000 0.548
1730.000 0.546
1731.000 0.543
1732.000 0.543
1733.000 0.540
1734.000 0.541
1735.000 0.542
1736.000 0.540
1737.000 0.540
1738.000 0.540
1739.000 0.540
1740.000 0.542
1741.000 0.542
1742.000 0.540
1743.000 0.540
1744.000 0.540
1745.000 0.540
1746.000 0.542
1747.000 0.540
1748.000 0.538
1749.000 0.536
1750.000 0.532
1751.000 0.529
1752.000 0.525
1753.000 0.524
1754.000 0.526
1755.000 0.526
1756.000 0.528
1757.000 0.526
1758.000 0.522
1759.000 0.519
1760.000 0.521
1761.000 0.523
1762.000 0.526
1763.000 0.531
1764.000 0.531
1765.000 0.534
1766.000 0.539
1767.000 0.537
1768.000 0.536
1769.000 0.537
1770.000 0.531
1771.000 0.528
1772.000 0.525
1773.000 0.522
1774.000 0.516
1775.000 0.513
1776.000 0.513
1777.000 0.514
1778.000 0.520
1779.000 0.525
1780.000 0.523
1781.000 0.527
1782.000 0.528
1783.000 0.534
1784.000 0.553
1785.000 0.553
1786.000 0.551
1787.000 0.531
1788.000 0.522
1789.000 0.520
1790.000 0.522
1791.000 0.529
1792.000 0.536
1793.000 0.541
1794.000 0.524
1795.000 0.534
1796.000 0.532
1797.000 0.534
1798.000 0.558
1799.000 0.557
1800.000 0.565
1801.000 0.582
1802.000 0.587
1803.000 0.574
1804.000 0.561
1805.000 0.548
1806.000 0.510
1807.000 0.507
1808.000 0.545
1809.000 0.575
1810.000 0.609
1811.000 0.663
1812.000 0.739
1813.000 0.730
1814.000 0.710
1815.000 0.662
1816.000 0.627
1817.000 0.414
1818.000 0.397
1819.000 0.467
1820.000 0.400
1821.000 0.452
1822.000 0.561
1823.000 0.453
1824.000 0.489
1825.000 0.506
1826.000 0.567
1827.000 0.491
1828.000 0.469
1829.000 0.398
1830.000 0.272
1831.000 0.330
1832.000 0.381
1833.000 0.428
1834.000 0.555
1835.000 0.459
1836.000 0.445
1837.000 0.391
1838.000 0.452
1839.000 0.435
1840.000 0.425
1841.000 0.447
1842.000 0.467
1843.000 0.478
1844.000 0.389
1845.000 0.456
1846.000 0.390
1847.000 0.395
1848.000 0.542
1849.000 0.635
1850.000 0.799
1851.000 0.607
1852.000 0.459
1853.000 0.550
1854.000 0.669
1855.000 0.542
1856.000 0.510
1857.000 0.502
1858.000 0.404
1859.000 0.494
1860.000 0.554
1861.000 0.582
1862.000 0.456
1863.000 0.523
1864.000 0.636
1865.000 0.522
1866.000 0.364
1867.000 0.451
1868.000 0.502
1869.000 0.580
1870.000 0.558
1871.000 0.532
1872.000 0.526
1873.000 0.544
1874.000 0.514
1875.000 0.626
1876.000 0.580
1877.000 0.539
1878.000 0.496
1879.000 0.555
1880.000 0.586
1881.000 0.569
1882.000 0.530
1883.000 0.519
1884.000 0.538
1885.000 0.642
1886.000 0.453
1887.000 0.365
1888.000 0.320
1889.000 0.403
1890.000 0.479
1891.000 0.374
1892.000 0.548
1893.000 0.601
1894.000 0.651
1895.000 0.583
1896.000 0.619
1897.000 0.303
1898.000 0.211
1899.000 0.222
1900.000 0.242
1901.000 0.296
1902.000 0.344
1903.000 0.353
1904.000 0.560
1905.000 0.523
1906.000 0.535
1907.000 0.527
1908.000 0.374
1909.000 0.472
1910.000 0.558
1911.000 0.568
1912.000 0.475
1913.000 0.429
1914.000 0.366
1915.000 0.479
1916.000 0.497
1917.000 0.373
1918.000 0.512
1919.000 0.416
1920.000 0.547
1921.000 0.612
1922.000 0.611
1923.000 0.644
1924.000 0.809
1925.000 0.472
1926.000 0.537
1927.000 0.557
1928.000 0.560
1929.000 0.403
1930.000 0.485
1931.000 0.516
1932.000 0.559
1933.000 0.601
1934.000 0.419
1935.000 0.551
1936.000 0.391
1937.000 0.417
1938.000 0.484
1939.000 0.466
1940.000 0.419
1941.000 0.411
1942.000 0.524
1943.000 0.529
1944.000 0.530
1945.000 0.481
1946.000 0.538
1947.000 0.489
1948.000 0.403
1949.000 0.366
1950.000 0.291
1951.000 0.279
1952.000 0.401
1953.000 0.398
1954.000 0.563
1955.000 0.750
1956.000 0.452
1957.000 0.431
1958.000 0.484
1959.000 0.532
1960.000 0.425
1961.000 0.431
1962.000 0.450
1963.000 0.469
1964.000 0.453
1965.000 0.523
1966.000 0.480
1967.000 0.422
1968.000 0.448
1969.000 0.416
1970.000 0.393
1971.000 0.338
1972.000 0.354
1973.000 0.346
1974.000 0.340
1975.000 0.357
1976.000 0.410
1977.000 0.394
1978.000 0.366
1979.000 0.322
1980.000 0.266
1981.000 0.240
1982.000 0.244
1983.000 0.291
1984.000 0.416
1985.000 0.402
1986.000 0.370
1987.000 0.377
1988.000 0.354
1989.000 0.302
1990.000 0.294
1991.000 0.307
1992.000 0.322
1993.000 0.354
1994.000 0.356
1995.000 0.318
1996.000 0.310
1997.000 0.318
1998.000 0.315
1999.000 0.314
2000.000 0.330
2001.000 0.337
2002.000 0.332
2003.000 0.304
2004.000 0.343
2005.000 0.360
2006.000 0.458
2007.000 0.528
2008.000 0.549
2009.000 0.436
2010.000 0.458
2011.000 0.376
2012.000 0.277
2013.000 0.261
2014.000 0.250
2015.000 0.241
2016.000 0.242
2017.000 0.265
2018.000 0.253
2019.000 0.265
2020.000 0.270
2021.000 0.270
2022.000 0.259
2023.000 0.262
2024.000 0.291
2025.000 0.290
2026.000 0.320
2027.000 0.326
2028.000 0.314
2029.000 0.318
2030.000 0.323
2031.000 0.318
2032.000 0.323
2033.000 0.318
2034.000 0.296
2035.000 0.293
2036.000 0.299
2037.000 0.285
2038.000 0.293
2039.000 0.300
2040.000 0.294
2041.000 0.298
2042.000 0.298
2043.000 0.286
2044.000 0.286
2045.000 0.299
2046.000 0.300
2047.000 0.294
2048.000 0.295
2049.000 0.294
2050.000 0.291
2051.000 0.306
2052.000 0.328
2053.000 0.327
2054.000 0.316
2055.000 0.307
2056.000 0.291
2057.000 0.293
2058.000 0.314
2059.000 0.320
2060.000 0.339
2061.000 0.345
2062.000 0.328
2063.000 0.325
2064.000 0.336
2065.000 0.329
2066.000 0.312
2067.000 0.300
2068.000 0.301
2069.000 0.283
2070.000 0.290
2071.000 0.308
2072.000 0.311
2073.000 0.307
2074.000 0.314
2075.000 0.322
2076.000 0.331
2077.000 0.362
2078.000 0.370
2079.000 0.360
2080.000 0.352
2081.000 0.337
2082.000 0.322
2083.000 0.317
2084.000 0.315
2085.000 0.316
2086.000 0.314
2087.000 0.315
2088.000 0.319
2089.000 0.320
2090.000 0.319
2091.000 0.320
2092.000 0.320
2093.000 0.319
2094.000 0.307
2095.000 0.312
2096.000 0.322
2097.000 0.331
2098.000 0.350
2099.000 0.375
2100.000 0.373
2101.000 0.358
2102.000 0.345
2103.000 0.332
2104.000 0.331
2105.000 0.343
2106.000 0.345
2107.000 0.344
2108.000 0.345
2109.000 0.346
2110.000 0.346
2111.000 0.351
2112.000 0.352
2113.000 0.344
2114.000 0.344
2115.000 0.348
2116.000 0.353
2117.000 0.369
2118.000 0.379
2119.000 0.374
2120.000 0.373
2121.000 0.373
2122.000 0.365
2123.000 0.364
2124.000 0.371
2125.000 0.372
2126.000 0.369
2127.000 0.368
2128.000 0.366
2129.000 0.366
2130.000 0.363
2131.000 0.364
2132.000 0.373
2133.000 0.378
2134.000 0.387
2135.000 0.389
2136.000 0.385
2137.000 0.382
2138.000 0.384
2139.000 0.379
2140.000 0.376
2141.000 0.376
2142.000 0.376
2143.000 0.375
2144.000 0.378
2145.000 0.384
2146.000 0.389
2147.000 0.400
2148.000 0.402
2149.000 0.402
2150.000 0.401
2151.000 0.397
2152.000 0.394
2153.000 0.395
2154.000 0.390
2155.000 0.380
2156.000 0.372
2157.000 0.368
2158.000 0.365
2159.000 0.369
2160.000 0.378
2161.000 0.379
2162.000 0.376
2163.000 0.375
2164.000 0.371
2165.000 0.371
2166.000 0.377
2167.000 0.383
2168.000 0.398
2169.000 0.394
2170.000 0.378
2171.000 0.370
2172.000 0.355
2173.000 0.348
2174.000 0.348
2175.000 0.352
2176.000 0.362
2177.000 0.369
2178.000 0.385
2179.000 0.404
2180.000 0.415
2181.000 0.416
2182.000 0.396
2183.000 0.377
2184.000 0.362
2185.000 0.336
2186.000 0.332
2187.000 0.341
2188.000 0.345
2189.000 0.366
2190.000 0.372
2191.000 0.366
2192.000 0.369
2193.000 0.373
2194.000 0.375
2195.000 0.380
2196.000 0.384
2197.000 0.380
2198.000 0.384
2199.000 0.397
2200.000 0.404
2201.000 0.412
2202.000 0.421
2203.000 0.416
2204.000 0.417
2205.000 0.421
2206.000 0.424
2207.000 0.433
2208.000 0.416
2209.000 0.403
2210.000 0.376
2211.000 0.366
2212.000 0.362
2213.000 0.365
2214.000 0.383
2215.000 0.391
2216.000 0.405
2217.000 0.408
2218.000 0.404
2219.000 0.397
2220.000 0.386
2221.000 0.378
2222.000 0.362
2223.000 0.358
2224.000 0.354
2225.000 0.359
2226.000 0.377
2227.000 0.395
2228.000 0.425
2229.000 0.445
2230.000 0.435
2231.000 0.425
2232.000 0.410
2233.000 0.402
2234.000 0.408
2235.000 0.415
2236.000 0.413
2237.000 0.406
2238.000 0.395
2239.000 0.372
2240.000 0.365
2241.000 0.358
2242.000 0.358
2243.000 0.371
2244.000 0.370
2245.000 0.365
2246.000 0.367
2247.000 0.362
2248.000 0.362
2249.000 0.369
2250.000 0.374
2251.000 0.378
2252.000 0.385
2253.000 0.400
2254.000 0.407
2255.000 0.406
2256.000 0.405
2257.000 0.399
2258.000 0.383
2259.000 0.394
2260.000 0.401
2261.000 0.389
2262.000 0.373
2263.000 0.348
2264.000 0.328
2265.000 0.330
2266.000 0.345
2267.000 0.357
2268.000 0.352
2269.000 0.351
2270.000 0.347
2271.000 0.347
2272.000 0.387
2273.000 0.409
2274.000 0.443
2275.000 0.447
2276.000 0.424
2277.000 0.414
2278.000 0.397
2279.000 0.383
2280.000 0.383
2281.000 0.363
2282.000 0.322
2283.000 0.307
2284.000 0.293
2285.000 0.295
2286.000 0.320
2287.000 0.339
2288.000 0.364
2289.000 0.383
2290.000 0.400
2291.000 0.412
2292.000 0.432
2293.000 0.438
2294.000 0.414
2295.000 0.390
2296.000 0.359
2297.000 0.328
2298.000 0.296
2299.000 0.295
2300.000 0.289
2301.000 0.279
2302.000 0.279
2303.000 0.289
2304.000 0.295
2305.000 0.321
2306.000 0.341
2307.000 0.341
2308.000 0.336
2309.000 0.334
2310.000 0.332
2311.000 0.337
2312.000 0.380
2313.000 0.382
2314.000 0.343
2315.000 0.345
2316.000 0.324
2317.000 0.302
2318.000 0.304
2319.000 0.315
2320.000 0.336
2321.000 0.323
2322.000 0.354
2323.000 0.346
2324.000 0.329
2325.000 0.317
2326.000 0.308
2327.000 0.298
2328.000 0.309
2329.000 0.344
2330.000 0.336
2331.000 0.317
2332.000 0.292
2333.000 0.227
2334.000 0.223
2335.000 0.277
2336.000 0.313
2337.000 0.450
2338.000 0.526
2339.000 0.463
2340.000 0.496
2341.000 0.558
2342.000 0.552
2343.000 0.480
2344.000 0.490
2345.000 0.514
2346.000 0.482
2347.000 0.439
2348.000 0.404
2349.000 0.327
2350.000 0.293
2351.000 0.275
2352.000 0.244
2353.000 0.230
2354.000 0.234
2355.000 0.237
2356.000 0.242
2357.000 0.245
2358.000 0.303
2359.000 0.280
2360.000 0.278
2361.000 0.342
2362.000 0.436
2363.000 0.355
2364.000 0.275
2365.000 0.373
2366.000 0.307
2367.000 0.290
2368.000 0.351
2369.000 0.325
2370.000 0.419
2371.000 0.447
2372.000 0.512
2373.000 0.553
2374.000 0.486
2375.000 0.474
2376.000 0.502
2377.000 0.412
2378.000 0.502
2379.000 0.459
2380.000 0.276
2381.000 0.406
2382.000 0.340
2383.000 0.338
2384.000 0.281
2385.000 0.301
2386.000 0.404
2387.000 0.427
2388.000 0.316
2389.000 0.334
2390.000 0.381
2391.000 0.406
2392.000 0.440
2393.000 0.432
2394.000 0.546
2395.000 0.646
2396.000 0.462
2397.000 0.569
2398.000 0.506
2399.000 0.505
2400.000 0.463
2401.000 0.524
2402.000 0.444
2403.000 0.385
2404.000 0.261
2405.000 0.324
2406.000 0.344
2407.000 0.577
2408.000 0.429
2409.000 0.341
2410.000 0.289
2411.000 0.544
2412.000 0.529
2413.000 0.531
2414.000 0.426
2415.000 0.369
2416.000 0.240
2417.000 0.213
2418.000 0.173
2419.000 0.325
2420.000 0.461
2421.000 0.324
2422.000 0.437
2423.000 0.491
2424.000 0.499
2425.000 0.550
2426.000 0.407
2427.000 0.381
2428.000 0.276
2429.000 0.413
2430.000 0.237
2431.000 0.293
2432.000 0.208
2433.000 0.220
2434.000 0.246
2435.000 0.223
2436.000 0.336
2437.000 0.491
2438.000 0.327
2439.000 0.330
2440.000 0.277
2441.000 0.230
2442.000 0.341
2443.000 0.437
2444.000 0.456
2445.000 0.262
2446.000 0.384
2447.000 0.374
2448.000 0.474
2449.000 0.449
2450.000 0.518
2451.000 0.650
2452.000 0.426
2453.000 0.328
2454.000 0.316
2455.000 0.340
2456.000 0.314
2457.000 0.637
2458.000 0.446
2459.000 0.436
2460.000 0.433
2461.000 0.441
2462.000 0.435
2463.000 0.570
2464.000 0.539
2465.000 0.504
2466.000 0.485
2467.000 0.445
2468.000 0.329
2469.000 0.374
2470.000 0.294
2471.000 0.304
2472.000 0.261
2473.000 0.204
2474.000 0.148
2475.000 0.175
2476.000 0.288
2477.000 0.316
2478.000 0.457
2479.000 0.466
2480.000 0.593
2481.000 0.487
2482.000 0.621
2483.000 0.582
2484.000 0.269
2485.000 0.410
2486.000 0.451
2487.000 0.376
2488.000 0.363
2489.000 0.436
2490.000 0.320
2491.000 0.282
2492.000 0.346
2493.000 0.579
2494.000 0.494
2495.000 0.538
2496.000 0.484
2497.000 0.370
2498.000 0.359
2499.000 0.396
2500.000 0.368
