391.000 0.047
392.000 0.044
393.000 0.045
394.000 0.050
395.000 0.051
396.000 0.049
397.000 0.048
398.000 0.047
399.000 0.049
400.000 0.051
401.000 0.050
402.000 0.045
403.000 0.044
404.000 0.047
405.000 0.049
406.000 0.048
407.000 0.046
408.000 0.047
409.000 0.047
410.000 0.047
411.000 0.049
412.000 0.051
413.000 0.050
414.000 0.048
415.000 0.048
416.000 0.049
417.000 0.049
418.000 0.050
419.000 0.049
420.000 0.047
421.000 0.050
422.000 0.051
423.000 0.049
424.000 0.050
425.000 0.051
426.000 0.050
427.000 0.049
428.000 0.049
429.000 0.049
430.000 0.050
431.000 0.048
432.000 0.050
433.000 0.051
434.000 0.050
435.000 0.050
436.000 0.050
437.000 0.051
438.000 0.050
439.000 0.050
440.000 0.050
441.000 0.050
442.000 0.051
443.000 0.051
444.000 0.050
445.000 0.050
446.000 0.050
447.000 0.051
448.000 0.051
449.000 0.052
450.000 0.050
451.000 0.050
452.000 0.051
453.000 0.053
454.000 0.051
455.000 0.051
456.000 0.051
457.000 0.052
458.000 0.052
459.000 0.052
460.000 0.051
461.000 0.053
462.000 0.052
463.000 0.051
464.000 0.052
465.000 0.053
466.000 0.053
467.000 0.052
468.000 0.053
469.000 0.053
470.000 0.052
471.000 0.052
472.000 0.053
473.000 0.052
474.000 0.052
475.000 0.053
476.000 0.052
477.000 0.052
478.000 0.053
479.000 0.053
480.000 0.053
481.000 0.053
482.000 0.054
483.000 0.054
484.000 0.054
485.000 0.054
486.000 0.054
487.000 0.054
488.000 0.055
489.000 0.053
490.000 0.055
491.000 0.055
492.000 0.055
493.000 0.055
494.000 0.056
495.000 0.057
496.000 0.056
497.000 0.057
498.000 0.057
499.000 0.057
500.000 0.058
501.000 0.059
502.000 0.060
503.000 0.061
504.000 0.062
505.000 0.063
506.000 0.064
507.000 0.065
508.000 0.065
509.000 0.067
510.000 0.069
511.000 0.070
512.000 0.072
513.000 0.074
514.000 0.075
515.000 0.078
516.000 0.081
517.000 0.084
518.000 0.086
519.000 0.090
520.000 0.093
521.000 0.094
522.000 0.097
523.000 0.100
524.000 0.104
525.000 0.108
526.000 0.110
527.000 0.113
528.000 0.116
529.000 0.118
530.000 0.121
531.000 0.123
532.000 0.125
533.000 0.127
534.000 0.129
535.000 0.130
536.000 0.132
537.000 0.132
538.000 0.133
539.000 0.135
540.000 0.136
541.000 0.137
542.000 0.137
543.000 0.137
544.000 0.137
545.000 0.138
546.000 0.139
547.000 0.139
548.000 0.139
549.000 0.140
550.000 0.140
551.000 0.140
552.000 0.140
553.000 0.140
554.000 0.140
555.000 0.141
556.000 0.140
557.000 0.138
558.000 0.138
559.000 0.137
560.000 0.135
561.000 0.134
562.000 0.133
563.000 0.132
564.000 0.130
565.000 0.129
566.000 0.127
567.000 0.125
568.000 0.123
569.000 0.121
570.000 0.120
571.000 0.118
572.000 0.115
573.000 0.113
574.000 0.111
575.000 0.110
576.000 0.109
577.000 0.107
578.000 0.106
579.000 0.105
580.000 0.104
581.000 0.102
582.000 0.101
583.000 0.100
584.000 0.100
585.000 0.099
586.000 0.098
587.000 0.097
588.000 0.097
589.000 0.096
590.000 0.095
591.000 0.095
592.000 0.095
593.000 0.094
594.000 0.094
595.000 0.093
596.000 0.092
597.000 0.091
598.000 0.091
599.000 0.092
600.000 0.091
601.000 0.090
602.000 0.090
603.000 0.089
604.000 0.089
605.000 0.088
606.000 0.088
607.000 0.089
608.000 0.088
609.000 0.088
610.000 0.087
611.000 0.086
612.000 0.086
613.000 0.085
614.000 0.084
615.000 0.083
616.000 0.082
617.000 0.082
618.000 0.082
619.000 0.082
620.000 0.081
621.000 0.080
622.000 0.080
623.000 0.081
624.000 0.080
625.000 0.080
626.000 0.080
627.000 0.080
628.000 0.080
629.000 0.080
630.000 0.080
631.000 0.080
632.000 0.080
633.000 0.079
634.000 0.080
635.000 0.080
636.000 0.079
637.000 0.078
638.000 0.078
639.000 0.077
640.000 0.076
641.000 0.075
642.000 0.074
643.000 0.073
644.000 0.073
645.000 0.073
646.000 0.072
647.000 0.071
648.000 0.071
649.000 0.070
650.000 0.069
651.000 0.070
652.000 0.069
653.000 0.069
654.000 0.069
655.000 0.070
656.000 0.070
657.000 0.070
658.000 0.070
659.000 0.069
660.000 0.068
661.000 0.067
662.000 0.068
663.000 0.068
664.000 0.068
665.000 0.068
666.000 0.070
667.000 0.070
668.000 0.069
669.000 0.069
670.000 0.067
671.000 0.068
672.000 0.070
673.000 0.071
674.000 0.070
675.000 0.071
676.000 0.072
677.000 0.070
678.000 0.072
679.000 0.075
680.000 0.076
681.000 0.075
682.000 0.076
683.000 0.078
684.000 0.080
685.000 0.081
686.000 0.082
687.000 0.084
688.000 0.087
689.000 0.089
690.000 0.091
691.000 0.094
692.000 0.098
693.000 0.103
694.000 0.108
695.000 0.114
696.000 0.122
697.000 0.130
698.000 0.138
699.000 0.147
700.000 0.156
701.000 0.166
702.000 0.177
703.000 0.187
704.000 0.197
705.000 0.207
706.000 0.218
707.000 0.228
708.000 0.238
709.000 0.249
710.000 0.260
711.000 0.271
712.000 0.282
713.000 0.293
714.000 0.304
715.000 0.314
716.000 0.325
717.000 0.337
718.000 0.349
719.000 0.362
720.000 0.374
721.000 0.386
722.000 0.396
723.000 0.406
724.000 0.417
725.000 0.428
726.000 0.440
727.000 0.449
728.000 0.460
729.000 0.469
730.000 0.478
731.000 0.488
732.000 0.497
733.000 0.505
734.000 0.513
735.000 0.520
736.000 0.528
737.000 0.534
738.000 0.540
739.000 0.546
740.000 0.551
741.000 0.556
742.000 0.558
743.000 0.563
744.000 0.567
745.000 0.571
746.000 0.551
747.000 0.549
748.000 0.552
749.000 0.554
750.000 0.557
751.000 0.559
752.000 0.561
753.000 0.563
754.000 0.565
755.000 0.567
756.000 0.568
757.000 0.569
758.000 0.570
759.000 0.571
760.000 0.571
761.000 0.571
762.000 0.571
763.000 0.571
764.000 0.572
765.000 0.574
766.000 0.576
767.000 0.577
768.000 0.579
769.000 0.579
770.000 0.580
771.000 0.581
772.000 0.581
773.000 0.582
774.000 0.582
775.000 0.583
776.000 0.583
777.000 0.584
778.000 0.585
779.000 0.586
780.000 0.586
781.000 0.586
782.000 0.587
783.000 0.587
784.000 0.587
785.000 0.588
786.000 0.588
787.000 0.589
788.000 0.589
789.000 0.589
790.000 0.590
791.000 0.590
792.000 0.591
793.000 0.591
794.000 0.592
795.000 0.592
796.000 0.593
797.000 0.593
798.000 0.593
799.000 0.593
800.000 0.594
801.000 0.595
802.000 0.595
803.000 0.596
804.000 0.596
805.000 0.597
806.000 0.597
807.000 0.598
808.000 0.598
809.000 0.598
810.000 0.599
811.000 0.599
812.000 0.599
813.000 0.599
814.000 0.599
815.000 0.598
816.000 0.599
817.000 0.600
818.000 0.600
819.000 0.601
820.000 0.601
821.000 0.602
822.000 0.603
823.000 0.603
824.000 0.604
825.000 0.604
826.000 0.605
827.000 0.606
828.000 0.606
829.000 0.606
830.000 0.607
831.000 0.607
832.000 0.608
833.000 0.608
834.000 0.609
835.000 0.609
836.000 0.610
837.000 0.610
838.000 0.611
839.000 0.611
840.000 0.611
841.000 0.612
842.000 0.613
843.000 0.613
844.000 0.613
845.000 0.614
846.000 0.615
847.000 0.615
848.000 0.615
849.000 0.616
850.000 0.616
851.000 0.616
852.000 0.616
853.000 0.617
854.000 0.617
855.000 0.618
856.000 0.618
857.000 0.618
858.000 0.619
859.000 0.619
860.000 0.619
861.000 0.619
862.000 0.620
863.000 0.620
864.000 0.620
865.000 0.621
866.000 0.621
867.000 0.622
868.000 0.622
869.000 0.622
870.000 0.622
871.000 0.622
872.000 0.622
873.000 0.623
874.000 0.624
875.000 0.624
876.000 0.625
877.000 0.625
878.000 0.625
879.000 0.626
880.000 0.626
881.000 0.627
882.000 0.627
883.000 0.627
884.000 0.628
885.000 0.629
886.000 0.629
887.000 0.629
888.000 0.629
889.000 0.630
890.000 0.631
891.000 0.631
892.000 0.630
893.000 0.631
894.000 0.631
895.000 0.631
896.000 0.631
897.000 0.631
898.000 0.631
899.000 0.632
900.000 0.632
901.000 0.632
902.000 0.633
903.000 0.634
904.000 0.634
905.000 0.634
906.000 0.635
907.000 0.636
908.000 0.636
909.000 0.635
910.000 0.636
911.000 0.635
912.000 0.635
913.000 0.636
914.000 0.637
915.000 0.637
916.000 0.637
917.000 0.638
918.000 0.638
919.000 0.639
920.000 0.640
921.000 0.639
922.000 0.639
923.000 0.639
924.000 0.640
925.000 0.640
926.000 0.639
927.000 0.639
928.000 0.638
929.000 0.637
930.000 0.636
931.000 0.636
932.000 0.635
933.000 0.634
934.000 0.633
935.000 0.631
936.000 0.628
937.000 0.628
938.000 0.630
939.000 0.631
940.000 0.629
941.000 0.630
942.000 0.632
943.000 0.632
944.000 0.630
945.000 0.629
946.000 0.628
947.000 0.627
948.000 0.629
949.000 0.628
950.000 0.625
951.000 0.626
952.000 0.628
953.000 0.627
954.000 0.627
955.000 0.627
956.000 0.627
957.000 0.628
958.000 0.628
959.000 0.626
960.000 0.627
961.000 0.626
962.000 0.627
963.000 0.628
964.000 0.626
965.000 0.628
966.000 0.628
967.000 0.628
968.000 0.629
969.000 0.630
970.000 0.631
971.000 0.632
972.000 0.631
973.000 0.630
974.000 0.630
975.000 0.633
976.000 0.634
977.000 0.632
978.000 0.630
979.000 0.631
980.000 0.632
981.000 0.634
982.000 0.635
983.000 0.635
984.000 0.636
985.000 0.638
986.000 0.638
987.000 0.637
988.000 0.635
989.000 0.636
990.000 0.639
991.000 0.640
992.000 0.640
993.000 0.642
994.000 0.641
995.000 0.642
996.000 0.643
997.000 0.643
998.000 0.643
999.000 0.644
1000.000 0.643
1001.000 0.656
1002.000 0.656
1003.000 0.657
1004.000 0.658
1005.000 0.658
1006.000 0.658
1007.000 0.659
1008.000 0.661
1009.000 0.663
1010.000 0.664
1011.000 0.665
1012.000 0.665
1013.000 0.665
1014.000 0.665
1015.000 0.665
1016.000 0.666
1017.000 0.666
1018.000 0.666
1019.000 0.667
1020.000 0.668
1021.000 0.669
1022.000 0.668
1023.000 0.669
1024.000 0.669
1025.000 0.669
1026.000 0.671
1027.000 0.671
1028.000 0.672
1029.000 0.671
1030.000 0.672
1031.000 0.672
1032.000 0.674
1033.000 0.675
1034.000 0.676
1035.000 0.677
1036.000 0.677
1037.000 0.677
1038.000 0.677
1039.000 0.677
1040.000 0.678
1041.000 0.678
1042.000 0.678
1043.000 0.679
1044.000 0.679
1045.000 0.679
1046.000 0.679
1047.000 0.681
1048.000 0.680
1049.000 0.681
1050.000 0.681
1051.000 0.682
1052.000 0.683
1053.000 0.684
1054.000 0.684
1055.000 0.684
1056.000 0.684
1057.000 0.684
1058.000 0.684
1059.000 0.685
1060.000 0.686
1061.000 0.686
1062.000 0.686
1063.000 0.687
1064.000 0.687
1065.000 0.687
1066.000 0.687
1067.000 0.687
1068.000 0.687
1069.000 0.687
1070.000 0.688
1071.000 0.688
1072.000 0.688
1073.000 0.688
1074.000 0.688
1075.000 0.688
1076.000 0.688
1077.000 0.689
1078.000 0.689
1079.000 0.688
1080.000 0.687
1081.000 0.687
1082.000 0.687
1083.000 0.687
1084.000 0.688
1085.000 0.688
1086.000 0.688
1087.000 0.689
1088.000 0.689
1089.000 0.690
1090.000 0.689
1091.000 0.689
1092.000 0.689
1093.000 0.689
1094.000 0.688
1095.000 0.688
1096.000 0.687
1097.000 0.687
1098.000 0.686
1099.000 0.685
1100.000 0.684
1101.000 0.684
1102.000 0.685
1103.000 0.685
1104.000 0.685
1105.000 0.685
1106.000 0.685
1107.000 0.685
1108.000 0.684
1109.000 0.684
1110.000 0.683
1111.000 0.683
1112.000 0.684
1113.000 0.683
1114.000 0.682
1115.000 0.679
1116.000 0.677
1117.000 0.676
1118.000 0.675
1119.000 0.674
1120.000 0.675
1121.000 0.675
1122.000 0.677
1123.000 0.678
1124.000 0.685
1125.000 0.685
1126.000 0.684
1127.000 0.676
1128.000 0.676
1129.000 0.677
1130.000 0.676
1131.000 0.675
1132.000 0.674
1133.000 0.673
1134.000 0.672
1135.000 0.671
1136.000 0.669
1137.000 0.669
1138.000 0.667
1139.000 0.665
1140.000 0.662
1141.000 0.659
1142.000 0.658
1143.000 0.657
1144.000 0.656
1145.000 0.655
1146.000 0.654
1147.000 0.652
1148.000 0.650
1149.000 0.649
1150.000 0.649
1151.000 0.648
1152.000 0.647
1153.000 0.644
1154.000 0.643
1155.000 0.642
1156.000 0.642
1157.000 0.642
1158.000 0.643
1159.000 0.643
1160.000 0.644
1161.000 0.644
1162.000 0.643
1163.000 0.642
1164.000 0.643
1165.000 0.642
1166.000 0.642
1167.000 0.642
1168.000 0.641
1169.000 0.641
1170.000 0.642
1171.000 0.642
1172.000 0.642
1173.000 0.642
1174.000 0.642
1175.000 0.643
1176.000 0.643
1177.000 0.643
1178.000 0.642
1179.000 0.643
1180.000 0.643
1181.000 0.644
1182.000 0.644
1183.000 0.645
1184.000 0.645
1185.000 0.645
1186.000 0.645
1187.000 0.645
1188.000 0.645
1189.000 0.645
1190.000 0.645
1191.000 0.645
1192.000 0.645
1193.000 0.645
1194.000 0.646
1195.000 0.646
1196.000 0.647
1197.000 0.648
1198.000 0.648
1199.000 0.648
1200.000 0.648
1201.000 0.648
1202.000 0.647
1203.000 0.647
1204.000 0.648
1205.000 0.648
1206.000 0.648
1207.000 0.650
1208.000 0.650
1209.000 0.650
1210.000 0.651
1211.000 0.652
1212.000 0.652
1213.000 0.652
1214.000 0.652
1215.000 0.653
1216.000 0.653
1217.000 0.653
1218.000 0.653
1219.000 0.654
1220.000 0.654
1221.000 0.655
1222.000 0.655
1223.000 0.654
1224.000 0.654
1225.000 0.653
1226.000 0.653
1227.000 0.654
1228.000 0.654
1229.000 0.655
1230.000 0.656
1231.000 0.656
1232.000 0.656
1233.000 0.657
1234.000 0.657
1235.000 0.658
1236.000 0.658
1237.000 0.658
1238.000 0.660
1239.000 0.660
1240.000 0.660
1241.000 0.661
1242.000 0.660
1243.000 0.660
1244.000 0.660
1245.000 0.661
1246.000 0.661
1247.000 0.661
1248.000 0.662
1249.000 0.662
1250.000 0.662
1251.000 0.663
1252.000 0.663
1253.000 0.663
1254.000 0.663
1255.000 0.664
1256.000 0.664
1257.000 0.663
1258.000 0.664
1259.000 0.665
1260.000 0.665
1261.000 0.665
1262.000 0.665
1263.000 0.665
1264.000 0.665
1265.000 0.665
1266.000 0.665
1267.000 0.666
1268.000 0.666
1269.000 0.666
1270.000 0.666
1271.000 0.666
1272.000 0.667
1273.000 0.668
1274.000 0.668
1275.000 0.668
1276.000 0.668
1277.000 0.668
1278.000 0.668
1279.000 0.669
1280.000 0.669
1281.000 0.669
1282.000 0.669
1283.000 0.669
1284.000 0.668
1285.000 0.668
1286.000 0.668
1287.000 0.668
1288.000 0.668
1289.000 0.668
1290.000 0.667
1291.000 0.667
1292.000 0.667
1293.000 0.666
1294.000 0.665
1295.000 0.665
1296.000 0.664
1297.000 0.663
1298.000 0.663
1299.000 0.662
1300.000 0.661
1301.000 0.660
1302.000 0.659
1303.000 0.659
1304.000 0.658
1305.000 0.657
1306.000 0.656
1307.000 0.654
1308.000 0.653
1309.000 0.653
1310.000 0.651
1311.000 0.650
1312.000 0.648
1313.000 0.646
1314.000 0.645
1315.000 0.644
1316.000 0.664
1317.000 0.663
1318.000 0.662
1319.000 0.660
1320.000 0.659
1321.000 0.658
1322.000 0.655
1323.000 0.653
1324.000 0.651
1325.000 0.649
1326.000 0.647
1327.000 0.645
1328.000 0.643
1329.000 0.641
1330.000 0.638
1331.000 0.636
1332.000 0.631
1333.000 0.628
1334.000 0.633
1335.000 0.631
1336.000 0.631
1337.000 0.630
1338.000 0.627
1339.000 0.626
1340.000 0.624
1341.000 0.624
1342.000 0.621
1343.000 0.619
1344.000 0.614
1345.000 0.611
1346.000 0.610
1347.000 0.610
1348.000 0.610
1349.000 0.610
1350.000 0.610
1351.000 0.609
1352.000 0.612
1353.000 0.619
1354.000 0.640
1355.000 0.680
1356.000 0.772
1357.000 0.821
1358.000 0.738
1359.000 0.614
1360.000 0.549
1361.000 0.478
1362.000 0.321
1363.000 0.354
1364.000 0.382
1365.000 0.531
1366.000 0.670
1367.000 0.818
1368.000 0.638
1369.000 0.433
1370.000 0.393
1371.000 0.372
1372.000 0.603
1373.000 0.512
1374.000 0.325
1375.000 0.378
1376.000 0.411
1377.000 0.359
1378.000 0.264
1379.000 0.278
1380.000 0.297
1381.000 0.321
1382.000 0.330
1383.000 0.325
1384.000 0.488
1385.000 0.515
1386.000 0.626
1387.000 0.756
1388.000 0.274
1389.000 0.317
1390.000 0.644
1391.000 0.566
1392.000 0.418
1393.000 0.286
1394.000 0.476
1395.000 0.559
1396.000 0.566
1397.000 0.468
1398.000 0.561
1399.000 0.491
1400.000 0.491
1401.000 0.486
1402.000 0.455
1403.000 0.450
1404.000 0.439
1405.000 0.455
1406.000 0.398
1407.000 0.372
1408.000 0.508
1409.000 0.510
1410.000 0.612
1411.000 0.392
1412.000 0.387
1413.000 0.404
1414.000 0.406
1415.000 0.413
1416.000 0.402
1417.000 0.386
1418.000 0.367
1419.000 0.351
1420.000 0.324
1421.000 0.300
1422.000 0.290
1423.000 0.288
1424.000 0.282
1425.000 0.279
1426.000 0.276
1427.000 0.269
1428.000 0.268
1429.000 0.271
1430.000 0.270
1431.000 0.266
1432.000 0.267
1433.000 0.270
1434.000 0.273
1435.000 0.284
1436.000 0.288
1437.000 0.292
1438.000 0.292
1439.000 0.289
1440.000 0.287
1441.000 0.286
1442.000 0.281
1443.000 0.277
1444.000 0.274
1445.000 0.269
1446.000 0.265
1447.000 0.263
1448.000 0.259
1449.000 0.253
1450.000 0.249
1451.000 0.247
1452.000 0.249
1453.000 0.248
1454.000 0.249
1455.000 0.251
1456.000 0.255
1457.000 0.254
1458.000 0.255
1459.000 0.254
1460.000 0.248
1461.000 0.246
1462.000 0.246
1463.000 0.244
1464.000 0.239
1465.000 0.240
1466.000 0.246
1467.000 0.248
1468.000 0.254
1469.000 0.257
1470.000 0.255
1471.000 0.256
1472.000 0.259
1473.000 0.262
1474.000 0.264
1475.000 0.267
1476.000 0.271
1477.000 0.273
1478.000 0.275
1479.000 0.275
1480.000 0.273
1481.000 0.271
1482.000 0.265
1483.000 0.264
1484.000 0.265
1485.000 0.266
1486.000 0.270
1487.000 0.273
1488.000 0.275
1489.000 0.277
1490.000 0.279
1491.000 0.280
1492.000 0.282
1493.000 0.285
1494.000 0.286
1495.000 0.289
1496.000 0.289
1497.000 0.290
1498.000 0.294
1499.000 0.296
1500.000 0.297
1501.000 0.298
1502.000 0.299
1503.000 0.300
1504.000 0.304
1505.000 0.309
1506.000 0.311
1507.000 0.313
1508.000 0.314
1509.000 0.315
1510.000 0.316
1511.000 0.317
1512.000 0.320
1513.000 0.322
1514.000 0.325
1515.000 0.326
1516.000 0.329
1517.000 0.331
1518.000 0.333
1519.000 0.335
1520.000 0.337
1521.000 0.337
1522.000 0.339
1523.000 0.341
1524.000 0.343
1525.000 0.344
1526.000 0.346
1527.000 0.348
1528.000 0.350
1529.000 0.354
1530.000 0.356
1531.000 0.358
1532.000 0.360
1533.000 0.360
1534.000 0.362
1535.000 0.365
1536.000 0.367
1537.000 0.368
1538.000 0.370
1539.000 0.372
1540.000 0.374
1541.000 0.376
1542.000 0.378
1543.000 0.381
1544.000 0.382
1545.000 0.383
1546.000 0.385
1547.000 0.386
1548.000 0.388
1549.000 0.389
1550.000 0.390
1551.000 0.390
1552.000 0.391
1553.000 0.394
1554.000 0.396
1555.000 0.399
1556.000 0.402
1557.000 0.404
1558.000 0.406
1559.000 0.407
1560.000 0.408
1561.000 0.411
1562.000 0.413
1563.000 0.415
1564.000 0.416
1565.000 0.416
1566.000 0.418
1567.000 0.418
1568.000 0.419
1569.000 0.422
1570.000 0.423
1571.000 0.425
1572.000 0.426
1573.000 0.428
1574.000 0.429
1575.000 0.429
1576.000 0.430
1577.000 0.430
1578.000 0.431
1579.000 0.433
1580.000 0.435
1581.000 0.437
1582.000 0.439
1583.000 0.440
1584.000 0.443
1585.000 0.444
1586.000 0.446
1587.000 0.447
1588.000 0.448
1589.000 0.449
1590.000 0.450
1591.000 0.451
1592.000 0.452
1593.000 0.452
1594.000 0.453
1595.000 0.453
1596.000 0.454
1597.000 0.456
1598.000 0.458
1599.000 0.460
1600.000 0.462
1601.000 0.462
1602.000 0.463
1603.000 0.465
1604.000 0.466
1605.000 0.469
1606.000 0.471
1607.000 0.471
1608.000 0.471
1609.000 0.471
1610.000 0.472
1611.000 0.474
1612.000 0.475
1613.000 0.476
1614.000 0.477
1615.000 0.476
1616.000 0.476
1617.000 0.476
1618.000 0.477
1619.000 0.480
1620.000 0.481
1621.000 0.483
1622.000 0.483
1623.000 0.483
1624.000 0.483
1625.000 0.483
1626.000 0.484
1627.000 0.485
1628.000 0.486
1629.000 0.487
1630.000 0.488
1631.000 0.490
1632.000 0.490
1633.000 0.490
1634.000 0.491
1635.000 0.492
1636.000 0.492
1637.000 0.492
1638.000 0.493
1639.000 0.492
1640.000 0.493
1641.000 0.496
1642.000 0.498
1643.000 0.501
1644.000 0.502
1645.000 0.501
1646.000 0.501
1647.000 0.502
1648.000 0.501
1649.000 0.501
1650.000 0.502
1651.000 0.503
1652.000 0.503
1653.000 0.504
1654.000 0.504
1655.000 0.504
1656.000 0.503
1657.000 0.503
1658.000 0.502
1659.000 0.504
1660.000 0.504
1661.000 0.507
1662.000 0.507
1663.000 0.508
1664.000 0.508
1665.000 0.509
1666.000 0.510
1667.000 0.508
1668.000 0.507
1669.000 0.509
1670.000 0.509
1671.000 0.510
1672.000 0.511
1673.000 0.509
1674.000 0.509
1675.000 0.511
1676.000 0.511
1677.000 0.512
1678.000 0.512
1679.000 0.512
1680.000 0.512
1681.000 0.513
1682.000 0.513
1683.000 0.511
1684.000 0.512
1685.000 0.513
1686.000 0.513
1687.000 0.514
1688.000 0.514
1689.000 0.512
1690.000 0.512
1691.000 0.514
1692.000 0.515
1693.000 0.517
1694.000 0.517
1695.000 0.516
1696.000 0.516
1697.000 0.516
1698.000 0.516
1699.000 0.517
1700.000 0.516
1701.000 0.514
1702.000 0.513
1703.000 0.513
1704.000 0.513
1705.000 0.513
1706.000 0.513
1707.000 0.514
1708.000 0.513
1709.000 0.514
1710.000 0.513
1711.000 0.508
1712.000 0.509
1713.000 0.508
1714.000 0.510
1715.000 0.511
1716.000 0.508
1717.000 0.507
1718.000 0.504
1719.000 0.503
1720.000 0.506
1721.000 0.507
1722.000 0.506
1723.000 0.504
1724.000 0.500
1725.000 0.499
1726.000 0.500
1727.000 0.501
1728.000 0.504
1729.000 0.505
1730.000 0.502
1731.000 0.500
1732.000 0.499
1733.000 0.498
1734.000 0.500
1735.000 0.498
1736.000 0.494
1737.000 0.493
1738.000 0.492
1739.000 0.489
1740.000 0.488
1741.000 0.488
1742.000 0.487
1743.000 0.486
1744.000 0.487
1745.000 0.487
1746.000 0.484
1747.000 0.483
1748.000 0.484
1749.000 0.483
1750.000 0.481
1751.000 0.480
1752.000 0.477
1753.000 0.477
1754.000 0.477
1755.000 0.477
1756.000 0.475
1757.000 0.473
1758.000 0.471
1759.000 0.470
1760.000 0.470
1761.000 0.468
1762.000 0.466
1763.000 0.465
1764.000 0.465
1765.000 0.466
1766.000 0.464
1767.000 0.463
1768.000 0.459
1769.000 0.457
1770.000 0.458
1771.000 0.454
1772.000 0.451
1773.000 0.450
1774.000 0.447
1775.000 0.455
1776.000 0.462
1777.000 0.461
1778.000 0.461
1779.000 0.455
1780.000 0.446
1781.000 0.448
1782.000 0.451
1783.000 0.454
1784.000 0.455
1785.000 0.451
1786.000 0.450
1787.000 0.448
1788.000 0.447
1789.000 0.448
1790.000 0.447
1791.000 0.447
1792.000 0.452
1793.000 0.453
1794.000 0.456
1795.000 0.458
1796.000 0.456
1797.000 0.452
1798.000 0.455
1799.000 0.459
1800.000 0.455
1801.000 0.459
1802.000 0.463
1803.000 0.495
1804.000 0.524
1805.000 0.538
1806.000 0.525
1807.000 0.523
1808.000 0.495
1809.000 0.493
1810.000 0.510
1811.000 0.506
1812.000 0.504
1813.000 0.527
1814.000 0.490
1815.000 0.451
1816.000 0.462
1817.000 0.450
1818.000 0.421
1819.000 0.785
1820.000 0.909
1821.000 0.897
1822.000 0.623
1823.000 0.665
1824.000 0.688
1825.000 0.703
1826.000 0.693
1827.000 0.645
1828.000 0.618
1829.000 0.530
1830.000 0.596
1831.000 0.643
1832.000 0.498
1833.000 0.438
1834.000 0.552
1835.000 0.520
1836.000 0.601
1837.000 0.648
1838.000 0.644
1839.000 0.599
1840.000 0.530
1841.000 0.415
1842.000 0.372
1843.000 0.412
1844.000 0.519
1845.000 0.593
1846.000 0.633
1847.000 0.653
1848.000 0.670
1849.000 0.695
1850.000 0.650
1851.000 0.573
1852.000 0.602
1853.000 0.663
1854.000 0.812
1855.000 0.726
1856.000 0.646
1857.000 0.576
1858.000 0.498
1859.000 0.406
1860.000 0.382
1861.000 0.525
1862.000 0.507
1863.000 0.372
1864.000 0.332
1865.000 0.379
1866.000 0.433
1867.000 0.548
1868.000 0.568
1869.000 0.582
1870.000 0.431
1871.000 0.443
1872.000 0.447
1873.000 0.576
1874.000 0.479
1875.000 0.631
1876.000 0.449
1877.000 0.287
1878.000 0.397
1879.000 0.363
1880.000 0.626
1881.000 0.644
1882.000 0.626
1883.000 0.463
1884.000 0.512
1885.000 0.560
1886.000 0.428
1887.000 0.399
1888.000 0.541
1889.000 0.463
1890.000 0.576
1891.000 0.335
1892.000 0.471
1893.000 0.515
1894.000 0.485
1895.000 0.515
1896.000 0.435
1897.000 0.401
1898.000 0.317
1899.000 0.578
1900.000 0.519
1901.000 0.405
1902.000 0.429
1903.000 0.630
1904.000 0.610
1905.000 0.599
1906.000 0.676
1907.000 0.625
1908.000 0.671
1909.000 0.716
1910.000 0.776
1911.000 0.818
1912.000 0.717
1913.000 0.399
1914.000 0.289
1915.000 0.212
1916.000 0.621
1917.000 0.726
1918.000 0.415
1919.000 0.336
1920.000 0.412
1921.000 0.118
1922.000 0.314
1923.000 0.526
1924.000 0.264
1925.000 0.263
1926.000 0.190
1927.000 0.111
1928.000 0.043
1929.000 0.319
1930.000 0.305
1931.000 0.211
1932.000 0.589
1933.000 0.527
1934.000 0.398
1935.000 0.463
1936.000 0.434
1937.000 0.349
1938.000 0.384
1939.000 0.431
1940.000 0.578
1941.000 0.752
1942.000 0.602
1943.000 0.487
1944.000 0.605
1945.000 0.478
1946.000 0.384
1947.000 0.295
1948.000 0.331
1949.000 0.339
1950.000 0.375
1951.000 0.405
1952.000 0.417
1953.000 0.436
1954.000 0.500
1955.000 0.571
1956.000 0.682
1957.000 0.626
1958.000 0.733
1959.000 0.591
1960.000 0.498
1961.000 0.443
1962.000 0.383
1963.000 0.313
1964.000 0.299
1965.000 0.307
1966.000 0.297
1967.000 0.289
1968.000 0.286
1969.000 0.262
1970.000 0.250
1971.000 0.244
1972.000 0.248
1973.000 0.243
1974.000 0.239
1975.000 0.227
1976.000 0.205
1977.000 0.192
1978.000 0.181
1979.000 0.165
1980.000 0.154
1981.000 0.153
1982.000 0.156
1983.000 0.168
1984.000 0.184
1985.000 0.196
1986.000 0.195
1987.000 0.179
1988.000 0.173
1989.000 0.157
1990.000 0.154
1991.000 0.158
1992.000 0.168
1993.000 0.179
1994.000 0.192
1995.000 0.212
1996.000 0.221
1997.000 0.218
1998.000 0.206
1999.000 0.199
2000.000 0.163
2001.000 0.163
2002.000 0.203
2003.000 0.218
2004.000 0.231
2005.000 0.249
2006.000 0.253
2007.000 0.267
2008.000 0.295
2009.000 0.298
2010.000 0.300
2011.000 0.301
2012.000 0.260
2013.000 0.247
2014.000 0.235
2015.000 0.214
2016.000 0.203
2017.000 0.202
2018.000 0.208
2019.000 0.222
2020.000 0.222
2021.000 0.229
2022.000 0.233
2023.000 0.217
2024.000 0.211
2025.000 0.217
2026.000 0.217
2027.000 0.223
2028.000 0.240
2029.000 0.241
2030.000 0.236
2031.000 0.234
2032.000 0.221
2033.000 0.217
2034.000 0.221
2035.000 0.224
2036.000 0.222
2037.000 0.220
2038.000 0.217
2039.000 0.214
2040.000 0.214
2041.000 0.217
2042.000 0.222
2043.000 0.234
2044.000 0.235
2045.000 0.235
2046.000 0.237
2047.000 0.231
2048.000 0.232
2049.000 0.246
2050.000 0.247
2051.000 0.241
2052.000 0.241
2053.000 0.238
2054.000 0.237
2055.000 0.238
2056.000 0.236
2057.000 0.238
2058.000 0.232
2059.000 0.236
2060.000 0.261
2061.000 0.266
2062.000 0.263
2063.000 0.260
2064.000 0.236
2065.000 0.229
2066.000 0.232
2067.000 0.235
2068.000 0.241
2069.000 0.247
2070.000 0.245
2071.000 0.242
2072.000 0.241
2073.000 0.239
2074.000 0.241
2075.000 0.245
2076.000 0.248
2077.000 0.256
2078.000 0.258
2079.000 0.256
2080.000 0.258
2081.000 0.258
2082.000 0.262
2083.000 0.261
2084.000 0.261
2085.000 0.259
2086.000 0.255
2087.000 0.257
2088.000 0.267
2089.000 0.267
2090.000 0.263
2091.000 0.265
2092.000 0.267
2093.000 0.265
2094.000 0.264
2095.000 0.264
2096.000 0.254
2097.000 0.254
2098.000 0.262
2099.000 0.271
2100.000 0.278
2101.000 0.285
2102.000 0.284
2103.000 0.277
2104.000 0.272
2105.000 0.264
2106.000 0.265
2107.000 0.272
2108.000 0.275
2109.000 0.286
2110.000 0.286
2111.000 0.281
2112.000 0.277
2113.000 0.269
2114.000 0.266
2115.000 0.265
2116.000 0.266
2117.000 0.270
2118.000 0.274
2119.000 0.280
2120.000 0.286
2121.000 0.287
2122.000 0.289
2123.000 0.293
2124.000 0.295
2125.000 0.298
2126.000 0.307
2127.000 0.308
2128.000 0.301
2129.000 0.298
2130.000 0.294
2131.000 0.292
2132.000 0.291
2133.000 0.293
2134.000 0.304
2135.000 0.307
2136.000 0.312
2137.000 0.316
2138.000 0.315
2139.000 0.302
2140.000 0.298
2141.000 0.298
2142.000 0.296
2143.000 0.296
2144.000 0.295
2145.000 0.294
2146.000 0.292
2147.000 0.290
2148.000 0.292
2149.000 0.294
2150.000 0.298
2151.000 0.307
2152.000 0.311
2153.000 0.312
2154.000 0.315
2155.000 0.319
2156.000 0.319
2157.000 0.317
2158.000 0.322
2159.000 0.318
2160.000 0.314
2161.000 0.312
2162.000 0.311
2163.000 0.309
2164.000 0.306
2165.000 0.309
2166.000 0.314
2167.000 0.317
2168.000 0.321
2169.000 0.323
2170.000 0.318
2171.000 0.316
2172.000 0.314
2173.000 0.315
2174.000 0.315
2175.000 0.318
2176.000 0.328
2177.000 0.336
2178.000 0.336
2179.000 0.336
2180.000 0.332
2181.000 0.326
2182.000 0.327
2183.000 0.324
2184.000 0.320
2185.000 0.313
2186.000 0.310
2187.000 0.307
2188.000 0.310
2189.000 0.322
2190.000 0.327
2191.000 0.339
2192.000 0.341
2193.000 0.334
2194.000 0.331
2195.000 0.327
2196.000 0.325
2197.000 0.327
2198.000 0.329
2199.000 0.331
2200.000 0.333
2201.000 0.340
2202.000 0.340
2203.000 0.341
2204.000 0.339
2205.000 0.337
2206.000 0.336
2207.000 0.331
2208.000 0.332
2209.000 0.331
2210.000 0.327
2211.000 0.331
2212.000 0.346
2213.000 0.345
2214.000 0.341
2215.000 0.337
2216.000 0.321
2217.000 0.318
2218.000 0.325
2219.000 0.326
2220.000 0.330
2221.000 0.330
2222.000 0.325
2223.000 0.322
2224.000 0.318
2225.000 0.316
2226.000 0.318
2227.000 0.324
2228.000 0.323
2229.000 0.325
2230.000 0.325
2231.000 0.322
2232.000 0.330
2233.000 0.335
2234.000 0.337
2235.000 0.339
2236.000 0.337
2237.000 0.334
2238.000 0.329
2239.000 0.324
2240.000 0.320
2241.000 0.313
2242.000 0.309
2243.000 0.304
2244.000 0.304
2245.000 0.305
2246.000 0.307
2247.000 0.317
2248.000 0.321
2249.000 0.319
2250.000 0.319
2251.000 0.320
2252.000 0.315
2253.000 0.304
2254.000 0.298
2255.000 0.290
2256.000 0.286
2257.000 0.286
2258.000 0.290
2259.000 0.295
2260.000 0.304
2261.000 0.309
2262.000 0.306
2263.000 0.306
2264.000 0.303
2265.000 0.294
2266.000 0.291
2267.000 0.286
2268.000 0.279
2269.000 0.285
2270.000 0.296
2271.000 0.305
2272.000 0.311
2273.000 0.312
2274.000 0.307
2275.000 0.304
2276.000 0.297
2277.000 0.293
2278.000 0.297
2279.000 0.290
2280.000 0.278
2281.000 0.273
2282.000 0.260
2283.000 0.261
2284.000 0.274
2285.000 0.281
2286.000 0.294
2287.000 0.302
2288.000 0.307
2289.000 0.309
2290.000 0.307
2291.000 0.303
2292.000 0.298
2293.000 0.291
2294.000 0.280
2295.000 0.279
2296.000 0.288
2297.000 0.290
2298.000 0.295
2299.000 0.300
2300.000 0.289
2301.000 0.280
2302.000 0.274
2303.000 0.265
2304.000 0.261
2305.000 0.268
2306.000 0.272
2307.000 0.294
2308.000 0.309
2309.000 0.317
2310.000 0.342
2311.000 0.350
2312.000 0.354
2313.000 0.354
2314.000 0.340
2315.000 0.317
2316.000 0.303
2317.000 0.287
2318.000 0.286
2319.000 0.314
2320.000 0.323
2321.000 0.319
2322.000 0.313
2323.000 0.284
2324.000 0.283
2325.000 0.306
2326.000 0.309
2327.000 0.308
2328.000 0.314
2329.000 0.312
2330.000 0.312
2331.000 0.326
2332.000 0.329
2333.000 0.311
2334.000 0.313
2335.000 0.342
2336.000 0.347
2337.000 0.363
2338.000 0.366
2339.000 0.336
2340.000 0.325
2341.000 0.313
2342.000 0.311
2343.000 0.322
2344.000 0.325
2345.000 0.332
2346.000 0.323
2347.000 0.283
2348.000 0.256
2349.000 0.226
2350.000 0.223
2351.000 0.245
2352.000 0.262
2353.000 0.308
2354.000 0.324
2355.000 0.338
2356.000 0.339
2357.000 0.321
2358.000 0.276
2359.000 0.280
2360.000 0.276
2361.000 0.321
2362.000 0.270
2363.000 0.247
2364.000 0.232
2365.000 0.214
2366.000 0.249
2367.000 0.200
2368.000 0.190
2369.000 0.192
2370.000 0.199
2371.000 0.183
2372.000 0.191
2373.000 0.214
2374.000 0.218
2375.000 0.218
2376.000 0.258
2377.000 0.213
2378.000 0.189
2379.000 0.210
2380.000 0.182
2381.000 0.267
2382.000 0.268
2383.000 0.242
2384.000 0.213
2385.000 0.134
2386.000 0.155
2387.000 0.178
2388.000 0.174
2389.000 0.193
2390.000 0.215
2391.000 0.199
2392.000 0.175
2393.000 0.196
2394.000 0.175
2395.000 0.180
2396.000 0.292
2397.000 0.381
2398.000 0.614
2399.000 0.461
2400.000 0.403
2401.000 0.443
2402.000 0.279
2403.000 0.230
2404.000 0.247
2405.000 0.196
2406.000 0.202
2407.000 0.197
2408.000 0.248
2409.000 0.278
2410.000 0.386
2411.000 0.314
2412.000 0.284
2413.000 0.171
2414.000 0.284
2415.000 0.384
2416.000 0.293
2417.000 0.404
2418.000 0.322
2419.000 0.264
2420.000 0.346
2421.000 0.537
2422.000 0.410
2423.000 0.432
2424.000 0.404
2425.000 0.409
2426.000 0.310
2427.000 0.461
2428.000 0.350
2429.000 0.302
2430.000 0.701
2431.000 0.597
2432.000 0.312
2433.000 0.212
2434.000 0.249
2435.000 0.256
2436.000 0.152
2437.000 0.284
2438.000 0.307
2439.000 0.261
2440.000 0.173
2441.000 0.132
2442.000 0.250
2443.000 0.253
2444.000 0.194
2445.000 0.200
2446.000 0.176
2447.000 0.326
2448.000 0.592
2449.000 0.518
2450.000 0.449
2451.000 0.615
2452.000 0.498
2453.000 0.303
2454.000 0.267
2455.000 0.430
2456.000 0.579
2457.000 0.648
2458.000 0.574
2459.000 0.502
2460.000 0.702
2461.000 0.717
2462.000 0.740
2463.000 0.766
2464.000 0.562
2465.000 0.550
2466.000 0.533
2467.000 0.527
2468.000 0.502
2469.000 0.465
2470.000 0.438
2471.000 0.353
2472.000 0.328
2473.000 0.274
2474.000 0.219
2475.000 0.635
2476.000 0.446
2477.000 0.108
2478.000 0.244
2479.000 0.387
2480.000 0.644
2481.000 0.361
2482.000 0.230
2483.000 0.315
2484.000 0.404
2485.000 0.452
2486.000 0.502
2487.000 0.430
2488.000 0.382
2489.000 0.354
2490.000 0.284
2491.000 0.469
2492.000 0.442
2493.000 0.307
2494.000 0.462
2495.000 0.780
2496.000 0.703
2497.000 0.525
2498.000 0.532
2499.000 0.388
2500.000 0.460
