391.000 0.067
392.000 0.063
393.000 0.067
394.000 0.077
395.000 0.073
396.000 0.069
397.000 0.071
398.000 0.075
399.000 0.073
400.000 0.072
401.000 0.076
402.000 0.070
403.000 0.068
404.000 0.071
405.000 0.072
406.000 0.073
407.000 0.073
408.000 0.072
409.000 0.070
410.000 0.069
411.000 0.072
412.000 0.075
413.000 0.072
414.000 0.072
415.000 0.074
416.000 0.073
417.000 0.073
418.000 0.074
419.000 0.075
420.000 0.075
421.000 0.076
422.000 0.077
423.000 0.077
424.000 0.076
425.000 0.076
426.000 0.075
427.000 0.075
428.000 0.076
429.000 0.077
430.000 0.078
431.000 0.075
432.000 0.076
433.000 0.078
434.000 0.077
435.000 0.079
436.000 0.079
437.000 0.079
438.000 0.078
439.000 0.078
440.000 0.079
441.000 0.080
442.000 0.080
443.000 0.079
444.000 0.080
445.000 0.080
446.000 0.080
447.000 0.078
448.000 0.078
449.000 0.079
450.000 0.079
451.000 0.078
452.000 0.079
453.000 0.081
454.000 0.081
455.000 0.081
456.000 0.081
457.000 0.079
458.000 0.079
459.000 0.081
460.000 0.082
461.000 0.083
462.000 0.081
463.000 0.081
464.000 0.082
465.000 0.084
466.000 0.084
467.000 0.083
468.000 0.085
469.000 0.084
470.000 0.082
471.000 0.083
472.000 0.084
473.000 0.083
474.000 0.083
475.000 0.085
476.000 0.085
477.000 0.086
478.000 0.087
479.000 0.086
480.000 0.086
481.000 0.087
482.000 0.088
483.000 0.087
484.000 0.088
485.000 0.089
486.000 0.088
487.000 0.088
488.000 0.089
489.000 0.089
490.000 0.089
491.000 0.089
492.000 0.090
493.000 0.093
494.000 0.091
495.000 0.090
496.000 0.092
497.000 0.095
498.000 0.093
499.000 0.091
500.000 0.095
501.000 0.096
502.000 0.098
503.000 0.098
504.000 0.099
505.000 0.101
506.000 0.101
507.000 0.101
508.000 0.103
509.000 0.105
510.000 0.107
511.000 0.108
512.000 0.112
513.000 0.114
514.000 0.114
515.000 0.117
516.000 0.120
517.000 0.123
518.000 0.126
519.000 0.130
520.000 0.131
521.000 0.134
522.000 0.136
523.000 0.139
524.000 0.143
525.000 0.147
526.000 0.150
527.000 0.151
528.000 0.154
529.000 0.157
530.000 0.158
531.000 0.161
532.000 0.163
533.000 0.165
534.000 0.167
535.000 0.168
536.000 0.170
537.000 0.170
538.000 0.171
539.000 0.173
540.000 0.174
541.000 0.175
542.000 0.175
543.000 0.175
544.000 0.174
545.000 0.176
546.000 0.177
547.000 0.178
548.000 0.178
549.000 0.178
550.000 0.179
551.000 0.179
552.000 0.179
553.000 0.179
554.000 0.179
555.000 0.179
556.000 0.178
557.000 0.178
558.000 0.177
559.000 0.178
560.000 0.176
561.000 0.175
562.000 0.175
563.000 0.175
564.000 0.173
565.000 0.171
566.000 0.169
567.000 0.168
568.000 0.167
569.000 0.165
570.000 0.163
571.000 0.162
572.000 0.162
573.000 0.159
574.000 0.157
575.000 0.156
576.000 0.156
577.000 0.155
578.000 0.154
579.000 0.153
580.000 0.151
581.000 0.150
582.000 0.150
583.000 0.149
584.000 0.149
585.000 0.149
586.000 0.149
587.000 0.148
588.000 0.147
589.000 0.147
590.000 0.147
591.000 0.146
592.000 0.146
593.000 0.146
594.000 0.145
595.000 0.145
596.000 0.144
597.000 0.142
598.000 0.143
599.000 0.144
600.000 0.143
601.000 0.143
602.000 0.142
603.000 0.140
604.000 0.141
605.000 0.141
606.000 0.142
607.000 0.142
608.000 0.141
609.000 0.140
610.000 0.140
611.000 0.139
612.000 0.138
613.000 0.138
614.000 0.139
615.000 0.138
616.000 0.138
617.000 0.138
618.000 0.137
619.000 0.136
620.000 0.138
621.000 0.137
622.000 0.137
623.000 0.138
624.000 0.137
625.000 0.137
626.000 0.138
627.000 0.140
628.000 0.140
629.000 0.139
630.000 0.138
631.000 0.139
632.000 0.139
633.000 0.137
634.000 0.138
635.000 0.139
636.000 0.138
637.000 0.137
638.000 0.138
639.000 0.138
640.000 0.137
641.000 0.138
642.000 0.137
643.000 0.135
644.000 0.135
645.000 0.136
646.000 0.135
647.000 0.135
648.000 0.136
649.000 0.133
650.000 0.133
651.000 0.135
652.000 0.137
653.000 0.134
654.000 0.133
655.000 0.136
656.000 0.137
657.000 0.138
658.000 0.136
659.000 0.136
660.000 0.135
661.000 0.135
662.000 0.136
663.000 0.136
664.000 0.136
665.000 0.136
666.000 0.137
667.000 0.136
668.000 0.137
669.000 0.138
670.000 0.137
671.000 0.138
672.000 0.140
673.000 0.141
674.000 0.142
675.000 0.142
676.000 0.140
677.000 0.140
678.000 0.143
679.000 0.146
680.000 0.147
681.000 0.143
682.000 0.146
683.000 0.149
684.000 0.150
685.000 0.151
686.000 0.152
687.000 0.155
688.000 0.160
689.000 0.159
690.000 0.160
691.000 0.162
692.000 0.165
693.000 0.168
694.000 0.172
695.000 0.178
696.000 0.184
697.000 0.190
698.000 0.197
699.000 0.203
700.000 0.210
701.000 0.218
702.000 0.228
703.000 0.235
704.000 0.242
705.000 0.251
706.000 0.258
707.000 0.266
708.000 0.274
709.000 0.282
710.000 0.291
711.000 0.300
712.000 0.307
713.000 0.316
714.000 0.325
715.000 0.334
716.000 0.342
717.000 0.351
718.000 0.361
719.000 0.371
720.000 0.380
721.000 0.389
722.000 0.398
723.000 0.407
724.000 0.416
725.000 0.425
726.000 0.434
727.000 0.443
728.000 0.452
729.000 0.460
730.000 0.469
731.000 0.477
732.000 0.485
733.000 0.492
734.000 0.499
735.000 0.507
736.000 0.512
737.000 0.520
738.000 0.526
739.000 0.532
740.000 0.538
741.000 0.544
742.000 0.551
743.000 0.556
744.000 0.560
745.000 0.564
746.000 0.499
747.000 0.507
748.000 0.510
749.000 0.513
750.000 0.515
751.000 0.517
752.000 0.519
753.000 0.521
754.000 0.523
755.000 0.525
756.000 0.526
757.000 0.527
758.000 0.527
759.000 0.528
760.000 0.525
761.000 0.523
762.000 0.522
763.000 0.522
764.000 0.523
765.000 0.527
766.000 0.530
767.000 0.533
768.000 0.535
769.000 0.537
770.000 0.537
771.000 0.538
772.000 0.539
773.000 0.540
774.000 0.540
775.000 0.541
776.000 0.541
777.000 0.541
778.000 0.542
779.000 0.543
780.000 0.543
781.000 0.543
782.000 0.544
783.000 0.544
784.000 0.544
785.000 0.544
786.000 0.544
787.000 0.544
788.000 0.545
789.000 0.545
790.000 0.545
791.000 0.545
792.000 0.546
793.000 0.546
794.000 0.547
795.000 0.547
796.000 0.547
797.000 0.547
798.000 0.547
799.000 0.548
800.000 0.548
801.000 0.549
802.000 0.549
803.000 0.550
804.000 0.550
805.000 0.550
806.000 0.551
807.000 0.552
808.000 0.552
809.000 0.552
810.000 0.552
811.000 0.551
812.000 0.550
813.000 0.549
814.000 0.549
815.000 0.548
816.000 0.548
817.000 0.548
818.000 0.550
819.000 0.551
820.000 0.551
821.000 0.551
822.000 0.552
823.000 0.553
824.000 0.554
825.000 0.554
826.000 0.554
827.000 0.555
828.000 0.555
829.000 0.555
830.000 0.555
831.000 0.556
832.000 0.557
833.000 0.558
834.000 0.558
835.000 0.559
836.000 0.560
837.000 0.561
838.000 0.561
839.000 0.562
840.000 0.562
841.000 0.563
842.000 0.563
843.000 0.563
844.000 0.563
845.000 0.564
846.000 0.565
847.000 0.566
848.000 0.565
849.000 0.566
850.000 0.566
851.000 0.566
852.000 0.566
853.000 0.567
854.000 0.567
855.000 0.568
856.000 0.568
857.000 0.569
858.000 0.568
859.000 0.569
860.000 0.570
861.000 0.570
862.000 0.570
863.000 0.570
864.000 0.570
865.000 0.571
866.000 0.571
867.000 0.572
868.000 0.572
869.000 0.572
870.000 0.571
871.000 0.572
872.000 0.572
873.000 0.573
874.000 0.574
875.000 0.574
876.000 0.574
877.000 0.574
878.000 0.574
879.000 0.574
880.000 0.575
881.000 0.576
882.000 0.576
883.000 0.575
884.000 0.576
885.000 0.577
886.000 0.577
887.000 0.577
888.000 0.576
889.000 0.577
890.000 0.576
891.000 0.577
892.000 0.576
893.000 0.575
894.000 0.575
895.000 0.574
896.000 0.573
897.000 0.573
898.000 0.572
899.000 0.572
900.000 0.572
901.000 0.573
902.000 0.574
903.000 0.574
904.000 0.572
905.000 0.573
906.000 0.573
907.000 0.574
908.000 0.574
909.000 0.574
910.000 0.573
911.000 0.573
912.000 0.573
913.000 0.571
914.000 0.572
915.000 0.573
916.000 0.574
917.000 0.573
918.000 0.575
919.000 0.576
920.000 0.576
921.000 0.576
922.000 0.576
923.000 0.576
924.000 0.577
925.000 0.575
926.000 0.574
927.000 0.573
928.000 0.570
929.000 0.569
930.000 0.567
931.000 0.567
932.000 0.568
933.000 0.566
934.000 0.563
935.000 0.558
936.000 0.554
937.000 0.554
938.000 0.555
939.000 0.554
940.000 0.556
941.000 0.559
942.000 0.558
943.000 0.557
944.000 0.562
945.000 0.558
946.000 0.554
947.000 0.554
948.000 0.558
949.000 0.556
950.000 0.555
951.000 0.557
952.000 0.556
953.000 0.557
954.000 0.558
955.000 0.558
956.000 0.554
957.000 0.557
958.000 0.559
959.000 0.557
960.000 0.557
961.000 0.558
962.000 0.559
963.000 0.560
964.000 0.560
965.000 0.561
966.000 0.562
967.000 0.563
968.000 0.566
969.000 0.566
970.000 0.566
971.000 0.567
972.000 0.567
973.000 0.564
974.000 0.565
975.000 0.571
976.000 0.573
977.000 0.570
978.000 0.567
979.000 0.568
980.000 0.569
981.000 0.571
982.000 0.572
983.000 0.571
984.000 0.574
985.000 0.575
986.000 0.575
987.000 0.576
988.000 0.576
989.000 0.576
990.000 0.578
991.000 0.579
992.000 0.579
993.000 0.581
994.000 0.580
995.000 0.579
996.000 0.580
997.000 0.580
998.000 0.579
999.000 0.579
1000.000 0.582
1001.000 0.591
1002.000 0.592
1003.000 0.592
1004.000 0.592
1005.000 0.593
1006.000 0.594
1007.000 0.595
1008.000 0.597
1009.000 0.598
1010.000 0.598
1011.000 0.599
1012.000 0.596
1013.000 0.595
1014.000 0.595
1015.000 0.594
1016.000 0.595
1017.000 0.595
1018.000 0.595
1019.000 0.597
1020.000 0.599
1021.000 0.599
1022.000 0.600
1023.000 0.601
1024.000 0.601
1025.000 0.601
1026.000 0.602
1027.000 0.603
1028.000 0.604
1029.000 0.604
1030.000 0.604
1031.000 0.603
1032.000 0.603
1033.000 0.603
1034.000 0.604
1035.000 0.604
1036.000 0.605
1037.000 0.606
1038.000 0.605
1039.000 0.605
1040.000 0.607
1041.000 0.606
1042.000 0.606
1043.000 0.606
1044.000 0.606
1045.000 0.606
1046.000 0.605
1047.000 0.605
1048.000 0.604
1049.000 0.603
1050.000 0.603
1051.000 0.605
1052.000 0.607
1053.000 0.607
1054.000 0.607
1055.000 0.607
1056.000 0.607
1057.000 0.606
1058.000 0.605
1059.000 0.605
1060.000 0.606
1061.000 0.607
1062.000 0.607
1063.000 0.607
1064.000 0.608
1065.000 0.608
1066.000 0.608
1067.000 0.608
1068.000 0.608
1069.000 0.608
1070.000 0.609
1071.000 0.609
1072.000 0.608
1073.000 0.609
1074.000 0.609
1075.000 0.609
1076.000 0.609
1077.000 0.609
1078.000 0.608
1079.000 0.607
1080.000 0.608
1081.000 0.607
1082.000 0.608
1083.000 0.608
1084.000 0.609
1085.000 0.609
1086.000 0.609
1087.000 0.609
1088.000 0.609
1089.000 0.609
1090.000 0.608
1091.000 0.608
1092.000 0.608
1093.000 0.608
1094.000 0.607
1095.000 0.607
1096.000 0.608
1097.000 0.608
1098.000 0.607
1099.000 0.606
1100.000 0.603
1101.000 0.602
1102.000 0.601
1103.000 0.601
1104.000 0.601
1105.000 0.601
1106.000 0.600
1107.000 0.599
1108.000 0.599
1109.000 0.596
1110.000 0.595
1111.000 0.596
1112.000 0.595
1113.000 0.595
1114.000 0.595
1115.000 0.589
1116.000 0.588
1117.000 0.587
1118.000 0.587
1119.000 0.586
1120.000 0.585
1121.000 0.583
1122.000 0.580
1123.000 0.582
1124.000 0.575
1125.000 0.574
1126.000 0.575
1127.000 0.581
1128.000 0.581
1129.000 0.581
1130.000 0.581
1131.000 0.580
1132.000 0.583
1133.000 0.583
1134.000 0.582
1135.000 0.581
1136.000 0.578
1137.000 0.577
1138.000 0.574
1139.000 0.574
1140.000 0.573
1141.000 0.572
1142.000 0.572
1143.000 0.572
1144.000 0.572
1145.000 0.572
1146.000 0.572
1147.000 0.573
1148.000 0.572
1149.000 0.572
1150.000 0.572
1151.000 0.572
1152.000 0.572
1153.000 0.570
1154.000 0.571
1155.000 0.570
1156.000 0.570
1157.000 0.570
1158.000 0.570
1159.000 0.570
1160.000 0.571
1161.000 0.571
1162.000 0.572
1163.000 0.573
1164.000 0.574
1165.000 0.575
1166.000 0.574
1167.000 0.575
1168.000 0.576
1169.000 0.576
1170.000 0.577
1171.000 0.578
1172.000 0.578
1173.000 0.578
1174.000 0.578
1175.000 0.578
1176.000 0.579
1177.000 0.580
1178.000 0.580
1179.000 0.581
1180.000 0.581
1181.000 0.580
1182.000 0.580
1183.000 0.580
1184.000 0.580
1185.000 0.580
1186.000 0.580
1187.000 0.581
1188.000 0.583
1189.000 0.584
1190.000 0.584
1191.000 0.584
1192.000 0.584
1193.000 0.584
1194.000 0.584
1195.000 0.585
1196.000 0.586
1197.000 0.587
1198.000 0.586
1199.000 0.587
1200.000 0.587
1201.000 0.588
1202.000 0.588
1203.000 0.588
1204.000 0.588
1205.000 0.588
1206.000 0.588
1207.000 0.587
1208.000 0.587
1209.000 0.587
1210.000 0.587
1211.000 0.588
1212.000 0.588
1213.000 0.589
1214.000 0.589
1215.000 0.589
1216.000 0.589
1217.000 0.589
1218.000 0.589
1219.000 0.589
1220.000 0.590
1221.000 0.591
1222.000 0.592
1223.000 0.592
1224.000 0.592
1225.000 0.591
1226.000 0.592
1227.000 0.592
1228.000 0.592
1229.000 0.593
1230.000 0.593
1231.000 0.594
1232.000 0.594
1233.000 0.595
1234.000 0.595
1235.000 0.595
1236.000 0.595
1237.000 0.595
1238.000 0.596
1239.000 0.596
1240.000 0.596
1241.000 0.596
1242.000 0.596
1243.000 0.595
1244.000 0.594
1245.000 0.593
1246.000 0.593
1247.000 0.593
1248.000 0.593
1249.000 0.593
1250.000 0.594
1251.000 0.595
1252.000 0.595
1253.000 0.595
1254.000 0.595
1255.000 0.594
1256.000 0.594
1257.000 0.594
1258.000 0.593
1259.000 0.594
1260.000 0.594
1261.000 0.593
1262.000 0.593
1263.000 0.591
1264.000 0.590
1265.000 0.591
1266.000 0.591
1267.000 0.591
1268.000 0.592
1269.000 0.592
1270.000 0.592
1271.000 0.593
1272.000 0.594
1273.000 0.595
1274.000 0.596
1275.000 0.597
1276.000 0.597
1277.000 0.597
1278.000 0.595
1279.000 0.595
1280.000 0.596
1281.000 0.596
1282.000 0.598
1283.000 0.598
1284.000 0.597
1285.000 0.597
1286.000 0.597
1287.000 0.597
1288.000 0.599
1289.000 0.599
1290.000 0.599
1291.000 0.599
1292.000 0.597
1293.000 0.596
1294.000 0.597
1295.000 0.597
1296.000 0.596
1297.000 0.597
1298.000 0.597
1299.000 0.598
1300.000 0.597
1301.000 0.595
1302.000 0.595
1303.000 0.595
1304.000 0.594
1305.000 0.594
1306.000 0.593
1307.000 0.591
1308.000 0.590
1309.000 0.588
1310.000 0.588
1311.000 0.586
1312.000 0.585
1313.000 0.584
1314.000 0.583
1315.000 0.582
1316.000 0.648
1317.000 0.648
1318.000 0.647
1319.000 0.646
1320.000 0.645
1321.000 0.644
1322.000 0.641
1323.000 0.640
1324.000 0.639
1325.000 0.637
1326.000 0.637
1327.000 0.635
1328.000 0.636
1329.000 0.634
1330.000 0.630
1331.000 0.629
1332.000 0.627
1333.000 0.625
1334.000 0.618
1335.000 0.616
1336.000 0.613
1337.000 0.613
1338.000 0.613
1339.000 0.611
1340.000 0.611
1341.000 0.607
1342.000 0.603
1343.000 0.600
1344.000 0.595
1345.000 0.592
1346.000 0.593
1347.000 0.589
1348.000 0.585
1349.000 0.582
1350.000 0.575
1351.000 0.555
1352.000 0.549
1353.000 0.560
1354.000 0.572
1355.000 0.549
1356.000 0.601
1357.000 0.618
1358.000 0.699
1359.000 0.634
1360.000 0.733
1361.000 0.807
1362.000 0.614
1363.000 0.453
1364.000 0.254
1365.000 0.425
1366.000 0.564
1367.000 0.692
1368.000 0.426
1369.000 0.378
1370.000 0.294
1371.000 0.275
1372.000 0.551
1373.000 0.385
1374.000 0.447
1375.000 0.513
1376.000 0.704
1377.000 0.511
1378.000 0.203
1379.000 0.155
1380.000 0.232
1381.000 0.375
1382.000 0.476
1383.000 0.578
1384.000 0.679
1385.000 0.330
1386.000 0.297
1387.000 0.288
1388.000 0.309
1389.000 0.390
1390.000 0.303
1391.000 0.213
1392.000 0.116
1393.000 0.091
1394.000 0.245
1395.000 0.284
1396.000 0.382
1397.000 0.425
1398.000 0.451
1399.000 0.492
1400.000 0.523
1401.000 0.504
1402.000 0.516
1403.000 0.520
1404.000 0.406
1405.000 0.255
1406.000 0.131
1407.000 0.158
1408.000 0.450
1409.000 0.492
1410.000 0.477
1411.000 0.489
1412.000 0.465
1413.000 0.470
1414.000 0.499
1415.000 0.549
1416.000 0.533
1417.000 0.548
1418.000 0.540
1419.000 0.588
1420.000 0.553
1421.000 0.513
1422.000 0.486
1423.000 0.414
1424.000 0.403
1425.000 0.406
1426.000 0.410
1427.000 0.449
1428.000 0.454
1429.000 0.441
1430.000 0.433
1431.000 0.410
1432.000 0.399
1433.000 0.386
1434.000 0.392
1435.000 0.409
1436.000 0.436
1437.000 0.501
1438.000 0.535
1439.000 0.556
1440.000 0.554
1441.000 0.522
1442.000 0.490
1443.000 0.438
1444.000 0.418
1445.000 0.412
1446.000 0.405
1447.000 0.413
1448.000 0.413
1449.000 0.411
1450.000 0.398
1451.000 0.386
1452.000 0.386
1453.000 0.382
1454.000 0.375
1455.000 0.378
1456.000 0.386
1457.000 0.388
1458.000 0.394
1459.000 0.394
1460.000 0.386
1461.000 0.380
1462.000 0.375
1463.000 0.369
1464.000 0.360
1465.000 0.358
1466.000 0.365
1467.000 0.365
1468.000 0.363
1469.000 0.367
1470.000 0.370
1471.000 0.376
1472.000 0.389
1473.000 0.397
1474.000 0.399
1475.000 0.408
1476.000 0.426
1477.000 0.427
1478.000 0.423
1479.000 0.416
1480.000 0.397
1481.000 0.387
1482.000 0.377
1483.000 0.374
1484.000 0.375
1485.000 0.378
1486.000 0.389
1487.000 0.393
1488.000 0.393
1489.000 0.395
1490.000 0.397
1491.000 0.396
1492.000 0.394
1493.000 0.394
1494.000 0.391
1495.000 0.391
1496.000 0.394
1497.000 0.397
1498.000 0.400
1499.000 0.401
1500.000 0.397
1501.000 0.396
1502.000 0.395
1503.000 0.399
1504.000 0.408
1505.000 0.415
1506.000 0.416
1507.000 0.415
1508.000 0.414
1509.000 0.409
1510.000 0.410
1511.000 0.414
1512.000 0.416
1513.000 0.419
1514.000 0.420
1515.000 0.418
1516.000 0.419
1517.000 0.419
1518.000 0.421
1519.000 0.424
1520.000 0.426
1521.000 0.428
1522.000 0.430
1523.000 0.431
1524.000 0.432
1525.000 0.430
1526.000 0.432
1527.000 0.434
1528.000 0.435
1529.000 0.438
1530.000 0.439
1531.000 0.439
1532.000 0.440
1533.000 0.439
1534.000 0.440
1535.000 0.439
1536.000 0.441
1537.000 0.445
1538.000 0.448
1539.000 0.453
1540.000 0.455
1541.000 0.456
1542.000 0.457
1543.000 0.457
1544.000 0.457
1545.000 0.456
1546.000 0.456
1547.000 0.455
1548.000 0.454
1549.000 0.453
1550.000 0.454
1551.000 0.455
1552.000 0.457
1553.000 0.461
1554.000 0.464
1555.000 0.466
1556.000 0.467
1557.000 0.469
1558.000 0.470
1559.000 0.471
1560.000 0.472
1561.000 0.474
1562.000 0.474
1563.000 0.473
1564.000 0.474
1565.000 0.475
1566.000 0.477
1567.000 0.483
1568.000 0.485
1569.000 0.486
1570.000 0.487
1571.000 0.485
1572.000 0.484
1573.000 0.485
1574.000 0.484
1575.000 0.484
1576.000 0.484
1577.000 0.483
1578.000 0.482
1579.000 0.483
1580.000 0.485
1581.000 0.487
1582.000 0.489
1583.000 0.493
1584.000 0.496
1585.000 0.499
1586.000 0.501
1587.000 0.501
1588.000 0.501
1589.000 0.499
1590.000 0.498
1591.000 0.496
1592.000 0.494
1593.000 0.494
1594.000 0.495
1595.000 0.496
1596.000 0.497
1597.000 0.500
1598.000 0.501
1599.000 0.502
1600.000 0.503
1601.000 0.504
1602.000 0.505
1603.000 0.508
1604.000 0.508
1605.000 0.509
1606.000 0.509
1607.000 0.506
1608.000 0.505
1609.000 0.506
1610.000 0.506
1611.000 0.511
1612.000 0.512
1613.000 0.512
1614.000 0.513
1615.000 0.514
1616.000 0.514
1617.000 0.513
1618.000 0.514
1619.000 0.515
1620.000 0.514
1621.000 0.516
1622.000 0.516
1623.000 0.513
1624.000 0.513
1625.000 0.511
1626.000 0.511
1627.000 0.513
1628.000 0.515
1629.000 0.517
1630.000 0.519
1631.000 0.520
1632.000 0.521
1633.000 0.522
1634.000 0.522
1635.000 0.523
1636.000 0.522
1637.000 0.522
1638.000 0.522
1639.000 0.522
1640.000 0.521
1641.000 0.524
1642.000 0.524
1643.000 0.525
1644.000 0.525
1645.000 0.524
1646.000 0.524
1647.000 0.526
1648.000 0.527
1649.000 0.529
1650.000 0.529
1651.000 0.528
1652.000 0.528
1653.000 0.527
1654.000 0.528
1655.000 0.532
1656.000 0.534
1657.000 0.533
1658.000 0.533
1659.000 0.533
1660.000 0.533
1661.000 0.536
1662.000 0.535
1663.000 0.532
1664.000 0.532
1665.000 0.533
1666.000 0.534
1667.000 0.537
1668.000 0.538
1669.000 0.539
1670.000 0.539
1671.000 0.539
1672.000 0.539
1673.000 0.538
1674.000 0.538
1675.000 0.540
1676.000 0.540
1677.000 0.542
1678.000 0.543
1679.000 0.543
1680.000 0.544
1681.000 0.546
1682.000 0.546
1683.000 0.546
1684.000 0.545
1685.000 0.542
1686.000 0.541
1687.000 0.542
1688.000 0.541
1689.000 0.539
1690.000 0.539
1691.000 0.540
1692.000 0.540
1693.000 0.543
1694.000 0.543
1695.000 0.544
1696.000 0.544
1697.000 0.543
1698.000 0.542
1699.000 0.544
1700.000 0.544
1701.000 0.545
1702.000 0.545
1703.000 0.543
1704.000 0.543
1705.000 0.542
1706.000 0.544
1707.000 0.549
1708.000 0.550
1709.000 0.549
1710.000 0.549
1711.000 0.543
1712.000 0.544
1713.000 0.546
1714.000 0.546
1715.000 0.545
1716.000 0.544
1717.000 0.544
1718.000 0.544
1719.000 0.545
1720.000 0.546
1721.000 0.544
1722.000 0.544
1723.000 0.542
1724.000 0.537
1725.000 0.536
1726.000 0.538
1727.000 0.543
1728.000 0.546
1729.000 0.547
1730.000 0.546
1731.000 0.541
1732.000 0.541
1733.000 0.543
1734.000 0.543
1735.000 0.545
1736.000 0.540
1737.000 0.540
1738.000 0.542
1739.000 0.542
1740.000 0.545
1741.000 0.546
1742.000 0.544
1743.000 0.541
1744.000 0.536
1745.000 0.534
1746.000 0.531
1747.000 0.529
1748.000 0.532
1749.000 0.531
1750.000 0.528
1751.000 0.528
1752.000 0.527
1753.000 0.526
1754.000 0.527
1755.000 0.527
1756.000 0.528
1757.000 0.524
1758.000 0.519
1759.000 0.518
1760.000 0.515
1761.000 0.512
1762.000 0.514
1763.000 0.511
1764.000 0.509
1765.000 0.510
1766.000 0.507
1767.000 0.509
1768.000 0.505
1769.000 0.502
1770.000 0.506
1771.000 0.505
1772.000 0.506
1773.000 0.504
1774.000 0.501
1775.000 0.507
1776.000 0.514
1777.000 0.520
1778.000 0.528
1779.000 0.527
1780.000 0.524
1781.000 0.526
1782.000 0.534
1783.000 0.529
1784.000 0.517
1785.000 0.508
1786.000 0.501
1787.000 0.497
1788.000 0.494
1789.000 0.497
1790.000 0.494
1791.000 0.485
1792.000 0.495
1793.000 0.491
1794.000 0.499
1795.000 0.509
1796.000 0.516
1797.000 0.529
1798.000 0.544
1799.000 0.548
1800.000 0.537
1801.000 0.518
1802.000 0.532
1803.000 0.580
1804.000 0.663
1805.000 0.697
1806.000 0.655
1807.000 0.645
1808.000 0.596
1809.000 0.594
1810.000 0.628
1811.000 0.628
1812.000 0.575
1813.000 0.664
1814.000 0.690
1815.000 0.673
1816.000 0.711
1817.000 0.694
1818.000 0.570
1819.000 0.846
1820.000 0.798
1821.000 0.807
1822.000 0.810
1823.000 0.828
1824.000 0.763
1825.000 0.706
1826.000 0.614
1827.000 0.561
1828.000 0.488
1829.000 0.429
1830.000 0.512
1831.000 0.686
1832.000 0.583
1833.000 0.611
1834.000 0.787
1835.000 0.492
1836.000 0.522
1837.000 0.645
1838.000 0.635
1839.000 0.649
1840.000 0.659
1841.000 0.684
1842.000 0.695
1843.000 0.713
1844.000 0.723
1845.000 0.741
1846.000 0.759
1847.000 0.798
1848.000 0.789
1849.000 0.816
1850.000 0.586
1851.000 0.590
1852.000 0.550
1853.000 0.470
1854.000 0.822
1855.000 0.644
1856.000 0.526
1857.000 0.473
1858.000 0.353
1859.000 0.221
1860.000 0.319
1861.000 0.345
1862.000 0.407
1863.000 0.500
1864.000 0.520
1865.000 0.605
1866.000 0.675
1867.000 0.626
1868.000 0.535
1869.000 0.424
1870.000 0.368
1871.000 0.377
1872.000 0.349
1873.000 0.398
1874.000 0.450
1875.000 0.614
1876.000 0.564
1877.000 0.492
1878.000 0.549
1879.000 0.495
1880.000 0.541
1881.000 0.665
1882.000 0.649
1883.000 0.249
1884.000 0.348
1885.000 0.452
1886.000 0.564
1887.000 0.666
1888.000 0.763
1889.000 0.589
1890.000 0.480
1891.000 0.533
1892.000 0.495
1893.000 0.477
1894.000 0.484
1895.000 0.641
1896.000 0.604
1897.000 0.761
1898.000 0.727
1899.000 0.569
1900.000 0.438
1901.000 0.286
1902.000 0.142
1903.000 0.255
1904.000 0.280
1905.000 0.225
1906.000 0.428
1907.000 0.258
1908.000 0.238
1909.000 0.391
1910.000 0.548
1911.000 0.656
1912.000 0.333
1913.000 0.749
1914.000 0.667
1915.000 0.581
1916.000 0.437
1917.000 0.268
1918.000 0.272
1919.000 0.186
1920.000 0.233
1921.000 0.331
1922.000 0.318
1923.000 0.367
1924.000 0.451
1925.000 0.529
1926.000 0.340
1927.000 0.175
1928.000 0.083
1929.000 0.799
1930.000 0.681
1931.000 0.534
1932.000 0.526
1933.000 0.643
1934.000 0.435
1935.000 0.513
1936.000 0.486
1937.000 0.382
1938.000 0.425
1939.000 0.424
1940.000 0.695
1941.000 0.748
1942.000 0.714
1943.000 0.675
1944.000 0.624
1945.000 0.565
1946.000 0.423
1947.000 0.393
1948.000 0.467
1949.000 0.486
1950.000 0.635
1951.000 0.697
1952.000 0.723
1953.000 0.730
1954.000 0.725
1955.000 0.563
1956.000 0.781
1957.000 0.647
1958.000 0.572
1959.000 0.584
1960.000 0.522
1961.000 0.526
1962.000 0.445
1963.000 0.295
1964.000 0.282
1965.000 0.318
1966.000 0.313
1967.000 0.373
1968.000 0.444
1969.000 0.455
1970.000 0.500
1971.000 0.511
1972.000 0.490
1973.000 0.445
1974.000 0.393
1975.000 0.341
1976.000 0.269
1977.000 0.250
1978.000 0.247
1979.000 0.235
1980.000 0.245
1981.000 0.247
1982.000 0.272
1983.000 0.299
1984.000 0.311
1985.000 0.341
1986.000 0.344
1987.000 0.322
1988.000 0.313
1989.000 0.291
1990.000 0.285
1991.000 0.286
1992.000 0.272
1993.000 0.280
1994.000 0.299
1995.000 0.322
1996.000 0.359
1997.000 0.381
1998.000 0.380
1999.000 0.394
2000.000 0.366
2001.000 0.383
2002.000 0.454
2003.000 0.465
2004.000 0.458
2005.000 0.458
2006.000 0.407
2007.000 0.452
2008.000 0.548
2009.000 0.563
2010.000 0.600
2011.000 0.599
2012.000 0.483
2013.000 0.451
2014.000 0.415
2015.000 0.373
2016.000 0.346
2017.000 0.318
2018.000 0.309
2019.000 0.323
2020.000 0.321
2021.000 0.288
2022.000 0.307
2023.000 0.313
2024.000 0.315
2025.000 0.346
2026.000 0.351
2027.000 0.363
2028.000 0.372
2029.000 0.374
2030.000 0.372
2031.000 0.379
2032.000 0.386
2033.000 0.384
2034.000 0.382
2035.000 0.391
2036.000 0.376
2037.000 0.349
2038.000 0.340
2039.000 0.325
2040.000 0.319
2041.000 0.339
2042.000 0.343
2043.000 0.350
2044.000 0.352
2045.000 0.343
2046.000 0.342
2047.000 0.344
2048.000 0.346
2049.000 0.352
2050.000 0.360
2051.000 0.372
2052.000 0.365
2053.000 0.370
2054.000 0.409
2055.000 0.439
2056.000 0.438
2057.000 0.434
2058.000 0.402
2059.000 0.391
2060.000 0.388
2061.000 0.381
2062.000 0.379
2063.000 0.374
2064.000 0.349
2065.000 0.346
2066.000 0.359
2067.000 0.373
2068.000 0.371
2069.000 0.386
2070.000 0.394
2071.000 0.387
2072.000 0.387
2073.000 0.396
2074.000 0.399
2075.000 0.395
2076.000 0.395
2077.000 0.402
2078.000 0.399
2079.000 0.381
2080.000 0.374
2081.000 0.367
2082.000 0.370
2083.000 0.371
2084.000 0.381
2085.000 0.387
2086.000 0.375
2087.000 0.377
2088.000 0.384
2089.000 0.389
2090.000 0.402
2091.000 0.406
2092.000 0.402
2093.000 0.398
2094.000 0.383
2095.000 0.382
2096.000 0.386
2097.000 0.390
2098.000 0.400
2099.000 0.412
2100.000 0.406
2101.000 0.413
2102.000 0.415
2103.000 0.405
2104.000 0.400
2105.000 0.389
2106.000 0.390
2107.000 0.395
2108.000 0.402
2109.000 0.428
2110.000 0.431
2111.000 0.422
2112.000 0.415
2113.000 0.391
2114.000 0.385
2115.000 0.391
2116.000 0.391
2117.000 0.394
2118.000 0.396
2119.000 0.394
2120.000 0.390
2121.000 0.385
2122.000 0.380
2123.000 0.384
2124.000 0.392
2125.000 0.397
2126.000 0.418
2127.000 0.422
2128.000 0.408
2129.000 0.406
2130.000 0.407
2131.000 0.403
2132.000 0.399
2133.000 0.396
2134.000 0.391
2135.000 0.387
2136.000 0.388
2137.000 0.393
2138.000 0.404
2139.000 0.400
2140.000 0.393
2141.000 0.395
2142.000 0.394
2143.000 0.390
2144.000 0.392
2145.000 0.397
2146.000 0.407
2147.000 0.431
2148.000 0.443
2149.000 0.460
2150.000 0.469
2151.000 0.472
2152.000 0.463
2153.000 0.440
2154.000 0.429
2155.000 0.414
2156.000 0.403
2157.000 0.401
2158.000 0.409
2159.000 0.405
2160.000 0.397
2161.000 0.400
2162.000 0.409
2163.000 0.413
2164.000 0.423
2165.000 0.431
2166.000 0.438
2167.000 0.437
2168.000 0.438
2169.000 0.439
2170.000 0.432
2171.000 0.430
2172.000 0.432
2173.000 0.432
2174.000 0.431
2175.000 0.434
2176.000 0.443
2177.000 0.452
2178.000 0.463
2179.000 0.468
2180.000 0.452
2181.000 0.445
2182.000 0.441
2183.000 0.422
2184.000 0.416
2185.000 0.421
2186.000 0.421
2187.000 0.416
2188.000 0.421
2189.000 0.433
2190.000 0.435
2191.000 0.435
2192.000 0.434
2193.000 0.427
2194.000 0.425
2195.000 0.428
2196.000 0.428
2197.000 0.425
2198.000 0.429
2199.000 0.438
2200.000 0.449
2201.000 0.477
2202.000 0.486
2203.000 0.479
2204.000 0.482
2205.000 0.462
2206.000 0.443
2207.000 0.438
2208.000 0.430
2209.000 0.426
2210.000 0.426
2211.000 0.433
2212.000 0.449
2213.000 0.452
2214.000 0.455
2215.000 0.455
2216.000 0.438
2217.000 0.439
2218.000 0.461
2219.000 0.465
2220.000 0.464
2221.000 0.463
2222.000 0.455
2223.000 0.447
2224.000 0.436
2225.000 0.435
2226.000 0.438
2227.000 0.447
2228.000 0.450
2229.000 0.468
2230.000 0.474
2231.000 0.461
2232.000 0.472
2233.000 0.481
2234.000 0.474
2235.000 0.469
2236.000 0.465
2237.000 0.462
2238.000 0.457
2239.000 0.460
2240.000 0.452
2241.000 0.430
2242.000 0.419
2243.000 0.409
2244.000 0.407
2245.000 0.418
2246.000 0.417
2247.000 0.412
2248.000 0.417
2249.000 0.419
2250.000 0.420
2251.000 0.435
2252.000 0.434
2253.000 0.418
2254.000 0.404
2255.000 0.383
2256.000 0.374
2257.000 0.372
2258.000 0.357
2259.000 0.365
2260.000 0.373
2261.000 0.369
2262.000 0.393
2263.000 0.419
2264.000 0.432
2265.000 0.440
2266.000 0.446
2267.000 0.435
2268.000 0.428
2269.000 0.423
2270.000 0.412
2271.000 0.431
2272.000 0.441
2273.000 0.447
2274.000 0.482
2275.000 0.476
2276.000 0.423
2277.000 0.401
2278.000 0.369
2279.000 0.357
2280.000 0.367
2281.000 0.366
2282.000 0.362
2283.000 0.373
2284.000 0.389
2285.000 0.402
2286.000 0.437
2287.000 0.441
2288.000 0.425
2289.000 0.413
2290.000 0.381
2291.000 0.373
2292.000 0.375
2293.000 0.369
2294.000 0.367
2295.000 0.372
2296.000 0.368
2297.000 0.362
2298.000 0.393
2299.000 0.405
2300.000 0.394
2301.000 0.391
2302.000 0.395
2303.000 0.380
2304.000 0.408
2305.000 0.467
2306.000 0.462
2307.000 0.494
2308.000 0.517
2309.000 0.503
2310.000 0.600
2311.000 0.620
2312.000 0.606
2313.000 0.565
2314.000 0.481
2315.000 0.458
2316.000 0.445
2317.000 0.427
2318.000 0.437
2319.000 0.428
2320.000 0.402
2321.000 0.387
2322.000 0.394
2323.000 0.398
2324.000 0.413
2325.000 0.454
2326.000 0.456
2327.000 0.423
2328.000 0.438
2329.000 0.468
2330.000 0.472
2331.000 0.518
2332.000 0.513
2333.000 0.434
2334.000 0.402
2335.000 0.385
2336.000 0.373
2337.000 0.385
2338.000 0.406
2339.000 0.415
2340.000 0.420
2341.000 0.434
2342.000 0.434
2343.000 0.434
2344.000 0.428
2345.000 0.444
2346.000 0.415
2347.000 0.370
2348.000 0.370
2349.000 0.348
2350.000 0.338
2351.000 0.358
2352.000 0.367
2353.000 0.378
2354.000 0.407
2355.000 0.474
2356.000 0.529
2357.000 0.577
2358.000 0.570
2359.000 0.576
2360.000 0.557
2361.000 0.559
2362.000 0.481
2363.000 0.395
2364.000 0.358
2365.000 0.292
2366.000 0.256
2367.000 0.263
2368.000 0.267
2369.000 0.301
2370.000 0.293
2371.000 0.286
2372.000 0.325
2373.000 0.295
2374.000 0.304
2375.000 0.323
2376.000 0.370
2377.000 0.313
2378.000 0.241
2379.000 0.270
2380.000 0.263
2381.000 0.421
2382.000 0.513
2383.000 0.557
2384.000 0.527
2385.000 0.352
2386.000 0.361
2387.000 0.321
2388.000 0.308
2389.000 0.308
2390.000 0.272
2391.000 0.246
2392.000 0.321
2393.000 0.278
2394.000 0.238
2395.000 0.256
2396.000 0.275
2397.000 0.334
2398.000 0.414
2399.000 0.499
2400.000 0.591
2401.000 0.627
2402.000 0.536
2403.000 0.520
2404.000 0.541
2405.000 0.431
2406.000 0.412
2407.000 0.403
2408.000 0.349
2409.000 0.261
2410.000 0.205
2411.000 0.310
2412.000 0.246
2413.000 0.200
2414.000 0.220
2415.000 0.243
2416.000 0.309
2417.000 0.596
2418.000 0.430
2419.000 0.457
2420.000 0.560
2421.000 0.719
2422.000 0.646
2423.000 0.583
2424.000 0.504
2425.000 0.390
2426.000 0.168
2427.000 0.187
2428.000 0.354
2429.000 0.463
2430.000 0.324
2431.000 0.394
2432.000 0.320
2433.000 0.228
2434.000 0.488
2435.000 0.656
2436.000 0.512
2437.000 0.686
2438.000 0.503
2439.000 0.352
2440.000 0.235
2441.000 0.185
2442.000 0.150
2443.000 0.081
2444.000 0.287
2445.000 0.420
2446.000 0.315
2447.000 0.590
2448.000 0.631
2449.000 0.697
2450.000 0.957
2451.000 0.787
2452.000 0.481
2453.000 0.398
2454.000 0.213
2455.000 0.241
2456.000 0.256
2457.000 0.299
2458.000 0.490
2459.000 0.433
2460.000 0.659
2461.000 0.646
2462.000 0.657
2463.000 0.658
2464.000 0.598
2465.000 0.481
2466.000 0.492
2467.000 0.548
2468.000 0.389
2469.000 0.330
2470.000 0.328
2471.000 0.206
2472.000 0.285
2473.000 0.334
2474.000 0.462
2475.000 0.543
2476.000 0.692
2477.000 0.416
2478.000 0.341
2479.000 0.298
2480.000 0.463
2481.000 0.289
2482.000 0.086
2483.000 0.180
2484.000 0.293
2485.000 0.243
2486.000 0.153
2487.000 0.183
2488.000 0.264
2489.000 0.472
2490.000 0.611
2491.000 0.384
2492.000 0.219
2493.000 0.223
2494.000 0.537
2495.000 0.333
2496.000 0.344
2497.000 0.143
2498.000 0.416
2499.000 0.255
2500.000 0.183
