391.000 0.115
392.000 0.116
393.000 0.143
394.000 0.140
395.000 0.127
396.000 0.132
397.000 0.149
398.000 0.138
399.000 0.129
400.000 0.136
401.000 0.152
402.000 0.135
403.000 0.135
404.000 0.140
405.000 0.125
406.000 0.123
407.000 0.122
408.000 0.120
409.000 0.130
410.000 0.130
411.000 0.128
412.000 0.130
413.000 0.125
414.000 0.131
415.000 0.135
416.000 0.129
417.000 0.136
418.000 0.142
419.000 0.140
420.000 0.135
421.000 0.130
422.000 0.131
423.000 0.135
424.000 0.129
425.000 0.128
426.000 0.130
427.000 0.126
428.000 0.130
429.000 0.130
430.000 0.128
431.000 0.135
432.000 0.132
433.000 0.129
434.000 0.132
435.000 0.132
436.000 0.128
437.000 0.126
438.000 0.127
439.000 0.128
440.000 0.129
441.000 0.132
442.000 0.134
443.000 0.128
444.000 0.124
445.000 0.125
446.000 0.126
447.000 0.127
448.000 0.127
449.000 0.127
450.000 0.127
451.000 0.130
452.000 0.134
453.000 0.133
454.000 0.131
455.000 0.129
456.000 0.131
457.000 0.124
458.000 0.126
459.000 0.129
460.000 0.125
461.000 0.125
462.000 0.128
463.000 0.129
464.000 0.128
465.000 0.128
466.000 0.128
467.000 0.130
468.000 0.134
469.000 0.137
470.000 0.137
471.000 0.137
472.000 0.135
473.000 0.132
474.000 0.130
475.000 0.128
476.000 0.131
477.000 0.134
478.000 0.132
479.000 0.128
480.000 0.129
481.000 0.133
482.000 0.130
483.000 0.126
484.000 0.127
485.000 0.134
486.000 0.134
487.000 0.136
488.000 0.139
489.000 0.140
490.000 0.132
491.000 0.129
492.000 0.134
493.000 0.139
494.000 0.135
495.000 0.130
496.000 0.132
497.000 0.139
498.000 0.135
499.000 0.131
500.000 0.136
501.000 0.134
502.000 0.139
503.000 0.147
504.000 0.148
505.000 0.147
506.000 0.149
507.000 0.153
508.000 0.158
509.000 0.159
510.000 0.159
511.000 0.162
512.000 0.163
513.000 0.168
514.000 0.176
515.000 0.178
516.000 0.182
517.000 0.185
518.000 0.187
519.000 0.196
520.000 0.201
521.000 0.204
522.000 0.213
523.000 0.219
524.000 0.222
525.000 0.225
526.000 0.231
527.000 0.237
528.000 0.244
529.000 0.250
530.000 0.256
531.000 0.257
532.000 0.259
533.000 0.265
534.000 0.267
535.000 0.268
536.000 0.270
537.000 0.270
538.000 0.271
539.000 0.272
540.000 0.274
541.000 0.277
542.000 0.277
543.000 0.275
544.000 0.277
545.000 0.279
546.000 0.280
547.000 0.281
548.000 0.281
549.000 0.280
550.000 0.281
551.000 0.281
552.000 0.281
553.000 0.281
554.000 0.280
555.000 0.280
556.000 0.278
557.000 0.277
558.000 0.277
559.000 0.275
560.000 0.273
561.000 0.272
562.000 0.272
563.000 0.268
564.000 0.265
565.000 0.261
566.000 0.256
567.000 0.252
568.000 0.249
569.000 0.245
570.000 0.240
571.000 0.237
572.000 0.237
573.000 0.234
574.000 0.232
575.000 0.230
576.000 0.227
577.000 0.226
578.000 0.220
579.000 0.213
580.000 0.211
581.000 0.214
582.000 0.215
583.000 0.213
584.000 0.208
585.000 0.206
586.000 0.206
587.000 0.202
588.000 0.201
589.000 0.200
590.000 0.198
591.000 0.196
592.000 0.196
593.000 0.197
594.000 0.198
595.000 0.193
596.000 0.189
597.000 0.188
598.000 0.192
599.000 0.193
600.000 0.192
601.000 0.189
602.000 0.190
603.000 0.192
604.000 0.193
605.000 0.191
606.000 0.190
607.000 0.188
608.000 0.185
609.000 0.184
610.000 0.183
611.000 0.181
612.000 0.179
613.000 0.180
614.000 0.181
615.000 0.181
616.000 0.180
617.000 0.176
618.000 0.174
619.000 0.172
620.000 0.173
621.000 0.173
622.000 0.171
623.000 0.171
624.000 0.169
625.000 0.170
626.000 0.173
627.000 0.171
628.000 0.173
629.000 0.174
630.000 0.172
631.000 0.175
632.000 0.174
633.000 0.170
634.000 0.167
635.000 0.169
636.000 0.169
637.000 0.164
638.000 0.164
639.000 0.164
640.000 0.165
641.000 0.166
642.000 0.161
643.000 0.158
644.000 0.158
645.000 0.159
646.000 0.156
647.000 0.154
648.000 0.158
649.000 0.156
650.000 0.158
651.000 0.160
652.000 0.152
653.000 0.153
654.000 0.155
655.000 0.150
656.000 0.148
657.000 0.151
658.000 0.157
659.000 0.161
660.000 0.155
661.000 0.155
662.000 0.159
663.000 0.152
664.000 0.155
665.000 0.160
666.000 0.156
667.000 0.159
668.000 0.160
669.000 0.160
670.000 0.162
671.000 0.159
672.000 0.157
673.000 0.157
674.000 0.159
675.000 0.162
676.000 0.167
677.000 0.171
678.000 0.175
679.000 0.175
680.000 0.175
681.000 0.178
682.000 0.178
683.000 0.178
684.000 0.181
685.000 0.185
686.000 0.187
687.000 0.192
688.000 0.201
689.000 0.201
690.000 0.202
691.000 0.205
692.000 0.207
693.000 0.219
694.000 0.230
695.000 0.236
696.000 0.246
697.000 0.259
698.000 0.275
699.000 0.288
700.000 0.303
701.000 0.318
702.000 0.332
703.000 0.347
704.000 0.362
705.000 0.375
706.000 0.387
707.000 0.402
708.000 0.416
709.000 0.428
710.000 0.438
711.000 0.452
712.000 0.465
713.000 0.476
714.000 0.490
715.000 0.502
716.000 0.514
717.000 0.524
718.000 0.535
719.000 0.547
720.000 0.560
721.000 0.572
722.000 0.583
723.000 0.593
724.000 0.603
725.000 0.614
726.000 0.623
727.000 0.632
728.000 0.642
729.000 0.651
730.000 0.658
731.000 0.667
732.000 0.675
733.000 0.681
734.000 0.688
735.000 0.694
736.000 0.688
737.000 0.693
738.000 0.699
739.000 0.704
740.000 0.708
741.000 0.713
742.000 0.716
743.000 0.720
744.000 0.723
745.000 0.726
746.000 0.729
747.000 0.732
748.000 0.734
749.000 0.736
750.000 0.738
751.000 0.739
752.000 0.741
753.000 0.742
754.000 0.743
755.000 0.744
756.000 0.745
757.000 0.746
758.000 0.746
759.000 0.755
760.000 0.754
761.000 0.754
762.000 0.752
763.000 0.751
764.000 0.753
765.000 0.756
766.000 0.758
767.000 0.759
768.000 0.760
769.000 0.761
770.000 0.762
771.000 0.763
772.000 0.763
773.000 0.764
774.000 0.764
775.000 0.765
776.000 0.765
777.000 0.765
778.000 0.765
779.000 0.765
780.000 0.766
781.000 0.766
782.000 0.766
783.000 0.766
784.000 0.767
785.000 0.767
786.000 0.767
787.000 0.767
788.000 0.767
789.000 0.767
790.000 0.767
791.000 0.767
792.000 0.768
793.000 0.768
794.000 0.769
795.000 0.769
796.000 0.769
797.000 0.769
798.000 0.769
799.000 0.770
800.000 0.770
801.000 0.771
802.000 0.771
803.000 0.771
804.000 0.771
805.000 0.772
806.000 0.772
807.000 0.773
808.000 0.773
809.000 0.773
810.000 0.773
811.000 0.773
812.000 0.773
813.000 0.772
814.000 0.771
815.000 0.771
816.000 0.771
817.000 0.771
818.000 0.772
819.000 0.773
820.000 0.773
821.000 0.773
822.000 0.774
823.000 0.775
824.000 0.775
825.000 0.775
826.000 0.775
827.000 0.776
828.000 0.776
829.000 0.777
830.000 0.777
831.000 0.778
832.000 0.778
833.000 0.779
834.000 0.779
835.000 0.779
836.000 0.780
837.000 0.780
838.000 0.781
839.000 0.782
840.000 0.783
841.000 0.783
842.000 0.783
843.000 0.783
844.000 0.784
845.000 0.784
846.000 0.785
847.000 0.784
848.000 0.784
849.000 0.784
850.000 0.785
851.000 0.785
852.000 0.785
853.000 0.786
854.000 0.786
855.000 0.787
856.000 0.787
857.000 0.786
858.000 0.786
859.000 0.787
860.000 0.787
861.000 0.787
862.000 0.787
863.000 0.788
864.000 0.789
865.000 0.789
866.000 0.790
867.000 0.790
868.000 0.790
869.000 0.790
870.000 0.790
871.000 0.790
872.000 0.790
873.000 0.790
874.000 0.792
875.000 0.792
876.000 0.792
877.000 0.791
878.000 0.791
879.000 0.792
880.000 0.793
881.000 0.793
882.000 0.794
883.000 0.794
884.000 0.794
885.000 0.795
886.000 0.795
887.000 0.795
888.000 0.795
889.000 0.795
890.000 0.795
891.000 0.795
892.000 0.795
893.000 0.794
894.000 0.794
895.000 0.794
896.000 0.794
897.000 0.794
898.000 0.793
899.000 0.793
900.000 0.793
901.000 0.795
902.000 0.795
903.000 0.795
904.000 0.787
905.000 0.795
906.000 0.794
907.000 0.795
908.000 0.796
909.000 0.798
910.000 0.797
911.000 0.797
912.000 0.796
913.000 0.789
914.000 0.797
915.000 0.797
916.000 0.798
917.000 0.790
918.000 0.790
919.000 0.790
920.000 0.791
921.000 0.790
922.000 0.790
923.000 0.790
924.000 0.791
925.000 0.791
926.000 0.790
927.000 0.789
928.000 0.789
929.000 0.796
930.000 0.796
931.000 0.797
932.000 0.796
933.000 0.795
934.000 0.794
935.000 0.792
936.000 0.790
937.000 0.787
938.000 0.785
939.000 0.784
940.000 0.787
941.000 0.786
942.000 0.785
943.000 0.785
944.000 0.791
945.000 0.787
946.000 0.787
947.000 0.783
948.000 0.790
949.000 0.782
950.000 0.781
951.000 0.788
952.000 0.779
953.000 0.788
954.000 0.789
955.000 0.784
956.000 0.787
957.000 0.786
958.000 0.783
959.000 0.780
960.000 0.777
961.000 0.784
962.000 0.788
963.000 0.786
964.000 0.783
965.000 0.785
966.000 0.784
967.000 0.780
968.000 0.786
969.000 0.789
970.000 0.787
971.000 0.786
972.000 0.790
973.000 0.790
974.000 0.788
975.000 0.788
976.000 0.794
977.000 0.790
978.000 0.789
979.000 0.793
980.000 0.791
981.000 0.790
982.000 0.792
983.000 0.796
984.000 0.793
985.000 0.794
986.000 0.793
987.000 0.791
988.000 0.795
989.000 0.798
990.000 0.799
991.000 0.800
992.000 0.801
993.000 0.801
994.000 0.799
995.000 0.798
996.000 0.800
997.000 0.799
998.000 0.799
999.000 0.801
1000.000 0.799
1001.000 0.797
1002.000 0.798
1003.000 0.798
1004.000 0.801
1005.000 0.801
1006.000 0.801
1007.000 0.801
1008.000 0.800
1009.000 0.800
1010.000 0.800
1011.000 0.800
1012.000 0.802
1013.000 0.803
1014.000 0.805
1015.000 0.806
1016.000 0.805
1017.000 0.805
1018.000 0.807
1019.000 0.808
1020.000 0.810
1021.000 0.812
1022.000 0.811
1023.000 0.811
1024.000 0.810
1025.000 0.808
1026.000 0.805
1027.000 0.810
1028.000 0.810
1029.000 0.803
1030.000 0.804
1031.000 0.805
1032.000 0.805
1033.000 0.805
1034.000 0.811
1035.000 0.808
1036.000 0.810
1037.000 0.812
1038.000 0.813
1039.000 0.809
1040.000 0.815
1041.000 0.813
1042.000 0.813
1043.000 0.814
1044.000 0.816
1045.000 0.816
1046.000 0.810
1047.000 0.809
1048.000 0.815
1049.000 0.815
1050.000 0.816
1051.000 0.816
1052.000 0.814
1053.000 0.813
1054.000 0.814
1055.000 0.816
1056.000 0.818
1057.000 0.813
1058.000 0.813
1059.000 0.813
1060.000 0.814
1061.000 0.814
1062.000 0.815
1063.000 0.816
1064.000 0.822
1065.000 0.816
1066.000 0.823
1067.000 0.821
1068.000 0.820
1069.000 0.820
1070.000 0.819
1071.000 0.818
1072.000 0.819
1073.000 0.819
1074.000 0.818
1075.000 0.819
1076.000 0.819
1077.000 0.818
1078.000 0.818
1079.000 0.819
1080.000 0.819
1081.000 0.820
1082.000 0.821
1083.000 0.822
1084.000 0.824
1085.000 0.824
1086.000 0.825
1087.000 0.824
1088.000 0.823
1089.000 0.823
1090.000 0.823
1091.000 0.823
1092.000 0.823
1093.000 0.822
1094.000 0.822
1095.000 0.822
1096.000 0.823
1097.000 0.823
1098.000 0.823
1099.000 0.823
1100.000 0.823
1101.000 0.824
1102.000 0.824
1103.000 0.823
1104.000 0.820
1105.000 0.819
1106.000 0.817
1107.000 0.815
1108.000 0.815
1109.000 0.816
1110.000 0.815
1111.000 0.814
1112.000 0.812
1113.000 0.809
1114.000 0.807
1115.000 0.807
1116.000 0.808
1117.000 0.809
1118.000 0.812
1119.000 0.811
1120.000 0.809
1121.000 0.806
1122.000 0.801
1123.000 0.799
1124.000 0.800
1125.000 0.802
1126.000 0.808
1127.000 0.810
1128.000 0.811
1129.000 0.809
1130.000 0.806
1131.000 0.805
1132.000 0.807
1133.000 0.804
1134.000 0.809
1135.000 0.811
1136.000 0.812
1137.000 0.812
1138.000 0.809
1139.000 0.808
1140.000 0.806
1141.000 0.804
1142.000 0.801
1143.000 0.799
1144.000 0.797
1145.000 0.795
1146.000 0.795
1147.000 0.795
1148.000 0.796
1149.000 0.797
1150.000 0.797
1151.000 0.796
1152.000 0.794
1153.000 0.794
1154.000 0.796
1155.000 0.796
1156.000 0.798
1157.000 0.798
1158.000 0.798
1159.000 0.798
1160.000 0.798
1161.000 0.798
1162.000 0.797
1163.000 0.797
1164.000 0.800
1165.000 0.800
1166.000 0.800
1167.000 0.801
1168.000 0.802
1169.000 0.802
1170.000 0.803
1171.000 0.803
1172.000 0.803
1173.000 0.802
1174.000 0.802
1175.000 0.804
1176.000 0.804
1177.000 0.803
1178.000 0.803
1179.000 0.800
1180.000 0.800
1181.000 0.800
1182.000 0.801
1183.000 0.805
1184.000 0.806
1185.000 0.806
1186.000 0.806
1187.000 0.804
1188.000 0.803
1189.000 0.804
1190.000 0.805
1191.000 0.806
1192.000 0.807
1193.000 0.807
1194.000 0.806
1195.000 0.806
1196.000 0.806
1197.000 0.807
1198.000 0.808
1199.000 0.808
1200.000 0.807
1201.000 0.807
1202.000 0.807
1203.000 0.808
1204.000 0.809
1205.000 0.811
1206.000 0.811
1207.000 0.813
1208.000 0.814
1209.000 0.815
1210.000 0.814
1211.000 0.812
1212.000 0.811
1213.000 0.811
1214.000 0.811
1215.000 0.811
1216.000 0.812
1217.000 0.812
1218.000 0.813
1219.000 0.816
1220.000 0.817
1221.000 0.817
1222.000 0.817
1223.000 0.816
1224.000 0.815
1225.000 0.815
1226.000 0.815
1227.000 0.815
1228.000 0.814
1229.000 0.816
1230.000 0.817
1231.000 0.817
1232.000 0.817
1233.000 0.816
1234.000 0.815
1235.000 0.814
1236.000 0.814
1237.000 0.814
1238.000 0.814
1239.000 0.815
1240.000 0.817
1241.000 0.818
1242.000 0.818
1243.000 0.818
1244.000 0.816
1245.000 0.815
1246.000 0.815
1247.000 0.815
1248.000 0.815
1249.000 0.815
1250.000 0.816
1251.000 0.817
1252.000 0.817
1253.000 0.818
1254.000 0.818
1255.000 0.817
1256.000 0.817
1257.000 0.818
1258.000 0.818
1259.000 0.819
1260.000 0.820
1261.000 0.819
1262.000 0.819
1263.000 0.819
1264.000 0.820
1265.000 0.821
1266.000 0.821
1267.000 0.819
1268.000 0.819
1269.000 0.819
1270.000 0.818
1271.000 0.819
1272.000 0.822
1273.000 0.823
1274.000 0.824
1275.000 0.825
1276.000 0.826
1277.000 0.827
1278.000 0.827
1279.000 0.827
1280.000 0.827
1281.000 0.827
1282.000 0.827
1283.000 0.827
1284.000 0.827
1285.000 0.826
1286.000 0.827
1287.000 0.827
1288.000 0.828
1289.000 0.824
1290.000 0.823
1291.000 0.823
1292.000 0.823
1293.000 0.823
1294.000 0.827
1295.000 0.827
1296.000 0.826
1297.000 0.825
1298.000 0.824
1299.000 0.825
1300.000 0.824
1301.000 0.823
1302.000 0.823
1303.000 0.822
1304.000 0.821
1305.000 0.821
1306.000 0.821
1307.000 0.819
1308.000 0.818
1309.000 0.817
1310.000 0.817
1311.000 0.816
1312.000 0.816
1313.000 0.817
1314.000 0.816
1315.000 0.814
1316.000 0.813
1317.000 0.810
1318.000 0.808
1319.000 0.806
1320.000 0.803
1321.000 0.801
1322.000 0.800
1323.000 0.797
1324.000 0.797
1325.000 0.795
1326.000 0.792
1327.000 0.790
1328.000 0.790
1329.000 0.788
1330.000 0.787
1331.000 0.785
1332.000 0.783
1333.000 0.781
1334.000 0.778
1335.000 0.775
1336.000 0.772
1337.000 0.769
1338.000 0.765
1339.000 0.761
1340.000 0.756
1341.000 0.754
1342.000 0.759
1343.000 0.759
1344.000 0.755
1345.000 0.752
1346.000 0.750
1347.000 0.742
1348.000 0.736
1349.000 0.735
1350.000 0.739
1351.000 0.757
1352.000 0.770
1353.000 0.791
1354.000 0.819
1355.000 0.799
1356.000 0.770
1357.000 0.810
1358.000 0.864
1359.000 0.776
1360.000 0.823
1361.000 0.712
1362.000 0.325
1363.000 0.220
1364.000 0.212
1365.000 0.085
1366.000 0.079
1367.000 0.072
1368.000 0.077
1369.000 0.080
1370.000 0.111
1371.000 0.117
1372.000 0.133
1373.000 0.152
1374.000 0.192
1375.000 0.256
1376.000 0.571
1377.000 0.543
1378.000 0.465
1379.000 0.458
1380.000 0.420
1381.000 0.454
1382.000 0.450
1383.000 0.517
1384.000 0.303
1385.000 0.108
1386.000 0.342
1387.000 0.374
1388.000 0.465
1389.000 0.388
1390.000 0.486
1391.000 0.584
1392.000 0.683
1393.000 0.633
1394.000 0.696
1395.000 0.552
1396.000 0.622
1397.000 0.509
1398.000 0.617
1399.000 0.625
1400.000 0.595
1401.000 0.479
1402.000 0.566
1403.000 0.652
1404.000 0.703
1405.000 0.558
1406.000 0.406
1407.000 0.459
1408.000 0.448
1409.000 0.494
1410.000 0.827
1411.000 0.688
1412.000 0.595
1413.000 0.658
1414.000 0.643
1415.000 0.649
1416.000 0.627
1417.000 0.696
1418.000 0.632
1419.000 0.512
1420.000 0.519
1421.000 0.516
1422.000 0.472
1423.000 0.417
1424.000 0.428
1425.000 0.440
1426.000 0.461
1427.000 0.568
1428.000 0.624
1429.000 0.614
1430.000 0.588
1431.000 0.553
1432.000 0.512
1433.000 0.436
1434.000 0.411
1435.000 0.384
1436.000 0.392
1437.000 0.464
1438.000 0.497
1439.000 0.528
1440.000 0.545
1441.000 0.496
1442.000 0.491
1443.000 0.428
1444.000 0.427
1445.000 0.481
1446.000 0.494
1447.000 0.539
1448.000 0.534
1449.000 0.485
1450.000 0.423
1451.000 0.412
1452.000 0.396
1453.000 0.393
1454.000 0.408
1455.000 0.417
1456.000 0.425
1457.000 0.428
1458.000 0.433
1459.000 0.443
1460.000 0.448
1461.000 0.451
1462.000 0.472
1463.000 0.458
1464.000 0.411
1465.000 0.393
1466.000 0.365
1467.000 0.367
1468.000 0.406
1469.000 0.422
1470.000 0.454
1471.000 0.468
1472.000 0.448
1473.000 0.452
1474.000 0.459
1475.000 0.469
1476.000 0.495
1477.000 0.498
1478.000 0.496
1479.000 0.490
1480.000 0.470
1481.000 0.461
1482.000 0.454
1483.000 0.448
1484.000 0.441
1485.000 0.441
1486.000 0.449
1487.000 0.451
1488.000 0.454
1489.000 0.455
1490.000 0.453
1491.000 0.451
1492.000 0.448
1493.000 0.448
1494.000 0.450
1495.000 0.449
1496.000 0.446
1497.000 0.449
1498.000 0.453
1499.000 0.458
1500.000 0.470
1501.000 0.476
1502.000 0.480
1503.000 0.484
1504.000 0.487
1505.000 0.486
1506.000 0.486
1507.000 0.484
1508.000 0.481
1509.000 0.476
1510.000 0.476
1511.000 0.477
1512.000 0.480
1513.000 0.487
1514.000 0.491
1515.000 0.492
1516.000 0.494
1517.000 0.493
1518.000 0.498
1519.000 0.506
1520.000 0.509
1521.000 0.514
1522.000 0.516
1523.000 0.510
1524.000 0.512
1525.000 0.516
1526.000 0.519
1527.000 0.525
1528.000 0.529
1529.000 0.535
1530.000 0.537
1531.000 0.537
1532.000 0.535
1533.000 0.525
1534.000 0.523
1535.000 0.522
1536.000 0.526
1537.000 0.535
1538.000 0.543
1539.000 0.556
1540.000 0.563
1541.000 0.565
1542.000 0.567
1543.000 0.560
1544.000 0.560
1545.000 0.562
1546.000 0.563
1547.000 0.564
1548.000 0.566
1549.000 0.566
1550.000 0.567
1551.000 0.572
1552.000 0.574
1553.000 0.576
1554.000 0.577
1555.000 0.576
1556.000 0.579
1557.000 0.584
1558.000 0.586
1559.000 0.589
1560.000 0.590
1561.000 0.587
1562.000 0.588
1563.000 0.590
1564.000 0.591
1565.000 0.589
1566.000 0.590
1567.000 0.593
1568.000 0.594
1569.000 0.597
1570.000 0.599
1571.000 0.597
1572.000 0.597
1573.000 0.596
1574.000 0.596
1575.000 0.593
1576.000 0.595
1577.000 0.600
1578.000 0.605
1579.000 0.614
1580.000 0.619
1581.000 0.619
1582.000 0.622
1583.000 0.626
1584.000 0.627
1585.000 0.629
1586.000 0.631
1587.000 0.628
1588.000 0.628
1589.000 0.631
1590.000 0.634
1591.000 0.638
1592.000 0.626
1593.000 0.632
1594.000 0.633
1595.000 0.631
1596.000 0.631
1597.000 0.637
1598.000 0.636
1599.000 0.628
1600.000 0.631
1601.000 0.638
1602.000 0.641
1603.000 0.638
1604.000 0.638
1605.000 0.642
1606.000 0.642
1607.000 0.642
1608.000 0.641
1609.000 0.639
1610.000 0.638
1611.000 0.636
1612.000 0.638
1613.000 0.642
1614.000 0.645
1615.000 0.653
1616.000 0.657
1617.000 0.658
1618.000 0.659
1619.000 0.657
1620.000 0.656
1621.000 0.652
1622.000 0.650
1623.000 0.646
1624.000 0.646
1625.000 0.648
1626.000 0.650
1627.000 0.655
1628.000 0.658
1629.000 0.661
1630.000 0.661
1631.000 0.658
1632.000 0.657
1633.000 0.655
1634.000 0.654
1635.000 0.656
1636.000 0.658
1637.000 0.661
1638.000 0.664
1639.000 0.667
1640.000 0.670
1641.000 0.674
1642.000 0.676
1643.000 0.673
1644.000 0.674
1645.000 0.673
1646.000 0.674
1647.000 0.678
1648.000 0.679
1649.000 0.679
1650.000 0.678
1651.000 0.673
1652.000 0.671
1653.000 0.667
1654.000 0.666
1655.000 0.669
1656.000 0.672
1657.000 0.676
1658.000 0.676
1659.000 0.671
1660.000 0.671
1661.000 0.671
1662.000 0.672
1663.000 0.680
1664.000 0.681
1665.000 0.676
1666.000 0.675
1667.000 0.676
1668.000 0.674
1669.000 0.672
1670.000 0.673
1671.000 0.670
1672.000 0.670
1673.000 0.680
1674.000 0.681
1675.000 0.679
1676.000 0.677
1677.000 0.668
1678.000 0.666
1679.000 0.666
1680.000 0.667
1681.000 0.674
1682.000 0.675
1683.000 0.676
1684.000 0.677
1685.000 0.677
1686.000 0.678
1687.000 0.681
1688.000 0.682
1689.000 0.680
1690.000 0.680
1691.000 0.685
1692.000 0.686
1693.000 0.686
1694.000 0.684
1695.000 0.677
1696.000 0.674
1697.000 0.673
1698.000 0.672
1699.000 0.675
1700.000 0.677
1701.000 0.681
1702.000 0.679
1703.000 0.669
1704.000 0.667
1705.000 0.664
1706.000 0.663
1707.000 0.671
1708.000 0.670
1709.000 0.664
1710.000 0.664
1711.000 0.669
1712.000 0.673
1713.000 0.680
1714.000 0.679
1715.000 0.675
1716.000 0.677
1717.000 0.678
1718.000 0.685
1719.000 0.691
1720.000 0.683
1721.000 0.679
1722.000 0.675
1723.000 0.668
1724.000 0.669
1725.000 0.666
1726.000 0.663
1727.000 0.663
1728.000 0.666
1729.000 0.676
1730.000 0.683
1731.000 0.679
1732.000 0.678
1733.000 0.677
1734.000 0.673
1735.000 0.672
1736.000 0.671
1737.000 0.666
1738.000 0.656
1739.000 0.653
1740.000 0.655
1741.000 0.655
1742.000 0.657
1743.000 0.658
1744.000 0.655
1745.000 0.654
1746.000 0.660
1747.000 0.662
1748.000 0.663
1749.000 0.659
1750.000 0.643
1751.000 0.638
1752.000 0.632
1753.000 0.629
1754.000 0.636
1755.000 0.639
1756.000 0.642
1757.000 0.643
1758.000 0.643
1759.000 0.640
1760.000 0.641
1761.000 0.634
1762.000 0.631
1763.000 0.628
1764.000 0.622
1765.000 0.626
1766.000 0.629
1767.000 0.625
1768.000 0.622
1769.000 0.620
1770.000 0.622
1771.000 0.635
1772.000 0.653
1773.000 0.649
1774.000 0.648
1775.000 0.635
1776.000 0.619
1777.000 0.633
1778.000 0.634
1779.000 0.635
1780.000 0.635
1781.000 0.620
1782.000 0.616
1783.000 0.611
1784.000 0.612
1785.000 0.618
1786.000 0.624
1787.000 0.635
1788.000 0.639
1789.000 0.638
1790.000 0.621
1791.000 0.593
1792.000 0.589
1793.000 0.578
1794.000 0.580
1795.000 0.584
1796.000 0.595
1797.000 0.630
1798.000 0.674
1799.000 0.729
1800.000 0.762
1801.000 0.632
1802.000 0.683
1803.000 0.752
1804.000 0.771
1805.000 0.798
1806.000 0.735
1807.000 0.736
1808.000 0.797
1809.000 0.722
1810.000 0.623
1811.000 0.700
1812.000 0.613
1813.000 0.513
1814.000 0.536
1815.000 0.505
1816.000 0.526
1817.000 0.780
1818.000 0.789
1819.000 0.813
1820.000 0.789
1821.000 0.703
1822.000 0.702
1823.000 0.752
1824.000 0.845
1825.000 0.779
1826.000 0.393
1827.000 0.396
1828.000 0.558
1829.000 0.574
1830.000 0.542
1831.000 0.657
1832.000 0.501
1833.000 0.848
1834.000 0.579
1835.000 0.536
1836.000 0.503
1837.000 0.717
1838.000 0.557
1839.000 0.474
1840.000 0.410
1841.000 0.457
1842.000 0.378
1843.000 0.490
1844.000 0.500
1845.000 0.375
1846.000 0.407
1847.000 0.435
1848.000 0.396
1849.000 0.682
1850.000 0.451
1851.000 0.485
1852.000 0.560
1853.000 0.654
1854.000 0.784
1855.000 0.449
1856.000 0.435
1857.000 0.465
1858.000 0.415
1859.000 0.353
1860.000 0.428
1861.000 0.504
1862.000 0.599
1863.000 0.688
1864.000 0.552
1865.000 0.519
1866.000 0.526
1867.000 0.536
1868.000 0.542
1869.000 0.579
1870.000 0.586
1871.000 0.622
1872.000 0.408
1873.000 0.384
1874.000 0.648
1875.000 0.639
1876.000 0.549
1877.000 0.552
1878.000 0.546
1879.000 0.556
1880.000 0.616
1881.000 0.323
1882.000 0.154
1883.000 0.507
1884.000 0.731
1885.000 0.497
1886.000 0.430
1887.000 0.461
1888.000 0.468
1889.000 0.379
1890.000 0.551
1891.000 0.434
1892.000 0.530
1893.000 0.627
1894.000 0.458
1895.000 0.312
1896.000 0.450
1897.000 0.600
1898.000 0.597
1899.000 0.486
1900.000 0.713
1901.000 0.314
1902.000 0.411
1903.000 0.443
1904.000 0.494
1905.000 0.518
1906.000 0.547
1907.000 0.573
1908.000 0.598
1909.000 0.647
1910.000 0.632
1911.000 0.677
1912.000 0.708
1913.000 0.731
1914.000 0.791
1915.000 0.835
1916.000 0.679
1917.000 0.770
1918.000 0.550
1919.000 0.567
1920.000 0.578
1921.000 0.674
1922.000 0.723
1923.000 0.588
1924.000 0.576
1925.000 0.545
1926.000 0.514
1927.000 0.509
1928.000 0.601
1929.000 0.623
1930.000 0.603
1931.000 0.531
1932.000 0.459
1933.000 0.487
1934.000 0.541
1935.000 0.597
1936.000 0.635
1937.000 0.753
1938.000 0.693
1939.000 0.519
1940.000 0.682
1941.000 0.433
1942.000 0.398
1943.000 0.341
1944.000 0.371
1945.000 0.526
1946.000 0.634
1947.000 0.798
1948.000 0.771
1949.000 0.737
1950.000 0.747
1951.000 0.726
1952.000 0.713
1953.000 0.647
1954.000 0.425
1955.000 0.358
1956.000 0.367
1957.000 0.333
1958.000 0.398
1959.000 0.348
1960.000 0.291
1961.000 0.349
1962.000 0.383
1963.000 0.424
1964.000 0.486
1965.000 0.610
1966.000 0.404
1967.000 0.492
1968.000 0.610
1969.000 0.459
1970.000 0.332
1971.000 0.391
1972.000 0.348
1973.000 0.351
1974.000 0.408
1975.000 0.397
1976.000 0.314
1977.000 0.299
1978.000 0.292
1979.000 0.290
1980.000 0.345
1981.000 0.288
1982.000 0.338
1983.000 0.354
1984.000 0.322
1985.000 0.329
1986.000 0.318
1987.000 0.319
1988.000 0.307
1989.000 0.294
1990.000 0.285
1991.000 0.272
1992.000 0.247
1993.000 0.266
1994.000 0.346
1995.000 0.437
1996.000 0.495
1997.000 0.623
1998.000 0.619
1999.000 0.621
2000.000 0.678
2001.000 0.706
2002.000 0.673
2003.000 0.590
2004.000 0.502
2005.000 0.413
2006.000 0.290
2007.000 0.261
2008.000 0.291
2009.000 0.285
2010.000 0.304
2011.000 0.359
2012.000 0.393
2013.000 0.361
2014.000 0.343
2015.000 0.273
2016.000 0.271
2017.000 0.301
2018.000 0.325
2019.000 0.363
2020.000 0.399
2021.000 0.424
2022.000 0.387
2023.000 0.354
2024.000 0.357
2025.000 0.383
2026.000 0.373
2027.000 0.377
2028.000 0.409
2029.000 0.426
2030.000 0.424
2031.000 0.430
2032.000 0.462
2033.000 0.445
2034.000 0.392
2035.000 0.367
2036.000 0.328
2037.000 0.298
2038.000 0.291
2039.000 0.300
2040.000 0.340
2041.000 0.376
2042.000 0.376
2043.000 0.359
2044.000 0.334
2045.000 0.266
2046.000 0.255
2047.000 0.279
2048.000 0.280
2049.000 0.289
2050.000 0.302
2051.000 0.296
2052.000 0.289
2053.000 0.327
2054.000 0.362
2055.000 0.426
2056.000 0.464
2057.000 0.458
2058.000 0.418
2059.000 0.394
2060.000 0.320
2061.000 0.312
2062.000 0.344
2063.000 0.354
2064.000 0.396
2065.000 0.396
2066.000 0.345
2067.000 0.350
2068.000 0.340
2069.000 0.336
2070.000 0.351
2071.000 0.357
2072.000 0.373
2073.000 0.398
2074.000 0.416
2075.000 0.445
2076.000 0.450
2077.000 0.413
2078.000 0.420
2079.000 0.463
2080.000 0.475
2081.000 0.475
2082.000 0.503
2083.000 0.510
2084.000 0.462
2085.000 0.468
2086.000 0.452
2087.000 0.443
2088.000 0.447
2089.000 0.436
2090.000 0.404
2091.000 0.398
2092.000 0.394
2093.000 0.394
2094.000 0.413
2095.000 0.423
2096.000 0.433
2097.000 0.443
2098.000 0.456
2099.000 0.459
2100.000 0.476
2101.000 0.467
2102.000 0.469
2103.000 0.487
2104.000 0.477
2105.000 0.459
2106.000 0.449
2107.000 0.419
2108.000 0.413
2109.000 0.420
2110.000 0.426
2111.000 0.448
2112.000 0.454
2113.000 0.457
2114.000 0.454
2115.000 0.426
2116.000 0.421
2117.000 0.426
2118.000 0.429
2119.000 0.447
2120.000 0.464
2121.000 0.464
2122.000 0.467
2123.000 0.479
2124.000 0.499
2125.000 0.503
2126.000 0.508
2127.000 0.512
2128.000 0.492
2129.000 0.495
2130.000 0.525
2131.000 0.536
2132.000 0.545
2133.000 0.529
2134.000 0.488
2135.000 0.460
2136.000 0.421
2137.000 0.390
2138.000 0.403
2139.000 0.418
2140.000 0.453
2141.000 0.508
2142.000 0.522
2143.000 0.522
2144.000 0.516
2145.000 0.464
2146.000 0.454
2147.000 0.461
2148.000 0.467
2149.000 0.481
2150.000 0.507
2151.000 0.562
2152.000 0.588
2153.000 0.623
2154.000 0.618
2155.000 0.561
2156.000 0.511
2157.000 0.482
2158.000 0.472
2159.000 0.473
2160.000 0.450
2161.000 0.445
2162.000 0.428
2163.000 0.430
2164.000 0.455
2165.000 0.474
2166.000 0.496
2167.000 0.492
2168.000 0.525
2169.000 0.561
2170.000 0.607
2171.000 0.630
2172.000 0.661
2173.000 0.649
2174.000 0.598
2175.000 0.566
2176.000 0.529
2177.000 0.510
2178.000 0.512
2179.000 0.534
2180.000 0.561
2181.000 0.568
2182.000 0.573
2183.000 0.561
2184.000 0.555
2185.000 0.551
2186.000 0.551
2187.000 0.512
2188.000 0.492
2189.000 0.465
2190.000 0.458
2191.000 0.466
2192.000 0.471
2193.000 0.502
2194.000 0.510
2195.000 0.494
2196.000 0.494
2197.000 0.481
2198.000 0.481
2199.000 0.471
2200.000 0.487
2201.000 0.508
2202.000 0.541
2203.000 0.539
2204.000 0.551
2205.000 0.544
2206.000 0.516
2207.000 0.532
2208.000 0.553
2209.000 0.550
2210.000 0.548
2211.000 0.522
2212.000 0.466
2213.000 0.450
2214.000 0.430
2215.000 0.430
2216.000 0.464
2217.000 0.473
2218.000 0.485
2219.000 0.486
2220.000 0.463
2221.000 0.460
2222.000 0.461
2223.000 0.464
2224.000 0.484
2225.000 0.492
2226.000 0.502
2227.000 0.491
2228.000 0.476
2229.000 0.476
2230.000 0.494
2231.000 0.496
2232.000 0.508
2233.000 0.517
2234.000 0.491
2235.000 0.473
2236.000 0.463
2237.000 0.453
2238.000 0.455
2239.000 0.485
2240.000 0.482
2241.000 0.468
2242.000 0.459
2243.000 0.429
2244.000 0.431
2245.000 0.461
2246.000 0.472
2247.000 0.479
2248.000 0.501
2249.000 0.534
2250.000 0.528
2251.000 0.550
2252.000 0.560
2253.000 0.551
2254.000 0.545
2255.000 0.570
2256.000 0.571
2257.000 0.547
2258.000 0.546
2259.000 0.516
2260.000 0.509
2261.000 0.519
2262.000 0.519
2263.000 0.549
2264.000 0.556
2265.000 0.546
2266.000 0.562
2267.000 0.580
2268.000 0.567
2269.000 0.567
2270.000 0.565
2271.000 0.515
2272.000 0.502
2273.000 0.501
2274.000 0.503
2275.000 0.484
2276.000 0.493
2277.000 0.457
2278.000 0.394
2279.000 0.382
2280.000 0.378
2281.000 0.405
2282.000 0.502
2283.000 0.563
2284.000 0.614
2285.000 0.645
2286.000 0.659
2287.000 0.631
2288.000 0.590
2289.000 0.568
2290.000 0.516
2291.000 0.534
2292.000 0.537
2293.000 0.577
2294.000 0.618
2295.000 0.623
2296.000 0.553
2297.000 0.518
2298.000 0.479
2299.000 0.467
2300.000 0.472
2301.000 0.446
2302.000 0.474
2303.000 0.472
2304.000 0.525
2305.000 0.567
2306.000 0.611
2307.000 0.698
2308.000 0.576
2309.000 0.458
2310.000 0.425
2311.000 0.393
2312.000 0.423
2313.000 0.528
2314.000 0.613
2315.000 0.663
2316.000 0.681
2317.000 0.704
2318.000 0.574
2319.000 0.481
2320.000 0.509
2321.000 0.515
2322.000 0.609
2323.000 0.700
2324.000 0.649
2325.000 0.618
2326.000 0.584
2327.000 0.531
2328.000 0.478
2329.000 0.487
2330.000 0.475
2331.000 0.492
2332.000 0.470
2333.000 0.439
2334.000 0.398
2335.000 0.381
2336.000 0.344
2337.000 0.326
2338.000 0.339
2339.000 0.402
2340.000 0.400
2341.000 0.376
2342.000 0.358
2343.000 0.271
2344.000 0.281
2345.000 0.340
2346.000 0.377
2347.000 0.498
2348.000 0.578
2349.000 0.674
2350.000 0.758
2351.000 0.735
2352.000 0.570
2353.000 0.563
2354.000 0.516
2355.000 0.489
2356.000 0.533
2357.000 0.473
2358.000 0.402
2359.000 0.367
2360.000 0.373
2361.000 0.324
2362.000 0.349
2363.000 0.364
2364.000 0.377
2365.000 0.354
2366.000 0.318
2367.000 0.295
2368.000 0.276
2369.000 0.331
2370.000 0.513
2371.000 0.456
2372.000 0.339
2373.000 0.246
2374.000 0.339
2375.000 0.404
2376.000 0.606
2377.000 0.405
2378.000 0.326
2379.000 0.288
2380.000 0.311
2381.000 0.367
2382.000 0.515
2383.000 0.424
2384.000 0.539
2385.000 0.639
2386.000 0.740
2387.000 0.654
2388.000 0.569
2389.000 0.459
2390.000 0.360
2391.000 0.293
2392.000 0.299
2393.000 0.238
2394.000 0.365
2395.000 0.378
2396.000 0.561
2397.000 0.447
2398.000 0.435
2399.000 0.387
2400.000 0.346
2401.000 0.275
2402.000 0.305
2403.000 0.268
2404.000 0.552
2405.000 0.496
2406.000 0.487
2407.000 0.466
2408.000 0.349
2409.000 0.464
2410.000 0.290
2411.000 0.390
2412.000 0.418
2413.000 0.380
2414.000 0.306
2415.000 0.411
2416.000 0.447
2417.000 0.539
2418.000 0.442
2419.000 0.342
2420.000 0.434
2421.000 0.477
2422.000 0.383
2423.000 0.470
2424.000 0.377
2425.000 0.594
2426.000 0.689
2427.000 0.540
2428.000 0.548
2429.000 0.508
2430.000 0.565
2431.000 0.581
2432.000 0.598
2433.000 0.634
2434.000 0.609
2435.000 0.471
2436.000 0.112
2437.000 0.276
2438.000 0.419
2439.000 0.560
2440.000 0.640
2441.000 0.469
2442.000 0.298
2443.000 0.175
2444.000 0.556
2445.000 0.439
2446.000 0.445
2447.000 0.436
2448.000 0.431
2449.000 0.320
2450.000 0.312
2451.000 0.180
2452.000 0.282
2453.000 0.265
2454.000 0.402
2455.000 0.696
2456.000 0.631
2457.000 0.563
2458.000 0.531
2459.000 0.483
2460.000 0.464
2461.000 0.416
2462.000 0.341
2463.000 0.329
2464.000 0.212
2465.000 0.193
2466.000 0.174
2467.000 0.422
2468.000 0.406
2469.000 0.547
2470.000 0.478
2471.000 0.576
2472.000 0.356
2473.000 0.574
2474.000 0.171
2475.000 0.109
2476.000 0.115
2477.000 0.238
2478.000 0.222
2479.000 0.214
2480.000 0.131
2481.000 0.194
2482.000 0.529
2483.000 0.669
2484.000 0.875
2485.000 0.702
2486.000 0.247
2487.000 0.400
2488.000 0.496
2489.000 0.339
2490.000 0.423
2491.000 0.488
2492.000 0.449
2493.000 0.595
2494.000 0.685
2495.000 0.460
2496.000 0.379
2497.000 0.310
2498.000 0.386
2499.000 0.271
2500.000 0.213
