391.000 0.053
392.000 0.050
393.000 0.051
394.000 0.059
395.000 0.058
396.000 0.055
397.000 0.056
398.000 0.058
399.000 0.058
400.000 0.059
401.000 0.059
402.000 0.054
403.000 0.054
404.000 0.057
405.000 0.059
406.000 0.058
407.000 0.058
408.000 0.058
409.000 0.057
410.000 0.057
411.000 0.060
412.000 0.062
413.000 0.060
414.000 0.059
415.000 0.060
416.000 0.060
417.000 0.060
418.000 0.060
419.000 0.060
420.000 0.059
421.000 0.062
422.000 0.064
423.000 0.063
424.000 0.063
425.000 0.063
426.000 0.064
427.000 0.064
428.000 0.063
429.000 0.062
430.000 0.063
431.000 0.061
432.000 0.064
433.000 0.065
434.000 0.064
435.000 0.065
436.000 0.065
437.000 0.066
438.000 0.066
439.000 0.066
440.000 0.066
441.000 0.066
442.000 0.066
443.000 0.067
444.000 0.067
445.000 0.067
446.000 0.067
447.000 0.067
448.000 0.067
449.000 0.068
450.000 0.067
451.000 0.067
452.000 0.067
453.000 0.069
454.000 0.069
455.000 0.068
456.000 0.069
457.000 0.069
458.000 0.069
459.000 0.070
460.000 0.069
461.000 0.070
462.000 0.070
463.000 0.069
464.000 0.070
465.000 0.072
466.000 0.072
467.000 0.071
468.000 0.072
469.000 0.072
470.000 0.071
471.000 0.071
472.000 0.072
473.000 0.072
474.000 0.072
475.000 0.074
476.000 0.074
477.000 0.073
478.000 0.074
479.000 0.075
480.000 0.075
481.000 0.075
482.000 0.076
483.000 0.076
484.000 0.077
485.000 0.077
486.000 0.077
487.000 0.078
488.000 0.078
489.000 0.077
490.000 0.079
491.000 0.079
492.000 0.079
493.000 0.079
494.000 0.080
495.000 0.081
496.000 0.081
497.000 0.083
498.000 0.082
499.000 0.082
500.000 0.083
501.000 0.084
502.000 0.085
503.000 0.086
504.000 0.086
505.000 0.087
506.000 0.087
507.000 0.088
508.000 0.088
509.000 0.089
510.000 0.090
511.000 0.091
512.000 0.093
513.000 0.093
514.000 0.092
515.000 0.094
516.000 0.096
517.000 0.098
518.000 0.099
519.000 0.101
520.000 0.101
521.000 0.101
522.000 0.102
523.000 0.103
524.000 0.106
525.000 0.108
526.000 0.108
527.000 0.109
528.000 0.111
529.000 0.112
530.000 0.112
531.000 0.113
532.000 0.115
533.000 0.115
534.000 0.116
535.000 0.117
536.000 0.118
537.000 0.118
538.000 0.119
539.000 0.120
540.000 0.121
541.000 0.121
542.000 0.122
543.000 0.122
544.000 0.122
545.000 0.122
546.000 0.123
547.000 0.124
548.000 0.124
549.000 0.124
550.000 0.125
551.000 0.125
552.000 0.125
553.000 0.126
554.000 0.126
555.000 0.127
556.000 0.127
557.000 0.127
558.000 0.126
559.000 0.127
560.000 0.127
561.000 0.126
562.000 0.127
563.000 0.127
564.000 0.127
565.000 0.127
566.000 0.126
567.000 0.126
568.000 0.126
569.000 0.126
570.000 0.126
571.000 0.126
572.000 0.126
573.000 0.124
574.000 0.124
575.000 0.124
576.000 0.125
577.000 0.124
578.000 0.124
579.000 0.125
580.000 0.125
581.000 0.124
582.000 0.124
583.000 0.124
584.000 0.125
585.000 0.125
586.000 0.125
587.000 0.125
588.000 0.125
589.000 0.126
590.000 0.126
591.000 0.126
592.000 0.127
593.000 0.126
594.000 0.127
595.000 0.127
596.000 0.126
597.000 0.126
598.000 0.126
599.000 0.127
600.000 0.127
601.000 0.127
602.000 0.126
603.000 0.125
604.000 0.126
605.000 0.127
606.000 0.127
607.000 0.128
608.000 0.129
609.000 0.129
610.000 0.129
611.000 0.129
612.000 0.129
613.000 0.129
614.000 0.129
615.000 0.130
616.000 0.130
617.000 0.130
618.000 0.131
619.000 0.131
620.000 0.132
621.000 0.132
622.000 0.132
623.000 0.134
624.000 0.133
625.000 0.133
626.000 0.134
627.000 0.135
628.000 0.136
629.000 0.135
630.000 0.135
631.000 0.137
632.000 0.137
633.000 0.136
634.000 0.138
635.000 0.139
636.000 0.139
637.000 0.139
638.000 0.140
639.000 0.140
640.000 0.140
641.000 0.140
642.000 0.140
643.000 0.140
644.000 0.140
645.000 0.142
646.000 0.142
647.000 0.142
648.000 0.144
649.000 0.142
650.000 0.142
651.000 0.144
652.000 0.146
653.000 0.145
654.000 0.145
655.000 0.147
656.000 0.148
657.000 0.148
658.000 0.148
659.000 0.148
660.000 0.148
661.000 0.147
662.000 0.149
663.000 0.150
664.000 0.151
665.000 0.151
666.000 0.153
667.000 0.153
668.000 0.153
669.000 0.153
670.000 0.152
671.000 0.154
672.000 0.157
673.000 0.158
674.000 0.157
675.000 0.157
676.000 0.157
677.000 0.156
678.000 0.158
679.000 0.161
680.000 0.162
681.000 0.160
682.000 0.161
683.000 0.164
684.000 0.165
685.000 0.164
686.000 0.164
687.000 0.165
688.000 0.167
689.000 0.167
690.000 0.167
691.000 0.168
692.000 0.170
693.000 0.170
694.000 0.171
695.000 0.172
696.000 0.174
697.000 0.176
698.000 0.179
699.000 0.181
700.000 0.183
701.000 0.186
702.000 0.190
703.000 0.192
704.000 0.195
705.000 0.198
706.000 0.201
707.000 0.204
708.000 0.208
709.000 0.211
710.000 0.216
711.000 0.220
712.000 0.223
713.000 0.227
714.000 0.231
715.000 0.235
716.000 0.238
717.000 0.242
718.000 0.248
719.000 0.252
720.000 0.256
721.000 0.261
722.000 0.265
723.000 0.270
724.000 0.273
725.000 0.278
726.000 0.283
727.000 0.287
728.000 0.292
729.000 0.296
730.000 0.300
731.000 0.305
732.000 0.309
733.000 0.313
734.000 0.316
735.000 0.320
736.000 0.324
737.000 0.328
738.000 0.331
739.000 0.334
740.000 0.338
741.000 0.341
742.000 0.344
743.000 0.347
744.000 0.349
745.000 0.352
746.000 0.338
747.000 0.343
748.000 0.345
749.000 0.346
750.000 0.348
751.000 0.349
752.000 0.351
753.000 0.352
754.000 0.354
755.000 0.355
756.000 0.356
757.000 0.357
758.000 0.358
759.000 0.357
760.000 0.357
761.000 0.357
762.000 0.357
763.000 0.357
764.000 0.358
765.000 0.360
766.000 0.362
767.000 0.364
768.000 0.366
769.000 0.367
770.000 0.367
771.000 0.368
772.000 0.369
773.000 0.370
774.000 0.371
775.000 0.371
776.000 0.372
777.000 0.373
778.000 0.374
779.000 0.374
780.000 0.375
781.000 0.375
782.000 0.377
783.000 0.377
784.000 0.377
785.000 0.378
786.000 0.379
787.000 0.379
788.000 0.380
789.000 0.380
790.000 0.381
791.000 0.381
792.000 0.383
793.000 0.384
794.000 0.384
795.000 0.385
796.000 0.385
797.000 0.386
798.000 0.386
799.000 0.387
800.000 0.388
801.000 0.388
802.000 0.389
803.000 0.390
804.000 0.391
805.000 0.392
806.000 0.392
807.000 0.394
808.000 0.394
809.000 0.394
810.000 0.395
811.000 0.395
812.000 0.395
813.000 0.395
814.000 0.395
815.000 0.396
816.000 0.396
817.000 0.397
818.000 0.398
819.000 0.399
820.000 0.400
821.000 0.400
822.000 0.401
823.000 0.402
824.000 0.403
825.000 0.403
826.000 0.404
827.000 0.405
828.000 0.405
829.000 0.406
830.000 0.407
831.000 0.408
832.000 0.408
833.000 0.409
834.000 0.410
835.000 0.411
836.000 0.411
837.000 0.413
838.000 0.413
839.000 0.414
840.000 0.414
841.000 0.415
842.000 0.416
843.000 0.416
844.000 0.417
845.000 0.418
846.000 0.419
847.000 0.419
848.000 0.420
849.000 0.421
850.000 0.421
851.000 0.422
852.000 0.422
853.000 0.423
854.000 0.423
855.000 0.424
856.000 0.424
857.000 0.425
858.000 0.425
859.000 0.426
860.000 0.427
861.000 0.427
862.000 0.428
863.000 0.428
864.000 0.428
865.000 0.429
866.000 0.429
867.000 0.430
868.000 0.431
869.000 0.432
870.000 0.431
871.000 0.432
872.000 0.433
873.000 0.433
874.000 0.434
875.000 0.435
876.000 0.435
877.000 0.436
878.000 0.436
879.000 0.437
880.000 0.437
881.000 0.438
882.000 0.439
883.000 0.439
884.000 0.440
885.000 0.440
886.000 0.441
887.000 0.441
888.000 0.441
889.000 0.442
890.000 0.443
891.000 0.443
892.000 0.443
893.000 0.444
894.000 0.444
895.000 0.444
896.000 0.444
897.000 0.444
898.000 0.445
899.000 0.445
900.000 0.445
901.000 0.446
902.000 0.447
903.000 0.447
904.000 0.448
905.000 0.448
906.000 0.449
907.000 0.449
908.000 0.450
909.000 0.450
910.000 0.450
911.000 0.450
912.000 0.450
913.000 0.451
914.000 0.452
915.000 0.452
916.000 0.453
917.000 0.454
918.000 0.455
919.000 0.455
920.000 0.457
921.000 0.456
922.000 0.457
923.000 0.457
924.000 0.457
925.000 0.458
926.000 0.457
927.000 0.457
928.000 0.456
929.000 0.454
930.000 0.453
931.000 0.454
932.000 0.453
933.000 0.453
934.000 0.452
935.000 0.450
936.000 0.446
937.000 0.447
938.000 0.448
939.000 0.449
940.000 0.449
941.000 0.451
942.000 0.452
943.000 0.452
944.000 0.454
945.000 0.452
946.000 0.450
947.000 0.450
948.000 0.454
949.000 0.452
950.000 0.451
951.000 0.453
952.000 0.454
953.000 0.454
954.000 0.455
955.000 0.456
956.000 0.454
957.000 0.456
958.000 0.458
959.000 0.456
960.000 0.456
961.000 0.457
962.000 0.458
963.000 0.459
964.000 0.459
965.000 0.460
966.000 0.462
967.000 0.462
968.000 0.464
969.000 0.464
970.000 0.465
971.000 0.467
972.000 0.466
973.000 0.465
974.000 0.466
975.000 0.469
976.000 0.470
977.000 0.468
978.000 0.466
979.000 0.467
980.000 0.468
981.000 0.469
982.000 0.470
983.000 0.470
984.000 0.471
985.000 0.474
986.000 0.475
987.000 0.474
988.000 0.473
989.000 0.473
990.000 0.475
991.000 0.477
992.000 0.477
993.000 0.478
994.000 0.478
995.000 0.478
996.000 0.479
997.000 0.480
998.000 0.479
999.000 0.479
1000.000 0.480
1001.000 0.493
1002.000 0.493
1003.000 0.493
1004.000 0.493
1005.000 0.494
1006.000 0.494
1007.000 0.495
1008.000 0.497
1009.000 0.498
1010.000 0.500
1011.000 0.500
1012.000 0.499
1013.000 0.499
1014.000 0.498
1015.000 0.499
1016.000 0.500
1017.000 0.500
1018.000 0.500
1019.000 0.501
1020.000 0.502
1021.000 0.502
1022.000 0.502
1023.000 0.503
1024.000 0.503
1025.000 0.503
1026.000 0.504
1027.000 0.505
1028.000 0.506
1029.000 0.507
1030.000 0.507
1031.000 0.507
1032.000 0.507
1033.000 0.508
1034.000 0.509
1035.000 0.509
1036.000 0.510
1037.000 0.509
1038.000 0.509
1039.000 0.510
1040.000 0.510
1041.000 0.510
1042.000 0.510
1043.000 0.510
1044.000 0.510
1045.000 0.510
1046.000 0.511
1047.000 0.512
1048.000 0.511
1049.000 0.511
1050.000 0.511
1051.000 0.512
1052.000 0.514
1053.000 0.515
1054.000 0.515
1055.000 0.516
1056.000 0.516
1057.000 0.516
1058.000 0.515
1059.000 0.515
1060.000 0.516
1061.000 0.516
1062.000 0.517
1063.000 0.518
1064.000 0.517
1065.000 0.517
1066.000 0.517
1067.000 0.517
1068.000 0.518
1069.000 0.518
1070.000 0.519
1071.000 0.520
1072.000 0.519
1073.000 0.519
1074.000 0.520
1075.000 0.520
1076.000 0.520
1077.000 0.521
1078.000 0.520
1079.000 0.520
1080.000 0.520
1081.000 0.520
1082.000 0.521
1083.000 0.521
1084.000 0.522
1085.000 0.522
1086.000 0.523
1087.000 0.523
1088.000 0.523
1089.000 0.524
1090.000 0.523
1091.000 0.523
1092.000 0.523
1093.000 0.523
1094.000 0.523
1095.000 0.523
1096.000 0.523
1097.000 0.523
1098.000 0.523
1099.000 0.522
1100.000 0.521
1101.000 0.521
1102.000 0.521
1103.000 0.521
1104.000 0.522
1105.000 0.522
1106.000 0.522
1107.000 0.522
1108.000 0.521
1109.000 0.520
1110.000 0.520
1111.000 0.521
1112.000 0.521
1113.000 0.521
1114.000 0.520
1115.000 0.520
1116.000 0.519
1117.000 0.519
1118.000 0.519
1119.000 0.519
1120.000 0.518
1121.000 0.519
1122.000 0.519
1123.000 0.518
1124.000 0.516
1125.000 0.515
1126.000 0.514
1127.000 0.516
1128.000 0.517
1129.000 0.518
1130.000 0.519
1131.000 0.519
1132.000 0.521
1133.000 0.520
1134.000 0.520
1135.000 0.520
1136.000 0.518
1137.000 0.517
1138.000 0.517
1139.000 0.516
1140.000 0.515
1141.000 0.514
1142.000 0.514
1143.000 0.515
1144.000 0.515
1145.000 0.515
1146.000 0.515
1147.000 0.516
1148.000 0.515
1149.000 0.515
1150.000 0.516
1151.000 0.516
1152.000 0.516
1153.000 0.514
1154.000 0.515
1155.000 0.515
1156.000 0.515
1157.000 0.515
1158.000 0.516
1159.000 0.516
1160.000 0.517
1161.000 0.517
1162.000 0.518
1163.000 0.518
1164.000 0.518
1165.000 0.518
1166.000 0.517
1167.000 0.517
1168.000 0.518
1169.000 0.518
1170.000 0.519
1171.000 0.519
1172.000 0.519
1173.000 0.520
1174.000 0.520
1175.000 0.520
1176.000 0.521
1177.000 0.522
1178.000 0.522
1179.000 0.523
1180.000 0.523
1181.000 0.523
1182.000 0.523
1183.000 0.523
1184.000 0.524
1185.000 0.524
1186.000 0.524
1187.000 0.525
1188.000 0.526
1189.000 0.526
1190.000 0.526
1191.000 0.527
1192.000 0.526
1193.000 0.527
1194.000 0.528
1195.000 0.529
1196.000 0.529
1197.000 0.530
1198.000 0.530
1199.000 0.531
1200.000 0.530
1201.000 0.531
1202.000 0.531
1203.000 0.531
1204.000 0.531
1205.000 0.532
1206.000 0.532
1207.000 0.532
1208.000 0.532
1209.000 0.533
1210.000 0.533
1211.000 0.534
1212.000 0.535
1213.000 0.535
1214.000 0.535
1215.000 0.536
1216.000 0.536
1217.000 0.536
1218.000 0.536
1219.000 0.536
1220.000 0.537
1221.000 0.537
1222.000 0.538
1223.000 0.537
1224.000 0.538
1225.000 0.537
1226.000 0.537
1227.000 0.538
1228.000 0.538
1229.000 0.539
1230.000 0.540
1231.000 0.540
1232.000 0.541
1233.000 0.541
1234.000 0.541
1235.000 0.542
1236.000 0.543
1237.000 0.542
1238.000 0.543
1239.000 0.543
1240.000 0.543
1241.000 0.543
1242.000 0.543
1243.000 0.543
1244.000 0.543
1245.000 0.543
1246.000 0.543
1247.000 0.543
1248.000 0.544
1249.000 0.544
1250.000 0.544
1251.000 0.545
1252.000 0.546
1253.000 0.546
1254.000 0.546
1255.000 0.546
1256.000 0.546
1257.000 0.546
1258.000 0.546
1259.000 0.547
1260.000 0.547
1261.000 0.546
1262.000 0.546
1263.000 0.545
1264.000 0.545
1265.000 0.545
1266.000 0.546
1267.000 0.546
1268.000 0.547
1269.000 0.547
1270.000 0.547
1271.000 0.549
1272.000 0.549
1273.000 0.550
1274.000 0.551
1275.000 0.552
1276.000 0.552
1277.000 0.552
1278.000 0.551
1279.000 0.552
1280.000 0.553
1281.000 0.553
1282.000 0.554
1283.000 0.554
1284.000 0.553
1285.000 0.553
1286.000 0.554
1287.000 0.554
1288.000 0.554
1289.000 0.555
1290.000 0.555
1291.000 0.555
1292.000 0.554
1293.000 0.554
1294.000 0.554
1295.000 0.555
1296.000 0.554
1297.000 0.555
1298.000 0.555
1299.000 0.555
1300.000 0.554
1301.000 0.554
1302.000 0.554
1303.000 0.554
1304.000 0.553
1305.000 0.553
1306.000 0.553
1307.000 0.552
1308.000 0.551
1309.000 0.551
1310.000 0.551
1311.000 0.550
1312.000 0.549
1313.000 0.548
1314.000 0.547
1315.000 0.546
1316.000 0.561
1317.000 0.561
1318.000 0.560
1319.000 0.559
1320.000 0.559
1321.000 0.558
1322.000 0.557
1323.000 0.556
1324.000 0.556
1325.000 0.555
1326.000 0.555
1327.000 0.554
1328.000 0.553
1329.000 0.551
1330.000 0.549
1331.000 0.548
1332.000 0.546
1333.000 0.544
1334.000 0.541
1335.000 0.541
1336.000 0.541
1337.000 0.541
1338.000 0.541
1339.000 0.540
1340.000 0.539
1341.000 0.536
1342.000 0.532
1343.000 0.529
1344.000 0.525
1345.000 0.522
1346.000 0.523
1347.000 0.521
1348.000 0.519
1349.000 0.519
1350.000 0.517
1351.000 0.510
1352.000 0.510
1353.000 0.519
1354.000 0.539
1355.000 0.586
1356.000 0.676
1357.000 0.704
1358.000 0.741
1359.000 0.663
1360.000 0.650
1361.000 0.653
1362.000 0.623
1363.000 0.583
1364.000 0.548
1365.000 0.587
1366.000 0.633
1367.000 0.644
1368.000 0.477
1369.000 0.365
1370.000 0.303
1371.000 0.450
1372.000 0.606
1373.000 0.608
1374.000 0.517
1375.000 0.306
1376.000 0.351
1377.000 0.414
1378.000 0.418
1379.000 0.308
1380.000 0.428
1381.000 0.574
1382.000 0.518
1383.000 0.405
1384.000 0.454
1385.000 0.414
1386.000 0.427
1387.000 0.452
1388.000 0.215
1389.000 0.268
1390.000 0.376
1391.000 0.357
1392.000 0.267
1393.000 0.195
1394.000 0.471
1395.000 0.650
1396.000 0.625
1397.000 0.590
1398.000 0.575
1399.000 0.537
1400.000 0.510
1401.000 0.434
1402.000 0.507
1403.000 0.407
1404.000 0.448
1405.000 0.420
1406.000 0.393
1407.000 0.376
1408.000 0.473
1409.000 0.507
1410.000 0.503
1411.000 0.451
1412.000 0.428
1413.000 0.416
1414.000 0.432
1415.000 0.511
1416.000 0.505
1417.000 0.531
1418.000 0.500
1419.000 0.466
1420.000 0.454
1421.000 0.400
1422.000 0.406
1423.000 0.376
1424.000 0.368
1425.000 0.363
1426.000 0.364
1427.000 0.379
1428.000 0.383
1429.000 0.383
1430.000 0.388
1431.000 0.394
1432.000 0.398
1433.000 0.401
1434.000 0.407
1435.000 0.408
1436.000 0.419
1437.000 0.431
1438.000 0.449
1439.000 0.463
1440.000 0.466
1441.000 0.476
1442.000 0.457
1443.000 0.427
1444.000 0.415
1445.000 0.404
1446.000 0.395
1447.000 0.400
1448.000 0.399
1449.000 0.394
1450.000 0.387
1451.000 0.380
1452.000 0.381
1453.000 0.376
1454.000 0.367
1455.000 0.367
1456.000 0.369
1457.000 0.369
1458.000 0.375
1459.000 0.374
1460.000 0.367
1461.000 0.365
1462.000 0.363
1463.000 0.361
1464.000 0.359
1465.000 0.360
1466.000 0.367
1467.000 0.365
1468.000 0.359
1469.000 0.360
1470.000 0.358
1471.000 0.360
1472.000 0.375
1473.000 0.379
1474.000 0.376
1475.000 0.380
1476.000 0.387
1477.000 0.388
1478.000 0.389
1479.000 0.386
1480.000 0.375
1481.000 0.368
1482.000 0.358
1483.000 0.356
1484.000 0.357
1485.000 0.360
1486.000 0.371
1487.000 0.375
1488.000 0.373
1489.000 0.375
1490.000 0.377
1491.000 0.376
1492.000 0.377
1493.000 0.377
1494.000 0.372
1495.000 0.372
1496.000 0.375
1497.000 0.377
1498.000 0.382
1499.000 0.383
1500.000 0.379
1501.000 0.377
1502.000 0.377
1503.000 0.378
1504.000 0.384
1505.000 0.390
1506.000 0.391
1507.000 0.390
1508.000 0.391
1509.000 0.387
1510.000 0.388
1511.000 0.391
1512.000 0.392
1513.000 0.393
1514.000 0.394
1515.000 0.393
1516.000 0.394
1517.000 0.394
1518.000 0.395
1519.000 0.397
1520.000 0.398
1521.000 0.399
1522.000 0.400
1523.000 0.401
1524.000 0.401
1525.000 0.400
1526.000 0.401
1527.000 0.402
1528.000 0.404
1529.000 0.406
1530.000 0.408
1531.000 0.408
1532.000 0.409
1533.000 0.410
1534.000 0.411
1535.000 0.410
1536.000 0.412
1537.000 0.413
1538.000 0.415
1539.000 0.417
1540.000 0.419
1541.000 0.420
1542.000 0.421
1543.000 0.423
1544.000 0.423
1545.000 0.423
1546.000 0.422
1547.000 0.422
1548.000 0.422
1549.000 0.421
1550.000 0.422
1551.000 0.421
1552.000 0.423
1553.000 0.425
1554.000 0.426
1555.000 0.428
1556.000 0.430
1557.000 0.431
1558.000 0.432
1559.000 0.434
1560.000 0.435
1561.000 0.437
1562.000 0.438
1563.000 0.437
1564.000 0.438
1565.000 0.438
1566.000 0.438
1567.000 0.441
1568.000 0.442
1569.000 0.443
1570.000 0.444
1571.000 0.444
1572.000 0.444
1573.000 0.445
1574.000 0.444
1575.000 0.444
1576.000 0.444
1577.000 0.443
1578.000 0.442
1579.000 0.442
1580.000 0.443
1581.000 0.446
1582.000 0.448
1583.000 0.451
1584.000 0.453
1585.000 0.454
1586.000 0.455
1587.000 0.455
1588.000 0.455
1589.000 0.453
1590.000 0.453
1591.000 0.452
1592.000 0.452
1593.000 0.452
1594.000 0.453
1595.000 0.454
1596.000 0.455
1597.000 0.456
1598.000 0.458
1599.000 0.459
1600.000 0.460
1601.000 0.461
1602.000 0.462
1603.000 0.464
1604.000 0.465
1605.000 0.466
1606.000 0.465
1607.000 0.463
1608.000 0.463
1609.000 0.464
1610.000 0.465
1611.000 0.468
1612.000 0.469
1613.000 0.469
1614.000 0.469
1615.000 0.469
1616.000 0.469
1617.000 0.468
1618.000 0.469
1619.000 0.470
1620.000 0.471
1621.000 0.473
1622.000 0.473
1623.000 0.471
1624.000 0.470
1625.000 0.469
1626.000 0.469
1627.000 0.470
1628.000 0.471
1629.000 0.473
1630.000 0.475
1631.000 0.476
1632.000 0.476
1633.000 0.476
1634.000 0.476
1635.000 0.478
1636.000 0.477
1637.000 0.477
1638.000 0.477
1639.000 0.475
1640.000 0.475
1641.000 0.478
1642.000 0.480
1643.000 0.482
1644.000 0.482
1645.000 0.481
1646.000 0.480
1647.000 0.480
1648.000 0.480
1649.000 0.482
1650.000 0.482
1651.000 0.482
1652.000 0.482
1653.000 0.482
1654.000 0.483
1655.000 0.484
1656.000 0.484
1657.000 0.483
1658.000 0.483
1659.000 0.484
1660.000 0.484
1661.000 0.486
1662.000 0.487
1663.000 0.485
1664.000 0.484
1665.000 0.485
1666.000 0.485
1667.000 0.485
1668.000 0.486
1669.000 0.486
1670.000 0.486
1671.000 0.488
1672.000 0.488
1673.000 0.486
1674.000 0.486
1675.000 0.486
1676.000 0.487
1677.000 0.490
1678.000 0.491
1679.000 0.491
1680.000 0.492
1681.000 0.492
1682.000 0.492
1683.000 0.490
1684.000 0.490
1685.000 0.490
1686.000 0.489
1687.000 0.490
1688.000 0.489
1689.000 0.487
1690.000 0.487
1691.000 0.488
1692.000 0.489
1693.000 0.492
1694.000 0.493
1695.000 0.495
1696.000 0.495
1697.000 0.493
1698.000 0.493
1699.000 0.492
1700.000 0.491
1701.000 0.491
1702.000 0.491
1703.000 0.491
1704.000 0.492
1705.000 0.491
1706.000 0.492
1707.000 0.494
1708.000 0.494
1709.000 0.495
1710.000 0.495
1711.000 0.490
1712.000 0.491
1713.000 0.491
1714.000 0.491
1715.000 0.491
1716.000 0.488
1717.000 0.486
1718.000 0.484
1719.000 0.484
1720.000 0.488
1721.000 0.488
1722.000 0.489
1723.000 0.487
1724.000 0.482
1725.000 0.480
1726.000 0.481
1727.000 0.484
1728.000 0.488
1729.000 0.490
1730.000 0.489
1731.000 0.487
1732.000 0.487
1733.000 0.485
1734.000 0.489
1735.000 0.491
1736.000 0.487
1737.000 0.487
1738.000 0.487
1739.000 0.486
1740.000 0.486
1741.000 0.487
1742.000 0.485
1743.000 0.483
1744.000 0.484
1745.000 0.484
1746.000 0.481
1747.000 0.481
1748.000 0.482
1749.000 0.481
1750.000 0.479
1751.000 0.478
1752.000 0.477
1753.000 0.476
1754.000 0.476
1755.000 0.475
1756.000 0.475
1757.000 0.472
1758.000 0.468
1759.000 0.467
1760.000 0.466
1761.000 0.465
1762.000 0.468
1763.000 0.467
1764.000 0.466
1765.000 0.468
1766.000 0.466
1767.000 0.466
1768.000 0.464
1769.000 0.462
1770.000 0.464
1771.000 0.460
1772.000 0.458
1773.000 0.456
1774.000 0.451
1775.000 0.456
1776.000 0.464
1777.000 0.467
1778.000 0.472
1779.000 0.472
1780.000 0.470
1781.000 0.475
1782.000 0.483
1783.000 0.481
1784.000 0.472
1785.000 0.460
1786.000 0.454
1787.000 0.449
1788.000 0.447
1789.000 0.450
1790.000 0.451
1791.000 0.453
1792.000 0.462
1793.000 0.460
1794.000 0.464
1795.000 0.471
1796.000 0.476
1797.000 0.482
1798.000 0.492
1799.000 0.496
1800.000 0.488
1801.000 0.454
1802.000 0.452
1803.000 0.475
1804.000 0.509
1805.000 0.517
1806.000 0.472
1807.000 0.460
1808.000 0.453
1809.000 0.441
1810.000 0.488
1811.000 0.482
1812.000 0.445
1813.000 0.496
1814.000 0.484
1815.000 0.459
1816.000 0.489
1817.000 0.536
1818.000 0.547
1819.000 0.777
1820.000 0.821
1821.000 0.792
1822.000 0.776
1823.000 0.762
1824.000 0.694
1825.000 0.672
1826.000 0.555
1827.000 0.477
1828.000 0.405
1829.000 0.529
1830.000 0.544
1831.000 0.547
1832.000 0.472
1833.000 0.571
1834.000 0.707
1835.000 0.621
1836.000 0.566
1837.000 0.645
1838.000 0.686
1839.000 0.598
1840.000 0.565
1841.000 0.495
1842.000 0.512
1843.000 0.554
1844.000 0.603
1845.000 0.616
1846.000 0.621
1847.000 0.634
1848.000 0.636
1849.000 0.640
1850.000 0.508
1851.000 0.388
1852.000 0.456
1853.000 0.576
1854.000 0.600
1855.000 0.461
1856.000 0.475
1857.000 0.473
1858.000 0.480
1859.000 0.492
1860.000 0.568
1861.000 0.556
1862.000 0.568
1863.000 0.509
1864.000 0.458
1865.000 0.472
1866.000 0.493
1867.000 0.556
1868.000 0.662
1869.000 0.641
1870.000 0.418
1871.000 0.402
1872.000 0.417
1873.000 0.455
1874.000 0.417
1875.000 0.469
1876.000 0.314
1877.000 0.338
1878.000 0.531
1879.000 0.583
1880.000 0.661
1881.000 0.718
1882.000 0.694
1883.000 0.535
1884.000 0.513
1885.000 0.493
1886.000 0.543
1887.000 0.538
1888.000 0.607
1889.000 0.603
1890.000 0.549
1891.000 0.414
1892.000 0.492
1893.000 0.670
1894.000 0.675
1895.000 0.652
1896.000 0.577
1897.000 0.598
1898.000 0.523
1899.000 0.487
1900.000 0.396
1901.000 0.294
1902.000 0.245
1903.000 0.367
1904.000 0.315
1905.000 0.503
1906.000 0.569
1907.000 0.532
1908.000 0.295
1909.000 0.347
1910.000 0.402
1911.000 0.463
1912.000 0.409
1913.000 0.422
1914.000 0.483
1915.000 0.504
1916.000 0.612
1917.000 0.383
1918.000 0.527
1919.000 0.268
1920.000 0.324
1921.000 0.474
1922.000 0.450
1923.000 0.504
1924.000 0.487
1925.000 0.547
1926.000 0.413
1927.000 0.275
1928.000 0.276
1929.000 0.520
1930.000 0.496
1931.000 0.307
1932.000 0.367
1933.000 0.474
1934.000 0.340
1935.000 0.330
1936.000 0.339
1937.000 0.265
1938.000 0.280
1939.000 0.389
1940.000 0.566
1941.000 0.704
1942.000 0.452
1943.000 0.467
1944.000 0.531
1945.000 0.395
1946.000 0.267
1947.000 0.286
1948.000 0.381
1949.000 0.360
1950.000 0.466
1951.000 0.494
1952.000 0.517
1953.000 0.575
1954.000 0.588
1955.000 0.666
1956.000 0.804
1957.000 0.643
1958.000 0.650
1959.000 0.557
1960.000 0.530
1961.000 0.502
1962.000 0.445
1963.000 0.328
1964.000 0.305
1965.000 0.321
1966.000 0.302
1967.000 0.332
1968.000 0.373
1969.000 0.361
1970.000 0.399
1971.000 0.409
1972.000 0.411
1973.000 0.411
1974.000 0.375
1975.000 0.337
1976.000 0.284
1977.000 0.269
1978.000 0.267
1979.000 0.252
1980.000 0.256
1981.000 0.263
1982.000 0.280
1983.000 0.306
1984.000 0.312
1985.000 0.329
1986.000 0.328
1987.000 0.302
1988.000 0.294
1989.000 0.287
1990.000 0.287
1991.000 0.294
1992.000 0.293
1993.000 0.307
1994.000 0.305
1995.000 0.309
1996.000 0.336
1997.000 0.333
1998.000 0.322
1999.000 0.333
2000.000 0.307
2001.000 0.313
2002.000 0.360
2003.000 0.365
2004.000 0.370
2005.000 0.367
2006.000 0.329
2007.000 0.383
2008.000 0.424
2009.000 0.445
2010.000 0.469
2011.000 0.505
2012.000 0.440
2013.000 0.411
2014.000 0.408
2015.000 0.372
2016.000 0.343
2017.000 0.313
2018.000 0.305
2019.000 0.318
2020.000 0.316
2021.000 0.292
2022.000 0.299
2023.000 0.314
2024.000 0.320
2025.000 0.345
2026.000 0.362
2027.000 0.371
2028.000 0.362
2029.000 0.361
2030.000 0.360
2031.000 0.365
2032.000 0.375
2033.000 0.375
2034.000 0.375
2035.000 0.382
2036.000 0.362
2037.000 0.341
2038.000 0.336
2039.000 0.318
2040.000 0.318
2041.000 0.333
2042.000 0.337
2043.000 0.343
2044.000 0.347
2045.000 0.345
2046.000 0.343
2047.000 0.342
2048.000 0.341
2049.000 0.341
2050.000 0.334
2051.000 0.337
2052.000 0.329
2053.000 0.332
2054.000 0.361
2055.000 0.378
2056.000 0.383
2057.000 0.381
2058.000 0.348
2059.000 0.344
2060.000 0.356
2061.000 0.358
2062.000 0.369
2063.000 0.371
2064.000 0.347
2065.000 0.344
2066.000 0.349
2067.000 0.360
2068.000 0.356
2069.000 0.363
2070.000 0.372
2071.000 0.369
2072.000 0.367
2073.000 0.372
2074.000 0.370
2075.000 0.359
2076.000 0.355
2077.000 0.362
2078.000 0.361
2079.000 0.347
2080.000 0.346
2081.000 0.351
2082.000 0.356
2083.000 0.359
2084.000 0.375
2085.000 0.377
2086.000 0.367
2087.000 0.369
2088.000 0.376
2089.000 0.375
2090.000 0.376
2091.000 0.375
2092.000 0.364
2093.000 0.358
2094.000 0.352
2095.000 0.354
2096.000 0.361
2097.000 0.367
2098.000 0.376
2099.000 0.388
2100.000 0.384
2101.000 0.391
2102.000 0.386
2103.000 0.369
2104.000 0.359
2105.000 0.341
2106.000 0.340
2107.000 0.349
2108.000 0.355
2109.000 0.373
2110.000 0.376
2111.000 0.369
2112.000 0.363
2113.000 0.345
2114.000 0.339
2115.000 0.342
2116.000 0.341
2117.000 0.344
2118.000 0.345
2119.000 0.345
2120.000 0.345
2121.000 0.344
2122.000 0.345
2123.000 0.350
2124.000 0.356
2125.000 0.360
2126.000 0.373
2127.000 0.377
2128.000 0.370
2129.000 0.367
2130.000 0.363
2131.000 0.360
2132.000 0.354
2133.000 0.355
2134.000 0.362
2135.000 0.366
2136.000 0.376
2137.000 0.383
2138.000 0.392
2139.000 0.387
2140.000 0.375
2141.000 0.367
2142.000 0.360
2143.000 0.351
2144.000 0.351
2145.000 0.358
2146.000 0.366
2147.000 0.386
2148.000 0.395
2149.000 0.407
2150.000 0.410
2151.000 0.402
2152.000 0.393
2153.000 0.374
2154.000 0.368
2155.000 0.365
2156.000 0.363
2157.000 0.366
2158.000 0.377
2159.000 0.379
2160.000 0.376
2161.000 0.379
2162.000 0.384
2163.000 0.385
2164.000 0.387
2165.000 0.390
2166.000 0.393
2167.000 0.392
2168.000 0.389
2169.000 0.384
2170.000 0.368
2171.000 0.363
2172.000 0.364
2173.000 0.366
2174.000 0.377
2175.000 0.384
2176.000 0.394
2177.000 0.398
2178.000 0.400
2179.000 0.399
2180.000 0.387
2181.000 0.383
2182.000 0.382
2183.000 0.372
2184.000 0.370
2185.000 0.371
2186.000 0.371
2187.000 0.370
2188.000 0.376
2189.000 0.389
2190.000 0.392
2191.000 0.395
2192.000 0.397
2193.000 0.390
2194.000 0.388
2195.000 0.389
2196.000 0.389
2197.000 0.386
2198.000 0.388
2199.000 0.395
2200.000 0.403
2201.000 0.423
2202.000 0.426
2203.000 0.426
2204.000 0.429
2205.000 0.418
2206.000 0.409
2207.000 0.401
2208.000 0.392
2209.000 0.387
2210.000 0.380
2211.000 0.386
2212.000 0.406
2213.000 0.408
2214.000 0.413
2215.000 0.410
2216.000 0.386
2217.000 0.385
2218.000 0.404
2219.000 0.407
2220.000 0.408
2221.000 0.409
2222.000 0.399
2223.000 0.393
2224.000 0.388
2225.000 0.389
2226.000 0.390
2227.000 0.399
2228.000 0.395
2229.000 0.407
2230.000 0.412
2231.000 0.401
2232.000 0.415
2233.000 0.425
2234.000 0.421
2235.000 0.424
2236.000 0.422
2237.000 0.420
2238.000 0.414
2239.000 0.404
2240.000 0.397
2241.000 0.384
2242.000 0.375
2243.000 0.370
2244.000 0.370
2245.000 0.372
2246.000 0.371
2247.000 0.374
2248.000 0.375
2249.000 0.369
2250.000 0.367
2251.000 0.372
2252.000 0.367
2253.000 0.355
2254.000 0.348
2255.000 0.338
2256.000 0.334
2257.000 0.337
2258.000 0.333
2259.000 0.342
2260.000 0.345
2261.000 0.346
2262.000 0.359
2263.000 0.375
2264.000 0.390
2265.000 0.389
2266.000 0.392
2267.000 0.377
2268.000 0.358
2269.000 0.351
2270.000 0.345
2271.000 0.365
2272.000 0.381
2273.000 0.391
2274.000 0.422
2275.000 0.427
2276.000 0.401
2277.000 0.393
2278.000 0.383
2279.000 0.370
2280.000 0.357
2281.000 0.350
2282.000 0.334
2283.000 0.335
2284.000 0.354
2285.000 0.360
2286.000 0.374
2287.000 0.374
2288.000 0.356
2289.000 0.342
2290.000 0.319
2291.000 0.305
2292.000 0.295
2293.000 0.287
2294.000 0.288
2295.000 0.294
2296.000 0.315
2297.000 0.324
2298.000 0.337
2299.000 0.349
2300.000 0.335
2301.000 0.325
2302.000 0.321
2303.000 0.306
2304.000 0.318
2305.000 0.356
2306.000 0.358
2307.000 0.393
2308.000 0.423
2309.000 0.399
2310.000 0.452
2311.000 0.442
2312.000 0.437
2313.000 0.398
2314.000 0.343
2315.000 0.341
2316.000 0.341
2317.000 0.334
2318.000 0.357
2319.000 0.365
2320.000 0.351
2321.000 0.348
2322.000 0.350
2323.000 0.333
2324.000 0.335
2325.000 0.358
2326.000 0.354
2327.000 0.312
2328.000 0.327
2329.000 0.359
2330.000 0.375
2331.000 0.436
2332.000 0.449
2333.000 0.396
2334.000 0.382
2335.000 0.374
2336.000 0.374
2337.000 0.420
2338.000 0.436
2339.000 0.398
2340.000 0.375
2341.000 0.349
2342.000 0.321
2343.000 0.346
2344.000 0.346
2345.000 0.368
2346.000 0.356
2347.000 0.334
2348.000 0.328
2349.000 0.293
2350.000 0.287
2351.000 0.299
2352.000 0.317
2353.000 0.333
2354.000 0.359
2355.000 0.413
2356.000 0.448
2357.000 0.503
2358.000 0.491
2359.000 0.455
2360.000 0.417
2361.000 0.401
2362.000 0.355
2363.000 0.328
2364.000 0.304
2365.000 0.256
2366.000 0.250
2367.000 0.228
2368.000 0.242
2369.000 0.280
2370.000 0.272
2371.000 0.259
2372.000 0.277
2373.000 0.293
2374.000 0.274
2375.000 0.277
2376.000 0.331
2377.000 0.288
2378.000 0.254
2379.000 0.268
2380.000 0.270
2381.000 0.361
2382.000 0.445
2383.000 0.467
2384.000 0.400
2385.000 0.328
2386.000 0.286
2387.000 0.261
2388.000 0.255
2389.000 0.238
2390.000 0.243
2391.000 0.246
2392.000 0.236
2393.000 0.211
2394.000 0.201
2395.000 0.201
2396.000 0.308
2397.000 0.455
2398.000 0.572
2399.000 0.608
2400.000 0.568
2401.000 0.571
2402.000 0.491
2403.000 0.449
2404.000 0.441
2405.000 0.392
2406.000 0.293
2407.000 0.279
2408.000 0.257
2409.000 0.194
2410.000 0.216
2411.000 0.265
2412.000 0.211
2413.000 0.175
2414.000 0.191
2415.000 0.203
2416.000 0.215
2417.000 0.369
2418.000 0.382
2419.000 0.371
2420.000 0.270
2421.000 0.364
2422.000 0.373
2423.000 0.454
2424.000 0.529
2425.000 0.323
2426.000 0.306
2427.000 0.467
2428.000 0.514
2429.000 0.332
2430.000 0.332
2431.000 0.658
2432.000 0.408
2433.000 0.098
2434.000 0.145
2435.000 0.251
2436.000 0.250
2437.000 0.317
2438.000 0.325
2439.000 0.280
2440.000 0.193
2441.000 0.196
2442.000 0.171
2443.000 0.100
2444.000 0.188
2445.000 0.334
2446.000 0.313
2447.000 0.388
2448.000 0.397
2449.000 0.367
2450.000 0.633
2451.000 0.589
2452.000 0.407
2453.000 0.182
2454.000 0.214
2455.000 0.243
2456.000 0.331
2457.000 0.494
2458.000 0.505
2459.000 0.397
2460.000 0.600
2461.000 0.669
2462.000 0.644
2463.000 0.603
2464.000 0.540
2465.000 0.393
2466.000 0.492
2467.000 0.607
2468.000 0.548
2469.000 0.340
2470.000 0.281
2471.000 0.395
2472.000 0.482
2473.000 0.437
2474.000 0.627
2475.000 0.770
2476.000 0.765
2477.000 0.649
2478.000 0.698
2479.000 0.745
2480.000 0.562
2481.000 0.437
2482.000 0.363
2483.000 0.392
2484.000 0.417
2485.000 0.363
2486.000 0.326
2487.000 0.346
2488.000 0.389
2489.000 0.380
2490.000 0.609
2491.000 0.503
2492.000 0.542
2493.000 0.359
2494.000 0.320
2495.000 0.574
2496.000 0.592
2497.000 0.200
2498.000 0.349
2499.000 0.354
2500.000 0.277
