391.000 0.107
392.000 0.110
393.000 0.130
394.000 0.127
395.000 0.121
396.000 0.123
397.000 0.127
398.000 0.120
399.000 0.116
400.000 0.120
401.000 0.125
402.000 0.122
403.000 0.123
404.000 0.123
405.000 0.115
406.000 0.117
407.000 0.115
408.000 0.110
409.000 0.117
410.000 0.119
411.000 0.119
412.000 0.119
413.000 0.120
414.000 0.121
415.000 0.123
416.000 0.121
417.000 0.124
418.000 0.125
419.000 0.123
420.000 0.122
421.000 0.120
422.000 0.120
423.000 0.121
424.000 0.119
425.000 0.120
426.000 0.120
427.000 0.119
428.000 0.119
429.000 0.118
430.000 0.119
431.000 0.123
432.000 0.121
433.000 0.120
434.000 0.123
435.000 0.121
436.000 0.119
437.000 0.118
438.000 0.120
439.000 0.119
440.000 0.120
441.000 0.122
442.000 0.124
443.000 0.120
444.000 0.116
445.000 0.116
446.000 0.118
447.000 0.120
448.000 0.120
449.000 0.119
450.000 0.119
451.000 0.120
452.000 0.122
453.000 0.123
454.000 0.121
455.000 0.121
456.000 0.122
457.000 0.118
458.000 0.119
459.000 0.121
460.000 0.119
461.000 0.120
462.000 0.121
463.000 0.120
464.000 0.120
465.000 0.121
466.000 0.121
467.000 0.121
468.000 0.123
469.000 0.124
470.000 0.125
471.000 0.125
472.000 0.124
473.000 0.122
474.000 0.121
475.000 0.122
476.000 0.123
477.000 0.124
478.000 0.123
479.000 0.120
480.000 0.123
481.000 0.126
482.000 0.122
483.000 0.120
484.000 0.121
485.000 0.124
486.000 0.125
487.000 0.127
488.000 0.128
489.000 0.127
490.000 0.123
491.000 0.122
492.000 0.125
493.000 0.127
494.000 0.126
495.000 0.125
496.000 0.126
497.000 0.129
498.000 0.127
499.000 0.127
500.000 0.133
501.000 0.130
502.000 0.134
503.000 0.139
504.000 0.140
505.000 0.141
506.000 0.144
507.000 0.147
508.000 0.149
509.000 0.151
510.000 0.153
511.000 0.157
512.000 0.159
513.000 0.163
514.000 0.170
515.000 0.172
516.000 0.177
517.000 0.181
518.000 0.185
519.000 0.193
520.000 0.198
521.000 0.203
522.000 0.210
523.000 0.216
524.000 0.221
525.000 0.224
526.000 0.231
527.000 0.235
528.000 0.241
529.000 0.247
530.000 0.252
531.000 0.254
532.000 0.257
533.000 0.262
534.000 0.264
535.000 0.265
536.000 0.267
537.000 0.269
538.000 0.271
539.000 0.272
540.000 0.273
541.000 0.275
542.000 0.276
543.000 0.275
544.000 0.276
545.000 0.277
546.000 0.278
547.000 0.279
548.000 0.279
549.000 0.279
550.000 0.279
551.000 0.280
552.000 0.280
553.000 0.279
554.000 0.279
555.000 0.278
556.000 0.277
557.000 0.276
558.000 0.275
559.000 0.274
560.000 0.272
561.000 0.270
562.000 0.269
563.000 0.266
564.000 0.263
565.000 0.260
566.000 0.255
567.000 0.251
568.000 0.249
569.000 0.245
570.000 0.241
571.000 0.238
572.000 0.235
573.000 0.232
574.000 0.230
575.000 0.228
576.000 0.225
577.000 0.223
578.000 0.219
579.000 0.214
580.000 0.213
581.000 0.213
582.000 0.212
583.000 0.211
584.000 0.207
585.000 0.204
586.000 0.203
587.000 0.201
588.000 0.200
589.000 0.198
590.000 0.197
591.000 0.195
592.000 0.195
593.000 0.195
594.000 0.194
595.000 0.191
596.000 0.189
597.000 0.188
598.000 0.191
599.000 0.191
600.000 0.190
601.000 0.188
602.000 0.187
603.000 0.187
604.000 0.188
605.000 0.187
606.000 0.186
607.000 0.184
608.000 0.183
609.000 0.181
610.000 0.180
611.000 0.178
612.000 0.176
613.000 0.176
614.000 0.177
615.000 0.176
616.000 0.174
617.000 0.171
618.000 0.170
619.000 0.169
620.000 0.169
621.000 0.168
622.000 0.168
623.000 0.168
624.000 0.166
625.000 0.165
626.000 0.167
627.000 0.167
628.000 0.168
629.000 0.169
630.000 0.167
631.000 0.168
632.000 0.168
633.000 0.166
634.000 0.163
635.000 0.165
636.000 0.165
637.000 0.161
638.000 0.160
639.000 0.159
640.000 0.159
641.000 0.159
642.000 0.155
643.000 0.152
644.000 0.152
645.000 0.152
646.000 0.149
647.000 0.147
648.000 0.149
649.000 0.147
650.000 0.149
651.000 0.149
652.000 0.143
653.000 0.145
654.000 0.147
655.000 0.144
656.000 0.143
657.000 0.144
658.000 0.146
659.000 0.148
660.000 0.145
661.000 0.145
662.000 0.146
663.000 0.142
664.000 0.145
665.000 0.148
666.000 0.146
667.000 0.148
668.000 0.148
669.000 0.147
670.000 0.148
671.000 0.147
672.000 0.147
673.000 0.149
674.000 0.148
675.000 0.150
676.000 0.153
677.000 0.157
678.000 0.161
679.000 0.162
680.000 0.162
681.000 0.165
682.000 0.166
683.000 0.168
684.000 0.171
685.000 0.173
686.000 0.176
687.000 0.180
688.000 0.186
689.000 0.189
690.000 0.191
691.000 0.194
692.000 0.198
693.000 0.209
694.000 0.220
695.000 0.228
696.000 0.239
697.000 0.252
698.000 0.268
699.000 0.282
700.000 0.295
701.000 0.310
702.000 0.324
703.000 0.338
704.000 0.351
705.000 0.363
706.000 0.376
707.000 0.389
708.000 0.402
709.000 0.413
710.000 0.423
711.000 0.436
712.000 0.447
713.000 0.458
714.000 0.470
715.000 0.481
716.000 0.491
717.000 0.501
718.000 0.512
719.000 0.523
720.000 0.535
721.000 0.545
722.000 0.555
723.000 0.563
724.000 0.572
725.000 0.582
726.000 0.590
727.000 0.598
728.000 0.606
729.000 0.614
730.000 0.621
731.000 0.628
732.000 0.634
733.000 0.639
734.000 0.645
735.000 0.650
736.000 0.639
737.000 0.644
738.000 0.648
739.000 0.652
740.000 0.656
741.000 0.659
742.000 0.662
743.000 0.665
744.000 0.667
745.000 0.669
746.000 0.672
747.000 0.674
748.000 0.676
749.000 0.677
750.000 0.679
751.000 0.681
752.000 0.682
753.000 0.682
754.000 0.683
755.000 0.684
756.000 0.685
757.000 0.685
758.000 0.685
759.000 0.698
760.000 0.697
761.000 0.698
762.000 0.696
763.000 0.696
764.000 0.697
765.000 0.699
766.000 0.700
767.000 0.701
768.000 0.701
769.000 0.702
770.000 0.702
771.000 0.702
772.000 0.703
773.000 0.703
774.000 0.703
775.000 0.704
776.000 0.704
777.000 0.704
778.000 0.704
779.000 0.705
780.000 0.705
781.000 0.705
782.000 0.705
783.000 0.705
784.000 0.705
785.000 0.706
786.000 0.706
787.000 0.706
788.000 0.706
789.000 0.706
790.000 0.706
791.000 0.706
792.000 0.706
793.000 0.707
794.000 0.707
795.000 0.707
796.000 0.707
797.000 0.708
798.000 0.708
799.000 0.708
800.000 0.709
801.000 0.709
802.000 0.709
803.000 0.710
804.000 0.710
805.000 0.710
806.000 0.711
807.000 0.711
808.000 0.711
809.000 0.711
810.000 0.711
811.000 0.711
812.000 0.711
813.000 0.711
814.000 0.710
815.000 0.710
816.000 0.711
817.000 0.711
818.000 0.711
819.000 0.712
820.000 0.712
821.000 0.713
822.000 0.713
823.000 0.713
824.000 0.713
825.000 0.713
826.000 0.713
827.000 0.714
828.000 0.714
829.000 0.714
830.000 0.715
831.000 0.716
832.000 0.716
833.000 0.716
834.000 0.717
835.000 0.717
836.000 0.717
837.000 0.717
838.000 0.718
839.000 0.718
840.000 0.719
841.000 0.719
842.000 0.719
843.000 0.719
844.000 0.720
845.000 0.720
846.000 0.720
847.000 0.720
848.000 0.720
849.000 0.720
850.000 0.721
851.000 0.721
852.000 0.721
853.000 0.722
854.000 0.722
855.000 0.722
856.000 0.723
857.000 0.722
858.000 0.722
859.000 0.723
860.000 0.723
861.000 0.723
862.000 0.723
863.000 0.724
864.000 0.724
865.000 0.725
866.000 0.725
867.000 0.725
868.000 0.725
869.000 0.725
870.000 0.725
871.000 0.725
872.000 0.725
873.000 0.725
874.000 0.727
875.000 0.727
876.000 0.727
877.000 0.726
878.000 0.727
879.000 0.727
880.000 0.727
881.000 0.728
882.000 0.728
883.000 0.729
884.000 0.729
885.000 0.730
886.000 0.730
887.000 0.730
888.000 0.730
889.000 0.730
890.000 0.731
891.000 0.731
892.000 0.731
893.000 0.730
894.000 0.730
895.000 0.731
896.000 0.730
897.000 0.730
898.000 0.730
899.000 0.730
900.000 0.729
901.000 0.731
902.000 0.732
903.000 0.732
904.000 0.721
905.000 0.732
906.000 0.732
907.000 0.732
908.000 0.732
909.000 0.734
910.000 0.734
911.000 0.733
912.000 0.733
913.000 0.723
914.000 0.734
915.000 0.733
916.000 0.734
917.000 0.724
918.000 0.724
919.000 0.724
920.000 0.724
921.000 0.724
922.000 0.724
923.000 0.724
924.000 0.725
925.000 0.725
926.000 0.724
927.000 0.724
928.000 0.724
929.000 0.734
930.000 0.733
931.000 0.733
932.000 0.733
933.000 0.732
934.000 0.731
935.000 0.730
936.000 0.727
937.000 0.726
938.000 0.726
939.000 0.726
940.000 0.728
941.000 0.728
942.000 0.728
943.000 0.727
944.000 0.728
945.000 0.727
946.000 0.728
947.000 0.719
948.000 0.730
949.000 0.719
950.000 0.717
951.000 0.728
952.000 0.716
953.000 0.728
954.000 0.729
955.000 0.719
956.000 0.723
957.000 0.721
958.000 0.718
959.000 0.717
960.000 0.716
961.000 0.719
962.000 0.722
963.000 0.722
964.000 0.719
965.000 0.721
966.000 0.721
967.000 0.718
968.000 0.722
969.000 0.724
970.000 0.723
971.000 0.723
972.000 0.725
973.000 0.724
974.000 0.723
975.000 0.724
976.000 0.727
977.000 0.724
978.000 0.724
979.000 0.726
980.000 0.724
981.000 0.724
982.000 0.726
983.000 0.728
984.000 0.726
985.000 0.728
986.000 0.727
987.000 0.725
988.000 0.727
989.000 0.728
990.000 0.730
991.000 0.731
992.000 0.732
993.000 0.732
994.000 0.731
995.000 0.731
996.000 0.732
997.000 0.730
998.000 0.731
999.000 0.732
1000.000 0.730
1001.000 0.739
1002.000 0.740
1003.000 0.740
1004.000 0.742
1005.000 0.742
1006.000 0.742
1007.000 0.742
1008.000 0.741
1009.000 0.742
1010.000 0.742
1011.000 0.743
1012.000 0.744
1013.000 0.745
1014.000 0.746
1015.000 0.746
1016.000 0.746
1017.000 0.746
1018.000 0.748
1019.000 0.748
1020.000 0.750
1021.000 0.751
1022.000 0.750
1023.000 0.750
1024.000 0.750
1025.000 0.748
1026.000 0.747
1027.000 0.755
1028.000 0.754
1029.000 0.745
1030.000 0.745
1031.000 0.746
1032.000 0.746
1033.000 0.747
1034.000 0.755
1035.000 0.754
1036.000 0.755
1037.000 0.756
1038.000 0.757
1039.000 0.749
1040.000 0.758
1041.000 0.757
1042.000 0.758
1043.000 0.758
1044.000 0.759
1045.000 0.759
1046.000 0.751
1047.000 0.750
1048.000 0.759
1049.000 0.759
1050.000 0.759
1051.000 0.759
1052.000 0.759
1053.000 0.758
1054.000 0.759
1055.000 0.760
1056.000 0.761
1057.000 0.753
1058.000 0.754
1059.000 0.754
1060.000 0.755
1061.000 0.755
1062.000 0.756
1063.000 0.756
1064.000 0.764
1065.000 0.755
1066.000 0.765
1067.000 0.763
1068.000 0.764
1069.000 0.763
1070.000 0.763
1071.000 0.763
1072.000 0.763
1073.000 0.762
1074.000 0.762
1075.000 0.763
1076.000 0.763
1077.000 0.763
1078.000 0.763
1079.000 0.763
1080.000 0.762
1081.000 0.762
1082.000 0.763
1083.000 0.764
1084.000 0.765
1085.000 0.766
1086.000 0.766
1087.000 0.766
1088.000 0.765
1089.000 0.765
1090.000 0.765
1091.000 0.765
1092.000 0.766
1093.000 0.766
1094.000 0.765
1095.000 0.765
1096.000 0.765
1097.000 0.765
1098.000 0.766
1099.000 0.765
1100.000 0.765
1101.000 0.766
1102.000 0.765
1103.000 0.765
1104.000 0.764
1105.000 0.763
1106.000 0.762
1107.000 0.762
1108.000 0.761
1109.000 0.762
1110.000 0.761
1111.000 0.760
1112.000 0.759
1113.000 0.756
1114.000 0.754
1115.000 0.755
1116.000 0.755
1117.000 0.755
1118.000 0.757
1119.000 0.757
1120.000 0.756
1121.000 0.755
1122.000 0.753
1123.000 0.752
1124.000 0.752
1125.000 0.754
1126.000 0.758
1127.000 0.759
1128.000 0.761
1129.000 0.761
1130.000 0.759
1131.000 0.759
1132.000 0.759
1133.000 0.752
1134.000 0.756
1135.000 0.758
1136.000 0.758
1137.000 0.758
1138.000 0.756
1139.000 0.755
1140.000 0.753
1141.000 0.751
1142.000 0.749
1143.000 0.748
1144.000 0.747
1145.000 0.747
1146.000 0.747
1147.000 0.747
1148.000 0.747
1149.000 0.749
1150.000 0.748
1151.000 0.748
1152.000 0.746
1153.000 0.745
1154.000 0.745
1155.000 0.744
1156.000 0.746
1157.000 0.746
1158.000 0.746
1159.000 0.747
1160.000 0.747
1161.000 0.747
1162.000 0.747
1163.000 0.747
1164.000 0.748
1165.000 0.748
1166.000 0.748
1167.000 0.749
1168.000 0.749
1169.000 0.749
1170.000 0.749
1171.000 0.749
1172.000 0.749
1173.000 0.749
1174.000 0.749
1175.000 0.751
1176.000 0.751
1177.000 0.750
1178.000 0.750
1179.000 0.748
1180.000 0.748
1181.000 0.749
1182.000 0.750
1183.000 0.753
1184.000 0.754
1185.000 0.754
1186.000 0.754
1187.000 0.753
1188.000 0.752
1189.000 0.753
1190.000 0.753
1191.000 0.754
1192.000 0.755
1193.000 0.755
1194.000 0.754
1195.000 0.755
1196.000 0.755
1197.000 0.756
1198.000 0.757
1199.000 0.757
1200.000 0.755
1201.000 0.755
1202.000 0.754
1203.000 0.755
1204.000 0.756
1205.000 0.757
1206.000 0.758
1207.000 0.760
1208.000 0.761
1209.000 0.762
1210.000 0.761
1211.000 0.760
1212.000 0.760
1213.000 0.760
1214.000 0.759
1215.000 0.759
1216.000 0.760
1217.000 0.760
1218.000 0.761
1219.000 0.762
1220.000 0.763
1221.000 0.762
1222.000 0.762
1223.000 0.762
1224.000 0.761
1225.000 0.761
1226.000 0.761
1227.000 0.760
1228.000 0.759
1229.000 0.761
1230.000 0.761
1231.000 0.761
1232.000 0.762
1233.000 0.761
1234.000 0.759
1235.000 0.759
1236.000 0.759
1237.000 0.760
1238.000 0.760
1239.000 0.761
1240.000 0.763
1241.000 0.763
1242.000 0.763
1243.000 0.762
1244.000 0.762
1245.000 0.761
1246.000 0.761
1247.000 0.760
1248.000 0.761
1249.000 0.761
1250.000 0.762
1251.000 0.762
1252.000 0.762
1253.000 0.763
1254.000 0.763
1255.000 0.762
1256.000 0.762
1257.000 0.763
1258.000 0.763
1259.000 0.764
1260.000 0.765
1261.000 0.765
1262.000 0.765
1263.000 0.765
1264.000 0.765
1265.000 0.767
1266.000 0.767
1267.000 0.766
1268.000 0.766
1269.000 0.766
1270.000 0.765
1271.000 0.766
1272.000 0.768
1273.000 0.768
1274.000 0.770
1275.000 0.771
1276.000 0.771
1277.000 0.771
1278.000 0.772
1279.000 0.772
1280.000 0.772
1281.000 0.772
1282.000 0.771
1283.000 0.771
1284.000 0.771
1285.000 0.771
1286.000 0.771
1287.000 0.771
1288.000 0.772
1289.000 0.766
1290.000 0.766
1291.000 0.766
1292.000 0.765
1293.000 0.765
1294.000 0.771
1295.000 0.771
1296.000 0.770
1297.000 0.769
1298.000 0.769
1299.000 0.769
1300.000 0.769
1301.000 0.768
1302.000 0.768
1303.000 0.767
1304.000 0.767
1305.000 0.767
1306.000 0.766
1307.000 0.765
1308.000 0.764
1309.000 0.763
1310.000 0.763
1311.000 0.761
1312.000 0.761
1313.000 0.762
1314.000 0.761
1315.000 0.760
1316.000 0.758
1317.000 0.756
1318.000 0.755
1319.000 0.753
1320.000 0.751
1321.000 0.749
1322.000 0.748
1323.000 0.746
1324.000 0.745
1325.000 0.744
1326.000 0.741
1327.000 0.739
1328.000 0.739
1329.000 0.737
1330.000 0.736
1331.000 0.734
1332.000 0.732
1333.000 0.730
1334.000 0.727
1335.000 0.725
1336.000 0.724
1337.000 0.722
1338.000 0.719
1339.000 0.717
1340.000 0.713
1341.000 0.711
1342.000 0.714
1343.000 0.713
1344.000 0.709
1345.000 0.706
1346.000 0.709
1347.000 0.703
1348.000 0.699
1349.000 0.698
1350.000 0.699
1351.000 0.705
1352.000 0.715
1353.000 0.735
1354.000 0.757
1355.000 0.772
1356.000 0.735
1357.000 0.832
1358.000 0.778
1359.000 0.702
1360.000 0.645
1361.000 0.572
1362.000 0.256
1363.000 0.346
1364.000 0.483
1365.000 0.246
1366.000 0.180
1367.000 0.167
1368.000 0.252
1369.000 0.194
1370.000 0.251
1371.000 0.317
1372.000 0.343
1373.000 0.263
1374.000 0.317
1375.000 0.374
1376.000 0.448
1377.000 0.395
1378.000 0.465
1379.000 0.474
1380.000 0.487
1381.000 0.468
1382.000 0.295
1383.000 0.340
1384.000 0.151
1385.000 0.218
1386.000 0.563
1387.000 0.452
1388.000 0.473
1389.000 0.328
1390.000 0.392
1391.000 0.467
1392.000 0.666
1393.000 0.522
1394.000 0.394
1395.000 0.554
1396.000 0.568
1397.000 0.344
1398.000 0.397
1399.000 0.393
1400.000 0.461
1401.000 0.319
1402.000 0.530
1403.000 0.732
1404.000 0.690
1405.000 0.498
1406.000 0.403
1407.000 0.357
1408.000 0.579
1409.000 0.601
1410.000 0.618
1411.000 0.447
1412.000 0.375
1413.000 0.524
1414.000 0.535
1415.000 0.535
1416.000 0.513
1417.000 0.509
1418.000 0.466
1419.000 0.400
1420.000 0.424
1421.000 0.418
1422.000 0.394
1423.000 0.360
1424.000 0.372
1425.000 0.398
1426.000 0.417
1427.000 0.466
1428.000 0.513
1429.000 0.520
1430.000 0.498
1431.000 0.471
1432.000 0.442
1433.000 0.380
1434.000 0.368
1435.000 0.367
1436.000 0.381
1437.000 0.452
1438.000 0.480
1439.000 0.467
1440.000 0.483
1441.000 0.459
1442.000 0.469
1443.000 0.428
1444.000 0.428
1445.000 0.449
1446.000 0.452
1447.000 0.475
1448.000 0.469
1449.000 0.452
1450.000 0.401
1451.000 0.389
1452.000 0.374
1453.000 0.374
1454.000 0.391
1455.000 0.399
1456.000 0.408
1457.000 0.407
1458.000 0.404
1459.000 0.409
1460.000 0.412
1461.000 0.412
1462.000 0.429
1463.000 0.419
1464.000 0.385
1465.000 0.373
1466.000 0.354
1467.000 0.356
1468.000 0.385
1469.000 0.395
1470.000 0.413
1471.000 0.423
1472.000 0.410
1473.000 0.415
1474.000 0.428
1475.000 0.437
1476.000 0.452
1477.000 0.455
1478.000 0.458
1479.000 0.454
1480.000 0.439
1481.000 0.433
1482.000 0.426
1483.000 0.423
1484.000 0.424
1485.000 0.426
1486.000 0.431
1487.000 0.434
1488.000 0.439
1489.000 0.441
1490.000 0.441
1491.000 0.441
1492.000 0.439
1493.000 0.439
1494.000 0.440
1495.000 0.440
1496.000 0.436
1497.000 0.440
1498.000 0.445
1499.000 0.451
1500.000 0.461
1501.000 0.466
1502.000 0.469
1503.000 0.470
1504.000 0.471
1505.000 0.471
1506.000 0.471
1507.000 0.471
1508.000 0.470
1509.000 0.466
1510.000 0.467
1511.000 0.466
1512.000 0.470
1513.000 0.479
1514.000 0.483
1515.000 0.486
1516.000 0.488
1517.000 0.486
1518.000 0.490
1519.000 0.496
1520.000 0.498
1521.000 0.501
1522.000 0.502
1523.000 0.499
1524.000 0.500
1525.000 0.504
1526.000 0.507
1527.000 0.511
1528.000 0.514
1529.000 0.518
1530.000 0.519
1531.000 0.519
1532.000 0.518
1533.000 0.513
1534.000 0.512
1535.000 0.513
1536.000 0.516
1537.000 0.522
1538.000 0.528
1539.000 0.538
1540.000 0.543
1541.000 0.546
1542.000 0.548
1543.000 0.544
1544.000 0.545
1545.000 0.547
1546.000 0.548
1547.000 0.549
1548.000 0.550
1549.000 0.549
1550.000 0.550
1551.000 0.554
1552.000 0.556
1553.000 0.558
1554.000 0.560
1555.000 0.560
1556.000 0.562
1557.000 0.567
1558.000 0.569
1559.000 0.572
1560.000 0.573
1561.000 0.572
1562.000 0.573
1563.000 0.575
1564.000 0.575
1565.000 0.574
1566.000 0.574
1567.000 0.575
1568.000 0.576
1569.000 0.579
1570.000 0.580
1571.000 0.580
1572.000 0.579
1573.000 0.578
1574.000 0.579
1575.000 0.576
1576.000 0.579
1577.000 0.584
1578.000 0.588
1579.000 0.595
1580.000 0.599
1581.000 0.599
1582.000 0.602
1583.000 0.604
1584.000 0.606
1585.000 0.608
1586.000 0.609
1587.000 0.606
1588.000 0.606
1589.000 0.608
1590.000 0.610
1591.000 0.615
1592.000 0.599
1593.000 0.604
1594.000 0.605
1595.000 0.604
1596.000 0.604
1597.000 0.617
1598.000 0.616
1599.000 0.603
1600.000 0.606
1601.000 0.610
1602.000 0.612
1603.000 0.611
1604.000 0.611
1605.000 0.614
1606.000 0.615
1607.000 0.614
1608.000 0.613
1609.000 0.613
1610.000 0.612
1611.000 0.611
1612.000 0.612
1613.000 0.615
1614.000 0.618
1615.000 0.622
1616.000 0.625
1617.000 0.627
1618.000 0.628
1619.000 0.629
1620.000 0.628
1621.000 0.625
1622.000 0.623
1623.000 0.620
1624.000 0.619
1625.000 0.621
1626.000 0.622
1627.000 0.627
1628.000 0.630
1629.000 0.631
1630.000 0.632
1631.000 0.629
1632.000 0.627
1633.000 0.626
1634.000 0.626
1635.000 0.628
1636.000 0.629
1637.000 0.632
1638.000 0.634
1639.000 0.636
1640.000 0.638
1641.000 0.643
1642.000 0.645
1643.000 0.644
1644.000 0.644
1645.000 0.644
1646.000 0.644
1647.000 0.646
1648.000 0.647
1649.000 0.647
1650.000 0.645
1651.000 0.643
1652.000 0.641
1653.000 0.638
1654.000 0.638
1655.000 0.641
1656.000 0.642
1657.000 0.646
1658.000 0.646
1659.000 0.642
1660.000 0.642
1661.000 0.643
1662.000 0.645
1663.000 0.652
1664.000 0.653
1665.000 0.650
1666.000 0.648
1667.000 0.647
1668.000 0.645
1669.000 0.644
1670.000 0.645
1671.000 0.644
1672.000 0.645
1673.000 0.651
1674.000 0.652
1675.000 0.651
1676.000 0.650
1677.000 0.645
1678.000 0.643
1679.000 0.643
1680.000 0.644
1681.000 0.648
1682.000 0.648
1683.000 0.647
1684.000 0.648
1685.000 0.649
1686.000 0.649
1687.000 0.651
1688.000 0.652
1689.000 0.651
1690.000 0.652
1691.000 0.658
1692.000 0.659
1693.000 0.660
1694.000 0.659
1695.000 0.653
1696.000 0.651
1697.000 0.650
1698.000 0.651
1699.000 0.654
1700.000 0.655
1701.000 0.658
1702.000 0.655
1703.000 0.646
1704.000 0.644
1705.000 0.640
1706.000 0.640
1707.000 0.647
1708.000 0.646
1709.000 0.641
1710.000 0.641
1711.000 0.643
1712.000 0.647
1713.000 0.652
1714.000 0.652
1715.000 0.650
1716.000 0.651
1717.000 0.653
1718.000 0.657
1719.000 0.662
1720.000 0.657
1721.000 0.655
1722.000 0.654
1723.000 0.648
1724.000 0.648
1725.000 0.644
1726.000 0.641
1727.000 0.641
1728.000 0.642
1729.000 0.649
1730.000 0.654
1731.000 0.653
1732.000 0.652
1733.000 0.651
1734.000 0.649
1735.000 0.649
1736.000 0.646
1737.000 0.642
1738.000 0.632
1739.000 0.629
1740.000 0.630
1741.000 0.630
1742.000 0.632
1743.000 0.633
1744.000 0.634
1745.000 0.634
1746.000 0.637
1747.000 0.638
1748.000 0.640
1749.000 0.637
1750.000 0.624
1751.000 0.619
1752.000 0.612
1753.000 0.608
1754.000 0.613
1755.000 0.615
1756.000 0.617
1757.000 0.618
1758.000 0.618
1759.000 0.617
1760.000 0.617
1761.000 0.609
1762.000 0.607
1763.000 0.605
1764.000 0.601
1765.000 0.604
1766.000 0.605
1767.000 0.600
1768.000 0.596
1769.000 0.596
1770.000 0.596
1771.000 0.605
1772.000 0.619
1773.000 0.616
1774.000 0.616
1775.000 0.608
1776.000 0.597
1777.000 0.607
1778.000 0.608
1779.000 0.610
1780.000 0.607
1781.000 0.596
1782.000 0.591
1783.000 0.584
1784.000 0.585
1785.000 0.589
1786.000 0.595
1787.000 0.603
1788.000 0.606
1789.000 0.609
1790.000 0.599
1791.000 0.587
1792.000 0.597
1793.000 0.588
1794.000 0.591
1795.000 0.590
1796.000 0.589
1797.000 0.607
1798.000 0.627
1799.000 0.643
1800.000 0.668
1801.000 0.576
1802.000 0.603
1803.000 0.646
1804.000 0.640
1805.000 0.640
1806.000 0.640
1807.000 0.627
1808.000 0.684
1809.000 0.664
1810.000 0.528
1811.000 0.585
1812.000 0.521
1813.000 0.441
1814.000 0.460
1815.000 0.430
1816.000 0.429
1817.000 0.522
1818.000 0.595
1819.000 0.764
1820.000 0.873
1821.000 0.740
1822.000 0.665
1823.000 0.590
1824.000 0.683
1825.000 0.712
1826.000 0.536
1827.000 0.489
1828.000 0.647
1829.000 0.614
1830.000 0.539
1831.000 0.632
1832.000 0.267
1833.000 0.594
1834.000 0.500
1835.000 0.406
1836.000 0.278
1837.000 0.609
1838.000 0.629
1839.000 0.284
1840.000 0.264
1841.000 0.308
1842.000 0.343
1843.000 0.453
1844.000 0.464
1845.000 0.471
1846.000 0.346
1847.000 0.221
1848.000 0.505
1849.000 0.597
1850.000 0.665
1851.000 0.698
1852.000 0.626
1853.000 0.568
1854.000 0.717
1855.000 0.537
1856.000 0.332
1857.000 0.311
1858.000 0.271
1859.000 0.228
1860.000 0.359
1861.000 0.490
1862.000 0.614
1863.000 0.688
1864.000 0.506
1865.000 0.526
1866.000 0.458
1867.000 0.433
1868.000 0.481
1869.000 0.538
1870.000 0.618
1871.000 0.648
1872.000 0.516
1873.000 0.385
1874.000 0.513
1875.000 0.663
1876.000 0.609
1877.000 0.664
1878.000 0.665
1879.000 0.825
1880.000 0.661
1881.000 0.481
1882.000 0.310
1883.000 0.549
1884.000 0.516
1885.000 0.503
1886.000 0.330
1887.000 0.342
1888.000 0.435
1889.000 0.346
1890.000 0.646
1891.000 0.396
1892.000 0.454
1893.000 0.529
1894.000 0.516
1895.000 0.551
1896.000 0.532
1897.000 0.513
1898.000 0.480
1899.000 0.619
1900.000 0.657
1901.000 0.528
1902.000 0.504
1903.000 0.457
1904.000 0.518
1905.000 0.556
1906.000 0.575
1907.000 0.596
1908.000 0.598
1909.000 0.615
1910.000 0.553
1911.000 0.591
1912.000 0.624
1913.000 0.445
1914.000 0.637
1915.000 0.732
1916.000 0.516
1917.000 0.550
1918.000 0.599
1919.000 0.669
1920.000 0.711
1921.000 0.712
1922.000 0.815
1923.000 0.712
1924.000 0.633
1925.000 0.549
1926.000 0.457
1927.000 0.532
1928.000 0.557
1929.000 0.753
1930.000 0.467
1931.000 0.552
1932.000 0.535
1933.000 0.513
1934.000 0.586
1935.000 0.592
1936.000 0.621
1937.000 0.653
1938.000 0.555
1939.000 0.424
1940.000 0.553
1941.000 0.555
1942.000 0.558
1943.000 0.583
1944.000 0.409
1945.000 0.412
1946.000 0.396
1947.000 0.461
1948.000 0.547
1949.000 0.604
1950.000 0.576
1951.000 0.540
1952.000 0.536
1953.000 0.483
1954.000 0.449
1955.000 0.453
1956.000 0.503
1957.000 0.479
1958.000 0.448
1959.000 0.393
1960.000 0.341
1961.000 0.336
1962.000 0.324
1963.000 0.264
1964.000 0.283
1965.000 0.374
1966.000 0.353
1967.000 0.376
1968.000 0.450
1969.000 0.375
1970.000 0.285
1971.000 0.321
1972.000 0.302
1973.000 0.300
1974.000 0.333
1975.000 0.325
1976.000 0.265
1977.000 0.257
1978.000 0.268
1979.000 0.265
1980.000 0.308
1981.000 0.299
1982.000 0.324
1983.000 0.346
1984.000 0.309
1985.000 0.290
1986.000 0.282
1987.000 0.274
1988.000 0.267
1989.000 0.278
1990.000 0.273
1991.000 0.256
1992.000 0.243
1993.000 0.231
1994.000 0.261
1995.000 0.325
1996.000 0.389
1997.000 0.489
1998.000 0.535
1999.000 0.550
2000.000 0.597
2001.000 0.616
2002.000 0.548
2003.000 0.501
2004.000 0.451
2005.000 0.394
2006.000 0.313
2007.000 0.281
2008.000 0.303
2009.000 0.294
2010.000 0.306
2011.000 0.350
2012.000 0.388
2013.000 0.359
2014.000 0.339
2015.000 0.269
2016.000 0.262
2017.000 0.277
2018.000 0.293
2019.000 0.328
2020.000 0.380
2021.000 0.399
2022.000 0.363
2023.000 0.333
2024.000 0.317
2025.000 0.341
2026.000 0.344
2027.000 0.348
2028.000 0.372
2029.000 0.382
2030.000 0.373
2031.000 0.376
2032.000 0.403
2033.000 0.393
2034.000 0.363
2035.000 0.342
2036.000 0.319
2037.000 0.307
2038.000 0.316
2039.000 0.338
2040.000 0.375
2041.000 0.396
2042.000 0.388
2043.000 0.356
2044.000 0.333
2045.000 0.286
2046.000 0.275
2047.000 0.289
2048.000 0.289
2049.000 0.292
2050.000 0.302
2051.000 0.301
2052.000 0.296
2053.000 0.324
2054.000 0.345
2055.000 0.393
2056.000 0.435
2057.000 0.439
2058.000 0.419
2059.000 0.409
2060.000 0.359
2061.000 0.356
2062.000 0.398
2063.000 0.397
2064.000 0.394
2065.000 0.378
2066.000 0.315
2067.000 0.309
2068.000 0.313
2069.000 0.329
2070.000 0.359
2071.000 0.368
2072.000 0.385
2073.000 0.399
2074.000 0.415
2075.000 0.442
2076.000 0.449
2077.000 0.422
2078.000 0.427
2079.000 0.459
2080.000 0.462
2081.000 0.448
2082.000 0.448
2083.000 0.464
2084.000 0.430
2085.000 0.442
2086.000 0.429
2087.000 0.420
2088.000 0.417
2089.000 0.406
2090.000 0.377
2091.000 0.373
2092.000 0.373
2093.000 0.375
2094.000 0.392
2095.000 0.402
2096.000 0.409
2097.000 0.419
2098.000 0.431
2099.000 0.438
2100.000 0.461
2101.000 0.457
2102.000 0.464
2103.000 0.483
2104.000 0.475
2105.000 0.454
2106.000 0.447
2107.000 0.422
2108.000 0.418
2109.000 0.429
2110.000 0.436
2111.000 0.457
2112.000 0.460
2113.000 0.455
2114.000 0.449
2115.000 0.425
2116.000 0.416
2117.000 0.415
2118.000 0.417
2119.000 0.424
2120.000 0.433
2121.000 0.446
2122.000 0.458
2123.000 0.469
2124.000 0.488
2125.000 0.491
2126.000 0.480
2127.000 0.480
2128.000 0.466
2129.000 0.469
2130.000 0.496
2131.000 0.507
2132.000 0.506
2133.000 0.499
2134.000 0.486
2135.000 0.467
2136.000 0.437
2137.000 0.412
2138.000 0.421
2139.000 0.427
2140.000 0.449
2141.000 0.490
2142.000 0.503
2143.000 0.509
2144.000 0.506
2145.000 0.472
2146.000 0.463
2147.000 0.462
2148.000 0.459
2149.000 0.457
2150.000 0.469
2151.000 0.499
2152.000 0.513
2153.000 0.533
2154.000 0.533
2155.000 0.507
2156.000 0.479
2157.000 0.459
2158.000 0.452
2159.000 0.451
2160.000 0.434
2161.000 0.433
2162.000 0.431
2163.000 0.433
2164.000 0.449
2165.000 0.465
2166.000 0.477
2167.000 0.461
2168.000 0.498
2169.000 0.531
2170.000 0.570
2171.000 0.594
2172.000 0.620
2173.000 0.610
2174.000 0.571
2175.000 0.548
2176.000 0.531
2177.000 0.520
2178.000 0.516
2179.000 0.532
2180.000 0.553
2181.000 0.546
2182.000 0.554
2183.000 0.544
2184.000 0.538
2185.000 0.533
2186.000 0.540
2187.000 0.500
2188.000 0.482
2189.000 0.463
2190.000 0.459
2191.000 0.468
2192.000 0.471
2193.000 0.487
2194.000 0.490
2195.000 0.473
2196.000 0.473
2197.000 0.474
2198.000 0.478
2199.000 0.462
2200.000 0.475
2201.000 0.489
2202.000 0.504
2203.000 0.499
2204.000 0.522
2205.000 0.525
2206.000 0.515
2207.000 0.527
2208.000 0.542
2209.000 0.540
2210.000 0.534
2211.000 0.517
2212.000 0.482
2213.000 0.470
2214.000 0.453
2215.000 0.450
2216.000 0.467
2217.000 0.471
2218.000 0.478
2219.000 0.475
2220.000 0.458
2221.000 0.455
2222.000 0.449
2223.000 0.451
2224.000 0.467
2225.000 0.474
2226.000 0.482
2227.000 0.481
2228.000 0.472
2229.000 0.477
2230.000 0.494
2231.000 0.499
2232.000 0.513
2233.000 0.520
2234.000 0.503
2235.000 0.489
2236.000 0.481
2237.000 0.478
2238.000 0.477
2239.000 0.495
2240.000 0.488
2241.000 0.464
2242.000 0.451
2243.000 0.425
2244.000 0.427
2245.000 0.458
2246.000 0.471
2247.000 0.485
2248.000 0.507
2249.000 0.534
2250.000 0.520
2251.000 0.540
2252.000 0.541
2253.000 0.528
2254.000 0.514
2255.000 0.518
2256.000 0.512
2257.000 0.478
2258.000 0.497
2259.000 0.493
2260.000 0.496
2261.000 0.516
2262.000 0.526
2263.000 0.546
2264.000 0.545
2265.000 0.527
2266.000 0.525
2267.000 0.536
2268.000 0.521
2269.000 0.514
2270.000 0.513
2271.000 0.470
2272.000 0.438
2273.000 0.436
2274.000 0.445
2275.000 0.438
2276.000 0.475
2277.000 0.455
2278.000 0.419
2279.000 0.410
2280.000 0.396
2281.000 0.415
2282.000 0.487
2283.000 0.534
2284.000 0.569
2285.000 0.585
2286.000 0.583
2287.000 0.553
2288.000 0.531
2289.000 0.507
2290.000 0.451
2291.000 0.480
2292.000 0.484
2293.000 0.533
2294.000 0.580
2295.000 0.606
2296.000 0.545
2297.000 0.516
2298.000 0.512
2299.000 0.497
2300.000 0.479
2301.000 0.423
2302.000 0.418
2303.000 0.410
2304.000 0.465
2305.000 0.478
2306.000 0.525
2307.000 0.608
2308.000 0.552
2309.000 0.479
2310.000 0.460
2311.000 0.429
2312.000 0.431
2313.000 0.493
2314.000 0.542
2315.000 0.549
2316.000 0.560
2317.000 0.602
2318.000 0.515
2319.000 0.437
2320.000 0.462
2321.000 0.458
2322.000 0.517
2323.000 0.565
2324.000 0.562
2325.000 0.562
2326.000 0.490
2327.000 0.487
2328.000 0.435
2329.000 0.461
2330.000 0.438
2331.000 0.431
2332.000 0.406
2333.000 0.380
2334.000 0.350
2335.000 0.357
2336.000 0.332
2337.000 0.340
2338.000 0.344
2339.000 0.369
2340.000 0.365
2341.000 0.339
2342.000 0.347
2343.000 0.305
2344.000 0.320
2345.000 0.421
2346.000 0.435
2347.000 0.301
2348.000 0.340
2349.000 0.422
2350.000 0.506
2351.000 0.608
2352.000 0.464
2353.000 0.394
2354.000 0.402
2355.000 0.358
2356.000 0.395
2357.000 0.284
2358.000 0.319
2359.000 0.334
2360.000 0.365
2361.000 0.358
2362.000 0.388
2363.000 0.339
2364.000 0.321
2365.000 0.311
2366.000 0.306
2367.000 0.318
2368.000 0.312
2369.000 0.359
2370.000 0.463
2371.000 0.362
2372.000 0.253
2373.000 0.152
2374.000 0.287
2375.000 0.408
2376.000 0.439
2377.000 0.368
2378.000 0.322
2379.000 0.256
2380.000 0.264
2381.000 0.322
2382.000 0.395
2383.000 0.336
2384.000 0.278
2385.000 0.541
2386.000 0.472
2387.000 0.421
2388.000 0.350
2389.000 0.270
2390.000 0.213
2391.000 0.148
2392.000 0.197
2393.000 0.188
2394.000 0.376
2395.000 0.448
2396.000 0.556
2397.000 0.416
2398.000 0.396
2399.000 0.373
2400.000 0.264
2401.000 0.261
2402.000 0.326
2403.000 0.236
2404.000 0.467
2405.000 0.375
2406.000 0.323
2407.000 0.278
2408.000 0.350
2409.000 0.458
2410.000 0.344
2411.000 0.414
2412.000 0.343
2413.000 0.320
2414.000 0.234
2415.000 0.209
2416.000 0.351
2417.000 0.384
2418.000 0.296
2419.000 0.210
2420.000 0.434
2421.000 0.513
2422.000 0.296
2423.000 0.386
2424.000 0.324
2425.000 0.559
2426.000 0.384
2427.000 0.745
2428.000 0.706
2429.000 0.378
2430.000 0.624
2431.000 0.618
2432.000 0.447
2433.000 0.439
2434.000 0.365
2435.000 0.146
2436.000 0.253
2437.000 0.348
2438.000 0.315
2439.000 0.374
2440.000 0.438
2441.000 0.474
2442.000 0.283
2443.000 0.061
2444.000 0.534
2445.000 0.498
2446.000 0.427
2447.000 0.380
2448.000 0.329
2449.000 0.278
2450.000 0.222
2451.000 0.143
2452.000 0.192
2453.000 0.338
2454.000 0.408
2455.000 0.487
2456.000 0.509
2457.000 0.490
2458.000 0.586
2459.000 0.594
2460.000 0.733
2461.000 0.496
2462.000 0.339
2463.000 0.361
2464.000 0.329
2465.000 0.359
2466.000 0.354
2467.000 0.460
2468.000 0.459
2469.000 0.489
2470.000 0.449
2471.000 0.479
2472.000 0.492
2473.000 0.492
2474.000 0.204
2475.000 0.199
2476.000 0.207
2477.000 0.342
2478.000 0.283
2479.000 0.233
2480.000 0.250
2481.000 0.224
2482.000 0.318
2483.000 0.554
2484.000 0.864
2485.000 0.705
2486.000 0.329
2487.000 0.646
2488.000 0.686
2489.000 0.465
2490.000 0.446
2491.000 0.653
2492.000 0.506
2493.000 0.357
2494.000 0.431
2495.000 0.567
2496.000 0.557
2497.000 0.476
2498.000 0.435
2499.000 0.371
2500.000 0.192
