391.000 0.081
392.000 0.086
393.000 0.092
394.000 0.101
395.000 0.090
396.000 0.090
397.000 0.102
398.000 0.086
399.000 0.091
400.000 0.095
401.000 0.084
402.000 0.087
403.000 0.087
404.000 0.085
405.000 0.088
406.000 0.091
407.000 0.091
408.000 0.090
409.000 0.095
410.000 0.087
411.000 0.081
412.000 0.085
413.000 0.090
414.000 0.092
415.000 0.092
416.000 0.088
417.000 0.082
418.000 0.084
419.000 0.092
420.000 0.096
421.000 0.091
422.000 0.090
423.000 0.094
424.000 0.091
425.000 0.093
426.000 0.095
427.000 0.093
428.000 0.089
429.000 0.091
430.000 0.096
431.000 0.097
432.000 0.096
433.000 0.094
434.000 0.094
435.000 0.096
436.000 0.095
437.000 0.092
438.000 0.090
439.000 0.088
440.000 0.090
441.000 0.092
442.000 0.092
443.000 0.091
444.000 0.091
445.000 0.091
446.000 0.092
447.000 0.090
448.000 0.091
449.000 0.096
450.000 0.096
451.000 0.093
452.000 0.091
453.000 0.092
454.000 0.095
455.000 0.097
456.000 0.098
457.000 0.095
458.000 0.094
459.000 0.094
460.000 0.096
461.000 0.096
462.000 0.098
463.000 0.098
464.000 0.094
465.000 0.094
466.000 0.095
467.000 0.096
468.000 0.096
469.000 0.095
470.000 0.095
471.000 0.097
472.000 0.095
473.000 0.095
474.000 0.098
475.000 0.097
476.000 0.097
477.000 0.097
478.000 0.099
479.000 0.097
480.000 0.096
481.000 0.097
482.000 0.099
483.000 0.099
484.000 0.097
485.000 0.096
486.000 0.099
487.000 0.097
488.000 0.095
489.000 0.095
490.000 0.097
491.000 0.097
492.000 0.097
493.000 0.100
494.000 0.100
495.000 0.101
496.000 0.103
497.000 0.100
498.000 0.099
499.000 0.099
500.000 0.101
501.000 0.101
502.000 0.100
503.000 0.101
504.000 0.102
505.000 0.103
506.000 0.102
507.000 0.102
508.000 0.103
509.000 0.105
510.000 0.107
511.000 0.105
512.000 0.108
513.000 0.110
514.000 0.111
515.000 0.116
516.000 0.116
517.000 0.117
518.000 0.121
519.000 0.122
520.000 0.126
521.000 0.130
522.000 0.134
523.000 0.135
524.000 0.136
525.000 0.139
526.000 0.143
527.000 0.145
528.000 0.147
529.000 0.150
530.000 0.152
531.000 0.154
532.000 0.157
533.000 0.158
534.000 0.160
535.000 0.161
536.000 0.162
537.000 0.163
538.000 0.163
539.000 0.163
540.000 0.165
541.000 0.166
542.000 0.167
543.000 0.166
544.000 0.166
545.000 0.165
546.000 0.166
547.000 0.167
548.000 0.166
549.000 0.165
550.000 0.166
551.000 0.167
552.000 0.166
553.000 0.166
554.000 0.167
555.000 0.166
556.000 0.166
557.000 0.164
558.000 0.162
559.000 0.162
560.000 0.161
561.000 0.160
562.000 0.160
563.000 0.159
564.000 0.157
565.000 0.156
566.000 0.154
567.000 0.152
568.000 0.151
569.000 0.148
570.000 0.147
571.000 0.145
572.000 0.141
573.000 0.141
574.000 0.140
575.000 0.138
576.000 0.137
577.000 0.137
578.000 0.136
579.000 0.135
580.000 0.135
581.000 0.132
582.000 0.129
583.000 0.127
584.000 0.127
585.000 0.128
586.000 0.128
587.000 0.126
588.000 0.126
589.000 0.126
590.000 0.124
591.000 0.124
592.000 0.125
593.000 0.126
594.000 0.125
595.000 0.124
596.000 0.123
597.000 0.122
598.000 0.121
599.000 0.120
600.000 0.120
601.000 0.121
602.000 0.120
603.000 0.119
604.000 0.119
605.000 0.120
606.000 0.121
607.000 0.119
608.000 0.117
609.000 0.117
610.000 0.118
611.000 0.119
612.000 0.118
613.000 0.117
614.000 0.114
615.000 0.112
616.000 0.114
617.000 0.116
618.000 0.114
619.000 0.111
620.000 0.112
621.000 0.113
622.000 0.113
623.000 0.111
624.000 0.113
625.000 0.112
626.000 0.111
627.000 0.115
628.000 0.116
629.000 0.114
630.000 0.112
631.000 0.112
632.000 0.112
633.000 0.112
634.000 0.111
635.000 0.111
636.000 0.112
637.000 0.113
638.000 0.113
639.000 0.111
640.000 0.110
641.000 0.108
642.000 0.108
643.000 0.109
644.000 0.108
645.000 0.105
646.000 0.105
647.000 0.105
648.000 0.106
649.000 0.106
650.000 0.105
651.000 0.105
652.000 0.107
653.000 0.107
654.000 0.106
655.000 0.105
656.000 0.107
657.000 0.107
658.000 0.105
659.000 0.106
660.000 0.109
661.000 0.111
662.000 0.111
663.000 0.113
664.000 0.116
665.000 0.117
666.000 0.114
667.000 0.115
668.000 0.112
669.000 0.112
670.000 0.118
671.000 0.116
672.000 0.115
673.000 0.119
674.000 0.123
675.000 0.123
676.000 0.122
677.000 0.125
678.000 0.126
679.000 0.126
680.000 0.125
681.000 0.125
682.000 0.128
683.000 0.131
684.000 0.132
685.000 0.133
686.000 0.132
687.000 0.133
688.000 0.138
689.000 0.136
690.000 0.135
691.000 0.138
692.000 0.138
693.000 0.143
694.000 0.148
695.000 0.154
696.000 0.157
697.000 0.161
698.000 0.167
699.000 0.172
700.000 0.179
701.000 0.187
702.000 0.194
703.000 0.199
704.000 0.207
705.000 0.215
706.000 0.222
707.000 0.229
708.000 0.236
709.000 0.243
710.000 0.251
711.000 0.257
712.000 0.264
713.000 0.271
714.000 0.277
715.000 0.284
716.000 0.291
717.000 0.296
718.000 0.303
719.000 0.310
720.000 0.318
721.000 0.325
722.000 0.331
723.000 0.336
724.000 0.342
725.000 0.348
726.000 0.354
727.000 0.359
728.000 0.365
729.000 0.370
730.000 0.375
731.000 0.380
732.000 0.386
733.000 0.391
734.000 0.395
735.000 0.399
736.000 0.403
737.000 0.407
738.000 0.410
739.000 0.414
740.000 0.417
741.000 0.420
742.000 0.423
743.000 0.425
744.000 0.427
745.000 0.429
746.000 0.432
747.000 0.433
748.000 0.435
749.000 0.436
750.000 0.437
751.000 0.439
752.000 0.440
753.000 0.441
754.000 0.443
755.000 0.443
756.000 0.444
757.000 0.445
758.000 0.445
759.000 0.444
760.000 0.442
761.000 0.440
762.000 0.439
763.000 0.439
764.000 0.441
765.000 0.443
766.000 0.446
767.000 0.448
768.000 0.449
769.000 0.450
770.000 0.451
771.000 0.451
772.000 0.452
773.000 0.452
774.000 0.453
775.000 0.453
776.000 0.453
777.000 0.453
778.000 0.454
779.000 0.454
780.000 0.455
781.000 0.455
782.000 0.455
783.000 0.455
784.000 0.456
785.000 0.455
786.000 0.455
787.000 0.455
788.000 0.455
789.000 0.455
790.000 0.455
791.000 0.455
792.000 0.456
793.000 0.456
794.000 0.457
795.000 0.457
796.000 0.456
797.000 0.456
798.000 0.457
799.000 0.457
800.000 0.457
801.000 0.457
802.000 0.457
803.000 0.458
804.000 0.458
805.000 0.458
806.000 0.459
807.000 0.459
808.000 0.460
809.000 0.459
810.000 0.459
811.000 0.458
812.000 0.457
813.000 0.456
814.000 0.455
815.000 0.454
816.000 0.454
817.000 0.454
818.000 0.454
819.000 0.456
820.000 0.457
821.000 0.457
822.000 0.458
823.000 0.458
824.000 0.459
825.000 0.458
826.000 0.458
827.000 0.459
828.000 0.459
829.000 0.459
830.000 0.460
831.000 0.460
832.000 0.461
833.000 0.461
834.000 0.462
835.000 0.462
836.000 0.463
837.000 0.464
838.000 0.464
839.000 0.464
840.000 0.466
841.000 0.466
842.000 0.466
843.000 0.466
844.000 0.467
845.000 0.467
846.000 0.468
847.000 0.468
848.000 0.468
849.000 0.468
850.000 0.468
851.000 0.469
852.000 0.469
853.000 0.469
854.000 0.469
855.000 0.470
856.000 0.470
857.000 0.470
858.000 0.470
859.000 0.470
860.000 0.471
861.000 0.471
862.000 0.471
863.000 0.471
864.000 0.471
865.000 0.471
866.000 0.471
867.000 0.471
868.000 0.472
869.000 0.472
870.000 0.472
871.000 0.472
872.000 0.472
873.000 0.473
874.000 0.473
875.000 0.473
876.000 0.473
877.000 0.473
878.000 0.473
879.000 0.473
880.000 0.474
881.000 0.473
882.000 0.473
883.000 0.474
884.000 0.474
885.000 0.474
886.000 0.474
887.000 0.474
888.000 0.474
889.000 0.474
890.000 0.474
891.000 0.473
892.000 0.473
893.000 0.472
894.000 0.472
895.000 0.470
896.000 0.469
897.000 0.468
898.000 0.467
899.000 0.467
900.000 0.467
901.000 0.467
902.000 0.468
903.000 0.468
904.000 0.468
905.000 0.469
906.000 0.469
907.000 0.468
908.000 0.467
909.000 0.467
910.000 0.466
911.000 0.466
912.000 0.465
913.000 0.466
914.000 0.466
915.000 0.466
916.000 0.466
917.000 0.466
918.000 0.467
919.000 0.468
920.000 0.469
921.000 0.470
922.000 0.470
923.000 0.470
924.000 0.469
925.000 0.468
926.000 0.467
927.000 0.466
928.000 0.464
929.000 0.462
930.000 0.460
931.000 0.459
932.000 0.455
933.000 0.452
934.000 0.448
935.000 0.445
936.000 0.443
937.000 0.446
938.000 0.447
939.000 0.445
940.000 0.445
941.000 0.445
942.000 0.446
943.000 0.446
944.000 0.445
945.000 0.446
946.000 0.446
947.000 0.445
948.000 0.444
949.000 0.446
950.000 0.447
951.000 0.447
952.000 0.447
953.000 0.446
954.000 0.446
955.000 0.447
956.000 0.447
957.000 0.446
958.000 0.447
959.000 0.449
960.000 0.448
961.000 0.451
962.000 0.453
963.000 0.454
964.000 0.455
965.000 0.456
966.000 0.457
967.000 0.458
968.000 0.459
969.000 0.459
970.000 0.460
971.000 0.461
972.000 0.460
973.000 0.461
974.000 0.463
975.000 0.463
976.000 0.461
977.000 0.461
978.000 0.462
979.000 0.464
980.000 0.463
981.000 0.465
982.000 0.466
983.000 0.467
984.000 0.465
985.000 0.468
986.000 0.469
987.000 0.470
988.000 0.472
989.000 0.469
990.000 0.469
991.000 0.472
992.000 0.473
993.000 0.473
994.000 0.475
995.000 0.477
996.000 0.475
997.000 0.474
998.000 0.474
999.000 0.476
1000.000 0.476
1001.000 0.477
1002.000 0.478
1003.000 0.478
1004.000 0.479
1005.000 0.480
1006.000 0.481
1007.000 0.481
1008.000 0.481
1009.000 0.481
1010.000 0.481
1011.000 0.482
1012.000 0.483
1013.000 0.483
1014.000 0.483
1015.000 0.484
1016.000 0.484
1017.000 0.484
1018.000 0.484
1019.000 0.485
1020.000 0.485
1021.000 0.485
1022.000 0.485
1023.000 0.484
1024.000 0.484
1025.000 0.486
1026.000 0.486
1027.000 0.487
1028.000 0.487
1029.000 0.487
1030.000 0.487
1031.000 0.488
1032.000 0.489
1033.000 0.489
1034.000 0.489
1035.000 0.490
1036.000 0.490
1037.000 0.490
1038.000 0.490
1039.000 0.489
1040.000 0.490
1041.000 0.491
1042.000 0.491
1043.000 0.491
1044.000 0.491
1045.000 0.490
1046.000 0.491
1047.000 0.491
1048.000 0.491
1049.000 0.491
1050.000 0.491
1051.000 0.491
1052.000 0.491
1053.000 0.492
1054.000 0.493
1055.000 0.493
1056.000 0.493
1057.000 0.493
1058.000 0.493
1059.000 0.493
1060.000 0.493
1061.000 0.493
1062.000 0.494
1063.000 0.493
1064.000 0.494
1065.000 0.494
1066.000 0.494
1067.000 0.494
1068.000 0.494
1069.000 0.494
1070.000 0.495
1071.000 0.494
1072.000 0.494
1073.000 0.493
1074.000 0.493
1075.000 0.494
1076.000 0.494
1077.000 0.494
1078.000 0.494
1079.000 0.494
1080.000 0.494
1081.000 0.494
1082.000 0.494
1083.000 0.493
1084.000 0.493
1085.000 0.493
1086.000 0.493
1087.000 0.493
1088.000 0.494
1089.000 0.493
1090.000 0.493
1091.000 0.492
1092.000 0.493
1093.000 0.492
1094.000 0.491
1095.000 0.491
1096.000 0.491
1097.000 0.490
1098.000 0.489
1099.000 0.488
1100.000 0.487
1101.000 0.486
1102.000 0.485
1103.000 0.485
1104.000 0.484
1105.000 0.484
1106.000 0.484
1107.000 0.482
1108.000 0.482
1109.000 0.479
1110.000 0.478
1111.000 0.477
1112.000 0.476
1113.000 0.475
1114.000 0.475
1115.000 0.475
1116.000 0.474
1117.000 0.473
1118.000 0.470
1119.000 0.466
1120.000 0.461
1121.000 0.460
1122.000 0.455
1123.000 0.451
1124.000 0.449
1125.000 0.447
1126.000 0.448
1127.000 0.449
1128.000 0.453
1129.000 0.453
1130.000 0.454
1131.000 0.453
1132.000 0.453
1133.000 0.455
1134.000 0.455
1135.000 0.455
1136.000 0.455
1137.000 0.454
1138.000 0.454
1139.000 0.453
1140.000 0.451
1141.000 0.449
1142.000 0.448
1143.000 0.446
1144.000 0.446
1145.000 0.445
1146.000 0.445
1147.000 0.448
1148.000 0.448
1149.000 0.447
1150.000 0.447
1151.000 0.446
1152.000 0.443
1153.000 0.444
1154.000 0.445
1155.000 0.445
1156.000 0.446
1157.000 0.447
1158.000 0.449
1159.000 0.450
1160.000 0.452
1161.000 0.453
1162.000 0.455
1163.000 0.455
1164.000 0.456
1165.000 0.456
1166.000 0.456
1167.000 0.456
1168.000 0.457
1169.000 0.456
1170.000 0.457
1171.000 0.457
1172.000 0.458
1173.000 0.459
1174.000 0.459
1175.000 0.460
1176.000 0.461
1177.000 0.461
1178.000 0.460
1179.000 0.460
1180.000 0.460
1181.000 0.459
1182.000 0.459
1183.000 0.459
1184.000 0.458
1185.000 0.459
1186.000 0.459
1187.000 0.459
1188.000 0.459
1189.000 0.460
1190.000 0.460
1191.000 0.461
1192.000 0.461
1193.000 0.460
1194.000 0.460
1195.000 0.460
1196.000 0.460
1197.000 0.461
1198.000 0.461
1199.000 0.461
1200.000 0.461
1201.000 0.462
1202.000 0.463
1203.000 0.463
1204.000 0.463
1205.000 0.463
1206.000 0.463
1207.000 0.463
1208.000 0.464
1209.000 0.463
1210.000 0.464
1211.000 0.464
1212.000 0.465
1213.000 0.465
1214.000 0.465
1215.000 0.466
1216.000 0.467
1217.000 0.467
1218.000 0.468
1219.000 0.468
1220.000 0.468
1221.000 0.468
1222.000 0.469
1223.000 0.468
1224.000 0.468
1225.000 0.469
1226.000 0.469
1227.000 0.470
1228.000 0.471
1229.000 0.471
1230.000 0.472
1231.000 0.472
1232.000 0.472
1233.000 0.472
1234.000 0.472
1235.000 0.473
1236.000 0.473
1237.000 0.474
1238.000 0.475
1239.000 0.475
1240.000 0.476
1241.000 0.476
1242.000 0.476
1243.000 0.476
1244.000 0.476
1245.000 0.476
1246.000 0.476
1247.000 0.476
1248.000 0.477
1249.000 0.476
1250.000 0.477
1251.000 0.477
1252.000 0.477
1253.000 0.478
1254.000 0.477
1255.000 0.478
1256.000 0.477
1257.000 0.476
1258.000 0.476
1259.000 0.477
1260.000 0.476
1261.000 0.477
1262.000 0.477
1263.000 0.476
1264.000 0.476
1265.000 0.476
1266.000 0.476
1267.000 0.477
1268.000 0.477
1269.000 0.478
1270.000 0.478
1271.000 0.478
1272.000 0.479
1273.000 0.479
1274.000 0.480
1275.000 0.480
1276.000 0.481
1277.000 0.481
1278.000 0.480
1279.000 0.480
1280.000 0.479
1281.000 0.479
1282.000 0.479
1283.000 0.479
1284.000 0.480
1285.000 0.480
1286.000 0.478
1287.000 0.478
1288.000 0.478
1289.000 0.477
1290.000 0.477
1291.000 0.477
1292.000 0.477
1293.000 0.477
1294.000 0.476
1295.000 0.475
1296.000 0.475
1297.000 0.474
1298.000 0.473
1299.000 0.473
1300.000 0.472
1301.000 0.471
1302.000 0.470
1303.000 0.470
1304.000 0.469
1305.000 0.467
1306.000 0.466
1307.000 0.466
1308.000 0.464
1309.000 0.464
1310.000 0.463
1311.000 0.462
1312.000 0.460
1313.000 0.459
1314.000 0.457
1315.000 0.456
1316.000 0.455
1317.000 0.455
1318.000 0.454
1319.000 0.452
1320.000 0.451
1321.000 0.449
1322.000 0.448
1323.000 0.446
1324.000 0.445
1325.000 0.444
1326.000 0.443
1327.000 0.441
1328.000 0.439
1329.000 0.437
1330.000 0.434
1331.000 0.432
1332.000 0.430
1333.000 0.427
1334.000 0.424
1335.000 0.422
1336.000 0.421
1337.000 0.419
1338.000 0.419
1339.000 0.418
1340.000 0.419
1341.000 0.419
1342.000 0.420
1343.000 0.421
1344.000 0.420
1345.000 0.418
1346.000 0.414
1347.000 0.409
1348.000 0.404
1349.000 0.396
1350.000 0.387
1351.000 0.379
1352.000 0.359
1353.000 0.317
1354.000 0.302
1355.000 0.323
1356.000 0.271
1357.000 0.297
1358.000 0.417
1359.000 0.389
1360.000 0.452
1361.000 0.513
1362.000 0.525
1363.000 0.456
1364.000 0.292
1365.000 0.241
1366.000 0.291
1367.000 0.336
1368.000 0.548
1369.000 0.589
1370.000 0.614
1371.000 0.139
1372.000 0.224
1373.000 0.295
1374.000 0.325
1375.000 0.445
1376.000 0.523
1377.000 0.526
1378.000 0.482
1379.000 0.621
1380.000 0.328
1381.000 0.420
1382.000 0.524
1383.000 0.661
1384.000 0.511
1385.000 0.321
1386.000 0.418
1387.000 0.470
1388.000 0.550
1389.000 0.470
1390.000 0.558
1391.000 0.655
1392.000 0.812
1393.000 0.547
1394.000 0.413
1395.000 0.431
1396.000 0.464
1397.000 0.582
1398.000 0.430
1399.000 0.393
1400.000 0.260
1401.000 0.121
1402.000 0.350
1403.000 0.333
1404.000 0.477
1405.000 0.607
1406.000 0.452
1407.000 0.427
1408.000 0.335
1409.000 0.461
1410.000 0.386
1411.000 0.401
1412.000 0.384
1413.000 0.402
1414.000 0.424
1415.000 0.506
1416.000 0.525
1417.000 0.549
1418.000 0.467
1419.000 0.307
1420.000 0.389
1421.000 0.361
1422.000 0.258
1423.000 0.242
1424.000 0.270
1425.000 0.318
1426.000 0.338
1427.000 0.281
1428.000 0.204
1429.000 0.268
1430.000 0.279
1431.000 0.318
1432.000 0.273
1433.000 0.234
1434.000 0.220
1435.000 0.296
1436.000 0.240
1437.000 0.302
1438.000 0.317
1439.000 0.301
1440.000 0.269
1441.000 0.263
1442.000 0.283
1443.000 0.216
1444.000 0.200
1445.000 0.169
1446.000 0.163
1447.000 0.202
1448.000 0.218
1449.000 0.203
1450.000 0.189
1451.000 0.166
1452.000 0.162
1453.000 0.161
1454.000 0.146
1455.000 0.151
1456.000 0.157
1457.000 0.163
1458.000 0.170
1459.000 0.175
1460.000 0.181
1461.000 0.185
1462.000 0.192
1463.000 0.186
1464.000 0.169
1465.000 0.187
1466.000 0.188
1467.000 0.185
1468.000 0.199
1469.000 0.202
1470.000 0.186
1471.000 0.162
1472.000 0.176
1473.000 0.179
1474.000 0.198
1475.000 0.202
1476.000 0.209
1477.000 0.209
1478.000 0.211
1479.000 0.217
1480.000 0.203
1481.000 0.208
1482.000 0.219
1483.000 0.217
1484.000 0.200
1485.000 0.194
1486.000 0.186
1487.000 0.188
1488.000 0.199
1489.000 0.206
1490.000 0.217
1491.000 0.220
1492.000 0.214
1493.000 0.214
1494.000 0.211
1495.000 0.213
1496.000 0.220
1497.000 0.225
1498.000 0.228
1499.000 0.233
1500.000 0.238
1501.000 0.238
1502.000 0.239
1503.000 0.241
1504.000 0.239
1505.000 0.238
1506.000 0.238
1507.000 0.237
1508.000 0.238
1509.000 0.241
1510.000 0.243
1511.000 0.246
1512.000 0.248
1513.000 0.250
1514.000 0.252
1515.000 0.255
1516.000 0.256
1517.000 0.258
1518.000 0.258
1519.000 0.256
1520.000 0.256
1521.000 0.257
1522.000 0.259
1523.000 0.263
1524.000 0.265
1525.000 0.265
1526.000 0.265
1527.000 0.264
1528.000 0.264
1529.000 0.265
1530.000 0.265
1531.000 0.267
1532.000 0.268
1533.000 0.270
1534.000 0.272
1535.000 0.274
1536.000 0.275
1537.000 0.275
1538.000 0.276
1539.000 0.277
1540.000 0.278
1541.000 0.280
1542.000 0.281
1543.000 0.282
1544.000 0.283
1545.000 0.284
1546.000 0.285
1547.000 0.287
1548.000 0.289
1549.000 0.289
1550.000 0.290
1551.000 0.292
1552.000 0.293
1553.000 0.294
1554.000 0.295
1555.000 0.295
1556.000 0.296
1557.000 0.300
1558.000 0.302
1559.000 0.306
1560.000 0.307
1561.000 0.305
1562.000 0.305
1563.000 0.303
1564.000 0.303
1565.000 0.305
1566.000 0.307
1567.000 0.310
1568.000 0.312
1569.000 0.312
1570.000 0.313
1571.000 0.314
1572.000 0.314
1573.000 0.314
1574.000 0.315
1575.000 0.315
1576.000 0.316
1577.000 0.316
1578.000 0.317
1579.000 0.317
1580.000 0.318
1581.000 0.320
1582.000 0.321
1583.000 0.324
1584.000 0.325
1585.000 0.324
1586.000 0.324
1587.000 0.324
1588.000 0.324
1589.000 0.325
1590.000 0.327
1591.000 0.328
1592.000 0.328
1593.000 0.327
1594.000 0.327
1595.000 0.326
1596.000 0.327
1597.000 0.329
1598.000 0.331
1599.000 0.331
1600.000 0.332
1601.000 0.332
1602.000 0.333
1603.000 0.334
1604.000 0.334
1605.000 0.336
1606.000 0.336
1607.000 0.337
1608.000 0.338
1609.000 0.340
1610.000 0.340
1611.000 0.341
1612.000 0.342
1613.000 0.341
1614.000 0.341
1615.000 0.342
1616.000 0.342
1617.000 0.343
1618.000 0.344
1619.000 0.345
1620.000 0.346
1621.000 0.347
1622.000 0.348
1623.000 0.347
1624.000 0.346
1625.000 0.348
1626.000 0.348
1627.000 0.348
1628.000 0.349
1629.000 0.350
1630.000 0.351
1631.000 0.352
1632.000 0.353
1633.000 0.353
1634.000 0.353
1635.000 0.353
1636.000 0.353
1637.000 0.353
1638.000 0.354
1639.000 0.356
1640.000 0.357
1641.000 0.357
1642.000 0.357
1643.000 0.356
1644.000 0.356
1645.000 0.356
1646.000 0.356
1647.000 0.357
1648.000 0.357
1649.000 0.356
1650.000 0.356
1651.000 0.355
1652.000 0.354
1653.000 0.354
1654.000 0.354
1655.000 0.353
1656.000 0.354
1657.000 0.355
1658.000 0.356
1659.000 0.357
1660.000 0.357
1661.000 0.356
1662.000 0.357
1663.000 0.358
1664.000 0.358
1665.000 0.360
1666.000 0.360
1667.000 0.360
1668.000 0.361
1669.000 0.362
1670.000 0.362
1671.000 0.361
1672.000 0.361
1673.000 0.361
1674.000 0.361
1675.000 0.362
1676.000 0.361
1677.000 0.360
1678.000 0.360
1679.000 0.361
1680.000 0.362
1681.000 0.361
1682.000 0.361
1683.000 0.360
1684.000 0.359
1685.000 0.359
1686.000 0.359
1687.000 0.360
1688.000 0.361
1689.000 0.361
1690.000 0.361
1691.000 0.360
1692.000 0.360
1693.000 0.359
1694.000 0.358
1695.000 0.356
1696.000 0.356
1697.000 0.357
1698.000 0.357
1699.000 0.358
1700.000 0.358
1701.000 0.356
1702.000 0.356
1703.000 0.354
1704.000 0.355
1705.000 0.357
1706.000 0.358
1707.000 0.358
1708.000 0.358
1709.000 0.356
1710.000 0.356
1711.000 0.355
1712.000 0.355
1713.000 0.354
1714.000 0.354
1715.000 0.354
1716.000 0.352
1717.000 0.351
1718.000 0.350
1719.000 0.348
1720.000 0.348
1721.000 0.348
1722.000 0.348
1723.000 0.350
1724.000 0.351
1725.000 0.352
1726.000 0.354
1727.000 0.352
1728.000 0.350
1729.000 0.350
1730.000 0.346
1731.000 0.346
1732.000 0.345
1733.000 0.343
1734.000 0.344
1735.000 0.345
1736.000 0.347
1737.000 0.346
1738.000 0.344
1739.000 0.342
1740.000 0.340
1741.000 0.339
1742.000 0.338
1743.000 0.338
1744.000 0.338
1745.000 0.338
1746.000 0.341
1747.000 0.341
1748.000 0.338
1749.000 0.337
1750.000 0.335
1751.000 0.335
1752.000 0.338
1753.000 0.339
1754.000 0.338
1755.000 0.336
1756.000 0.333
1757.000 0.331
1758.000 0.329
1759.000 0.329
1760.000 0.329
1761.000 0.329
1762.000 0.326
1763.000 0.323
1764.000 0.322
1765.000 0.325
1766.000 0.329
1767.000 0.328
1768.000 0.331
1769.000 0.331
1770.000 0.325
1771.000 0.325
1772.000 0.324
1773.000 0.320
1774.000 0.318
1775.000 0.320
1776.000 0.324
1777.000 0.322
1778.000 0.316
1779.000 0.314
1780.000 0.303
1781.000 0.300
1782.000 0.305
1783.000 0.312
1784.000 0.324
1785.000 0.336
1786.000 0.339
1787.000 0.328
1788.000 0.325
1789.000 0.319
1790.000 0.320
1791.000 0.329
1792.000 0.323
1793.000 0.328
1794.000 0.336
1795.000 0.367
1796.000 0.378
1797.000 0.398
1798.000 0.413
1799.000 0.397
1800.000 0.387
1801.000 0.425
1802.000 0.435
1803.000 0.469
1804.000 0.491
1805.000 0.492
1806.000 0.431
1807.000 0.461
1808.000 0.534
1809.000 0.529
1810.000 0.542
1811.000 0.534
1812.000 0.526
1813.000 0.449
1814.000 0.458
1815.000 0.450
1816.000 0.493
1817.000 0.397
1818.000 0.392
1819.000 0.466
1820.000 0.511
1821.000 0.480
1822.000 0.592
1823.000 0.553
1824.000 0.444
1825.000 0.438
1826.000 0.396
1827.000 0.477
1828.000 0.448
1829.000 0.303
1830.000 0.386
1831.000 0.411
1832.000 0.441
1833.000 0.508
1834.000 0.195
1835.000 0.617
1836.000 0.540
1837.000 0.513
1838.000 0.488
1839.000 0.502
1840.000 0.557
1841.000 0.584
1842.000 0.669
1843.000 0.648
1844.000 0.554
1845.000 0.528
1846.000 0.639
1847.000 0.626
1848.000 0.516
1849.000 0.532
1850.000 0.739
1851.000 0.633
1852.000 0.572
1853.000 0.583
1854.000 0.640
1855.000 0.536
1856.000 0.526
1857.000 0.398
1858.000 0.473
1859.000 0.570
1860.000 0.575
1861.000 0.538
1862.000 0.660
1863.000 0.766
1864.000 0.720
1865.000 0.576
1866.000 0.504
1867.000 0.559
1868.000 0.667
1869.000 0.664
1870.000 0.600
1871.000 0.617
1872.000 0.680
1873.000 0.652
1874.000 0.661
1875.000 0.561
1876.000 0.512
1877.000 0.382
1878.000 0.348
1879.000 0.362
1880.000 0.393
1881.000 0.578
1882.000 0.553
1883.000 0.702
1884.000 0.532
1885.000 0.288
1886.000 0.308
1887.000 0.432
1888.000 0.458
1889.000 0.538
1890.000 0.626
1891.000 0.603
1892.000 0.557
1893.000 0.555
1894.000 0.402
1895.000 0.408
1896.000 0.435
1897.000 0.410
1898.000 0.445
1899.000 0.441
1900.000 0.423
1901.000 0.451
1902.000 0.482
1903.000 0.547
1904.000 0.512
1905.000 0.439
1906.000 0.491
1907.000 0.514
1908.000 0.699
1909.000 0.728
1910.000 0.736
1911.000 0.718
1912.000 0.707
1913.000 0.721
1914.000 0.726
1915.000 0.683
1916.000 0.769
1917.000 0.621
1918.000 0.675
1919.000 0.675
1920.000 0.653
1921.000 0.679
1922.000 0.718
1923.000 0.513
1924.000 0.409
1925.000 0.472
1926.000 0.576
1927.000 0.483
1928.000 0.426
1929.000 0.360
1930.000 0.392
1931.000 0.355
1932.000 0.417
1933.000 0.569
1934.000 0.411
1935.000 0.456
1936.000 0.599
1937.000 0.449
1938.000 0.425
1939.000 0.494
1940.000 0.447
1941.000 0.497
1942.000 0.514
1943.000 0.439
1944.000 0.429
1945.000 0.477
1946.000 0.387
1947.000 0.459
1948.000 0.388
1949.000 0.275
1950.000 0.531
1951.000 0.470
1952.000 0.512
1953.000 0.444
1954.000 0.406
1955.000 0.346
1956.000 0.262
1957.000 0.221
1958.000 0.300
1959.000 0.404
1960.000 0.439
1961.000 0.420
1962.000 0.453
1963.000 0.559
1964.000 0.650
1965.000 0.382
1966.000 0.552
1967.000 0.560
1968.000 0.473
1969.000 0.459
1970.000 0.419
1971.000 0.373
1972.000 0.406
1973.000 0.332
1974.000 0.310
1975.000 0.335
1976.000 0.421
1977.000 0.414
1978.000 0.352
1979.000 0.298
1980.000 0.222
1981.000 0.182
1982.000 0.186
1983.000 0.207
1984.000 0.258
1985.000 0.305
1986.000 0.313
1987.000 0.270
1988.000 0.261
1989.000 0.246
1990.000 0.258
1991.000 0.291
1992.000 0.335
1993.000 0.347
1994.000 0.313
1995.000 0.253
1996.000 0.209
1997.000 0.220
1998.000 0.259
1999.000 0.302
2000.000 0.385
2001.000 0.427
2002.000 0.447
2003.000 0.407
2004.000 0.277
2005.000 0.316
2006.000 0.342
2007.000 0.421
2008.000 0.370
2009.000 0.333
2010.000 0.397
2011.000 0.432
2012.000 0.364
2013.000 0.319
2014.000 0.304
2015.000 0.289
2016.000 0.281
2017.000 0.324
2018.000 0.279
2019.000 0.282
2020.000 0.254
2021.000 0.265
2022.000 0.238
2023.000 0.238
2024.000 0.282
2025.000 0.273
2026.000 0.285
2027.000 0.276
2028.000 0.249
2029.000 0.227
2030.000 0.188
2031.000 0.177
2032.000 0.171
2033.000 0.175
2034.000 0.193
2035.000 0.221
2036.000 0.246
2037.000 0.246
2038.000 0.232
2039.000 0.220
2040.000 0.202
2041.000 0.187
2042.000 0.179
2043.000 0.175
2044.000 0.179
2045.000 0.192
2046.000 0.203
2047.000 0.224
2048.000 0.233
2049.000 0.240
2050.000 0.246
2051.000 0.236
2052.000 0.234
2053.000 0.208
2054.000 0.177
2055.000 0.162
2056.000 0.154
2057.000 0.152
2058.000 0.161
2059.000 0.172
2060.000 0.190
2061.000 0.206
2062.000 0.228
2063.000 0.237
2064.000 0.245
2065.000 0.243
2066.000 0.226
2067.000 0.219
2068.000 0.210
2069.000 0.204
2070.000 0.206
2071.000 0.205
2072.000 0.212
2073.000 0.228
2074.000 0.235
2075.000 0.243
2076.000 0.253
2077.000 0.277
2078.000 0.275
2079.000 0.261
2080.000 0.255
2081.000 0.235
2082.000 0.212
2083.000 0.223
2084.000 0.221
2085.000 0.220
2086.000 0.225
2087.000 0.224
2088.000 0.222
2089.000 0.224
2090.000 0.229
2091.000 0.226
2092.000 0.219
2093.000 0.217
2094.000 0.210
2095.000 0.208
2096.000 0.208
2097.000 0.210
2098.000 0.213
2099.000 0.224
2100.000 0.230
2101.000 0.239
2102.000 0.229
2103.000 0.221
2104.000 0.224
2105.000 0.232
2106.000 0.235
2107.000 0.244
2108.000 0.246
2109.000 0.244
2110.000 0.241
2111.000 0.239
2112.000 0.237
2113.000 0.222
2114.000 0.218
2115.000 0.219
2116.000 0.221
2117.000 0.226
2118.000 0.239
2119.000 0.243
2120.000 0.251
2121.000 0.259
2122.000 0.261
2123.000 0.266
2124.000 0.275
2125.000 0.277
2126.000 0.279
2127.000 0.277
2128.000 0.273
2129.000 0.268
2130.000 0.253
2131.000 0.250
2132.000 0.248
2133.000 0.253
2134.000 0.282
2135.000 0.289
2136.000 0.290
2137.000 0.279
2138.000 0.261
2139.000 0.240
2140.000 0.238
2141.000 0.237
2142.000 0.236
2143.000 0.240
2144.000 0.244
2145.000 0.245
2146.000 0.247
2147.000 0.252
2148.000 0.252
2149.000 0.243
2150.000 0.243
2151.000 0.246
2152.000 0.248
2153.000 0.257
2154.000 0.259
2155.000 0.258
2156.000 0.256
2157.000 0.250
2158.000 0.241
2159.000 0.228
2160.000 0.226
2161.000 0.228
2162.000 0.237
2163.000 0.242
2164.000 0.252
2165.000 0.261
2166.000 0.275
2167.000 0.279
2168.000 0.283
2169.000 0.286
2170.000 0.283
2171.000 0.279
2172.000 0.281
2173.000 0.277
2174.000 0.264
2175.000 0.258
2176.000 0.252
2177.000 0.245
2178.000 0.250
2179.000 0.260
2180.000 0.279
2181.000 0.292
2182.000 0.282
2183.000 0.273
2184.000 0.262
2185.000 0.237
2186.000 0.232
2187.000 0.236
2188.000 0.238
2189.000 0.253
2190.000 0.258
2191.000 0.255
2192.000 0.257
2193.000 0.259
2194.000 0.259
2195.000 0.259
2196.000 0.258
2197.000 0.250
2198.000 0.250
2199.000 0.261
2200.000 0.266
2201.000 0.273
2202.000 0.279
2203.000 0.282
2204.000 0.270
2205.000 0.277
2206.000 0.280
2207.000 0.276
2208.000 0.274
2209.000 0.270
2210.000 0.261
2211.000 0.257
2212.000 0.254
2213.000 0.252
2214.000 0.248
2215.000 0.250
2216.000 0.260
2217.000 0.262
2218.000 0.266
2219.000 0.265
2220.000 0.262
2221.000 0.261
2222.000 0.259
2223.000 0.259
2224.000 0.255
2225.000 0.257
2226.000 0.266
2227.000 0.278
2228.000 0.287
2229.000 0.282
2230.000 0.272
2231.000 0.255
2232.000 0.245
2233.000 0.245
2234.000 0.244
2235.000 0.251
2236.000 0.257
2237.000 0.262
2238.000 0.264
2239.000 0.263
2240.000 0.263
2241.000 0.263
2242.000 0.263
2243.000 0.268
2244.000 0.265
2245.000 0.256
2246.000 0.253
2247.000 0.246
2248.000 0.242
2249.000 0.238
2250.000 0.241
2251.000 0.246
2252.000 0.256
2253.000 0.284
2254.000 0.298
2255.000 0.305
2256.000 0.309
2257.000 0.301
2258.000 0.292
2259.000 0.297
2260.000 0.297
2261.000 0.304
2262.000 0.302
2263.000 0.291
2264.000 0.280
2265.000 0.272
2266.000 0.271
2267.000 0.275
2268.000 0.273
2269.000 0.285
2270.000 0.285
2271.000 0.280
2272.000 0.300
2273.000 0.301
2274.000 0.290
2275.000 0.282
2276.000 0.261
2277.000 0.257
2278.000 0.271
2279.000 0.275
2280.000 0.272
2281.000 0.262
2282.000 0.235
2283.000 0.227
2284.000 0.228
2285.000 0.226
2286.000 0.239
2287.000 0.242
2288.000 0.225
2289.000 0.222
2290.000 0.226
2291.000 0.227
2292.000 0.255
2293.000 0.273
2294.000 0.260
2295.000 0.264
2296.000 0.262
2297.000 0.247
2298.000 0.227
2299.000 0.224
2300.000 0.210
2301.000 0.204
2302.000 0.208
2303.000 0.222
2304.000 0.240
2305.000 0.249
2306.000 0.243
2307.000 0.230
2308.000 0.228
2309.000 0.225
2310.000 0.225
2311.000 0.226
2312.000 0.231
2313.000 0.218
2314.000 0.196
2315.000 0.203
2316.000 0.205
2317.000 0.228
2318.000 0.241
2319.000 0.208
2320.000 0.231
2321.000 0.246
2322.000 0.264
2323.000 0.238
2324.000 0.251
2325.000 0.230
2326.000 0.223
2327.000 0.239
2328.000 0.227
2329.000 0.202
2330.000 0.202
2331.000 0.201
2332.000 0.188
2333.000 0.178
2334.000 0.182
2335.000 0.187
2336.000 0.205
2337.000 0.311
2338.000 0.250
2339.000 0.254
2340.000 0.340
2341.000 0.303
2342.000 0.283
2343.000 0.369
2344.000 0.305
2345.000 0.262
2346.000 0.363
2347.000 0.366
2348.000 0.346
2349.000 0.316
2350.000 0.283
2351.000 0.185
2352.000 0.185
2353.000 0.254
2354.000 0.259
2355.000 0.164
2356.000 0.152
2357.000 0.173
2358.000 0.164
2359.000 0.192
2360.000 0.248
2361.000 0.325
2362.000 0.414
2363.000 0.414
2364.000 0.410
2365.000 0.266
2366.000 0.199
2367.000 0.171
2368.000 0.189
2369.000 0.180
2370.000 0.222
2371.000 0.261
2372.000 0.283
2373.000 0.226
2374.000 0.315
2375.000 0.406
2376.000 0.382
2377.000 0.460
2378.000 0.527
2379.000 0.231
2380.000 0.652
2381.000 0.365
2382.000 0.338
2383.000 0.344
2384.000 0.191
2385.000 0.267
2386.000 0.245
2387.000 0.246
2388.000 0.217
2389.000 0.173
2390.000 0.313
2391.000 0.384
2392.000 0.439
2393.000 0.295
2394.000 0.298
2395.000 0.323
2396.000 0.515
2397.000 0.486
2398.000 0.353
2399.000 0.247
2400.000 0.510
2401.000 0.330
2402.000 0.247
2403.000 0.258
2404.000 0.279
2405.000 0.396
2406.000 0.346
2407.000 0.271
2408.000 0.392
2409.000 0.355
2410.000 0.397
2411.000 0.196
2412.000 0.214
2413.000 0.283
2414.000 0.378
2415.000 0.377
2416.000 0.218
2417.000 0.354
2418.000 0.535
2419.000 0.595
2420.000 0.642
2421.000 0.367
2422.000 0.330
2423.000 0.452
2424.000 0.384
2425.000 0.409
2426.000 0.378
2427.000 0.341
2428.000 0.220
2429.000 0.379
2430.000 0.373
2431.000 0.412
2432.000 0.254
2433.000 0.325
2434.000 0.238
2435.000 0.196
2436.000 0.252
2437.000 0.209
2438.000 0.204
2439.000 0.199
2440.000 0.323
2441.000 0.378
2442.000 0.248
2443.000 0.277
2444.000 0.589
2445.000 0.563
2446.000 0.208
2447.000 0.343
2448.000 0.503
2449.000 0.303
2450.000 0.261
2451.000 0.259
2452.000 0.585
2453.000 0.547
2454.000 0.531
2455.000 0.419
2456.000 0.220
2457.000 0.425
2458.000 0.572
2459.000 0.393
2460.000 0.552
2461.000 0.438
2462.000 0.286
2463.000 0.449
2464.000 0.677
2465.000 0.587
2466.000 0.493
2467.000 0.245
2468.000 0.477
2469.000 0.325
2470.000 0.305
2471.000 0.264
2472.000 0.228
2473.000 0.182
2474.000 0.229
2475.000 0.299
2476.000 0.489
2477.000 0.409
2478.000 0.447
2479.000 0.412
2480.000 0.467
2481.000 0.392
2482.000 0.190
2483.000 0.228
2484.000 0.332
2485.000 0.232
2486.000 0.305
2487.000 0.141
2488.000 0.304
2489.000 0.232
2490.000 0.221
2491.000 0.093
2492.000 0.150
2493.000 0.263
2494.000 0.470
2495.000 0.631
2496.000 0.760
2497.000 0.489
2498.000 0.412
2499.000 0.492
2500.000 0.536
