391.000 0.065
392.000 0.064
393.000 0.073
394.000 0.075
395.000 0.074
396.000 0.073
397.000 0.074
398.000 0.072
399.000 0.073
400.000 0.075
401.000 0.074
402.000 0.072
403.000 0.073
404.000 0.074
405.000 0.073
406.000 0.072
407.000 0.071
408.000 0.070
409.000 0.071
410.000 0.073
411.000 0.075
412.000 0.076
413.000 0.076
414.000 0.075
415.000 0.075
416.000 0.076
417.000 0.077
418.000 0.077
419.000 0.075
420.000 0.075
421.000 0.077
422.000 0.078
423.000 0.077
424.000 0.077
425.000 0.078
426.000 0.078
427.000 0.076
428.000 0.076
429.000 0.075
430.000 0.075
431.000 0.076
432.000 0.077
433.000 0.078
434.000 0.079
435.000 0.078
436.000 0.077
437.000 0.077
438.000 0.078
439.000 0.077
440.000 0.077
441.000 0.079
442.000 0.080
443.000 0.080
444.000 0.078
445.000 0.077
446.000 0.078
447.000 0.079
448.000 0.079
449.000 0.080
450.000 0.079
451.000 0.079
452.000 0.080
453.000 0.082
454.000 0.081
455.000 0.080
456.000 0.080
457.000 0.080
458.000 0.081
459.000 0.081
460.000 0.080
461.000 0.081
462.000 0.081
463.000 0.081
464.000 0.081
465.000 0.082
466.000 0.082
467.000 0.081
468.000 0.083
469.000 0.083
470.000 0.083
471.000 0.083
472.000 0.083
473.000 0.082
474.000 0.082
475.000 0.084
476.000 0.083
477.000 0.083
478.000 0.084
479.000 0.083
480.000 0.085
481.000 0.085
482.000 0.083
483.000 0.083
484.000 0.084
485.000 0.086
486.000 0.086
487.000 0.088
488.000 0.088
489.000 0.086
490.000 0.086
491.000 0.087
492.000 0.086
493.000 0.086
494.000 0.088
495.000 0.089
496.000 0.089
497.000 0.090
498.000 0.089
499.000 0.090
500.000 0.093
501.000 0.092
502.000 0.093
503.000 0.095
504.000 0.095
505.000 0.097
506.000 0.098
507.000 0.100
508.000 0.100
509.000 0.101
510.000 0.102
511.000 0.105
512.000 0.106
513.000 0.108
514.000 0.111
515.000 0.112
516.000 0.115
517.000 0.118
518.000 0.120
519.000 0.124
520.000 0.126
521.000 0.128
522.000 0.131
523.000 0.134
524.000 0.137
525.000 0.139
526.000 0.142
527.000 0.144
528.000 0.146
529.000 0.149
530.000 0.151
531.000 0.153
532.000 0.155
533.000 0.156
534.000 0.158
535.000 0.159
536.000 0.160
537.000 0.161
538.000 0.162
539.000 0.163
540.000 0.165
541.000 0.165
542.000 0.166
543.000 0.165
544.000 0.166
545.000 0.166
546.000 0.167
547.000 0.168
548.000 0.168
549.000 0.168
550.000 0.169
551.000 0.169
552.000 0.169
553.000 0.169
554.000 0.169
555.000 0.169
556.000 0.169
557.000 0.168
558.000 0.167
559.000 0.167
560.000 0.166
561.000 0.165
562.000 0.165
563.000 0.164
564.000 0.163
565.000 0.162
566.000 0.160
567.000 0.158
568.000 0.157
569.000 0.156
570.000 0.154
571.000 0.153
572.000 0.152
573.000 0.150
574.000 0.149
575.000 0.148
576.000 0.148
577.000 0.146
578.000 0.145
579.000 0.144
580.000 0.143
581.000 0.142
582.000 0.142
583.000 0.141
584.000 0.140
585.000 0.139
586.000 0.139
587.000 0.138
588.000 0.138
589.000 0.138
590.000 0.137
591.000 0.136
592.000 0.136
593.000 0.137
594.000 0.137
595.000 0.135
596.000 0.134
597.000 0.134
598.000 0.135
599.000 0.135
600.000 0.135
601.000 0.134
602.000 0.134
603.000 0.133
604.000 0.134
605.000 0.133
606.000 0.133
607.000 0.134
608.000 0.134
609.000 0.133
610.000 0.132
611.000 0.132
612.000 0.132
613.000 0.131
614.000 0.131
615.000 0.131
616.000 0.130
617.000 0.129
618.000 0.130
619.000 0.130
620.000 0.129
621.000 0.129
622.000 0.130
623.000 0.130
624.000 0.129
625.000 0.128
626.000 0.129
627.000 0.130
628.000 0.131
629.000 0.131
630.000 0.130
631.000 0.131
632.000 0.132
633.000 0.131
634.000 0.131
635.000 0.132
636.000 0.132
637.000 0.130
638.000 0.130
639.000 0.129
640.000 0.129
641.000 0.130
642.000 0.128
643.000 0.126
644.000 0.127
645.000 0.127
646.000 0.126
647.000 0.126
648.000 0.127
649.000 0.126
650.000 0.127
651.000 0.127
652.000 0.126
653.000 0.127
654.000 0.128
655.000 0.127
656.000 0.128
657.000 0.128
658.000 0.129
659.000 0.129
660.000 0.128
661.000 0.127
662.000 0.129
663.000 0.129
664.000 0.130
665.000 0.131
666.000 0.131
667.000 0.132
668.000 0.132
669.000 0.132
670.000 0.131
671.000 0.133
672.000 0.134
673.000 0.135
674.000 0.134
675.000 0.136
676.000 0.137
677.000 0.137
678.000 0.139
679.000 0.141
680.000 0.142
681.000 0.142
682.000 0.144
683.000 0.146
684.000 0.148
685.000 0.148
686.000 0.149
687.000 0.151
688.000 0.154
689.000 0.155
690.000 0.156
691.000 0.158
692.000 0.161
693.000 0.165
694.000 0.169
695.000 0.173
696.000 0.178
697.000 0.184
698.000 0.185
699.000 0.191
700.000 0.197
701.000 0.204
702.000 0.212
703.000 0.219
704.000 0.225
705.000 0.231
706.000 0.238
707.000 0.244
708.000 0.252
709.000 0.258
710.000 0.264
711.000 0.271
712.000 0.278
713.000 0.284
714.000 0.290
715.000 0.297
716.000 0.303
717.000 0.308
718.000 0.316
719.000 0.322
720.000 0.329
721.000 0.336
722.000 0.342
723.000 0.347
724.000 0.352
725.000 0.359
726.000 0.364
727.000 0.370
728.000 0.375
729.000 0.380
730.000 0.386
731.000 0.391
732.000 0.395
733.000 0.399
734.000 0.403
735.000 0.407
736.000 0.408
737.000 0.412
738.000 0.415
739.000 0.418
740.000 0.421
741.000 0.424
742.000 0.426
743.000 0.429
744.000 0.430
745.000 0.432
746.000 0.436
747.000 0.438
748.000 0.440
749.000 0.441
750.000 0.442
751.000 0.444
752.000 0.445
753.000 0.446
754.000 0.447
755.000 0.448
756.000 0.449
757.000 0.449
758.000 0.450
759.000 0.454
760.000 0.454
761.000 0.455
762.000 0.454
763.000 0.454
764.000 0.455
765.000 0.456
766.000 0.458
767.000 0.459
768.000 0.460
769.000 0.460
770.000 0.461
771.000 0.461
772.000 0.462
773.000 0.462
774.000 0.463
775.000 0.463
776.000 0.464
777.000 0.464
778.000 0.465
779.000 0.465
780.000 0.466
781.000 0.466
782.000 0.467
783.000 0.467
784.000 0.467
785.000 0.468
786.000 0.468
787.000 0.469
788.000 0.469
789.000 0.469
790.000 0.470
791.000 0.470
792.000 0.471
793.000 0.472
794.000 0.472
795.000 0.472
796.000 0.473
797.000 0.473
798.000 0.474
799.000 0.474
800.000 0.475
801.000 0.475
802.000 0.476
803.000 0.476
804.000 0.477
805.000 0.477
806.000 0.478
807.000 0.479
808.000 0.479
809.000 0.479
810.000 0.479
811.000 0.480
812.000 0.480
813.000 0.480
814.000 0.480
815.000 0.481
816.000 0.481
817.000 0.482
818.000 0.482
819.000 0.483
820.000 0.484
821.000 0.484
822.000 0.485
823.000 0.486
824.000 0.486
825.000 0.486
826.000 0.487
827.000 0.487
828.000 0.487
829.000 0.488
830.000 0.489
831.000 0.489
832.000 0.490
833.000 0.490
834.000 0.491
835.000 0.491
836.000 0.491
837.000 0.492
838.000 0.493
839.000 0.493
840.000 0.494
841.000 0.495
842.000 0.495
843.000 0.495
844.000 0.496
845.000 0.496
846.000 0.497
847.000 0.497
848.000 0.497
849.000 0.498
850.000 0.498
851.000 0.498
852.000 0.499
853.000 0.500
854.000 0.500
855.000 0.500
856.000 0.501
857.000 0.501
858.000 0.502
859.000 0.502
860.000 0.502
861.000 0.503
862.000 0.503
863.000 0.503
864.000 0.504
865.000 0.504
866.000 0.505
867.000 0.505
868.000 0.506
869.000 0.506
870.000 0.506
871.000 0.506
872.000 0.507
873.000 0.507
874.000 0.508
875.000 0.509
876.000 0.509
877.000 0.509
878.000 0.509
879.000 0.510
880.000 0.510
881.000 0.511
882.000 0.511
883.000 0.512
884.000 0.512
885.000 0.513
886.000 0.513
887.000 0.514
888.000 0.514
889.000 0.514
890.000 0.515
891.000 0.515
892.000 0.515
893.000 0.516
894.000 0.516
895.000 0.517
896.000 0.516
897.000 0.516
898.000 0.517
899.000 0.517
900.000 0.517
901.000 0.518
902.000 0.518
903.000 0.519
904.000 0.516
905.000 0.520
906.000 0.520
907.000 0.520
908.000 0.521
909.000 0.522
910.000 0.522
911.000 0.522
912.000 0.522
913.000 0.519
914.000 0.523
915.000 0.523
916.000 0.524
917.000 0.521
918.000 0.521
919.000 0.522
920.000 0.522
921.000 0.522
922.000 0.523
923.000 0.523
924.000 0.523
925.000 0.524
926.000 0.524
927.000 0.523
928.000 0.523
929.000 0.526
930.000 0.525
931.000 0.525
932.000 0.526
933.000 0.525
934.000 0.524
935.000 0.523
936.000 0.520
937.000 0.520
938.000 0.521
939.000 0.522
940.000 0.521
941.000 0.522
942.000 0.524
943.000 0.523
944.000 0.524
945.000 0.524
946.000 0.523
947.000 0.519
948.000 0.524
949.000 0.520
950.000 0.519
951.000 0.523
952.000 0.521
953.000 0.525
954.000 0.526
955.000 0.523
956.000 0.524
957.000 0.524
958.000 0.523
959.000 0.521
960.000 0.522
961.000 0.523
962.000 0.525
963.000 0.526
964.000 0.525
965.000 0.526
966.000 0.527
967.000 0.526
968.000 0.528
969.000 0.529
970.000 0.530
971.000 0.530
972.000 0.531
973.000 0.529
974.000 0.529
975.000 0.531
976.000 0.533
977.000 0.531
978.000 0.530
979.000 0.531
980.000 0.531
981.000 0.531
982.000 0.532
983.000 0.533
984.000 0.532
985.000 0.535
986.000 0.535
987.000 0.534
988.000 0.534
989.000 0.534
990.000 0.536
991.000 0.538
992.000 0.538
993.000 0.538
994.000 0.538
995.000 0.539
996.000 0.539
997.000 0.539
998.000 0.540
999.000 0.540
1000.000 0.538
1001.000 0.551
1002.000 0.552
1003.000 0.552
1004.000 0.553
1005.000 0.553
1006.000 0.553
1007.000 0.553
1008.000 0.554
1009.000 0.555
1010.000 0.556
1011.000 0.556
1012.000 0.556
1013.000 0.557
1014.000 0.557
1015.000 0.557
1016.000 0.558
1017.000 0.559
1018.000 0.560
1019.000 0.560
1020.000 0.560
1021.000 0.561
1022.000 0.561
1023.000 0.561
1024.000 0.561
1025.000 0.561
1026.000 0.561
1027.000 0.564
1028.000 0.564
1029.000 0.562
1030.000 0.562
1031.000 0.562
1032.000 0.563
1033.000 0.564
1034.000 0.567
1035.000 0.566
1036.000 0.567
1037.000 0.567
1038.000 0.567
1039.000 0.565
1040.000 0.568
1041.000 0.568
1042.000 0.568
1043.000 0.569
1044.000 0.569
1045.000 0.569
1046.000 0.567
1047.000 0.568
1048.000 0.570
1049.000 0.571
1050.000 0.571
1051.000 0.571
1052.000 0.571
1053.000 0.572
1054.000 0.573
1055.000 0.573
1056.000 0.574
1057.000 0.571
1058.000 0.571
1059.000 0.571
1060.000 0.572
1061.000 0.572
1062.000 0.573
1063.000 0.573
1064.000 0.576
1065.000 0.573
1066.000 0.576
1067.000 0.575
1068.000 0.576
1069.000 0.576
1070.000 0.577
1071.000 0.577
1072.000 0.577
1073.000 0.577
1074.000 0.577
1075.000 0.578
1076.000 0.578
1077.000 0.578
1078.000 0.578
1079.000 0.578
1080.000 0.577
1081.000 0.578
1082.000 0.578
1083.000 0.579
1084.000 0.580
1085.000 0.580
1086.000 0.580
1087.000 0.580
1088.000 0.580
1089.000 0.581
1090.000 0.580
1091.000 0.580
1092.000 0.581
1093.000 0.581
1094.000 0.581
1095.000 0.581
1096.000 0.581
1097.000 0.580
1098.000 0.581
1099.000 0.580
1100.000 0.580
1101.000 0.580
1102.000 0.580
1103.000 0.581
1104.000 0.581
1105.000 0.581
1106.000 0.580
1107.000 0.580
1108.000 0.580
1109.000 0.580
1110.000 0.580
1111.000 0.580
1112.000 0.580
1113.000 0.578
1114.000 0.578
1115.000 0.577
1116.000 0.577
1117.000 0.577
1118.000 0.577
1119.000 0.577
1120.000 0.578
1121.000 0.578
1122.000 0.578
1123.000 0.578
1124.000 0.578
1125.000 0.578
1126.000 0.579
1127.000 0.579
1128.000 0.580
1129.000 0.581
1130.000 0.581
1131.000 0.581
1132.000 0.582
1133.000 0.579
1134.000 0.581
1135.000 0.582
1136.000 0.581
1137.000 0.581
1138.000 0.580
1139.000 0.579
1140.000 0.578
1141.000 0.576
1142.000 0.575
1143.000 0.576
1144.000 0.576
1145.000 0.576
1146.000 0.576
1147.000 0.576
1148.000 0.575
1149.000 0.576
1150.000 0.576
1151.000 0.576
1152.000 0.575
1153.000 0.574
1154.000 0.574
1155.000 0.574
1156.000 0.572
1157.000 0.572
1158.000 0.575
1159.000 0.575
1160.000 0.576
1161.000 0.576
1162.000 0.574
1163.000 0.574
1164.000 0.574
1165.000 0.574
1166.000 0.574
1167.000 0.574
1168.000 0.574
1169.000 0.574
1170.000 0.575
1171.000 0.575
1172.000 0.575
1173.000 0.576
1174.000 0.576
1175.000 0.576
1176.000 0.577
1177.000 0.577
1178.000 0.577
1179.000 0.577
1180.000 0.577
1181.000 0.577
1182.000 0.578
1183.000 0.579
1184.000 0.580
1185.000 0.580
1186.000 0.580
1187.000 0.580
1188.000 0.580
1189.000 0.581
1190.000 0.581
1191.000 0.582
1192.000 0.582
1193.000 0.583
1194.000 0.582
1195.000 0.583
1196.000 0.583
1197.000 0.584
1198.000 0.585
1199.000 0.585
1200.000 0.584
1201.000 0.584
1202.000 0.583
1203.000 0.584
1204.000 0.585
1205.000 0.586
1206.000 0.586
1207.000 0.588
1208.000 0.588
1209.000 0.589
1210.000 0.589
1211.000 0.589
1212.000 0.589
1213.000 0.589
1214.000 0.589
1215.000 0.589
1216.000 0.590
1217.000 0.590
1218.000 0.590
1219.000 0.591
1220.000 0.591
1221.000 0.591
1222.000 0.591
1223.000 0.591
1224.000 0.591
1225.000 0.590
1226.000 0.590
1227.000 0.591
1228.000 0.591
1229.000 0.592
1230.000 0.592
1231.000 0.593
1232.000 0.593
1233.000 0.593
1234.000 0.593
1235.000 0.593
1236.000 0.594
1237.000 0.594
1238.000 0.594
1239.000 0.595
1240.000 0.595
1241.000 0.596
1242.000 0.595
1243.000 0.595
1244.000 0.595
1245.000 0.595
1246.000 0.595
1247.000 0.595
1248.000 0.596
1249.000 0.596
1250.000 0.597
1251.000 0.597
1252.000 0.597
1253.000 0.598
1254.000 0.598
1255.000 0.598
1256.000 0.598
1257.000 0.598
1258.000 0.598
1259.000 0.599
1260.000 0.600
1261.000 0.600
1262.000 0.599
1263.000 0.599
1264.000 0.599
1265.000 0.600
1266.000 0.601
1267.000 0.600
1268.000 0.601
1269.000 0.601
1270.000 0.601
1271.000 0.602
1272.000 0.603
1273.000 0.604
1274.000 0.605
1275.000 0.605
1276.000 0.605
1277.000 0.606
1278.000 0.606
1279.000 0.606
1280.000 0.607
1281.000 0.607
1282.000 0.607
1283.000 0.607
1284.000 0.607
1285.000 0.607
1286.000 0.607
1287.000 0.608
1288.000 0.608
1289.000 0.606
1290.000 0.606
1291.000 0.606
1292.000 0.606
1293.000 0.606
1294.000 0.608
1295.000 0.608
1296.000 0.607
1297.000 0.607
1298.000 0.607
1299.000 0.607
1300.000 0.607
1301.000 0.606
1302.000 0.606
1303.000 0.606
1304.000 0.606
1305.000 0.606
1306.000 0.605
1307.000 0.604
1308.000 0.604
1309.000 0.604
1310.000 0.603
1311.000 0.602
1312.000 0.601
1313.000 0.601
1314.000 0.600
1315.000 0.600
1316.000 0.598
1317.000 0.597
1318.000 0.596
1319.000 0.595
1320.000 0.594
1321.000 0.593
1322.000 0.592
1323.000 0.591
1324.000 0.590
1325.000 0.589
1326.000 0.588
1327.000 0.587
1328.000 0.585
1329.000 0.584
1330.000 0.582
1331.000 0.581
1332.000 0.579
1333.000 0.577
1334.000 0.575
1335.000 0.575
1336.000 0.575
1337.000 0.574
1338.000 0.574
1339.000 0.573
1340.000 0.570
1341.000 0.569
1342.000 0.568
1343.000 0.566
1344.000 0.563
1345.000 0.561
1346.000 0.562
1347.000 0.559
1348.000 0.557
1349.000 0.557
1350.000 0.557
1351.000 0.558
1352.000 0.563
1353.000 0.578
1354.000 0.599
1355.000 0.641
1356.000 0.685
1357.000 0.767
1358.000 0.748
1359.000 0.707
1360.000 0.653
1361.000 0.615
1362.000 0.501
1363.000 0.532
1364.000 0.648
1365.000 0.558
1366.000 0.483
1367.000 0.390
1368.000 0.408
1369.000 0.286
1370.000 0.297
1371.000 0.483
1372.000 0.515
1373.000 0.478
1374.000 0.442
1375.000 0.316
1376.000 0.304
1377.000 0.315
1378.000 0.439
1379.000 0.414
1380.000 0.521
1381.000 0.603
1382.000 0.414
1383.000 0.303
1384.000 0.240
1385.000 0.357
1386.000 0.554
1387.000 0.461
1388.000 0.334
1389.000 0.321
1390.000 0.365
1391.000 0.427
1392.000 0.496
1393.000 0.408
1394.000 0.427
1395.000 0.677
1396.000 0.630
1397.000 0.490
1398.000 0.455
1399.000 0.435
1400.000 0.471
1401.000 0.433
1402.000 0.574
1403.000 0.618
1404.000 0.605
1405.000 0.499
1406.000 0.450
1407.000 0.388
1408.000 0.460
1409.000 0.469
1410.000 0.442
1411.000 0.363
1412.000 0.334
1413.000 0.392
1414.000 0.416
1415.000 0.446
1416.000 0.440
1417.000 0.452
1418.000 0.417
1419.000 0.363
1420.000 0.362
1421.000 0.334
1422.000 0.339
1423.000 0.342
1424.000 0.341
1425.000 0.332
1426.000 0.333
1427.000 0.338
1428.000 0.353
1429.000 0.364
1430.000 0.365
1431.000 0.373
1432.000 0.372
1433.000 0.358
1434.000 0.357
1435.000 0.350
1436.000 0.353
1437.000 0.369
1438.000 0.382
1439.000 0.382
1440.000 0.392
1441.000 0.408
1442.000 0.411
1443.000 0.389
1444.000 0.387
1445.000 0.386
1446.000 0.381
1447.000 0.391
1448.000 0.386
1449.000 0.374
1450.000 0.349
1451.000 0.340
1452.000 0.333
1453.000 0.330
1454.000 0.334
1455.000 0.335
1456.000 0.337
1457.000 0.336
1458.000 0.335
1459.000 0.336
1460.000 0.336
1461.000 0.336
1462.000 0.343
1463.000 0.340
1464.000 0.328
1465.000 0.324
1466.000 0.320
1467.000 0.320
1468.000 0.326
1469.000 0.330
1470.000 0.338
1471.000 0.343
1472.000 0.345
1473.000 0.348
1474.000 0.348
1475.000 0.352
1476.000 0.358
1477.000 0.360
1478.000 0.363
1479.000 0.361
1480.000 0.353
1481.000 0.349
1482.000 0.341
1483.000 0.340
1484.000 0.341
1485.000 0.343
1486.000 0.349
1487.000 0.351
1488.000 0.354
1489.000 0.356
1490.000 0.358
1491.000 0.358
1492.000 0.358
1493.000 0.358
1494.000 0.355
1495.000 0.356
1496.000 0.357
1497.000 0.359
1498.000 0.364
1499.000 0.368
1500.000 0.371
1501.000 0.371
1502.000 0.372
1503.000 0.373
1504.000 0.375
1505.000 0.378
1506.000 0.379
1507.000 0.378
1508.000 0.378
1509.000 0.377
1510.000 0.378
1511.000 0.380
1512.000 0.383
1513.000 0.386
1514.000 0.388
1515.000 0.390
1516.000 0.391
1517.000 0.390
1518.000 0.392
1519.000 0.395
1520.000 0.397
1521.000 0.399
1522.000 0.400
1523.000 0.400
1524.000 0.400
1525.000 0.401
1526.000 0.403
1527.000 0.404
1528.000 0.406
1529.000 0.409
1530.000 0.410
1531.000 0.410
1532.000 0.411
1533.000 0.411
1534.000 0.412
1535.000 0.413
1536.000 0.415
1537.000 0.417
1538.000 0.419
1539.000 0.423
1540.000 0.426
1541.000 0.428
1542.000 0.430
1543.000 0.430
1544.000 0.430
1545.000 0.431
1546.000 0.431
1547.000 0.432
1548.000 0.433
1549.000 0.433
1550.000 0.435
1551.000 0.436
1552.000 0.438
1553.000 0.439
1554.000 0.440
1555.000 0.442
1556.000 0.443
1557.000 0.445
1558.000 0.448
1559.000 0.450
1560.000 0.451
1561.000 0.453
1562.000 0.453
1563.000 0.454
1564.000 0.454
1565.000 0.454
1566.000 0.454
1567.000 0.454
1568.000 0.456
1569.000 0.457
1570.000 0.458
1571.000 0.459
1572.000 0.460
1573.000 0.459
1574.000 0.460
1575.000 0.460
1576.000 0.461
1577.000 0.462
1578.000 0.464
1579.000 0.467
1580.000 0.468
1581.000 0.470
1582.000 0.471
1583.000 0.473
1584.000 0.474
1585.000 0.476
1586.000 0.477
1587.000 0.475
1588.000 0.476
1589.000 0.476
1590.000 0.477
1591.000 0.480
1592.000 0.475
1593.000 0.477
1594.000 0.477
1595.000 0.478
1596.000 0.478
1597.000 0.483
1598.000 0.484
1599.000 0.480
1600.000 0.482
1601.000 0.484
1602.000 0.485
1603.000 0.485
1604.000 0.486
1605.000 0.488
1606.000 0.488
1607.000 0.487
1608.000 0.488
1609.000 0.489
1610.000 0.489
1611.000 0.490
1612.000 0.492
1613.000 0.492
1614.000 0.492
1615.000 0.494
1616.000 0.495
1617.000 0.496
1618.000 0.498
1619.000 0.498
1620.000 0.499
1621.000 0.498
1622.000 0.497
1623.000 0.495
1624.000 0.495
1625.000 0.496
1626.000 0.496
1627.000 0.500
1628.000 0.501
1629.000 0.501
1630.000 0.502
1631.000 0.502
1632.000 0.501
1633.000 0.501
1634.000 0.501
1635.000 0.503
1636.000 0.503
1637.000 0.504
1638.000 0.505
1639.000 0.505
1640.000 0.506
1641.000 0.510
1642.000 0.512
1643.000 0.512
1644.000 0.513
1645.000 0.512
1646.000 0.511
1647.000 0.512
1648.000 0.512
1649.000 0.512
1650.000 0.512
1651.000 0.512
1652.000 0.512
1653.000 0.511
1654.000 0.511
1655.000 0.512
1656.000 0.513
1657.000 0.512
1658.000 0.512
1659.000 0.512
1660.000 0.512
1661.000 0.514
1662.000 0.516
1663.000 0.517
1664.000 0.518
1665.000 0.517
1666.000 0.517
1667.000 0.516
1668.000 0.515
1669.000 0.515
1670.000 0.515
1671.000 0.515
1672.000 0.516
1673.000 0.517
1674.000 0.517
1675.000 0.517
1676.000 0.517
1677.000 0.517
1678.000 0.517
1679.000 0.518
1680.000 0.518
1681.000 0.518
1682.000 0.518
1683.000 0.517
1684.000 0.517
1685.000 0.518
1686.000 0.519
1687.000 0.519
1688.000 0.519
1689.000 0.519
1690.000 0.519
1691.000 0.522
1692.000 0.523
1693.000 0.524
1694.000 0.525
1695.000 0.524
1696.000 0.523
1697.000 0.521
1698.000 0.521
1699.000 0.521
1700.000 0.521
1701.000 0.523
1702.000 0.522
1703.000 0.519
1704.000 0.518
1705.000 0.516
1706.000 0.516
1707.000 0.519
1708.000 0.519
1709.000 0.517
1710.000 0.517
1711.000 0.516
1712.000 0.517
1713.000 0.519
1714.000 0.519
1715.000 0.519
1716.000 0.517
1717.000 0.516
1718.000 0.516
1719.000 0.519
1720.000 0.520
1721.000 0.521
1722.000 0.520
1723.000 0.516
1724.000 0.513
1725.000 0.509
1726.000 0.509
1727.000 0.510
1728.000 0.512
1729.000 0.517
1730.000 0.517
1731.000 0.517
1732.000 0.517
1733.000 0.514
1734.000 0.517
1735.000 0.518
1736.000 0.514
1737.000 0.512
1738.000 0.507
1739.000 0.504
1740.000 0.505
1741.000 0.505
1742.000 0.504
1743.000 0.504
1744.000 0.506
1745.000 0.507
1746.000 0.508
1747.000 0.508
1748.000 0.508
1749.000 0.506
1750.000 0.499
1751.000 0.497
1752.000 0.494
1753.000 0.492
1754.000 0.494
1755.000 0.495
1756.000 0.495
1757.000 0.494
1758.000 0.493
1759.000 0.493
1760.000 0.491
1761.000 0.490
1762.000 0.492
1763.000 0.491
1764.000 0.490
1765.000 0.491
1766.000 0.488
1767.000 0.485
1768.000 0.482
1769.000 0.481
1770.000 0.482
1771.000 0.483
1772.000 0.487
1773.000 0.485
1774.000 0.483
1775.000 0.481
1776.000 0.481
1777.000 0.485
1778.000 0.488
1779.000 0.491
1780.000 0.489
1781.000 0.486
1782.000 0.484
1783.000 0.479
1784.000 0.476
1785.000 0.471
1786.000 0.471
1787.000 0.470
1788.000 0.471
1789.000 0.476
1790.000 0.476
1791.000 0.477
1792.000 0.484
1793.000 0.480
1794.000 0.482
1795.000 0.482
1796.000 0.486
1797.000 0.494
1798.000 0.503
1799.000 0.512
1800.000 0.516
1801.000 0.470
1802.000 0.474
1803.000 0.497
1804.000 0.506
1805.000 0.512
1806.000 0.500
1807.000 0.495
1808.000 0.509
1809.000 0.498
1810.000 0.459
1811.000 0.456
1812.000 0.398
1813.000 0.386
1814.000 0.374
1815.000 0.353
1816.000 0.366
1817.000 0.454
1818.000 0.534
1819.000 0.762
1820.000 0.831
1821.000 0.748
1822.000 0.754
1823.000 0.676
1824.000 0.681
1825.000 0.644
1826.000 0.502
1827.000 0.439
1828.000 0.478
1829.000 0.522
1830.000 0.469
1831.000 0.481
1832.000 0.321
1833.000 0.473
1834.000 0.552
1835.000 0.536
1836.000 0.401
1837.000 0.644
1838.000 0.688
1839.000 0.414
1840.000 0.403
1841.000 0.354
1842.000 0.381
1843.000 0.459
1844.000 0.504
1845.000 0.540
1846.000 0.446
1847.000 0.368
1848.000 0.570
1849.000 0.563
1850.000 0.552
1851.000 0.488
1852.000 0.506
1853.000 0.544
1854.000 0.603
1855.000 0.448
1856.000 0.347
1857.000 0.360
1858.000 0.376
1859.000 0.412
1860.000 0.497
1861.000 0.510
1862.000 0.579
1863.000 0.555
1864.000 0.472
1865.000 0.516
1866.000 0.435
1867.000 0.496
1868.000 0.634
1869.000 0.697
1870.000 0.558
1871.000 0.535
1872.000 0.483
1873.000 0.447
1874.000 0.440
1875.000 0.490
1876.000 0.376
1877.000 0.504
1878.000 0.633
1879.000 0.757
1880.000 0.679
1881.000 0.622
1882.000 0.547
1883.000 0.580
1884.000 0.455
1885.000 0.459
1886.000 0.436
1887.000 0.438
1888.000 0.488
1889.000 0.519
1890.000 0.649
1891.000 0.438
1892.000 0.496
1893.000 0.713
1894.000 0.727
1895.000 0.693
1896.000 0.627
1897.000 0.559
1898.000 0.488
1899.000 0.542
1900.000 0.515
1901.000 0.431
1902.000 0.394
1903.000 0.432
1904.000 0.386
1905.000 0.540
1906.000 0.532
1907.000 0.542
1908.000 0.403
1909.000 0.412
1910.000 0.390
1911.000 0.402
1912.000 0.440
1913.000 0.342
1914.000 0.559
1915.000 0.654
1916.000 0.528
1917.000 0.344
1918.000 0.581
1919.000 0.431
1920.000 0.501
1921.000 0.714
1922.000 0.694
1923.000 0.666
1924.000 0.633
1925.000 0.611
1926.000 0.513
1927.000 0.473
1928.000 0.487
1929.000 0.612
1930.000 0.404
1931.000 0.380
1932.000 0.364
1933.000 0.417
1934.000 0.399
1935.000 0.335
1936.000 0.397
1937.000 0.382
1938.000 0.357
1939.000 0.371
1940.000 0.512
1941.000 0.680
1942.000 0.450
1943.000 0.527
1944.000 0.497
1945.000 0.352
1946.000 0.310
1947.000 0.301
1948.000 0.387
1949.000 0.388
1950.000 0.392
1951.000 0.399
1952.000 0.428
1953.000 0.478
1954.000 0.466
1955.000 0.556
1956.000 0.630
1957.000 0.545
1958.000 0.547
1959.000 0.459
1960.000 0.403
1961.000 0.370
1962.000 0.341
1963.000 0.280
1964.000 0.255
1965.000 0.260
1966.000 0.254
1967.000 0.276
1968.000 0.325
1969.000 0.295
1970.000 0.282
1971.000 0.312
1972.000 0.322
1973.000 0.321
1974.000 0.311
1975.000 0.297
1976.000 0.248
1977.000 0.234
1978.000 0.237
1979.000 0.234
1980.000 0.248
1981.000 0.249
1982.000 0.262
1983.000 0.284
1984.000 0.273
1985.000 0.270
1986.000 0.270
1987.000 0.258
1988.000 0.257
1989.000 0.260
1990.000 0.259
1991.000 0.255
1992.000 0.251
1993.000 0.244
1994.000 0.242
1995.000 0.251
1996.000 0.282
1997.000 0.312
1998.000 0.335
1999.000 0.349
2000.000 0.365
2001.000 0.375
2002.000 0.358
2003.000 0.349
2004.000 0.352
2005.000 0.332
2006.000 0.287
2007.000 0.300
2008.000 0.310
2009.000 0.325
2010.000 0.326
2011.000 0.359
2012.000 0.355
2013.000 0.348
2014.000 0.340
2015.000 0.313
2016.000 0.295
2017.000 0.283
2018.000 0.280
2019.000 0.289
2020.000 0.311
2021.000 0.310
2022.000 0.294
2023.000 0.286
2024.000 0.278
2025.000 0.292
2026.000 0.301
2027.000 0.302
2028.000 0.297
2029.000 0.300
2030.000 0.297
2031.000 0.303
2032.000 0.327
2033.000 0.328
2034.000 0.320
2035.000 0.314
2036.000 0.294
2037.000 0.280
2038.000 0.282
2039.000 0.285
2040.000 0.303
2041.000 0.320
2042.000 0.319
2043.000 0.304
2044.000 0.300
2045.000 0.290
2046.000 0.288
2047.000 0.300
2048.000 0.307
2049.000 0.311
2050.000 0.304
2051.000 0.306
2052.000 0.300
2053.000 0.312
2054.000 0.321
2055.000 0.346
2056.000 0.364
2057.000 0.364
2058.000 0.345
2059.000 0.337
2060.000 0.318
2061.000 0.317
2062.000 0.341
2063.000 0.342
2064.000 0.334
2065.000 0.326
2066.000 0.300
2067.000 0.297
2068.000 0.295
2069.000 0.301
2070.000 0.323
2071.000 0.335
2072.000 0.340
2073.000 0.341
2074.000 0.342
2075.000 0.336
2076.000 0.334
2077.000 0.331
2078.000 0.334
2079.000 0.341
2080.000 0.344
2081.000 0.344
2082.000 0.344
2083.000 0.350
2084.000 0.346
2085.000 0.347
2086.000 0.334
2087.000 0.331
2088.000 0.333
2089.000 0.328
2090.000 0.320
2091.000 0.319
2092.000 0.316
2093.000 0.314
2094.000 0.317
2095.000 0.321
2096.000 0.326
2097.000 0.331
2098.000 0.341
2099.000 0.350
2100.000 0.358
2101.000 0.362
2102.000 0.362
2103.000 0.360
2104.000 0.353
2105.000 0.336
2106.000 0.332
2107.000 0.331
2108.000 0.332
2109.000 0.341
2110.000 0.345
2111.000 0.349
2112.000 0.349
2113.000 0.344
2114.000 0.341
2115.000 0.332
2116.000 0.329
2117.000 0.330
2118.000 0.330
2119.000 0.336
2120.000 0.340
2121.000 0.346
2122.000 0.359
2123.000 0.365
2124.000 0.373
2125.000 0.375
2126.000 0.371
2127.000 0.371
2128.000 0.368
2129.000 0.368
2130.000 0.374
2131.000 0.376
2132.000 0.372
2133.000 0.370
2134.000 0.368
2135.000 0.364
2136.000 0.360
2137.000 0.353
2138.000 0.356
2139.000 0.355
2140.000 0.357
2141.000 0.367
2142.000 0.370
2143.000 0.377
2144.000 0.377
2145.000 0.366
2146.000 0.366
2147.000 0.368
2148.000 0.370
2149.000 0.375
2150.000 0.382
2151.000 0.394
2152.000 0.398
2153.000 0.402
2154.000 0.403
2155.000 0.396
2156.000 0.381
2157.000 0.373
2158.000 0.370
2159.000 0.370
2160.000 0.363
2161.000 0.362
2162.000 0.364
2163.000 0.364
2164.000 0.366
2165.000 0.369
2166.000 0.373
2167.000 0.365
2168.000 0.373
2169.000 0.380
2170.000 0.382
2171.000 0.388
2172.000 0.402
2173.000 0.401
2174.000 0.396
2175.000 0.394
2176.000 0.395
2177.000 0.392
2178.000 0.389
2179.000 0.397
2180.000 0.400
2181.000 0.394
2182.000 0.401
2183.000 0.396
2184.000 0.393
2185.000 0.388
2186.000 0.390
2187.000 0.375
2188.000 0.373
2189.000 0.376
2190.000 0.379
2191.000 0.390
2192.000 0.394
2193.000 0.396
2194.000 0.395
2195.000 0.380
2196.000 0.378
2197.000 0.382
2198.000 0.386
2199.000 0.393
2200.000 0.400
2201.000 0.407
2202.000 0.406
2203.000 0.401
2204.000 0.409
2205.000 0.409
2206.000 0.410
2207.000 0.414
2208.000 0.420
2209.000 0.416
2210.000 0.402
2211.000 0.399
2212.000 0.400
2213.000 0.397
2214.000 0.402
2215.000 0.399
2216.000 0.384
2217.000 0.381
2218.000 0.382
2219.000 0.380
2220.000 0.375
2221.000 0.373
2222.000 0.368
2223.000 0.367
2224.000 0.372
2225.000 0.375
2226.000 0.379
2227.000 0.383
2228.000 0.378
2229.000 0.386
2230.000 0.398
2231.000 0.400
2232.000 0.409
2233.000 0.412
2234.000 0.401
2235.000 0.395
2236.000 0.393
2237.000 0.396
2238.000 0.394
2239.000 0.396
2240.000 0.393
2241.000 0.383
2242.000 0.377
2243.000 0.370
2244.000 0.370
2245.000 0.376
2246.000 0.378
2247.000 0.383
2248.000 0.388
2249.000 0.392
2250.000 0.384
2251.000 0.390
2252.000 0.385
2253.000 0.372
2254.000 0.365
2255.000 0.362
2256.000 0.359
2257.000 0.354
2258.000 0.362
2259.000 0.371
2260.000 0.369
2261.000 0.374
2262.000 0.378
2263.000 0.386
2264.000 0.391
2265.000 0.387
2266.000 0.391
2267.000 0.386
2268.000 0.371
2269.000 0.364
2270.000 0.359
2271.000 0.351
2272.000 0.346
2273.000 0.350
2274.000 0.363
2275.000 0.367
2276.000 0.380
2277.000 0.378
2278.000 0.372
2279.000 0.368
2280.000 0.358
2281.000 0.356
2282.000 0.359
2283.000 0.370
2284.000 0.389
2285.000 0.394
2286.000 0.399
2287.000 0.390
2288.000 0.373
2289.000 0.359
2290.000 0.327
2291.000 0.326
2292.000 0.321
2293.000 0.338
2294.000 0.354
2295.000 0.366
2296.000 0.360
2297.000 0.362
2298.000 0.367
2299.000 0.367
2300.000 0.351
2301.000 0.327
2302.000 0.317
2303.000 0.304
2304.000 0.318
2305.000 0.328
2306.000 0.347
2307.000 0.387
2308.000 0.382
2309.000 0.352
2310.000 0.360
2311.000 0.340
2312.000 0.346
2313.000 0.358
2314.000 0.355
2315.000 0.356
2316.000 0.363
2317.000 0.372
2318.000 0.360
2319.000 0.351
2320.000 0.350
2321.000 0.342
2322.000 0.358
2323.000 0.361
2324.000 0.362
2325.000 0.381
2326.000 0.357
2327.000 0.327
2328.000 0.314
2329.000 0.336
2330.000 0.339
2331.000 0.366
2332.000 0.365
2333.000 0.319
2334.000 0.313
2335.000 0.312
2336.000 0.313
2337.000 0.323
2338.000 0.323
2339.000 0.304
2340.000 0.283
2341.000 0.269
2342.000 0.258
2343.000 0.256
2344.000 0.271
2345.000 0.328
2346.000 0.337
2347.000 0.275
2348.000 0.270
2349.000 0.273
2350.000 0.298
2351.000 0.355
2352.000 0.333
2353.000 0.311
2354.000 0.333
2355.000 0.341
2356.000 0.361
2357.000 0.342
2358.000 0.343
2359.000 0.335
2360.000 0.335
2361.000 0.329
2362.000 0.333
2363.000 0.321
2364.000 0.297
2365.000 0.273
2366.000 0.257
2367.000 0.239
2368.000 0.247
2369.000 0.286
2370.000 0.320
2371.000 0.294
2372.000 0.263
2373.000 0.232
2374.000 0.242
2375.000 0.289
2376.000 0.303
2377.000 0.274
2378.000 0.240
2379.000 0.217
2380.000 0.227
2381.000 0.266
2382.000 0.329
2383.000 0.326
2384.000 0.254
2385.000 0.319
2386.000 0.265
2387.000 0.266
2388.000 0.241
2389.000 0.219
2390.000 0.224
2391.000 0.216
2392.000 0.223
2393.000 0.204
2394.000 0.262
2395.000 0.310
2396.000 0.381
2397.000 0.416
2398.000 0.429
2399.000 0.485
2400.000 0.378
2401.000 0.394
2402.000 0.398
2403.000 0.312
2404.000 0.366
2405.000 0.311
2406.000 0.242
2407.000 0.235
2408.000 0.234
2409.000 0.245
2410.000 0.227
2411.000 0.326
2412.000 0.261
2413.000 0.252
2414.000 0.224
2415.000 0.182
2416.000 0.206
2417.000 0.272
2418.000 0.318
2419.000 0.266
2420.000 0.293
2421.000 0.377
2422.000 0.271
2423.000 0.347
2424.000 0.409
2425.000 0.358
2426.000 0.339
2427.000 0.722
2428.000 0.666
2429.000 0.298
2430.000 0.388
2431.000 0.681
2432.000 0.421
2433.000 0.214
2434.000 0.158
2435.000 0.151
2436.000 0.247
2437.000 0.290
2438.000 0.286
2439.000 0.275
2440.000 0.260
2441.000 0.310
2442.000 0.222
2443.000 0.098
2444.000 0.296
2445.000 0.360
2446.000 0.307
2447.000 0.292
2448.000 0.242
2449.000 0.231
2450.000 0.357
2451.000 0.315
2452.000 0.286
2453.000 0.247
2454.000 0.321
2455.000 0.332
2456.000 0.386
2457.000 0.503
2458.000 0.537
2459.000 0.459
2460.000 0.578
2461.000 0.519
2462.000 0.436
2463.000 0.392
2464.000 0.435
2465.000 0.414
2466.000 0.492
2467.000 0.554
2468.000 0.562
2469.000 0.356
2470.000 0.254
2471.000 0.450
2472.000 0.552
2473.000 0.444
2474.000 0.445
2475.000 0.494
2476.000 0.527
2477.000 0.600
2478.000 0.613
2479.000 0.579
2480.000 0.446
2481.000 0.454
2482.000 0.474
2483.000 0.560
2484.000 0.671
2485.000 0.520
2486.000 0.308
2487.000 0.478
2488.000 0.538
2489.000 0.457
2490.000 0.553
2491.000 0.593
2492.000 0.660
2493.000 0.417
2494.000 0.347
2495.000 0.620
2496.000 0.641
2497.000 0.300
2498.000 0.337
2499.000 0.382
2500.000 0.235
