391.000 0.042
392.000 0.041
393.000 0.038
394.000 0.049
395.000 0.045
396.000 0.038
397.000 0.038
398.000 0.040
399.000 0.050
400.000 0.054
401.000 0.050
402.000 0.051
403.000 0.053
404.000 0.053
405.000 0.048
406.000 0.046
407.000 0.043
408.000 0.040
409.000 0.045
410.000 0.050
411.000 0.053
412.000 0.054
413.000 0.051
414.000 0.048
415.000 0.046
416.000 0.047
417.000 0.049
418.000 0.048
419.000 0.047
420.000 0.047
421.000 0.052
422.000 0.055
423.000 0.053
424.000 0.054
425.000 0.055
426.000 0.052
427.000 0.045
428.000 0.049
429.000 0.050
430.000 0.049
431.000 0.052
432.000 0.048
433.000 0.046
434.000 0.050
435.000 0.055
436.000 0.050
437.000 0.046
438.000 0.051
439.000 0.050
440.000 0.048
441.000 0.049
442.000 0.049
443.000 0.050
444.000 0.051
445.000 0.051
446.000 0.054
447.000 0.050
448.000 0.047
449.000 0.051
450.000 0.052
451.000 0.053
452.000 0.055
453.000 0.055
454.000 0.053
455.000 0.054
456.000 0.057
457.000 0.056
458.000 0.054
459.000 0.054
460.000 0.054
461.000 0.056
462.000 0.055
463.000 0.051
464.000 0.049
465.000 0.049
466.000 0.051
467.000 0.052
468.000 0.055
469.000 0.053
470.000 0.051
471.000 0.053
472.000 0.050
473.000 0.047
474.000 0.048
475.000 0.052
476.000 0.054
477.000 0.054
478.000 0.051
479.000 0.053
480.000 0.054
481.000 0.051
482.000 0.045
483.000 0.048
484.000 0.051
485.000 0.053
486.000 0.057
487.000 0.059
488.000 0.058
489.000 0.055
490.000 0.057
491.000 0.054
492.000 0.049
493.000 0.051
494.000 0.053
495.000 0.055
496.000 0.054
497.000 0.051
498.000 0.053
499.000 0.057
500.000 0.057
501.000 0.057
502.000 0.057
503.000 0.056
504.000 0.057
505.000 0.059
506.000 0.062
507.000 0.064
508.000 0.061
509.000 0.059
510.000 0.060
511.000 0.064
512.000 0.069
513.000 0.072
514.000 0.071
515.000 0.071
516.000 0.075
517.000 0.079
518.000 0.081
519.000 0.084
520.000 0.087
521.000 0.090
522.000 0.096
523.000 0.097
524.000 0.099
525.000 0.103
526.000 0.107
527.000 0.108
528.000 0.110
529.000 0.112
530.000 0.115
531.000 0.118
532.000 0.120
533.000 0.122
534.000 0.123
535.000 0.125
536.000 0.127
537.000 0.130
538.000 0.130
539.000 0.131
540.000 0.132
541.000 0.134
542.000 0.133
543.000 0.133
544.000 0.134
545.000 0.135
546.000 0.134
547.000 0.133
548.000 0.134
549.000 0.134
550.000 0.134
551.000 0.135
552.000 0.135
553.000 0.135
554.000 0.136
555.000 0.135
556.000 0.135
557.000 0.134
558.000 0.133
559.000 0.133
560.000 0.130
561.000 0.127
562.000 0.126
563.000 0.125
564.000 0.124
565.000 0.122
566.000 0.119
567.000 0.117
568.000 0.114
569.000 0.112
570.000 0.111
571.000 0.110
572.000 0.106
573.000 0.103
574.000 0.101
575.000 0.099
576.000 0.098
577.000 0.099
578.000 0.097
579.000 0.094
580.000 0.093
581.000 0.092
582.000 0.091
583.000 0.090
584.000 0.088
585.000 0.088
586.000 0.088
587.000 0.085
588.000 0.086
589.000 0.087
590.000 0.084
591.000 0.082
592.000 0.082
593.000 0.082
594.000 0.083
595.000 0.085
596.000 0.082
597.000 0.079
598.000 0.082
599.000 0.081
600.000 0.080
601.000 0.082
602.000 0.080
603.000 0.079
604.000 0.080
605.000 0.077
606.000 0.077
607.000 0.078
608.000 0.078
609.000 0.077
610.000 0.078
611.000 0.078
612.000 0.075
613.000 0.077
614.000 0.077
615.000 0.073
616.000 0.070
617.000 0.072
618.000 0.074
619.000 0.073
620.000 0.072
621.000 0.072
622.000 0.071
623.000 0.069
624.000 0.069
625.000 0.070
626.000 0.071
627.000 0.068
628.000 0.070
629.000 0.073
630.000 0.071
631.000 0.069
632.000 0.071
633.000 0.073
634.000 0.073
635.000 0.072
636.000 0.068
637.000 0.065
638.000 0.065
639.000 0.069
640.000 0.071
641.000 0.068
642.000 0.064
643.000 0.062
644.000 0.062
645.000 0.061
646.000 0.065
647.000 0.066
648.000 0.059
649.000 0.064
650.000 0.067
651.000 0.064
652.000 0.059
653.000 0.064
654.000 0.066
655.000 0.061
656.000 0.061
657.000 0.061
658.000 0.062
659.000 0.063
660.000 0.060
661.000 0.058
662.000 0.060
663.000 0.062
664.000 0.064
665.000 0.061
666.000 0.056
667.000 0.062
668.000 0.066
669.000 0.065
670.000 0.065
671.000 0.062
672.000 0.062
673.000 0.067
674.000 0.069
675.000 0.071
676.000 0.073
677.000 0.073
678.000 0.071
679.000 0.073
680.000 0.075
681.000 0.073
682.000 0.076
683.000 0.078
684.000 0.079
685.000 0.080
686.000 0.080
687.000 0.082
688.000 0.087
689.000 0.089
690.000 0.092
691.000 0.096
692.000 0.097
693.000 0.098
694.000 0.102
695.000 0.110
696.000 0.118
697.000 0.126
698.000 0.138
699.000 0.148
700.000 0.158
701.000 0.168
702.000 0.180
703.000 0.191
704.000 0.202
705.000 0.214
706.000 0.225
707.000 0.238
708.000 0.252
709.000 0.264
710.000 0.278
711.000 0.292
712.000 0.305
713.000 0.317
714.000 0.330
715.000 0.344
716.000 0.357
717.000 0.372
718.000 0.387
719.000 0.403
720.000 0.419
721.000 0.432
722.000 0.445
723.000 0.457
724.000 0.471
725.000 0.486
726.000 0.500
727.000 0.513
728.000 0.525
729.000 0.538
730.000 0.550
731.000 0.561
732.000 0.573
733.000 0.582
734.000 0.593
735.000 0.602
736.000 0.609
737.000 0.618
738.000 0.626
739.000 0.634
740.000 0.640
741.000 0.648
742.000 0.655
743.000 0.660
744.000 0.665
745.000 0.670
746.000 0.674
747.000 0.679
748.000 0.682
749.000 0.686
750.000 0.689
751.000 0.692
752.000 0.696
753.000 0.698
754.000 0.700
755.000 0.702
756.000 0.703
757.000 0.704
758.000 0.707
759.000 0.707
760.000 0.708
761.000 0.710
762.000 0.711
763.000 0.712
764.000 0.712
765.000 0.713
766.000 0.714
767.000 0.714
768.000 0.716
769.000 0.716
770.000 0.717
771.000 0.717
772.000 0.718
773.000 0.718
774.000 0.718
775.000 0.719
776.000 0.719
777.000 0.720
778.000 0.720
779.000 0.720
780.000 0.720
781.000 0.721
782.000 0.721
783.000 0.722
784.000 0.722
785.000 0.723
786.000 0.723
787.000 0.724
788.000 0.724
789.000 0.724
790.000 0.724
791.000 0.725
792.000 0.726
793.000 0.726
794.000 0.726
795.000 0.727
796.000 0.727
797.000 0.727
798.000 0.728
799.000 0.728
800.000 0.728
801.000 0.729
802.000 0.730
803.000 0.730
804.000 0.730
805.000 0.731
806.000 0.731
807.000 0.732
808.000 0.733
809.000 0.733
810.000 0.733
811.000 0.734
812.000 0.734
813.000 0.735
814.000 0.734
815.000 0.734
816.000 0.735
817.000 0.735
818.000 0.737
819.000 0.737
820.000 0.737
821.000 0.738
822.000 0.738
823.000 0.739
824.000 0.739
825.000 0.740
826.000 0.740
827.000 0.740
828.000 0.741
829.000 0.741
830.000 0.742
831.000 0.742
832.000 0.743
833.000 0.742
834.000 0.743
835.000 0.744
836.000 0.744
837.000 0.745
838.000 0.745
839.000 0.745
840.000 0.746
841.000 0.746
842.000 0.747
843.000 0.747
844.000 0.748
845.000 0.748
846.000 0.748
847.000 0.748
848.000 0.749
849.000 0.749
850.000 0.749
851.000 0.750
852.000 0.750
853.000 0.750
854.000 0.751
855.000 0.751
856.000 0.751
857.000 0.752
858.000 0.753
859.000 0.753
860.000 0.753
861.000 0.753
862.000 0.754
863.000 0.754
864.000 0.755
865.000 0.754
866.000 0.755
867.000 0.756
868.000 0.756
869.000 0.756
870.000 0.756
871.000 0.757
872.000 0.757
873.000 0.758
874.000 0.758
875.000 0.759
876.000 0.759
877.000 0.759
878.000 0.759
879.000 0.759
880.000 0.760
881.000 0.760
882.000 0.761
883.000 0.761
884.000 0.761
885.000 0.763
886.000 0.763
887.000 0.764
888.000 0.764
889.000 0.764
890.000 0.765
891.000 0.766
892.000 0.767
893.000 0.767
894.000 0.767
895.000 0.767
896.000 0.767
897.000 0.767
898.000 0.767
899.000 0.768
900.000 0.769
901.000 0.769
902.000 0.770
903.000 0.770
904.000 0.770
905.000 0.770
906.000 0.771
907.000 0.772
908.000 0.772
909.000 0.772
910.000 0.772
911.000 0.773
912.000 0.774
913.000 0.774
914.000 0.774
915.000 0.775
916.000 0.776
917.000 0.776
918.000 0.776
919.000 0.776
920.000 0.776
921.000 0.776
922.000 0.776
923.000 0.776
924.000 0.777
925.000 0.777
926.000 0.776
927.000 0.776
928.000 0.777
929.000 0.776
930.000 0.776
931.000 0.776
932.000 0.777
933.000 0.777
934.000 0.775
935.000 0.773
936.000 0.776
937.000 0.774
938.000 0.772
939.000 0.773
940.000 0.770
941.000 0.771
942.000 0.772
943.000 0.772
944.000 0.773
945.000 0.774
946.000 0.772
947.000 0.770
948.000 0.769
949.000 0.769
950.000 0.769
951.000 0.769
952.000 0.768
953.000 0.766
954.000 0.766
955.000 0.768
956.000 0.766
957.000 0.763
958.000 0.761
959.000 0.759
960.000 0.761
961.000 0.760
962.000 0.759
963.000 0.762
964.000 0.764
965.000 0.764
966.000 0.763
967.000 0.763
968.000 0.762
969.000 0.764
970.000 0.764
971.000 0.762
972.000 0.763
973.000 0.763
974.000 0.763
975.000 0.764
976.000 0.762
977.000 0.761
978.000 0.761
979.000 0.760
980.000 0.759
981.000 0.761
982.000 0.763
983.000 0.765
984.000 0.765
985.000 0.765
986.000 0.764
987.000 0.764
988.000 0.765
989.000 0.764
990.000 0.767
991.000 0.770
992.000 0.769
993.000 0.769
994.000 0.769
995.000 0.769
996.000 0.770
997.000 0.771
998.000 0.771
999.000 0.770
1000.000 0.768
1001.000 0.778
1002.000 0.779
1003.000 0.780
1004.000 0.780
1005.000 0.780
1006.000 0.781
1007.000 0.781
1008.000 0.781
1009.000 0.782
1010.000 0.782
1011.000 0.781
1012.000 0.781
1013.000 0.781
1014.000 0.781
1015.000 0.782
1016.000 0.784
1017.000 0.784
1018.000 0.784
1019.000 0.784
1020.000 0.786
1021.000 0.786
1022.000 0.788
1023.000 0.789
1024.000 0.789
1025.000 0.789
1026.000 0.790
1027.000 0.791
1028.000 0.792
1029.000 0.792
1030.000 0.792
1031.000 0.791
1032.000 0.791
1033.000 0.789
1034.000 0.791
1035.000 0.793
1036.000 0.794
1037.000 0.796
1038.000 0.796
1039.000 0.796
1040.000 0.796
1041.000 0.796
1042.000 0.796
1043.000 0.797
1044.000 0.797
1045.000 0.798
1046.000 0.798
1047.000 0.800
1048.000 0.800
1049.000 0.799
1050.000 0.798
1051.000 0.798
1052.000 0.798
1053.000 0.799
1054.000 0.801
1055.000 0.802
1056.000 0.802
1057.000 0.801
1058.000 0.802
1059.000 0.802
1060.000 0.802
1061.000 0.802
1062.000 0.803
1063.000 0.803
1064.000 0.802
1065.000 0.802
1066.000 0.802
1067.000 0.802
1068.000 0.802
1069.000 0.803
1070.000 0.803
1071.000 0.803
1072.000 0.804
1073.000 0.797
1074.000 0.798
1075.000 0.798
1076.000 0.804
1077.000 0.803
1078.000 0.803
1079.000 0.802
1080.000 0.802
1081.000 0.802
1082.000 0.802
1083.000 0.802
1084.000 0.802
1085.000 0.801
1086.000 0.801
1087.000 0.801
1088.000 0.801
1089.000 0.802
1090.000 0.802
1091.000 0.802
1092.000 0.802
1093.000 0.802
1094.000 0.802
1095.000 0.803
1096.000 0.802
1097.000 0.803
1098.000 0.803
1099.000 0.803
1100.000 0.803
1101.000 0.803
1102.000 0.803
1103.000 0.802
1104.000 0.802
1105.000 0.801
1106.000 0.802
1107.000 0.801
1108.000 0.801
1109.000 0.802
1110.000 0.802
1111.000 0.800
1112.000 0.800
1113.000 0.798
1114.000 0.798
1115.000 0.798
1116.000 0.799
1117.000 0.800
1118.000 0.800
1119.000 0.801
1120.000 0.801
1121.000 0.801
1122.000 0.800
1123.000 0.800
1124.000 0.799
1125.000 0.798
1126.000 0.799
1127.000 0.797
1128.000 0.793
1129.000 0.791
1130.000 0.788
1131.000 0.786
1132.000 0.788
1133.000 0.787
1134.000 0.788
1135.000 0.788
1136.000 0.786
1137.000 0.785
1138.000 0.783
1139.000 0.781
1140.000 0.778
1141.000 0.775
1142.000 0.773
1143.000 0.770
1144.000 0.768
1145.000 0.770
1146.000 0.768
1147.000 0.765
1148.000 0.762
1149.000 0.761
1150.000 0.756
1151.000 0.754
1152.000 0.755
1153.000 0.753
1154.000 0.753
1155.000 0.753
1156.000 0.752
1157.000 0.751
1158.000 0.748
1159.000 0.748
1160.000 0.745
1161.000 0.745
1162.000 0.747
1163.000 0.747
1164.000 0.747
1165.000 0.748
1166.000 0.749
1167.000 0.749
1168.000 0.750
1169.000 0.750
1170.000 0.750
1171.000 0.750
1172.000 0.750
1173.000 0.749
1174.000 0.749
1175.000 0.749
1176.000 0.749
1177.000 0.748
1178.000 0.748
1179.000 0.748
1180.000 0.748
1181.000 0.748
1182.000 0.748
1183.000 0.749
1184.000 0.749
1185.000 0.749
1186.000 0.749
1187.000 0.749
1188.000 0.749
1189.000 0.749
1190.000 0.749
1191.000 0.750
1192.000 0.751
1193.000 0.751
1194.000 0.752
1195.000 0.751
1196.000 0.750
1197.000 0.750
1198.000 0.750
1199.000 0.750
1200.000 0.751
1201.000 0.751
1202.000 0.751
1203.000 0.751
1204.000 0.750
1205.000 0.750
1206.000 0.751
1207.000 0.751
1208.000 0.752
1209.000 0.753
1210.000 0.753
1211.000 0.753
1212.000 0.754
1213.000 0.754
1214.000 0.754
1215.000 0.753
1216.000 0.753
1217.000 0.753
1218.000 0.753
1219.000 0.754
1220.000 0.754
1221.000 0.754
1222.000 0.754
1223.000 0.754
1224.000 0.754
1225.000 0.753
1226.000 0.753
1227.000 0.754
1228.000 0.754
1229.000 0.754
1230.000 0.754
1231.000 0.754
1232.000 0.754
1233.000 0.754
1234.000 0.755
1235.000 0.756
1236.000 0.757
1237.000 0.758
1238.000 0.758
1239.000 0.757
1240.000 0.758
1241.000 0.758
1242.000 0.757
1243.000 0.757
1244.000 0.758
1245.000 0.759
1246.000 0.760
1247.000 0.760
1248.000 0.759
1249.000 0.759
1250.000 0.758
1251.000 0.759
1252.000 0.759
1253.000 0.760
1254.000 0.760
1255.000 0.761
1256.000 0.761
1257.000 0.761
1258.000 0.762
1259.000 0.761
1260.000 0.761
1261.000 0.761
1262.000 0.762
1263.000 0.761
1264.000 0.761
1265.000 0.762
1266.000 0.762
1267.000 0.762
1268.000 0.762
1269.000 0.762
1270.000 0.761
1271.000 0.763
1272.000 0.763
1273.000 0.763
1274.000 0.763
1275.000 0.763
1276.000 0.762
1277.000 0.763
1278.000 0.764
1279.000 0.764
1280.000 0.764
1281.000 0.764
1282.000 0.764
1283.000 0.764
1284.000 0.765
1285.000 0.764
1286.000 0.763
1287.000 0.762
1288.000 0.762
1289.000 0.761
1290.000 0.760
1291.000 0.759
1292.000 0.759
1293.000 0.759
1294.000 0.759
1295.000 0.759
1296.000 0.758
1297.000 0.758
1298.000 0.757
1299.000 0.755
1300.000 0.754
1301.000 0.754
1302.000 0.753
1303.000 0.752
1304.000 0.751
1305.000 0.749
1306.000 0.747
1307.000 0.745
1308.000 0.744
1309.000 0.744
1310.000 0.743
1311.000 0.742
1312.000 0.741
1313.000 0.739
1314.000 0.737
1315.000 0.734
1316.000 0.732
1317.000 0.730
1318.000 0.728
1319.000 0.726
1320.000 0.725
1321.000 0.724
1322.000 0.722
1323.000 0.720
1324.000 0.718
1325.000 0.717
1326.000 0.715
1327.000 0.712
1328.000 0.710
1329.000 0.708
1330.000 0.706
1331.000 0.704
1332.000 0.702
1333.000 0.700
1334.000 0.696
1335.000 0.693
1336.000 0.689
1337.000 0.687
1338.000 0.685
1339.000 0.684
1340.000 0.683
1341.000 0.683
1342.000 0.682
1343.000 0.683
1344.000 0.686
1345.000 0.687
1346.000 0.686
1347.000 0.686
1348.000 0.684
1349.000 0.676
1350.000 0.669
1351.000 0.661
1352.000 0.657
1353.000 0.664
1354.000 0.659
1355.000 0.657
1356.000 0.663
1357.000 0.639
1358.000 0.623
1359.000 0.714
1360.000 0.640
1361.000 0.517
1362.000 0.395
1363.000 0.342
1364.000 0.353
1365.000 0.375
1366.000 0.389
1367.000 0.453
1368.000 0.531
1369.000 0.612
1370.000 0.676
1371.000 0.646
1372.000 0.491
1373.000 0.321
1374.000 0.235
1375.000 0.308
1376.000 0.373
1377.000 0.758
1378.000 0.658
1379.000 0.646
1380.000 0.517
1381.000 0.438
1382.000 0.194
1383.000 0.277
1384.000 0.262
1385.000 0.225
1386.000 0.237
1387.000 0.587
1388.000 0.237
1389.000 0.295
1390.000 0.461
1391.000 0.522
1392.000 0.602
1393.000 0.506
1394.000 0.542
1395.000 0.571
1396.000 0.615
1397.000 0.486
1398.000 0.416
1399.000 0.339
1400.000 0.416
1401.000 0.402
1402.000 0.307
1403.000 0.207
1404.000 0.248
1405.000 0.374
1406.000 0.544
1407.000 0.507
1408.000 0.470
1409.000 0.544
1410.000 0.562
1411.000 0.632
1412.000 0.564
1413.000 0.250
1414.000 0.279
1415.000 0.506
1416.000 0.460
1417.000 0.343
1418.000 0.307
1419.000 0.284
1420.000 0.280
1421.000 0.318
1422.000 0.310
1423.000 0.337
1424.000 0.326
1425.000 0.279
1426.000 0.272
1427.000 0.269
1428.000 0.266
1429.000 0.273
1430.000 0.281
1431.000 0.291
1432.000 0.301
1433.000 0.325
1434.000 0.327
1435.000 0.308
1436.000 0.295
1437.000 0.270
1438.000 0.258
1439.000 0.250
1440.000 0.251
1441.000 0.273
1442.000 0.279
1443.000 0.276
1444.000 0.279
1445.000 0.281
1446.000 0.284
1447.000 0.304
1448.000 0.302
1449.000 0.300
1450.000 0.279
1451.000 0.259
1452.000 0.247
1453.000 0.243
1454.000 0.245
1455.000 0.245
1456.000 0.251
1457.000 0.254
1458.000 0.257
1459.000 0.260
1460.000 0.265
1461.000 0.267
1462.000 0.264
1463.000 0.262
1464.000 0.256
1465.000 0.255
1466.000 0.254
1467.000 0.259
1468.000 0.273
1469.000 0.281
1470.000 0.292
1471.000 0.295
1472.000 0.290
1473.000 0.288
1474.000 0.282
1475.000 0.279
1476.000 0.279
1477.000 0.276
1478.000 0.271
1479.000 0.269
1480.000 0.268
1481.000 0.267
1482.000 0.267
1483.000 0.271
1484.000 0.278
1485.000 0.281
1486.000 0.287
1487.000 0.288
1488.000 0.282
1489.000 0.281
1490.000 0.282
1491.000 0.282
1492.000 0.285
1493.000 0.286
1494.000 0.284
1495.000 0.285
1496.000 0.289
1497.000 0.292
1498.000 0.294
1499.000 0.300
1500.000 0.300
1501.000 0.299
1502.000 0.302
1503.000 0.306
1504.000 0.312
1505.000 0.316
1506.000 0.319
1507.000 0.321
1508.000 0.324
1509.000 0.329
1510.000 0.332
1511.000 0.335
1512.000 0.336
1513.000 0.334
1514.000 0.334
1515.000 0.333
1516.000 0.334
1517.000 0.336
1518.000 0.339
1519.000 0.346
1520.000 0.349
1521.000 0.353
1522.000 0.356
1523.000 0.356
1524.000 0.358
1525.000 0.362
1526.000 0.364
1527.000 0.365
1528.000 0.367
1529.000 0.369
1530.000 0.371
1531.000 0.374
1532.000 0.377
1533.000 0.381
1534.000 0.383
1535.000 0.386
1536.000 0.387
1537.000 0.385
1538.000 0.386
1539.000 0.386
1540.000 0.387
1541.000 0.390
1542.000 0.391
1543.000 0.393
1544.000 0.395
1545.000 0.396
1546.000 0.398
1547.000 0.403
1548.000 0.407
1549.000 0.412
1550.000 0.415
1551.000 0.416
1552.000 0.419
1553.000 0.421
1554.000 0.424
1555.000 0.427
1556.000 0.429
1557.000 0.431
1558.000 0.433
1559.000 0.433
1560.000 0.435
1561.000 0.437
1562.000 0.438
1563.000 0.437
1564.000 0.438
1565.000 0.438
1566.000 0.439
1567.000 0.440
1568.000 0.443
1569.000 0.450
1570.000 0.452
1571.000 0.453
1572.000 0.454
1573.000 0.451
1574.000 0.451
1575.000 0.455
1576.000 0.457
1577.000 0.458
1578.000 0.460
1579.000 0.464
1580.000 0.466
1581.000 0.467
1582.000 0.468
1583.000 0.468
1584.000 0.469
1585.000 0.472
1586.000 0.473
1587.000 0.473
1588.000 0.475
1589.000 0.473
1590.000 0.475
1591.000 0.480
1592.000 0.482
1593.000 0.483
1594.000 0.486
1595.000 0.488
1596.000 0.488
1597.000 0.489
1598.000 0.491
1599.000 0.493
1600.000 0.494
1601.000 0.497
1602.000 0.497
1603.000 0.494
1604.000 0.493
1605.000 0.493
1606.000 0.493
1607.000 0.495
1608.000 0.498
1609.000 0.502
1610.000 0.505
1611.000 0.508
1612.000 0.509
1613.000 0.507
1614.000 0.508
1615.000 0.512
1616.000 0.514
1617.000 0.515
1618.000 0.515
1619.000 0.512
1620.000 0.510
1621.000 0.508
1622.000 0.507
1623.000 0.506
1624.000 0.508
1625.000 0.512
1626.000 0.515
1627.000 0.518
1628.000 0.521
1629.000 0.521
1630.000 0.522
1631.000 0.523
1632.000 0.524
1633.000 0.527
1634.000 0.528
1635.000 0.529
1636.000 0.529
1637.000 0.526
1638.000 0.526
1639.000 0.526
1640.000 0.527
1641.000 0.529
1642.000 0.531
1643.000 0.531
1644.000 0.531
1645.000 0.532
1646.000 0.532
1647.000 0.530
1648.000 0.531
1649.000 0.535
1650.000 0.536
1651.000 0.537
1652.000 0.537
1653.000 0.537
1654.000 0.537
1655.000 0.537
1656.000 0.537
1657.000 0.533
1658.000 0.533
1659.000 0.534
1660.000 0.535
1661.000 0.539
1662.000 0.541
1663.000 0.542
1664.000 0.542
1665.000 0.540
1666.000 0.540
1667.000 0.540
1668.000 0.540
1669.000 0.541
1670.000 0.541
1671.000 0.541
1672.000 0.541
1673.000 0.542
1674.000 0.542
1675.000 0.541
1676.000 0.542
1677.000 0.545
1678.000 0.546
1679.000 0.550
1680.000 0.550
1681.000 0.547
1682.000 0.547
1683.000 0.549
1684.000 0.548
1685.000 0.547
1686.000 0.547
1687.000 0.544
1688.000 0.544
1689.000 0.547
1690.000 0.548
1691.000 0.549
1692.000 0.550
1693.000 0.550
1694.000 0.549
1695.000 0.548
1696.000 0.545
1697.000 0.543
1698.000 0.542
1699.000 0.542
1700.000 0.542
1701.000 0.546
1702.000 0.546
1703.000 0.547
1704.000 0.547
1705.000 0.548
1706.000 0.547
1707.000 0.544
1708.000 0.542
1709.000 0.537
1710.000 0.536
1711.000 0.536
1712.000 0.538
1713.000 0.542
1714.000 0.542
1715.000 0.542
1716.000 0.542
1717.000 0.540
1718.000 0.538
1719.000 0.540
1720.000 0.542
1721.000 0.542
1722.000 0.544
1723.000 0.542
1724.000 0.537
1725.000 0.535
1726.000 0.533
1727.000 0.528
1728.000 0.530
1729.000 0.530
1730.000 0.526
1731.000 0.526
1732.000 0.526
1733.000 0.523
1734.000 0.526
1735.000 0.530
1736.000 0.528
1737.000 0.524
1738.000 0.515
1739.000 0.510
1740.000 0.506
1741.000 0.503
1742.000 0.500
1743.000 0.500
1744.000 0.502
1745.000 0.503
1746.000 0.508
1747.000 0.510
1748.000 0.506
1749.000 0.503
1750.000 0.499
1751.000 0.498
1752.000 0.503
1753.000 0.502
1754.000 0.498
1755.000 0.497
1756.000 0.492
1757.000 0.490
1758.000 0.495
1759.000 0.499
1760.000 0.494
1761.000 0.496
1762.000 0.497
1763.000 0.493
1764.000 0.496
1765.000 0.490
1766.000 0.482
1767.000 0.483
1768.000 0.478
1769.000 0.476
1770.000 0.479
1771.000 0.481
1772.000 0.484
1773.000 0.485
1774.000 0.486
1775.000 0.485
1776.000 0.485
1777.000 0.482
1778.000 0.489
1779.000 0.494
1780.000 0.491
1781.000 0.489
1782.000 0.471
1783.000 0.461
1784.000 0.456
1785.000 0.458
1786.000 0.460
1787.000 0.456
1788.000 0.459
1789.000 0.477
1790.000 0.484
1791.000 0.485
1792.000 0.475
1793.000 0.464
1794.000 0.457
1795.000 0.447
1796.000 0.458
1797.000 0.471
1798.000 0.457
1799.000 0.465
1800.000 0.468
1801.000 0.467
1802.000 0.462
1803.000 0.453
1804.000 0.444
1805.000 0.468
1806.000 0.562
1807.000 0.535
1808.000 0.592
1809.000 0.570
1810.000 0.551
1811.000 0.508
1812.000 0.535
1813.000 0.475
1814.000 0.498
1815.000 0.590
1816.000 0.607
1817.000 0.609
1818.000 0.602
1819.000 0.556
1820.000 0.554
1821.000 0.380
1822.000 0.449
1823.000 0.331
1824.000 0.140
1825.000 0.604
1826.000 0.563
1827.000 0.579
1828.000 0.587
1829.000 0.558
1830.000 0.346
1831.000 0.445
1832.000 0.539
1833.000 0.586
1834.000 0.548
1835.000 0.515
1836.000 0.484
1837.000 0.586
1838.000 0.520
1839.000 0.485
1840.000 0.497
1841.000 0.456
1842.000 0.430
1843.000 0.403
1844.000 0.276
1845.000 0.381
1846.000 0.486
1847.000 0.486
1848.000 0.430
1849.000 0.562
1850.000 0.482
1851.000 0.471
1852.000 0.670
1853.000 0.325
1854.000 0.346
1855.000 0.352
1856.000 0.361
1857.000 0.626
1858.000 0.584
1859.000 0.582
1860.000 0.576
1861.000 0.476
1862.000 0.409
1863.000 0.597
1864.000 0.511
1865.000 0.395
1866.000 0.420
1867.000 0.419
1868.000 0.479
1869.000 0.462
1870.000 0.524
1871.000 0.538
1872.000 0.552
1873.000 0.454
1874.000 0.535
1875.000 0.468
1876.000 0.698
1877.000 0.520
1878.000 0.481
1879.000 0.461
1880.000 0.529
1881.000 0.687
1882.000 0.627
1883.000 0.601
1884.000 0.560
1885.000 0.366
1886.000 0.428
1887.000 0.481
1888.000 0.530
1889.000 0.544
1890.000 0.455
1891.000 0.455
1892.000 0.435
1893.000 0.503
1894.000 0.547
1895.000 0.685
1896.000 0.598
1897.000 0.414
1898.000 0.666
1899.000 0.369
1900.000 0.587
1901.000 0.654
1902.000 0.367
1903.000 0.317
1904.000 0.200
1905.000 0.215
1906.000 0.333
1907.000 0.388
1908.000 0.363
1909.000 0.305
1910.000 0.307
1911.000 0.395
1912.000 0.461
1913.000 0.472
1914.000 0.513
1915.000 0.419
1916.000 0.485
1917.000 0.528
1918.000 0.485
1919.000 0.415
1920.000 0.417
1921.000 0.343
1922.000 0.317
1923.000 0.271
1924.000 0.285
1925.000 0.288
1926.000 0.264
1927.000 0.247
1928.000 0.230
1929.000 0.205
1930.000 0.184
1931.000 0.339
1932.000 0.527
1933.000 0.432
1934.000 0.370
1935.000 0.600
1936.000 0.521
1937.000 0.428
1938.000 0.426
1939.000 0.395
1940.000 0.276
1941.000 0.356
1942.000 0.503
1943.000 0.265
1944.000 0.338
1945.000 0.394
1946.000 0.303
1947.000 0.424
1948.000 0.322
1949.000 0.278
1950.000 0.415
1951.000 0.360
1952.000 0.335
1953.000 0.533
1954.000 0.479
1955.000 0.459
1956.000 0.452
1957.000 0.473
1958.000 0.357
1959.000 0.360
1960.000 0.265
1961.000 0.249
1962.000 0.259
1963.000 0.391
1964.000 0.492
1965.000 0.434
1966.000 0.400
1967.000 0.345
1968.000 0.291
1969.000 0.228
1970.000 0.219
1971.000 0.260
1972.000 0.362
1973.000 0.488
1974.000 0.442
1975.000 0.395
1976.000 0.326
1977.000 0.263
1978.000 0.259
1979.000 0.193
1980.000 0.152
1981.000 0.142
1982.000 0.096
1983.000 0.095
1984.000 0.107
1985.000 0.130
1986.000 0.125
1987.000 0.191
1988.000 0.206
1989.000 0.183
1990.000 0.187
1991.000 0.223
1992.000 0.209
1993.000 0.237
1994.000 0.242
1995.000 0.220
1996.000 0.251
1997.000 0.265
1998.000 0.302
1999.000 0.316
2000.000 0.330
2001.000 0.300
2002.000 0.239
2003.000 0.221
2004.000 0.182
2005.000 0.168
2006.000 0.166
2007.000 0.205
2008.000 0.213
2009.000 0.211
2010.000 0.267
2011.000 0.306
2012.000 0.276
2013.000 0.256
2014.000 0.235
2015.000 0.219
2016.000 0.203
2017.000 0.199
2018.000 0.200
2019.000 0.252
2020.000 0.290
2021.000 0.316
2022.000 0.250
2023.000 0.252
2024.000 0.245
2025.000 0.219
2026.000 0.235
2027.000 0.237
2028.000 0.224
2029.000 0.225
2030.000 0.236
2031.000 0.232
2032.000 0.233
2033.000 0.233
2034.000 0.220
2035.000 0.215
2036.000 0.226
2037.000 0.207
2038.000 0.212
2039.000 0.228
2040.000 0.231
2041.000 0.235
2042.000 0.228
2043.000 0.196
2044.000 0.194
2045.000 0.203
2046.000 0.210
2047.000 0.236
2048.000 0.257
2049.000 0.273
2050.000 0.285
2051.000 0.307
2052.000 0.358
2053.000 0.361
2054.000 0.322
2055.000 0.309
2056.000 0.287
2057.000 0.276
2058.000 0.283
2059.000 0.275
2060.000 0.261
2061.000 0.262
2062.000 0.276
2063.000 0.278
2064.000 0.281
2065.000 0.273
2066.000 0.253
2067.000 0.230
2068.000 0.232
2069.000 0.249
2070.000 0.278
2071.000 0.346
2072.000 0.357
2073.000 0.318
2074.000 0.297
2075.000 0.249
2076.000 0.242
2077.000 0.255
2078.000 0.258
2079.000 0.271
2080.000 0.270
2081.000 0.264
2082.000 0.251
2083.000 0.232
2084.000 0.239
2085.000 0.245
2086.000 0.246
2087.000 0.255
2088.000 0.271
2089.000 0.276
2090.000 0.280
2091.000 0.284
2092.000 0.291
2093.000 0.291
2094.000 0.286
2095.000 0.283
2096.000 0.275
2097.000 0.269
2098.000 0.260
2099.000 0.267
2100.000 0.265
2101.000 0.269
2102.000 0.280
2103.000 0.288
2104.000 0.282
2105.000 0.260
2106.000 0.257
2107.000 0.248
2108.000 0.250
2109.000 0.282
2110.000 0.294
2111.000 0.296
2112.000 0.299
2113.000 0.302
2114.000 0.296
2115.000 0.274
2116.000 0.273
2117.000 0.279
2118.000 0.278
2119.000 0.300
2120.000 0.318
2121.000 0.317
2122.000 0.323
2123.000 0.317
2124.000 0.297
2125.000 0.293
2126.000 0.290
2127.000 0.285
2128.000 0.283
2129.000 0.287
2130.000 0.294
2131.000 0.297
2132.000 0.316
2133.000 0.320
2134.000 0.305
2135.000 0.302
2136.000 0.311
2137.000 0.301
2138.000 0.296
2139.000 0.298
2140.000 0.301
2141.000 0.297
2142.000 0.302
2143.000 0.330
2144.000 0.327
2145.000 0.304
2146.000 0.302
2147.000 0.286
2148.000 0.289
2149.000 0.320
2150.000 0.338
2151.000 0.360
2152.000 0.374
2153.000 0.384
2154.000 0.390
2155.000 0.387
2156.000 0.368
2157.000 0.354
2158.000 0.335
2159.000 0.320
2160.000 0.315
2161.000 0.313
2162.000 0.320
2163.000 0.322
2164.000 0.329
2165.000 0.324
2166.000 0.311
2167.000 0.306
2168.000 0.292
2169.000 0.291
2170.000 0.303
2171.000 0.305
2172.000 0.305
2173.000 0.311
2174.000 0.317
2175.000 0.322
2176.000 0.334
2177.000 0.340
2178.000 0.332
2179.000 0.332
2180.000 0.330
2181.000 0.333
2182.000 0.342
2183.000 0.345
2184.000 0.338
2185.000 0.319
2186.000 0.311
2187.000 0.298
2188.000 0.302
2189.000 0.326
2190.000 0.340
2191.000 0.362
2192.000 0.377
2193.000 0.388
2194.000 0.386
2195.000 0.361
2196.000 0.360
2197.000 0.360
2198.000 0.359
2199.000 0.398
2200.000 0.397
2201.000 0.360
2202.000 0.328
2203.000 0.298
2204.000 0.274
2205.000 0.283
2206.000 0.303
2207.000 0.324
2208.000 0.359
2209.000 0.359
2210.000 0.322
2211.000 0.322
2212.000 0.321
2213.000 0.326
2214.000 0.366
2215.000 0.378
2216.000 0.370
2217.000 0.370
2218.000 0.358
2219.000 0.357
2220.000 0.367
2221.000 0.359
2222.000 0.345
2223.000 0.338
2224.000 0.325
2225.000 0.316
2226.000 0.320
2227.000 0.309
2228.000 0.299
2229.000 0.307
2230.000 0.330
2231.000 0.370
2232.000 0.389
2233.000 0.386
2234.000 0.367
2235.000 0.348
2236.000 0.356
2237.000 0.364
2238.000 0.366
2239.000 0.374
2240.000 0.381
2241.000 0.385
2242.000 0.383
2243.000 0.384
2244.000 0.377
2245.000 0.352
2246.000 0.346
2247.000 0.352
2248.000 0.355
2249.000 0.362
2250.000 0.361
2251.000 0.365
2252.000 0.348
2253.000 0.308
2254.000 0.288
2255.000 0.257
2256.000 0.246
2257.000 0.242
2258.000 0.263
2259.000 0.290
2260.000 0.301
2261.000 0.289
2262.000 0.272
2263.000 0.266
2264.000 0.258
2265.000 0.274
2266.000 0.304
2267.000 0.297
2268.000 0.265
2269.000 0.248
2270.000 0.231
2271.000 0.231
2272.000 0.262
2273.000 0.275
2274.000 0.293
2275.000 0.300
2276.000 0.299
2277.000 0.307
2278.000 0.313
2279.000 0.308
2280.000 0.308
2281.000 0.291
2282.000 0.247
2283.000 0.249
2284.000 0.289
2285.000 0.297
2286.000 0.305
2287.000 0.317
2288.000 0.293
2289.000 0.298
2290.000 0.368
2291.000 0.388
2292.000 0.384
2293.000 0.346
2294.000 0.267
2295.000 0.237
2296.000 0.203
2297.000 0.206
2298.000 0.236
2299.000 0.256
2300.000 0.281
2301.000 0.285
2302.000 0.242
2303.000 0.231
2304.000 0.209
2305.000 0.192
2306.000 0.187
2307.000 0.175
2308.000 0.166
2309.000 0.154
2310.000 0.159
2311.000 0.172
2312.000 0.210
2313.000 0.302
2314.000 0.351
2315.000 0.330
2316.000 0.281
2317.000 0.227
2318.000 0.225
2319.000 0.231
2320.000 0.209
2321.000 0.211
2322.000 0.224
2323.000 0.218
2324.000 0.263
2325.000 0.284
2326.000 0.308
2327.000 0.308
2328.000 0.318
2329.000 0.295
2330.000 0.291
2331.000 0.288
2332.000 0.308
2333.000 0.429
2334.000 0.406
2335.000 0.402
2336.000 0.431
2337.000 0.376
2338.000 0.278
2339.000 0.255
2340.000 0.226
2341.000 0.215
2342.000 0.199
2343.000 0.165
2344.000 0.185
2345.000 0.203
2346.000 0.184
2347.000 0.173
2348.000 0.166
2349.000 0.131
2350.000 0.156
2351.000 0.217
2352.000 0.136
2353.000 0.395
2354.000 0.503
2355.000 0.339
2356.000 0.362
2357.000 0.303
2358.000 0.192
2359.000 0.186
2360.000 0.225
2361.000 0.225
2362.000 0.213
2363.000 0.155
2364.000 0.137
2365.000 0.106
2366.000 0.117
2367.000 0.152
2368.000 0.188
2369.000 0.293
2370.000 0.297
2371.000 0.414
2372.000 0.097
2373.000 0.365
2374.000 0.407
2375.000 0.242
2376.000 0.328
2377.000 0.261
2378.000 0.185
2379.000 0.222
2380.000 0.246
2381.000 0.415
2382.000 0.350
2383.000 0.357
2384.000 0.314
2385.000 0.468
2386.000 0.405
2387.000 0.379
2388.000 0.498
2389.000 0.396
2390.000 0.379
2391.000 0.302
2392.000 0.213
2393.000 0.262
2394.000 0.285
2395.000 0.389
2396.000 0.413
2397.000 0.253
2398.000 0.219
2399.000 0.272
2400.000 0.398
2401.000 0.419
2402.000 0.274
2403.000 0.165
2404.000 0.461
2405.000 0.300
2406.000 0.141
2407.000 0.130
2408.000 0.312
2409.000 0.355
2410.000 0.373
2411.000 0.192
2412.000 0.392
2413.000 0.498
2414.000 0.445
2415.000 0.532
2416.000 0.448
2417.000 0.455
2418.000 0.263
2419.000 0.256
2420.000 0.142
2421.000 0.061
2422.000 0.208
2423.000 0.344
2424.000 0.363
2425.000 0.411
2426.000 0.204
2427.000 0.278
2428.000 0.236
2429.000 0.257
2430.000 0.243
2431.000 0.178
2432.000 0.283
2433.000 0.320
2434.000 0.378
2435.000 0.465
2436.000 0.432
2437.000 0.370
2438.000 0.391
2439.000 0.522
2440.000 0.341
2441.000 0.158
2442.000 0.339
2443.000 0.206
2444.000 0.199
2445.000 0.186
2446.000 0.261
2447.000 0.251
2448.000 0.294
2449.000 0.541
2450.000 0.268
2451.000 0.591
2452.000 0.540
2453.000 0.465
2454.000 0.378
2455.000 0.246
2456.000 0.342
2457.000 0.242
2458.000 0.416
2459.000 0.416
2460.000 0.485
2461.000 0.421
2462.000 0.341
2463.000 0.629
2464.000 0.505
2465.000 0.421
2466.000 0.343
2467.000 0.326
2468.000 0.243
2469.000 0.351
2470.000 0.357
2471.000 0.332
2472.000 0.498
2473.000 0.330
2474.000 0.177
2475.000 0.250
2476.000 0.258
2477.000 0.284
2478.000 0.107
2479.000 0.251
2480.000 0.466
2481.000 0.462
2482.000 0.581
2483.000 0.614
2484.000 0.638
2485.000 0.645
2486.000 0.472
2487.000 0.433
2488.000 0.481
2489.000 0.209
2490.000 0.218
2491.000 0.529
2492.000 0.343
2493.000 0.408
2494.000 0.431
2495.000 0.472
2496.000 0.495
2497.000 0.559
2498.000 0.356
2499.000 0.441
2500.000 0.399
