391.000 0.087
392.000 0.086
393.000 0.094
394.000 0.098
395.000 0.095
396.000 0.094
397.000 0.096
398.000 0.096
399.000 0.094
400.000 0.095
401.000 0.097
402.000 0.093
403.000 0.094
404.000 0.096
405.000 0.095
406.000 0.094
407.000 0.094
408.000 0.093
409.000 0.094
410.000 0.095
411.000 0.097
412.000 0.099
413.000 0.098
414.000 0.098
415.000 0.099
416.000 0.098
417.000 0.099
418.000 0.100
419.000 0.099
420.000 0.099
421.000 0.100
422.000 0.101
423.000 0.101
424.000 0.101
425.000 0.101
426.000 0.101
427.000 0.101
428.000 0.100
429.000 0.100
430.000 0.100
431.000 0.101
432.000 0.102
433.000 0.103
434.000 0.103
435.000 0.103
436.000 0.102
437.000 0.102
438.000 0.104
439.000 0.103
440.000 0.104
441.000 0.106
442.000 0.105
443.000 0.105
444.000 0.104
445.000 0.104
446.000 0.105
447.000 0.105
448.000 0.105
449.000 0.106
450.000 0.105
451.000 0.105
452.000 0.106
453.000 0.108
454.000 0.107
455.000 0.107
456.000 0.107
457.000 0.106
458.000 0.107
459.000 0.108
460.000 0.107
461.000 0.108
462.000 0.108
463.000 0.108
464.000 0.109
465.000 0.111
466.000 0.111
467.000 0.110
468.000 0.112
469.000 0.112
470.000 0.111
471.000 0.111
472.000 0.112
473.000 0.111
474.000 0.111
475.000 0.114
476.000 0.114
477.000 0.114
478.000 0.114
479.000 0.113
480.000 0.114
481.000 0.116
482.000 0.116
483.000 0.115
484.000 0.116
485.000 0.117
486.000 0.117
487.000 0.119
488.000 0.120
489.000 0.119
490.000 0.119
491.000 0.119
492.000 0.120
493.000 0.120
494.000 0.121
495.000 0.121
496.000 0.122
497.000 0.124
498.000 0.123
499.000 0.123
500.000 0.126
501.000 0.126
502.000 0.128
503.000 0.130
504.000 0.131
505.000 0.131
506.000 0.132
507.000 0.134
508.000 0.135
509.000 0.136
510.000 0.137
511.000 0.139
512.000 0.141
513.000 0.143
514.000 0.144
515.000 0.146
516.000 0.148
517.000 0.151
518.000 0.152
519.000 0.156
520.000 0.158
521.000 0.159
522.000 0.161
523.000 0.164
524.000 0.167
525.000 0.168
526.000 0.171
527.000 0.173
528.000 0.175
529.000 0.178
530.000 0.179
531.000 0.180
532.000 0.182
533.000 0.183
534.000 0.184
535.000 0.185
536.000 0.187
537.000 0.188
538.000 0.188
539.000 0.190
540.000 0.191
541.000 0.191
542.000 0.192
543.000 0.192
544.000 0.193
545.000 0.193
546.000 0.194
547.000 0.195
548.000 0.195
549.000 0.195
550.000 0.196
551.000 0.197
552.000 0.197
553.000 0.197
554.000 0.197
555.000 0.198
556.000 0.198
557.000 0.198
558.000 0.197
559.000 0.198
560.000 0.197
561.000 0.196
562.000 0.197
563.000 0.197
564.000 0.197
565.000 0.196
566.000 0.194
567.000 0.194
568.000 0.194
569.000 0.193
570.000 0.192
571.000 0.192
572.000 0.191
573.000 0.189
574.000 0.189
575.000 0.189
576.000 0.189
577.000 0.189
578.000 0.188
579.000 0.187
580.000 0.186
581.000 0.186
582.000 0.187
583.000 0.186
584.000 0.186
585.000 0.186
586.000 0.186
587.000 0.185
588.000 0.186
589.000 0.186
590.000 0.185
591.000 0.185
592.000 0.186
593.000 0.186
594.000 0.186
595.000 0.185
596.000 0.184
597.000 0.184
598.000 0.185
599.000 0.186
600.000 0.186
601.000 0.186
602.000 0.185
603.000 0.184
604.000 0.186
605.000 0.186
606.000 0.186
607.000 0.187
608.000 0.187
609.000 0.187
610.000 0.186
611.000 0.186
612.000 0.186
613.000 0.186
614.000 0.187
615.000 0.187
616.000 0.187
617.000 0.187
618.000 0.187
619.000 0.187
620.000 0.188
621.000 0.188
622.000 0.189
623.000 0.190
624.000 0.189
625.000 0.189
626.000 0.191
627.000 0.192
628.000 0.193
629.000 0.193
630.000 0.192
631.000 0.194
632.000 0.194
633.000 0.194
634.000 0.194
635.000 0.195
636.000 0.196
637.000 0.194
638.000 0.196
639.000 0.196
640.000 0.196
641.000 0.197
642.000 0.196
643.000 0.194
644.000 0.195
645.000 0.197
646.000 0.196
647.000 0.197
648.000 0.199
649.000 0.197
650.000 0.198
651.000 0.200
652.000 0.200
653.000 0.200
654.000 0.200
655.000 0.201
656.000 0.202
657.000 0.203
658.000 0.204
659.000 0.205
660.000 0.204
661.000 0.204
662.000 0.206
663.000 0.206
664.000 0.208
665.000 0.209
666.000 0.210
667.000 0.210
668.000 0.211
669.000 0.211
670.000 0.212
671.000 0.213
672.000 0.214
673.000 0.216
674.000 0.215
675.000 0.216
676.000 0.218
677.000 0.218
678.000 0.221
679.000 0.224
680.000 0.224
681.000 0.224
682.000 0.226
683.000 0.228
684.000 0.230
685.000 0.229
686.000 0.230
687.000 0.232
688.000 0.235
689.000 0.235
690.000 0.235
691.000 0.236
692.000 0.237
693.000 0.239
694.000 0.243
695.000 0.245
696.000 0.248
697.000 0.252
698.000 0.255
699.000 0.258
700.000 0.262
701.000 0.266
702.000 0.271
703.000 0.275
704.000 0.279
705.000 0.282
706.000 0.286
707.000 0.290
708.000 0.294
709.000 0.298
710.000 0.301
711.000 0.306
712.000 0.309
713.000 0.312
714.000 0.316
715.000 0.320
716.000 0.323
717.000 0.325
718.000 0.330
719.000 0.333
720.000 0.337
721.000 0.340
722.000 0.344
723.000 0.347
724.000 0.349
725.000 0.353
726.000 0.356
727.000 0.359
728.000 0.362
729.000 0.365
730.000 0.368
731.000 0.370
732.000 0.373
733.000 0.375
734.000 0.377
735.000 0.379
736.000 0.376
737.000 0.378
738.000 0.380
739.000 0.382
740.000 0.384
741.000 0.385
742.000 0.387
743.000 0.389
744.000 0.389
745.000 0.391
746.000 0.394
747.000 0.395
748.000 0.396
749.000 0.397
750.000 0.398
751.000 0.399
752.000 0.400
753.000 0.401
754.000 0.402
755.000 0.402
756.000 0.403
757.000 0.404
758.000 0.404
759.000 0.409
760.000 0.408
761.000 0.408
762.000 0.408
763.000 0.408
764.000 0.409
765.000 0.411
766.000 0.412
767.000 0.414
768.000 0.415
769.000 0.416
770.000 0.416
771.000 0.417
772.000 0.418
773.000 0.418
774.000 0.419
775.000 0.420
776.000 0.421
777.000 0.421
778.000 0.422
779.000 0.423
780.000 0.423
781.000 0.424
782.000 0.425
783.000 0.425
784.000 0.425
785.000 0.426
786.000 0.427
787.000 0.427
788.000 0.428
789.000 0.429
790.000 0.429
791.000 0.429
792.000 0.430
793.000 0.432
794.000 0.432
795.000 0.433
796.000 0.433
797.000 0.434
798.000 0.434
799.000 0.435
800.000 0.436
801.000 0.436
802.000 0.437
803.000 0.438
804.000 0.438
805.000 0.439
806.000 0.440
807.000 0.441
808.000 0.442
809.000 0.442
810.000 0.442
811.000 0.442
812.000 0.443
813.000 0.443
814.000 0.443
815.000 0.444
816.000 0.444
817.000 0.445
818.000 0.446
819.000 0.447
820.000 0.448
821.000 0.448
822.000 0.449
823.000 0.450
824.000 0.450
825.000 0.451
826.000 0.452
827.000 0.453
828.000 0.453
829.000 0.454
830.000 0.455
831.000 0.455
832.000 0.456
833.000 0.457
834.000 0.458
835.000 0.458
836.000 0.459
837.000 0.460
838.000 0.461
839.000 0.462
840.000 0.462
841.000 0.463
842.000 0.463
843.000 0.464
844.000 0.465
845.000 0.465
846.000 0.466
847.000 0.466
848.000 0.467
849.000 0.468
850.000 0.468
851.000 0.469
852.000 0.469
853.000 0.470
854.000 0.471
855.000 0.471
856.000 0.472
857.000 0.472
858.000 0.473
859.000 0.473
860.000 0.474
861.000 0.474
862.000 0.475
863.000 0.475
864.000 0.476
865.000 0.477
866.000 0.477
867.000 0.478
868.000 0.479
869.000 0.479
870.000 0.479
871.000 0.479
872.000 0.480
873.000 0.481
874.000 0.482
875.000 0.482
876.000 0.483
877.000 0.483
878.000 0.483
879.000 0.484
880.000 0.484
881.000 0.485
882.000 0.486
883.000 0.487
884.000 0.487
885.000 0.488
886.000 0.489
887.000 0.489
888.000 0.489
889.000 0.490
890.000 0.490
891.000 0.491
892.000 0.491
893.000 0.491
894.000 0.492
895.000 0.492
896.000 0.492
897.000 0.492
898.000 0.492
899.000 0.493
900.000 0.493
901.000 0.494
902.000 0.495
903.000 0.495
904.000 0.492
905.000 0.496
906.000 0.497
907.000 0.497
908.000 0.497
909.000 0.498
910.000 0.498
911.000 0.499
912.000 0.499
913.000 0.495
914.000 0.500
915.000 0.500
916.000 0.501
917.000 0.498
918.000 0.499
919.000 0.499
920.000 0.500
921.000 0.500
922.000 0.501
923.000 0.500
924.000 0.501
925.000 0.502
926.000 0.501
927.000 0.501
928.000 0.501
929.000 0.503
930.000 0.503
931.000 0.503
932.000 0.503
933.000 0.503
934.000 0.502
935.000 0.500
936.000 0.497
937.000 0.498
938.000 0.498
939.000 0.499
940.000 0.500
941.000 0.502
942.000 0.502
943.000 0.502
944.000 0.504
945.000 0.503
946.000 0.502
947.000 0.499
948.000 0.506
949.000 0.501
950.000 0.500
951.000 0.506
952.000 0.503
953.000 0.508
954.000 0.509
955.000 0.506
956.000 0.506
957.000 0.507
958.000 0.508
959.000 0.506
960.000 0.506
961.000 0.508
962.000 0.511
963.000 0.511
964.000 0.510
965.000 0.512
966.000 0.513
967.000 0.512
968.000 0.516
969.000 0.516
970.000 0.517
971.000 0.518
972.000 0.518
973.000 0.517
974.000 0.517
975.000 0.520
976.000 0.522
977.000 0.520
978.000 0.519
979.000 0.519
980.000 0.520
981.000 0.520
982.000 0.522
983.000 0.522
984.000 0.522
985.000 0.525
986.000 0.525
987.000 0.524
988.000 0.524
989.000 0.525
990.000 0.527
991.000 0.528
992.000 0.528
993.000 0.528
994.000 0.528
995.000 0.528
996.000 0.530
997.000 0.529
998.000 0.529
999.000 0.530
1000.000 0.530
1001.000 0.540
1002.000 0.540
1003.000 0.541
1004.000 0.541
1005.000 0.541
1006.000 0.542
1007.000 0.542
1008.000 0.543
1009.000 0.544
1010.000 0.546
1011.000 0.546
1012.000 0.545
1013.000 0.545
1014.000 0.545
1015.000 0.545
1016.000 0.546
1017.000 0.546
1018.000 0.547
1019.000 0.548
1020.000 0.549
1021.000 0.549
1022.000 0.549
1023.000 0.549
1024.000 0.549
1025.000 0.548
1026.000 0.549
1027.000 0.552
1028.000 0.552
1029.000 0.550
1030.000 0.550
1031.000 0.550
1032.000 0.550
1033.000 0.551
1034.000 0.555
1035.000 0.554
1036.000 0.555
1037.000 0.555
1038.000 0.555
1039.000 0.553
1040.000 0.556
1041.000 0.556
1042.000 0.556
1043.000 0.556
1044.000 0.556
1045.000 0.556
1046.000 0.554
1047.000 0.554
1048.000 0.556
1049.000 0.557
1050.000 0.557
1051.000 0.557
1052.000 0.558
1053.000 0.559
1054.000 0.560
1055.000 0.560
1056.000 0.561
1057.000 0.558
1058.000 0.557
1059.000 0.557
1060.000 0.558
1061.000 0.558
1062.000 0.559
1063.000 0.559
1064.000 0.562
1065.000 0.559
1066.000 0.562
1067.000 0.562
1068.000 0.563
1069.000 0.563
1070.000 0.563
1071.000 0.564
1072.000 0.563
1073.000 0.564
1074.000 0.564
1075.000 0.565
1076.000 0.565
1077.000 0.565
1078.000 0.565
1079.000 0.565
1080.000 0.565
1081.000 0.565
1082.000 0.566
1083.000 0.567
1084.000 0.568
1085.000 0.568
1086.000 0.568
1087.000 0.568
1088.000 0.568
1089.000 0.569
1090.000 0.568
1091.000 0.568
1092.000 0.569
1093.000 0.569
1094.000 0.569
1095.000 0.569
1096.000 0.570
1097.000 0.570
1098.000 0.570
1099.000 0.570
1100.000 0.569
1101.000 0.568
1102.000 0.569
1103.000 0.569
1104.000 0.569
1105.000 0.569
1106.000 0.568
1107.000 0.568
1108.000 0.568
1109.000 0.567
1110.000 0.567
1111.000 0.567
1112.000 0.567
1113.000 0.566
1114.000 0.566
1115.000 0.566
1116.000 0.566
1117.000 0.566
1118.000 0.567
1119.000 0.567
1120.000 0.566
1121.000 0.566
1122.000 0.566
1123.000 0.565
1124.000 0.565
1125.000 0.565
1126.000 0.566
1127.000 0.567
1128.000 0.568
1129.000 0.570
1130.000 0.570
1131.000 0.571
1132.000 0.573
1133.000 0.570
1134.000 0.572
1135.000 0.573
1136.000 0.572
1137.000 0.572
1138.000 0.571
1139.000 0.571
1140.000 0.571
1141.000 0.570
1142.000 0.570
1143.000 0.571
1144.000 0.572
1145.000 0.572
1146.000 0.573
1147.000 0.575
1148.000 0.575
1149.000 0.576
1150.000 0.578
1151.000 0.578
1152.000 0.578
1153.000 0.577
1154.000 0.578
1155.000 0.578
1156.000 0.578
1157.000 0.579
1158.000 0.580
1159.000 0.581
1160.000 0.581
1161.000 0.582
1162.000 0.582
1163.000 0.582
1164.000 0.582
1165.000 0.582
1166.000 0.582
1167.000 0.583
1168.000 0.583
1169.000 0.584
1170.000 0.584
1171.000 0.585
1172.000 0.585
1173.000 0.586
1174.000 0.586
1175.000 0.586
1176.000 0.587
1177.000 0.588
1178.000 0.588
1179.000 0.588
1180.000 0.588
1181.000 0.588
1182.000 0.589
1183.000 0.591
1184.000 0.591
1185.000 0.591
1186.000 0.592
1187.000 0.591
1188.000 0.592
1189.000 0.593
1190.000 0.593
1191.000 0.594
1192.000 0.594
1193.000 0.595
1194.000 0.595
1195.000 0.596
1196.000 0.596
1197.000 0.597
1198.000 0.598
1199.000 0.598
1200.000 0.597
1201.000 0.598
1202.000 0.598
1203.000 0.598
1204.000 0.599
1205.000 0.600
1206.000 0.600
1207.000 0.600
1208.000 0.601
1209.000 0.601
1210.000 0.601
1211.000 0.601
1212.000 0.602
1213.000 0.602
1214.000 0.602
1215.000 0.602
1216.000 0.603
1217.000 0.602
1218.000 0.602
1219.000 0.603
1220.000 0.604
1221.000 0.604
1222.000 0.605
1223.000 0.604
1224.000 0.604
1225.000 0.604
1226.000 0.604
1227.000 0.604
1228.000 0.604
1229.000 0.605
1230.000 0.605
1231.000 0.606
1232.000 0.606
1233.000 0.606
1234.000 0.606
1235.000 0.606
1236.000 0.606
1237.000 0.606
1238.000 0.606
1239.000 0.607
1240.000 0.607
1241.000 0.607
1242.000 0.607
1243.000 0.607
1244.000 0.607
1245.000 0.606
1246.000 0.606
1247.000 0.606
1248.000 0.607
1249.000 0.607
1250.000 0.608
1251.000 0.608
1252.000 0.609
1253.000 0.609
1254.000 0.609
1255.000 0.609
1256.000 0.609
1257.000 0.609
1258.000 0.609
1259.000 0.610
1260.000 0.610
1261.000 0.610
1262.000 0.609
1263.000 0.609
1264.000 0.609
1265.000 0.610
1266.000 0.610
1267.000 0.610
1268.000 0.610
1269.000 0.610
1270.000 0.611
1271.000 0.612
1272.000 0.613
1273.000 0.614
1274.000 0.616
1275.000 0.616
1276.000 0.616
1277.000 0.617
1278.000 0.616
1279.000 0.617
1280.000 0.617
1281.000 0.618
1282.000 0.618
1283.000 0.618
1284.000 0.618
1285.000 0.618
1286.000 0.619
1287.000 0.619
1288.000 0.620
1289.000 0.618
1290.000 0.619
1291.000 0.619
1292.000 0.618
1293.000 0.618
1294.000 0.621
1295.000 0.621
1296.000 0.621
1297.000 0.622
1298.000 0.622
1299.000 0.622
1300.000 0.622
1301.000 0.622
1302.000 0.622
1303.000 0.621
1304.000 0.621
1305.000 0.622
1306.000 0.621
1307.000 0.621
1308.000 0.620
1309.000 0.620
1310.000 0.620
1311.000 0.620
1312.000 0.619
1313.000 0.620
1314.000 0.619
1315.000 0.619
1316.000 0.617
1317.000 0.617
1318.000 0.616
1319.000 0.615
1320.000 0.615
1321.000 0.614
1322.000 0.613
1323.000 0.613
1324.000 0.613
1325.000 0.613
1326.000 0.612
1327.000 0.611
1328.000 0.612
1329.000 0.610
1330.000 0.609
1331.000 0.608
1332.000 0.606
1333.000 0.605
1334.000 0.605
1335.000 0.605
1336.000 0.605
1337.000 0.605
1338.000 0.604
1339.000 0.604
1340.000 0.602
1341.000 0.600
1342.000 0.599
1343.000 0.596
1344.000 0.593
1345.000 0.590
1346.000 0.591
1347.000 0.588
1348.000 0.585
1349.000 0.583
1350.000 0.582
1351.000 0.577
1352.000 0.580
1353.000 0.592
1354.000 0.611
1355.000 0.661
1356.000 0.701
1357.000 0.729
1358.000 0.762
1359.000 0.695
1360.000 0.657
1361.000 0.642
1362.000 0.545
1363.000 0.590
1364.000 0.606
1365.000 0.504
1366.000 0.460
1367.000 0.409
1368.000 0.316
1369.000 0.280
1370.000 0.250
1371.000 0.439
1372.000 0.474
1373.000 0.509
1374.000 0.500
1375.000 0.261
1376.000 0.328
1377.000 0.427
1378.000 0.521
1379.000 0.396
1380.000 0.553
1381.000 0.637
1382.000 0.507
1383.000 0.421
1384.000 0.338
1385.000 0.346
1386.000 0.444
1387.000 0.401
1388.000 0.314
1389.000 0.262
1390.000 0.288
1391.000 0.324
1392.000 0.344
1393.000 0.263
1394.000 0.488
1395.000 0.669
1396.000 0.643
1397.000 0.532
1398.000 0.524
1399.000 0.498
1400.000 0.488
1401.000 0.341
1402.000 0.537
1403.000 0.489
1404.000 0.549
1405.000 0.471
1406.000 0.441
1407.000 0.438
1408.000 0.550
1409.000 0.593
1410.000 0.557
1411.000 0.501
1412.000 0.451
1413.000 0.501
1414.000 0.534
1415.000 0.604
1416.000 0.593
1417.000 0.612
1418.000 0.575
1419.000 0.518
1420.000 0.530
1421.000 0.480
1422.000 0.489
1423.000 0.448
1424.000 0.447
1425.000 0.454
1426.000 0.464
1427.000 0.501
1428.000 0.524
1429.000 0.525
1430.000 0.523
1431.000 0.520
1432.000 0.512
1433.000 0.491
1434.000 0.492
1435.000 0.489
1436.000 0.505
1437.000 0.540
1438.000 0.570
1439.000 0.585
1440.000 0.597
1441.000 0.605
1442.000 0.591
1443.000 0.539
1444.000 0.527
1445.000 0.522
1446.000 0.515
1447.000 0.530
1448.000 0.528
1449.000 0.520
1450.000 0.494
1451.000 0.484
1452.000 0.479
1453.000 0.473
1454.000 0.472
1455.000 0.473
1456.000 0.478
1457.000 0.478
1458.000 0.483
1459.000 0.484
1460.000 0.479
1461.000 0.476
1462.000 0.480
1463.000 0.475
1464.000 0.463
1465.000 0.460
1466.000 0.460
1467.000 0.459
1468.000 0.462
1469.000 0.467
1470.000 0.470
1471.000 0.475
1472.000 0.485
1473.000 0.489
1474.000 0.489
1475.000 0.495
1476.000 0.506
1477.000 0.507
1478.000 0.509
1479.000 0.504
1480.000 0.487
1481.000 0.478
1482.000 0.466
1483.000 0.464
1484.000 0.465
1485.000 0.468
1486.000 0.481
1487.000 0.484
1488.000 0.484
1489.000 0.486
1490.000 0.488
1491.000 0.487
1492.000 0.486
1493.000 0.485
1494.000 0.480
1495.000 0.479
1496.000 0.480
1497.000 0.482
1498.000 0.488
1499.000 0.491
1500.000 0.491
1501.000 0.491
1502.000 0.490
1503.000 0.491
1504.000 0.496
1505.000 0.501
1506.000 0.501
1507.000 0.500
1508.000 0.498
1509.000 0.493
1510.000 0.493
1511.000 0.495
1512.000 0.497
1513.000 0.501
1514.000 0.503
1515.000 0.502
1516.000 0.503
1517.000 0.502
1518.000 0.503
1519.000 0.508
1520.000 0.509
1521.000 0.510
1522.000 0.511
1523.000 0.509
1524.000 0.510
1525.000 0.509
1526.000 0.510
1527.000 0.513
1528.000 0.515
1529.000 0.517
1530.000 0.519
1531.000 0.518
1532.000 0.518
1533.000 0.516
1534.000 0.516
1535.000 0.515
1536.000 0.516
1537.000 0.520
1538.000 0.523
1539.000 0.529
1540.000 0.532
1541.000 0.534
1542.000 0.535
1543.000 0.533
1544.000 0.533
1545.000 0.534
1546.000 0.533
1547.000 0.532
1548.000 0.532
1549.000 0.530
1550.000 0.530
1551.000 0.532
1552.000 0.533
1553.000 0.535
1554.000 0.537
1555.000 0.537
1556.000 0.538
1557.000 0.540
1558.000 0.542
1559.000 0.544
1560.000 0.545
1561.000 0.546
1562.000 0.547
1563.000 0.546
1564.000 0.546
1565.000 0.545
1566.000 0.545
1567.000 0.547
1568.000 0.549
1569.000 0.550
1570.000 0.551
1571.000 0.550
1572.000 0.549
1573.000 0.548
1574.000 0.548
1575.000 0.547
1576.000 0.547
1577.000 0.548
1578.000 0.548
1579.000 0.550
1580.000 0.552
1581.000 0.554
1582.000 0.556
1583.000 0.560
1584.000 0.562
1585.000 0.563
1586.000 0.563
1587.000 0.562
1588.000 0.561
1589.000 0.560
1590.000 0.560
1591.000 0.560
1592.000 0.554
1593.000 0.556
1594.000 0.556
1595.000 0.557
1596.000 0.557
1597.000 0.563
1598.000 0.564
1599.000 0.558
1600.000 0.560
1601.000 0.563
1602.000 0.564
1603.000 0.565
1604.000 0.565
1605.000 0.566
1606.000 0.565
1607.000 0.563
1608.000 0.562
1609.000 0.562
1610.000 0.563
1611.000 0.565
1612.000 0.567
1613.000 0.567
1614.000 0.568
1615.000 0.569
1616.000 0.570
1617.000 0.570
1618.000 0.570
1619.000 0.571
1620.000 0.572
1621.000 0.571
1622.000 0.570
1623.000 0.568
1624.000 0.566
1625.000 0.566
1626.000 0.566
1627.000 0.569
1628.000 0.571
1629.000 0.573
1630.000 0.574
1631.000 0.573
1632.000 0.573
1633.000 0.572
1634.000 0.572
1635.000 0.574
1636.000 0.574
1637.000 0.574
1638.000 0.575
1639.000 0.575
1640.000 0.575
1641.000 0.578
1642.000 0.580
1643.000 0.580
1644.000 0.580
1645.000 0.579
1646.000 0.578
1647.000 0.579
1648.000 0.580
1649.000 0.581
1650.000 0.580
1651.000 0.579
1652.000 0.579
1653.000 0.577
1654.000 0.578
1655.000 0.580
1656.000 0.581
1657.000 0.581
1658.000 0.580
1659.000 0.580
1660.000 0.580
1661.000 0.582
1662.000 0.583
1663.000 0.583
1664.000 0.583
1665.000 0.582
1666.000 0.582
1667.000 0.582
1668.000 0.581
1669.000 0.581
1670.000 0.581
1671.000 0.582
1672.000 0.584
1673.000 0.584
1674.000 0.584
1675.000 0.584
1676.000 0.584
1677.000 0.585
1678.000 0.585
1679.000 0.585
1680.000 0.586
1681.000 0.587
1682.000 0.587
1683.000 0.586
1684.000 0.585
1685.000 0.585
1686.000 0.585
1687.000 0.586
1688.000 0.586
1689.000 0.585
1690.000 0.585
1691.000 0.587
1692.000 0.588
1693.000 0.591
1694.000 0.592
1695.000 0.592
1696.000 0.591
1697.000 0.589
1698.000 0.589
1699.000 0.588
1700.000 0.589
1701.000 0.590
1702.000 0.589
1703.000 0.587
1704.000 0.586
1705.000 0.584
1706.000 0.585
1707.000 0.590
1708.000 0.590
1709.000 0.589
1710.000 0.589
1711.000 0.587
1712.000 0.589
1713.000 0.592
1714.000 0.591
1715.000 0.590
1716.000 0.588
1717.000 0.587
1718.000 0.588
1719.000 0.590
1720.000 0.591
1721.000 0.591
1722.000 0.591
1723.000 0.587
1724.000 0.583
1725.000 0.579
1726.000 0.579
1727.000 0.582
1728.000 0.586
1729.000 0.591
1730.000 0.593
1731.000 0.591
1732.000 0.590
1733.000 0.589
1734.000 0.592
1735.000 0.594
1736.000 0.591
1737.000 0.590
1738.000 0.587
1739.000 0.585
1740.000 0.585
1741.000 0.585
1742.000 0.585
1743.000 0.585
1744.000 0.586
1745.000 0.586
1746.000 0.586
1747.000 0.585
1748.000 0.587
1749.000 0.586
1750.000 0.580
1751.000 0.577
1752.000 0.573
1753.000 0.571
1754.000 0.573
1755.000 0.574
1756.000 0.575
1757.000 0.573
1758.000 0.569
1759.000 0.569
1760.000 0.568
1761.000 0.564
1762.000 0.568
1763.000 0.566
1764.000 0.564
1765.000 0.569
1766.000 0.567
1767.000 0.566
1768.000 0.563
1769.000 0.560
1770.000 0.561
1771.000 0.563
1772.000 0.566
1773.000 0.563
1774.000 0.559
1775.000 0.559
1776.000 0.560
1777.000 0.567
1778.000 0.572
1779.000 0.576
1780.000 0.576
1781.000 0.578
1782.000 0.584
1783.000 0.578
1784.000 0.569
1785.000 0.560
1786.000 0.556
1787.000 0.556
1788.000 0.556
1789.000 0.561
1790.000 0.558
1791.000 0.555
1792.000 0.566
1793.000 0.558
1794.000 0.559
1795.000 0.564
1796.000 0.569
1797.000 0.585
1798.000 0.606
1799.000 0.616
1800.000 0.621
1801.000 0.539
1802.000 0.545
1803.000 0.576
1804.000 0.587
1805.000 0.586
1806.000 0.540
1807.000 0.522
1808.000 0.550
1809.000 0.534
1810.000 0.526
1811.000 0.548
1812.000 0.490
1813.000 0.513
1814.000 0.519
1815.000 0.476
1816.000 0.491
1817.000 0.565
1818.000 0.598
1819.000 0.744
1820.000 0.785
1821.000 0.713
1822.000 0.728
1823.000 0.702
1824.000 0.680
1825.000 0.685
1826.000 0.526
1827.000 0.433
1828.000 0.410
1829.000 0.591
1830.000 0.564
1831.000 0.559
1832.000 0.393
1833.000 0.672
1834.000 0.702
1835.000 0.599
1836.000 0.491
1837.000 0.651
1838.000 0.695
1839.000 0.504
1840.000 0.485
1841.000 0.466
1842.000 0.487
1843.000 0.534
1844.000 0.564
1845.000 0.563
1846.000 0.517
1847.000 0.475
1848.000 0.556
1849.000 0.571
1850.000 0.508
1851.000 0.431
1852.000 0.476
1853.000 0.573
1854.000 0.525
1855.000 0.367
1856.000 0.363
1857.000 0.395
1858.000 0.439
1859.000 0.486
1860.000 0.631
1861.000 0.627
1862.000 0.663
1863.000 0.651
1864.000 0.532
1865.000 0.532
1866.000 0.523
1867.000 0.537
1868.000 0.635
1869.000 0.613
1870.000 0.481
1871.000 0.474
1872.000 0.465
1873.000 0.416
1874.000 0.445
1875.000 0.528
1876.000 0.413
1877.000 0.442
1878.000 0.570
1879.000 0.715
1880.000 0.653
1881.000 0.661
1882.000 0.599
1883.000 0.643
1884.000 0.596
1885.000 0.544
1886.000 0.535
1887.000 0.531
1888.000 0.575
1889.000 0.562
1890.000 0.603
1891.000 0.431
1892.000 0.491
1893.000 0.611
1894.000 0.660
1895.000 0.615
1896.000 0.573
1897.000 0.581
1898.000 0.538
1899.000 0.522
1900.000 0.472
1901.000 0.365
1902.000 0.311
1903.000 0.312
1904.000 0.376
1905.000 0.589
1906.000 0.585
1907.000 0.600
1908.000 0.281
1909.000 0.311
1910.000 0.310
1911.000 0.347
1912.000 0.397
1913.000 0.382
1914.000 0.529
1915.000 0.613
1916.000 0.594
1917.000 0.409
1918.000 0.579
1919.000 0.414
1920.000 0.468
1921.000 0.622
1922.000 0.595
1923.000 0.577
1924.000 0.580
1925.000 0.607
1926.000 0.454
1927.000 0.366
1928.000 0.400
1929.000 0.583
1930.000 0.559
1931.000 0.396
1932.000 0.357
1933.000 0.486
1934.000 0.435
1935.000 0.385
1936.000 0.422
1937.000 0.385
1938.000 0.358
1939.000 0.382
1940.000 0.561
1941.000 0.587
1942.000 0.424
1943.000 0.468
1944.000 0.449
1945.000 0.380
1946.000 0.261
1947.000 0.353
1948.000 0.484
1949.000 0.499
1950.000 0.583
1951.000 0.576
1952.000 0.585
1953.000 0.617
1954.000 0.614
1955.000 0.683
1956.000 0.756
1957.000 0.604
1958.000 0.578
1959.000 0.506
1960.000 0.520
1961.000 0.516
1962.000 0.472
1963.000 0.364
1964.000 0.347
1965.000 0.394
1966.000 0.383
1967.000 0.413
1968.000 0.478
1969.000 0.443
1970.000 0.450
1971.000 0.470
1972.000 0.468
1973.000 0.476
1974.000 0.457
1975.000 0.421
1976.000 0.341
1977.000 0.326
1978.000 0.335
1979.000 0.328
1980.000 0.352
1981.000 0.359
1982.000 0.386
1983.000 0.423
1984.000 0.411
1985.000 0.419
1986.000 0.416
1987.000 0.386
1988.000 0.378
1989.000 0.381
1990.000 0.379
1991.000 0.378
1992.000 0.369
1993.000 0.372
1994.000 0.374
1995.000 0.397
1996.000 0.450
1997.000 0.488
1998.000 0.499
1999.000 0.518
2000.000 0.517
2001.000 0.527
2002.000 0.526
2003.000 0.503
2004.000 0.484
2005.000 0.457
2006.000 0.398
2007.000 0.443
2008.000 0.488
2009.000 0.512
2010.000 0.525
2011.000 0.586
2012.000 0.548
2013.000 0.508
2014.000 0.503
2015.000 0.445
2016.000 0.413
2017.000 0.392
2018.000 0.387
2019.000 0.407
2020.000 0.429
2021.000 0.414
2022.000 0.405
2023.000 0.414
2024.000 0.414
2025.000 0.444
2026.000 0.460
2027.000 0.467
2028.000 0.461
2029.000 0.463
2030.000 0.459
2031.000 0.466
2032.000 0.491
2033.000 0.490
2034.000 0.480
2035.000 0.482
2036.000 0.454
2037.000 0.429
2038.000 0.426
2039.000 0.415
2040.000 0.427
2041.000 0.449
2042.000 0.448
2043.000 0.439
2044.000 0.434
2045.000 0.417
2046.000 0.411
2047.000 0.417
2048.000 0.416
2049.000 0.409
2050.000 0.404
2051.000 0.409
2052.000 0.401
2053.000 0.415
2054.000 0.452
2055.000 0.488
2056.000 0.508
2057.000 0.506
2058.000 0.465
2059.000 0.455
2060.000 0.440
2061.000 0.440
2062.000 0.472
2063.000 0.474
2064.000 0.452
2065.000 0.442
2066.000 0.420
2067.000 0.428
2068.000 0.424
2069.000 0.438
2070.000 0.464
2071.000 0.467
2072.000 0.472
2073.000 0.482
2074.000 0.486
2075.000 0.482
2076.000 0.480
2077.000 0.475
2078.000 0.476
2079.000 0.476
2080.000 0.476
2081.000 0.475
2082.000 0.479
2083.000 0.489
2084.000 0.493
2085.000 0.502
2086.000 0.488
2087.000 0.485
2088.000 0.487
2089.000 0.480
2090.000 0.468
2091.000 0.463
2092.000 0.451
2093.000 0.448
2094.000 0.449
2095.000 0.455
2096.000 0.470
2097.000 0.479
2098.000 0.490
2099.000 0.502
2100.000 0.504
2101.000 0.506
2102.000 0.505
2103.000 0.495
2104.000 0.483
2105.000 0.458
2106.000 0.453
2107.000 0.454
2108.000 0.457
2109.000 0.478
2110.000 0.484
2111.000 0.486
2112.000 0.481
2113.000 0.462
2114.000 0.455
2115.000 0.447
2116.000 0.441
2117.000 0.444
2118.000 0.443
2119.000 0.444
2120.000 0.446
2121.000 0.451
2122.000 0.458
2123.000 0.466
2124.000 0.479
2125.000 0.483
2126.000 0.486
2127.000 0.490
2128.000 0.480
2129.000 0.479
2130.000 0.487
2131.000 0.489
2132.000 0.483
2133.000 0.480
2134.000 0.479
2135.000 0.474
2136.000 0.472
2137.000 0.468
2138.000 0.480
2139.000 0.483
2140.000 0.480
2141.000 0.486
2142.000 0.485
2143.000 0.476
2144.000 0.476
2145.000 0.470
2146.000 0.477
2147.000 0.501
2148.000 0.511
2149.000 0.522
2150.000 0.529
2151.000 0.525
2152.000 0.518
2153.000 0.505
2154.000 0.498
2155.000 0.487
2156.000 0.474
2157.000 0.470
2158.000 0.477
2159.000 0.480
2160.000 0.473
2161.000 0.476
2162.000 0.480
2163.000 0.483
2164.000 0.493
2165.000 0.501
2166.000 0.509
2167.000 0.500
2168.000 0.508
2169.000 0.515
2170.000 0.513
2171.000 0.517
2172.000 0.529
2173.000 0.526
2174.000 0.522
2175.000 0.519
2176.000 0.519
2177.000 0.514
2178.000 0.514
2179.000 0.519
2180.000 0.517
2181.000 0.514
2182.000 0.519
2183.000 0.508
2184.000 0.504
2185.000 0.505
2186.000 0.509
2187.000 0.492
2188.000 0.490
2189.000 0.493
2190.000 0.492
2191.000 0.494
2192.000 0.495
2193.000 0.495
2194.000 0.495
2195.000 0.490
2196.000 0.491
2197.000 0.489
2198.000 0.493
2199.000 0.496
2200.000 0.509
2201.000 0.532
2202.000 0.541
2203.000 0.537
2204.000 0.550
2205.000 0.540
2206.000 0.526
2207.000 0.525
2208.000 0.521
2209.000 0.514
2210.000 0.506
2211.000 0.504
2212.000 0.507
2213.000 0.504
2214.000 0.505
2215.000 0.502
2216.000 0.488
2217.000 0.489
2218.000 0.510
2219.000 0.511
2220.000 0.502
2221.000 0.501
2222.000 0.490
2223.000 0.486
2224.000 0.490
2225.000 0.495
2226.000 0.499
2227.000 0.507
2228.000 0.499
2229.000 0.514
2230.000 0.528
2231.000 0.522
2232.000 0.542
2233.000 0.556
2234.000 0.545
2235.000 0.540
2236.000 0.533
2237.000 0.530
2238.000 0.522
2239.000 0.519
2240.000 0.509
2241.000 0.488
2242.000 0.476
2243.000 0.464
2244.000 0.465
2245.000 0.479
2246.000 0.482
2247.000 0.485
2248.000 0.493
2249.000 0.500
2250.000 0.492
2251.000 0.504
2252.000 0.501
2253.000 0.484
2254.000 0.472
2255.000 0.467
2256.000 0.462
2257.000 0.453
2258.000 0.455
2259.000 0.461
2260.000 0.462
2261.000 0.470
2262.000 0.488
2263.000 0.513
2264.000 0.530
2265.000 0.526
2266.000 0.529
2267.000 0.518
2268.000 0.493
2269.000 0.482
2270.000 0.473
2271.000 0.476
2272.000 0.476
2273.000 0.486
2274.000 0.520
2275.000 0.524
2276.000 0.516
2277.000 0.504
2278.000 0.483
2279.000 0.469
2280.000 0.454
2281.000 0.455
2282.000 0.471
2283.000 0.489
2284.000 0.517
2285.000 0.525
2286.000 0.532
2287.000 0.515
2288.000 0.489
2289.000 0.464
2290.000 0.416
2291.000 0.414
2292.000 0.408
2293.000 0.423
2294.000 0.448
2295.000 0.466
2296.000 0.460
2297.000 0.458
2298.000 0.468
2299.000 0.473
2300.000 0.454
2301.000 0.423
2302.000 0.419
2303.000 0.405
2304.000 0.440
2305.000 0.482
2306.000 0.502
2307.000 0.564
2308.000 0.570
2309.000 0.504
2310.000 0.540
2311.000 0.513
2312.000 0.507
2313.000 0.491
2314.000 0.463
2315.000 0.473
2316.000 0.487
2317.000 0.505
2318.000 0.494
2319.000 0.457
2320.000 0.447
2321.000 0.442
2322.000 0.473
2323.000 0.486
2324.000 0.487
2325.000 0.509
2326.000 0.476
2327.000 0.433
2328.000 0.428
2329.000 0.474
2330.000 0.480
2331.000 0.534
2332.000 0.537
2333.000 0.473
2334.000 0.452
2335.000 0.449
2336.000 0.442
2337.000 0.481
2338.000 0.498
2339.000 0.470
2340.000 0.446
2341.000 0.408
2342.000 0.378
2343.000 0.385
2344.000 0.381
2345.000 0.422
2346.000 0.419
2347.000 0.359
2348.000 0.379
2349.000 0.398
2350.000 0.431
2351.000 0.484
2352.000 0.445
2353.000 0.414
2354.000 0.436
2355.000 0.455
2356.000 0.500
2357.000 0.520
2358.000 0.542
2359.000 0.505
2360.000 0.469
2361.000 0.435
2362.000 0.428
2363.000 0.395
2364.000 0.371
2365.000 0.330
2366.000 0.323
2367.000 0.318
2368.000 0.328
2369.000 0.381
2370.000 0.408
2371.000 0.357
2372.000 0.341
2373.000 0.317
2374.000 0.337
2375.000 0.387
2376.000 0.448
2377.000 0.389
2378.000 0.339
2379.000 0.324
2380.000 0.332
2381.000 0.415
2382.000 0.537
2383.000 0.538
2384.000 0.456
2385.000 0.532
2386.000 0.431
2387.000 0.370
2388.000 0.320
2389.000 0.280
2390.000 0.273
2391.000 0.253
2392.000 0.253
2393.000 0.198
2394.000 0.297
2395.000 0.332
2396.000 0.436
2397.000 0.530
2398.000 0.563
2399.000 0.616
2400.000 0.538
2401.000 0.530
2402.000 0.560
2403.000 0.497
2404.000 0.570
2405.000 0.511
2406.000 0.378
2407.000 0.335
2408.000 0.329
2409.000 0.306
2410.000 0.250
2411.000 0.308
2412.000 0.224
2413.000 0.193
2414.000 0.156
2415.000 0.155
2416.000 0.238
2417.000 0.311
2418.000 0.399
2419.000 0.361
2420.000 0.311
2421.000 0.366
2422.000 0.334
2423.000 0.443
2424.000 0.509
2425.000 0.404
2426.000 0.376
2427.000 0.634
2428.000 0.670
2429.000 0.400
2430.000 0.365
2431.000 0.677
2432.000 0.494
2433.000 0.197
2434.000 0.159
2435.000 0.177
2436.000 0.252
2437.000 0.305
2438.000 0.296
2439.000 0.296
2440.000 0.297
2441.000 0.374
2442.000 0.256
2443.000 0.071
2444.000 0.368
2445.000 0.477
2446.000 0.447
2447.000 0.414
2448.000 0.308
2449.000 0.269
2450.000 0.554
2451.000 0.443
2452.000 0.319
2453.000 0.188
2454.000 0.302
2455.000 0.322
2456.000 0.369
2457.000 0.485
2458.000 0.516
2459.000 0.405
2460.000 0.616
2461.000 0.624
2462.000 0.540
2463.000 0.511
2464.000 0.421
2465.000 0.266
2466.000 0.420
2467.000 0.618
2468.000 0.544
2469.000 0.358
2470.000 0.326
2471.000 0.456
2472.000 0.523
2473.000 0.501
2474.000 0.655
2475.000 0.666
2476.000 0.673
2477.000 0.738
2478.000 0.726
2479.000 0.710
2480.000 0.363
2481.000 0.321
2482.000 0.332
2483.000 0.422
2484.000 0.526
2485.000 0.434
2486.000 0.302
2487.000 0.444
2488.000 0.474
2489.000 0.385
2490.000 0.662
2491.000 0.595
2492.000 0.573
2493.000 0.359
2494.000 0.253
2495.000 0.483
2496.000 0.493
2497.000 0.196
2498.000 0.303
2499.000 0.418
2500.000 0.254
