391.000 0.032
392.000 0.034
393.000 0.038
394.000 0.050
395.000 0.039
396.000 0.033
397.000 0.037
398.000 0.036
399.000 0.038
400.000 0.044
401.000 0.050
402.000 0.047
403.000 0.048
404.000 0.047
405.000 0.042
406.000 0.046
407.000 0.047
408.000 0.043
409.000 0.047
410.000 0.050
411.000 0.052
412.000 0.052
413.000 0.049
414.000 0.047
415.000 0.049
416.000 0.052
417.000 0.053
418.000 0.051
419.000 0.048
420.000 0.047
421.000 0.051
422.000 0.052
423.000 0.048
424.000 0.049
425.000 0.051
426.000 0.055
427.000 0.057
428.000 0.053
429.000 0.051
430.000 0.052
431.000 0.051
432.000 0.051
433.000 0.050
434.000 0.049
435.000 0.055
436.000 0.054
437.000 0.052
438.000 0.054
439.000 0.053
440.000 0.051
441.000 0.050
442.000 0.051
443.000 0.053
444.000 0.053
445.000 0.054
446.000 0.054
447.000 0.053
448.000 0.053
449.000 0.052
450.000 0.051
451.000 0.052
452.000 0.055
453.000 0.056
454.000 0.054
455.000 0.054
456.000 0.058
457.000 0.053
458.000 0.054
459.000 0.057
460.000 0.054
461.000 0.055
462.000 0.055
463.000 0.053
464.000 0.055
465.000 0.056
466.000 0.056
467.000 0.056
468.000 0.054
469.000 0.055
470.000 0.057
471.000 0.057
472.000 0.056
473.000 0.054
474.000 0.053
475.000 0.053
476.000 0.055
477.000 0.056
478.000 0.054
479.000 0.053
480.000 0.054
481.000 0.055
482.000 0.054
483.000 0.055
484.000 0.054
485.000 0.055
486.000 0.056
487.000 0.059
488.000 0.060
489.000 0.061
490.000 0.058
491.000 0.057
492.000 0.056
493.000 0.056
494.000 0.056
495.000 0.056
496.000 0.054
497.000 0.055
498.000 0.056
499.000 0.059
500.000 0.061
501.000 0.060
502.000 0.059
503.000 0.059
504.000 0.059
505.000 0.062
506.000 0.065
507.000 0.065
508.000 0.065
509.000 0.065
510.000 0.067
511.000 0.069
512.000 0.069
513.000 0.070
514.000 0.071
515.000 0.071
516.000 0.074
517.000 0.076
518.000 0.077
519.000 0.079
520.000 0.082
521.000 0.085
522.000 0.087
523.000 0.090
524.000 0.093
525.000 0.095
526.000 0.097
527.000 0.100
528.000 0.103
529.000 0.106
530.000 0.107
531.000 0.109
532.000 0.112
533.000 0.113
534.000 0.115
535.000 0.116
536.000 0.117
537.000 0.118
538.000 0.119
539.000 0.119
540.000 0.118
541.000 0.120
542.000 0.121
543.000 0.120
544.000 0.121
545.000 0.122
546.000 0.122
547.000 0.122
548.000 0.122
549.000 0.122
550.000 0.122
551.000 0.121
552.000 0.121
553.000 0.121
554.000 0.121
555.000 0.121
556.000 0.122
557.000 0.122
558.000 0.121
559.000 0.120
560.000 0.120
561.000 0.118
562.000 0.117
563.000 0.116
564.000 0.114
565.000 0.110
566.000 0.109
567.000 0.108
568.000 0.106
569.000 0.104
570.000 0.103
571.000 0.102
572.000 0.099
573.000 0.097
574.000 0.096
575.000 0.096
576.000 0.093
577.000 0.093
578.000 0.092
579.000 0.089
580.000 0.088
581.000 0.090
582.000 0.091
583.000 0.090
584.000 0.088
585.000 0.088
586.000 0.087
587.000 0.085
588.000 0.083
589.000 0.083
590.000 0.083
591.000 0.082
592.000 0.082
593.000 0.083
594.000 0.082
595.000 0.082
596.000 0.081
597.000 0.080
598.000 0.082
599.000 0.081
600.000 0.081
601.000 0.081
602.000 0.080
603.000 0.079
604.000 0.080
605.000 0.078
606.000 0.080
607.000 0.079
608.000 0.078
609.000 0.077
610.000 0.077
611.000 0.077
612.000 0.077
613.000 0.077
614.000 0.075
615.000 0.073
616.000 0.073
617.000 0.074
618.000 0.076
619.000 0.077
620.000 0.076
621.000 0.075
622.000 0.075
623.000 0.074
624.000 0.073
625.000 0.073
626.000 0.075
627.000 0.074
628.000 0.073
629.000 0.074
630.000 0.073
631.000 0.074
632.000 0.074
633.000 0.073
634.000 0.076
635.000 0.076
636.000 0.073
637.000 0.069
638.000 0.070
639.000 0.071
640.000 0.072
641.000 0.071
642.000 0.070
643.000 0.068
644.000 0.066
645.000 0.069
646.000 0.070
647.000 0.069
648.000 0.069
649.000 0.069
650.000 0.069
651.000 0.068
652.000 0.068
653.000 0.068
654.000 0.069
655.000 0.071
656.000 0.073
657.000 0.070
658.000 0.068
659.000 0.069
660.000 0.067
661.000 0.067
662.000 0.070
663.000 0.069
664.000 0.071
665.000 0.071
666.000 0.069
667.000 0.073
668.000 0.074
669.000 0.073
670.000 0.073
671.000 0.071
672.000 0.071
673.000 0.074
674.000 0.076
675.000 0.079
676.000 0.078
677.000 0.077
678.000 0.078
679.000 0.081
680.000 0.083
681.000 0.085
682.000 0.082
683.000 0.081
684.000 0.085
685.000 0.088
686.000 0.089
687.000 0.090
688.000 0.095
689.000 0.094
690.000 0.096
691.000 0.098
692.000 0.097
693.000 0.100
694.000 0.105
695.000 0.112
696.000 0.116
697.000 0.123
698.000 0.131
699.000 0.140
700.000 0.147
701.000 0.155
702.000 0.164
703.000 0.174
704.000 0.184
705.000 0.193
706.000 0.202
707.000 0.212
708.000 0.223
709.000 0.234
710.000 0.245
711.000 0.255
712.000 0.266
713.000 0.276
714.000 0.287
715.000 0.298
716.000 0.309
717.000 0.321
718.000 0.334
719.000 0.347
720.000 0.360
721.000 0.372
722.000 0.382
723.000 0.393
724.000 0.406
725.000 0.419
726.000 0.431
727.000 0.442
728.000 0.453
729.000 0.464
730.000 0.475
731.000 0.485
732.000 0.496
733.000 0.505
734.000 0.514
735.000 0.523
736.000 0.531
737.000 0.540
738.000 0.548
739.000 0.555
740.000 0.562
741.000 0.569
742.000 0.575
743.000 0.581
744.000 0.587
745.000 0.592
746.000 0.597
747.000 0.601
748.000 0.606
749.000 0.610
750.000 0.613
751.000 0.616
752.000 0.619
753.000 0.622
754.000 0.625
755.000 0.628
756.000 0.630
757.000 0.632
758.000 0.634
759.000 0.634
760.000 0.636
761.000 0.640
762.000 0.642
763.000 0.642
764.000 0.643
765.000 0.644
766.000 0.644
767.000 0.645
768.000 0.645
769.000 0.646
770.000 0.647
771.000 0.648
772.000 0.649
773.000 0.649
774.000 0.650
775.000 0.650
776.000 0.651
777.000 0.652
778.000 0.652
779.000 0.653
780.000 0.653
781.000 0.654
782.000 0.655
783.000 0.655
784.000 0.656
785.000 0.656
786.000 0.657
787.000 0.657
788.000 0.657
789.000 0.658
790.000 0.659
791.000 0.660
792.000 0.660
793.000 0.660
794.000 0.661
795.000 0.661
796.000 0.662
797.000 0.663
798.000 0.663
799.000 0.664
800.000 0.665
801.000 0.665
802.000 0.666
803.000 0.666
804.000 0.667
805.000 0.667
806.000 0.668
807.000 0.668
808.000 0.669
809.000 0.669
810.000 0.669
811.000 0.670
812.000 0.671
813.000 0.671
814.000 0.672
815.000 0.673
816.000 0.673
817.000 0.674
818.000 0.675
819.000 0.675
820.000 0.675
821.000 0.676
822.000 0.677
823.000 0.677
824.000 0.677
825.000 0.677
826.000 0.677
827.000 0.678
828.000 0.679
829.000 0.679
830.000 0.680
831.000 0.680
832.000 0.681
833.000 0.681
834.000 0.681
835.000 0.681
836.000 0.682
837.000 0.682
838.000 0.682
839.000 0.683
840.000 0.683
841.000 0.684
842.000 0.684
843.000 0.684
844.000 0.684
845.000 0.685
846.000 0.685
847.000 0.685
848.000 0.686
849.000 0.686
850.000 0.686
851.000 0.687
852.000 0.687
853.000 0.687
854.000 0.688
855.000 0.689
856.000 0.689
857.000 0.689
858.000 0.689
859.000 0.689
860.000 0.690
861.000 0.690
862.000 0.690
863.000 0.691
864.000 0.691
865.000 0.691
866.000 0.692
867.000 0.692
868.000 0.692
869.000 0.692
870.000 0.693
871.000 0.693
872.000 0.693
873.000 0.694
874.000 0.694
875.000 0.695
876.000 0.695
877.000 0.696
878.000 0.695
879.000 0.695
880.000 0.696
881.000 0.696
882.000 0.698
883.000 0.698
884.000 0.697
885.000 0.698
886.000 0.699
887.000 0.699
888.000 0.700
889.000 0.700
890.000 0.700
891.000 0.701
892.000 0.702
893.000 0.702
894.000 0.702
895.000 0.703
896.000 0.704
897.000 0.704
898.000 0.705
899.000 0.706
900.000 0.706
901.000 0.707
902.000 0.707
903.000 0.707
904.000 0.707
905.000 0.707
906.000 0.708
907.000 0.708
908.000 0.709
909.000 0.709
910.000 0.709
911.000 0.710
912.000 0.709
913.000 0.710
914.000 0.710
915.000 0.711
916.000 0.713
917.000 0.713
918.000 0.712
919.000 0.712
920.000 0.712
921.000 0.712
922.000 0.712
923.000 0.713
924.000 0.713
925.000 0.713
926.000 0.712
927.000 0.712
928.000 0.712
929.000 0.714
930.000 0.715
931.000 0.714
932.000 0.712
933.000 0.714
934.000 0.714
935.000 0.712
936.000 0.714
937.000 0.713
938.000 0.711
939.000 0.708
940.000 0.708
941.000 0.710
942.000 0.711
943.000 0.713
944.000 0.714
945.000 0.712
946.000 0.711
947.000 0.712
948.000 0.710
949.000 0.709
950.000 0.709
951.000 0.708
952.000 0.708
953.000 0.704
954.000 0.702
955.000 0.705
956.000 0.706
957.000 0.704
958.000 0.702
959.000 0.704
960.000 0.701
961.000 0.699
962.000 0.698
963.000 0.696
964.000 0.698
965.000 0.699
966.000 0.699
967.000 0.699
968.000 0.699
969.000 0.698
970.000 0.698
971.000 0.698
972.000 0.696
973.000 0.696
974.000 0.699
975.000 0.701
976.000 0.698
977.000 0.698
978.000 0.698
979.000 0.698
980.000 0.698
981.000 0.699
982.000 0.701
983.000 0.701
984.000 0.700
985.000 0.701
986.000 0.700
987.000 0.698
988.000 0.698
989.000 0.700
990.000 0.703
991.000 0.703
992.000 0.701
993.000 0.701
994.000 0.702
995.000 0.702
996.000 0.704
997.000 0.704
998.000 0.701
999.000 0.702
1000.000 0.707
1001.000 0.715
1002.000 0.716
1003.000 0.717
1004.000 0.718
1005.000 0.717
1006.000 0.718
1007.000 0.719
1008.000 0.718
1009.000 0.718
1010.000 0.719
1011.000 0.719
1012.000 0.720
1013.000 0.720
1014.000 0.722
1015.000 0.723
1016.000 0.723
1017.000 0.724
1018.000 0.724
1019.000 0.725
1020.000 0.726
1021.000 0.727
1022.000 0.728
1023.000 0.729
1024.000 0.730
1025.000 0.730
1026.000 0.730
1027.000 0.731
1028.000 0.732
1029.000 0.731
1030.000 0.731
1031.000 0.730
1032.000 0.730
1033.000 0.730
1034.000 0.730
1035.000 0.731
1036.000 0.733
1037.000 0.734
1038.000 0.736
1039.000 0.738
1040.000 0.738
1041.000 0.738
1042.000 0.737
1043.000 0.737
1044.000 0.737
1045.000 0.737
1046.000 0.737
1047.000 0.738
1048.000 0.738
1049.000 0.738
1050.000 0.737
1051.000 0.738
1052.000 0.739
1053.000 0.739
1054.000 0.741
1055.000 0.742
1056.000 0.742
1057.000 0.741
1058.000 0.740
1059.000 0.741
1060.000 0.741
1061.000 0.742
1062.000 0.743
1063.000 0.743
1064.000 0.741
1065.000 0.742
1066.000 0.744
1067.000 0.743
1068.000 0.744
1069.000 0.744
1070.000 0.743
1071.000 0.743
1072.000 0.743
1073.000 0.742
1074.000 0.743
1075.000 0.743
1076.000 0.744
1077.000 0.744
1078.000 0.744
1079.000 0.744
1080.000 0.743
1081.000 0.743
1082.000 0.743
1083.000 0.742
1084.000 0.743
1085.000 0.743
1086.000 0.743
1087.000 0.745
1088.000 0.745
1089.000 0.745
1090.000 0.745
1091.000 0.745
1092.000 0.745
1093.000 0.745
1094.000 0.746
1095.000 0.745
1096.000 0.746
1097.000 0.745
1098.000 0.744
1099.000 0.744
1100.000 0.744
1101.000 0.745
1102.000 0.745
1103.000 0.746
1104.000 0.746
1105.000 0.746
1106.000 0.746
1107.000 0.746
1108.000 0.746
1109.000 0.747
1110.000 0.746
1111.000 0.745
1112.000 0.744
1113.000 0.742
1114.000 0.741
1115.000 0.742
1116.000 0.743
1117.000 0.745
1118.000 0.746
1119.000 0.747
1120.000 0.746
1121.000 0.747
1122.000 0.747
1123.000 0.747
1124.000 0.748
1125.000 0.747
1126.000 0.743
1127.000 0.740
1128.000 0.734
1129.000 0.731
1130.000 0.730
1131.000 0.728
1132.000 0.729
1133.000 0.729
1134.000 0.730
1135.000 0.731
1136.000 0.730
1137.000 0.730
1138.000 0.730
1139.000 0.728
1140.000 0.726
1141.000 0.723
1142.000 0.720
1143.000 0.718
1144.000 0.716
1145.000 0.717
1146.000 0.715
1147.000 0.712
1148.000 0.710
1149.000 0.709
1150.000 0.705
1151.000 0.704
1152.000 0.703
1153.000 0.698
1154.000 0.696
1155.000 0.694
1156.000 0.693
1157.000 0.692
1158.000 0.691
1159.000 0.691
1160.000 0.689
1161.000 0.689
1162.000 0.690
1163.000 0.691
1164.000 0.692
1165.000 0.693
1166.000 0.694
1167.000 0.694
1168.000 0.694
1169.000 0.694
1170.000 0.693
1171.000 0.692
1172.000 0.693
1173.000 0.692
1174.000 0.692
1175.000 0.693
1176.000 0.693
1177.000 0.691
1178.000 0.690
1179.000 0.690
1180.000 0.689
1181.000 0.690
1182.000 0.690
1183.000 0.691
1184.000 0.692
1185.000 0.693
1186.000 0.693
1187.000 0.693
1188.000 0.693
1189.000 0.692
1190.000 0.692
1191.000 0.693
1192.000 0.694
1193.000 0.694
1194.000 0.694
1195.000 0.693
1196.000 0.692
1197.000 0.692
1198.000 0.691
1199.000 0.691
1200.000 0.691
1201.000 0.692
1202.000 0.693
1203.000 0.693
1204.000 0.692
1205.000 0.693
1206.000 0.694
1207.000 0.694
1208.000 0.695
1209.000 0.696
1210.000 0.695
1211.000 0.695
1212.000 0.695
1213.000 0.696
1214.000 0.696
1215.000 0.696
1216.000 0.695
1217.000 0.695
1218.000 0.695
1219.000 0.695
1220.000 0.696
1221.000 0.697
1222.000 0.697
1223.000 0.697
1224.000 0.697
1225.000 0.697
1226.000 0.697
1227.000 0.699
1228.000 0.699
1229.000 0.699
1230.000 0.699
1231.000 0.698
1232.000 0.697
1233.000 0.697
1234.000 0.698
1235.000 0.698
1236.000 0.699
1237.000 0.700
1238.000 0.700
1239.000 0.701
1240.000 0.702
1241.000 0.702
1242.000 0.703
1243.000 0.704
1244.000 0.705
1245.000 0.705
1246.000 0.707
1247.000 0.707
1248.000 0.706
1249.000 0.705
1250.000 0.704
1251.000 0.704
1252.000 0.704
1253.000 0.706
1254.000 0.706
1255.000 0.707
1256.000 0.708
1257.000 0.709
1258.000 0.709
1259.000 0.708
1260.000 0.709
1261.000 0.708
1262.000 0.709
1263.000 0.710
1264.000 0.711
1265.000 0.711
1266.000 0.711
1267.000 0.710
1268.000 0.710
1269.000 0.709
1270.000 0.709
1271.000 0.709
1272.000 0.710
1273.000 0.710
1274.000 0.710
1275.000 0.711
1276.000 0.711
1277.000 0.712
1278.000 0.714
1279.000 0.714
1280.000 0.713
1281.000 0.713
1282.000 0.713
1283.000 0.713
1284.000 0.715
1285.000 0.715
1286.000 0.714
1287.000 0.714
1288.000 0.713
1289.000 0.712
1290.000 0.711
1291.000 0.711
1292.000 0.711
1293.000 0.710
1294.000 0.710
1295.000 0.710
1296.000 0.710
1297.000 0.710
1298.000 0.709
1299.000 0.708
1300.000 0.709
1301.000 0.710
1302.000 0.709
1303.000 0.709
1304.000 0.708
1305.000 0.705
1306.000 0.703
1307.000 0.700
1308.000 0.699
1309.000 0.698
1310.000 0.697
1311.000 0.697
1312.000 0.697
1313.000 0.697
1314.000 0.695
1315.000 0.692
1316.000 0.690
1317.000 0.689
1318.000 0.687
1319.000 0.685
1320.000 0.684
1321.000 0.683
1322.000 0.681
1323.000 0.680
1324.000 0.680
1325.000 0.679
1326.000 0.676
1327.000 0.674
1328.000 0.673
1329.000 0.671
1330.000 0.670
1331.000 0.669
1332.000 0.667
1333.000 0.665
1334.000 0.662
1335.000 0.659
1336.000 0.654
1337.000 0.652
1338.000 0.653
1339.000 0.651
1340.000 0.649
1341.000 0.647
1342.000 0.643
1343.000 0.640
1344.000 0.641
1345.000 0.641
1346.000 0.642
1347.000 0.643
1348.000 0.641
1349.000 0.633
1350.000 0.629
1351.000 0.623
1352.000 0.621
1353.000 0.631
1354.000 0.643
1355.000 0.687
1356.000 0.721
1357.000 0.683
1358.000 0.710
1359.000 0.594
1360.000 0.504
1361.000 0.482
1362.000 0.500
1363.000 0.447
1364.000 0.464
1365.000 0.482
1366.000 0.520
1367.000 0.542
1368.000 0.590
1369.000 0.641
1370.000 0.685
1371.000 0.376
1372.000 0.217
1373.000 0.311
1374.000 0.334
1375.000 0.510
1376.000 0.644
1377.000 0.361
1378.000 0.292
1379.000 0.573
1380.000 0.664
1381.000 0.664
1382.000 0.329
1383.000 0.615
1384.000 0.463
1385.000 0.459
1386.000 0.382
1387.000 0.589
1388.000 0.343
1389.000 0.126
1390.000 0.331
1391.000 0.498
1392.000 0.636
1393.000 0.359
1394.000 0.287
1395.000 0.421
1396.000 0.417
1397.000 0.447
1398.000 0.449
1399.000 0.442
1400.000 0.446
1401.000 0.454
1402.000 0.439
1403.000 0.428
1404.000 0.423
1405.000 0.451
1406.000 0.571
1407.000 0.533
1408.000 0.502
1409.000 0.537
1410.000 0.519
1411.000 0.603
1412.000 0.556
1413.000 0.579
1414.000 0.533
1415.000 0.299
1416.000 0.556
1417.000 0.439
1418.000 0.377
1419.000 0.336
1420.000 0.277
1421.000 0.316
1422.000 0.325
1423.000 0.350
1424.000 0.359
1425.000 0.358
1426.000 0.359
1427.000 0.365
1428.000 0.356
1429.000 0.320
1430.000 0.318
1431.000 0.336
1432.000 0.337
1433.000 0.352
1434.000 0.359
1435.000 0.336
1436.000 0.324
1437.000 0.335
1438.000 0.321
1439.000 0.283
1440.000 0.271
1441.000 0.265
1442.000 0.256
1443.000 0.253
1444.000 0.255
1445.000 0.262
1446.000 0.261
1447.000 0.267
1448.000 0.268
1449.000 0.259
1450.000 0.250
1451.000 0.241
1452.000 0.242
1453.000 0.243
1454.000 0.245
1455.000 0.249
1456.000 0.260
1457.000 0.267
1458.000 0.272
1459.000 0.275
1460.000 0.276
1461.000 0.278
1462.000 0.277
1463.000 0.277
1464.000 0.277
1465.000 0.277
1466.000 0.272
1467.000 0.272
1468.000 0.274
1469.000 0.275
1470.000 0.277
1471.000 0.278
1472.000 0.282
1473.000 0.280
1474.000 0.274
1475.000 0.271
1476.000 0.263
1477.000 0.264
1478.000 0.274
1479.000 0.278
1480.000 0.281
1481.000 0.282
1482.000 0.279
1483.000 0.279
1484.000 0.283
1485.000 0.283
1486.000 0.280
1487.000 0.281
1488.000 0.280
1489.000 0.282
1490.000 0.285
1491.000 0.287
1492.000 0.291
1493.000 0.292
1494.000 0.291
1495.000 0.291
1496.000 0.289
1497.000 0.290
1498.000 0.291
1499.000 0.293
1500.000 0.293
1501.000 0.294
1502.000 0.298
1503.000 0.302
1504.000 0.302
1505.000 0.304
1506.000 0.307
1507.000 0.311
1508.000 0.314
1509.000 0.321
1510.000 0.323
1511.000 0.321
1512.000 0.321
1513.000 0.320
1514.000 0.321
1515.000 0.323
1516.000 0.324
1517.000 0.326
1518.000 0.329
1519.000 0.335
1520.000 0.338
1521.000 0.340
1522.000 0.342
1523.000 0.341
1524.000 0.343
1525.000 0.347
1526.000 0.348
1527.000 0.349
1528.000 0.351
1529.000 0.353
1530.000 0.357
1531.000 0.362
1532.000 0.365
1533.000 0.367
1534.000 0.369
1535.000 0.370
1536.000 0.370
1537.000 0.369
1538.000 0.369
1539.000 0.370
1540.000 0.371
1541.000 0.373
1542.000 0.377
1543.000 0.381
1544.000 0.385
1545.000 0.388
1546.000 0.390
1547.000 0.391
1548.000 0.393
1549.000 0.395
1550.000 0.397
1551.000 0.399
1552.000 0.400
1553.000 0.400
1554.000 0.401
1555.000 0.403
1556.000 0.404
1557.000 0.407
1558.000 0.408
1559.000 0.407
1560.000 0.408
1561.000 0.408
1562.000 0.408
1563.000 0.408
1564.000 0.410
1565.000 0.413
1566.000 0.414
1567.000 0.417
1568.000 0.420
1569.000 0.421
1570.000 0.423
1571.000 0.425
1572.000 0.427
1573.000 0.429
1574.000 0.430
1575.000 0.432
1576.000 0.433
1577.000 0.434
1578.000 0.435
1579.000 0.436
1580.000 0.438
1581.000 0.441
1582.000 0.443
1583.000 0.443
1584.000 0.445
1585.000 0.446
1586.000 0.447
1587.000 0.451
1588.000 0.453
1589.000 0.452
1590.000 0.453
1591.000 0.454
1592.000 0.455
1593.000 0.457
1594.000 0.459
1595.000 0.459
1596.000 0.459
1597.000 0.459
1598.000 0.462
1599.000 0.466
1600.000 0.468
1601.000 0.473
1602.000 0.475
1603.000 0.473
1604.000 0.472
1605.000 0.473
1606.000 0.472
1607.000 0.473
1608.000 0.473
1609.000 0.471
1610.000 0.472
1611.000 0.474
1612.000 0.476
1613.000 0.479
1614.000 0.482
1615.000 0.485
1616.000 0.487
1617.000 0.486
1618.000 0.485
1619.000 0.484
1620.000 0.483
1621.000 0.485
1622.000 0.485
1623.000 0.485
1624.000 0.486
1625.000 0.488
1626.000 0.490
1627.000 0.492
1628.000 0.494
1629.000 0.494
1630.000 0.495
1631.000 0.495
1632.000 0.496
1633.000 0.498
1634.000 0.498
1635.000 0.499
1636.000 0.500
1637.000 0.497
1638.000 0.496
1639.000 0.497
1640.000 0.498
1641.000 0.500
1642.000 0.501
1643.000 0.502
1644.000 0.503
1645.000 0.503
1646.000 0.503
1647.000 0.503
1648.000 0.503
1649.000 0.508
1650.000 0.510
1651.000 0.510
1652.000 0.510
1653.000 0.508
1654.000 0.507
1655.000 0.507
1656.000 0.507
1657.000 0.507
1658.000 0.507
1659.000 0.507
1660.000 0.508
1661.000 0.511
1662.000 0.512
1663.000 0.513
1664.000 0.513
1665.000 0.507
1666.000 0.506
1667.000 0.505
1668.000 0.506
1669.000 0.511
1670.000 0.514
1671.000 0.516
1672.000 0.517
1673.000 0.515
1674.000 0.514
1675.000 0.513
1676.000 0.511
1677.000 0.508
1678.000 0.509
1679.000 0.512
1680.000 0.513
1681.000 0.518
1682.000 0.519
1683.000 0.516
1684.000 0.515
1685.000 0.514
1686.000 0.512
1687.000 0.510
1688.000 0.510
1689.000 0.510
1690.000 0.512
1691.000 0.517
1692.000 0.518
1693.000 0.516
1694.000 0.513
1695.000 0.507
1696.000 0.506
1697.000 0.511
1698.000 0.511
1699.000 0.513
1700.000 0.512
1701.000 0.508
1702.000 0.505
1703.000 0.504
1704.000 0.502
1705.000 0.501
1706.000 0.500
1707.000 0.504
1708.000 0.504
1709.000 0.502
1710.000 0.503
1711.000 0.502
1712.000 0.502
1713.000 0.503
1714.000 0.505
1715.000 0.506
1716.000 0.504
1717.000 0.504
1718.000 0.501
1719.000 0.498
1720.000 0.497
1721.000 0.496
1722.000 0.499
1723.000 0.499
1724.000 0.497
1725.000 0.493
1726.000 0.489
1727.000 0.485
1728.000 0.485
1729.000 0.484
1730.000 0.484
1731.000 0.484
1732.000 0.484
1733.000 0.485
1734.000 0.490
1735.000 0.492
1736.000 0.493
1737.000 0.491
1738.000 0.484
1739.000 0.480
1740.000 0.476
1741.000 0.473
1742.000 0.472
1743.000 0.472
1744.000 0.475
1745.000 0.476
1746.000 0.478
1747.000 0.478
1748.000 0.474
1749.000 0.473
1750.000 0.473
1751.000 0.473
1752.000 0.477
1753.000 0.477
1754.000 0.476
1755.000 0.474
1756.000 0.467
1757.000 0.465
1758.000 0.468
1759.000 0.468
1760.000 0.470
1761.000 0.467
1762.000 0.457
1763.000 0.449
1764.000 0.445
1765.000 0.447
1766.000 0.450
1767.000 0.451
1768.000 0.452
1769.000 0.452
1770.000 0.452
1771.000 0.454
1772.000 0.457
1773.000 0.454
1774.000 0.454
1775.000 0.458
1776.000 0.456
1777.000 0.458
1778.000 0.462
1779.000 0.459
1780.000 0.462
1781.000 0.460
1782.000 0.456
1783.000 0.456
1784.000 0.450
1785.000 0.462
1786.000 0.465
1787.000 0.462
1788.000 0.464
1789.000 0.462
1790.000 0.462
1791.000 0.471
1792.000 0.470
1793.000 0.472
1794.000 0.462
1795.000 0.450
1796.000 0.447
1797.000 0.436
1798.000 0.421
1799.000 0.420
1800.000 0.415
1801.000 0.628
1802.000 0.665
1803.000 0.620
1804.000 0.587
1805.000 0.588
1806.000 0.560
1807.000 0.545
1808.000 0.595
1809.000 0.608
1810.000 0.616
1811.000 0.576
1812.000 0.490
1813.000 0.423
1814.000 0.414
1815.000 0.438
1816.000 0.443
1817.000 0.555
1818.000 0.555
1819.000 0.456
1820.000 0.415
1821.000 0.368
1822.000 0.354
1823.000 0.391
1824.000 0.418
1825.000 0.366
1826.000 0.516
1827.000 0.627
1828.000 0.536
1829.000 0.511
1830.000 0.396
1831.000 0.496
1832.000 0.501
1833.000 0.718
1834.000 0.669
1835.000 0.642
1836.000 0.617
1837.000 0.667
1838.000 0.634
1839.000 0.548
1840.000 0.406
1841.000 0.417
1842.000 0.414
1843.000 0.526
1844.000 0.596
1845.000 0.660
1846.000 0.138
1847.000 0.298
1848.000 0.431
1849.000 0.611
1850.000 0.757
1851.000 0.503
1852.000 0.819
1853.000 0.736
1854.000 0.647
1855.000 0.596
1856.000 0.588
1857.000 0.932
1858.000 0.498
1859.000 0.416
1860.000 0.315
1861.000 0.215
1862.000 0.144
1863.000 0.532
1864.000 0.626
1865.000 0.681
1866.000 0.490
1867.000 0.398
1868.000 0.444
1869.000 0.476
1870.000 0.675
1871.000 0.637
1872.000 0.620
1873.000 0.302
1874.000 0.309
1875.000 0.602
1876.000 0.751
1877.000 0.589
1878.000 0.643
1879.000 0.642
1880.000 0.632
1881.000 0.537
1882.000 0.483
1883.000 0.531
1884.000 0.430
1885.000 0.353
1886.000 0.313
1887.000 0.345
1888.000 0.424
1889.000 0.483
1890.000 0.496
1891.000 0.568
1892.000 0.613
1893.000 0.635
1894.000 0.524
1895.000 0.514
1896.000 0.450
1897.000 0.407
1898.000 0.487
1899.000 0.415
1900.000 0.398
1901.000 0.342
1902.000 0.264
1903.000 0.241
1904.000 0.199
1905.000 0.152
1906.000 0.112
1907.000 0.441
1908.000 0.763
1909.000 0.273
1910.000 0.099
1911.000 0.460
1912.000 0.580
1913.000 0.482
1914.000 0.558
1915.000 0.443
1916.000 0.363
1917.000 0.358
1918.000 0.469
1919.000 0.188
1920.000 0.542
1921.000 0.611
1922.000 0.424
1923.000 0.425
1924.000 0.295
1925.000 0.470
1926.000 0.468
1927.000 0.457
1928.000 0.464
1929.000 0.437
1930.000 0.455
1931.000 0.457
1932.000 0.682
1933.000 0.465
1934.000 0.432
1935.000 0.684
1936.000 0.595
1937.000 0.538
1938.000 0.635
1939.000 0.649
1940.000 0.507
1941.000 0.611
1942.000 0.653
1943.000 0.555
1944.000 0.352
1945.000 0.615
1946.000 0.602
1947.000 0.764
1948.000 0.702
1949.000 0.555
1950.000 0.321
1951.000 0.292
1952.000 0.281
1953.000 0.371
1954.000 0.274
1955.000 0.520
1956.000 0.417
1957.000 0.513
1958.000 0.473
1959.000 0.473
1960.000 0.446
1961.000 0.322
1962.000 0.280
1963.000 0.260
1964.000 0.258
1965.000 0.263
1966.000 0.284
1967.000 0.308
1968.000 0.376
1969.000 0.375
1970.000 0.307
1971.000 0.260
1972.000 0.203
1973.000 0.181
1974.000 0.151
1975.000 0.150
1976.000 0.193
1977.000 0.212
1978.000 0.258
1979.000 0.289
1980.000 0.314
1981.000 0.281
1982.000 0.221
1983.000 0.194
1984.000 0.180
1985.000 0.173
1986.000 0.176
1987.000 0.207
1988.000 0.203
1989.000 0.191
1990.000 0.190
1991.000 0.188
1992.000 0.187
1993.000 0.191
1994.000 0.197
1995.000 0.196
1996.000 0.201
1997.000 0.224
1998.000 0.255
1999.000 0.293
2000.000 0.353
2001.000 0.376
2002.000 0.389
2003.000 0.373
2004.000 0.308
2005.000 0.275
2006.000 0.246
2007.000 0.243
2008.000 0.266
2009.000 0.249
2010.000 0.233
2011.000 0.218
2012.000 0.174
2013.000 0.178
2014.000 0.184
2015.000 0.219
2016.000 0.214
2017.000 0.170
2018.000 0.172
2019.000 0.182
2020.000 0.194
2021.000 0.230
2022.000 0.251
2023.000 0.253
2024.000 0.256
2025.000 0.238
2026.000 0.253
2027.000 0.255
2028.000 0.246
2029.000 0.242
2030.000 0.246
2031.000 0.241
2032.000 0.234
2033.000 0.237
2034.000 0.249
2035.000 0.250
2036.000 0.258
2037.000 0.258
2038.000 0.243
2039.000 0.229
2040.000 0.215
2041.000 0.196
2042.000 0.187
2043.000 0.178
2044.000 0.183
2045.000 0.208
2046.000 0.221
2047.000 0.244
2048.000 0.254
2049.000 0.253
2050.000 0.244
2051.000 0.257
2052.000 0.264
2053.000 0.278
2054.000 0.282
2055.000 0.255
2056.000 0.241
2057.000 0.237
2058.000 0.235
2059.000 0.233
2060.000 0.245
2061.000 0.251
2062.000 0.249
2063.000 0.254
2064.000 0.264
2065.000 0.272
2066.000 0.290
2067.000 0.283
2068.000 0.300
2069.000 0.308
2070.000 0.286
2071.000 0.271
2072.000 0.263
2073.000 0.253
2074.000 0.240
2075.000 0.225
2076.000 0.225
2077.000 0.219
2078.000 0.218
2079.000 0.236
2080.000 0.243
2081.000 0.244
2082.000 0.245
2083.000 0.241
2084.000 0.234
2085.000 0.235
2086.000 0.242
2087.000 0.252
2088.000 0.278
2089.000 0.286
2090.000 0.292
2091.000 0.288
2092.000 0.265
2093.000 0.263
2094.000 0.273
2095.000 0.272
2096.000 0.282
2097.000 0.284
2098.000 0.275
2099.000 0.258
2100.000 0.257
2101.000 0.259
2102.000 0.261
2103.000 0.271
2104.000 0.265
2105.000 0.244
2106.000 0.246
2107.000 0.244
2108.000 0.256
2109.000 0.303
2110.000 0.324
2111.000 0.343
2112.000 0.349
2113.000 0.346
2114.000 0.332
2115.000 0.292
2116.000 0.280
2117.000 0.276
2118.000 0.261
2119.000 0.268
2120.000 0.283
2121.000 0.281
2122.000 0.272
2123.000 0.264
2124.000 0.249
2125.000 0.242
2126.000 0.234
2127.000 0.234
2128.000 0.241
2129.000 0.245
2130.000 0.253
2131.000 0.260
2132.000 0.269
2133.000 0.273
2134.000 0.270
2135.000 0.275
2136.000 0.279
2137.000 0.284
2138.000 0.298
2139.000 0.328
2140.000 0.352
2141.000 0.355
2142.000 0.352
2143.000 0.336
2144.000 0.323
2145.000 0.301
2146.000 0.288
2147.000 0.275
2148.000 0.272
2149.000 0.276
2150.000 0.281
2151.000 0.300
2152.000 0.309
2153.000 0.311
2154.000 0.315
2155.000 0.317
2156.000 0.312
2157.000 0.323
2158.000 0.338
2159.000 0.326
2160.000 0.323
2161.000 0.320
2162.000 0.304
2163.000 0.303
2164.000 0.316
2165.000 0.320
2166.000 0.329
2167.000 0.327
2168.000 0.314
2169.000 0.313
2170.000 0.314
2171.000 0.310
2172.000 0.312
2173.000 0.314
2174.000 0.305
2175.000 0.303
2176.000 0.313
2177.000 0.319
2178.000 0.319
2179.000 0.321
2180.000 0.310
2181.000 0.306
2182.000 0.299
2183.000 0.289
2184.000 0.289
2185.000 0.295
2186.000 0.295
2187.000 0.301
2188.000 0.306
2189.000 0.307
2190.000 0.310
2191.000 0.317
2192.000 0.321
2193.000 0.330
2194.000 0.329
2195.000 0.322
2196.000 0.318
2197.000 0.296
2198.000 0.295
2199.000 0.324
2200.000 0.330
2201.000 0.332
2202.000 0.339
2203.000 0.325
2204.000 0.308
2205.000 0.311
2206.000 0.313
2207.000 0.318
2208.000 0.339
2209.000 0.339
2210.000 0.332
2211.000 0.331
2212.000 0.318
2213.000 0.316
2214.000 0.326
2215.000 0.328
2216.000 0.325
2217.000 0.331
2218.000 0.342
2219.000 0.349
2220.000 0.362
2221.000 0.366
2222.000 0.358
2223.000 0.354
2224.000 0.349
2225.000 0.340
2226.000 0.333
2227.000 0.316
2228.000 0.297
2229.000 0.298
2230.000 0.297
2231.000 0.306
2232.000 0.323
2233.000 0.324
2234.000 0.334
2235.000 0.341
2236.000 0.346
2237.000 0.350
2238.000 0.349
2239.000 0.347
2240.000 0.340
2241.000 0.324
2242.000 0.311
2243.000 0.288
2244.000 0.285
2245.000 0.299
2246.000 0.301
2247.000 0.311
2248.000 0.312
2249.000 0.289
2250.000 0.288
2251.000 0.308
2252.000 0.310
2253.000 0.305
2254.000 0.303
2255.000 0.280
2256.000 0.274
2257.000 0.281
2258.000 0.285
2259.000 0.287
2260.000 0.294
2261.000 0.294
2262.000 0.293
2263.000 0.289
2264.000 0.284
2265.000 0.282
2266.000 0.283
2267.000 0.277
2268.000 0.254
2269.000 0.236
2270.000 0.220
2271.000 0.220
2272.000 0.244
2273.000 0.255
2274.000 0.268
2275.000 0.277
2276.000 0.278
2277.000 0.284
2278.000 0.299
2279.000 0.294
2280.000 0.277
2281.000 0.269
2282.000 0.250
2283.000 0.252
2284.000 0.289
2285.000 0.301
2286.000 0.307
2287.000 0.305
2288.000 0.275
2289.000 0.271
2290.000 0.285
2291.000 0.293
2292.000 0.317
2293.000 0.316
2294.000 0.293
2295.000 0.292
2296.000 0.288
2297.000 0.289
2298.000 0.341
2299.000 0.327
2300.000 0.302
2301.000 0.299
2302.000 0.244
2303.000 0.244
2304.000 0.243
2305.000 0.234
2306.000 0.254
2307.000 0.248
2308.000 0.222
2309.000 0.201
2310.000 0.191
2311.000 0.205
2312.000 0.235
2313.000 0.268
2314.000 0.294
2315.000 0.279
2316.000 0.247
2317.000 0.233
2318.000 0.233
2319.000 0.219
2320.000 0.231
2321.000 0.271
2322.000 0.275
2323.000 0.280
2324.000 0.309
2325.000 0.287
2326.000 0.281
2327.000 0.284
2328.000 0.286
2329.000 0.272
2330.000 0.272
2331.000 0.277
2332.000 0.295
2333.000 0.336
2334.000 0.320
2335.000 0.293
2336.000 0.298
2337.000 0.260
2338.000 0.235
2339.000 0.280
2340.000 0.257
2341.000 0.208
2342.000 0.204
2343.000 0.203
2344.000 0.204
2345.000 0.211
2346.000 0.184
2347.000 0.188
2348.000 0.174
2349.000 0.165
2350.000 0.190
2351.000 0.181
2352.000 0.210
2353.000 0.279
2354.000 0.264
2355.000 0.193
2356.000 0.189
2357.000 0.190
2358.000 0.169
2359.000 0.198
2360.000 0.238
2361.000 0.190
2362.000 0.168
2363.000 0.155
2364.000 0.111
2365.000 0.093
2366.000 0.099
2367.000 0.136
2368.000 0.323
2369.000 0.645
2370.000 0.465
2371.000 0.439
2372.000 0.350
2373.000 0.364
2374.000 0.353
2375.000 0.269
2376.000 0.314
2377.000 0.300
2378.000 0.207
2379.000 0.169
2380.000 0.194
2381.000 0.281
2382.000 0.326
2383.000 0.220
2384.000 0.401
2385.000 0.719
2386.000 0.178
2387.000 0.277
2388.000 0.392
2389.000 0.448
2390.000 0.702
2391.000 0.539
2392.000 0.232
2393.000 0.186
2394.000 0.154
2395.000 0.142
2396.000 0.221
2397.000 0.266
2398.000 0.299
2399.000 0.294
2400.000 0.290
2401.000 0.328
2402.000 0.233
2403.000 0.249
2404.000 0.182
2405.000 0.190
2406.000 0.245
2407.000 0.416
2408.000 0.290
2409.000 0.455
2410.000 0.381
2411.000 0.230
2412.000 0.405
2413.000 0.356
2414.000 0.251
2415.000 0.206
2416.000 0.218
2417.000 0.323
2418.000 0.275
2419.000 0.488
2420.000 0.248
2421.000 0.135
2422.000 0.182
2423.000 0.245
2424.000 0.331
2425.000 0.328
2426.000 0.354
2427.000 0.308
2428.000 0.245
2429.000 0.334
2430.000 0.418
2431.000 0.315
2432.000 0.211
2433.000 0.285
2434.000 0.293
2435.000 0.588
2436.000 0.840
2437.000 0.501
2438.000 0.483
2439.000 0.331
2440.000 0.360
2441.000 0.415
2442.000 0.321
2443.000 0.200
2444.000 0.242
2445.000 0.224
2446.000 0.485
2447.000 0.466
2448.000 0.424
2449.000 0.550
2450.000 0.823
2451.000 0.749
2452.000 0.651
2453.000 0.540
2454.000 0.443
2455.000 0.179
2456.000 0.130
2457.000 0.212
2458.000 0.502
2459.000 0.485
2460.000 0.490
2461.000 0.339
2462.000 0.239
2463.000 0.700
2464.000 0.633
2465.000 0.503
2466.000 0.386
2467.000 0.110
2468.000 0.154
2469.000 0.283
2470.000 0.483
2471.000 0.599
2472.000 0.435
2473.000 0.489
2474.000 0.542
2475.000 0.514
2476.000 0.285
2477.000 0.258
2478.000 0.216
2479.000 0.172
2480.000 0.342
2481.000 0.419
2482.000 0.303
2483.000 0.471
2484.000 0.630
2485.000 0.718
2486.000 0.654
2487.000 0.632
2488.000 0.626
2489.000 0.323
2490.000 0.140
2491.000 0.558
2492.000 0.303
2493.000 0.467
2494.000 0.457
2495.000 0.467
2496.000 0.544
2497.000 0.632
2498.000 0.251
2499.000 0.454
2500.000 0.432
