391.000 0.133
392.000 0.133
393.000 0.149
394.000 0.153
395.000 0.145
396.000 0.144
397.000 0.151
398.000 0.148
399.000 0.143
400.000 0.144
401.000 0.151
402.000 0.145
403.000 0.146
404.000 0.147
405.000 0.141
406.000 0.142
407.000 0.142
408.000 0.138
409.000 0.142
410.000 0.143
411.000 0.145
412.000 0.148
413.000 0.145
414.000 0.147
415.000 0.150
416.000 0.147
417.000 0.150
418.000 0.152
419.000 0.152
420.000 0.151
421.000 0.149
422.000 0.150
423.000 0.152
424.000 0.149
425.000 0.148
426.000 0.149
427.000 0.148
428.000 0.149
429.000 0.149
430.000 0.150
431.000 0.153
432.000 0.152
433.000 0.151
434.000 0.154
435.000 0.153
436.000 0.151
437.000 0.150
438.000 0.152
439.000 0.152
440.000 0.154
441.000 0.157
442.000 0.156
443.000 0.152
444.000 0.151
445.000 0.152
446.000 0.152
447.000 0.153
448.000 0.153
449.000 0.154
450.000 0.154
451.000 0.154
452.000 0.156
453.000 0.157
454.000 0.157
455.000 0.156
456.000 0.157
457.000 0.152
458.000 0.154
459.000 0.157
460.000 0.155
461.000 0.156
462.000 0.157
463.000 0.157
464.000 0.157
465.000 0.159
466.000 0.159
467.000 0.160
468.000 0.162
469.000 0.163
470.000 0.162
471.000 0.163
472.000 0.162
473.000 0.161
474.000 0.161
475.000 0.163
476.000 0.164
477.000 0.165
478.000 0.165
479.000 0.163
480.000 0.164
481.000 0.168
482.000 0.166
483.000 0.164
484.000 0.165
485.000 0.168
486.000 0.168
487.000 0.170
488.000 0.172
489.000 0.173
490.000 0.170
491.000 0.168
492.000 0.171
493.000 0.174
494.000 0.172
495.000 0.171
496.000 0.174
497.000 0.178
498.000 0.174
499.000 0.172
500.000 0.180
501.000 0.179
502.000 0.182
503.000 0.187
504.000 0.188
505.000 0.188
506.000 0.189
507.000 0.192
508.000 0.195
509.000 0.197
510.000 0.200
511.000 0.202
512.000 0.205
513.000 0.209
514.000 0.213
515.000 0.215
516.000 0.219
517.000 0.223
518.000 0.225
519.000 0.231
520.000 0.235
521.000 0.238
522.000 0.244
523.000 0.249
524.000 0.252
525.000 0.255
526.000 0.260
527.000 0.263
528.000 0.268
529.000 0.273
530.000 0.276
531.000 0.277
532.000 0.280
533.000 0.284
534.000 0.285
535.000 0.287
536.000 0.289
537.000 0.290
538.000 0.290
539.000 0.292
540.000 0.294
541.000 0.295
542.000 0.296
543.000 0.296
544.000 0.297
545.000 0.298
546.000 0.300
547.000 0.301
548.000 0.301
549.000 0.301
550.000 0.302
551.000 0.302
552.000 0.303
553.000 0.303
554.000 0.302
555.000 0.303
556.000 0.302
557.000 0.302
558.000 0.302
559.000 0.302
560.000 0.300
561.000 0.299
562.000 0.300
563.000 0.299
564.000 0.297
565.000 0.295
566.000 0.292
567.000 0.290
568.000 0.290
569.000 0.287
570.000 0.284
571.000 0.283
572.000 0.283
573.000 0.280
574.000 0.279
575.000 0.278
576.000 0.277
577.000 0.277
578.000 0.274
579.000 0.271
580.000 0.270
581.000 0.270
582.000 0.271
583.000 0.270
584.000 0.268
585.000 0.267
586.000 0.267
587.000 0.265
588.000 0.265
589.000 0.265
590.000 0.263
591.000 0.263
592.000 0.263
593.000 0.264
594.000 0.264
595.000 0.261
596.000 0.259
597.000 0.258
598.000 0.261
599.000 0.262
600.000 0.262
601.000 0.260
602.000 0.259
603.000 0.260
604.000 0.261
605.000 0.261
606.000 0.261
607.000 0.261
608.000 0.259
609.000 0.259
610.000 0.259
611.000 0.257
612.000 0.256
613.000 0.257
614.000 0.258
615.000 0.259
616.000 0.258
617.000 0.257
618.000 0.255
619.000 0.255
620.000 0.257
621.000 0.257
622.000 0.257
623.000 0.258
624.000 0.257
625.000 0.257
626.000 0.259
627.000 0.261
628.000 0.262
629.000 0.262
630.000 0.260
631.000 0.263
632.000 0.263
633.000 0.261
634.000 0.260
635.000 0.262
636.000 0.263
637.000 0.260
638.000 0.261
639.000 0.261
640.000 0.261
641.000 0.263
642.000 0.260
643.000 0.257
644.000 0.258
645.000 0.259
646.000 0.258
647.000 0.259
648.000 0.261
649.000 0.258
650.000 0.260
651.000 0.264
652.000 0.260
653.000 0.261
654.000 0.262
655.000 0.261
656.000 0.262
657.000 0.264
658.000 0.266
659.000 0.267
660.000 0.266
661.000 0.266
662.000 0.268
663.000 0.266
664.000 0.268
665.000 0.272
666.000 0.270
667.000 0.272
668.000 0.273
669.000 0.273
670.000 0.275
671.000 0.275
672.000 0.276
673.000 0.278
674.000 0.279
675.000 0.279
676.000 0.282
677.000 0.285
678.000 0.289
679.000 0.292
680.000 0.292
681.000 0.292
682.000 0.295
683.000 0.298
684.000 0.300
685.000 0.301
686.000 0.303
687.000 0.306
688.000 0.313
689.000 0.312
690.000 0.312
691.000 0.314
692.000 0.315
693.000 0.322
694.000 0.330
695.000 0.334
696.000 0.340
697.000 0.348
698.000 0.358
699.000 0.366
700.000 0.373
701.000 0.381
702.000 0.390
703.000 0.398
704.000 0.405
705.000 0.411
706.000 0.418
707.000 0.425
708.000 0.432
709.000 0.438
710.000 0.443
711.000 0.450
712.000 0.455
713.000 0.461
714.000 0.467
715.000 0.473
716.000 0.477
717.000 0.481
718.000 0.486
719.000 0.490
720.000 0.496
721.000 0.500
722.000 0.505
723.000 0.509
724.000 0.512
725.000 0.516
726.000 0.519
727.000 0.523
728.000 0.526
729.000 0.529
730.000 0.532
731.000 0.534
732.000 0.537
733.000 0.539
734.000 0.541
735.000 0.543
736.000 0.531
737.000 0.533
738.000 0.535
739.000 0.536
740.000 0.538
741.000 0.540
742.000 0.541
743.000 0.543
744.000 0.544
745.000 0.545
746.000 0.541
747.000 0.543
748.000 0.544
749.000 0.545
750.000 0.546
751.000 0.546
752.000 0.546
753.000 0.547
754.000 0.547
755.000 0.548
756.000 0.548
757.000 0.549
758.000 0.549
759.000 0.559
760.000 0.557
761.000 0.556
762.000 0.555
763.000 0.555
764.000 0.556
765.000 0.558
766.000 0.560
767.000 0.562
768.000 0.563
769.000 0.564
770.000 0.564
771.000 0.565
772.000 0.566
773.000 0.566
774.000 0.567
775.000 0.568
776.000 0.568
777.000 0.568
778.000 0.569
779.000 0.570
780.000 0.570
781.000 0.571
782.000 0.571
783.000 0.571
784.000 0.572
785.000 0.572
786.000 0.573
787.000 0.573
788.000 0.574
789.000 0.574
790.000 0.575
791.000 0.574
792.000 0.576
793.000 0.577
794.000 0.577
795.000 0.578
796.000 0.578
797.000 0.578
798.000 0.579
799.000 0.579
800.000 0.580
801.000 0.581
802.000 0.581
803.000 0.583
804.000 0.583
805.000 0.583
806.000 0.584
807.000 0.585
808.000 0.586
809.000 0.586
810.000 0.586
811.000 0.586
812.000 0.586
813.000 0.586
814.000 0.586
815.000 0.586
816.000 0.586
817.000 0.587
818.000 0.587
819.000 0.589
820.000 0.589
821.000 0.590
822.000 0.591
823.000 0.592
824.000 0.592
825.000 0.593
826.000 0.593
827.000 0.594
828.000 0.594
829.000 0.595
830.000 0.596
831.000 0.597
832.000 0.598
833.000 0.598
834.000 0.599
835.000 0.599
836.000 0.600
837.000 0.601
838.000 0.602
839.000 0.603
840.000 0.604
841.000 0.605
842.000 0.605
843.000 0.605
844.000 0.606
845.000 0.606
846.000 0.607
847.000 0.607
848.000 0.608
849.000 0.608
850.000 0.610
851.000 0.610
852.000 0.610
853.000 0.611
854.000 0.611
855.000 0.612
856.000 0.613
857.000 0.613
858.000 0.613
859.000 0.614
860.000 0.614
861.000 0.615
862.000 0.615
863.000 0.615
864.000 0.616
865.000 0.617
866.000 0.617
867.000 0.618
868.000 0.619
869.000 0.619
870.000 0.619
871.000 0.619
872.000 0.620
873.000 0.620
874.000 0.622
875.000 0.622
876.000 0.623
877.000 0.622
878.000 0.622
879.000 0.623
880.000 0.624
881.000 0.625
882.000 0.625
883.000 0.626
884.000 0.626
885.000 0.627
886.000 0.628
887.000 0.628
888.000 0.628
889.000 0.628
890.000 0.629
891.000 0.629
892.000 0.629
893.000 0.629
894.000 0.629
895.000 0.629
896.000 0.629
897.000 0.629
898.000 0.629
899.000 0.629
900.000 0.629
901.000 0.631
902.000 0.631
903.000 0.632
904.000 0.623
905.000 0.632
906.000 0.632
907.000 0.632
908.000 0.633
909.000 0.634
910.000 0.634
911.000 0.634
912.000 0.634
913.000 0.626
914.000 0.635
915.000 0.635
916.000 0.636
917.000 0.628
918.000 0.629
919.000 0.630
920.000 0.630
921.000 0.631
922.000 0.631
923.000 0.630
924.000 0.632
925.000 0.632
926.000 0.631
927.000 0.631
928.000 0.630
929.000 0.637
930.000 0.636
931.000 0.637
932.000 0.637
933.000 0.637
934.000 0.635
935.000 0.633
936.000 0.630
937.000 0.630
938.000 0.630
939.000 0.629
940.000 0.634
941.000 0.635
942.000 0.633
943.000 0.632
944.000 0.638
945.000 0.636
946.000 0.634
947.000 0.629
948.000 0.641
949.000 0.631
950.000 0.630
951.000 0.641
952.000 0.631
953.000 0.641
954.000 0.643
955.000 0.636
956.000 0.637
957.000 0.639
958.000 0.638
959.000 0.636
960.000 0.635
961.000 0.640
962.000 0.644
963.000 0.643
964.000 0.641
965.000 0.644
966.000 0.644
967.000 0.643
968.000 0.648
969.000 0.649
970.000 0.649
971.000 0.649
972.000 0.651
973.000 0.649
974.000 0.649
975.000 0.653
976.000 0.656
977.000 0.653
978.000 0.652
979.000 0.654
980.000 0.652
981.000 0.652
982.000 0.655
983.000 0.656
984.000 0.656
985.000 0.658
986.000 0.657
987.000 0.656
988.000 0.659
989.000 0.660
990.000 0.661
991.000 0.662
992.000 0.662
993.000 0.662
994.000 0.661
995.000 0.661
996.000 0.662
997.000 0.661
998.000 0.661
999.000 0.663
1000.000 0.662
1001.000 0.667
1002.000 0.667
1003.000 0.667
1004.000 0.669
1005.000 0.669
1006.000 0.669
1007.000 0.670
1008.000 0.670
1009.000 0.671
1010.000 0.671
1011.000 0.671
1012.000 0.671
1013.000 0.671
1014.000 0.671
1015.000 0.671
1016.000 0.671
1017.000 0.672
1018.000 0.672
1019.000 0.674
1020.000 0.675
1021.000 0.676
1022.000 0.676
1023.000 0.676
1024.000 0.675
1025.000 0.673
1026.000 0.672
1027.000 0.679
1028.000 0.679
1029.000 0.672
1030.000 0.672
1031.000 0.673
1032.000 0.673
1033.000 0.673
1034.000 0.680
1035.000 0.678
1036.000 0.680
1037.000 0.680
1038.000 0.680
1039.000 0.675
1040.000 0.681
1041.000 0.680
1042.000 0.681
1043.000 0.681
1044.000 0.681
1045.000 0.681
1046.000 0.674
1047.000 0.674
1048.000 0.680
1049.000 0.680
1050.000 0.680
1051.000 0.680
1052.000 0.680
1053.000 0.680
1054.000 0.681
1055.000 0.682
1056.000 0.683
1057.000 0.677
1058.000 0.677
1059.000 0.677
1060.000 0.678
1061.000 0.678
1062.000 0.678
1063.000 0.678
1064.000 0.686
1065.000 0.679
1066.000 0.686
1067.000 0.685
1068.000 0.686
1069.000 0.685
1070.000 0.685
1071.000 0.685
1072.000 0.685
1073.000 0.685
1074.000 0.685
1075.000 0.686
1076.000 0.686
1077.000 0.685
1078.000 0.685
1079.000 0.686
1080.000 0.686
1081.000 0.687
1082.000 0.688
1083.000 0.689
1084.000 0.690
1085.000 0.691
1086.000 0.691
1087.000 0.690
1088.000 0.690
1089.000 0.690
1090.000 0.689
1091.000 0.689
1092.000 0.690
1093.000 0.690
1094.000 0.690
1095.000 0.691
1096.000 0.692
1097.000 0.692
1098.000 0.693
1099.000 0.693
1100.000 0.691
1101.000 0.691
1102.000 0.691
1103.000 0.690
1104.000 0.689
1105.000 0.689
1106.000 0.687
1107.000 0.687
1108.000 0.687
1109.000 0.686
1110.000 0.685
1111.000 0.685
1112.000 0.684
1113.000 0.684
1114.000 0.682
1115.000 0.682
1116.000 0.683
1117.000 0.684
1118.000 0.686
1119.000 0.686
1120.000 0.684
1121.000 0.683
1122.000 0.679
1123.000 0.678
1124.000 0.676
1125.000 0.678
1126.000 0.681
1127.000 0.685
1128.000 0.688
1129.000 0.689
1130.000 0.688
1131.000 0.689
1132.000 0.692
1133.000 0.688
1134.000 0.691
1135.000 0.693
1136.000 0.693
1137.000 0.692
1138.000 0.691
1139.000 0.692
1140.000 0.692
1141.000 0.691
1142.000 0.691
1143.000 0.691
1144.000 0.692
1145.000 0.692
1146.000 0.694
1147.000 0.697
1148.000 0.699
1149.000 0.702
1150.000 0.703
1151.000 0.705
1152.000 0.703
1153.000 0.704
1154.000 0.705
1155.000 0.706
1156.000 0.707
1157.000 0.708
1158.000 0.708
1159.000 0.709
1160.000 0.710
1161.000 0.710
1162.000 0.711
1163.000 0.712
1164.000 0.713
1165.000 0.713
1166.000 0.714
1167.000 0.715
1168.000 0.716
1169.000 0.716
1170.000 0.717
1171.000 0.718
1172.000 0.718
1173.000 0.718
1174.000 0.718
1175.000 0.719
1176.000 0.720
1177.000 0.721
1178.000 0.721
1179.000 0.720
1180.000 0.720
1181.000 0.721
1182.000 0.721
1183.000 0.724
1184.000 0.725
1185.000 0.725
1186.000 0.726
1187.000 0.725
1188.000 0.725
1189.000 0.727
1190.000 0.727
1191.000 0.729
1192.000 0.729
1193.000 0.730
1194.000 0.729
1195.000 0.730
1196.000 0.730
1197.000 0.731
1198.000 0.732
1199.000 0.733
1200.000 0.731
1201.000 0.732
1202.000 0.733
1203.000 0.733
1204.000 0.734
1205.000 0.734
1206.000 0.734
1207.000 0.735
1208.000 0.735
1209.000 0.736
1210.000 0.735
1211.000 0.735
1212.000 0.735
1213.000 0.736
1214.000 0.735
1215.000 0.735
1216.000 0.735
1217.000 0.735
1218.000 0.735
1219.000 0.737
1220.000 0.738
1221.000 0.738
1222.000 0.738
1223.000 0.738
1224.000 0.738
1225.000 0.737
1226.000 0.737
1227.000 0.737
1228.000 0.736
1229.000 0.738
1230.000 0.738
1231.000 0.738
1232.000 0.738
1233.000 0.738
1234.000 0.737
1235.000 0.737
1236.000 0.736
1237.000 0.736
1238.000 0.736
1239.000 0.737
1240.000 0.738
1241.000 0.738
1242.000 0.738
1243.000 0.737
1244.000 0.736
1245.000 0.735
1246.000 0.734
1247.000 0.734
1248.000 0.734
1249.000 0.735
1250.000 0.736
1251.000 0.737
1252.000 0.738
1253.000 0.738
1254.000 0.738
1255.000 0.736
1256.000 0.736
1257.000 0.737
1258.000 0.737
1259.000 0.738
1260.000 0.739
1261.000 0.738
1262.000 0.737
1263.000 0.736
1264.000 0.736
1265.000 0.738
1266.000 0.738
1267.000 0.737
1268.000 0.737
1269.000 0.737
1270.000 0.737
1271.000 0.739
1272.000 0.741
1273.000 0.742
1274.000 0.744
1275.000 0.745
1276.000 0.745
1277.000 0.745
1278.000 0.744
1279.000 0.745
1280.000 0.745
1281.000 0.746
1282.000 0.747
1283.000 0.747
1284.000 0.745
1285.000 0.745
1286.000 0.747
1287.000 0.747
1288.000 0.749
1289.000 0.745
1290.000 0.745
1291.000 0.745
1292.000 0.745
1293.000 0.745
1294.000 0.749
1295.000 0.750
1296.000 0.750
1297.000 0.751
1298.000 0.751
1299.000 0.752
1300.000 0.752
1301.000 0.751
1302.000 0.751
1303.000 0.751
1304.000 0.751
1305.000 0.752
1306.000 0.752
1307.000 0.751
1308.000 0.751
1309.000 0.751
1310.000 0.751
1311.000 0.750
1312.000 0.750
1313.000 0.752
1314.000 0.752
1315.000 0.751
1316.000 0.755
1317.000 0.755
1318.000 0.754
1319.000 0.753
1320.000 0.752
1321.000 0.751
1322.000 0.750
1323.000 0.750
1324.000 0.750
1325.000 0.750
1326.000 0.748
1327.000 0.747
1328.000 0.749
1329.000 0.748
1330.000 0.747
1331.000 0.746
1332.000 0.745
1333.000 0.744
1334.000 0.743
1335.000 0.742
1336.000 0.740
1337.000 0.739
1338.000 0.738
1339.000 0.736
1340.000 0.734
1341.000 0.732
1342.000 0.733
1343.000 0.731
1344.000 0.727
1345.000 0.724
1346.000 0.726
1347.000 0.720
1348.000 0.714
1349.000 0.711
1350.000 0.709
1351.000 0.706
1352.000 0.710
1353.000 0.727
1354.000 0.747
1355.000 0.767
1356.000 0.749
1357.000 0.748
1358.000 0.806
1359.000 0.723
1360.000 0.707
1361.000 0.697
1362.000 0.451
1363.000 0.556
1364.000 0.477
1365.000 0.338
1366.000 0.320
1367.000 0.292
1368.000 0.145
1369.000 0.193
1370.000 0.160
1371.000 0.284
1372.000 0.331
1373.000 0.386
1374.000 0.452
1375.000 0.269
1376.000 0.439
1377.000 0.518
1378.000 0.501
1379.000 0.369
1380.000 0.518
1381.000 0.561
1382.000 0.510
1383.000 0.544
1384.000 0.415
1385.000 0.256
1386.000 0.363
1387.000 0.357
1388.000 0.408
1389.000 0.268
1390.000 0.273
1391.000 0.322
1392.000 0.341
1393.000 0.264
1394.000 0.502
1395.000 0.584
1396.000 0.627
1397.000 0.492
1398.000 0.561
1399.000 0.559
1400.000 0.528
1401.000 0.267
1402.000 0.501
1403.000 0.486
1404.000 0.600
1405.000 0.444
1406.000 0.353
1407.000 0.429
1408.000 0.643
1409.000 0.720
1410.000 0.724
1411.000 0.644
1412.000 0.560
1413.000 0.674
1414.000 0.715
1415.000 0.769
1416.000 0.746
1417.000 0.765
1418.000 0.723
1419.000 0.667
1420.000 0.697
1421.000 0.646
1422.000 0.642
1423.000 0.560
1424.000 0.568
1425.000 0.597
1426.000 0.620
1427.000 0.704
1428.000 0.751
1429.000 0.745
1430.000 0.726
1431.000 0.697
1432.000 0.668
1433.000 0.611
1434.000 0.604
1435.000 0.602
1436.000 0.631
1437.000 0.713
1438.000 0.766
1439.000 0.790
1440.000 0.810
1441.000 0.793
1442.000 0.775
1443.000 0.686
1444.000 0.667
1445.000 0.676
1446.000 0.672
1447.000 0.704
1448.000 0.703
1449.000 0.686
1450.000 0.637
1451.000 0.619
1452.000 0.609
1453.000 0.604
1454.000 0.609
1455.000 0.615
1456.000 0.625
1457.000 0.626
1458.000 0.633
1459.000 0.637
1460.000 0.631
1461.000 0.628
1462.000 0.636
1463.000 0.625
1464.000 0.596
1465.000 0.588
1466.000 0.580
1467.000 0.581
1468.000 0.599
1469.000 0.609
1470.000 0.620
1471.000 0.629
1472.000 0.633
1473.000 0.639
1474.000 0.644
1475.000 0.654
1476.000 0.673
1477.000 0.674
1478.000 0.673
1479.000 0.664
1480.000 0.638
1481.000 0.625
1482.000 0.611
1483.000 0.606
1484.000 0.606
1485.000 0.610
1486.000 0.626
1487.000 0.630
1488.000 0.630
1489.000 0.633
1490.000 0.634
1491.000 0.632
1492.000 0.630
1493.000 0.628
1494.000 0.623
1495.000 0.621
1496.000 0.618
1497.000 0.621
1498.000 0.628
1499.000 0.633
1500.000 0.637
1501.000 0.639
1502.000 0.640
1503.000 0.641
1504.000 0.648
1505.000 0.651
1506.000 0.650
1507.000 0.648
1508.000 0.644
1509.000 0.635
1510.000 0.634
1511.000 0.636
1512.000 0.638
1513.000 0.646
1514.000 0.649
1515.000 0.648
1516.000 0.649
1517.000 0.647
1518.000 0.650
1519.000 0.657
1520.000 0.659
1521.000 0.661
1522.000 0.662
1523.000 0.658
1524.000 0.658
1525.000 0.659
1526.000 0.661
1527.000 0.665
1528.000 0.668
1529.000 0.671
1530.000 0.672
1531.000 0.671
1532.000 0.669
1533.000 0.663
1534.000 0.661
1535.000 0.658
1536.000 0.660
1537.000 0.668
1538.000 0.674
1539.000 0.685
1540.000 0.691
1541.000 0.693
1542.000 0.693
1543.000 0.688
1544.000 0.687
1545.000 0.688
1546.000 0.687
1547.000 0.686
1548.000 0.685
1549.000 0.682
1550.000 0.682
1551.000 0.686
1552.000 0.687
1553.000 0.690
1554.000 0.692
1555.000 0.691
1556.000 0.693
1557.000 0.695
1558.000 0.697
1559.000 0.699
1560.000 0.700
1561.000 0.700
1562.000 0.700
1563.000 0.700
1564.000 0.700
1565.000 0.698
1566.000 0.698
1567.000 0.702
1568.000 0.703
1569.000 0.706
1570.000 0.707
1571.000 0.703
1572.000 0.701
1573.000 0.699
1574.000 0.698
1575.000 0.696
1576.000 0.696
1577.000 0.698
1578.000 0.700
1579.000 0.705
1580.000 0.708
1581.000 0.709
1582.000 0.713
1583.000 0.718
1584.000 0.720
1585.000 0.721
1586.000 0.722
1587.000 0.719
1588.000 0.717
1589.000 0.716
1590.000 0.716
1591.000 0.718
1592.000 0.703
1593.000 0.707
1594.000 0.709
1595.000 0.708
1596.000 0.708
1597.000 0.719
1598.000 0.719
1599.000 0.707
1600.000 0.709
1601.000 0.714
1602.000 0.716
1603.000 0.716
1604.000 0.716
1605.000 0.716
1606.000 0.715
1607.000 0.712
1608.000 0.710
1609.000 0.710
1610.000 0.709
1611.000 0.711
1612.000 0.713
1613.000 0.715
1614.000 0.717
1615.000 0.721
1616.000 0.723
1617.000 0.722
1618.000 0.723
1619.000 0.723
1620.000 0.722
1621.000 0.720
1622.000 0.718
1623.000 0.714
1624.000 0.712
1625.000 0.712
1626.000 0.712
1627.000 0.717
1628.000 0.720
1629.000 0.724
1630.000 0.725
1631.000 0.722
1632.000 0.721
1633.000 0.719
1634.000 0.718
1635.000 0.721
1636.000 0.721
1637.000 0.723
1638.000 0.725
1639.000 0.726
1640.000 0.726
1641.000 0.731
1642.000 0.732
1643.000 0.730
1644.000 0.729
1645.000 0.728
1646.000 0.727
1647.000 0.731
1648.000 0.732
1649.000 0.733
1650.000 0.732
1651.000 0.728
1652.000 0.727
1653.000 0.723
1654.000 0.723
1655.000 0.728
1656.000 0.730
1657.000 0.732
1658.000 0.732
1659.000 0.729
1660.000 0.728
1661.000 0.730
1662.000 0.731
1663.000 0.733
1664.000 0.733
1665.000 0.731
1666.000 0.731
1667.000 0.732
1668.000 0.731
1669.000 0.730
1670.000 0.730
1671.000 0.730
1672.000 0.731
1673.000 0.736
1674.000 0.737
1675.000 0.736
1676.000 0.736
1677.000 0.733
1678.000 0.732
1679.000 0.732
1680.000 0.733
1681.000 0.737
1682.000 0.737
1683.000 0.736
1684.000 0.736
1685.000 0.735
1686.000 0.735
1687.000 0.737
1688.000 0.738
1689.000 0.735
1690.000 0.736
1691.000 0.740
1692.000 0.741
1693.000 0.744
1694.000 0.745
1695.000 0.742
1696.000 0.741
1697.000 0.738
1698.000 0.738
1699.000 0.738
1700.000 0.740
1701.000 0.743
1702.000 0.742
1703.000 0.736
1704.000 0.735
1705.000 0.731
1706.000 0.732
1707.000 0.740
1708.000 0.740
1709.000 0.737
1710.000 0.738
1711.000 0.737
1712.000 0.742
1713.000 0.748
1714.000 0.746
1715.000 0.744
1716.000 0.744
1717.000 0.745
1718.000 0.749
1719.000 0.754
1720.000 0.751
1721.000 0.748
1722.000 0.747
1723.000 0.741
1724.000 0.738
1725.000 0.734
1726.000 0.733
1727.000 0.737
1728.000 0.741
1729.000 0.750
1730.000 0.754
1731.000 0.750
1732.000 0.750
1733.000 0.749
1734.000 0.750
1735.000 0.752
1736.000 0.750
1737.000 0.747
1738.000 0.741
1739.000 0.739
1740.000 0.740
1741.000 0.740
1742.000 0.742
1743.000 0.742
1744.000 0.741
1745.000 0.741
1746.000 0.742
1747.000 0.742
1748.000 0.746
1749.000 0.744
1750.000 0.732
1751.000 0.728
1752.000 0.722
1753.000 0.719
1754.000 0.723
1755.000 0.726
1756.000 0.728
1757.000 0.727
1758.000 0.724
1759.000 0.722
1760.000 0.721
1761.000 0.714
1762.000 0.716
1763.000 0.713
1764.000 0.710
1765.000 0.716
1766.000 0.716
1767.000 0.713
1768.000 0.709
1769.000 0.705
1770.000 0.707
1771.000 0.715
1772.000 0.727
1773.000 0.723
1774.000 0.721
1775.000 0.715
1776.000 0.709
1777.000 0.722
1778.000 0.728
1779.000 0.733
1780.000 0.735
1781.000 0.733
1782.000 0.740
1783.000 0.729
1784.000 0.719
1785.000 0.712
1786.000 0.710
1787.000 0.716
1788.000 0.718
1789.000 0.723
1790.000 0.713
1791.000 0.696
1792.000 0.710
1793.000 0.695
1794.000 0.697
1795.000 0.704
1796.000 0.712
1797.000 0.745
1798.000 0.787
1799.000 0.810
1800.000 0.827
1801.000 0.674
1802.000 0.699
1803.000 0.752
1804.000 0.762
1805.000 0.763
1806.000 0.706
1807.000 0.684
1808.000 0.738
1809.000 0.715
1810.000 0.656
1811.000 0.727
1812.000 0.652
1813.000 0.656
1814.000 0.694
1815.000 0.629
1816.000 0.636
1817.000 0.714
1818.000 0.701
1819.000 0.766
1820.000 0.771
1821.000 0.737
1822.000 0.728
1823.000 0.767
1824.000 0.763
1825.000 0.782
1826.000 0.542
1827.000 0.442
1828.000 0.448
1829.000 0.626
1830.000 0.654
1831.000 0.695
1832.000 0.413
1833.000 0.866
1834.000 0.754
1835.000 0.547
1836.000 0.460
1837.000 0.644
1838.000 0.685
1839.000 0.503
1840.000 0.490
1841.000 0.543
1842.000 0.549
1843.000 0.571
1844.000 0.593
1845.000 0.538
1846.000 0.517
1847.000 0.519
1848.000 0.522
1849.000 0.598
1850.000 0.553
1851.000 0.515
1852.000 0.542
1853.000 0.614
1854.000 0.558
1855.000 0.405
1856.000 0.408
1857.000 0.405
1858.000 0.408
1859.000 0.402
1860.000 0.607
1861.000 0.653
1862.000 0.705
1863.000 0.777
1864.000 0.590
1865.000 0.574
1866.000 0.620
1867.000 0.556
1868.000 0.586
1869.000 0.517
1870.000 0.514
1871.000 0.548
1872.000 0.495
1873.000 0.399
1874.000 0.520
1875.000 0.635
1876.000 0.553
1877.000 0.506
1878.000 0.585
1879.000 0.725
1880.000 0.636
1881.000 0.612
1882.000 0.501
1883.000 0.639
1884.000 0.729
1885.000 0.595
1886.000 0.566
1887.000 0.587
1888.000 0.632
1889.000 0.498
1890.000 0.557
1891.000 0.367
1892.000 0.435
1893.000 0.435
1894.000 0.497
1895.000 0.475
1896.000 0.494
1897.000 0.602
1898.000 0.622
1899.000 0.581
1900.000 0.575
1901.000 0.388
1902.000 0.326
1903.000 0.295
1904.000 0.465
1905.000 0.607
1906.000 0.618
1907.000 0.624
1908.000 0.304
1909.000 0.364
1910.000 0.351
1911.000 0.408
1912.000 0.444
1913.000 0.550
1914.000 0.606
1915.000 0.654
1916.000 0.638
1917.000 0.557
1918.000 0.573
1919.000 0.473
1920.000 0.494
1921.000 0.563
1922.000 0.608
1923.000 0.572
1924.000 0.578
1925.000 0.598
1926.000 0.419
1927.000 0.377
1928.000 0.390
1929.000 0.678
1930.000 0.746
1931.000 0.529
1932.000 0.479
1933.000 0.613
1934.000 0.566
1935.000 0.549
1936.000 0.578
1937.000 0.567
1938.000 0.504
1939.000 0.430
1940.000 0.663
1941.000 0.522
1942.000 0.479
1943.000 0.452
1944.000 0.411
1945.000 0.462
1946.000 0.373
1947.000 0.531
1948.000 0.681
1949.000 0.747
1950.000 0.834
1951.000 0.802
1952.000 0.781
1953.000 0.762
1954.000 0.716
1955.000 0.676
1956.000 0.720
1957.000 0.554
1958.000 0.530
1959.000 0.501
1960.000 0.543
1961.000 0.584
1962.000 0.554
1963.000 0.435
1964.000 0.443
1965.000 0.549
1966.000 0.514
1967.000 0.568
1968.000 0.674
1969.000 0.606
1970.000 0.572
1971.000 0.608
1972.000 0.588
1973.000 0.590
1974.000 0.589
1975.000 0.544
1976.000 0.426
1977.000 0.409
1978.000 0.425
1979.000 0.416
1980.000 0.462
1981.000 0.459
1982.000 0.504
1983.000 0.553
1984.000 0.527
1985.000 0.535
1986.000 0.529
1987.000 0.495
1988.000 0.484
1989.000 0.489
1990.000 0.483
1991.000 0.471
1992.000 0.450
1993.000 0.448
1994.000 0.475
1995.000 0.536
1996.000 0.624
1997.000 0.715
1998.000 0.735
1999.000 0.758
2000.000 0.778
2001.000 0.795
2002.000 0.763
2003.000 0.705
2004.000 0.646
2005.000 0.590
2006.000 0.493
2007.000 0.527
2008.000 0.599
2009.000 0.627
2010.000 0.655
2011.000 0.735
2012.000 0.704
2013.000 0.647
2014.000 0.631
2015.000 0.541
2016.000 0.507
2017.000 0.496
2018.000 0.497
2019.000 0.527
2020.000 0.567
2021.000 0.559
2022.000 0.538
2023.000 0.535
2024.000 0.530
2025.000 0.570
2026.000 0.579
2027.000 0.590
2028.000 0.603
2029.000 0.611
2030.000 0.603
2031.000 0.613
2032.000 0.647
2033.000 0.641
2034.000 0.618
2035.000 0.615
2036.000 0.580
2037.000 0.546
2038.000 0.543
2039.000 0.537
2040.000 0.559
2041.000 0.591
2042.000 0.585
2043.000 0.563
2044.000 0.546
2045.000 0.501
2046.000 0.489
2047.000 0.502
2048.000 0.499
2049.000 0.489
2050.000 0.492
2051.000 0.500
2052.000 0.490
2053.000 0.523
2054.000 0.580
2055.000 0.642
2056.000 0.678
2057.000 0.674
2058.000 0.620
2059.000 0.601
2060.000 0.556
2061.000 0.553
2062.000 0.599
2063.000 0.599
2064.000 0.578
2065.000 0.563
2066.000 0.515
2067.000 0.527
2068.000 0.527
2069.000 0.550
2070.000 0.591
2071.000 0.595
2072.000 0.609
2073.000 0.627
2074.000 0.640
2075.000 0.651
2076.000 0.652
2077.000 0.633
2078.000 0.635
2079.000 0.647
2080.000 0.647
2081.000 0.638
2082.000 0.646
2083.000 0.663
2084.000 0.652
2085.000 0.670
2086.000 0.649
2087.000 0.641
2088.000 0.638
2089.000 0.626
2090.000 0.602
2091.000 0.596
2092.000 0.585
2093.000 0.582
2094.000 0.589
2095.000 0.598
2096.000 0.620
2097.000 0.633
2098.000 0.646
2099.000 0.659
2100.000 0.667
2101.000 0.661
2102.000 0.664
2103.000 0.664
2104.000 0.650
2105.000 0.619
2106.000 0.613
2107.000 0.602
2108.000 0.604
2109.000 0.633
2110.000 0.642
2111.000 0.651
2112.000 0.647
2113.000 0.624
2114.000 0.613
2115.000 0.596
2116.000 0.586
2117.000 0.588
2118.000 0.587
2119.000 0.589
2120.000 0.594
2121.000 0.603
2122.000 0.610
2123.000 0.622
2124.000 0.646
2125.000 0.651
2126.000 0.652
2127.000 0.656
2128.000 0.636
2129.000 0.637
2130.000 0.661
2131.000 0.669
2132.000 0.666
2133.000 0.657
2134.000 0.639
2135.000 0.622
2136.000 0.600
2137.000 0.583
2138.000 0.601
2139.000 0.610
2140.000 0.619
2141.000 0.647
2142.000 0.652
2143.000 0.641
2144.000 0.640
2145.000 0.618
2146.000 0.624
2147.000 0.659
2148.000 0.672
2149.000 0.688
2150.000 0.702
2151.000 0.710
2152.000 0.708
2153.000 0.699
2154.000 0.687
2155.000 0.657
2156.000 0.628
2157.000 0.615
2158.000 0.617
2159.000 0.620
2160.000 0.603
2161.000 0.606
2162.000 0.609
2163.000 0.615
2164.000 0.641
2165.000 0.659
2166.000 0.672
2167.000 0.657
2168.000 0.680
2169.000 0.703
2170.000 0.725
2171.000 0.741
2172.000 0.764
2173.000 0.754
2174.000 0.724
2175.000 0.706
2176.000 0.693
2177.000 0.681
2178.000 0.682
2179.000 0.696
2180.000 0.703
2181.000 0.700
2182.000 0.708
2183.000 0.692
2184.000 0.687
2185.000 0.690
2186.000 0.696
2187.000 0.660
2188.000 0.647
2189.000 0.638
2190.000 0.632
2191.000 0.630
2192.000 0.631
2193.000 0.642
2194.000 0.644
2195.000 0.637
2196.000 0.639
2197.000 0.634
2198.000 0.640
2199.000 0.635
2200.000 0.655
2201.000 0.690
2202.000 0.710
2203.000 0.702
2204.000 0.725
2205.000 0.711
2206.000 0.684
2207.000 0.690
2208.000 0.692
2209.000 0.685
2210.000 0.678
2211.000 0.667
2212.000 0.647
2213.000 0.639
2214.000 0.631
2215.000 0.630
2216.000 0.632
2217.000 0.637
2218.000 0.665
2219.000 0.666
2220.000 0.645
2221.000 0.642
2222.000 0.630
2223.000 0.627
2224.000 0.638
2225.000 0.646
2226.000 0.655
2227.000 0.662
2228.000 0.650
2229.000 0.669
2230.000 0.693
2231.000 0.688
2232.000 0.717
2233.000 0.739
2234.000 0.719
2235.000 0.706
2236.000 0.692
2237.000 0.682
2238.000 0.673
2239.000 0.679
2240.000 0.665
2241.000 0.630
2242.000 0.612
2243.000 0.588
2244.000 0.590
2245.000 0.621
2246.000 0.630
2247.000 0.632
2248.000 0.652
2249.000 0.679
2250.000 0.668
2251.000 0.694
2252.000 0.694
2253.000 0.668
2254.000 0.650
2255.000 0.649
2256.000 0.641
2257.000 0.614
2258.000 0.618
2259.000 0.614
2260.000 0.615
2261.000 0.629
2262.000 0.657
2263.000 0.699
2264.000 0.720
2265.000 0.715
2266.000 0.720
2267.000 0.717
2268.000 0.691
2269.000 0.677
2270.000 0.665
2271.000 0.650
2272.000 0.635
2273.000 0.643
2274.000 0.684
2275.000 0.681
2276.000 0.674
2277.000 0.646
2278.000 0.597
2279.000 0.581
2280.000 0.571
2281.000 0.586
2282.000 0.649
2283.000 0.693
2284.000 0.730
2285.000 0.748
2286.000 0.757
2287.000 0.726
2288.000 0.691
2289.000 0.656
2290.000 0.579
2291.000 0.593
2292.000 0.596
2293.000 0.633
2294.000 0.682
2295.000 0.710
2296.000 0.663
2297.000 0.638
2298.000 0.646
2299.000 0.642
2300.000 0.622
2301.000 0.573
2302.000 0.576
2303.000 0.564
2304.000 0.633
2305.000 0.695
2306.000 0.736
2307.000 0.838
2308.000 0.804
2309.000 0.685
2310.000 0.718
2311.000 0.679
2312.000 0.668
2313.000 0.679
2314.000 0.677
2315.000 0.699
2316.000 0.723
2317.000 0.762
2318.000 0.705
2319.000 0.607
2320.000 0.605
2321.000 0.600
2322.000 0.671
2323.000 0.734
2324.000 0.733
2325.000 0.751
2326.000 0.688
2327.000 0.643
2328.000 0.615
2329.000 0.674
2330.000 0.667
2331.000 0.711
2332.000 0.698
2333.000 0.618
2334.000 0.577
2335.000 0.578
2336.000 0.557
2337.000 0.582
2338.000 0.607
2339.000 0.605
2340.000 0.591
2341.000 0.546
2342.000 0.510
2343.000 0.486
2344.000 0.469
2345.000 0.530
2346.000 0.529
2347.000 0.444
2348.000 0.521
2349.000 0.607
2350.000 0.678
2351.000 0.740
2352.000 0.631
2353.000 0.565
2354.000 0.573
2355.000 0.565
2356.000 0.645
2357.000 0.624
2358.000 0.670
2359.000 0.637
2360.000 0.600
2361.000 0.551
2362.000 0.551
2363.000 0.491
2364.000 0.471
2365.000 0.420
2366.000 0.414
2367.000 0.422
2368.000 0.419
2369.000 0.488
2370.000 0.569
2371.000 0.468
2372.000 0.412
2373.000 0.339
2374.000 0.426
2375.000 0.547
2376.000 0.638
2377.000 0.527
2378.000 0.443
2379.000 0.415
2380.000 0.413
2381.000 0.530
2382.000 0.706
2383.000 0.675
2384.000 0.625
2385.000 0.801
2386.000 0.666
2387.000 0.544
2388.000 0.445
2389.000 0.383
2390.000 0.328
2391.000 0.279
2392.000 0.303
2393.000 0.200
2394.000 0.405
2395.000 0.461
2396.000 0.579
2397.000 0.588
2398.000 0.610
2399.000 0.612
2400.000 0.565
2401.000 0.544
2402.000 0.642
2403.000 0.600
2404.000 0.796
2405.000 0.702
2406.000 0.543
2407.000 0.455
2408.000 0.449
2409.000 0.435
2410.000 0.283
2411.000 0.325
2412.000 0.245
2413.000 0.198
2414.000 0.161
2415.000 0.194
2416.000 0.367
2417.000 0.457
2418.000 0.493
2419.000 0.428
2420.000 0.460
2421.000 0.484
2422.000 0.419
2423.000 0.535
2424.000 0.534
2425.000 0.577
2426.000 0.455
2427.000 0.582
2428.000 0.666
2429.000 0.571
2430.000 0.456
2431.000 0.625
2432.000 0.590
2433.000 0.369
2434.000 0.336
2435.000 0.270
2436.000 0.283
2437.000 0.375
2438.000 0.375
2439.000 0.410
2440.000 0.475
2441.000 0.554
2442.000 0.346
2443.000 0.068
2444.000 0.598
2445.000 0.661
2446.000 0.621
2447.000 0.572
2448.000 0.419
2449.000 0.333
2450.000 0.615
2451.000 0.444
2452.000 0.313
2453.000 0.219
2454.000 0.333
2455.000 0.409
2456.000 0.447
2457.000 0.498
2458.000 0.542
2459.000 0.455
2460.000 0.695
2461.000 0.636
2462.000 0.541
2463.000 0.558
2464.000 0.360
2465.000 0.175
2466.000 0.336
2467.000 0.619
2468.000 0.441
2469.000 0.445
2470.000 0.497
2471.000 0.513
2472.000 0.514
2473.000 0.588
2474.000 0.628
2475.000 0.560
2476.000 0.562
2477.000 0.655
2478.000 0.596
2479.000 0.548
2480.000 0.208
2481.000 0.188
2482.000 0.220
2483.000 0.339
2484.000 0.511
2485.000 0.484
2486.000 0.291
2487.000 0.483
2488.000 0.456
2489.000 0.381
2490.000 0.675
2491.000 0.617
2492.000 0.468
2493.000 0.322
2494.000 0.280
2495.000 0.368
2496.000 0.346
2497.000 0.211
2498.000 0.331
2499.000 0.417
2500.000 0.262
