391.000 0.050
392.000 0.049
393.000 0.054
394.000 0.056
395.000 0.056
396.000 0.055
397.000 0.054
398.000 0.053
399.000 0.056
400.000 0.059
401.000 0.056
402.000 0.054
403.000 0.055
404.000 0.056
405.000 0.057
406.000 0.055
407.000 0.053
408.000 0.054
409.000 0.054
410.000 0.055
411.000 0.056
412.000 0.057
413.000 0.059
414.000 0.057
415.000 0.056
416.000 0.057
417.000 0.058
418.000 0.057
419.000 0.055
420.000 0.056
421.000 0.057
422.000 0.059
423.000 0.058
424.000 0.058
425.000 0.059
426.000 0.059
427.000 0.057
428.000 0.057
429.000 0.056
430.000 0.055
431.000 0.056
432.000 0.058
433.000 0.058
434.000 0.059
435.000 0.058
436.000 0.057
437.000 0.057
438.000 0.058
439.000 0.058
440.000 0.057
441.000 0.057
442.000 0.060
443.000 0.059
444.000 0.057
445.000 0.056
446.000 0.058
447.000 0.059
448.000 0.060
449.000 0.060
450.000 0.059
451.000 0.058
452.000 0.059
453.000 0.062
454.000 0.060
455.000 0.059
456.000 0.059
457.000 0.060
458.000 0.060
459.000 0.059
460.000 0.059
461.000 0.061
462.000 0.060
463.000 0.059
464.000 0.060
465.000 0.060
466.000 0.060
467.000 0.059
468.000 0.060
469.000 0.061
470.000 0.061
471.000 0.060
472.000 0.060
473.000 0.060
474.000 0.060
475.000 0.061
476.000 0.060
477.000 0.059
478.000 0.060
479.000 0.060
480.000 0.061
481.000 0.061
482.000 0.059
483.000 0.060
484.000 0.061
485.000 0.062
486.000 0.062
487.000 0.064
488.000 0.063
489.000 0.060
490.000 0.061
491.000 0.062
492.000 0.061
493.000 0.061
494.000 0.063
495.000 0.064
496.000 0.063
497.000 0.063
498.000 0.063
499.000 0.065
500.000 0.066
501.000 0.065
502.000 0.066
503.000 0.068
504.000 0.068
505.000 0.069
506.000 0.071
507.000 0.072
508.000 0.072
509.000 0.072
510.000 0.073
511.000 0.075
512.000 0.077
513.000 0.078
514.000 0.080
515.000 0.081
516.000 0.085
517.000 0.088
518.000 0.089
519.000 0.093
520.000 0.095
521.000 0.097
522.000 0.100
523.000 0.103
524.000 0.106
525.000 0.109
526.000 0.111
527.000 0.113
528.000 0.115
529.000 0.118
530.000 0.120
531.000 0.122
532.000 0.124
533.000 0.126
534.000 0.127
535.000 0.129
536.000 0.130
537.000 0.131
538.000 0.132
539.000 0.133
540.000 0.134
541.000 0.134
542.000 0.135
543.000 0.135
544.000 0.135
545.000 0.136
546.000 0.136
547.000 0.136
548.000 0.136
549.000 0.137
550.000 0.137
551.000 0.138
552.000 0.137
553.000 0.137
554.000 0.137
555.000 0.137
556.000 0.136
557.000 0.135
558.000 0.134
559.000 0.134
560.000 0.133
561.000 0.131
562.000 0.130
563.000 0.129
564.000 0.128
565.000 0.126
566.000 0.125
567.000 0.123
568.000 0.121
569.000 0.119
570.000 0.117
571.000 0.116
572.000 0.114
573.000 0.113
574.000 0.111
575.000 0.110
576.000 0.109
577.000 0.107
578.000 0.106
579.000 0.105
580.000 0.104
581.000 0.103
582.000 0.102
583.000 0.101
584.000 0.100
585.000 0.099
586.000 0.098
587.000 0.097
588.000 0.098
589.000 0.097
590.000 0.096
591.000 0.095
592.000 0.095
593.000 0.095
594.000 0.095
595.000 0.094
596.000 0.093
597.000 0.093
598.000 0.093
599.000 0.093
600.000 0.093
601.000 0.092
602.000 0.092
603.000 0.091
604.000 0.090
605.000 0.089
606.000 0.090
607.000 0.090
608.000 0.091
609.000 0.089
610.000 0.088
611.000 0.088
612.000 0.088
613.000 0.087
614.000 0.087
615.000 0.086
616.000 0.084
617.000 0.084
618.000 0.085
619.000 0.085
620.000 0.084
621.000 0.083
622.000 0.084
623.000 0.083
624.000 0.082
625.000 0.082
626.000 0.083
627.000 0.083
628.000 0.082
629.000 0.083
630.000 0.083
631.000 0.083
632.000 0.084
633.000 0.084
634.000 0.084
635.000 0.083
636.000 0.083
637.000 0.081
638.000 0.080
639.000 0.080
640.000 0.080
641.000 0.079
642.000 0.078
643.000 0.076
644.000 0.077
645.000 0.077
646.000 0.075
647.000 0.075
648.000 0.075
649.000 0.075
650.000 0.075
651.000 0.075
652.000 0.073
653.000 0.075
654.000 0.076
655.000 0.075
656.000 0.075
657.000 0.075
658.000 0.075
659.000 0.076
660.000 0.074
661.000 0.073
662.000 0.075
663.000 0.075
664.000 0.076
665.000 0.077
666.000 0.077
667.000 0.077
668.000 0.077
669.000 0.076
670.000 0.076
671.000 0.077
672.000 0.078
673.000 0.079
674.000 0.077
675.000 0.079
676.000 0.081
677.000 0.080
678.000 0.082
679.000 0.083
680.000 0.084
681.000 0.084
682.000 0.086
683.000 0.088
684.000 0.090
685.000 0.089
686.000 0.090
687.000 0.093
688.000 0.094
689.000 0.095
690.000 0.097
691.000 0.099
692.000 0.103
693.000 0.107
694.000 0.110
695.000 0.115
696.000 0.121
697.000 0.127
698.000 0.124
699.000 0.131
700.000 0.139
701.000 0.147
702.000 0.156
703.000 0.165
704.000 0.172
705.000 0.181
706.000 0.189
707.000 0.197
708.000 0.206
709.000 0.215
710.000 0.224
711.000 0.233
712.000 0.242
713.000 0.250
714.000 0.259
715.000 0.268
716.000 0.277
717.000 0.285
718.000 0.296
719.000 0.306
720.000 0.316
721.000 0.325
722.000 0.334
723.000 0.342
724.000 0.350
725.000 0.360
726.000 0.368
727.000 0.376
728.000 0.384
729.000 0.392
730.000 0.400
731.000 0.408
732.000 0.415
733.000 0.421
734.000 0.427
735.000 0.433
736.000 0.442
737.000 0.448
738.000 0.453
739.000 0.458
740.000 0.462
741.000 0.466
742.000 0.470
743.000 0.473
744.000 0.476
745.000 0.480
746.000 0.484
747.000 0.487
748.000 0.489
749.000 0.491
750.000 0.493
751.000 0.496
752.000 0.497
753.000 0.499
754.000 0.500
755.000 0.501
756.000 0.503
757.000 0.503
758.000 0.504
759.000 0.506
760.000 0.507
761.000 0.508
762.000 0.507
763.000 0.508
764.000 0.509
765.000 0.510
766.000 0.511
767.000 0.512
768.000 0.513
769.000 0.513
770.000 0.514
771.000 0.514
772.000 0.515
773.000 0.515
774.000 0.516
775.000 0.515
776.000 0.516
777.000 0.516
778.000 0.517
779.000 0.517
780.000 0.517
781.000 0.517
782.000 0.518
783.000 0.518
784.000 0.518
785.000 0.519
786.000 0.519
787.000 0.519
788.000 0.520
789.000 0.520
790.000 0.520
791.000 0.521
792.000 0.521
793.000 0.522
794.000 0.522
795.000 0.522
796.000 0.522
797.000 0.523
798.000 0.523
799.000 0.523
800.000 0.524
801.000 0.524
802.000 0.524
803.000 0.525
804.000 0.525
805.000 0.526
806.000 0.526
807.000 0.527
808.000 0.527
809.000 0.527
810.000 0.527
811.000 0.528
812.000 0.528
813.000 0.528
814.000 0.528
815.000 0.528
816.000 0.529
817.000 0.530
818.000 0.530
819.000 0.530
820.000 0.530
821.000 0.531
822.000 0.531
823.000 0.532
824.000 0.532
825.000 0.532
826.000 0.532
827.000 0.533
828.000 0.533
829.000 0.533
830.000 0.533
831.000 0.534
832.000 0.534
833.000 0.534
834.000 0.535
835.000 0.535
836.000 0.535
837.000 0.536
838.000 0.536
839.000 0.536
840.000 0.537
841.000 0.537
842.000 0.538
843.000 0.538
844.000 0.538
845.000 0.539
846.000 0.539
847.000 0.539
848.000 0.539
849.000 0.540
850.000 0.540
851.000 0.540
852.000 0.541
853.000 0.541
854.000 0.541
855.000 0.541
856.000 0.542
857.000 0.542
858.000 0.543
859.000 0.543
860.000 0.543
861.000 0.543
862.000 0.543
863.000 0.544
864.000 0.544
865.000 0.544
866.000 0.545
867.000 0.545
868.000 0.545
869.000 0.545
870.000 0.545
871.000 0.545
872.000 0.546
873.000 0.546
874.000 0.547
875.000 0.547
876.000 0.547
877.000 0.547
878.000 0.548
879.000 0.548
880.000 0.548
881.000 0.549
882.000 0.549
883.000 0.549
884.000 0.550
885.000 0.550
886.000 0.550
887.000 0.550
888.000 0.550
889.000 0.551
890.000 0.552
891.000 0.552
892.000 0.552
893.000 0.552
894.000 0.553
895.000 0.553
896.000 0.553
897.000 0.553
898.000 0.553
899.000 0.554
900.000 0.554
901.000 0.554
902.000 0.555
903.000 0.555
904.000 0.555
905.000 0.556
906.000 0.556
907.000 0.556
908.000 0.556
909.000 0.557
910.000 0.557
911.000 0.557
912.000 0.558
913.000 0.556
914.000 0.558
915.000 0.558
916.000 0.559
917.000 0.557
918.000 0.557
919.000 0.557
920.000 0.558
921.000 0.558
922.000 0.558
923.000 0.558
924.000 0.559
925.000 0.559
926.000 0.559
927.000 0.559
928.000 0.559
929.000 0.560
930.000 0.559
931.000 0.559
932.000 0.559
933.000 0.558
934.000 0.558
935.000 0.557
936.000 0.554
937.000 0.553
938.000 0.555
939.000 0.556
940.000 0.554
941.000 0.555
942.000 0.557
943.000 0.557
944.000 0.554
945.000 0.555
946.000 0.555
947.000 0.551
948.000 0.554
949.000 0.552
950.000 0.550
951.000 0.551
952.000 0.551
953.000 0.553
954.000 0.553
955.000 0.551
956.000 0.552
957.000 0.551
958.000 0.550
959.000 0.549
960.000 0.549
961.000 0.548
962.000 0.550
963.000 0.552
964.000 0.551
965.000 0.551
966.000 0.551
967.000 0.551
968.000 0.552
969.000 0.552
970.000 0.553
971.000 0.554
972.000 0.554
973.000 0.553
974.000 0.552
975.000 0.553
976.000 0.555
977.000 0.553
978.000 0.552
979.000 0.553
980.000 0.553
981.000 0.553
982.000 0.554
983.000 0.555
984.000 0.554
985.000 0.557
986.000 0.557
987.000 0.555
988.000 0.554
989.000 0.555
990.000 0.557
991.000 0.558
992.000 0.559
993.000 0.559
994.000 0.560
995.000 0.560
996.000 0.560
997.000 0.561
998.000 0.561
999.000 0.560
1000.000 0.558
1001.000 0.575
1002.000 0.576
1003.000 0.577
1004.000 0.577
1005.000 0.577
1006.000 0.577
1007.000 0.577
1008.000 0.577
1009.000 0.580
1010.000 0.580
1011.000 0.581
1012.000 0.582
1013.000 0.583
1014.000 0.582
1015.000 0.583
1016.000 0.584
1017.000 0.585
1018.000 0.585
1019.000 0.586
1020.000 0.586
1021.000 0.587
1022.000 0.586
1023.000 0.586
1024.000 0.587
1025.000 0.587
1026.000 0.587
1027.000 0.589
1028.000 0.589
1029.000 0.588
1030.000 0.588
1031.000 0.588
1032.000 0.589
1033.000 0.590
1034.000 0.591
1035.000 0.592
1036.000 0.592
1037.000 0.592
1038.000 0.592
1039.000 0.592
1040.000 0.594
1041.000 0.594
1042.000 0.594
1043.000 0.595
1044.000 0.595
1045.000 0.595
1046.000 0.595
1047.000 0.595
1048.000 0.597
1049.000 0.597
1050.000 0.597
1051.000 0.597
1052.000 0.598
1053.000 0.598
1054.000 0.599
1055.000 0.600
1056.000 0.600
1057.000 0.599
1058.000 0.599
1059.000 0.599
1060.000 0.600
1061.000 0.600
1062.000 0.600
1063.000 0.601
1064.000 0.602
1065.000 0.600
1066.000 0.601
1067.000 0.601
1068.000 0.601
1069.000 0.602
1070.000 0.603
1071.000 0.603
1072.000 0.603
1073.000 0.603
1074.000 0.603
1075.000 0.604
1076.000 0.604
1077.000 0.604
1078.000 0.604
1079.000 0.603
1080.000 0.602
1081.000 0.602
1082.000 0.601
1083.000 0.602
1084.000 0.602
1085.000 0.603
1086.000 0.603
1087.000 0.603
1088.000 0.603
1089.000 0.604
1090.000 0.604
1091.000 0.604
1092.000 0.604
1093.000 0.604
1094.000 0.603
1095.000 0.604
1096.000 0.603
1097.000 0.602
1098.000 0.602
1099.000 0.601
1100.000 0.602
1101.000 0.602
1102.000 0.602
1103.000 0.602
1104.000 0.603
1105.000 0.603
1106.000 0.603
1107.000 0.603
1108.000 0.603
1109.000 0.603
1110.000 0.603
1111.000 0.603
1112.000 0.603
1113.000 0.601
1114.000 0.600
1115.000 0.598
1116.000 0.597
1117.000 0.597
1118.000 0.596
1119.000 0.597
1120.000 0.599
1121.000 0.598
1122.000 0.600
1123.000 0.601
1124.000 0.600
1125.000 0.600
1126.000 0.601
1127.000 0.602
1128.000 0.601
1129.000 0.601
1130.000 0.600
1131.000 0.600
1132.000 0.599
1133.000 0.597
1134.000 0.598
1135.000 0.598
1136.000 0.596
1137.000 0.596
1138.000 0.596
1139.000 0.594
1140.000 0.591
1141.000 0.589
1142.000 0.588
1143.000 0.587
1144.000 0.587
1145.000 0.587
1146.000 0.586
1147.000 0.584
1148.000 0.582
1149.000 0.581
1150.000 0.580
1151.000 0.579
1152.000 0.578
1153.000 0.576
1154.000 0.576
1155.000 0.575
1156.000 0.572
1157.000 0.571
1158.000 0.575
1159.000 0.575
1160.000 0.575
1161.000 0.575
1162.000 0.572
1163.000 0.572
1164.000 0.571
1165.000 0.571
1166.000 0.570
1167.000 0.570
1168.000 0.570
1169.000 0.570
1170.000 0.570
1171.000 0.570
1172.000 0.570
1173.000 0.570
1174.000 0.570
1175.000 0.571
1176.000 0.571
1177.000 0.571
1178.000 0.571
1179.000 0.571
1180.000 0.571
1181.000 0.572
1182.000 0.572
1183.000 0.573
1184.000 0.573
1185.000 0.573
1186.000 0.573
1187.000 0.573
1188.000 0.572
1189.000 0.573
1190.000 0.573
1191.000 0.573
1192.000 0.573
1193.000 0.574
1194.000 0.574
1195.000 0.575
1196.000 0.575
1197.000 0.575
1198.000 0.576
1199.000 0.576
1200.000 0.575
1201.000 0.575
1202.000 0.574
1203.000 0.574
1204.000 0.575
1205.000 0.576
1206.000 0.577
1207.000 0.578
1208.000 0.578
1209.000 0.579
1210.000 0.580
1211.000 0.580
1212.000 0.580
1213.000 0.580
1214.000 0.580
1215.000 0.580
1216.000 0.581
1217.000 0.581
1218.000 0.581
1219.000 0.582
1220.000 0.582
1221.000 0.582
1222.000 0.582
1223.000 0.581
1224.000 0.580
1225.000 0.580
1226.000 0.580
1227.000 0.580
1228.000 0.580
1229.000 0.581
1230.000 0.581
1231.000 0.581
1232.000 0.582
1233.000 0.582
1234.000 0.582
1235.000 0.582
1236.000 0.583
1237.000 0.583
1238.000 0.584
1239.000 0.584
1240.000 0.585
1241.000 0.585
1242.000 0.585
1243.000 0.585
1244.000 0.586
1245.000 0.586
1246.000 0.586
1247.000 0.586
1248.000 0.587
1249.000 0.587
1250.000 0.587
1251.000 0.586
1252.000 0.587
1253.000 0.587
1254.000 0.587
1255.000 0.588
1256.000 0.588
1257.000 0.588
1258.000 0.588
1259.000 0.589
1260.000 0.589
1261.000 0.590
1262.000 0.590
1263.000 0.590
1264.000 0.590
1265.000 0.591
1266.000 0.591
1267.000 0.591
1268.000 0.591
1269.000 0.591
1270.000 0.591
1271.000 0.592
1272.000 0.592
1273.000 0.592
1274.000 0.593
1275.000 0.593
1276.000 0.593
1277.000 0.594
1278.000 0.594
1279.000 0.595
1280.000 0.595
1281.000 0.595
1282.000 0.594
1283.000 0.594
1284.000 0.594
1285.000 0.594
1286.000 0.594
1287.000 0.594
1288.000 0.594
1289.000 0.593
1290.000 0.592
1291.000 0.592
1292.000 0.591
1293.000 0.592
1294.000 0.592
1295.000 0.593
1296.000 0.592
1297.000 0.591
1298.000 0.590
1299.000 0.589
1300.000 0.589
1301.000 0.588
1302.000 0.588
1303.000 0.589
1304.000 0.588
1305.000 0.587
1306.000 0.586
1307.000 0.585
1308.000 0.584
1309.000 0.583
1310.000 0.582
1311.000 0.581
1312.000 0.580
1313.000 0.579
1314.000 0.577
1315.000 0.577
1316.000 0.576
1317.000 0.575
1318.000 0.574
1319.000 0.572
1320.000 0.571
1321.000 0.570
1322.000 0.568
1323.000 0.566
1324.000 0.565
1325.000 0.564
1326.000 0.563
1327.000 0.562
1328.000 0.559
1329.000 0.557
1330.000 0.556
1331.000 0.553
1332.000 0.551
1333.000 0.549
1334.000 0.546
1335.000 0.544
1336.000 0.545
1337.000 0.544
1338.000 0.542
1339.000 0.541
1340.000 0.539
1341.000 0.538
1342.000 0.537
1343.000 0.536
1344.000 0.532
1345.000 0.531
1346.000 0.531
1347.000 0.529
1348.000 0.528
1349.000 0.528
1350.000 0.527
1351.000 0.527
1352.000 0.530
1353.000 0.542
1354.000 0.561
1355.000 0.609
1356.000 0.675
1357.000 0.786
1358.000 0.699
1359.000 0.643
1360.000 0.548
1361.000 0.462
1362.000 0.331
1363.000 0.285
1364.000 0.634
1365.000 0.504
1366.000 0.357
1367.000 0.274
1368.000 0.436
1369.000 0.311
1370.000 0.345
1371.000 0.497
1372.000 0.448
1373.000 0.215
1374.000 0.256
1375.000 0.300
1376.000 0.350
1377.000 0.233
1378.000 0.542
1379.000 0.540
1380.000 0.634
1381.000 0.568
1382.000 0.255
1383.000 0.200
1384.000 0.078
1385.000 0.420
1386.000 0.812
1387.000 0.483
1388.000 0.406
1389.000 0.378
1390.000 0.336
1391.000 0.332
1392.000 0.552
1393.000 0.444
1394.000 0.340
1395.000 0.519
1396.000 0.433
1397.000 0.231
1398.000 0.126
1399.000 0.125
1400.000 0.311
1401.000 0.497
1402.000 0.706
1403.000 0.903
1404.000 0.630
1405.000 0.589
1406.000 0.584
1407.000 0.449
1408.000 0.488
1409.000 0.458
1410.000 0.393
1411.000 0.286
1412.000 0.265
1413.000 0.293
1414.000 0.319
1415.000 0.312
1416.000 0.298
1417.000 0.288
1418.000 0.262
1419.000 0.228
1420.000 0.219
1421.000 0.221
1422.000 0.227
1423.000 0.248
1424.000 0.248
1425.000 0.238
1426.000 0.233
1427.000 0.220
1428.000 0.224
1429.000 0.228
1430.000 0.232
1431.000 0.245
1432.000 0.250
1433.000 0.247
1434.000 0.250
1435.000 0.252
1436.000 0.252
1437.000 0.257
1438.000 0.257
1439.000 0.242
1440.000 0.244
1441.000 0.258
1442.000 0.264
1443.000 0.264
1444.000 0.267
1445.000 0.264
1446.000 0.260
1447.000 0.266
1448.000 0.260
1449.000 0.248
1450.000 0.231
1451.000 0.228
1452.000 0.222
1453.000 0.222
1454.000 0.230
1455.000 0.232
1456.000 0.233
1457.000 0.231
1458.000 0.227
1459.000 0.226
1460.000 0.226
1461.000 0.225
1462.000 0.230
1463.000 0.228
1464.000 0.220
1465.000 0.218
1466.000 0.214
1467.000 0.213
1468.000 0.220
1469.000 0.224
1470.000 0.232
1471.000 0.237
1472.000 0.237
1473.000 0.240
1474.000 0.243
1475.000 0.245
1476.000 0.249
1477.000 0.252
1478.000 0.256
1479.000 0.256
1480.000 0.254
1481.000 0.253
1482.000 0.248
1483.000 0.247
1484.000 0.248
1485.000 0.249
1486.000 0.251
1487.000 0.252
1488.000 0.256
1489.000 0.258
1490.000 0.260
1491.000 0.261
1492.000 0.261
1493.000 0.262
1494.000 0.262
1495.000 0.263
1496.000 0.265
1497.000 0.268
1498.000 0.271
1499.000 0.275
1500.000 0.277
1501.000 0.277
1502.000 0.279
1503.000 0.279
1504.000 0.279
1505.000 0.281
1506.000 0.283
1507.000 0.284
1508.000 0.285
1509.000 0.288
1510.000 0.290
1511.000 0.292
1512.000 0.294
1513.000 0.297
1514.000 0.299
1515.000 0.302
1516.000 0.303
1517.000 0.304
1518.000 0.306
1519.000 0.308
1520.000 0.310
1521.000 0.312
1522.000 0.313
1523.000 0.313
1524.000 0.314
1525.000 0.315
1526.000 0.317
1527.000 0.319
1528.000 0.320
1529.000 0.324
1530.000 0.325
1531.000 0.324
1532.000 0.326
1533.000 0.327
1534.000 0.329
1535.000 0.332
1536.000 0.334
1537.000 0.335
1538.000 0.336
1539.000 0.338
1540.000 0.339
1541.000 0.342
1542.000 0.344
1543.000 0.346
1544.000 0.348
1545.000 0.348
1546.000 0.349
1547.000 0.351
1548.000 0.352
1549.000 0.354
1550.000 0.356
1551.000 0.358
1552.000 0.359
1553.000 0.360
1554.000 0.361
1555.000 0.363
1556.000 0.365
1557.000 0.368
1558.000 0.370
1559.000 0.371
1560.000 0.373
1561.000 0.374
1562.000 0.376
1563.000 0.377
1564.000 0.378
1565.000 0.377
1566.000 0.378
1567.000 0.378
1568.000 0.379
1569.000 0.381
1570.000 0.382
1571.000 0.384
1572.000 0.386
1573.000 0.386
1574.000 0.388
1575.000 0.387
1576.000 0.389
1577.000 0.390
1578.000 0.392
1579.000 0.396
1580.000 0.397
1581.000 0.398
1582.000 0.400
1583.000 0.400
1584.000 0.401
1585.000 0.403
1586.000 0.404
1587.000 0.404
1588.000 0.404
1589.000 0.406
1590.000 0.408
1591.000 0.411
1592.000 0.410
1593.000 0.411
1594.000 0.411
1595.000 0.411
1596.000 0.412
1597.000 0.415
1598.000 0.415
1599.000 0.414
1600.000 0.415
1601.000 0.416
1602.000 0.417
1603.000 0.417
1604.000 0.418
1605.000 0.421
1606.000 0.423
1607.000 0.424
1608.000 0.425
1609.000 0.426
1610.000 0.426
1611.000 0.427
1612.000 0.428
1613.000 0.427
1614.000 0.427
1615.000 0.429
1616.000 0.430
1617.000 0.432
1618.000 0.433
1619.000 0.434
1620.000 0.434
1621.000 0.434
1622.000 0.433
1623.000 0.433
1624.000 0.433
1625.000 0.434
1626.000 0.436
1627.000 0.438
1628.000 0.439
1629.000 0.438
1630.000 0.439
1631.000 0.439
1632.000 0.439
1633.000 0.439
1634.000 0.440
1635.000 0.441
1636.000 0.441
1637.000 0.442
1638.000 0.443
1639.000 0.442
1640.000 0.443
1641.000 0.447
1642.000 0.449
1643.000 0.451
1644.000 0.452
1645.000 0.452
1646.000 0.452
1647.000 0.451
1648.000 0.452
1649.000 0.451
1650.000 0.451
1651.000 0.451
1652.000 0.451
1653.000 0.451
1654.000 0.452
1655.000 0.452
1656.000 0.452
1657.000 0.451
1658.000 0.452
1659.000 0.451
1660.000 0.452
1661.000 0.455
1662.000 0.457
1663.000 0.459
1664.000 0.460
1665.000 0.460
1666.000 0.459
1667.000 0.457
1668.000 0.456
1669.000 0.457
1670.000 0.457
1671.000 0.457
1672.000 0.458
1673.000 0.457
1674.000 0.457
1675.000 0.457
1676.000 0.458
1677.000 0.460
1678.000 0.460
1679.000 0.460
1680.000 0.460
1681.000 0.459
1682.000 0.458
1683.000 0.458
1684.000 0.458
1685.000 0.460
1686.000 0.460
1687.000 0.460
1688.000 0.461
1689.000 0.462
1690.000 0.462
1691.000 0.465
1692.000 0.465
1693.000 0.465
1694.000 0.465
1695.000 0.465
1696.000 0.464
1697.000 0.463
1698.000 0.463
1699.000 0.464
1700.000 0.465
1701.000 0.465
1702.000 0.464
1703.000 0.461
1704.000 0.459
1705.000 0.457
1706.000 0.457
1707.000 0.459
1708.000 0.458
1709.000 0.457
1710.000 0.457
1711.000 0.455
1712.000 0.455
1713.000 0.457
1714.000 0.458
1715.000 0.459
1716.000 0.458
1717.000 0.457
1718.000 0.456
1719.000 0.457
1720.000 0.459
1721.000 0.460
1722.000 0.458
1723.000 0.455
1724.000 0.452
1725.000 0.449
1726.000 0.449
1727.000 0.450
1728.000 0.450
1729.000 0.453
1730.000 0.453
1731.000 0.453
1732.000 0.452
1733.000 0.450
1734.000 0.451
1735.000 0.452
1736.000 0.447
1737.000 0.444
1738.000 0.440
1739.000 0.438
1740.000 0.439
1741.000 0.438
1742.000 0.438
1743.000 0.438
1744.000 0.440
1745.000 0.441
1746.000 0.442
1747.000 0.442
1748.000 0.441
1749.000 0.439
1750.000 0.433
1751.000 0.431
1752.000 0.427
1753.000 0.426
1754.000 0.428
1755.000 0.429
1756.000 0.429
1757.000 0.429
1758.000 0.429
1759.000 0.429
1760.000 0.427
1761.000 0.426
1762.000 0.427
1763.000 0.426
1764.000 0.426
1765.000 0.425
1766.000 0.422
1767.000 0.419
1768.000 0.415
1769.000 0.413
1770.000 0.412
1771.000 0.412
1772.000 0.414
1773.000 0.414
1774.000 0.414
1775.000 0.415
1776.000 0.417
1777.000 0.419
1778.000 0.420
1779.000 0.422
1780.000 0.416
1781.000 0.408
1782.000 0.403
1783.000 0.398
1784.000 0.397
1785.000 0.397
1786.000 0.399
1787.000 0.402
1788.000 0.404
1789.000 0.408
1790.000 0.412
1791.000 0.417
1792.000 0.417
1793.000 0.418
1794.000 0.419
1795.000 0.415
1796.000 0.419
1797.000 0.415
1798.000 0.407
1799.000 0.413
1800.000 0.413
1801.000 0.416
1802.000 0.419
1803.000 0.443
1804.000 0.466
1805.000 0.481
1806.000 0.480
1807.000 0.488
1808.000 0.488
1809.000 0.482
1810.000 0.457
1811.000 0.434
1812.000 0.374
1813.000 0.342
1814.000 0.309
1815.000 0.283
1816.000 0.286
1817.000 0.394
1818.000 0.482
1819.000 0.777
1820.000 0.905
1821.000 0.617
1822.000 0.573
1823.000 0.429
1824.000 0.573
1825.000 0.577
1826.000 0.552
1827.000 0.547
1828.000 0.675
1829.000 0.613
1830.000 0.456
1831.000 0.520
1832.000 0.391
1833.000 0.355
1834.000 0.510
1835.000 0.517
1836.000 0.448
1837.000 0.749
1838.000 0.672
1839.000 0.345
1840.000 0.340
1841.000 0.302
1842.000 0.311
1843.000 0.430
1844.000 0.427
1845.000 0.578
1846.000 0.356
1847.000 0.115
1848.000 0.616
1849.000 0.562
1850.000 0.516
1851.000 0.639
1852.000 0.562
1853.000 0.449
1854.000 0.742
1855.000 0.466
1856.000 0.195
1857.000 0.258
1858.000 0.315
1859.000 0.392
1860.000 0.480
1861.000 0.536
1862.000 0.576
1863.000 0.504
1864.000 0.492
1865.000 0.532
1866.000 0.381
1867.000 0.469
1868.000 0.488
1869.000 0.569
1870.000 0.521
1871.000 0.463
1872.000 0.429
1873.000 0.407
1874.000 0.395
1875.000 0.653
1876.000 0.598
1877.000 0.590
1878.000 0.501
1879.000 0.693
1880.000 0.609
1881.000 0.515
1882.000 0.435
1883.000 0.535
1884.000 0.289
1885.000 0.556
1886.000 0.328
1887.000 0.329
1888.000 0.366
1889.000 0.458
1890.000 0.815
1891.000 0.725
1892.000 0.718
1893.000 0.745
1894.000 0.743
1895.000 0.723
1896.000 0.594
1897.000 0.438
1898.000 0.296
1899.000 0.522
1900.000 0.520
1901.000 0.495
1902.000 0.432
1903.000 0.325
1904.000 0.442
1905.000 0.486
1906.000 0.490
1907.000 0.497
1908.000 0.490
1909.000 0.512
1910.000 0.516
1911.000 0.532
1912.000 0.570
1913.000 0.235
1914.000 0.565
1915.000 0.706
1916.000 0.312
1917.000 0.308
1918.000 0.367
1919.000 0.605
1920.000 0.729
1921.000 0.721
1922.000 0.664
1923.000 0.624
1924.000 0.546
1925.000 0.476
1926.000 0.390
1927.000 0.329
1928.000 0.400
1929.000 0.549
1930.000 0.172
1931.000 0.413
1932.000 0.363
1933.000 0.314
1934.000 0.393
1935.000 0.332
1936.000 0.381
1937.000 0.395
1938.000 0.394
1939.000 0.352
1940.000 0.429
1941.000 0.563
1942.000 0.612
1943.000 0.717
1944.000 0.506
1945.000 0.343
1946.000 0.229
1947.000 0.180
1948.000 0.241
1949.000 0.250
1950.000 0.234
1951.000 0.254
1952.000 0.336
1953.000 0.371
1954.000 0.429
1955.000 0.539
1956.000 0.601
1957.000 0.642
1958.000 0.565
1959.000 0.457
1960.000 0.361
1961.000 0.304
1962.000 0.241
1963.000 0.235
1964.000 0.204
1965.000 0.186
1966.000 0.198
1967.000 0.200
1968.000 0.217
1969.000 0.199
1970.000 0.184
1971.000 0.197
1972.000 0.205
1973.000 0.204
1974.000 0.203
1975.000 0.201
1976.000 0.165
1977.000 0.152
1978.000 0.143
1979.000 0.145
1980.000 0.156
1981.000 0.168
1982.000 0.178
1983.000 0.189
1984.000 0.184
1985.000 0.176
1986.000 0.176
1987.000 0.174
1988.000 0.174
1989.000 0.169
1990.000 0.168
1991.000 0.169
1992.000 0.175
1993.000 0.163
1994.000 0.154
1995.000 0.148
1996.000 0.159
1997.000 0.186
1998.000 0.219
1999.000 0.233
2000.000 0.255
2001.000 0.262
2002.000 0.239
2003.000 0.243
2004.000 0.274
2005.000 0.266
2006.000 0.244
2007.000 0.226
2008.000 0.233
2009.000 0.208
2010.000 0.165
2011.000 0.182
2012.000 0.180
2013.000 0.197
2014.000 0.192
2015.000 0.186
2016.000 0.180
2017.000 0.171
2018.000 0.174
2019.000 0.186
2020.000 0.217
2021.000 0.228
2022.000 0.220
2023.000 0.208
2024.000 0.194
2025.000 0.198
2026.000 0.201
2027.000 0.197
2028.000 0.191
2029.000 0.192
2030.000 0.188
2031.000 0.189
2032.000 0.206
2033.000 0.208
2034.000 0.203
2035.000 0.196
2036.000 0.186
2037.000 0.178
2038.000 0.179
2039.000 0.186
2040.000 0.203
2041.000 0.212
2042.000 0.215
2043.000 0.210
2044.000 0.210
2045.000 0.209
2046.000 0.211
2047.000 0.221
2048.000 0.229
2049.000 0.240
2050.000 0.239
2051.000 0.238
2052.000 0.232
2053.000 0.236
2054.000 0.225
2055.000 0.237
2056.000 0.253
2057.000 0.254
2058.000 0.247
2059.000 0.242
2060.000 0.228
2061.000 0.226
2062.000 0.240
2063.000 0.239
2064.000 0.234
2065.000 0.225
2066.000 0.202
2067.000 0.192
2068.000 0.189
2069.000 0.193
2070.000 0.210
2071.000 0.224
2072.000 0.227
2073.000 0.222
2074.000 0.221
2075.000 0.216
2076.000 0.218
2077.000 0.225
2078.000 0.230
2079.000 0.240
2080.000 0.243
2081.000 0.239
2082.000 0.236
2083.000 0.231
2084.000 0.226
2085.000 0.226
2086.000 0.220
2087.000 0.219
2088.000 0.224
2089.000 0.224
2090.000 0.219
2091.000 0.220
2092.000 0.223
2093.000 0.223
2094.000 0.223
2095.000 0.225
2096.000 0.221
2097.000 0.223
2098.000 0.231
2099.000 0.241
2100.000 0.255
2101.000 0.263
2102.000 0.264
2103.000 0.266
2104.000 0.262
2105.000 0.250
2106.000 0.246
2107.000 0.244
2108.000 0.242
2109.000 0.241
2110.000 0.241
2111.000 0.244
2112.000 0.243
2113.000 0.243
2114.000 0.243
2115.000 0.240
2116.000 0.241
2117.000 0.245
2118.000 0.251
2119.000 0.259
2120.000 0.264
2121.000 0.267
2122.000 0.280
2123.000 0.282
2124.000 0.279
2125.000 0.279
2126.000 0.271
2127.000 0.270
2128.000 0.276
2129.000 0.278
2130.000 0.284
2131.000 0.285
2132.000 0.279
2133.000 0.277
2134.000 0.275
2135.000 0.273
2136.000 0.276
2137.000 0.273
2138.000 0.271
2139.000 0.268
2140.000 0.275
2141.000 0.283
2142.000 0.289
2143.000 0.304
2144.000 0.305
2145.000 0.293
2146.000 0.289
2147.000 0.278
2148.000 0.274
2149.000 0.273
2150.000 0.277
2151.000 0.292
2152.000 0.300
2153.000 0.312
2154.000 0.318
2155.000 0.317
2156.000 0.306
2157.000 0.298
2158.000 0.296
2159.000 0.297
2160.000 0.291
2161.000 0.288
2162.000 0.285
2163.000 0.282
2164.000 0.277
2165.000 0.278
2166.000 0.286
2167.000 0.284
2168.000 0.288
2169.000 0.291
2170.000 0.287
2171.000 0.289
2172.000 0.296
2173.000 0.297
2174.000 0.295
2175.000 0.296
2176.000 0.298
2177.000 0.303
2178.000 0.301
2179.000 0.306
2180.000 0.312
2181.000 0.306
2182.000 0.312
2183.000 0.309
2184.000 0.305
2185.000 0.296
2186.000 0.296
2187.000 0.290
2188.000 0.292
2189.000 0.300
2190.000 0.306
2191.000 0.320
2192.000 0.323
2193.000 0.322
2194.000 0.318
2195.000 0.299
2196.000 0.295
2197.000 0.302
2198.000 0.305
2199.000 0.317
2200.000 0.318
2201.000 0.316
2202.000 0.309
2203.000 0.306
2204.000 0.306
2205.000 0.313
2206.000 0.321
2207.000 0.325
2208.000 0.335
2209.000 0.333
2210.000 0.316
2211.000 0.315
2212.000 0.319
2213.000 0.319
2214.000 0.327
2215.000 0.325
2216.000 0.310
2217.000 0.304
2218.000 0.296
2219.000 0.291
2220.000 0.292
2221.000 0.290
2222.000 0.286
2223.000 0.286
2224.000 0.289
2225.000 0.289
2226.000 0.291
2227.000 0.293
2228.000 0.294
2229.000 0.296
2230.000 0.307
2231.000 0.314
2232.000 0.316
2233.000 0.314
2234.000 0.307
2235.000 0.299
2236.000 0.299
2237.000 0.302
2238.000 0.302
2239.000 0.305
2240.000 0.307
2241.000 0.304
2242.000 0.303
2243.000 0.301
2244.000 0.302
2245.000 0.306
2246.000 0.309
2247.000 0.317
2248.000 0.318
2249.000 0.311
2250.000 0.304
2251.000 0.303
2252.000 0.296
2253.000 0.286
2254.000 0.280
2255.000 0.274
2256.000 0.273
2257.000 0.278
2258.000 0.287
2259.000 0.303
2260.000 0.302
2261.000 0.302
2262.000 0.297
2263.000 0.291
2264.000 0.287
2265.000 0.280
2266.000 0.285
2267.000 0.278
2268.000 0.266
2269.000 0.269
2270.000 0.269
2271.000 0.262
2272.000 0.256
2273.000 0.255
2274.000 0.243
2275.000 0.246
2276.000 0.271
2277.000 0.278
2278.000 0.288
2279.000 0.290
2280.000 0.278
2281.000 0.273
2282.000 0.263
2283.000 0.265
2284.000 0.276
2285.000 0.281
2286.000 0.292
2287.000 0.293
2288.000 0.288
2289.000 0.284
2290.000 0.262
2291.000 0.257
2292.000 0.246
2293.000 0.255
2294.000 0.259
2295.000 0.268
2296.000 0.279
2297.000 0.298
2298.000 0.306
2299.000 0.307
2300.000 0.297
2301.000 0.281
2302.000 0.267
2303.000 0.256
2304.000 0.252
2305.000 0.246
2306.000 0.258
2307.000 0.268
2308.000 0.264
2309.000 0.262
2310.000 0.265
2311.000 0.269
2312.000 0.288
2313.000 0.309
2314.000 0.305
2315.000 0.290
2316.000 0.284
2317.000 0.273
2318.000 0.263
2319.000 0.283
2320.000 0.277
2321.000 0.258
2322.000 0.253
2323.000 0.244
2324.000 0.252
2325.000 0.282
2326.000 0.281
2327.000 0.269
2328.000 0.260
2329.000 0.250
2330.000 0.242
2331.000 0.244
2332.000 0.240
2333.000 0.207
2334.000 0.215
2335.000 0.228
2336.000 0.240
2337.000 0.229
2338.000 0.217
2339.000 0.190
2340.000 0.176
2341.000 0.184
2342.000 0.215
2343.000 0.207
2344.000 0.227
2345.000 0.270
2346.000 0.272
2347.000 0.224
2348.000 0.161
2349.000 0.179
2350.000 0.200
2351.000 0.276
2352.000 0.297
2353.000 0.294
2354.000 0.308
2355.000 0.280
2356.000 0.259
2357.000 0.239
2358.000 0.197
2359.000 0.204
2360.000 0.229
2361.000 0.252
2362.000 0.278
2363.000 0.263
2364.000 0.223
2365.000 0.228
2366.000 0.211
2367.000 0.198
2368.000 0.190
2369.000 0.204
2370.000 0.227
2371.000 0.237
2372.000 0.226
2373.000 0.208
2374.000 0.195
2375.000 0.193
2376.000 0.179
2377.000 0.164
2378.000 0.136
2379.000 0.142
2380.000 0.172
2381.000 0.160
2382.000 0.162
2383.000 0.184
2384.000 0.127
2385.000 0.122
2386.000 0.087
2387.000 0.139
2388.000 0.115
2389.000 0.133
2390.000 0.178
2391.000 0.153
2392.000 0.184
2393.000 0.214
2394.000 0.223
2395.000 0.300
2396.000 0.331
2397.000 0.387
2398.000 0.310
2399.000 0.408
2400.000 0.248
2401.000 0.261
2402.000 0.270
2403.000 0.178
2404.000 0.185
2405.000 0.144
2406.000 0.154
2407.000 0.182
2408.000 0.218
2409.000 0.305
2410.000 0.317
2411.000 0.415
2412.000 0.309
2413.000 0.294
2414.000 0.219
2415.000 0.199
2416.000 0.143
2417.000 0.126
2418.000 0.183
2419.000 0.156
2420.000 0.276
2421.000 0.532
2422.000 0.334
2423.000 0.334
2424.000 0.309
2425.000 0.297
2426.000 0.252
2427.000 0.852
2428.000 0.708
2429.000 0.149
2430.000 0.588
2431.000 0.571
2432.000 0.253
2433.000 0.233
2434.000 0.226
2435.000 0.231
2436.000 0.374
2437.000 0.431
2438.000 0.236
2439.000 0.221
2440.000 0.231
2441.000 0.259
2442.000 0.234
2443.000 0.131
2444.000 0.190
2445.000 0.233
2446.000 0.192
2447.000 0.206
2448.000 0.200
2449.000 0.205
2450.000 0.237
2451.000 0.239
2452.000 0.240
2453.000 0.444
2454.000 0.478
2455.000 0.521
2456.000 0.506
2457.000 0.392
2458.000 0.475
2459.000 0.387
2460.000 0.562
2461.000 0.473
2462.000 0.392
2463.000 0.323
2464.000 0.280
2465.000 0.410
2466.000 0.483
2467.000 0.440
2468.000 0.579
2469.000 0.259
2470.000 0.183
2471.000 0.243
2472.000 0.278
2473.000 0.190
2474.000 0.205
2475.000 0.252
2476.000 0.304
2477.000 0.357
2478.000 0.355
2479.000 0.298
2480.000 0.270
2481.000 0.161
2482.000 0.183
2483.000 0.501
2484.000 0.838
2485.000 0.576
2486.000 0.273
2487.000 0.498
2488.000 0.654
2489.000 0.481
2490.000 0.409
2491.000 0.496
2492.000 0.471
2493.000 0.340
2494.000 0.455
2495.000 0.478
2496.000 0.538
2497.000 0.451
2498.000 0.437
2499.000 0.438
2500.000 0.176
