391.000 0.086
392.000 0.091
393.000 0.098
394.000 0.108
395.000 0.095
396.000 0.096
397.000 0.110
398.000 0.092
399.000 0.098
400.000 0.103
401.000 0.090
402.000 0.093
403.000 0.092
404.000 0.091
405.000 0.094
406.000 0.098
407.000 0.098
408.000 0.097
409.000 0.101
410.000 0.093
411.000 0.086
412.000 0.090
413.000 0.096
414.000 0.098
415.000 0.098
416.000 0.095
417.000 0.088
418.000 0.090
419.000 0.099
420.000 0.102
421.000 0.098
422.000 0.096
423.000 0.101
424.000 0.097
425.000 0.099
426.000 0.102
427.000 0.099
428.000 0.095
429.000 0.097
430.000 0.103
431.000 0.104
432.000 0.103
433.000 0.101
434.000 0.100
435.000 0.103
436.000 0.102
437.000 0.098
438.000 0.096
439.000 0.095
440.000 0.097
441.000 0.099
442.000 0.099
443.000 0.097
444.000 0.097
445.000 0.097
446.000 0.098
447.000 0.097
448.000 0.097
449.000 0.104
450.000 0.103
451.000 0.100
452.000 0.097
453.000 0.099
454.000 0.101
455.000 0.104
456.000 0.105
457.000 0.102
458.000 0.101
459.000 0.101
460.000 0.103
461.000 0.103
462.000 0.105
463.000 0.105
464.000 0.101
465.000 0.101
466.000 0.103
467.000 0.103
468.000 0.103
469.000 0.102
470.000 0.102
471.000 0.104
472.000 0.101
473.000 0.102
474.000 0.105
475.000 0.104
476.000 0.104
477.000 0.105
478.000 0.106
479.000 0.105
480.000 0.103
481.000 0.103
482.000 0.106
483.000 0.107
484.000 0.104
485.000 0.103
486.000 0.106
487.000 0.104
488.000 0.101
489.000 0.102
490.000 0.104
491.000 0.104
492.000 0.105
493.000 0.108
494.000 0.107
495.000 0.109
496.000 0.110
497.000 0.108
498.000 0.106
499.000 0.106
500.000 0.108
501.000 0.108
502.000 0.108
503.000 0.108
504.000 0.109
505.000 0.110
506.000 0.109
507.000 0.109
508.000 0.110
509.000 0.112
510.000 0.114
511.000 0.112
512.000 0.116
513.000 0.118
514.000 0.119
515.000 0.123
516.000 0.124
517.000 0.125
518.000 0.128
519.000 0.130
520.000 0.133
521.000 0.138
522.000 0.141
523.000 0.143
524.000 0.144
525.000 0.147
526.000 0.151
527.000 0.153
528.000 0.155
529.000 0.158
530.000 0.160
531.000 0.163
532.000 0.165
533.000 0.167
534.000 0.169
535.000 0.170
536.000 0.170
537.000 0.171
538.000 0.171
539.000 0.172
540.000 0.174
541.000 0.175
542.000 0.176
543.000 0.175
544.000 0.174
545.000 0.174
546.000 0.175
547.000 0.175
548.000 0.174
549.000 0.174
550.000 0.174
551.000 0.175
552.000 0.175
553.000 0.175
554.000 0.176
555.000 0.175
556.000 0.174
557.000 0.172
558.000 0.171
559.000 0.170
560.000 0.169
561.000 0.168
562.000 0.168
563.000 0.167
564.000 0.166
565.000 0.165
566.000 0.162
567.000 0.161
568.000 0.159
569.000 0.156
570.000 0.155
571.000 0.153
572.000 0.149
573.000 0.149
574.000 0.148
575.000 0.147
576.000 0.145
577.000 0.145
578.000 0.144
579.000 0.144
580.000 0.143
581.000 0.140
582.000 0.137
583.000 0.135
584.000 0.135
585.000 0.135
586.000 0.136
587.000 0.134
588.000 0.134
589.000 0.134
590.000 0.132
591.000 0.132
592.000 0.133
593.000 0.133
594.000 0.133
595.000 0.132
596.000 0.131
597.000 0.129
598.000 0.129
599.000 0.128
600.000 0.128
601.000 0.129
602.000 0.128
603.000 0.127
604.000 0.127
605.000 0.128
606.000 0.129
607.000 0.127
608.000 0.125
609.000 0.125
610.000 0.126
611.000 0.127
612.000 0.126
613.000 0.125
614.000 0.122
615.000 0.119
616.000 0.122
617.000 0.124
618.000 0.122
619.000 0.119
620.000 0.119
621.000 0.121
622.000 0.121
623.000 0.119
624.000 0.121
625.000 0.120
626.000 0.118
627.000 0.123
628.000 0.124
629.000 0.122
630.000 0.120
631.000 0.120
632.000 0.120
633.000 0.120
634.000 0.118
635.000 0.119
636.000 0.120
637.000 0.121
638.000 0.121
639.000 0.120
640.000 0.118
641.000 0.116
642.000 0.117
643.000 0.117
644.000 0.116
645.000 0.113
646.000 0.113
647.000 0.113
648.000 0.114
649.000 0.114
650.000 0.113
651.000 0.113
652.000 0.115
653.000 0.116
654.000 0.114
655.000 0.113
656.000 0.115
657.000 0.115
658.000 0.113
659.000 0.115
660.000 0.118
661.000 0.119
662.000 0.120
663.000 0.122
664.000 0.125
665.000 0.127
666.000 0.123
667.000 0.124
668.000 0.121
669.000 0.121
670.000 0.128
671.000 0.125
672.000 0.125
673.000 0.129
674.000 0.133
675.000 0.133
676.000 0.132
677.000 0.134
678.000 0.136
679.000 0.136
680.000 0.134
681.000 0.135
682.000 0.138
683.000 0.141
684.000 0.142
685.000 0.143
686.000 0.142
687.000 0.143
688.000 0.148
689.000 0.145
690.000 0.145
691.000 0.148
692.000 0.148
693.000 0.152
694.000 0.158
695.000 0.164
696.000 0.166
697.000 0.171
698.000 0.176
699.000 0.181
700.000 0.188
701.000 0.196
702.000 0.203
703.000 0.208
704.000 0.216
705.000 0.223
706.000 0.230
707.000 0.237
708.000 0.244
709.000 0.251
710.000 0.259
711.000 0.264
712.000 0.270
713.000 0.277
714.000 0.283
715.000 0.290
716.000 0.296
717.000 0.301
718.000 0.307
719.000 0.313
720.000 0.321
721.000 0.328
722.000 0.333
723.000 0.338
724.000 0.343
725.000 0.348
726.000 0.354
727.000 0.359
728.000 0.363
729.000 0.369
730.000 0.373
731.000 0.378
732.000 0.383
733.000 0.388
734.000 0.392
735.000 0.395
736.000 0.399
737.000 0.402
738.000 0.405
739.000 0.408
740.000 0.410
741.000 0.414
742.000 0.416
743.000 0.418
744.000 0.420
745.000 0.422
746.000 0.424
747.000 0.425
748.000 0.427
749.000 0.428
750.000 0.429
751.000 0.430
752.000 0.431
753.000 0.432
754.000 0.433
755.000 0.434
756.000 0.435
757.000 0.435
758.000 0.435
759.000 0.434
760.000 0.432
761.000 0.430
762.000 0.428
763.000 0.428
764.000 0.430
765.000 0.432
766.000 0.435
767.000 0.437
768.000 0.438
769.000 0.440
770.000 0.441
771.000 0.441
772.000 0.442
773.000 0.442
774.000 0.443
775.000 0.443
776.000 0.443
777.000 0.443
778.000 0.443
779.000 0.443
780.000 0.444
781.000 0.444
782.000 0.445
783.000 0.445
784.000 0.445
785.000 0.445
786.000 0.445
787.000 0.445
788.000 0.444
789.000 0.444
790.000 0.444
791.000 0.445
792.000 0.445
793.000 0.446
794.000 0.446
795.000 0.446
796.000 0.446
797.000 0.446
798.000 0.446
799.000 0.446
800.000 0.446
801.000 0.446
802.000 0.446
803.000 0.447
804.000 0.447
805.000 0.448
806.000 0.448
807.000 0.449
808.000 0.449
809.000 0.448
810.000 0.448
811.000 0.447
812.000 0.446
813.000 0.445
814.000 0.444
815.000 0.443
816.000 0.443
817.000 0.442
818.000 0.443
819.000 0.444
820.000 0.445
821.000 0.446
822.000 0.446
823.000 0.446
824.000 0.447
825.000 0.447
826.000 0.447
827.000 0.448
828.000 0.448
829.000 0.448
830.000 0.449
831.000 0.449
832.000 0.450
833.000 0.451
834.000 0.451
835.000 0.451
836.000 0.452
837.000 0.453
838.000 0.454
839.000 0.454
840.000 0.455
841.000 0.455
842.000 0.456
843.000 0.456
844.000 0.457
845.000 0.457
846.000 0.458
847.000 0.458
848.000 0.458
849.000 0.458
850.000 0.458
851.000 0.458
852.000 0.458
853.000 0.458
854.000 0.459
855.000 0.459
856.000 0.459
857.000 0.459
858.000 0.460
859.000 0.460
860.000 0.460
861.000 0.461
862.000 0.461
863.000 0.461
864.000 0.461
865.000 0.461
866.000 0.461
867.000 0.461
868.000 0.462
869.000 0.462
870.000 0.462
871.000 0.462
872.000 0.462
873.000 0.463
874.000 0.463
875.000 0.463
876.000 0.463
877.000 0.463
878.000 0.463
879.000 0.463
880.000 0.464
881.000 0.463
882.000 0.463
883.000 0.464
884.000 0.464
885.000 0.464
886.000 0.464
887.000 0.464
888.000 0.464
889.000 0.464
890.000 0.464
891.000 0.463
892.000 0.463
893.000 0.462
894.000 0.461
895.000 0.460
896.000 0.458
897.000 0.457
898.000 0.456
899.000 0.456
900.000 0.456
901.000 0.456
902.000 0.457
903.000 0.457
904.000 0.456
905.000 0.457
906.000 0.458
907.000 0.457
908.000 0.456
909.000 0.455
910.000 0.455
911.000 0.455
912.000 0.453
913.000 0.454
914.000 0.455
915.000 0.455
916.000 0.455
917.000 0.455
918.000 0.456
919.000 0.457
920.000 0.458
921.000 0.459
922.000 0.459
923.000 0.459
924.000 0.458
925.000 0.457
926.000 0.456
927.000 0.454
928.000 0.452
929.000 0.450
930.000 0.448
931.000 0.446
932.000 0.442
933.000 0.439
934.000 0.435
935.000 0.432
936.000 0.430
937.000 0.432
938.000 0.434
939.000 0.432
940.000 0.431
941.000 0.432
942.000 0.433
943.000 0.433
944.000 0.432
945.000 0.433
946.000 0.434
947.000 0.432
948.000 0.432
949.000 0.433
950.000 0.435
951.000 0.434
952.000 0.435
953.000 0.433
954.000 0.434
955.000 0.435
956.000 0.435
957.000 0.435
958.000 0.436
959.000 0.438
960.000 0.437
961.000 0.440
962.000 0.443
963.000 0.443
964.000 0.445
965.000 0.446
966.000 0.447
967.000 0.448
968.000 0.449
969.000 0.450
970.000 0.450
971.000 0.451
972.000 0.450
973.000 0.451
974.000 0.453
975.000 0.453
976.000 0.451
977.000 0.451
978.000 0.453
979.000 0.454
980.000 0.454
981.000 0.455
982.000 0.457
983.000 0.458
984.000 0.457
985.000 0.459
986.000 0.460
987.000 0.461
988.000 0.463
989.000 0.461
990.000 0.460
991.000 0.463
992.000 0.465
993.000 0.464
994.000 0.466
995.000 0.468
996.000 0.467
997.000 0.465
998.000 0.466
999.000 0.467
1000.000 0.467
1001.000 0.469
1002.000 0.469
1003.000 0.470
1004.000 0.470
1005.000 0.472
1006.000 0.473
1007.000 0.473
1008.000 0.472
1009.000 0.473
1010.000 0.473
1011.000 0.473
1012.000 0.475
1013.000 0.475
1014.000 0.475
1015.000 0.475
1016.000 0.475
1017.000 0.475
1018.000 0.475
1019.000 0.476
1020.000 0.476
1021.000 0.476
1022.000 0.476
1023.000 0.476
1024.000 0.476
1025.000 0.477
1026.000 0.478
1027.000 0.478
1028.000 0.478
1029.000 0.478
1030.000 0.478
1031.000 0.479
1032.000 0.480
1033.000 0.480
1034.000 0.480
1035.000 0.481
1036.000 0.481
1037.000 0.481
1038.000 0.481
1039.000 0.480
1040.000 0.481
1041.000 0.482
1042.000 0.482
1043.000 0.482
1044.000 0.482
1045.000 0.481
1046.000 0.481
1047.000 0.481
1048.000 0.482
1049.000 0.482
1050.000 0.481
1051.000 0.482
1052.000 0.482
1053.000 0.483
1054.000 0.484
1055.000 0.484
1056.000 0.484
1057.000 0.484
1058.000 0.484
1059.000 0.484
1060.000 0.484
1061.000 0.484
1062.000 0.485
1063.000 0.484
1064.000 0.484
1065.000 0.485
1066.000 0.484
1067.000 0.484
1068.000 0.484
1069.000 0.484
1070.000 0.485
1071.000 0.485
1072.000 0.484
1073.000 0.484
1074.000 0.484
1075.000 0.484
1076.000 0.484
1077.000 0.484
1078.000 0.485
1079.000 0.484
1080.000 0.484
1081.000 0.484
1082.000 0.484
1083.000 0.484
1084.000 0.483
1085.000 0.484
1086.000 0.483
1087.000 0.483
1088.000 0.484
1089.000 0.483
1090.000 0.483
1091.000 0.482
1092.000 0.482
1093.000 0.482
1094.000 0.481
1095.000 0.481
1096.000 0.480
1097.000 0.480
1098.000 0.478
1099.000 0.478
1100.000 0.476
1101.000 0.475
1102.000 0.474
1103.000 0.474
1104.000 0.474
1105.000 0.473
1106.000 0.473
1107.000 0.471
1108.000 0.470
1109.000 0.468
1110.000 0.467
1111.000 0.466
1112.000 0.464
1113.000 0.464
1114.000 0.464
1115.000 0.463
1116.000 0.462
1117.000 0.460
1118.000 0.457
1119.000 0.453
1120.000 0.448
1121.000 0.446
1122.000 0.442
1123.000 0.438
1124.000 0.435
1125.000 0.433
1126.000 0.434
1127.000 0.436
1128.000 0.440
1129.000 0.440
1130.000 0.441
1131.000 0.441
1132.000 0.441
1133.000 0.443
1134.000 0.443
1135.000 0.443
1136.000 0.443
1137.000 0.443
1138.000 0.443
1139.000 0.442
1140.000 0.441
1141.000 0.439
1142.000 0.438
1143.000 0.436
1144.000 0.436
1145.000 0.435
1146.000 0.435
1147.000 0.438
1148.000 0.439
1149.000 0.438
1150.000 0.438
1151.000 0.437
1152.000 0.435
1153.000 0.436
1154.000 0.437
1155.000 0.437
1156.000 0.439
1157.000 0.440
1158.000 0.441
1159.000 0.443
1160.000 0.445
1161.000 0.447
1162.000 0.448
1163.000 0.449
1164.000 0.450
1165.000 0.450
1166.000 0.450
1167.000 0.451
1168.000 0.451
1169.000 0.451
1170.000 0.451
1171.000 0.452
1172.000 0.453
1173.000 0.453
1174.000 0.454
1175.000 0.455
1176.000 0.455
1177.000 0.455
1178.000 0.455
1179.000 0.455
1180.000 0.454
1181.000 0.454
1182.000 0.454
1183.000 0.454
1184.000 0.453
1185.000 0.453
1186.000 0.453
1187.000 0.454
1188.000 0.454
1189.000 0.455
1190.000 0.455
1191.000 0.456
1192.000 0.456
1193.000 0.455
1194.000 0.455
1195.000 0.455
1196.000 0.455
1197.000 0.456
1198.000 0.456
1199.000 0.456
1200.000 0.456
1201.000 0.457
1202.000 0.458
1203.000 0.458
1204.000 0.458
1205.000 0.458
1206.000 0.458
1207.000 0.458
1208.000 0.459
1209.000 0.459
1210.000 0.459
1211.000 0.459
1212.000 0.460
1213.000 0.460
1214.000 0.460
1215.000 0.461
1216.000 0.462
1217.000 0.462
1218.000 0.463
1219.000 0.463
1220.000 0.463
1221.000 0.463
1222.000 0.464
1223.000 0.463
1224.000 0.464
1225.000 0.464
1226.000 0.465
1227.000 0.465
1228.000 0.466
1229.000 0.466
1230.000 0.467
1231.000 0.467
1232.000 0.467
1233.000 0.467
1234.000 0.468
1235.000 0.468
1236.000 0.469
1237.000 0.470
1238.000 0.470
1239.000 0.470
1240.000 0.471
1241.000 0.471
1242.000 0.472
1243.000 0.471
1244.000 0.471
1245.000 0.471
1246.000 0.471
1247.000 0.471
1248.000 0.472
1249.000 0.471
1250.000 0.472
1251.000 0.472
1252.000 0.472
1253.000 0.473
1254.000 0.472
1255.000 0.473
1256.000 0.472
1257.000 0.471
1258.000 0.471
1259.000 0.471
1260.000 0.471
1261.000 0.471
1262.000 0.472
1263.000 0.471
1264.000 0.471
1265.000 0.471
1266.000 0.471
1267.000 0.472
1268.000 0.472
1269.000 0.473
1270.000 0.473
1271.000 0.473
1272.000 0.474
1273.000 0.474
1274.000 0.475
1275.000 0.475
1276.000 0.476
1277.000 0.476
1278.000 0.475
1279.000 0.475
1280.000 0.474
1281.000 0.474
1282.000 0.474
1283.000 0.474
1284.000 0.475
1285.000 0.475
1286.000 0.474
1287.000 0.473
1288.000 0.473
1289.000 0.473
1290.000 0.473
1291.000 0.472
1292.000 0.472
1293.000 0.472
1294.000 0.471
1295.000 0.470
1296.000 0.470
1297.000 0.469
1298.000 0.469
1299.000 0.468
1300.000 0.467
1301.000 0.466
1302.000 0.465
1303.000 0.465
1304.000 0.464
1305.000 0.462
1306.000 0.461
1307.000 0.461
1308.000 0.459
1309.000 0.459
1310.000 0.458
1311.000 0.457
1312.000 0.456
1313.000 0.454
1314.000 0.453
1315.000 0.452
1316.000 0.451
1317.000 0.450
1318.000 0.449
1319.000 0.448
1320.000 0.446
1321.000 0.445
1322.000 0.443
1323.000 0.442
1324.000 0.441
1325.000 0.439
1326.000 0.438
1327.000 0.436
1328.000 0.434
1329.000 0.432
1330.000 0.430
1331.000 0.428
1332.000 0.425
1333.000 0.423
1334.000 0.420
1335.000 0.418
1336.000 0.417
1337.000 0.415
1338.000 0.415
1339.000 0.415
1340.000 0.416
1341.000 0.416
1342.000 0.417
1343.000 0.418
1344.000 0.418
1345.000 0.416
1346.000 0.412
1347.000 0.407
1348.000 0.402
1349.000 0.393
1350.000 0.383
1351.000 0.375
1352.000 0.357
1353.000 0.317
1354.000 0.307
1355.000 0.336
1356.000 0.290
1357.000 0.313
1358.000 0.448
1359.000 0.418
1360.000 0.499
1361.000 0.557
1362.000 0.576
1363.000 0.487
1364.000 0.299
1365.000 0.234
1366.000 0.271
1367.000 0.342
1368.000 0.514
1369.000 0.582
1370.000 0.636
1371.000 0.174
1372.000 0.263
1373.000 0.329
1374.000 0.356
1375.000 0.427
1376.000 0.505
1377.000 0.525
1378.000 0.501
1379.000 0.653
1380.000 0.335
1381.000 0.454
1382.000 0.532
1383.000 0.683
1384.000 0.512
1385.000 0.292
1386.000 0.398
1387.000 0.471
1388.000 0.537
1389.000 0.450
1390.000 0.547
1391.000 0.660
1392.000 0.808
1393.000 0.547
1394.000 0.419
1395.000 0.426
1396.000 0.461
1397.000 0.593
1398.000 0.389
1399.000 0.354
1400.000 0.275
1401.000 0.115
1402.000 0.346
1403.000 0.322
1404.000 0.480
1405.000 0.566
1406.000 0.374
1407.000 0.366
1408.000 0.311
1409.000 0.430
1410.000 0.419
1411.000 0.392
1412.000 0.347
1413.000 0.373
1414.000 0.396
1415.000 0.489
1416.000 0.506
1417.000 0.530
1418.000 0.454
1419.000 0.295
1420.000 0.384
1421.000 0.365
1422.000 0.277
1423.000 0.254
1424.000 0.259
1425.000 0.331
1426.000 0.356
1427.000 0.289
1428.000 0.208
1429.000 0.269
1430.000 0.281
1431.000 0.331
1432.000 0.286
1433.000 0.229
1434.000 0.207
1435.000 0.300
1436.000 0.244
1437.000 0.325
1438.000 0.343
1439.000 0.329
1440.000 0.293
1441.000 0.280
1442.000 0.300
1443.000 0.226
1444.000 0.210
1445.000 0.175
1446.000 0.168
1447.000 0.209
1448.000 0.227
1449.000 0.209
1450.000 0.195
1451.000 0.171
1452.000 0.168
1453.000 0.165
1454.000 0.148
1455.000 0.152
1456.000 0.158
1457.000 0.164
1458.000 0.173
1459.000 0.179
1460.000 0.186
1461.000 0.190
1462.000 0.197
1463.000 0.190
1464.000 0.169
1465.000 0.190
1466.000 0.191
1467.000 0.190
1468.000 0.207
1469.000 0.213
1470.000 0.195
1471.000 0.169
1472.000 0.183
1473.000 0.185
1474.000 0.204
1475.000 0.208
1476.000 0.216
1477.000 0.216
1478.000 0.219
1479.000 0.226
1480.000 0.209
1481.000 0.215
1482.000 0.227
1483.000 0.224
1484.000 0.204
1485.000 0.198
1486.000 0.189
1487.000 0.190
1488.000 0.204
1489.000 0.211
1490.000 0.223
1491.000 0.226
1492.000 0.219
1493.000 0.219
1494.000 0.216
1495.000 0.218
1496.000 0.226
1497.000 0.230
1498.000 0.234
1499.000 0.239
1500.000 0.244
1501.000 0.244
1502.000 0.245
1503.000 0.247
1504.000 0.244
1505.000 0.243
1506.000 0.242
1507.000 0.241
1508.000 0.243
1509.000 0.245
1510.000 0.247
1511.000 0.250
1512.000 0.252
1513.000 0.254
1514.000 0.256
1515.000 0.259
1516.000 0.261
1517.000 0.263
1518.000 0.262
1519.000 0.260
1520.000 0.261
1521.000 0.262
1522.000 0.264
1523.000 0.268
1524.000 0.269
1525.000 0.269
1526.000 0.270
1527.000 0.268
1528.000 0.269
1529.000 0.269
1530.000 0.269
1531.000 0.271
1532.000 0.272
1533.000 0.275
1534.000 0.276
1535.000 0.278
1536.000 0.279
1537.000 0.278
1538.000 0.279
1539.000 0.281
1540.000 0.281
1541.000 0.284
1542.000 0.285
1543.000 0.286
1544.000 0.287
1545.000 0.288
1546.000 0.289
1547.000 0.291
1548.000 0.292
1549.000 0.292
1550.000 0.294
1551.000 0.296
1552.000 0.297
1553.000 0.297
1554.000 0.298
1555.000 0.297
1556.000 0.299
1557.000 0.303
1558.000 0.305
1559.000 0.309
1560.000 0.310
1561.000 0.308
1562.000 0.308
1563.000 0.305
1564.000 0.305
1565.000 0.308
1566.000 0.310
1567.000 0.313
1568.000 0.314
1569.000 0.315
1570.000 0.316
1571.000 0.317
1572.000 0.317
1573.000 0.317
1574.000 0.317
1575.000 0.317
1576.000 0.318
1577.000 0.318
1578.000 0.319
1579.000 0.319
1580.000 0.320
1581.000 0.322
1582.000 0.323
1583.000 0.326
1584.000 0.327
1585.000 0.326
1586.000 0.326
1587.000 0.326
1588.000 0.326
1589.000 0.328
1590.000 0.329
1591.000 0.330
1592.000 0.330
1593.000 0.329
1594.000 0.328
1595.000 0.328
1596.000 0.328
1597.000 0.331
1598.000 0.333
1599.000 0.333
1600.000 0.334
1601.000 0.334
1602.000 0.335
1603.000 0.335
1604.000 0.336
1605.000 0.337
1606.000 0.338
1607.000 0.339
1608.000 0.340
1609.000 0.341
1610.000 0.342
1611.000 0.343
1612.000 0.343
1613.000 0.342
1614.000 0.342
1615.000 0.343
1616.000 0.343
1617.000 0.344
1618.000 0.345
1619.000 0.346
1620.000 0.348
1621.000 0.348
1622.000 0.349
1623.000 0.349
1624.000 0.348
1625.000 0.349
1626.000 0.349
1627.000 0.349
1628.000 0.350
1629.000 0.351
1630.000 0.352
1631.000 0.353
1632.000 0.354
1633.000 0.354
1634.000 0.354
1635.000 0.353
1636.000 0.353
1637.000 0.354
1638.000 0.354
1639.000 0.357
1640.000 0.357
1641.000 0.358
1642.000 0.357
1643.000 0.357
1644.000 0.357
1645.000 0.357
1646.000 0.357
1647.000 0.358
1648.000 0.358
1649.000 0.357
1650.000 0.357
1651.000 0.356
1652.000 0.355
1653.000 0.354
1654.000 0.354
1655.000 0.354
1656.000 0.354
1657.000 0.355
1658.000 0.356
1659.000 0.357
1660.000 0.357
1661.000 0.357
1662.000 0.357
1663.000 0.358
1664.000 0.358
1665.000 0.360
1666.000 0.361
1667.000 0.361
1668.000 0.361
1669.000 0.363
1670.000 0.363
1671.000 0.361
1672.000 0.361
1673.000 0.361
1674.000 0.361
1675.000 0.362
1676.000 0.361
1677.000 0.360
1678.000 0.360
1679.000 0.361
1680.000 0.362
1681.000 0.361
1682.000 0.361
1683.000 0.360
1684.000 0.359
1685.000 0.358
1686.000 0.358
1687.000 0.360
1688.000 0.360
1689.000 0.361
1690.000 0.361
1691.000 0.361
1692.000 0.360
1693.000 0.359
1694.000 0.358
1695.000 0.356
1696.000 0.356
1697.000 0.358
1698.000 0.358
1699.000 0.359
1700.000 0.358
1701.000 0.356
1702.000 0.356
1703.000 0.354
1704.000 0.355
1705.000 0.358
1706.000 0.358
1707.000 0.358
1708.000 0.358
1709.000 0.357
1710.000 0.356
1711.000 0.356
1712.000 0.355
1713.000 0.354
1714.000 0.354
1715.000 0.354
1716.000 0.352
1717.000 0.351
1718.000 0.350
1719.000 0.347
1720.000 0.347
1721.000 0.348
1722.000 0.347
1723.000 0.349
1724.000 0.351
1725.000 0.352
1726.000 0.354
1727.000 0.353
1728.000 0.352
1729.000 0.351
1730.000 0.347
1731.000 0.346
1732.000 0.345
1733.000 0.343
1734.000 0.345
1735.000 0.346
1736.000 0.348
1737.000 0.348
1738.000 0.344
1739.000 0.342
1740.000 0.341
1741.000 0.339
1742.000 0.338
1743.000 0.338
1744.000 0.338
1745.000 0.339
1746.000 0.342
1747.000 0.342
1748.000 0.340
1749.000 0.339
1750.000 0.337
1751.000 0.336
1752.000 0.340
1753.000 0.340
1754.000 0.339
1755.000 0.338
1756.000 0.335
1757.000 0.333
1758.000 0.331
1759.000 0.331
1760.000 0.331
1761.000 0.331
1762.000 0.328
1763.000 0.325
1764.000 0.324
1765.000 0.326
1766.000 0.330
1767.000 0.330
1768.000 0.334
1769.000 0.334
1770.000 0.328
1771.000 0.327
1772.000 0.326
1773.000 0.320
1774.000 0.319
1775.000 0.322
1776.000 0.326
1777.000 0.324
1778.000 0.318
1779.000 0.315
1780.000 0.305
1781.000 0.301
1782.000 0.306
1783.000 0.314
1784.000 0.327
1785.000 0.341
1786.000 0.344
1787.000 0.332
1788.000 0.328
1789.000 0.321
1790.000 0.322
1791.000 0.333
1792.000 0.328
1793.000 0.334
1794.000 0.342
1795.000 0.374
1796.000 0.383
1797.000 0.404
1798.000 0.421
1799.000 0.404
1800.000 0.397
1801.000 0.433
1802.000 0.443
1803.000 0.472
1804.000 0.493
1805.000 0.485
1806.000 0.404
1807.000 0.421
1808.000 0.489
1809.000 0.493
1810.000 0.516
1811.000 0.516
1812.000 0.518
1813.000 0.437
1814.000 0.446
1815.000 0.438
1816.000 0.486
1817.000 0.392
1818.000 0.398
1819.000 0.472
1820.000 0.518
1821.000 0.466
1822.000 0.567
1823.000 0.528
1824.000 0.429
1825.000 0.419
1826.000 0.414
1827.000 0.479
1828.000 0.458
1829.000 0.309
1830.000 0.380
1831.000 0.408
1832.000 0.443
1833.000 0.499
1834.000 0.153
1835.000 0.601
1836.000 0.496
1837.000 0.505
1838.000 0.484
1839.000 0.486
1840.000 0.545
1841.000 0.596
1842.000 0.694
1843.000 0.673
1844.000 0.557
1845.000 0.519
1846.000 0.634
1847.000 0.616
1848.000 0.505
1849.000 0.534
1850.000 0.754
1851.000 0.674
1852.000 0.614
1853.000 0.621
1854.000 0.653
1855.000 0.528
1856.000 0.517
1857.000 0.406
1858.000 0.489
1859.000 0.595
1860.000 0.615
1861.000 0.531
1862.000 0.659
1863.000 0.748
1864.000 0.695
1865.000 0.518
1866.000 0.448
1867.000 0.512
1868.000 0.635
1869.000 0.649
1870.000 0.601
1871.000 0.624
1872.000 0.702
1873.000 0.673
1874.000 0.700
1875.000 0.558
1876.000 0.508
1877.000 0.403
1878.000 0.353
1879.000 0.387
1880.000 0.401
1881.000 0.590
1882.000 0.572
1883.000 0.695
1884.000 0.517
1885.000 0.299
1886.000 0.280
1887.000 0.385
1888.000 0.420
1889.000 0.509
1890.000 0.604
1891.000 0.591
1892.000 0.536
1893.000 0.534
1894.000 0.384
1895.000 0.402
1896.000 0.440
1897.000 0.409
1898.000 0.448
1899.000 0.451
1900.000 0.428
1901.000 0.449
1902.000 0.516
1903.000 0.579
1904.000 0.549
1905.000 0.467
1906.000 0.535
1907.000 0.522
1908.000 0.724
1909.000 0.738
1910.000 0.758
1911.000 0.734
1912.000 0.712
1913.000 0.725
1914.000 0.733
1915.000 0.688
1916.000 0.775
1917.000 0.610
1918.000 0.668
1919.000 0.653
1920.000 0.616
1921.000 0.687
1922.000 0.739
1923.000 0.517
1924.000 0.429
1925.000 0.466
1926.000 0.591
1927.000 0.485
1928.000 0.427
1929.000 0.354
1930.000 0.399
1931.000 0.349
1932.000 0.409
1933.000 0.575
1934.000 0.407
1935.000 0.459
1936.000 0.588
1937.000 0.452
1938.000 0.435
1939.000 0.500
1940.000 0.464
1941.000 0.515
1942.000 0.536
1943.000 0.441
1944.000 0.404
1945.000 0.426
1946.000 0.347
1947.000 0.431
1948.000 0.357
1949.000 0.277
1950.000 0.497
1951.000 0.461
1952.000 0.488
1953.000 0.456
1954.000 0.399
1955.000 0.327
1956.000 0.243
1957.000 0.202
1958.000 0.298
1959.000 0.404
1960.000 0.436
1961.000 0.425
1962.000 0.459
1963.000 0.590
1964.000 0.691
1965.000 0.395
1966.000 0.582
1967.000 0.592
1968.000 0.498
1969.000 0.485
1970.000 0.443
1971.000 0.397
1972.000 0.434
1973.000 0.352
1974.000 0.327
1975.000 0.351
1976.000 0.446
1977.000 0.440
1978.000 0.372
1979.000 0.313
1980.000 0.231
1981.000 0.187
1982.000 0.190
1983.000 0.213
1984.000 0.272
1985.000 0.326
1986.000 0.335
1987.000 0.288
1988.000 0.279
1989.000 0.256
1990.000 0.268
1991.000 0.306
1992.000 0.355
1993.000 0.370
1994.000 0.335
1995.000 0.268
1996.000 0.218
1997.000 0.229
1998.000 0.273
1999.000 0.319
2000.000 0.409
2001.000 0.455
2002.000 0.473
2003.000 0.429
2004.000 0.288
2005.000 0.326
2006.000 0.350
2007.000 0.442
2008.000 0.387
2009.000 0.342
2010.000 0.416
2011.000 0.459
2012.000 0.383
2013.000 0.333
2014.000 0.315
2015.000 0.299
2016.000 0.291
2017.000 0.338
2018.000 0.289
2019.000 0.295
2020.000 0.267
2021.000 0.280
2022.000 0.250
2023.000 0.251
2024.000 0.300
2025.000 0.292
2026.000 0.307
2027.000 0.296
2028.000 0.265
2029.000 0.240
2030.000 0.196
2031.000 0.184
2032.000 0.178
2033.000 0.182
2034.000 0.203
2035.000 0.233
2036.000 0.261
2037.000 0.260
2038.000 0.243
2039.000 0.229
2040.000 0.209
2041.000 0.193
2042.000 0.184
2043.000 0.180
2044.000 0.183
2045.000 0.196
2046.000 0.207
2047.000 0.229
2048.000 0.238
2049.000 0.244
2050.000 0.251
2051.000 0.242
2052.000 0.240
2053.000 0.214
2054.000 0.182
2055.000 0.165
2056.000 0.156
2057.000 0.154
2058.000 0.159
2059.000 0.172
2060.000 0.193
2061.000 0.210
2062.000 0.235
2063.000 0.245
2064.000 0.254
2065.000 0.252
2066.000 0.233
2067.000 0.225
2068.000 0.215
2069.000 0.209
2070.000 0.212
2071.000 0.209
2072.000 0.216
2073.000 0.231
2074.000 0.238
2075.000 0.247
2076.000 0.259
2077.000 0.285
2078.000 0.284
2079.000 0.271
2080.000 0.265
2081.000 0.244
2082.000 0.220
2083.000 0.231
2084.000 0.229
2085.000 0.228
2086.000 0.234
2087.000 0.233
2088.000 0.229
2089.000 0.231
2090.000 0.235
2091.000 0.232
2092.000 0.226
2093.000 0.224
2094.000 0.218
2095.000 0.215
2096.000 0.215
2097.000 0.218
2098.000 0.221
2099.000 0.233
2100.000 0.239
2101.000 0.248
2102.000 0.236
2103.000 0.226
2104.000 0.230
2105.000 0.240
2106.000 0.243
2107.000 0.253
2108.000 0.255
2109.000 0.252
2110.000 0.248
2111.000 0.247
2112.000 0.243
2113.000 0.227
2114.000 0.222
2115.000 0.224
2116.000 0.227
2117.000 0.234
2118.000 0.248
2119.000 0.253
2120.000 0.261
2121.000 0.270
2122.000 0.271
2123.000 0.276
2124.000 0.285
2125.000 0.286
2126.000 0.287
2127.000 0.285
2128.000 0.278
2129.000 0.272
2130.000 0.256
2131.000 0.254
2132.000 0.253
2133.000 0.258
2134.000 0.290
2135.000 0.299
2136.000 0.300
2137.000 0.289
2138.000 0.270
2139.000 0.247
2140.000 0.245
2141.000 0.243
2142.000 0.242
2143.000 0.247
2144.000 0.251
2145.000 0.253
2146.000 0.255
2147.000 0.260
2148.000 0.261
2149.000 0.252
2150.000 0.251
2151.000 0.254
2152.000 0.256
2153.000 0.264
2154.000 0.265
2155.000 0.263
2156.000 0.261
2157.000 0.254
2158.000 0.244
2159.000 0.231
2160.000 0.229
2161.000 0.231
2162.000 0.241
2163.000 0.247
2164.000 0.256
2165.000 0.266
2166.000 0.281
2167.000 0.286
2168.000 0.291
2169.000 0.294
2170.000 0.292
2171.000 0.289
2172.000 0.290
2173.000 0.286
2174.000 0.271
2175.000 0.263
2176.000 0.256
2177.000 0.249
2178.000 0.255
2179.000 0.266
2180.000 0.285
2181.000 0.300
2182.000 0.289
2183.000 0.279
2184.000 0.267
2185.000 0.240
2186.000 0.235
2187.000 0.240
2188.000 0.242
2189.000 0.258
2190.000 0.264
2191.000 0.262
2192.000 0.264
2193.000 0.268
2194.000 0.268
2195.000 0.269
2196.000 0.268
2197.000 0.256
2198.000 0.256
2199.000 0.265
2200.000 0.270
2201.000 0.278
2202.000 0.285
2203.000 0.290
2204.000 0.279
2205.000 0.287
2206.000 0.289
2207.000 0.284
2208.000 0.282
2209.000 0.278
2210.000 0.269
2211.000 0.265
2212.000 0.260
2213.000 0.258
2214.000 0.253
2215.000 0.255
2216.000 0.267
2217.000 0.270
2218.000 0.272
2219.000 0.271
2220.000 0.265
2221.000 0.264
2222.000 0.264
2223.000 0.266
2224.000 0.263
2225.000 0.265
2226.000 0.274
2227.000 0.287
2228.000 0.295
2229.000 0.289
2230.000 0.277
2231.000 0.259
2232.000 0.249
2233.000 0.250
2234.000 0.249
2235.000 0.258
2236.000 0.265
2237.000 0.269
2238.000 0.272
2239.000 0.270
2240.000 0.271
2241.000 0.271
2242.000 0.271
2243.000 0.277
2244.000 0.273
2245.000 0.264
2246.000 0.260
2247.000 0.252
2248.000 0.247
2249.000 0.241
2250.000 0.243
2251.000 0.250
2252.000 0.261
2253.000 0.295
2254.000 0.311
2255.000 0.319
2256.000 0.324
2257.000 0.315
2258.000 0.305
2259.000 0.310
2260.000 0.310
2261.000 0.315
2262.000 0.311
2263.000 0.296
2264.000 0.284
2265.000 0.278
2266.000 0.279
2267.000 0.284
2268.000 0.282
2269.000 0.294
2270.000 0.292
2271.000 0.285
2272.000 0.307
2273.000 0.309
2274.000 0.298
2275.000 0.291
2276.000 0.270
2277.000 0.266
2278.000 0.281
2279.000 0.285
2280.000 0.280
2281.000 0.269
2282.000 0.239
2283.000 0.231
2284.000 0.232
2285.000 0.230
2286.000 0.244
2287.000 0.249
2288.000 0.231
2289.000 0.229
2290.000 0.234
2291.000 0.236
2292.000 0.264
2293.000 0.283
2294.000 0.273
2295.000 0.274
2296.000 0.273
2297.000 0.255
2298.000 0.232
2299.000 0.229
2300.000 0.216
2301.000 0.208
2302.000 0.214
2303.000 0.230
2304.000 0.247
2305.000 0.258
2306.000 0.252
2307.000 0.239
2308.000 0.238
2309.000 0.236
2310.000 0.235
2311.000 0.235
2312.000 0.242
2313.000 0.228
2314.000 0.203
2315.000 0.211
2316.000 0.208
2317.000 0.229
2318.000 0.242
2319.000 0.210
2320.000 0.239
2321.000 0.260
2322.000 0.281
2323.000 0.253
2324.000 0.262
2325.000 0.236
2326.000 0.228
2327.000 0.248
2328.000 0.234
2329.000 0.210
2330.000 0.210
2331.000 0.208
2332.000 0.194
2333.000 0.181
2334.000 0.185
2335.000 0.190
2336.000 0.210
2337.000 0.332
2338.000 0.265
2339.000 0.265
2340.000 0.358
2341.000 0.312
2342.000 0.289
2343.000 0.389
2344.000 0.321
2345.000 0.270
2346.000 0.383
2347.000 0.388
2348.000 0.367
2349.000 0.336
2350.000 0.299
2351.000 0.190
2352.000 0.190
2353.000 0.257
2354.000 0.261
2355.000 0.163
2356.000 0.150
2357.000 0.169
2358.000 0.163
2359.000 0.191
2360.000 0.249
2361.000 0.335
2362.000 0.437
2363.000 0.442
2364.000 0.433
2365.000 0.273
2366.000 0.199
2367.000 0.165
2368.000 0.184
2369.000 0.183
2370.000 0.221
2371.000 0.266
2372.000 0.278
2373.000 0.223
2374.000 0.323
2375.000 0.423
2376.000 0.407
2377.000 0.493
2378.000 0.574
2379.000 0.239
2380.000 0.697
2381.000 0.368
2382.000 0.338
2383.000 0.331
2384.000 0.177
2385.000 0.260
2386.000 0.248
2387.000 0.246
2388.000 0.216
2389.000 0.175
2390.000 0.323
2391.000 0.406
2392.000 0.471
2393.000 0.317
2394.000 0.304
2395.000 0.352
2396.000 0.550
2397.000 0.495
2398.000 0.356
2399.000 0.231
2400.000 0.534
2401.000 0.348
2402.000 0.247
2403.000 0.268
2404.000 0.288
2405.000 0.407
2406.000 0.355
2407.000 0.288
2408.000 0.397
2409.000 0.357
2410.000 0.401
2411.000 0.183
2412.000 0.211
2413.000 0.294
2414.000 0.399
2415.000 0.378
2416.000 0.197
2417.000 0.361
2418.000 0.553
2419.000 0.620
2420.000 0.668
2421.000 0.377
2422.000 0.324
2423.000 0.500
2424.000 0.407
2425.000 0.409
2426.000 0.362
2427.000 0.333
2428.000 0.194
2429.000 0.343
2430.000 0.366
2431.000 0.420
2432.000 0.250
2433.000 0.316
2434.000 0.227
2435.000 0.174
2436.000 0.240
2437.000 0.194
2438.000 0.192
2439.000 0.205
2440.000 0.347
2441.000 0.395
2442.000 0.246
2443.000 0.294
2444.000 0.555
2445.000 0.532
2446.000 0.190
2447.000 0.323
2448.000 0.488
2449.000 0.299
2450.000 0.280
2451.000 0.270
2452.000 0.617
2453.000 0.570
2454.000 0.537
2455.000 0.413
2456.000 0.210
2457.000 0.439
2458.000 0.592
2459.000 0.409
2460.000 0.572
2461.000 0.440
2462.000 0.272
2463.000 0.492
2464.000 0.702
2465.000 0.583
2466.000 0.470
2467.000 0.193
2468.000 0.463
2469.000 0.329
2470.000 0.318
2471.000 0.254
2472.000 0.216
2473.000 0.163
2474.000 0.182
2475.000 0.274
2476.000 0.456
2477.000 0.381
2478.000 0.427
2479.000 0.400
2480.000 0.494
2481.000 0.399
2482.000 0.186
2483.000 0.210
2484.000 0.300
2485.000 0.194
2486.000 0.304
2487.000 0.109
2488.000 0.284
2489.000 0.249
2490.000 0.255
2491.000 0.104
2492.000 0.167
2493.000 0.268
2494.000 0.469
2495.000 0.620
2496.000 0.731
2497.000 0.503
2498.000 0.410
2499.000 0.501
2500.000 0.573
