391.000 0.042
392.000 0.043
393.000 0.056
394.000 0.061
395.000 0.050
396.000 0.049
397.000 0.059
398.000 0.055
399.000 0.053
400.000 0.061
401.000 0.072
402.000 0.061
403.000 0.060
404.000 0.063
405.000 0.053
406.000 0.054
407.000 0.054
408.000 0.052
409.000 0.058
410.000 0.058
411.000 0.058
412.000 0.060
413.000 0.057
414.000 0.059
415.000 0.060
416.000 0.058
417.000 0.064
418.000 0.066
419.000 0.063
420.000 0.059
421.000 0.060
422.000 0.062
423.000 0.060
424.000 0.059
425.000 0.060
426.000 0.063
427.000 0.062
428.000 0.062
429.000 0.059
430.000 0.059
431.000 0.062
432.000 0.062
433.000 0.059
434.000 0.059
435.000 0.063
436.000 0.061
437.000 0.059
438.000 0.061
439.000 0.060
440.000 0.058
441.000 0.058
442.000 0.060
443.000 0.060
444.000 0.060
445.000 0.060
446.000 0.059
447.000 0.059
448.000 0.059
449.000 0.059
450.000 0.059
451.000 0.060
452.000 0.063
453.000 0.065
454.000 0.061
455.000 0.061
456.000 0.064
457.000 0.058
458.000 0.059
459.000 0.062
460.000 0.058
461.000 0.059
462.000 0.061
463.000 0.060
464.000 0.061
465.000 0.062
466.000 0.061
467.000 0.062
468.000 0.063
469.000 0.065
470.000 0.066
471.000 0.066
472.000 0.065
473.000 0.062
474.000 0.060
475.000 0.059
476.000 0.062
477.000 0.063
478.000 0.061
479.000 0.059
480.000 0.059
481.000 0.061
482.000 0.060
483.000 0.059
484.000 0.059
485.000 0.062
486.000 0.063
487.000 0.066
488.000 0.068
489.000 0.069
490.000 0.062
491.000 0.061
492.000 0.064
493.000 0.065
494.000 0.063
495.000 0.060
496.000 0.059
497.000 0.063
498.000 0.062
499.000 0.062
500.000 0.064
501.000 0.063
502.000 0.064
503.000 0.067
504.000 0.067
505.000 0.068
506.000 0.070
507.000 0.071
508.000 0.074
509.000 0.074
510.000 0.073
511.000 0.075
512.000 0.076
513.000 0.078
514.000 0.080
515.000 0.081
516.000 0.084
517.000 0.086
518.000 0.085
519.000 0.089
520.000 0.092
521.000 0.094
522.000 0.098
523.000 0.102
524.000 0.104
525.000 0.106
526.000 0.108
527.000 0.112
528.000 0.116
529.000 0.120
530.000 0.123
531.000 0.124
532.000 0.125
533.000 0.128
534.000 0.130
535.000 0.131
536.000 0.132
537.000 0.132
538.000 0.133
539.000 0.133
540.000 0.133
541.000 0.136
542.000 0.136
543.000 0.135
544.000 0.137
545.000 0.137
546.000 0.138
547.000 0.138
548.000 0.138
549.000 0.138
550.000 0.138
551.000 0.138
552.000 0.138
553.000 0.138
554.000 0.138
555.000 0.138
556.000 0.137
557.000 0.136
558.000 0.136
559.000 0.135
560.000 0.134
561.000 0.133
562.000 0.133
563.000 0.131
564.000 0.129
565.000 0.126
566.000 0.123
567.000 0.121
568.000 0.119
569.000 0.117
570.000 0.115
571.000 0.113
572.000 0.111
573.000 0.109
574.000 0.109
575.000 0.108
576.000 0.105
577.000 0.105
578.000 0.102
579.000 0.098
580.000 0.097
581.000 0.100
582.000 0.101
583.000 0.099
584.000 0.096
585.000 0.096
586.000 0.096
587.000 0.093
588.000 0.092
589.000 0.092
590.000 0.091
591.000 0.090
592.000 0.090
593.000 0.090
594.000 0.092
595.000 0.090
596.000 0.087
597.000 0.086
598.000 0.089
599.000 0.089
600.000 0.088
601.000 0.087
602.000 0.088
603.000 0.089
604.000 0.090
605.000 0.088
606.000 0.088
607.000 0.086
608.000 0.084
609.000 0.085
610.000 0.085
611.000 0.084
612.000 0.084
613.000 0.084
614.000 0.084
615.000 0.082
616.000 0.082
617.000 0.082
618.000 0.082
619.000 0.081
620.000 0.082
621.000 0.081
622.000 0.080
623.000 0.079
624.000 0.079
625.000 0.080
626.000 0.082
627.000 0.080
628.000 0.080
629.000 0.081
630.000 0.080
631.000 0.081
632.000 0.081
633.000 0.079
634.000 0.080
635.000 0.080
636.000 0.078
637.000 0.075
638.000 0.075
639.000 0.077
640.000 0.079
641.000 0.078
642.000 0.075
643.000 0.073
644.000 0.073
645.000 0.076
646.000 0.075
647.000 0.073
648.000 0.075
649.000 0.075
650.000 0.076
651.000 0.076
652.000 0.073
653.000 0.074
654.000 0.075
655.000 0.074
656.000 0.074
657.000 0.074
658.000 0.076
659.000 0.078
660.000 0.073
661.000 0.073
662.000 0.078
663.000 0.073
664.000 0.077
665.000 0.078
666.000 0.075
667.000 0.078
668.000 0.079
669.000 0.080
670.000 0.081
671.000 0.077
672.000 0.075
673.000 0.077
674.000 0.080
675.000 0.083
676.000 0.085
677.000 0.084
678.000 0.086
679.000 0.087
680.000 0.089
681.000 0.091
682.000 0.088
683.000 0.087
684.000 0.090
685.000 0.094
686.000 0.095
687.000 0.098
688.000 0.103
689.000 0.101
690.000 0.102
691.000 0.105
692.000 0.105
693.000 0.110
694.000 0.116
695.000 0.120
696.000 0.126
697.000 0.134
698.000 0.144
699.000 0.154
700.000 0.163
701.000 0.173
702.000 0.183
703.000 0.194
704.000 0.205
705.000 0.216
706.000 0.225
707.000 0.237
708.000 0.250
709.000 0.260
710.000 0.271
711.000 0.283
712.000 0.295
713.000 0.306
714.000 0.318
715.000 0.330
716.000 0.341
717.000 0.354
718.000 0.366
719.000 0.380
720.000 0.393
721.000 0.405
722.000 0.416
723.000 0.428
724.000 0.440
725.000 0.453
726.000 0.465
727.000 0.475
728.000 0.486
729.000 0.497
730.000 0.507
731.000 0.517
732.000 0.528
733.000 0.537
734.000 0.545
735.000 0.554
736.000 0.561
737.000 0.569
738.000 0.576
739.000 0.583
740.000 0.589
741.000 0.596
742.000 0.601
743.000 0.606
744.000 0.612
745.000 0.616
746.000 0.621
747.000 0.624
748.000 0.628
749.000 0.631
750.000 0.634
751.000 0.637
752.000 0.639
753.000 0.642
754.000 0.644
755.000 0.647
756.000 0.648
757.000 0.650
758.000 0.651
759.000 0.651
760.000 0.652
761.000 0.655
762.000 0.655
763.000 0.655
764.000 0.656
765.000 0.658
766.000 0.659
767.000 0.660
768.000 0.660
769.000 0.661
770.000 0.662
771.000 0.663
772.000 0.664
773.000 0.664
774.000 0.665
775.000 0.665
776.000 0.665
777.000 0.666
778.000 0.666
779.000 0.667
780.000 0.667
781.000 0.668
782.000 0.668
783.000 0.669
784.000 0.669
785.000 0.670
786.000 0.670
787.000 0.670
788.000 0.671
789.000 0.671
790.000 0.672
791.000 0.672
792.000 0.673
793.000 0.673
794.000 0.673
795.000 0.674
796.000 0.674
797.000 0.675
798.000 0.675
799.000 0.676
800.000 0.676
801.000 0.677
802.000 0.677
803.000 0.678
804.000 0.678
805.000 0.679
806.000 0.679
807.000 0.679
808.000 0.680
809.000 0.680
810.000 0.680
811.000 0.681
812.000 0.681
813.000 0.681
814.000 0.682
815.000 0.682
816.000 0.682
817.000 0.683
818.000 0.684
819.000 0.684
820.000 0.684
821.000 0.685
822.000 0.685
823.000 0.686
824.000 0.686
825.000 0.686
826.000 0.686
827.000 0.687
828.000 0.688
829.000 0.688
830.000 0.689
831.000 0.689
832.000 0.690
833.000 0.690
834.000 0.690
835.000 0.690
836.000 0.691
837.000 0.691
838.000 0.691
839.000 0.692
840.000 0.693
841.000 0.693
842.000 0.693
843.000 0.693
844.000 0.694
845.000 0.694
846.000 0.695
847.000 0.695
848.000 0.695
849.000 0.695
850.000 0.695
851.000 0.696
852.000 0.696
853.000 0.696
854.000 0.697
855.000 0.698
856.000 0.698
857.000 0.698
858.000 0.698
859.000 0.698
860.000 0.699
861.000 0.699
862.000 0.699
863.000 0.700
864.000 0.700
865.000 0.700
866.000 0.701
867.000 0.701
868.000 0.701
869.000 0.701
870.000 0.702
871.000 0.702
872.000 0.702
873.000 0.702
874.000 0.703
875.000 0.704
876.000 0.704
877.000 0.704
878.000 0.704
879.000 0.704
880.000 0.705
881.000 0.705
882.000 0.706
883.000 0.706
884.000 0.706
885.000 0.707
886.000 0.707
887.000 0.708
888.000 0.708
889.000 0.708
890.000 0.709
891.000 0.709
892.000 0.710
893.000 0.710
894.000 0.710
895.000 0.710
896.000 0.710
897.000 0.710
898.000 0.711
899.000 0.711
900.000 0.712
901.000 0.713
902.000 0.713
903.000 0.713
904.000 0.714
905.000 0.713
906.000 0.713
907.000 0.714
908.000 0.715
909.000 0.715
910.000 0.716
911.000 0.716
912.000 0.715
913.000 0.717
914.000 0.716
915.000 0.717
916.000 0.718
917.000 0.719
918.000 0.718
919.000 0.718
920.000 0.719
921.000 0.718
922.000 0.718
923.000 0.718
924.000 0.719
925.000 0.719
926.000 0.718
927.000 0.717
928.000 0.718
929.000 0.718
930.000 0.719
931.000 0.718
932.000 0.717
933.000 0.718
934.000 0.717
935.000 0.716
936.000 0.716
937.000 0.715
938.000 0.713
939.000 0.711
940.000 0.711
941.000 0.711
942.000 0.713
943.000 0.714
944.000 0.717
945.000 0.714
946.000 0.713
947.000 0.715
948.000 0.713
949.000 0.713
950.000 0.712
951.000 0.711
952.000 0.712
953.000 0.708
954.000 0.708
955.000 0.711
956.000 0.712
957.000 0.710
958.000 0.708
959.000 0.709
960.000 0.705
961.000 0.706
962.000 0.707
963.000 0.705
964.000 0.705
965.000 0.707
966.000 0.706
967.000 0.704
968.000 0.706
969.000 0.707
970.000 0.706
971.000 0.705
972.000 0.706
973.000 0.706
974.000 0.707
975.000 0.708
976.000 0.708
977.000 0.707
978.000 0.707
979.000 0.708
980.000 0.708
981.000 0.708
982.000 0.709
983.000 0.711
984.000 0.709
985.000 0.710
986.000 0.709
987.000 0.707
988.000 0.708
989.000 0.711
990.000 0.714
991.000 0.714
992.000 0.712
993.000 0.713
994.000 0.713
995.000 0.713
996.000 0.716
997.000 0.715
998.000 0.713
999.000 0.714
1000.000 0.717
1001.000 0.717
1002.000 0.717
1003.000 0.718
1004.000 0.720
1005.000 0.719
1006.000 0.720
1007.000 0.720
1008.000 0.719
1009.000 0.719
1010.000 0.720
1011.000 0.720
1012.000 0.721
1013.000 0.722
1014.000 0.724
1015.000 0.725
1016.000 0.725
1017.000 0.726
1018.000 0.726
1019.000 0.727
1020.000 0.729
1021.000 0.730
1022.000 0.731
1023.000 0.730
1024.000 0.731
1025.000 0.730
1026.000 0.730
1027.000 0.730
1028.000 0.730
1029.000 0.730
1030.000 0.730
1031.000 0.730
1032.000 0.730
1033.000 0.730
1034.000 0.729
1035.000 0.729
1036.000 0.731
1037.000 0.733
1038.000 0.734
1039.000 0.737
1040.000 0.736
1041.000 0.735
1042.000 0.735
1043.000 0.735
1044.000 0.736
1045.000 0.736
1046.000 0.737
1047.000 0.737
1048.000 0.736
1049.000 0.736
1050.000 0.736
1051.000 0.737
1052.000 0.737
1053.000 0.737
1054.000 0.739
1055.000 0.740
1056.000 0.740
1057.000 0.741
1058.000 0.740
1059.000 0.741
1060.000 0.741
1061.000 0.742
1062.000 0.743
1063.000 0.743
1064.000 0.741
1065.000 0.742
1066.000 0.742
1067.000 0.742
1068.000 0.742
1069.000 0.742
1070.000 0.740
1071.000 0.740
1072.000 0.741
1073.000 0.740
1074.000 0.740
1075.000 0.741
1076.000 0.742
1077.000 0.741
1078.000 0.741
1079.000 0.741
1080.000 0.741
1081.000 0.742
1082.000 0.742
1083.000 0.742
1084.000 0.743
1085.000 0.743
1086.000 0.743
1087.000 0.744
1088.000 0.744
1089.000 0.744
1090.000 0.744
1091.000 0.744
1092.000 0.743
1093.000 0.744
1094.000 0.744
1095.000 0.743
1096.000 0.744
1097.000 0.743
1098.000 0.743
1099.000 0.743
1100.000 0.743
1101.000 0.744
1102.000 0.744
1103.000 0.744
1104.000 0.744
1105.000 0.742
1106.000 0.742
1107.000 0.741
1108.000 0.742
1109.000 0.742
1110.000 0.741
1111.000 0.740
1112.000 0.739
1113.000 0.737
1114.000 0.736
1115.000 0.736
1116.000 0.738
1117.000 0.739
1118.000 0.741
1119.000 0.742
1120.000 0.741
1121.000 0.740
1122.000 0.738
1123.000 0.738
1124.000 0.739
1125.000 0.740
1126.000 0.740
1127.000 0.738
1128.000 0.734
1129.000 0.731
1130.000 0.728
1131.000 0.727
1132.000 0.728
1133.000 0.730
1134.000 0.732
1135.000 0.733
1136.000 0.733
1137.000 0.733
1138.000 0.731
1139.000 0.729
1140.000 0.727
1141.000 0.724
1142.000 0.722
1143.000 0.719
1144.000 0.717
1145.000 0.716
1146.000 0.714
1147.000 0.712
1148.000 0.711
1149.000 0.710
1150.000 0.707
1151.000 0.706
1152.000 0.704
1153.000 0.702
1154.000 0.701
1155.000 0.700
1156.000 0.700
1157.000 0.699
1158.000 0.698
1159.000 0.698
1160.000 0.696
1161.000 0.696
1162.000 0.697
1163.000 0.697
1164.000 0.698
1165.000 0.698
1166.000 0.699
1167.000 0.699
1168.000 0.700
1169.000 0.700
1170.000 0.700
1171.000 0.700
1172.000 0.700
1173.000 0.699
1174.000 0.699
1175.000 0.700
1176.000 0.700
1177.000 0.699
1178.000 0.698
1179.000 0.697
1180.000 0.696
1181.000 0.697
1182.000 0.697
1183.000 0.699
1184.000 0.700
1185.000 0.700
1186.000 0.701
1187.000 0.700
1188.000 0.699
1189.000 0.699
1190.000 0.699
1191.000 0.700
1192.000 0.701
1193.000 0.701
1194.000 0.700
1195.000 0.700
1196.000 0.699
1197.000 0.699
1198.000 0.699
1199.000 0.699
1200.000 0.699
1201.000 0.699
1202.000 0.701
1203.000 0.701
1204.000 0.701
1205.000 0.702
1206.000 0.702
1207.000 0.704
1208.000 0.705
1209.000 0.705
1210.000 0.705
1211.000 0.704
1212.000 0.703
1213.000 0.703
1214.000 0.703
1215.000 0.703
1216.000 0.703
1217.000 0.703
1218.000 0.704
1219.000 0.705
1220.000 0.706
1221.000 0.707
1222.000 0.707
1223.000 0.706
1224.000 0.706
1225.000 0.705
1226.000 0.706
1227.000 0.707
1228.000 0.707
1229.000 0.708
1230.000 0.709
1231.000 0.708
1232.000 0.707
1233.000 0.707
1234.000 0.707
1235.000 0.707
1236.000 0.707
1237.000 0.708
1238.000 0.708
1239.000 0.709
1240.000 0.710
1241.000 0.711
1242.000 0.711
1243.000 0.711
1244.000 0.712
1245.000 0.712
1246.000 0.713
1247.000 0.713
1248.000 0.712
1249.000 0.711
1250.000 0.711
1251.000 0.711
1252.000 0.712
1253.000 0.712
1254.000 0.713
1255.000 0.713
1256.000 0.714
1257.000 0.715
1258.000 0.715
1259.000 0.715
1260.000 0.716
1261.000 0.715
1262.000 0.716
1263.000 0.716
1264.000 0.717
1265.000 0.718
1266.000 0.718
1267.000 0.716
1268.000 0.716
1269.000 0.715
1270.000 0.715
1271.000 0.715
1272.000 0.716
1273.000 0.717
1274.000 0.718
1275.000 0.718
1276.000 0.719
1277.000 0.720
1278.000 0.721
1279.000 0.721
1280.000 0.720
1281.000 0.720
1282.000 0.720
1283.000 0.720
1284.000 0.721
1285.000 0.720
1286.000 0.720
1287.000 0.720
1288.000 0.719
1289.000 0.719
1290.000 0.718
1291.000 0.718
1292.000 0.718
1293.000 0.717
1294.000 0.717
1295.000 0.717
1296.000 0.717
1297.000 0.716
1298.000 0.716
1299.000 0.715
1300.000 0.715
1301.000 0.715
1302.000 0.715
1303.000 0.714
1304.000 0.713
1305.000 0.711
1306.000 0.709
1307.000 0.707
1308.000 0.706
1309.000 0.706
1310.000 0.705
1311.000 0.705
1312.000 0.704
1313.000 0.704
1314.000 0.703
1315.000 0.699
1316.000 0.697
1317.000 0.695
1318.000 0.693
1319.000 0.691
1320.000 0.689
1321.000 0.688
1322.000 0.686
1323.000 0.684
1324.000 0.684
1325.000 0.683
1326.000 0.680
1327.000 0.678
1328.000 0.677
1329.000 0.676
1330.000 0.675
1331.000 0.674
1332.000 0.672
1333.000 0.669
1334.000 0.667
1335.000 0.664
1336.000 0.659
1337.000 0.656
1338.000 0.655
1339.000 0.653
1340.000 0.651
1341.000 0.649
1342.000 0.648
1343.000 0.646
1344.000 0.646
1345.000 0.645
1346.000 0.642
1347.000 0.640
1348.000 0.637
1349.000 0.634
1350.000 0.634
1351.000 0.642
1352.000 0.647
1353.000 0.659
1354.000 0.679
1355.000 0.693
1356.000 0.736
1357.000 0.710
1358.000 0.727
1359.000 0.638
1360.000 0.640
1361.000 0.535
1362.000 0.562
1363.000 0.265
1364.000 0.313
1365.000 0.365
1366.000 0.376
1367.000 0.313
1368.000 0.353
1369.000 0.393
1370.000 0.430
1371.000 0.319
1372.000 0.277
1373.000 0.284
1374.000 0.234
1375.000 0.430
1376.000 0.640
1377.000 0.624
1378.000 0.513
1379.000 0.596
1380.000 0.508
1381.000 0.501
1382.000 0.451
1383.000 0.586
1384.000 0.483
1385.000 0.416
1386.000 0.405
1387.000 0.406
1388.000 0.326
1389.000 0.263
1390.000 0.508
1391.000 0.663
1392.000 0.693
1393.000 0.507
1394.000 0.601
1395.000 0.503
1396.000 0.475
1397.000 0.605
1398.000 0.618
1399.000 0.584
1400.000 0.556
1401.000 0.578
1402.000 0.515
1403.000 0.457
1404.000 0.408
1405.000 0.483
1406.000 0.646
1407.000 0.606
1408.000 0.407
1409.000 0.491
1410.000 0.608
1411.000 0.640
1412.000 0.595
1413.000 0.481
1414.000 0.458
1415.000 0.446
1416.000 0.508
1417.000 0.529
1418.000 0.470
1419.000 0.375
1420.000 0.339
1421.000 0.353
1422.000 0.324
1423.000 0.323
1424.000 0.330
1425.000 0.333
1426.000 0.340
1427.000 0.389
1428.000 0.400
1429.000 0.367
1430.000 0.358
1431.000 0.351
1432.000 0.339
1433.000 0.330
1434.000 0.326
1435.000 0.308
1436.000 0.303
1437.000 0.323
1438.000 0.321
1439.000 0.321
1440.000 0.317
1441.000 0.294
1442.000 0.280
1443.000 0.261
1444.000 0.263
1445.000 0.289
1446.000 0.296
1447.000 0.325
1448.000 0.326
1449.000 0.293
1450.000 0.270
1451.000 0.262
1452.000 0.253
1453.000 0.252
1454.000 0.256
1455.000 0.260
1456.000 0.269
1457.000 0.274
1458.000 0.281
1459.000 0.286
1460.000 0.289
1461.000 0.290
1462.000 0.296
1463.000 0.290
1464.000 0.274
1465.000 0.267
1466.000 0.254
1467.000 0.254
1468.000 0.268
1469.000 0.274
1470.000 0.288
1471.000 0.294
1472.000 0.290
1473.000 0.291
1474.000 0.290
1475.000 0.293
1476.000 0.300
1477.000 0.301
1478.000 0.303
1479.000 0.303
1480.000 0.298
1481.000 0.295
1482.000 0.293
1483.000 0.291
1484.000 0.291
1485.000 0.291
1486.000 0.293
1487.000 0.293
1488.000 0.291
1489.000 0.291
1490.000 0.290
1491.000 0.289
1492.000 0.289
1493.000 0.290
1494.000 0.291
1495.000 0.291
1496.000 0.291
1497.000 0.293
1498.000 0.295
1499.000 0.297
1500.000 0.301
1501.000 0.304
1502.000 0.308
1503.000 0.312
1504.000 0.314
1505.000 0.315
1506.000 0.318
1507.000 0.320
1508.000 0.321
1509.000 0.324
1510.000 0.325
1511.000 0.325
1512.000 0.326
1513.000 0.327
1514.000 0.329
1515.000 0.329
1516.000 0.330
1517.000 0.331
1518.000 0.335
1519.000 0.340
1520.000 0.343
1521.000 0.347
1522.000 0.349
1523.000 0.348
1524.000 0.349
1525.000 0.352
1526.000 0.354
1527.000 0.357
1528.000 0.361
1529.000 0.365
1530.000 0.368
1531.000 0.372
1532.000 0.374
1533.000 0.372
1534.000 0.373
1535.000 0.372
1536.000 0.373
1537.000 0.375
1538.000 0.377
1539.000 0.382
1540.000 0.385
1541.000 0.387
1542.000 0.390
1543.000 0.390
1544.000 0.392
1545.000 0.396
1546.000 0.398
1547.000 0.400
1548.000 0.402
1549.000 0.405
1550.000 0.406
1551.000 0.407
1552.000 0.408
1553.000 0.408
1554.000 0.409
1555.000 0.411
1556.000 0.413
1557.000 0.416
1558.000 0.417
1559.000 0.419
1560.000 0.419
1561.000 0.418
1562.000 0.419
1563.000 0.419
1564.000 0.420
1565.000 0.421
1566.000 0.423
1567.000 0.427
1568.000 0.429
1569.000 0.431
1570.000 0.433
1571.000 0.435
1572.000 0.436
1573.000 0.437
1574.000 0.438
1575.000 0.438
1576.000 0.439
1577.000 0.441
1578.000 0.444
1579.000 0.447
1580.000 0.450
1581.000 0.452
1582.000 0.454
1583.000 0.456
1584.000 0.458
1585.000 0.459
1586.000 0.461
1587.000 0.462
1588.000 0.464
1589.000 0.465
1590.000 0.467
1591.000 0.468
1592.000 0.470
1593.000 0.473
1594.000 0.474
1595.000 0.474
1596.000 0.474
1597.000 0.472
1598.000 0.473
1599.000 0.478
1600.000 0.481
1601.000 0.485
1602.000 0.487
1603.000 0.485
1604.000 0.485
1605.000 0.487
1606.000 0.487
1607.000 0.488
1608.000 0.488
1609.000 0.487
1610.000 0.487
1611.000 0.489
1612.000 0.490
1613.000 0.493
1614.000 0.496
1615.000 0.501
1616.000 0.503
1617.000 0.502
1618.000 0.502
1619.000 0.500
1620.000 0.499
1621.000 0.498
1622.000 0.498
1623.000 0.498
1624.000 0.499
1625.000 0.500
1626.000 0.502
1627.000 0.504
1628.000 0.506
1629.000 0.507
1630.000 0.508
1631.000 0.508
1632.000 0.509
1633.000 0.510
1634.000 0.511
1635.000 0.511
1636.000 0.512
1637.000 0.511
1638.000 0.512
1639.000 0.513
1640.000 0.515
1641.000 0.517
1642.000 0.518
1643.000 0.519
1644.000 0.519
1645.000 0.520
1646.000 0.520
1647.000 0.521
1648.000 0.523
1649.000 0.526
1650.000 0.526
1651.000 0.525
1652.000 0.524
1653.000 0.521
1654.000 0.520
1655.000 0.520
1656.000 0.521
1657.000 0.521
1658.000 0.522
1659.000 0.521
1660.000 0.522
1661.000 0.524
1662.000 0.525
1663.000 0.528
1664.000 0.528
1665.000 0.523
1666.000 0.522
1667.000 0.522
1668.000 0.522
1669.000 0.524
1670.000 0.526
1671.000 0.526
1672.000 0.526
1673.000 0.527
1674.000 0.526
1675.000 0.525
1676.000 0.523
1677.000 0.519
1678.000 0.519
1679.000 0.522
1680.000 0.523
1681.000 0.529
1682.000 0.530
1683.000 0.529
1684.000 0.528
1685.000 0.528
1686.000 0.527
1687.000 0.527
1688.000 0.527
1689.000 0.527
1690.000 0.528
1691.000 0.532
1692.000 0.532
1693.000 0.531
1694.000 0.529
1695.000 0.522
1696.000 0.520
1697.000 0.524
1698.000 0.524
1699.000 0.526
1700.000 0.526
1701.000 0.524
1702.000 0.522
1703.000 0.519
1704.000 0.518
1705.000 0.516
1706.000 0.516
1707.000 0.519
1708.000 0.518
1709.000 0.515
1710.000 0.515
1711.000 0.516
1712.000 0.518
1713.000 0.521
1714.000 0.522
1715.000 0.520
1716.000 0.519
1717.000 0.520
1718.000 0.520
1719.000 0.520
1720.000 0.517
1721.000 0.515
1722.000 0.515
1723.000 0.513
1724.000 0.512
1725.000 0.510
1726.000 0.505
1727.000 0.503
1728.000 0.505
1729.000 0.507
1730.000 0.509
1731.000 0.507
1732.000 0.506
1733.000 0.507
1734.000 0.508
1735.000 0.509
1736.000 0.509
1737.000 0.506
1738.000 0.498
1739.000 0.494
1740.000 0.492
1741.000 0.489
1742.000 0.489
1743.000 0.489
1744.000 0.490
1745.000 0.491
1746.000 0.494
1747.000 0.495
1748.000 0.493
1749.000 0.490
1750.000 0.485
1751.000 0.483
1752.000 0.483
1753.000 0.483
1754.000 0.484
1755.000 0.484
1756.000 0.480
1757.000 0.479
1758.000 0.478
1759.000 0.477
1760.000 0.478
1761.000 0.476
1762.000 0.471
1763.000 0.466
1764.000 0.463
1765.000 0.465
1766.000 0.467
1767.000 0.467
1768.000 0.466
1769.000 0.464
1770.000 0.465
1771.000 0.470
1772.000 0.477
1773.000 0.474
1774.000 0.474
1775.000 0.474
1776.000 0.468
1777.000 0.474
1778.000 0.475
1779.000 0.470
1780.000 0.468
1781.000 0.460
1782.000 0.456
1783.000 0.456
1784.000 0.454
1785.000 0.464
1786.000 0.468
1787.000 0.472
1788.000 0.474
1789.000 0.473
1790.000 0.467
1791.000 0.459
1792.000 0.449
1793.000 0.450
1794.000 0.448
1795.000 0.445
1796.000 0.457
1797.000 0.468
1798.000 0.477
1799.000 0.504
1800.000 0.497
1801.000 0.579
1802.000 0.620
1803.000 0.613
1804.000 0.615
1805.000 0.639
1806.000 0.586
1807.000 0.588
1808.000 0.627
1809.000 0.606
1810.000 0.612
1811.000 0.614
1812.000 0.528
1813.000 0.448
1814.000 0.447
1815.000 0.442
1816.000 0.466
1817.000 0.669
1818.000 0.620
1819.000 0.553
1820.000 0.501
1821.000 0.398
1822.000 0.448
1823.000 0.536
1824.000 0.586
1825.000 0.545
1826.000 0.429
1827.000 0.512
1828.000 0.533
1829.000 0.529
1830.000 0.511
1831.000 0.575
1832.000 0.689
1833.000 0.830
1834.000 0.666
1835.000 0.630
1836.000 0.596
1837.000 0.649
1838.000 0.481
1839.000 0.642
1840.000 0.524
1841.000 0.561
1842.000 0.511
1843.000 0.576
1844.000 0.475
1845.000 0.352
1846.000 0.275
1847.000 0.392
1848.000 0.372
1849.000 0.607
1850.000 0.555
1851.000 0.333
1852.000 0.517
1853.000 0.561
1854.000 0.660
1855.000 0.454
1856.000 0.470
1857.000 0.775
1858.000 0.584
1859.000 0.508
1860.000 0.397
1861.000 0.292
1862.000 0.322
1863.000 0.566
1864.000 0.601
1865.000 0.565
1866.000 0.487
1867.000 0.452
1868.000 0.447
1869.000 0.478
1870.000 0.587
1871.000 0.595
1872.000 0.567
1873.000 0.358
1874.000 0.559
1875.000 0.559
1876.000 0.563
1877.000 0.470
1878.000 0.482
1879.000 0.432
1880.000 0.565
1881.000 0.425
1882.000 0.360
1883.000 0.454
1884.000 0.505
1885.000 0.401
1886.000 0.365
1887.000 0.413
1888.000 0.394
1889.000 0.406
1890.000 0.443
1891.000 0.522
1892.000 0.568
1893.000 0.666
1894.000 0.539
1895.000 0.497
1896.000 0.499
1897.000 0.550
1898.000 0.533
1899.000 0.382
1900.000 0.446
1901.000 0.235
1902.000 0.203
1903.000 0.304
1904.000 0.315
1905.000 0.261
1906.000 0.227
1907.000 0.360
1908.000 0.490
1909.000 0.374
1910.000 0.397
1911.000 0.582
1912.000 0.609
1913.000 0.574
1914.000 0.650
1915.000 0.577
1916.000 0.511
1917.000 0.556
1918.000 0.486
1919.000 0.424
1920.000 0.510
1921.000 0.546
1922.000 0.490
1923.000 0.400
1924.000 0.432
1925.000 0.498
1926.000 0.509
1927.000 0.457
1928.000 0.525
1929.000 0.406
1930.000 0.506
1931.000 0.466
1932.000 0.573
1933.000 0.377
1934.000 0.370
1935.000 0.574
1936.000 0.491
1937.000 0.593
1938.000 0.610
1939.000 0.565
1940.000 0.522
1941.000 0.470
1942.000 0.545
1943.000 0.471
1944.000 0.404
1945.000 0.640
1946.000 0.533
1947.000 0.755
1948.000 0.671
1949.000 0.510
1950.000 0.540
1951.000 0.498
1952.000 0.491
1953.000 0.493
1954.000 0.318
1955.000 0.359
1956.000 0.367
1957.000 0.444
1958.000 0.376
1959.000 0.387
1960.000 0.337
1961.000 0.289
1962.000 0.276
1963.000 0.332
1964.000 0.371
1965.000 0.426
1966.000 0.332
1967.000 0.389
1968.000 0.471
1969.000 0.360
1970.000 0.271
1971.000 0.270
1972.000 0.222
1973.000 0.226
1974.000 0.246
1975.000 0.243
1976.000 0.241
1977.000 0.244
1978.000 0.262
1979.000 0.249
1980.000 0.261
1981.000 0.234
1982.000 0.214
1983.000 0.199
1984.000 0.185
1985.000 0.196
1986.000 0.193
1987.000 0.211
1988.000 0.198
1989.000 0.182
1990.000 0.181
1991.000 0.194
1992.000 0.193
1993.000 0.214
1994.000 0.251
1995.000 0.260
1996.000 0.267
1997.000 0.329
1998.000 0.321
1999.000 0.338
2000.000 0.398
2001.000 0.423
2002.000 0.447
2003.000 0.400
2004.000 0.359
2005.000 0.322
2006.000 0.241
2007.000 0.188
2008.000 0.196
2009.000 0.180
2010.000 0.179
2011.000 0.216
2012.000 0.202
2013.000 0.195
2014.000 0.194
2015.000 0.184
2016.000 0.184
2017.000 0.189
2018.000 0.205
2019.000 0.231
2020.000 0.243
2021.000 0.263
2022.000 0.263
2023.000 0.254
2024.000 0.262
2025.000 0.264
2026.000 0.267
2027.000 0.270
2028.000 0.272
2029.000 0.274
2030.000 0.278
2031.000 0.276
2032.000 0.279
2033.000 0.271
2034.000 0.249
2035.000 0.236
2036.000 0.221
2037.000 0.211
2038.000 0.210
2039.000 0.212
2040.000 0.218
2041.000 0.216
2042.000 0.210
2043.000 0.194
2044.000 0.185
2045.000 0.175
2046.000 0.177
2047.000 0.192
2048.000 0.198
2049.000 0.209
2050.000 0.215
2051.000 0.223
2052.000 0.238
2053.000 0.256
2054.000 0.265
2055.000 0.264
2056.000 0.253
2057.000 0.245
2058.000 0.234
2059.000 0.225
2060.000 0.214
2061.000 0.214
2062.000 0.208
2063.000 0.216
2064.000 0.246
2065.000 0.256
2066.000 0.264
2067.000 0.270
2068.000 0.268
2069.000 0.268
2070.000 0.248
2071.000 0.234
2072.000 0.230
2073.000 0.228
2074.000 0.226
2075.000 0.232
2076.000 0.236
2077.000 0.227
2078.000 0.232
2079.000 0.259
2080.000 0.271
2081.000 0.277
2082.000 0.301
2083.000 0.295
2084.000 0.278
2085.000 0.281
2086.000 0.277
2087.000 0.281
2088.000 0.299
2089.000 0.299
2090.000 0.293
2091.000 0.289
2092.000 0.272
2093.000 0.270
2094.000 0.280
2095.000 0.283
2096.000 0.294
2097.000 0.297
2098.000 0.298
2099.000 0.290
2100.000 0.288
2101.000 0.281
2102.000 0.284
2103.000 0.292
2104.000 0.285
2105.000 0.273
2106.000 0.270
2107.000 0.254
2108.000 0.256
2109.000 0.284
2110.000 0.294
2111.000 0.304
2112.000 0.308
2113.000 0.303
2114.000 0.296
2115.000 0.276
2116.000 0.272
2117.000 0.277
2118.000 0.276
2119.000 0.289
2120.000 0.303
2121.000 0.298
2122.000 0.292
2123.000 0.290
2124.000 0.284
2125.000 0.280
2126.000 0.278
2127.000 0.279
2128.000 0.276
2129.000 0.278
2130.000 0.293
2131.000 0.299
2132.000 0.311
2133.000 0.306
2134.000 0.278
2135.000 0.273
2136.000 0.271
2137.000 0.271
2138.000 0.293
2139.000 0.318
2140.000 0.338
2141.000 0.352
2142.000 0.354
2143.000 0.345
2144.000 0.336
2145.000 0.312
2146.000 0.299
2147.000 0.284
2148.000 0.284
2149.000 0.294
2150.000 0.307
2151.000 0.346
2152.000 0.363
2153.000 0.376
2154.000 0.374
2155.000 0.349
2156.000 0.329
2157.000 0.325
2158.000 0.333
2159.000 0.330
2160.000 0.322
2161.000 0.318
2162.000 0.304
2163.000 0.302
2164.000 0.311
2165.000 0.318
2166.000 0.331
2167.000 0.339
2168.000 0.342
2169.000 0.350
2170.000 0.359
2171.000 0.361
2172.000 0.369
2173.000 0.369
2174.000 0.355
2175.000 0.346
2176.000 0.337
2177.000 0.333
2178.000 0.327
2179.000 0.330
2180.000 0.326
2181.000 0.329
2182.000 0.327
2183.000 0.321
2184.000 0.320
2185.000 0.325
2186.000 0.319
2187.000 0.310
2188.000 0.308
2189.000 0.299
2190.000 0.301
2191.000 0.314
2192.000 0.322
2193.000 0.341
2194.000 0.347
2195.000 0.343
2196.000 0.343
2197.000 0.326
2198.000 0.322
2199.000 0.335
2200.000 0.338
2201.000 0.338
2202.000 0.350
2203.000 0.340
2204.000 0.322
2205.000 0.320
2206.000 0.308
2207.000 0.313
2208.000 0.334
2209.000 0.332
2210.000 0.323
2211.000 0.314
2212.000 0.289
2213.000 0.284
2214.000 0.288
2215.000 0.294
2216.000 0.312
2217.000 0.322
2218.000 0.334
2219.000 0.342
2220.000 0.345
2221.000 0.349
2222.000 0.350
2223.000 0.352
2224.000 0.356
2225.000 0.353
2226.000 0.351
2227.000 0.336
2228.000 0.316
2229.000 0.307
2230.000 0.308
2231.000 0.309
2232.000 0.318
2233.000 0.326
2234.000 0.327
2235.000 0.328
2236.000 0.333
2237.000 0.334
2238.000 0.338
2239.000 0.352
2240.000 0.348
2241.000 0.339
2242.000 0.327
2243.000 0.297
2244.000 0.291
2245.000 0.296
2246.000 0.297
2247.000 0.305
2248.000 0.313
2249.000 0.318
2250.000 0.326
2251.000 0.346
2252.000 0.351
2253.000 0.337
2254.000 0.335
2255.000 0.333
2256.000 0.330
2257.000 0.330
2258.000 0.328
2259.000 0.317
2260.000 0.315
2261.000 0.317
2262.000 0.312
2263.000 0.318
2264.000 0.320
2265.000 0.318
2266.000 0.331
2267.000 0.338
2268.000 0.323
2269.000 0.318
2270.000 0.308
2271.000 0.286
2272.000 0.301
2273.000 0.302
2274.000 0.302
2275.000 0.297
2276.000 0.287
2277.000 0.280
2278.000 0.265
2279.000 0.263
2280.000 0.270
2281.000 0.281
2282.000 0.305
2283.000 0.326
2284.000 0.357
2285.000 0.376
2286.000 0.393
2287.000 0.387
2288.000 0.347
2289.000 0.339
2290.000 0.337
2291.000 0.334
2292.000 0.351
2293.000 0.353
2294.000 0.347
2295.000 0.340
2296.000 0.317
2297.000 0.320
2298.000 0.321
2299.000 0.308
2300.000 0.310
2301.000 0.307
2302.000 0.290
2303.000 0.302
2304.000 0.312
2305.000 0.337
2306.000 0.370
2307.000 0.390
2308.000 0.308
2309.000 0.246
2310.000 0.227
2311.000 0.226
2312.000 0.251
2313.000 0.299
2314.000 0.341
2315.000 0.378
2316.000 0.388
2317.000 0.374
2318.000 0.343
2319.000 0.290
2320.000 0.300
2321.000 0.317
2322.000 0.347
2323.000 0.412
2324.000 0.416
2325.000 0.355
2326.000 0.355
2327.000 0.317
2328.000 0.309
2329.000 0.305
2330.000 0.315
2331.000 0.333
2332.000 0.344
2333.000 0.358
2334.000 0.340
2335.000 0.319
2336.000 0.318
2337.000 0.309
2338.000 0.301
2339.000 0.333
2340.000 0.305
2341.000 0.252
2342.000 0.236
2343.000 0.196
2344.000 0.216
2345.000 0.253
2346.000 0.258
2347.000 0.354
2348.000 0.363
2349.000 0.428
2350.000 0.443
2351.000 0.327
2352.000 0.364
2353.000 0.422
2354.000 0.348
2355.000 0.291
2356.000 0.341
2357.000 0.354
2358.000 0.228
2359.000 0.209
2360.000 0.259
2361.000 0.201
2362.000 0.168
2363.000 0.193
2364.000 0.183
2365.000 0.162
2366.000 0.153
2367.000 0.156
2368.000 0.237
2369.000 0.382
2370.000 0.394
2371.000 0.405
2372.000 0.240
2373.000 0.359
2374.000 0.435
2375.000 0.306
2376.000 0.381
2377.000 0.266
2378.000 0.225
2379.000 0.192
2380.000 0.245
2381.000 0.315
2382.000 0.425
2383.000 0.339
2384.000 0.575
2385.000 0.674
2386.000 0.425
2387.000 0.466
2388.000 0.523
2389.000 0.376
2390.000 0.393
2391.000 0.383
2392.000 0.257
2393.000 0.226
2394.000 0.223
2395.000 0.219
2396.000 0.350
2397.000 0.335
2398.000 0.340
2399.000 0.360
2400.000 0.358
2401.000 0.357
2402.000 0.217
2403.000 0.184
2404.000 0.260
2405.000 0.303
2406.000 0.326
2407.000 0.353
2408.000 0.299
2409.000 0.418
2410.000 0.387
2411.000 0.282
2412.000 0.381
2413.000 0.427
2414.000 0.263
2415.000 0.365
2416.000 0.281
2417.000 0.594
2418.000 0.372
2419.000 0.436
2420.000 0.314
2421.000 0.285
2422.000 0.298
2423.000 0.367
2424.000 0.316
2425.000 0.334
2426.000 0.420
2427.000 0.308
2428.000 0.348
2429.000 0.389
2430.000 0.462
2431.000 0.401
2432.000 0.355
2433.000 0.407
2434.000 0.471
2435.000 0.611
2436.000 0.478
2437.000 0.417
2438.000 0.539
2439.000 0.502
2440.000 0.505
2441.000 0.435
2442.000 0.341
2443.000 0.275
2444.000 0.249
2445.000 0.157
2446.000 0.400
2447.000 0.318
2448.000 0.312
2449.000 0.473
2450.000 0.528
2451.000 0.487
2452.000 0.479
2453.000 0.382
2454.000 0.390
2455.000 0.402
2456.000 0.309
2457.000 0.287
2458.000 0.458
2459.000 0.465
2460.000 0.545
2461.000 0.319
2462.000 0.246
2463.000 0.446
2464.000 0.539
2465.000 0.394
2466.000 0.287
2467.000 0.261
2468.000 0.265
2469.000 0.423
2470.000 0.484
2471.000 0.407
2472.000 0.245
2473.000 0.390
2474.000 0.305
2475.000 0.332
2476.000 0.244
2477.000 0.229
2478.000 0.189
2479.000 0.190
2480.000 0.218
2481.000 0.340
2482.000 0.648
2483.000 0.663
2484.000 0.670
2485.000 0.651
2486.000 0.467
2487.000 0.513
2488.000 0.658
2489.000 0.247
2490.000 0.337
2491.000 0.556
2492.000 0.363
2493.000 0.542
2494.000 0.583
2495.000 0.379
2496.000 0.464
2497.000 0.544
2498.000 0.448
2499.000 0.309
2500.000 0.238
