391.000 0.042
392.000 0.038
393.000 0.036
394.000 0.042
395.000 0.043
396.000 0.040
397.000 0.039
398.000 0.043
399.000 0.042
400.000 0.042
401.000 0.044
402.000 0.043
403.000 0.039
404.000 0.036
405.000 0.041
406.000 0.041
407.000 0.040
408.000 0.039
409.000 0.037
410.000 0.038
411.000 0.039
412.000 0.040
413.000 0.039
414.000 0.038
415.000 0.038
416.000 0.042
417.000 0.042
418.000 0.041
419.000 0.039
420.000 0.039
421.000 0.040
422.000 0.040
423.000 0.038
424.000 0.040
425.000 0.040
426.000 0.039
427.000 0.040
428.000 0.041
429.000 0.043
430.000 0.043
431.000 0.040
432.000 0.039
433.000 0.040
434.000 0.039
435.000 0.040
436.000 0.040
437.000 0.040
438.000 0.040
439.000 0.040
440.000 0.040
441.000 0.041
442.000 0.038
443.000 0.039
444.000 0.039
445.000 0.039
446.000 0.041
447.000 0.041
448.000 0.041
449.000 0.040
450.000 0.040
451.000 0.040
452.000 0.040
453.000 0.040
454.000 0.039
455.000 0.039
456.000 0.040
457.000 0.040
458.000 0.040
459.000 0.039
460.000 0.040
461.000 0.040
462.000 0.040
463.000 0.041
464.000 0.041
465.000 0.040
466.000 0.041
467.000 0.042
468.000 0.042
469.000 0.040
470.000 0.040
471.000 0.041
472.000 0.042
473.000 0.041
474.000 0.040
475.000 0.040
476.000 0.041
477.000 0.042
478.000 0.042
479.000 0.041
480.000 0.039
481.000 0.039
482.000 0.041
483.000 0.041
484.000 0.041
485.000 0.041
486.000 0.041
487.000 0.041
488.000 0.041
489.000 0.040
490.000 0.042
491.000 0.043
492.000 0.043
493.000 0.043
494.000 0.042
495.000 0.042
496.000 0.043
497.000 0.043
498.000 0.044
499.000 0.044
500.000 0.044
501.000 0.045
502.000 0.045
503.000 0.046
504.000 0.047
505.000 0.047
506.000 0.048
507.000 0.049
508.000 0.050
509.000 0.051
510.000 0.052
511.000 0.054
512.000 0.055
513.000 0.056
514.000 0.058
515.000 0.061
516.000 0.063
517.000 0.065
518.000 0.068
519.000 0.070
520.000 0.072
521.000 0.075
522.000 0.078
523.000 0.081
524.000 0.083
525.000 0.086
526.000 0.089
527.000 0.092
528.000 0.094
529.000 0.097
530.000 0.099
531.000 0.101
532.000 0.103
533.000 0.105
534.000 0.106
535.000 0.108
536.000 0.110
537.000 0.110
538.000 0.111
539.000 0.112
540.000 0.113
541.000 0.113
542.000 0.114
543.000 0.114
544.000 0.115
545.000 0.115
546.000 0.116
547.000 0.116
548.000 0.116
549.000 0.116
550.000 0.116
551.000 0.117
552.000 0.117
553.000 0.117
554.000 0.116
555.000 0.116
556.000 0.116
557.000 0.116
558.000 0.115
559.000 0.113
560.000 0.113
561.000 0.112
562.000 0.109
563.000 0.108
564.000 0.107
565.000 0.105
566.000 0.103
567.000 0.102
568.000 0.099
569.000 0.098
570.000 0.096
571.000 0.094
572.000 0.092
573.000 0.090
574.000 0.089
575.000 0.088
576.000 0.086
577.000 0.084
578.000 0.083
579.000 0.081
580.000 0.081
581.000 0.080
582.000 0.079
583.000 0.077
584.000 0.077
585.000 0.076
586.000 0.075
587.000 0.075
588.000 0.075
589.000 0.074
590.000 0.073
591.000 0.072
592.000 0.072
593.000 0.071
594.000 0.069
595.000 0.070
596.000 0.070
597.000 0.070
598.000 0.069
599.000 0.070
600.000 0.069
601.000 0.068
602.000 0.068
603.000 0.068
604.000 0.067
605.000 0.067
606.000 0.066
607.000 0.066
608.000 0.065
609.000 0.065
610.000 0.065
611.000 0.064
612.000 0.064
613.000 0.064
614.000 0.063
615.000 0.062
616.000 0.062
617.000 0.061
618.000 0.061
619.000 0.060
620.000 0.059
621.000 0.060
622.000 0.061
623.000 0.060
624.000 0.059
625.000 0.060
626.000 0.060
627.000 0.060
628.000 0.060
629.000 0.059
630.000 0.060
631.000 0.058
632.000 0.058
633.000 0.059
634.000 0.058
635.000 0.058
636.000 0.058
637.000 0.057
638.000 0.056
639.000 0.055
640.000 0.056
641.000 0.055
642.000 0.055
643.000 0.054
644.000 0.052
645.000 0.052
646.000 0.053
647.000 0.053
648.000 0.052
649.000 0.051
650.000 0.051
651.000 0.051
652.000 0.051
653.000 0.050
654.000 0.051
655.000 0.050
656.000 0.051
657.000 0.051
658.000 0.051
659.000 0.051
660.000 0.050
661.000 0.050
662.000 0.050
663.000 0.049
664.000 0.049
665.000 0.049
666.000 0.050
667.000 0.052
668.000 0.053
669.000 0.052
670.000 0.051
671.000 0.052
672.000 0.053
673.000 0.052
674.000 0.052
675.000 0.052
676.000 0.053
677.000 0.054
678.000 0.055
679.000 0.055
680.000 0.057
681.000 0.057
682.000 0.058
683.000 0.059
684.000 0.060
685.000 0.061
686.000 0.064
687.000 0.066
688.000 0.068
689.000 0.069
690.000 0.071
691.000 0.074
692.000 0.076
693.000 0.080
694.000 0.086
695.000 0.092
696.000 0.099
697.000 0.105
698.000 0.113
699.000 0.123
700.000 0.133
701.000 0.144
702.000 0.154
703.000 0.165
704.000 0.176
705.000 0.187
706.000 0.198
707.000 0.210
708.000 0.222
709.000 0.234
710.000 0.246
711.000 0.258
712.000 0.270
713.000 0.283
714.000 0.295
715.000 0.308
716.000 0.321
717.000 0.334
718.000 0.347
719.000 0.362
720.000 0.376
721.000 0.390
722.000 0.401
723.000 0.413
724.000 0.426
725.000 0.439
726.000 0.452
727.000 0.464
728.000 0.475
729.000 0.486
730.000 0.496
731.000 0.506
732.000 0.516
733.000 0.526
734.000 0.534
735.000 0.543
736.000 0.550
737.000 0.556
738.000 0.562
739.000 0.569
740.000 0.575
741.000 0.578
742.000 0.579
743.000 0.584
744.000 0.588
745.000 0.592
746.000 0.596
747.000 0.588
748.000 0.591
749.000 0.594
750.000 0.597
751.000 0.599
752.000 0.601
753.000 0.603
754.000 0.605
755.000 0.607
756.000 0.609
757.000 0.610
758.000 0.611
759.000 0.612
760.000 0.613
761.000 0.616
762.000 0.616
763.000 0.616
764.000 0.617
765.000 0.618
766.000 0.619
767.000 0.619
768.000 0.620
769.000 0.620
770.000 0.621
771.000 0.622
772.000 0.622
773.000 0.623
774.000 0.623
775.000 0.624
776.000 0.624
777.000 0.625
778.000 0.625
779.000 0.626
780.000 0.626
781.000 0.627
782.000 0.628
783.000 0.628
784.000 0.629
785.000 0.629
786.000 0.630
787.000 0.630
788.000 0.630
789.000 0.631
790.000 0.631
791.000 0.632
792.000 0.633
793.000 0.633
794.000 0.633
795.000 0.634
796.000 0.634
797.000 0.635
798.000 0.635
799.000 0.636
800.000 0.636
801.000 0.637
802.000 0.637
803.000 0.638
804.000 0.639
805.000 0.639
806.000 0.639
807.000 0.640
808.000 0.641
809.000 0.641
810.000 0.642
811.000 0.642
812.000 0.642
813.000 0.643
814.000 0.643
815.000 0.643
816.000 0.643
817.000 0.644
818.000 0.645
819.000 0.645
820.000 0.646
821.000 0.646
822.000 0.647
823.000 0.648
824.000 0.648
825.000 0.648
826.000 0.649
827.000 0.650
828.000 0.650
829.000 0.650
830.000 0.651
831.000 0.651
832.000 0.652
833.000 0.652
834.000 0.653
835.000 0.654
836.000 0.654
837.000 0.654
838.000 0.655
839.000 0.656
840.000 0.656
841.000 0.656
842.000 0.657
843.000 0.657
844.000 0.658
845.000 0.659
846.000 0.659
847.000 0.659
848.000 0.660
849.000 0.660
850.000 0.661
851.000 0.661
852.000 0.661
853.000 0.661
854.000 0.662
855.000 0.662
856.000 0.662
857.000 0.663
858.000 0.664
859.000 0.664
860.000 0.664
861.000 0.664
862.000 0.665
863.000 0.665
864.000 0.666
865.000 0.666
866.000 0.667
867.000 0.667
868.000 0.668
869.000 0.668
870.000 0.668
871.000 0.669
872.000 0.669
873.000 0.670
874.000 0.670
875.000 0.670
876.000 0.671
877.000 0.671
878.000 0.671
879.000 0.672
880.000 0.673
881.000 0.673
882.000 0.674
883.000 0.674
884.000 0.674
885.000 0.675
886.000 0.676
887.000 0.676
888.000 0.677
889.000 0.677
890.000 0.677
891.000 0.678
892.000 0.678
893.000 0.678
894.000 0.678
895.000 0.678
896.000 0.678
897.000 0.680
898.000 0.681
899.000 0.681
900.000 0.681
901.000 0.682
902.000 0.682
903.000 0.683
904.000 0.683
905.000 0.683
906.000 0.684
907.000 0.684
908.000 0.685
909.000 0.685
910.000 0.685
911.000 0.685
912.000 0.686
913.000 0.686
914.000 0.687
915.000 0.687
916.000 0.688
917.000 0.688
918.000 0.688
919.000 0.688
920.000 0.689
921.000 0.689
922.000 0.689
923.000 0.690
924.000 0.690
925.000 0.689
926.000 0.689
927.000 0.689
928.000 0.689
929.000 0.688
930.000 0.688
931.000 0.688
932.000 0.687
933.000 0.688
934.000 0.690
935.000 0.688
936.000 0.687
937.000 0.686
938.000 0.686
939.000 0.687
940.000 0.686
941.000 0.686
942.000 0.685
943.000 0.685
944.000 0.684
945.000 0.685
946.000 0.685
947.000 0.684
948.000 0.683
949.000 0.683
950.000 0.681
951.000 0.680
952.000 0.680
953.000 0.680
954.000 0.680
955.000 0.680
956.000 0.680
957.000 0.680
958.000 0.681
959.000 0.679
960.000 0.679
961.000 0.679
962.000 0.679
963.000 0.680
964.000 0.681
965.000 0.681
966.000 0.680
967.000 0.679
968.000 0.679
969.000 0.679
970.000 0.680
971.000 0.681
972.000 0.681
973.000 0.681
974.000 0.682
975.000 0.682
976.000 0.681
977.000 0.682
978.000 0.682
979.000 0.682
980.000 0.682
981.000 0.684
982.000 0.683
983.000 0.683
984.000 0.684
985.000 0.686
986.000 0.685
987.000 0.686
988.000 0.687
989.000 0.689
990.000 0.689
991.000 0.687
992.000 0.689
993.000 0.691
994.000 0.691
995.000 0.692
996.000 0.692
997.000 0.692
998.000 0.692
999.000 0.693
1000.000 0.694
1001.000 0.694
1002.000 0.695
1003.000 0.695
1004.000 0.696
1005.000 0.697
1006.000 0.697
1007.000 0.699
1008.000 0.700
1009.000 0.700
1010.000 0.701
1011.000 0.701
1012.000 0.702
1013.000 0.702
1014.000 0.704
1015.000 0.704
1016.000 0.703
1017.000 0.704
1018.000 0.704
1019.000 0.704
1020.000 0.705
1021.000 0.706
1022.000 0.707
1023.000 0.707
1024.000 0.707
1025.000 0.708
1026.000 0.708
1027.000 0.709
1028.000 0.710
1029.000 0.709
1030.000 0.710
1031.000 0.711
1032.000 0.712
1033.000 0.713
1034.000 0.714
1035.000 0.714
1036.000 0.714
1037.000 0.715
1038.000 0.715
1039.000 0.716
1040.000 0.716
1041.000 0.716
1042.000 0.716
1043.000 0.717
1044.000 0.717
1045.000 0.718
1046.000 0.718
1047.000 0.719
1048.000 0.719
1049.000 0.720
1050.000 0.720
1051.000 0.720
1052.000 0.721
1053.000 0.721
1054.000 0.721
1055.000 0.722
1056.000 0.723
1057.000 0.723
1058.000 0.724
1059.000 0.724
1060.000 0.724
1061.000 0.724
1062.000 0.724
1063.000 0.724
1064.000 0.725
1065.000 0.726
1066.000 0.726
1067.000 0.726
1068.000 0.726
1069.000 0.727
1070.000 0.727
1071.000 0.726
1072.000 0.726
1073.000 0.726
1074.000 0.726
1075.000 0.726
1076.000 0.725
1077.000 0.726
1078.000 0.726
1079.000 0.725
1080.000 0.725
1081.000 0.725
1082.000 0.726
1083.000 0.726
1084.000 0.727
1085.000 0.728
1086.000 0.728
1087.000 0.728
1088.000 0.728
1089.000 0.728
1090.000 0.728
1091.000 0.728
1092.000 0.729
1093.000 0.729
1094.000 0.729
1095.000 0.729
1096.000 0.728
1097.000 0.728
1098.000 0.728
1099.000 0.728
1100.000 0.729
1101.000 0.730
1102.000 0.730
1103.000 0.730
1104.000 0.730
1105.000 0.730
1106.000 0.729
1107.000 0.728
1108.000 0.728
1109.000 0.727
1110.000 0.727
1111.000 0.727
1112.000 0.728
1113.000 0.728
1114.000 0.727
1115.000 0.728
1116.000 0.727
1117.000 0.726
1118.000 0.726
1119.000 0.726
1120.000 0.724
1121.000 0.724
1122.000 0.725
1123.000 0.726
1124.000 0.743
1125.000 0.743
1126.000 0.741
1127.000 0.725
1128.000 0.724
1129.000 0.722
1130.000 0.720
1131.000 0.720
1132.000 0.717
1133.000 0.714
1134.000 0.713
1135.000 0.713
1136.000 0.714
1137.000 0.714
1138.000 0.714
1139.000 0.712
1140.000 0.711
1141.000 0.709
1142.000 0.707
1143.000 0.706
1144.000 0.704
1145.000 0.702
1146.000 0.700
1147.000 0.698
1148.000 0.697
1149.000 0.695
1150.000 0.695
1151.000 0.695
1152.000 0.694
1153.000 0.692
1154.000 0.691
1155.000 0.691
1156.000 0.690
1157.000 0.690
1158.000 0.690
1159.000 0.690
1160.000 0.690
1161.000 0.690
1162.000 0.690
1163.000 0.690
1164.000 0.690
1165.000 0.690
1166.000 0.689
1167.000 0.689
1168.000 0.689
1169.000 0.690
1170.000 0.690
1171.000 0.690
1172.000 0.691
1173.000 0.690
1174.000 0.690
1175.000 0.691
1176.000 0.691
1177.000 0.691
1178.000 0.691
1179.000 0.690
1180.000 0.691
1181.000 0.691
1182.000 0.691
1183.000 0.691
1184.000 0.691
1185.000 0.692
1186.000 0.692
1187.000 0.692
1188.000 0.692
1189.000 0.692
1190.000 0.691
1191.000 0.691
1192.000 0.692
1193.000 0.692
1194.000 0.693
1195.000 0.693
1196.000 0.694
1197.000 0.694
1198.000 0.694
1199.000 0.695
1200.000 0.694
1201.000 0.695
1202.000 0.695
1203.000 0.696
1204.000 0.696
1205.000 0.696
1206.000 0.696
1207.000 0.697
1208.000 0.698
1209.000 0.698
1210.000 0.698
1211.000 0.699
1212.000 0.700
1213.000 0.699
1214.000 0.700
1215.000 0.700
1216.000 0.700
1217.000 0.700
1218.000 0.701
1219.000 0.701
1220.000 0.701
1221.000 0.702
1222.000 0.702
1223.000 0.702
1224.000 0.702
1225.000 0.702
1226.000 0.702
1227.000 0.702
1228.000 0.702
1229.000 0.702
1230.000 0.703
1231.000 0.703
1232.000 0.703
1233.000 0.704
1234.000 0.704
1235.000 0.705
1236.000 0.706
1237.000 0.706
1238.000 0.706
1239.000 0.707
1240.000 0.707
1241.000 0.707
1242.000 0.708
1243.000 0.708
1244.000 0.708
1245.000 0.709
1246.000 0.708
1247.000 0.709
1248.000 0.709
1249.000 0.709
1250.000 0.710
1251.000 0.710
1252.000 0.710
1253.000 0.711
1254.000 0.711
1255.000 0.711
1256.000 0.711
1257.000 0.712
1258.000 0.712
1259.000 0.712
1260.000 0.712
1261.000 0.712
1262.000 0.713
1263.000 0.712
1264.000 0.713
1265.000 0.714
1266.000 0.714
1267.000 0.714
1268.000 0.714
1269.000 0.715
1270.000 0.715
1271.000 0.715
1272.000 0.716
1273.000 0.716
1274.000 0.716
1275.000 0.716
1276.000 0.716
1277.000 0.717
1278.000 0.717
1279.000 0.717
1280.000 0.718
1281.000 0.718
1282.000 0.718
1283.000 0.718
1284.000 0.718
1285.000 0.718
1286.000 0.718
1287.000 0.718
1288.000 0.718
1289.000 0.717
1290.000 0.716
1291.000 0.716
1292.000 0.715
1293.000 0.714
1294.000 0.715
1295.000 0.714
1296.000 0.714
1297.000 0.713
1298.000 0.712
1299.000 0.712
1300.000 0.711
1301.000 0.709
1302.000 0.709
1303.000 0.708
1304.000 0.707
1305.000 0.706
1306.000 0.705
1307.000 0.703
1308.000 0.702
1309.000 0.701
1310.000 0.700
1311.000 0.700
1312.000 0.699
1313.000 0.697
1314.000 0.696
1315.000 0.693
1316.000 0.690
1317.000 0.688
1318.000 0.687
1319.000 0.685
1320.000 0.685
1321.000 0.683
1322.000 0.681
1323.000 0.680
1324.000 0.678
1325.000 0.677
1326.000 0.675
1327.000 0.672
1328.000 0.670
1329.000 0.667
1330.000 0.664
1331.000 0.661
1332.000 0.659
1333.000 0.656
1334.000 0.669
1335.000 0.666
1336.000 0.663
1337.000 0.660
1338.000 0.659
1339.000 0.658
1340.000 0.657
1341.000 0.661
1342.000 0.657
1343.000 0.656
1344.000 0.655
1345.000 0.654
1346.000 0.658
1347.000 0.663
1348.000 0.666
1349.000 0.663
1350.000 0.667
1351.000 0.668
1352.000 0.675
1353.000 0.697
1354.000 0.715
1355.000 0.738
1356.000 0.788
1357.000 0.803
1358.000 0.755
1359.000 0.702
1360.000 0.589
1361.000 0.486
1362.000 0.363
1363.000 0.305
1364.000 0.265
1365.000 0.216
1366.000 0.496
1367.000 0.515
1368.000 0.523
1369.000 0.507
1370.000 0.572
1371.000 0.591
1372.000 0.894
1373.000 0.800
1374.000 0.623
1375.000 0.519
1376.000 0.272
1377.000 0.281
1378.000 0.630
1379.000 0.578
1380.000 0.575
1381.000 0.642
1382.000 0.602
1383.000 0.643
1384.000 0.599
1385.000 0.561
1386.000 0.361
1387.000 0.371
1388.000 0.188
1389.000 0.180
1390.000 0.524
1391.000 0.371
1392.000 0.383
1393.000 0.402
1394.000 0.368
1395.000 0.355
1396.000 0.358
1397.000 0.438
1398.000 0.417
1399.000 0.421
1400.000 0.397
1401.000 0.477
1402.000 0.458
1403.000 0.550
1404.000 0.512
1405.000 0.491
1406.000 0.547
1407.000 0.588
1408.000 0.597
1409.000 0.595
1410.000 0.558
1411.000 0.391
1412.000 0.346
1413.000 0.316
1414.000 0.310
1415.000 0.331
1416.000 0.309
1417.000 0.264
1418.000 0.267
1419.000 0.254
1420.000 0.247
1421.000 0.248
1422.000 0.247
1423.000 0.245
1424.000 0.242
1425.000 0.239
1426.000 0.244
1427.000 0.257
1428.000 0.258
1429.000 0.250
1430.000 0.250
1431.000 0.244
1432.000 0.245
1433.000 0.259
1434.000 0.260
1435.000 0.256
1436.000 0.248
1437.000 0.234
1438.000 0.226
1439.000 0.219
1440.000 0.215
1441.000 0.216
1442.000 0.215
1443.000 0.212
1444.000 0.212
1445.000 0.215
1446.000 0.215
1447.000 0.215
1448.000 0.217
1449.000 0.219
1450.000 0.220
1451.000 0.222
1452.000 0.224
1453.000 0.223
1454.000 0.219
1455.000 0.219
1456.000 0.220
1457.000 0.219
1458.000 0.218
1459.000 0.219
1460.000 0.218
1461.000 0.219
1462.000 0.222
1463.000 0.222
1464.000 0.218
1465.000 0.217
1466.000 0.218
1467.000 0.220
1468.000 0.226
1469.000 0.229
1470.000 0.229
1471.000 0.232
1472.000 0.236
1473.000 0.239
1474.000 0.245
1475.000 0.246
1476.000 0.244
1477.000 0.245
1478.000 0.247
1479.000 0.247
1480.000 0.249
1481.000 0.252
1482.000 0.254
1483.000 0.255
1484.000 0.259
1485.000 0.260
1486.000 0.259
1487.000 0.261
1488.000 0.261
1489.000 0.263
1490.000 0.265
1491.000 0.267
1492.000 0.271
1493.000 0.275
1494.000 0.278
1495.000 0.280
1496.000 0.282
1497.000 0.284
1498.000 0.286
1499.000 0.288
1500.000 0.290
1501.000 0.291
1502.000 0.293
1503.000 0.295
1504.000 0.297
1505.000 0.298
1506.000 0.301
1507.000 0.304
1508.000 0.306
1509.000 0.309
1510.000 0.311
1511.000 0.313
1512.000 0.314
1513.000 0.316
1514.000 0.318
1515.000 0.319
1516.000 0.322
1517.000 0.324
1518.000 0.326
1519.000 0.329
1520.000 0.331
1521.000 0.333
1522.000 0.335
1523.000 0.338
1524.000 0.340
1525.000 0.342
1526.000 0.344
1527.000 0.346
1528.000 0.348
1529.000 0.351
1530.000 0.354
1531.000 0.357
1532.000 0.359
1533.000 0.362
1534.000 0.364
1535.000 0.365
1536.000 0.368
1537.000 0.370
1538.000 0.373
1539.000 0.376
1540.000 0.379
1541.000 0.381
1542.000 0.383
1543.000 0.385
1544.000 0.386
1545.000 0.388
1546.000 0.390
1547.000 0.391
1548.000 0.393
1549.000 0.396
1550.000 0.397
1551.000 0.398
1552.000 0.400
1553.000 0.402
1554.000 0.404
1555.000 0.406
1556.000 0.408
1557.000 0.410
1558.000 0.412
1559.000 0.414
1560.000 0.416
1561.000 0.419
1562.000 0.421
1563.000 0.424
1564.000 0.426
1565.000 0.427
1566.000 0.428
1567.000 0.429
1568.000 0.430
1569.000 0.433
1570.000 0.436
1571.000 0.438
1572.000 0.439
1573.000 0.440
1574.000 0.442
1575.000 0.444
1576.000 0.446
1577.000 0.447
1578.000 0.449
1579.000 0.451
1580.000 0.453
1581.000 0.455
1582.000 0.456
1583.000 0.457
1584.000 0.458
1585.000 0.459
1586.000 0.460
1587.000 0.462
1588.000 0.463
1589.000 0.465
1590.000 0.467
1591.000 0.469
1592.000 0.470
1593.000 0.473
1594.000 0.473
1595.000 0.473
1596.000 0.475
1597.000 0.476
1598.000 0.478
1599.000 0.480
1600.000 0.482
1601.000 0.484
1602.000 0.485
1603.000 0.486
1604.000 0.487
1605.000 0.489
1606.000 0.490
1607.000 0.491
1608.000 0.492
1609.000 0.492
1610.000 0.493
1611.000 0.494
1612.000 0.495
1613.000 0.495
1614.000 0.497
1615.000 0.499
1616.000 0.500
1617.000 0.502
1618.000 0.504
1619.000 0.504
1620.000 0.505
1621.000 0.507
1622.000 0.508
1623.000 0.509
1624.000 0.511
1625.000 0.511
1626.000 0.511
1627.000 0.511
1628.000 0.511
1629.000 0.512
1630.000 0.512
1631.000 0.513
1632.000 0.513
1633.000 0.514
1634.000 0.514
1635.000 0.515
1636.000 0.516
1637.000 0.517
1638.000 0.518
1639.000 0.520
1640.000 0.521
1641.000 0.523
1642.000 0.524
1643.000 0.523
1644.000 0.524
1645.000 0.524
1646.000 0.525
1647.000 0.526
1648.000 0.527
1649.000 0.526
1650.000 0.527
1651.000 0.528
1652.000 0.529
1653.000 0.530
1654.000 0.531
1655.000 0.530
1656.000 0.530
1657.000 0.530
1658.000 0.529
1659.000 0.529
1660.000 0.530
1661.000 0.530
1662.000 0.530
1663.000 0.530
1664.000 0.531
1665.000 0.532
1666.000 0.534
1667.000 0.535
1668.000 0.535
1669.000 0.536
1670.000 0.536
1671.000 0.536
1672.000 0.536
1673.000 0.536
1674.000 0.536
1675.000 0.537
1676.000 0.538
1677.000 0.537
1678.000 0.538
1679.000 0.539
1680.000 0.539
1681.000 0.540
1682.000 0.540
1683.000 0.538
1684.000 0.537
1685.000 0.538
1686.000 0.538
1687.000 0.539
1688.000 0.539
1689.000 0.540
1690.000 0.540
1691.000 0.538
1692.000 0.538
1693.000 0.539
1694.000 0.539
1695.000 0.541
1696.000 0.542
1697.000 0.542
1698.000 0.542
1699.000 0.541
1700.000 0.540
1701.000 0.537
1702.000 0.537
1703.000 0.539
1704.000 0.539
1705.000 0.540
1706.000 0.539
1707.000 0.536
1708.000 0.534
1709.000 0.532
1710.000 0.532
1711.000 0.532
1712.000 0.532
1713.000 0.533
1714.000 0.532
1715.000 0.532
1716.000 0.530
1717.000 0.529
1718.000 0.526
1719.000 0.524
1720.000 0.523
1721.000 0.522
1722.000 0.521
1723.000 0.520
1724.000 0.521
1725.000 0.522
1726.000 0.522
1727.000 0.522
1728.000 0.521
1729.000 0.517
1730.000 0.515
1731.000 0.514
1732.000 0.512
1733.000 0.512
1734.000 0.514
1735.000 0.514
1736.000 0.514
1737.000 0.514
1738.000 0.514
1739.000 0.513
1740.000 0.511
1741.000 0.509
1742.000 0.506
1743.000 0.504
1744.000 0.504
1745.000 0.504
1746.000 0.503
1747.000 0.502
1748.000 0.501
1749.000 0.500
1750.000 0.500
1751.000 0.498
1752.000 0.496
1753.000 0.494
1754.000 0.490
1755.000 0.487
1756.000 0.487
1757.000 0.485
1758.000 0.485
1759.000 0.483
1760.000 0.481
1761.000 0.479
1762.000 0.479
1763.000 0.477
1764.000 0.474
1765.000 0.472
1766.000 0.468
1767.000 0.464
1768.000 0.465
1769.000 0.468
1770.000 0.467
1771.000 0.466
1772.000 0.464
1773.000 0.459
1774.000 0.456
1775.000 0.457
1776.000 0.456
1777.000 0.457
1778.000 0.458
1779.000 0.459
1780.000 0.459
1781.000 0.457
1782.000 0.456
1783.000 0.451
1784.000 0.448
1785.000 0.452
1786.000 0.452
1787.000 0.458
1788.000 0.460
1789.000 0.454
1790.000 0.453
1791.000 0.452
1792.000 0.451
1793.000 0.455
1794.000 0.455
1795.000 0.455
1796.000 0.448
1797.000 0.444
1798.000 0.443
1799.000 0.434
1800.000 0.434
1801.000 0.482
1802.000 0.484
1803.000 0.499
1804.000 0.491
1805.000 0.488
1806.000 0.475
1807.000 0.475
1808.000 0.493
1809.000 0.503
1810.000 0.523
1811.000 0.544
1812.000 0.569
1813.000 0.533
1814.000 0.532
1815.000 0.508
1816.000 0.531
1817.000 0.538
1818.000 0.548
1819.000 0.603
1820.000 0.656
1821.000 0.591
1822.000 0.588
1823.000 0.603
1824.000 0.635
1825.000 0.627
1826.000 0.593
1827.000 0.583
1828.000 0.718
1829.000 0.629
1830.000 0.555
1831.000 0.489
1832.000 0.421
1833.000 0.434
1834.000 0.384
1835.000 0.340
1836.000 0.254
1837.000 0.213
1838.000 0.552
1839.000 0.518
1840.000 0.455
1841.000 0.331
1842.000 0.431
1843.000 0.282
1844.000 0.356
1845.000 0.463
1846.000 0.504
1847.000 0.550
1848.000 0.533
1849.000 0.563
1850.000 0.365
1851.000 0.533
1852.000 0.578
1853.000 0.562
1854.000 0.510
1855.000 0.507
1856.000 0.554
1857.000 0.513
1858.000 0.560
1859.000 0.300
1860.000 0.426
1861.000 0.743
1862.000 0.577
1863.000 0.347
1864.000 0.277
1865.000 0.190
1866.000 0.211
1867.000 0.247
1868.000 0.261
1869.000 0.218
1870.000 0.225
1871.000 0.237
1872.000 0.291
1873.000 0.287
1874.000 0.386
1875.000 0.321
1876.000 0.325
1877.000 0.256
1878.000 0.282
1879.000 0.354
1880.000 0.686
1881.000 0.442
1882.000 0.249
1883.000 0.539
1884.000 0.677
1885.000 0.584
1886.000 0.468
1887.000 0.536
1888.000 0.457
1889.000 0.299
1890.000 0.323
1891.000 0.579
1892.000 0.489
1893.000 0.714
1894.000 0.618
1895.000 0.345
1896.000 0.272
1897.000 0.514
1898.000 0.293
1899.000 0.325
1900.000 0.255
1901.000 0.221
1902.000 0.288
1903.000 0.312
1904.000 0.251
1905.000 0.464
1906.000 0.810
1907.000 0.675
1908.000 0.646
1909.000 0.628
1910.000 0.517
1911.000 0.373
1912.000 0.344
1913.000 0.251
1914.000 0.186
1915.000 0.253
1916.000 0.507
1917.000 0.480
1918.000 0.379
1919.000 0.328
1920.000 0.245
1921.000 0.246
1922.000 0.401
1923.000 0.579
1924.000 0.412
1925.000 0.213
1926.000 0.383
1927.000 0.485
1928.000 0.460
1929.000 0.258
1930.000 0.173
1931.000 0.125
1932.000 0.406
1933.000 0.630
1934.000 0.523
1935.000 0.551
1936.000 0.600
1937.000 0.429
1938.000 0.454
1939.000 0.472
1940.000 0.386
1941.000 0.365
1942.000 0.430
1943.000 0.316
1944.000 0.244
1945.000 0.303
1946.000 0.274
1947.000 0.283
1948.000 0.406
1949.000 0.472
1950.000 0.380
1951.000 0.373
1952.000 0.444
1953.000 0.387
1954.000 0.307
1955.000 0.446
1956.000 0.329
1957.000 0.265
1958.000 0.304
1959.000 0.327
1960.000 0.368
1961.000 0.303
1962.000 0.291
1963.000 0.261
1964.000 0.249
1965.000 0.262
1966.000 0.258
1967.000 0.208
1968.000 0.204
1969.000 0.176
1970.000 0.147
1971.000 0.128
1972.000 0.112
1973.000 0.105
1974.000 0.096
1975.000 0.094
1976.000 0.099
1977.000 0.108
1978.000 0.119
1979.000 0.128
1980.000 0.131
1981.000 0.136
1982.000 0.134
1983.000 0.131
1984.000 0.141
1985.000 0.147
1986.000 0.147
1987.000 0.148
1988.000 0.141
1989.000 0.118
1990.000 0.110
1991.000 0.102
1992.000 0.101
1993.000 0.109
1994.000 0.128
1995.000 0.144
1996.000 0.160
1997.000 0.173
1998.000 0.174
1999.000 0.181
2000.000 0.182
2001.000 0.187
2002.000 0.187
2003.000 0.203
2004.000 0.242
2005.000 0.261
2006.000 0.283
2007.000 0.313
2008.000 0.306
2009.000 0.237
2010.000 0.195
2011.000 0.173
2012.000 0.154
2013.000 0.145
2014.000 0.147
2015.000 0.158
2016.000 0.156
2017.000 0.154
2018.000 0.155
2019.000 0.152
2020.000 0.156
2021.000 0.168
2022.000 0.169
2023.000 0.169
2024.000 0.162
2025.000 0.151
2026.000 0.152
2027.000 0.153
2028.000 0.159
2029.000 0.160
2030.000 0.158
2031.000 0.160
2032.000 0.164
2033.000 0.165
2034.000 0.168
2035.000 0.167
2036.000 0.164
2037.000 0.163
2038.000 0.161
2039.000 0.161
2040.000 0.158
2041.000 0.156
2042.000 0.159
2043.000 0.169
2044.000 0.172
2045.000 0.178
2046.000 0.183
2047.000 0.184
2048.000 0.187
2049.000 0.191
2050.000 0.197
2051.000 0.199
2052.000 0.208
2053.000 0.205
2054.000 0.205
2055.000 0.199
2056.000 0.197
2057.000 0.193
2058.000 0.183
2059.000 0.181
2060.000 0.182
2061.000 0.183
2062.000 0.191
2063.000 0.196
2064.000 0.202
2065.000 0.206
2066.000 0.206
2067.000 0.206
2068.000 0.211
2069.000 0.206
2070.000 0.201
2071.000 0.193
2072.000 0.188
2073.000 0.180
2074.000 0.181
2075.000 0.188
2076.000 0.194
2077.000 0.208
2078.000 0.214
2079.000 0.217
2080.000 0.220
2081.000 0.222
2082.000 0.221
2083.000 0.222
2084.000 0.225
2085.000 0.225
2086.000 0.226
2087.000 0.227
2088.000 0.229
2089.000 0.227
2090.000 0.221
2091.000 0.220
2092.000 0.220
2093.000 0.221
2094.000 0.224
2095.000 0.227
2096.000 0.227
2097.000 0.229
2098.000 0.231
2099.000 0.236
2100.000 0.240
2101.000 0.242
2102.000 0.243
2103.000 0.243
2104.000 0.243
2105.000 0.243
2106.000 0.243
2107.000 0.244
2108.000 0.243
2109.000 0.239
2110.000 0.239
2111.000 0.242
2112.000 0.244
2113.000 0.246
2114.000 0.248
2115.000 0.246
2116.000 0.247
2117.000 0.246
2118.000 0.248
2119.000 0.251
2120.000 0.260
2121.000 0.266
2122.000 0.270
2123.000 0.271
2124.000 0.267
2125.000 0.267
2126.000 0.267
2127.000 0.266
2128.000 0.265
2129.000 0.265
2130.000 0.267
2131.000 0.267
2132.000 0.266
2133.000 0.267
2134.000 0.262
2135.000 0.263
2136.000 0.267
2137.000 0.275
2138.000 0.273
2139.000 0.274
2140.000 0.272
2141.000 0.266
2142.000 0.267
2143.000 0.272
2144.000 0.276
2145.000 0.286
2146.000 0.289
2147.000 0.294
2148.000 0.293
2149.000 0.284
2150.000 0.281
2151.000 0.278
2152.000 0.277
2153.000 0.283
2154.000 0.287
2155.000 0.292
2156.000 0.298
2157.000 0.300
2158.000 0.298
2159.000 0.297
2160.000 0.291
2161.000 0.290
2162.000 0.287
2163.000 0.288
2164.000 0.294
2165.000 0.299
2166.000 0.307
2167.000 0.311
2168.000 0.313
2169.000 0.314
2170.000 0.311
2171.000 0.310
2172.000 0.306
2173.000 0.304
2174.000 0.302
2175.000 0.301
2176.000 0.301
2177.000 0.303
2178.000 0.304
2179.000 0.302
2180.000 0.297
2181.000 0.291
2182.000 0.289
2183.000 0.287
2184.000 0.288
2185.000 0.292
2186.000 0.294
2187.000 0.296
2188.000 0.299
2189.000 0.305
2190.000 0.307
2191.000 0.305
2192.000 0.305
2193.000 0.297
2194.000 0.297
2195.000 0.304
2196.000 0.307
2197.000 0.316
2198.000 0.317
2199.000 0.309
2200.000 0.304
2201.000 0.299
2202.000 0.290
2203.000 0.288
2204.000 0.291
2205.000 0.294
2206.000 0.301
2207.000 0.309
2208.000 0.312
2209.000 0.312
2210.000 0.308
2211.000 0.306
2212.000 0.300
2213.000 0.301
2214.000 0.306
2215.000 0.308
2216.000 0.309
2217.000 0.309
2218.000 0.307
2219.000 0.307
2220.000 0.311
2221.000 0.311
2222.000 0.306
2223.000 0.305
2224.000 0.301
2225.000 0.300
2226.000 0.300
2227.000 0.303
2228.000 0.304
2229.000 0.299
2230.000 0.294
2231.000 0.291
2232.000 0.288
2233.000 0.293
2234.000 0.298
2235.000 0.297
2236.000 0.300
2237.000 0.298
2238.000 0.296
2239.000 0.294
2240.000 0.293
2241.000 0.291
2242.000 0.293
2243.000 0.299
2244.000 0.303
2245.000 0.310
2246.000 0.311
2247.000 0.307
2248.000 0.305
2249.000 0.301
2250.000 0.298
2251.000 0.296
2252.000 0.294
2253.000 0.293
2254.000 0.290
2255.000 0.285
2256.000 0.282
2257.000 0.276
2258.000 0.276
2259.000 0.284
2260.000 0.286
2261.000 0.294
2262.000 0.294
2263.000 0.289
2264.000 0.288
2265.000 0.274
2266.000 0.263
2267.000 0.259
2268.000 0.248
2269.000 0.249
2270.000 0.257
2271.000 0.259
2272.000 0.262
2273.000 0.263
2274.000 0.260
2275.000 0.260
2276.000 0.261
2277.000 0.263
2278.000 0.268
2279.000 0.265
2280.000 0.264
2281.000 0.258
2282.000 0.242
2283.000 0.235
2284.000 0.229
2285.000 0.225
2286.000 0.226
2287.000 0.229
2288.000 0.236
2289.000 0.239
2290.000 0.238
2291.000 0.238
2292.000 0.233
2293.000 0.229
2294.000 0.227
2295.000 0.231
2296.000 0.237
2297.000 0.243
2298.000 0.249
2299.000 0.262
2300.000 0.253
2301.000 0.246
2302.000 0.250
2303.000 0.245
2304.000 0.248
2305.000 0.253
2306.000 0.244
2307.000 0.248
2308.000 0.245
2309.000 0.236
2310.000 0.244
2311.000 0.248
2312.000 0.246
2313.000 0.246
2314.000 0.233
2315.000 0.222
2316.000 0.215
2317.000 0.209
2318.000 0.212
2319.000 0.209
2320.000 0.216
2321.000 0.234
2322.000 0.241
2323.000 0.255
2324.000 0.252
2325.000 0.243
2326.000 0.247
2327.000 0.263
2328.000 0.267
2329.000 0.276
2330.000 0.274
2331.000 0.260
2332.000 0.252
2333.000 0.246
2334.000 0.235
2335.000 0.216
2336.000 0.204
2337.000 0.198
2338.000 0.197
2339.000 0.195
2340.000 0.197
2341.000 0.202
2342.000 0.204
2343.000 0.210
2344.000 0.215
2345.000 0.200
2346.000 0.209
2347.000 0.209
2348.000 0.186
2349.000 0.160
2350.000 0.153
2351.000 0.159
2352.000 0.154
2353.000 0.172
2354.000 0.175
2355.000 0.161
2356.000 0.157
2357.000 0.157
2358.000 0.162
2359.000 0.159
2360.000 0.157
2361.000 0.138
2362.000 0.111
2363.000 0.110
2364.000 0.127
2365.000 0.145
2366.000 0.167
2367.000 0.168
2368.000 0.145
2369.000 0.152
2370.000 0.155
2371.000 0.152
2372.000 0.154
2373.000 0.178
2374.000 0.165
2375.000 0.128
2376.000 0.157
2377.000 0.152
2378.000 0.163
2379.000 0.155
2380.000 0.141
2381.000 0.140
2382.000 0.127
2383.000 0.100
2384.000 0.131
2385.000 0.138
2386.000 0.136
2387.000 0.169
2388.000 0.171
2389.000 0.182
2390.000 0.188
2391.000 0.180
2392.000 0.169
2393.000 0.200
2394.000 0.244
2395.000 0.270
2396.000 0.279
2397.000 0.329
2398.000 0.396
2399.000 0.222
2400.000 0.251
2401.000 0.236
2402.000 0.213
2403.000 0.265
2404.000 0.221
2405.000 0.411
2406.000 0.280
2407.000 0.265
2408.000 0.318
2409.000 0.305
2410.000 0.341
2411.000 0.564
2412.000 0.434
2413.000 0.385
2414.000 0.399
2415.000 0.407
2416.000 0.476
2417.000 0.565
2418.000 0.402
2419.000 0.265
2420.000 0.204
2421.000 0.187
2422.000 0.157
2423.000 0.270
2424.000 0.255
2425.000 0.196
2426.000 0.197
2427.000 0.212
2428.000 0.198
2429.000 0.205
2430.000 0.263
2431.000 0.450
2432.000 0.329
2433.000 0.414
2434.000 0.238
2435.000 0.255
2436.000 0.588
2437.000 0.243
2438.000 0.223
2439.000 0.628
2440.000 0.316
2441.000 0.532
2442.000 0.415
2443.000 0.418
2444.000 0.463
2445.000 0.407
2446.000 0.561
2447.000 0.486
2448.000 0.445
2449.000 0.211
2450.000 0.194
2451.000 0.202
2452.000 0.271
2453.000 0.253
2454.000 0.201
2455.000 0.160
2456.000 0.515
2457.000 0.390
2458.000 0.299
2459.000 0.300
2460.000 0.248
2461.000 0.328
2462.000 0.296
2463.000 0.270
2464.000 0.263
2465.000 0.317
2466.000 0.493
2467.000 0.544
2468.000 0.170
2469.000 0.337
2470.000 0.438
2471.000 0.497
2472.000 0.417
2473.000 0.468
2474.000 0.404
2475.000 0.359
2476.000 0.382
2477.000 0.386
2478.000 0.408
2479.000 0.479
2480.000 0.565
2481.000 0.315
2482.000 0.237
2483.000 0.498
2484.000 0.573
2485.000 0.567
2486.000 0.638
2487.000 0.480
2488.000 0.434
2489.000 0.456
2490.000 0.315
2491.000 0.309
2492.000 0.413
2493.000 0.430
2494.000 0.302
2495.000 0.327
2496.000 0.678
2497.000 0.527
2498.000 0.508
2499.000 0.564
2500.000 0.553
