391.000 0.036
392.000 0.034
393.000 0.037
394.000 0.044
395.000 0.035
396.000 0.031
397.000 0.037
398.000 0.038
399.000 0.038
400.000 0.040
401.000 0.043
402.000 0.042
403.000 0.041
404.000 0.040
405.000 0.037
406.000 0.040
407.000 0.040
408.000 0.036
409.000 0.039
410.000 0.040
411.000 0.041
412.000 0.042
413.000 0.040
414.000 0.040
415.000 0.042
416.000 0.042
417.000 0.044
418.000 0.043
419.000 0.041
420.000 0.040
421.000 0.041
422.000 0.042
423.000 0.039
424.000 0.039
425.000 0.041
426.000 0.044
427.000 0.046
428.000 0.043
429.000 0.041
430.000 0.042
431.000 0.042
432.000 0.043
433.000 0.042
434.000 0.041
435.000 0.044
436.000 0.043
437.000 0.042
438.000 0.042
439.000 0.041
440.000 0.041
441.000 0.041
442.000 0.041
443.000 0.041
444.000 0.041
445.000 0.041
446.000 0.041
447.000 0.041
448.000 0.042
449.000 0.042
450.000 0.041
451.000 0.041
452.000 0.042
453.000 0.044
454.000 0.043
455.000 0.042
456.000 0.044
457.000 0.041
458.000 0.042
459.000 0.043
460.000 0.042
461.000 0.042
462.000 0.042
463.000 0.042
464.000 0.043
465.000 0.043
466.000 0.043
467.000 0.043
468.000 0.042
469.000 0.043
470.000 0.045
471.000 0.045
472.000 0.044
473.000 0.043
474.000 0.042
475.000 0.041
476.000 0.043
477.000 0.044
478.000 0.042
479.000 0.041
480.000 0.041
481.000 0.043
482.000 0.043
483.000 0.043
484.000 0.042
485.000 0.042
486.000 0.043
487.000 0.044
488.000 0.045
489.000 0.046
490.000 0.044
491.000 0.044
492.000 0.044
493.000 0.044
494.000 0.044
495.000 0.043
496.000 0.042
497.000 0.043
498.000 0.043
499.000 0.044
500.000 0.046
501.000 0.045
502.000 0.045
503.000 0.045
504.000 0.046
505.000 0.047
506.000 0.048
507.000 0.049
508.000 0.050
509.000 0.051
510.000 0.051
511.000 0.052
512.000 0.053
513.000 0.054
514.000 0.055
515.000 0.055
516.000 0.057
517.000 0.059
518.000 0.059
519.000 0.061
520.000 0.064
521.000 0.066
522.000 0.068
523.000 0.070
524.000 0.072
525.000 0.074
526.000 0.075
527.000 0.078
528.000 0.080
529.000 0.083
530.000 0.084
531.000 0.085
532.000 0.087
533.000 0.088
534.000 0.090
535.000 0.091
536.000 0.091
537.000 0.091
538.000 0.092
539.000 0.092
540.000 0.092
541.000 0.093
542.000 0.094
543.000 0.094
544.000 0.094
545.000 0.095
546.000 0.095
547.000 0.096
548.000 0.096
549.000 0.096
550.000 0.096
551.000 0.095
552.000 0.095
553.000 0.095
554.000 0.095
555.000 0.095
556.000 0.095
557.000 0.095
558.000 0.094
559.000 0.093
560.000 0.093
561.000 0.092
562.000 0.091
563.000 0.090
564.000 0.089
565.000 0.086
566.000 0.085
567.000 0.084
568.000 0.083
569.000 0.081
570.000 0.080
571.000 0.079
572.000 0.077
573.000 0.076
574.000 0.075
575.000 0.074
576.000 0.072
577.000 0.073
578.000 0.072
579.000 0.069
580.000 0.069
581.000 0.069
582.000 0.070
583.000 0.069
584.000 0.068
585.000 0.068
586.000 0.067
587.000 0.066
588.000 0.065
589.000 0.064
590.000 0.064
591.000 0.063
592.000 0.064
593.000 0.064
594.000 0.064
595.000 0.062
596.000 0.062
597.000 0.062
598.000 0.062
599.000 0.062
600.000 0.062
601.000 0.061
602.000 0.061
603.000 0.061
604.000 0.061
605.000 0.061
606.000 0.061
607.000 0.061
608.000 0.059
609.000 0.059
610.000 0.059
611.000 0.059
612.000 0.058
613.000 0.058
614.000 0.057
615.000 0.057
616.000 0.057
617.000 0.057
618.000 0.057
619.000 0.057
620.000 0.057
621.000 0.057
622.000 0.057
623.000 0.056
624.000 0.056
625.000 0.056
626.000 0.057
627.000 0.056
628.000 0.055
629.000 0.056
630.000 0.056
631.000 0.057
632.000 0.056
633.000 0.055
634.000 0.056
635.000 0.057
636.000 0.055
637.000 0.053
638.000 0.054
639.000 0.054
640.000 0.054
641.000 0.054
642.000 0.054
643.000 0.052
644.000 0.050
645.000 0.052
646.000 0.052
647.000 0.052
648.000 0.053
649.000 0.052
650.000 0.052
651.000 0.052
652.000 0.051
653.000 0.052
654.000 0.052
655.000 0.053
656.000 0.056
657.000 0.054
658.000 0.052
659.000 0.053
660.000 0.052
661.000 0.052
662.000 0.054
663.000 0.052
664.000 0.053
665.000 0.054
666.000 0.054
667.000 0.056
668.000 0.056
669.000 0.055
670.000 0.056
671.000 0.055
672.000 0.054
673.000 0.055
674.000 0.057
675.000 0.059
676.000 0.059
677.000 0.058
678.000 0.059
679.000 0.061
680.000 0.062
681.000 0.064
682.000 0.062
683.000 0.061
684.000 0.064
685.000 0.067
686.000 0.067
687.000 0.068
688.000 0.071
689.000 0.071
690.000 0.072
691.000 0.073
692.000 0.073
693.000 0.076
694.000 0.080
695.000 0.085
696.000 0.088
697.000 0.094
698.000 0.100
699.000 0.106
700.000 0.112
701.000 0.119
702.000 0.127
703.000 0.135
704.000 0.143
705.000 0.150
706.000 0.158
707.000 0.167
708.000 0.176
709.000 0.184
710.000 0.193
711.000 0.201
712.000 0.210
713.000 0.219
714.000 0.229
715.000 0.237
716.000 0.247
717.000 0.257
718.000 0.268
719.000 0.279
720.000 0.290
721.000 0.300
722.000 0.309
723.000 0.319
724.000 0.330
725.000 0.340
726.000 0.351
727.000 0.361
728.000 0.370
729.000 0.380
730.000 0.389
731.000 0.398
732.000 0.408
733.000 0.416
734.000 0.425
735.000 0.433
736.000 0.440
737.000 0.448
738.000 0.455
739.000 0.462
740.000 0.469
741.000 0.474
742.000 0.481
743.000 0.486
744.000 0.491
745.000 0.496
746.000 0.501
747.000 0.505
748.000 0.509
749.000 0.512
750.000 0.516
751.000 0.518
752.000 0.521
753.000 0.524
754.000 0.526
755.000 0.525
756.000 0.527
757.000 0.528
758.000 0.530
759.000 0.532
760.000 0.534
761.000 0.537
762.000 0.538
763.000 0.538
764.000 0.539
765.000 0.539
766.000 0.540
767.000 0.541
768.000 0.541
769.000 0.542
770.000 0.542
771.000 0.544
772.000 0.544
773.000 0.544
774.000 0.545
775.000 0.546
776.000 0.546
777.000 0.547
778.000 0.547
779.000 0.548
780.000 0.548
781.000 0.548
782.000 0.549
783.000 0.550
784.000 0.550
785.000 0.551
786.000 0.551
787.000 0.552
788.000 0.552
789.000 0.552
790.000 0.553
791.000 0.554
792.000 0.554
793.000 0.554
794.000 0.555
795.000 0.555
796.000 0.556
797.000 0.556
798.000 0.557
799.000 0.557
800.000 0.558
801.000 0.558
802.000 0.559
803.000 0.559
804.000 0.560
805.000 0.560
806.000 0.561
807.000 0.561
808.000 0.562
809.000 0.562
810.000 0.562
811.000 0.562
812.000 0.563
813.000 0.563
814.000 0.563
815.000 0.564
816.000 0.564
817.000 0.565
818.000 0.566
819.000 0.566
820.000 0.566
821.000 0.567
822.000 0.568
823.000 0.568
824.000 0.568
825.000 0.568
826.000 0.568
827.000 0.569
828.000 0.570
829.000 0.570
830.000 0.570
831.000 0.571
832.000 0.571
833.000 0.572
834.000 0.572
835.000 0.572
836.000 0.573
837.000 0.573
838.000 0.573
839.000 0.574
840.000 0.574
841.000 0.575
842.000 0.575
843.000 0.575
844.000 0.576
845.000 0.576
846.000 0.576
847.000 0.577
848.000 0.577
849.000 0.578
850.000 0.578
851.000 0.578
852.000 0.579
853.000 0.579
854.000 0.580
855.000 0.580
856.000 0.580
857.000 0.580
858.000 0.581
859.000 0.581
860.000 0.581
861.000 0.582
862.000 0.582
863.000 0.582
864.000 0.583
865.000 0.583
866.000 0.583
867.000 0.583
868.000 0.584
869.000 0.584
870.000 0.584
871.000 0.584
872.000 0.585
873.000 0.585
874.000 0.585
875.000 0.586
876.000 0.587
877.000 0.587
878.000 0.587
879.000 0.587
880.000 0.587
881.000 0.588
882.000 0.589
883.000 0.589
884.000 0.589
885.000 0.589
886.000 0.589
887.000 0.590
888.000 0.590
889.000 0.590
890.000 0.591
891.000 0.591
892.000 0.591
893.000 0.591
894.000 0.591
895.000 0.592
896.000 0.592
897.000 0.592
898.000 0.592
899.000 0.593
900.000 0.593
901.000 0.595
902.000 0.595
903.000 0.594
904.000 0.594
905.000 0.595
906.000 0.595
907.000 0.596
908.000 0.596
909.000 0.595
910.000 0.596
911.000 0.596
912.000 0.596
913.000 0.596
914.000 0.597
915.000 0.597
916.000 0.598
917.000 0.598
918.000 0.598
919.000 0.598
920.000 0.598
921.000 0.599
922.000 0.599
923.000 0.599
924.000 0.599
925.000 0.599
926.000 0.598
927.000 0.597
928.000 0.597
929.000 0.598
930.000 0.597
931.000 0.596
932.000 0.598
933.000 0.597
934.000 0.597
935.000 0.595
936.000 0.595
937.000 0.595
938.000 0.594
939.000 0.592
940.000 0.593
941.000 0.593
942.000 0.594
943.000 0.594
944.000 0.595
945.000 0.593
946.000 0.592
947.000 0.593
948.000 0.591
949.000 0.590
950.000 0.590
951.000 0.589
952.000 0.588
953.000 0.586
954.000 0.585
955.000 0.586
956.000 0.587
957.000 0.585
958.000 0.584
959.000 0.585
960.000 0.583
961.000 0.582
962.000 0.582
963.000 0.580
964.000 0.581
965.000 0.581
966.000 0.582
967.000 0.581
968.000 0.582
969.000 0.582
970.000 0.581
971.000 0.581
972.000 0.580
973.000 0.581
974.000 0.583
975.000 0.584
976.000 0.582
977.000 0.582
978.000 0.582
979.000 0.582
980.000 0.583
981.000 0.583
982.000 0.585
983.000 0.585
984.000 0.584
985.000 0.586
986.000 0.585
987.000 0.584
988.000 0.585
989.000 0.586
990.000 0.588
991.000 0.588
992.000 0.588
993.000 0.587
994.000 0.587
995.000 0.588
996.000 0.589
997.000 0.589
998.000 0.589
999.000 0.589
1000.000 0.593
1001.000 0.598
1002.000 0.598
1003.000 0.599
1004.000 0.600
1005.000 0.600
1006.000 0.601
1007.000 0.602
1008.000 0.602
1009.000 0.602
1010.000 0.603
1011.000 0.604
1012.000 0.604
1013.000 0.605
1014.000 0.606
1015.000 0.607
1016.000 0.607
1017.000 0.608
1018.000 0.609
1019.000 0.609
1020.000 0.610
1021.000 0.608
1022.000 0.609
1023.000 0.612
1024.000 0.610
1025.000 0.610
1026.000 0.611
1027.000 0.612
1028.000 0.612
1029.000 0.612
1030.000 0.612
1031.000 0.612
1032.000 0.613
1033.000 0.613
1034.000 0.614
1035.000 0.615
1036.000 0.615
1037.000 0.617
1038.000 0.619
1039.000 0.619
1040.000 0.619
1041.000 0.620
1042.000 0.620
1043.000 0.620
1044.000 0.620
1045.000 0.621
1046.000 0.621
1047.000 0.622
1048.000 0.622
1049.000 0.622
1050.000 0.622
1051.000 0.622
1052.000 0.623
1053.000 0.623
1054.000 0.625
1055.000 0.625
1056.000 0.626
1057.000 0.626
1058.000 0.625
1059.000 0.626
1060.000 0.626
1061.000 0.627
1062.000 0.628
1063.000 0.628
1064.000 0.627
1065.000 0.628
1066.000 0.629
1067.000 0.629
1068.000 0.629
1069.000 0.629
1070.000 0.629
1071.000 0.629
1072.000 0.629
1073.000 0.629
1074.000 0.629
1075.000 0.630
1076.000 0.630
1077.000 0.630
1078.000 0.630
1079.000 0.630
1080.000 0.630
1081.000 0.630
1082.000 0.630
1083.000 0.630
1084.000 0.630
1085.000 0.630
1086.000 0.630
1087.000 0.631
1088.000 0.630
1089.000 0.630
1090.000 0.630
1091.000 0.630
1092.000 0.630
1093.000 0.630
1094.000 0.631
1095.000 0.630
1096.000 0.631
1097.000 0.633
1098.000 0.632
1099.000 0.632
1100.000 0.632
1101.000 0.633
1102.000 0.632
1103.000 0.632
1104.000 0.632
1105.000 0.632
1106.000 0.632
1107.000 0.631
1108.000 0.630
1109.000 0.631
1110.000 0.630
1111.000 0.629
1112.000 0.629
1113.000 0.627
1114.000 0.627
1115.000 0.627
1116.000 0.627
1117.000 0.628
1118.000 0.628
1119.000 0.628
1120.000 0.627
1121.000 0.626
1122.000 0.624
1123.000 0.623
1124.000 0.623
1125.000 0.622
1126.000 0.620
1127.000 0.618
1128.000 0.615
1129.000 0.613
1130.000 0.611
1131.000 0.610
1132.000 0.609
1133.000 0.609
1134.000 0.609
1135.000 0.608
1136.000 0.607
1137.000 0.606
1138.000 0.606
1139.000 0.604
1140.000 0.603
1141.000 0.601
1142.000 0.599
1143.000 0.595
1144.000 0.593
1145.000 0.591
1146.000 0.589
1147.000 0.586
1148.000 0.584
1149.000 0.583
1150.000 0.580
1151.000 0.579
1152.000 0.577
1153.000 0.574
1154.000 0.573
1155.000 0.571
1156.000 0.571
1157.000 0.569
1158.000 0.569
1159.000 0.569
1160.000 0.569
1161.000 0.568
1162.000 0.568
1163.000 0.569
1164.000 0.569
1165.000 0.570
1166.000 0.570
1167.000 0.569
1168.000 0.569
1169.000 0.569
1170.000 0.569
1171.000 0.568
1172.000 0.569
1173.000 0.568
1174.000 0.568
1175.000 0.569
1176.000 0.569
1177.000 0.568
1178.000 0.567
1179.000 0.567
1180.000 0.567
1181.000 0.567
1182.000 0.567
1183.000 0.567
1184.000 0.568
1185.000 0.568
1186.000 0.568
1187.000 0.567
1188.000 0.567
1189.000 0.567
1190.000 0.567
1191.000 0.568
1192.000 0.568
1193.000 0.568
1194.000 0.568
1195.000 0.568
1196.000 0.567
1197.000 0.567
1198.000 0.567
1199.000 0.567
1200.000 0.567
1201.000 0.567
1202.000 0.568
1203.000 0.569
1204.000 0.568
1205.000 0.569
1206.000 0.570
1207.000 0.570
1208.000 0.571
1209.000 0.572
1210.000 0.571
1211.000 0.571
1212.000 0.571
1213.000 0.572
1214.000 0.572
1215.000 0.572
1216.000 0.572
1217.000 0.572
1218.000 0.573
1219.000 0.573
1220.000 0.574
1221.000 0.574
1222.000 0.575
1223.000 0.575
1224.000 0.575
1225.000 0.575
1226.000 0.576
1227.000 0.577
1228.000 0.577
1229.000 0.577
1230.000 0.578
1231.000 0.577
1232.000 0.577
1233.000 0.577
1234.000 0.577
1235.000 0.578
1236.000 0.578
1237.000 0.579
1238.000 0.579
1239.000 0.580
1240.000 0.581
1241.000 0.581
1242.000 0.582
1243.000 0.583
1244.000 0.583
1245.000 0.584
1246.000 0.584
1247.000 0.585
1248.000 0.584
1249.000 0.584
1250.000 0.584
1251.000 0.584
1252.000 0.584
1253.000 0.586
1254.000 0.586
1255.000 0.586
1256.000 0.587
1257.000 0.588
1258.000 0.588
1259.000 0.587
1260.000 0.588
1261.000 0.588
1262.000 0.588
1263.000 0.589
1264.000 0.589
1265.000 0.590
1266.000 0.590
1267.000 0.589
1268.000 0.589
1269.000 0.589
1270.000 0.589
1271.000 0.589
1272.000 0.590
1273.000 0.590
1274.000 0.590
1275.000 0.591
1276.000 0.591
1277.000 0.591
1278.000 0.592
1279.000 0.592
1280.000 0.591
1281.000 0.592
1282.000 0.592
1283.000 0.592
1284.000 0.592
1285.000 0.592
1286.000 0.592
1287.000 0.592
1288.000 0.591
1289.000 0.591
1290.000 0.590
1291.000 0.589
1292.000 0.589
1293.000 0.588
1294.000 0.588
1295.000 0.587
1296.000 0.586
1297.000 0.586
1298.000 0.586
1299.000 0.585
1300.000 0.585
1301.000 0.585
1302.000 0.584
1303.000 0.583
1304.000 0.582
1305.000 0.580
1306.000 0.579
1307.000 0.577
1308.000 0.575
1309.000 0.574
1310.000 0.573
1311.000 0.572
1312.000 0.572
1313.000 0.571
1314.000 0.569
1315.000 0.567
1316.000 0.565
1317.000 0.564
1318.000 0.562
1319.000 0.560
1320.000 0.559
1321.000 0.557
1322.000 0.556
1323.000 0.554
1324.000 0.553
1325.000 0.551
1326.000 0.548
1327.000 0.546
1328.000 0.544
1329.000 0.542
1330.000 0.541
1331.000 0.539
1332.000 0.538
1333.000 0.536
1334.000 0.533
1335.000 0.531
1336.000 0.527
1337.000 0.525
1338.000 0.525
1339.000 0.522
1340.000 0.521
1341.000 0.519
1342.000 0.515
1343.000 0.514
1344.000 0.514
1345.000 0.513
1346.000 0.512
1347.000 0.512
1348.000 0.510
1349.000 0.506
1350.000 0.505
1351.000 0.507
1352.000 0.509
1353.000 0.520
1354.000 0.533
1355.000 0.555
1356.000 0.575
1357.000 0.536
1358.000 0.560
1359.000 0.444
1360.000 0.366
1361.000 0.415
1362.000 0.408
1363.000 0.485
1364.000 0.485
1365.000 0.481
1366.000 0.474
1367.000 0.426
1368.000 0.441
1369.000 0.503
1370.000 0.531
1371.000 0.291
1372.000 0.208
1373.000 0.230
1374.000 0.273
1375.000 0.381
1376.000 0.420
1377.000 0.192
1378.000 0.196
1379.000 0.392
1380.000 0.501
1381.000 0.551
1382.000 0.363
1383.000 0.515
1384.000 0.460
1385.000 0.490
1386.000 0.390
1387.000 0.417
1388.000 0.281
1389.000 0.112
1390.000 0.302
1391.000 0.401
1392.000 0.428
1393.000 0.283
1394.000 0.228
1395.000 0.302
1396.000 0.266
1397.000 0.275
1398.000 0.262
1399.000 0.276
1400.000 0.336
1401.000 0.372
1402.000 0.373
1403.000 0.334
1404.000 0.330
1405.000 0.326
1406.000 0.366
1407.000 0.341
1408.000 0.394
1409.000 0.422
1410.000 0.334
1411.000 0.403
1412.000 0.370
1413.000 0.430
1414.000 0.400
1415.000 0.230
1416.000 0.412
1417.000 0.351
1418.000 0.315
1419.000 0.268
1420.000 0.225
1421.000 0.233
1422.000 0.249
1423.000 0.261
1424.000 0.265
1425.000 0.280
1426.000 0.288
1427.000 0.300
1428.000 0.292
1429.000 0.272
1430.000 0.270
1431.000 0.278
1432.000 0.272
1433.000 0.270
1434.000 0.266
1435.000 0.251
1436.000 0.245
1437.000 0.262
1438.000 0.259
1439.000 0.245
1440.000 0.241
1441.000 0.238
1442.000 0.227
1443.000 0.209
1444.000 0.208
1445.000 0.210
1446.000 0.208
1447.000 0.217
1448.000 0.218
1449.000 0.205
1450.000 0.198
1451.000 0.190
1452.000 0.189
1453.000 0.192
1454.000 0.197
1455.000 0.201
1456.000 0.210
1457.000 0.214
1458.000 0.217
1459.000 0.218
1460.000 0.216
1461.000 0.214
1462.000 0.213
1463.000 0.211
1464.000 0.209
1465.000 0.209
1466.000 0.207
1467.000 0.207
1468.000 0.209
1469.000 0.211
1470.000 0.210
1471.000 0.212
1472.000 0.218
1473.000 0.218
1474.000 0.217
1475.000 0.215
1476.000 0.207
1477.000 0.208
1478.000 0.213
1479.000 0.215
1480.000 0.217
1481.000 0.218
1482.000 0.215
1483.000 0.215
1484.000 0.218
1485.000 0.218
1486.000 0.216
1487.000 0.217
1488.000 0.219
1489.000 0.221
1490.000 0.225
1491.000 0.227
1492.000 0.228
1493.000 0.229
1494.000 0.228
1495.000 0.229
1496.000 0.228
1497.000 0.228
1498.000 0.229
1499.000 0.230
1500.000 0.232
1501.000 0.234
1502.000 0.236
1503.000 0.238
1504.000 0.237
1505.000 0.237
1506.000 0.239
1507.000 0.241
1508.000 0.244
1509.000 0.248
1510.000 0.249
1511.000 0.247
1512.000 0.248
1513.000 0.249
1514.000 0.251
1515.000 0.253
1516.000 0.255
1517.000 0.257
1518.000 0.260
1519.000 0.263
1520.000 0.266
1521.000 0.267
1522.000 0.269
1523.000 0.268
1524.000 0.270
1525.000 0.272
1526.000 0.274
1527.000 0.275
1528.000 0.276
1529.000 0.277
1530.000 0.280
1531.000 0.283
1532.000 0.285
1533.000 0.286
1534.000 0.288
1535.000 0.288
1536.000 0.289
1537.000 0.290
1538.000 0.290
1539.000 0.292
1540.000 0.294
1541.000 0.295
1542.000 0.297
1543.000 0.299
1544.000 0.302
1545.000 0.305
1546.000 0.306
1547.000 0.307
1548.000 0.309
1549.000 0.311
1550.000 0.312
1551.000 0.314
1552.000 0.314
1553.000 0.314
1554.000 0.315
1555.000 0.316
1556.000 0.317
1557.000 0.319
1558.000 0.320
1559.000 0.321
1560.000 0.322
1561.000 0.322
1562.000 0.323
1563.000 0.324
1564.000 0.325
1565.000 0.327
1566.000 0.328
1567.000 0.330
1568.000 0.332
1569.000 0.332
1570.000 0.334
1571.000 0.335
1572.000 0.336
1573.000 0.338
1574.000 0.339
1575.000 0.340
1576.000 0.341
1577.000 0.342
1578.000 0.343
1579.000 0.345
1580.000 0.347
1581.000 0.349
1582.000 0.350
1583.000 0.351
1584.000 0.353
1585.000 0.353
1586.000 0.354
1587.000 0.356
1588.000 0.358
1589.000 0.358
1590.000 0.360
1591.000 0.361
1592.000 0.361
1593.000 0.362
1594.000 0.364
1595.000 0.364
1596.000 0.365
1597.000 0.365
1598.000 0.367
1599.000 0.369
1600.000 0.370
1601.000 0.373
1602.000 0.375
1603.000 0.374
1604.000 0.375
1605.000 0.376
1606.000 0.376
1607.000 0.377
1608.000 0.377
1609.000 0.375
1610.000 0.376
1611.000 0.376
1612.000 0.377
1613.000 0.380
1614.000 0.382
1615.000 0.384
1616.000 0.386
1617.000 0.385
1618.000 0.385
1619.000 0.385
1620.000 0.386
1621.000 0.387
1622.000 0.388
1623.000 0.388
1624.000 0.388
1625.000 0.389
1626.000 0.391
1627.000 0.392
1628.000 0.393
1629.000 0.393
1630.000 0.394
1631.000 0.393
1632.000 0.394
1633.000 0.395
1634.000 0.396
1635.000 0.397
1636.000 0.397
1637.000 0.397
1638.000 0.397
1639.000 0.398
1640.000 0.399
1641.000 0.401
1642.000 0.401
1643.000 0.401
1644.000 0.402
1645.000 0.402
1646.000 0.402
1647.000 0.402
1648.000 0.403
1649.000 0.406
1650.000 0.407
1651.000 0.406
1652.000 0.406
1653.000 0.404
1654.000 0.403
1655.000 0.404
1656.000 0.405
1657.000 0.406
1658.000 0.407
1659.000 0.406
1660.000 0.406
1661.000 0.407
1662.000 0.407
1663.000 0.409
1664.000 0.408
1665.000 0.406
1666.000 0.405
1667.000 0.404
1668.000 0.405
1669.000 0.408
1670.000 0.409
1671.000 0.410
1672.000 0.410
1673.000 0.410
1674.000 0.410
1675.000 0.409
1676.000 0.408
1677.000 0.405
1678.000 0.405
1679.000 0.407
1680.000 0.407
1681.000 0.411
1682.000 0.411
1683.000 0.409
1684.000 0.409
1685.000 0.408
1686.000 0.407
1687.000 0.407
1688.000 0.407
1689.000 0.407
1690.000 0.408
1691.000 0.411
1692.000 0.412
1693.000 0.411
1694.000 0.410
1695.000 0.406
1696.000 0.406
1697.000 0.409
1698.000 0.409
1699.000 0.410
1700.000 0.408
1701.000 0.406
1702.000 0.403
1703.000 0.402
1704.000 0.401
1705.000 0.399
1706.000 0.399
1707.000 0.402
1708.000 0.402
1709.000 0.401
1710.000 0.402
1711.000 0.402
1712.000 0.403
1713.000 0.403
1714.000 0.404
1715.000 0.404
1716.000 0.402
1717.000 0.402
1718.000 0.402
1719.000 0.399
1720.000 0.398
1721.000 0.397
1722.000 0.397
1723.000 0.396
1724.000 0.395
1725.000 0.393
1726.000 0.391
1727.000 0.390
1728.000 0.389
1729.000 0.390
1730.000 0.390
1731.000 0.390
1732.000 0.390
1733.000 0.391
1734.000 0.393
1735.000 0.393
1736.000 0.393
1737.000 0.392
1738.000 0.388
1739.000 0.385
1740.000 0.383
1741.000 0.382
1742.000 0.382
1743.000 0.382
1744.000 0.383
1745.000 0.383
1746.000 0.383
1747.000 0.383
1748.000 0.381
1749.000 0.380
1750.000 0.378
1751.000 0.377
1752.000 0.376
1753.000 0.376
1754.000 0.377
1755.000 0.377
1756.000 0.375
1757.000 0.374
1758.000 0.375
1759.000 0.373
1760.000 0.374
1761.000 0.370
1762.000 0.364
1763.000 0.360
1764.000 0.357
1765.000 0.359
1766.000 0.360
1767.000 0.359
1768.000 0.361
1769.000 0.362
1770.000 0.361
1771.000 0.362
1772.000 0.365
1773.000 0.361
1774.000 0.362
1775.000 0.364
1776.000 0.362
1777.000 0.364
1778.000 0.367
1779.000 0.364
1780.000 0.365
1781.000 0.364
1782.000 0.362
1783.000 0.362
1784.000 0.361
1785.000 0.366
1786.000 0.367
1787.000 0.367
1788.000 0.368
1789.000 0.363
1790.000 0.362
1791.000 0.368
1792.000 0.370
1793.000 0.375
1794.000 0.373
1795.000 0.369
1796.000 0.365
1797.000 0.363
1798.000 0.365
1799.000 0.367
1800.000 0.361
1801.000 0.469
1802.000 0.494
1803.000 0.475
1804.000 0.468
1805.000 0.471
1806.000 0.439
1807.000 0.444
1808.000 0.471
1809.000 0.495
1810.000 0.510
1811.000 0.514
1812.000 0.429
1813.000 0.386
1814.000 0.389
1815.000 0.387
1816.000 0.378
1817.000 0.420
1818.000 0.389
1819.000 0.376
1820.000 0.362
1821.000 0.318
1822.000 0.325
1823.000 0.434
1824.000 0.445
1825.000 0.348
1826.000 0.466
1827.000 0.540
1828.000 0.439
1829.000 0.416
1830.000 0.475
1831.000 0.529
1832.000 0.559
1833.000 0.606
1834.000 0.533
1835.000 0.444
1836.000 0.337
1837.000 0.732
1838.000 0.772
1839.000 0.708
1840.000 0.587
1841.000 0.604
1842.000 0.583
1843.000 0.558
1844.000 0.608
1845.000 0.519
1846.000 0.209
1847.000 0.344
1848.000 0.463
1849.000 0.550
1850.000 0.751
1851.000 0.459
1852.000 0.787
1853.000 0.614
1854.000 0.502
1855.000 0.496
1856.000 0.591
1857.000 0.853
1858.000 0.732
1859.000 0.568
1860.000 0.498
1861.000 0.404
1862.000 0.299
1863.000 0.640
1864.000 0.688
1865.000 0.722
1866.000 0.574
1867.000 0.520
1868.000 0.527
1869.000 0.541
1870.000 0.684
1871.000 0.644
1872.000 0.668
1873.000 0.446
1874.000 0.398
1875.000 0.543
1876.000 0.570
1877.000 0.522
1878.000 0.585
1879.000 0.640
1880.000 0.663
1881.000 0.597
1882.000 0.482
1883.000 0.463
1884.000 0.429
1885.000 0.347
1886.000 0.297
1887.000 0.332
1888.000 0.391
1889.000 0.439
1890.000 0.534
1891.000 0.558
1892.000 0.632
1893.000 0.632
1894.000 0.616
1895.000 0.510
1896.000 0.373
1897.000 0.311
1898.000 0.418
1899.000 0.491
1900.000 0.495
1901.000 0.484
1902.000 0.357
1903.000 0.331
1904.000 0.259
1905.000 0.197
1906.000 0.114
1907.000 0.315
1908.000 0.548
1909.000 0.242
1910.000 0.170
1911.000 0.410
1912.000 0.590
1913.000 0.513
1914.000 0.558
1915.000 0.369
1916.000 0.429
1917.000 0.546
1918.000 0.480
1919.000 0.195
1920.000 0.405
1921.000 0.492
1922.000 0.367
1923.000 0.368
1924.000 0.262
1925.000 0.371
1926.000 0.377
1927.000 0.396
1928.000 0.381
1929.000 0.345
1930.000 0.387
1931.000 0.327
1932.000 0.518
1933.000 0.308
1934.000 0.292
1935.000 0.356
1936.000 0.332
1937.000 0.362
1938.000 0.407
1939.000 0.421
1940.000 0.384
1941.000 0.519
1942.000 0.459
1943.000 0.412
1944.000 0.302
1945.000 0.402
1946.000 0.429
1947.000 0.481
1948.000 0.468
1949.000 0.407
1950.000 0.213
1951.000 0.228
1952.000 0.228
1953.000 0.276
1954.000 0.227
1955.000 0.377
1956.000 0.294
1957.000 0.311
1958.000 0.317
1959.000 0.297
1960.000 0.304
1961.000 0.263
1962.000 0.248
1963.000 0.211
1964.000 0.199
1965.000 0.219
1966.000 0.236
1967.000 0.263
1968.000 0.306
1969.000 0.286
1970.000 0.230
1971.000 0.191
1972.000 0.121
1973.000 0.105
1974.000 0.089
1975.000 0.093
1976.000 0.129
1977.000 0.146
1978.000 0.177
1979.000 0.204
1980.000 0.224
1981.000 0.211
1982.000 0.183
1983.000 0.176
1984.000 0.165
1985.000 0.163
1986.000 0.164
1987.000 0.162
1988.000 0.156
1989.000 0.147
1990.000 0.145
1991.000 0.138
1992.000 0.140
1993.000 0.140
1994.000 0.141
1995.000 0.138
1996.000 0.147
1997.000 0.169
1998.000 0.187
1999.000 0.219
2000.000 0.289
2001.000 0.319
2002.000 0.313
2003.000 0.298
2004.000 0.271
2005.000 0.253
2006.000 0.223
2007.000 0.204
2008.000 0.219
2009.000 0.215
2010.000 0.178
2011.000 0.162
2012.000 0.145
2013.000 0.144
2014.000 0.151
2015.000 0.184
2016.000 0.185
2017.000 0.160
2018.000 0.161
2019.000 0.156
2020.000 0.153
2021.000 0.172
2022.000 0.188
2023.000 0.181
2024.000 0.180
2025.000 0.168
2026.000 0.167
2027.000 0.167
2028.000 0.171
2029.000 0.170
2030.000 0.174
2031.000 0.175
2032.000 0.172
2033.000 0.176
2034.000 0.188
2035.000 0.192
2036.000 0.198
2037.000 0.202
2038.000 0.190
2039.000 0.181
2040.000 0.171
2041.000 0.155
2042.000 0.146
2043.000 0.140
2044.000 0.142
2045.000 0.157
2046.000 0.164
2047.000 0.175
2048.000 0.177
2049.000 0.170
2050.000 0.161
2051.000 0.165
2052.000 0.166
2053.000 0.187
2054.000 0.201
2055.000 0.193
2056.000 0.192
2057.000 0.192
2058.000 0.185
2059.000 0.183
2060.000 0.191
2061.000 0.194
2062.000 0.194
2063.000 0.196
2064.000 0.200
2065.000 0.203
2066.000 0.208
2067.000 0.203
2068.000 0.213
2069.000 0.219
2070.000 0.209
2071.000 0.196
2072.000 0.192
2073.000 0.188
2074.000 0.183
2075.000 0.181
2076.000 0.181
2077.000 0.177
2078.000 0.176
2079.000 0.186
2080.000 0.190
2081.000 0.186
2082.000 0.192
2083.000 0.194
2084.000 0.187
2085.000 0.191
2086.000 0.194
2087.000 0.199
2088.000 0.213
2089.000 0.218
2090.000 0.220
2091.000 0.216
2092.000 0.201
2093.000 0.200
2094.000 0.203
2095.000 0.203
2096.000 0.213
2097.000 0.216
2098.000 0.213
2099.000 0.205
2100.000 0.206
2101.000 0.205
2102.000 0.207
2103.000 0.213
2104.000 0.210
2105.000 0.199
2106.000 0.200
2107.000 0.198
2108.000 0.205
2109.000 0.228
2110.000 0.239
2111.000 0.254
2112.000 0.259
2113.000 0.260
2114.000 0.254
2115.000 0.231
2116.000 0.223
2117.000 0.217
2118.000 0.209
2119.000 0.210
2120.000 0.216
2121.000 0.217
2122.000 0.214
2123.000 0.211
2124.000 0.207
2125.000 0.203
2126.000 0.194
2127.000 0.195
2128.000 0.200
2129.000 0.204
2130.000 0.214
2131.000 0.219
2132.000 0.222
2133.000 0.221
2134.000 0.212
2135.000 0.212
2136.000 0.211
2137.000 0.215
2138.000 0.226
2139.000 0.247
2140.000 0.260
2141.000 0.264
2142.000 0.263
2143.000 0.251
2144.000 0.245
2145.000 0.236
2146.000 0.230
2147.000 0.226
2148.000 0.224
2149.000 0.221
2150.000 0.222
2151.000 0.233
2152.000 0.238
2153.000 0.242
2154.000 0.244
2155.000 0.242
2156.000 0.240
2157.000 0.246
2158.000 0.256
2159.000 0.249
2160.000 0.245
2161.000 0.244
2162.000 0.235
2163.000 0.235
2164.000 0.249
2165.000 0.254
2166.000 0.260
2167.000 0.260
2168.000 0.253
2169.000 0.255
2170.000 0.259
2171.000 0.259
2172.000 0.263
2173.000 0.263
2174.000 0.251
2175.000 0.246
2176.000 0.246
2177.000 0.247
2178.000 0.245
2179.000 0.246
2180.000 0.234
2181.000 0.229
2182.000 0.225
2183.000 0.221
2184.000 0.224
2185.000 0.237
2186.000 0.240
2187.000 0.243
2188.000 0.245
2189.000 0.239
2190.000 0.239
2191.000 0.239
2192.000 0.239
2193.000 0.245
2194.000 0.244
2195.000 0.241
2196.000 0.237
2197.000 0.222
2198.000 0.222
2199.000 0.236
2200.000 0.242
2201.000 0.250
2202.000 0.262
2203.000 0.258
2204.000 0.253
2205.000 0.253
2206.000 0.249
2207.000 0.250
2208.000 0.258
2209.000 0.258
2210.000 0.259
2211.000 0.259
2212.000 0.250
2213.000 0.248
2214.000 0.250
2215.000 0.249
2216.000 0.245
2217.000 0.249
2218.000 0.257
2219.000 0.262
2220.000 0.270
2221.000 0.275
2222.000 0.271
2223.000 0.270
2224.000 0.271
2225.000 0.268
2226.000 0.265
2227.000 0.259
2228.000 0.247
2229.000 0.243
2230.000 0.240
2231.000 0.241
2232.000 0.248
2233.000 0.252
2234.000 0.259
2235.000 0.263
2236.000 0.264
2237.000 0.265
2238.000 0.264
2239.000 0.263
2240.000 0.255
2241.000 0.238
2242.000 0.229
2243.000 0.213
2244.000 0.213
2245.000 0.232
2246.000 0.236
2247.000 0.242
2248.000 0.246
2249.000 0.235
2250.000 0.237
2251.000 0.255
2252.000 0.258
2253.000 0.252
2254.000 0.250
2255.000 0.238
2256.000 0.233
2257.000 0.236
2258.000 0.236
2259.000 0.234
2260.000 0.237
2261.000 0.240
2262.000 0.242
2263.000 0.239
2264.000 0.235
2265.000 0.230
2266.000 0.226
2267.000 0.221
2268.000 0.215
2269.000 0.208
2270.000 0.202
2271.000 0.200
2272.000 0.207
2273.000 0.209
2274.000 0.211
2275.000 0.216
2276.000 0.217
2277.000 0.222
2278.000 0.231
2279.000 0.232
2280.000 0.228
2281.000 0.228
2282.000 0.226
2283.000 0.226
2284.000 0.230
2285.000 0.235
2286.000 0.247
2287.000 0.242
2288.000 0.229
2289.000 0.227
2290.000 0.214
2291.000 0.214
2292.000 0.233
2293.000 0.246
2294.000 0.254
2295.000 0.267
2296.000 0.268
2297.000 0.274
2298.000 0.306
2299.000 0.285
2300.000 0.261
2301.000 0.246
2302.000 0.208
2303.000 0.205
2304.000 0.210
2305.000 0.216
2306.000 0.243
2307.000 0.258
2308.000 0.226
2309.000 0.198
2310.000 0.191
2311.000 0.193
2312.000 0.202
2313.000 0.212
2314.000 0.224
2315.000 0.224
2316.000 0.224
2317.000 0.214
2318.000 0.217
2319.000 0.191
2320.000 0.202
2321.000 0.227
2322.000 0.236
2323.000 0.273
2324.000 0.288
2325.000 0.262
2326.000 0.242
2327.000 0.239
2328.000 0.234
2329.000 0.221
2330.000 0.217
2331.000 0.215
2332.000 0.220
2333.000 0.228
2334.000 0.221
2335.000 0.195
2336.000 0.188
2337.000 0.171
2338.000 0.167
2339.000 0.197
2340.000 0.183
2341.000 0.155
2342.000 0.152
2343.000 0.157
2344.000 0.149
2345.000 0.168
2346.000 0.157
2347.000 0.163
2348.000 0.165
2349.000 0.220
2350.000 0.231
2351.000 0.161
2352.000 0.221
2353.000 0.231
2354.000 0.173
2355.000 0.120
2356.000 0.150
2357.000 0.174
2358.000 0.163
2359.000 0.194
2360.000 0.213
2361.000 0.170
2362.000 0.172
2363.000 0.169
2364.000 0.141
2365.000 0.134
2366.000 0.129
2367.000 0.147
2368.000 0.258
2369.000 0.452
2370.000 0.339
2371.000 0.265
2372.000 0.242
2373.000 0.231
2374.000 0.216
2375.000 0.232
2376.000 0.250
2377.000 0.221
2378.000 0.160
2379.000 0.148
2380.000 0.153
2381.000 0.185
2382.000 0.209
2383.000 0.134
2384.000 0.330
2385.000 0.478
2386.000 0.049
2387.000 0.138
2388.000 0.194
2389.000 0.265
2390.000 0.445
2391.000 0.372
2392.000 0.186
2393.000 0.114
2394.000 0.123
2395.000 0.119
2396.000 0.182
2397.000 0.216
2398.000 0.236
2399.000 0.231
2400.000 0.188
2401.000 0.186
2402.000 0.193
2403.000 0.213
2404.000 0.174
2405.000 0.182
2406.000 0.247
2407.000 0.317
2408.000 0.279
2409.000 0.306
2410.000 0.261
2411.000 0.121
2412.000 0.198
2413.000 0.160
2414.000 0.154
2415.000 0.102
2416.000 0.107
2417.000 0.235
2418.000 0.250
2419.000 0.358
2420.000 0.212
2421.000 0.164
2422.000 0.174
2423.000 0.207
2424.000 0.273
2425.000 0.248
2426.000 0.257
2427.000 0.273
2428.000 0.228
2429.000 0.264
2430.000 0.313
2431.000 0.256
2432.000 0.167
2433.000 0.218
2434.000 0.227
2435.000 0.406
2436.000 0.583
2437.000 0.346
2438.000 0.313
2439.000 0.193
2440.000 0.277
2441.000 0.376
2442.000 0.221
2443.000 0.189
2444.000 0.199
2445.000 0.239
2446.000 0.438
2447.000 0.372
2448.000 0.282
2449.000 0.291
2450.000 0.481
2451.000 0.412
2452.000 0.418
2453.000 0.370
2454.000 0.301
2455.000 0.135
2456.000 0.102
2457.000 0.160
2458.000 0.381
2459.000 0.326
2460.000 0.353
2461.000 0.222
2462.000 0.209
2463.000 0.447
2464.000 0.358
2465.000 0.326
2466.000 0.277
2467.000 0.106
2468.000 0.094
2469.000 0.165
2470.000 0.414
2471.000 0.404
2472.000 0.239
2473.000 0.285
2474.000 0.400
2475.000 0.334
2476.000 0.180
2477.000 0.163
2478.000 0.182
2479.000 0.124
2480.000 0.189
2481.000 0.265
2482.000 0.167
2483.000 0.263
2484.000 0.372
2485.000 0.450
2486.000 0.491
2487.000 0.477
2488.000 0.476
2489.000 0.418
2490.000 0.258
2491.000 0.670
2492.000 0.513
2493.000 0.469
2494.000 0.473
2495.000 0.351
2496.000 0.419
2497.000 0.663
2498.000 0.381
2499.000 0.431
2500.000 0.371
