391.000 0.111
392.000 0.112
393.000 0.128
394.000 0.133
395.000 0.132
396.000 0.126
397.000 0.119
398.000 0.128
399.000 0.138
400.000 0.138
401.000 0.127
402.000 0.135
403.000 0.134
404.000 0.129
405.000 0.136
406.000 0.132
407.000 0.130
408.000 0.131
409.000 0.126
410.000 0.133
411.000 0.141
412.000 0.140
413.000 0.138
414.000 0.134
415.000 0.130
416.000 0.130
417.000 0.136
418.000 0.140
419.000 0.141
420.000 0.142
421.000 0.144
422.000 0.146
423.000 0.145
424.000 0.141
425.000 0.145
426.000 0.144
427.000 0.130
428.000 0.137
429.000 0.140
430.000 0.135
431.000 0.141
432.000 0.138
433.000 0.137
434.000 0.143
435.000 0.147
436.000 0.142
437.000 0.138
438.000 0.143
439.000 0.139
440.000 0.139
441.000 0.145
442.000 0.147
443.000 0.145
444.000 0.143
445.000 0.143
446.000 0.149
447.000 0.146
448.000 0.144
449.000 0.149
450.000 0.150
451.000 0.150
452.000 0.149
453.000 0.151
454.000 0.152
455.000 0.152
456.000 0.152
457.000 0.152
458.000 0.149
459.000 0.149
460.000 0.153
461.000 0.154
462.000 0.154
463.000 0.153
464.000 0.152
465.000 0.149
466.000 0.147
467.000 0.150
468.000 0.155
469.000 0.152
470.000 0.150
471.000 0.153
472.000 0.149
473.000 0.148
474.000 0.152
475.000 0.157
476.000 0.156
477.000 0.153
478.000 0.153
479.000 0.155
480.000 0.158
481.000 0.156
482.000 0.146
483.000 0.149
484.000 0.156
485.000 0.161
486.000 0.161
487.000 0.165
488.000 0.165
489.000 0.162
490.000 0.165
491.000 0.163
492.000 0.158
493.000 0.158
494.000 0.162
495.000 0.167
496.000 0.168
497.000 0.163
498.000 0.164
499.000 0.169
500.000 0.169
501.000 0.168
502.000 0.168
503.000 0.168
504.000 0.167
505.000 0.173
506.000 0.178
507.000 0.178
508.000 0.174
509.000 0.174
510.000 0.180
511.000 0.187
512.000 0.193
513.000 0.196
514.000 0.200
515.000 0.202
516.000 0.207
517.000 0.213
518.000 0.217
519.000 0.225
520.000 0.230
521.000 0.234
522.000 0.244
523.000 0.247
524.000 0.251
525.000 0.257
526.000 0.262
527.000 0.265
528.000 0.267
529.000 0.271
530.000 0.277
531.000 0.282
532.000 0.285
533.000 0.286
534.000 0.290
535.000 0.294
536.000 0.298
537.000 0.300
538.000 0.301
539.000 0.303
540.000 0.307
541.000 0.306
542.000 0.306
543.000 0.308
544.000 0.309
545.000 0.309
546.000 0.309
547.000 0.307
548.000 0.309
549.000 0.311
550.000 0.312
551.000 0.312
552.000 0.311
553.000 0.313
554.000 0.314
555.000 0.314
556.000 0.312
557.000 0.310
558.000 0.308
559.000 0.308
560.000 0.305
561.000 0.302
562.000 0.302
563.000 0.299
564.000 0.295
565.000 0.291
566.000 0.289
567.000 0.286
568.000 0.282
569.000 0.278
570.000 0.276
571.000 0.273
572.000 0.270
573.000 0.267
574.000 0.262
575.000 0.259
576.000 0.259
577.000 0.258
578.000 0.256
579.000 0.252
580.000 0.252
581.000 0.251
582.000 0.248
583.000 0.244
584.000 0.242
585.000 0.241
586.000 0.240
587.000 0.237
588.000 0.239
589.000 0.240
590.000 0.236
591.000 0.232
592.000 0.231
593.000 0.233
594.000 0.232
595.000 0.234
596.000 0.232
597.000 0.229
598.000 0.228
599.000 0.227
600.000 0.227
601.000 0.228
602.000 0.228
603.000 0.227
604.000 0.224
605.000 0.220
606.000 0.223
607.000 0.227
608.000 0.227
609.000 0.222
610.000 0.221
611.000 0.222
612.000 0.221
613.000 0.221
614.000 0.218
615.000 0.214
616.000 0.212
617.000 0.213
618.000 0.216
619.000 0.216
620.000 0.211
621.000 0.209
622.000 0.211
623.000 0.210
624.000 0.209
625.000 0.208
626.000 0.208
627.000 0.206
628.000 0.210
629.000 0.211
630.000 0.207
631.000 0.210
632.000 0.213
633.000 0.215
634.000 0.217
635.000 0.213
636.000 0.208
637.000 0.203
638.000 0.201
639.000 0.203
640.000 0.205
641.000 0.202
642.000 0.198
643.000 0.196
644.000 0.196
645.000 0.193
646.000 0.197
647.000 0.197
648.000 0.188
649.000 0.190
650.000 0.195
651.000 0.196
652.000 0.188
653.000 0.194
654.000 0.198
655.000 0.195
656.000 0.193
657.000 0.194
658.000 0.195
659.000 0.197
660.000 0.194
661.000 0.194
662.000 0.196
663.000 0.197
664.000 0.198
665.000 0.198
666.000 0.195
667.000 0.199
668.000 0.203
669.000 0.204
670.000 0.205
671.000 0.205
672.000 0.205
673.000 0.206
674.000 0.211
675.000 0.214
676.000 0.217
677.000 0.219
678.000 0.219
679.000 0.222
680.000 0.224
681.000 0.225
682.000 0.231
683.000 0.234
684.000 0.233
685.000 0.237
686.000 0.244
687.000 0.250
688.000 0.250
689.000 0.248
690.000 0.250
691.000 0.256
692.000 0.261
693.000 0.266
694.000 0.274
695.000 0.285
696.000 0.295
697.000 0.305
698.000 0.227
699.000 0.241
700.000 0.255
701.000 0.270
702.000 0.284
703.000 0.297
704.000 0.310
705.000 0.321
706.000 0.332
707.000 0.346
708.000 0.360
709.000 0.373
710.000 0.386
711.000 0.399
712.000 0.411
713.000 0.421
714.000 0.432
715.000 0.443
716.000 0.454
717.000 0.465
718.000 0.477
719.000 0.488
720.000 0.500
721.000 0.510
722.000 0.518
723.000 0.526
724.000 0.535
725.000 0.544
726.000 0.553
727.000 0.560
728.000 0.567
729.000 0.575
730.000 0.581
731.000 0.587
732.000 0.593
733.000 0.598
734.000 0.603
735.000 0.608
736.000 0.651
737.000 0.653
738.000 0.656
739.000 0.658
740.000 0.661
741.000 0.662
742.000 0.664
743.000 0.665
744.000 0.666
745.000 0.667
746.000 0.669
747.000 0.670
748.000 0.670
749.000 0.671
750.000 0.672
751.000 0.673
752.000 0.673
753.000 0.674
754.000 0.674
755.000 0.675
756.000 0.675
757.000 0.675
758.000 0.675
759.000 0.675
760.000 0.675
761.000 0.675
762.000 0.674
763.000 0.674
764.000 0.675
765.000 0.675
766.000 0.675
767.000 0.676
768.000 0.676
769.000 0.676
770.000 0.676
771.000 0.676
772.000 0.676
773.000 0.676
774.000 0.676
775.000 0.675
776.000 0.675
777.000 0.676
778.000 0.676
779.000 0.677
780.000 0.677
781.000 0.676
782.000 0.677
783.000 0.676
784.000 0.677
785.000 0.677
786.000 0.677
787.000 0.677
788.000 0.677
789.000 0.677
790.000 0.677
791.000 0.678
792.000 0.679
793.000 0.679
794.000 0.679
795.000 0.679
796.000 0.679
797.000 0.679
798.000 0.679
799.000 0.679
800.000 0.680
801.000 0.680
802.000 0.681
803.000 0.681
804.000 0.681
805.000 0.681
806.000 0.682
807.000 0.682
808.000 0.682
809.000 0.683
810.000 0.683
811.000 0.683
812.000 0.684
813.000 0.683
814.000 0.683
815.000 0.683
816.000 0.684
817.000 0.684
818.000 0.684
819.000 0.685
820.000 0.685
821.000 0.685
822.000 0.686
823.000 0.686
824.000 0.686
825.000 0.686
826.000 0.687
827.000 0.687
828.000 0.687
829.000 0.688
830.000 0.688
831.000 0.688
832.000 0.689
833.000 0.689
834.000 0.690
835.000 0.690
836.000 0.690
837.000 0.691
838.000 0.691
839.000 0.691
840.000 0.692
841.000 0.692
842.000 0.693
843.000 0.693
844.000 0.693
845.000 0.693
846.000 0.694
847.000 0.694
848.000 0.694
849.000 0.694
850.000 0.693
851.000 0.694
852.000 0.694
853.000 0.695
854.000 0.694
855.000 0.695
856.000 0.695
857.000 0.696
858.000 0.696
859.000 0.696
860.000 0.696
861.000 0.697
862.000 0.697
863.000 0.698
864.000 0.697
865.000 0.697
866.000 0.698
867.000 0.699
868.000 0.699
869.000 0.699
870.000 0.699
871.000 0.699
872.000 0.700
873.000 0.700
874.000 0.701
875.000 0.701
876.000 0.701
877.000 0.701
878.000 0.702
879.000 0.702
880.000 0.702
881.000 0.703
882.000 0.703
883.000 0.703
884.000 0.704
885.000 0.704
886.000 0.705
887.000 0.706
888.000 0.706
889.000 0.706
890.000 0.707
891.000 0.708
892.000 0.708
893.000 0.708
894.000 0.708
895.000 0.708
896.000 0.708
897.000 0.708
898.000 0.708
899.000 0.709
900.000 0.709
901.000 0.709
902.000 0.710
903.000 0.710
904.000 0.711
905.000 0.711
906.000 0.712
907.000 0.712
908.000 0.713
909.000 0.713
910.000 0.713
911.000 0.714
912.000 0.715
913.000 0.714
914.000 0.715
915.000 0.716
916.000 0.716
917.000 0.717
918.000 0.716
919.000 0.716
920.000 0.717
921.000 0.717
922.000 0.718
923.000 0.718
924.000 0.719
925.000 0.719
926.000 0.719
927.000 0.719
928.000 0.719
929.000 0.718
930.000 0.717
931.000 0.719
932.000 0.721
933.000 0.720
934.000 0.718
935.000 0.716
936.000 0.719
937.000 0.718
938.000 0.718
939.000 0.721
940.000 0.716
941.000 0.716
942.000 0.718
943.000 0.718
944.000 0.721
945.000 0.723
946.000 0.721
947.000 0.717
948.000 0.718
949.000 0.721
950.000 0.723
951.000 0.724
952.000 0.724
953.000 0.725
954.000 0.726
955.000 0.726
956.000 0.727
957.000 0.726
958.000 0.723
959.000 0.720
960.000 0.726
961.000 0.727
962.000 0.728
963.000 0.731
964.000 0.732
965.000 0.734
966.000 0.735
967.000 0.733
968.000 0.731
969.000 0.734
970.000 0.735
971.000 0.733
972.000 0.736
973.000 0.735
974.000 0.734
975.000 0.734
976.000 0.734
977.000 0.733
978.000 0.732
979.000 0.732
980.000 0.730
981.000 0.733
982.000 0.735
983.000 0.736
984.000 0.736
985.000 0.736
986.000 0.736
987.000 0.736
988.000 0.738
989.000 0.735
990.000 0.737
991.000 0.742
992.000 0.742
993.000 0.740
994.000 0.739
995.000 0.739
996.000 0.739
997.000 0.740
998.000 0.740
999.000 0.737
1000.000 0.732
1001.000 0.741
1002.000 0.742
1003.000 0.742
1004.000 0.742
1005.000 0.742
1006.000 0.742
1007.000 0.741
1008.000 0.740
1009.000 0.741
1010.000 0.741
1011.000 0.739
1012.000 0.739
1013.000 0.739
1014.000 0.739
1015.000 0.739
1016.000 0.742
1017.000 0.742
1018.000 0.741
1019.000 0.741
1020.000 0.741
1021.000 0.741
1022.000 0.742
1023.000 0.743
1024.000 0.742
1025.000 0.742
1026.000 0.743
1027.000 0.743
1028.000 0.743
1029.000 0.744
1030.000 0.744
1031.000 0.743
1032.000 0.743
1033.000 0.742
1034.000 0.742
1035.000 0.744
1036.000 0.745
1037.000 0.745
1038.000 0.745
1039.000 0.744
1040.000 0.743
1041.000 0.743
1042.000 0.743
1043.000 0.744
1044.000 0.744
1045.000 0.744
1046.000 0.745
1047.000 0.746
1048.000 0.746
1049.000 0.746
1050.000 0.745
1051.000 0.743
1052.000 0.744
1053.000 0.744
1054.000 0.746
1055.000 0.747
1056.000 0.748
1057.000 0.747
1058.000 0.747
1059.000 0.746
1060.000 0.746
1061.000 0.745
1062.000 0.745
1063.000 0.746
1064.000 0.746
1065.000 0.746
1066.000 0.746
1067.000 0.746
1068.000 0.746
1069.000 0.745
1070.000 0.746
1071.000 0.747
1072.000 0.747
1073.000 0.749
1074.000 0.750
1075.000 0.749
1076.000 0.749
1077.000 0.749
1078.000 0.748
1079.000 0.747
1080.000 0.748
1081.000 0.748
1082.000 0.747
1083.000 0.748
1084.000 0.748
1085.000 0.747
1086.000 0.747
1087.000 0.746
1088.000 0.746
1089.000 0.746
1090.000 0.747
1091.000 0.748
1092.000 0.748
1093.000 0.749
1094.000 0.749
1095.000 0.750
1096.000 0.750
1097.000 0.750
1098.000 0.750
1099.000 0.750
1100.000 0.751
1101.000 0.751
1102.000 0.751
1103.000 0.751
1104.000 0.749
1105.000 0.750
1106.000 0.751
1107.000 0.751
1108.000 0.752
1109.000 0.754
1110.000 0.754
1111.000 0.752
1112.000 0.751
1113.000 0.750
1114.000 0.750
1115.000 0.750
1116.000 0.751
1117.000 0.752
1118.000 0.752
1119.000 0.755
1120.000 0.756
1121.000 0.756
1122.000 0.756
1123.000 0.757
1124.000 0.757
1125.000 0.757
1126.000 0.760
1127.000 0.761
1128.000 0.758
1129.000 0.758
1130.000 0.757
1131.000 0.758
1132.000 0.760
1133.000 0.761
1134.000 0.764
1135.000 0.767
1136.000 0.767
1137.000 0.767
1138.000 0.767
1139.000 0.766
1140.000 0.765
1141.000 0.766
1142.000 0.766
1143.000 0.766
1144.000 0.766
1145.000 0.768
1146.000 0.770
1147.000 0.772
1148.000 0.772
1149.000 0.772
1150.000 0.770
1151.000 0.768
1152.000 0.771
1153.000 0.773
1154.000 0.776
1155.000 0.778
1156.000 0.755
1157.000 0.755
1158.000 0.778
1159.000 0.777
1160.000 0.777
1161.000 0.777
1162.000 0.755
1163.000 0.756
1164.000 0.756
1165.000 0.757
1166.000 0.758
1167.000 0.759
1168.000 0.760
1169.000 0.761
1170.000 0.761
1171.000 0.763
1172.000 0.762
1173.000 0.762
1174.000 0.762
1175.000 0.763
1176.000 0.763
1177.000 0.764
1178.000 0.765
1179.000 0.764
1180.000 0.765
1181.000 0.767
1182.000 0.767
1183.000 0.768
1184.000 0.768
1185.000 0.769
1186.000 0.769
1187.000 0.769
1188.000 0.770
1189.000 0.770
1190.000 0.771
1191.000 0.772
1192.000 0.773
1193.000 0.774
1194.000 0.776
1195.000 0.776
1196.000 0.774
1197.000 0.774
1198.000 0.774
1199.000 0.775
1200.000 0.776
1201.000 0.776
1202.000 0.775
1203.000 0.775
1204.000 0.775
1205.000 0.776
1206.000 0.777
1207.000 0.777
1208.000 0.778
1209.000 0.779
1210.000 0.780
1211.000 0.780
1212.000 0.781
1213.000 0.781
1214.000 0.780
1215.000 0.780
1216.000 0.780
1217.000 0.780
1218.000 0.780
1219.000 0.781
1220.000 0.780
1221.000 0.780
1222.000 0.780
1223.000 0.779
1224.000 0.778
1225.000 0.778
1226.000 0.777
1227.000 0.777
1228.000 0.778
1229.000 0.777
1230.000 0.778
1231.000 0.778
1232.000 0.779
1233.000 0.780
1234.000 0.781
1235.000 0.781
1236.000 0.782
1237.000 0.782
1238.000 0.782
1239.000 0.782
1240.000 0.782
1241.000 0.782
1242.000 0.780
1243.000 0.780
1244.000 0.780
1245.000 0.781
1246.000 0.782
1247.000 0.782
1248.000 0.782
1249.000 0.782
1250.000 0.783
1251.000 0.784
1252.000 0.784
1253.000 0.785
1254.000 0.785
1255.000 0.785
1256.000 0.785
1257.000 0.785
1258.000 0.785
1259.000 0.785
1260.000 0.785
1261.000 0.785
1262.000 0.786
1263.000 0.785
1264.000 0.785
1265.000 0.786
1266.000 0.786
1267.000 0.787
1268.000 0.787
1269.000 0.787
1270.000 0.787
1271.000 0.788
1272.000 0.789
1273.000 0.790
1274.000 0.790
1275.000 0.790
1276.000 0.789
1277.000 0.789
1278.000 0.790
1279.000 0.791
1280.000 0.793
1281.000 0.793
1282.000 0.794
1283.000 0.794
1284.000 0.794
1285.000 0.794
1286.000 0.795
1287.000 0.795
1288.000 0.795
1289.000 0.795
1290.000 0.794
1291.000 0.793
1292.000 0.793
1293.000 0.794
1294.000 0.795
1295.000 0.795
1296.000 0.795
1297.000 0.795
1298.000 0.795
1299.000 0.794
1300.000 0.793
1301.000 0.793
1302.000 0.792
1303.000 0.793
1304.000 0.793
1305.000 0.793
1306.000 0.793
1307.000 0.792
1308.000 0.792
1309.000 0.793
1310.000 0.793
1311.000 0.792
1312.000 0.792
1313.000 0.791
1314.000 0.791
1315.000 0.790
1316.000 0.790
1317.000 0.788
1318.000 0.787
1319.000 0.787
1320.000 0.788
1321.000 0.788
1322.000 0.788
1323.000 0.787
1324.000 0.785
1325.000 0.785
1326.000 0.785
1327.000 0.784
1328.000 0.782
1329.000 0.781
1330.000 0.779
1331.000 0.777
1332.000 0.778
1333.000 0.777
1334.000 0.773
1335.000 0.772
1336.000 0.772
1337.000 0.771
1338.000 0.770
1339.000 0.770
1340.000 0.771
1341.000 0.771
1342.000 0.775
1343.000 0.776
1344.000 0.778
1345.000 0.779
1346.000 0.777
1347.000 0.776
1348.000 0.773
1349.000 0.767
1350.000 0.761
1351.000 0.750
1352.000 0.745
1353.000 0.755
1354.000 0.742
1355.000 0.714
1356.000 0.700
1357.000 0.701
1358.000 0.600
1359.000 0.795
1360.000 0.678
1361.000 0.585
1362.000 0.364
1363.000 0.335
1364.000 0.397
1365.000 0.593
1366.000 0.509
1367.000 0.282
1368.000 0.329
1369.000 0.337
1370.000 0.360
1371.000 0.499
1372.000 0.335
1373.000 0.182
1374.000 0.113
1375.000 0.257
1376.000 0.333
1377.000 0.149
1378.000 0.389
1379.000 0.558
1380.000 0.771
1381.000 0.454
1382.000 0.264
1383.000 0.248
1384.000 0.327
1385.000 0.370
1386.000 0.623
1387.000 0.547
1388.000 0.510
1389.000 0.488
1390.000 0.449
1391.000 0.398
1392.000 0.432
1393.000 0.393
1394.000 0.337
1395.000 0.360
1396.000 0.337
1397.000 0.225
1398.000 0.270
1399.000 0.297
1400.000 0.404
1401.000 0.682
1402.000 0.746
1403.000 0.698
1404.000 0.652
1405.000 0.601
1406.000 0.598
1407.000 0.725
1408.000 0.251
1409.000 0.301
1410.000 0.313
1411.000 0.336
1412.000 0.377
1413.000 0.413
1414.000 0.629
1415.000 0.495
1416.000 0.449
1417.000 0.369
1418.000 0.353
1419.000 0.415
1420.000 0.363
1421.000 0.420
1422.000 0.456
1423.000 0.589
1424.000 0.570
1425.000 0.451
1426.000 0.416
1427.000 0.351
1428.000 0.342
1429.000 0.379
1430.000 0.401
1431.000 0.446
1432.000 0.470
1433.000 0.488
1434.000 0.490
1435.000 0.462
1436.000 0.444
1437.000 0.401
1438.000 0.405
1439.000 0.436
1440.000 0.465
1441.000 0.564
1442.000 0.592
1443.000 0.539
1444.000 0.538
1445.000 0.547
1446.000 0.539
1447.000 0.572
1448.000 0.556
1449.000 0.514
1450.000 0.454
1451.000 0.428
1452.000 0.416
1453.000 0.417
1454.000 0.438
1455.000 0.441
1456.000 0.446
1457.000 0.444
1458.000 0.430
1459.000 0.432
1460.000 0.439
1461.000 0.439
1462.000 0.444
1463.000 0.442
1464.000 0.421
1465.000 0.419
1466.000 0.427
1467.000 0.433
1468.000 0.446
1469.000 0.461
1470.000 0.488
1471.000 0.492
1472.000 0.485
1473.000 0.482
1474.000 0.459
1475.000 0.453
1476.000 0.462
1477.000 0.461
1478.000 0.458
1479.000 0.456
1480.000 0.453
1481.000 0.451
1482.000 0.449
1483.000 0.449
1484.000 0.451
1485.000 0.451
1486.000 0.449
1487.000 0.450
1488.000 0.453
1489.000 0.456
1490.000 0.463
1491.000 0.467
1492.000 0.471
1493.000 0.472
1494.000 0.468
1495.000 0.469
1496.000 0.471
1497.000 0.473
1498.000 0.477
1499.000 0.482
1500.000 0.485
1501.000 0.485
1502.000 0.490
1503.000 0.498
1504.000 0.504
1505.000 0.507
1506.000 0.507
1507.000 0.501
1508.000 0.504
1509.000 0.510
1510.000 0.515
1511.000 0.524
1512.000 0.528
1513.000 0.528
1514.000 0.530
1515.000 0.530
1516.000 0.531
1517.000 0.531
1518.000 0.535
1519.000 0.543
1520.000 0.548
1521.000 0.555
1522.000 0.558
1523.000 0.559
1524.000 0.561
1525.000 0.563
1526.000 0.564
1527.000 0.564
1528.000 0.564
1529.000 0.563
1530.000 0.563
1531.000 0.561
1532.000 0.563
1533.000 0.570
1534.000 0.572
1535.000 0.576
1536.000 0.578
1537.000 0.577
1538.000 0.578
1539.000 0.579
1540.000 0.581
1541.000 0.586
1542.000 0.587
1543.000 0.589
1544.000 0.589
1545.000 0.584
1546.000 0.586
1547.000 0.592
1548.000 0.597
1549.000 0.608
1550.000 0.615
1551.000 0.618
1552.000 0.622
1553.000 0.623
1554.000 0.624
1555.000 0.627
1556.000 0.628
1557.000 0.627
1558.000 0.628
1559.000 0.629
1560.000 0.631
1561.000 0.635
1562.000 0.637
1563.000 0.637
1564.000 0.637
1565.000 0.637
1566.000 0.638
1567.000 0.638
1568.000 0.641
1569.000 0.648
1570.000 0.651
1571.000 0.652
1572.000 0.653
1573.000 0.650
1574.000 0.651
1575.000 0.655
1576.000 0.657
1577.000 0.655
1578.000 0.658
1579.000 0.663
1580.000 0.664
1581.000 0.666
1582.000 0.667
1583.000 0.664
1584.000 0.664
1585.000 0.668
1586.000 0.669
1587.000 0.668
1588.000 0.669
1589.000 0.672
1590.000 0.674
1591.000 0.681
1592.000 0.684
1593.000 0.682
1594.000 0.682
1595.000 0.685
1596.000 0.686
1597.000 0.687
1598.000 0.688
1599.000 0.687
1600.000 0.688
1601.000 0.691
1602.000 0.692
1603.000 0.689
1604.000 0.689
1605.000 0.689
1606.000 0.690
1607.000 0.693
1608.000 0.697
1609.000 0.704
1610.000 0.707
1611.000 0.709
1612.000 0.711
1613.000 0.704
1614.000 0.704
1615.000 0.711
1616.000 0.714
1617.000 0.718
1618.000 0.719
1619.000 0.715
1620.000 0.712
1621.000 0.705
1622.000 0.703
1623.000 0.702
1624.000 0.703
1625.000 0.710
1626.000 0.715
1627.000 0.721
1628.000 0.724
1629.000 0.721
1630.000 0.722
1631.000 0.721
1632.000 0.721
1633.000 0.722
1634.000 0.724
1635.000 0.727
1636.000 0.728
1637.000 0.727
1638.000 0.728
1639.000 0.726
1640.000 0.726
1641.000 0.731
1642.000 0.732
1643.000 0.732
1644.000 0.732
1645.000 0.733
1646.000 0.732
1647.000 0.730
1648.000 0.731
1649.000 0.736
1650.000 0.736
1651.000 0.736
1652.000 0.737
1653.000 0.737
1654.000 0.736
1655.000 0.738
1656.000 0.738
1657.000 0.733
1658.000 0.733
1659.000 0.734
1660.000 0.735
1661.000 0.739
1662.000 0.742
1663.000 0.744
1664.000 0.745
1665.000 0.745
1666.000 0.746
1667.000 0.747
1668.000 0.747
1669.000 0.749
1670.000 0.749
1671.000 0.746
1672.000 0.746
1673.000 0.748
1674.000 0.748
1675.000 0.749
1676.000 0.752
1677.000 0.757
1678.000 0.758
1679.000 0.762
1680.000 0.761
1681.000 0.751
1682.000 0.749
1683.000 0.753
1684.000 0.755
1685.000 0.757
1686.000 0.759
1687.000 0.758
1688.000 0.759
1689.000 0.763
1690.000 0.763
1691.000 0.761
1692.000 0.761
1693.000 0.759
1694.000 0.759
1695.000 0.763
1696.000 0.762
1697.000 0.758
1698.000 0.758
1699.000 0.756
1700.000 0.757
1701.000 0.764
1702.000 0.765
1703.000 0.764
1704.000 0.765
1705.000 0.766
1706.000 0.765
1707.000 0.761
1708.000 0.758
1709.000 0.750
1710.000 0.749
1711.000 0.752
1712.000 0.759
1713.000 0.766
1714.000 0.768
1715.000 0.771
1716.000 0.771
1717.000 0.764
1718.000 0.765
1719.000 0.770
1720.000 0.771
1721.000 0.773
1722.000 0.768
1723.000 0.761
1724.000 0.755
1725.000 0.751
1726.000 0.753
1727.000 0.748
1728.000 0.751
1729.000 0.756
1730.000 0.750
1731.000 0.752
1732.000 0.753
1733.000 0.745
1734.000 0.748
1735.000 0.756
1736.000 0.752
1737.000 0.747
1738.000 0.736
1739.000 0.729
1740.000 0.724
1741.000 0.722
1742.000 0.719
1743.000 0.720
1744.000 0.727
1745.000 0.727
1746.000 0.734
1747.000 0.736
1748.000 0.729
1749.000 0.723
1750.000 0.711
1751.000 0.710
1752.000 0.714
1753.000 0.715
1754.000 0.720
1755.000 0.723
1756.000 0.721
1757.000 0.720
1758.000 0.726
1759.000 0.732
1760.000 0.722
1761.000 0.726
1762.000 0.733
1763.000 0.732
1764.000 0.738
1765.000 0.734
1766.000 0.722
1767.000 0.713
1768.000 0.699
1769.000 0.692
1770.000 0.690
1771.000 0.697
1772.000 0.705
1773.000 0.711
1774.000 0.717
1775.000 0.710
1776.000 0.710
1777.000 0.706
1778.000 0.713
1779.000 0.729
1780.000 0.727
1781.000 0.721
1782.000 0.695
1783.000 0.672
1784.000 0.660
1785.000 0.656
1786.000 0.659
1787.000 0.662
1788.000 0.670
1789.000 0.702
1790.000 0.715
1791.000 0.710
1792.000 0.694
1793.000 0.677
1794.000 0.654
1795.000 0.651
1796.000 0.689
1797.000 0.710
1798.000 0.714
1799.000 0.754
1800.000 0.750
1801.000 0.672
1802.000 0.657
1803.000 0.665
1804.000 0.675
1805.000 0.726
1806.000 0.783
1807.000 0.839
1808.000 0.823
1809.000 0.846
1810.000 0.764
1811.000 0.675
1812.000 0.609
1813.000 0.663
1814.000 0.620
1815.000 0.604
1816.000 0.528
1817.000 0.567
1818.000 0.617
1819.000 0.702
1820.000 0.498
1821.000 0.536
1822.000 0.596
1823.000 0.607
1824.000 0.694
1825.000 0.595
1826.000 0.470
1827.000 0.458
1828.000 0.550
1829.000 0.351
1830.000 0.229
1831.000 0.287
1832.000 0.540
1833.000 0.497
1834.000 0.517
1835.000 0.473
1836.000 0.415
1837.000 0.521
1838.000 0.495
1839.000 0.499
1840.000 0.609
1841.000 0.529
1842.000 0.400
1843.000 0.289
1844.000 0.428
1845.000 0.429
1846.000 0.362
1847.000 0.379
1848.000 0.560
1849.000 0.509
1850.000 0.376
1851.000 0.451
1852.000 0.523
1853.000 0.441
1854.000 0.395
1855.000 0.304
1856.000 0.263
1857.000 0.375
1858.000 0.383
1859.000 0.518
1860.000 0.615
1861.000 0.449
1862.000 0.483
1863.000 0.323
1864.000 0.438
1865.000 0.540
1866.000 0.426
1867.000 0.493
1868.000 0.582
1869.000 0.649
1870.000 0.615
1871.000 0.607
1872.000 0.598
1873.000 0.698
1874.000 0.626
1875.000 0.442
1876.000 0.526
1877.000 0.404
1878.000 0.365
1879.000 0.523
1880.000 0.585
1881.000 0.585
1882.000 0.583
1883.000 0.534
1884.000 0.477
1885.000 0.511
1886.000 0.558
1887.000 0.752
1888.000 0.535
1889.000 0.541
1890.000 0.690
1891.000 0.562
1892.000 0.511
1893.000 0.479
1894.000 0.567
1895.000 0.551
1896.000 0.615
1897.000 0.460
1898.000 0.411
1899.000 0.531
1900.000 0.659
1901.000 0.543
1902.000 0.538
1903.000 0.410
1904.000 0.589
1905.000 0.562
1906.000 0.487
1907.000 0.327
1908.000 0.250
1909.000 0.306
1910.000 0.294
1911.000 0.279
1912.000 0.349
1913.000 0.540
1914.000 0.565
1915.000 0.608
1916.000 0.554
1917.000 0.511
1918.000 0.271
1919.000 0.469
1920.000 0.470
1921.000 0.530
1922.000 0.542
1923.000 0.771
1924.000 0.728
1925.000 0.658
1926.000 0.603
1927.000 0.550
1928.000 0.211
1929.000 0.276
1930.000 0.265
1931.000 0.269
1932.000 0.280
1933.000 0.586
1934.000 0.426
1935.000 0.332
1936.000 0.381
1937.000 0.334
1938.000 0.362
1939.000 0.387
1940.000 0.475
1941.000 0.536
1942.000 0.480
1943.000 0.286
1944.000 0.511
1945.000 0.458
1946.000 0.519
1947.000 0.490
1948.000 0.573
1949.000 0.577
1950.000 0.440
1951.000 0.398
1952.000 0.460
1953.000 0.725
1954.000 0.664
1955.000 0.506
1956.000 0.295
1957.000 0.308
1958.000 0.345
1959.000 0.359
1960.000 0.364
1961.000 0.344
1962.000 0.358
1963.000 0.646
1964.000 0.461
1965.000 0.219
1966.000 0.362
1967.000 0.336
1968.000 0.310
1969.000 0.300
1970.000 0.270
1971.000 0.407
1972.000 0.544
1973.000 0.511
1974.000 0.501
1975.000 0.525
1976.000 0.317
1977.000 0.267
1978.000 0.291
1979.000 0.317
1980.000 0.299
1981.000 0.290
1982.000 0.276
1983.000 0.325
1984.000 0.375
1985.000 0.398
1986.000 0.441
1987.000 0.454
1988.000 0.470
1989.000 0.431
1990.000 0.417
1991.000 0.403
1992.000 0.419
1993.000 0.327
1994.000 0.310
1995.000 0.266
1996.000 0.282
1997.000 0.310
1998.000 0.407
1999.000 0.418
2000.000 0.470
2001.000 0.447
2002.000 0.341
2003.000 0.338
2004.000 0.371
2005.000 0.370
2006.000 0.424
2007.000 0.450
2008.000 0.437
2009.000 0.441
2010.000 0.300
2011.000 0.336
2012.000 0.227
2013.000 0.399
2014.000 0.412
2015.000 0.531
2016.000 0.510
2017.000 0.504
2018.000 0.476
2019.000 0.414
2020.000 0.464
2021.000 0.496
2022.000 0.455
2023.000 0.403
2024.000 0.358
2025.000 0.315
2026.000 0.303
2027.000 0.284
2028.000 0.259
2029.000 0.258
2030.000 0.255
2031.000 0.267
2032.000 0.328
2033.000 0.355
2034.000 0.367
2035.000 0.377
2036.000 0.374
2037.000 0.347
2038.000 0.345
2039.000 0.358
2040.000 0.381
2041.000 0.412
2042.000 0.414
2043.000 0.376
2044.000 0.389
2045.000 0.423
2046.000 0.447
2047.000 0.524
2048.000 0.585
2049.000 0.612
2050.000 0.593
2051.000 0.644
2052.000 0.667
2053.000 0.661
2054.000 0.568
2055.000 0.582
2056.000 0.551
2057.000 0.531
2058.000 0.564
2059.000 0.524
2060.000 0.450
2061.000 0.437
2062.000 0.433
2063.000 0.426
2064.000 0.454
2065.000 0.446
2066.000 0.392
2067.000 0.376
2068.000 0.377
2069.000 0.385
2070.000 0.459
2071.000 0.531
2072.000 0.529
2073.000 0.469
2074.000 0.438
2075.000 0.363
2076.000 0.357
2077.000 0.387
2078.000 0.406
2079.000 0.444
2080.000 0.460
2081.000 0.465
2082.000 0.463
2083.000 0.445
2084.000 0.445
2085.000 0.423
2086.000 0.384
2087.000 0.371
2088.000 0.362
2089.000 0.363
2090.000 0.374
2091.000 0.390
2092.000 0.435
2093.000 0.440
2094.000 0.419
2095.000 0.419
2096.000 0.398
2097.000 0.391
2098.000 0.395
2099.000 0.418
2100.000 0.417
2101.000 0.417
2102.000 0.424
2103.000 0.426
2104.000 0.429
2105.000 0.427
2106.000 0.433
2107.000 0.450
2108.000 0.455
2109.000 0.454
2110.000 0.459
2111.000 0.452
2112.000 0.454
2113.000 0.479
2114.000 0.484
2115.000 0.469
2116.000 0.474
2117.000 0.488
2118.000 0.487
2119.000 0.519
2120.000 0.532
2121.000 0.543
2122.000 0.589
2123.000 0.589
2124.000 0.571
2125.000 0.565
2126.000 0.530
2127.000 0.517
2128.000 0.530
2129.000 0.533
2130.000 0.534
2131.000 0.531
2132.000 0.540
2133.000 0.529
2134.000 0.489
2135.000 0.478
2136.000 0.488
2137.000 0.465
2138.000 0.453
2139.000 0.456
2140.000 0.471
2141.000 0.473
2142.000 0.491
2143.000 0.566
2144.000 0.574
2145.000 0.536
2146.000 0.538
2147.000 0.523
2148.000 0.524
2149.000 0.551
2150.000 0.578
2151.000 0.621
2152.000 0.650
2153.000 0.698
2154.000 0.722
2155.000 0.727
2156.000 0.674
2157.000 0.650
2158.000 0.608
2159.000 0.583
2160.000 0.578
2161.000 0.559
2162.000 0.546
2163.000 0.536
2164.000 0.518
2165.000 0.503
2166.000 0.498
2167.000 0.485
2168.000 0.462
2169.000 0.451
2170.000 0.439
2171.000 0.437
2172.000 0.451
2173.000 0.456
2174.000 0.456
2175.000 0.465
2176.000 0.480
2177.000 0.492
2178.000 0.495
2179.000 0.517
2180.000 0.528
2181.000 0.531
2182.000 0.566
2183.000 0.579
2184.000 0.565
2185.000 0.518
2186.000 0.506
2187.000 0.477
2188.000 0.484
2189.000 0.533
2190.000 0.564
2191.000 0.617
2192.000 0.642
2193.000 0.658
2194.000 0.652
2195.000 0.580
2196.000 0.577
2197.000 0.607
2198.000 0.621
2199.000 0.727
2200.000 0.712
2201.000 0.666
2202.000 0.599
2203.000 0.537
2204.000 0.499
2205.000 0.514
2206.000 0.554
2207.000 0.604
2208.000 0.659
2209.000 0.653
2210.000 0.571
2211.000 0.568
2212.000 0.566
2213.000 0.574
2214.000 0.661
2215.000 0.672
2216.000 0.628
2217.000 0.601
2218.000 0.544
2219.000 0.522
2220.000 0.514
2221.000 0.500
2222.000 0.500
2223.000 0.500
2224.000 0.497
2225.000 0.497
2226.000 0.510
2227.000 0.502
2228.000 0.509
2229.000 0.529
2230.000 0.576
2231.000 0.628
2232.000 0.641
2233.000 0.635
2234.000 0.601
2235.000 0.570
2236.000 0.573
2237.000 0.589
2238.000 0.592
2239.000 0.604
2240.000 0.621
2241.000 0.629
2242.000 0.642
2243.000 0.674
2244.000 0.666
2245.000 0.632
2246.000 0.611
2247.000 0.575
2248.000 0.560
2249.000 0.566
2250.000 0.555
2251.000 0.550
2252.000 0.532
2253.000 0.487
2254.000 0.473
2255.000 0.478
2256.000 0.479
2257.000 0.530
2258.000 0.516
2259.000 0.549
2260.000 0.515
2261.000 0.468
2262.000 0.431
2263.000 0.420
2264.000 0.419
2265.000 0.467
2266.000 0.543
2267.000 0.526
2268.000 0.500
2269.000 0.483
2270.000 0.455
2271.000 0.447
2272.000 0.451
2273.000 0.446
2274.000 0.414
2275.000 0.412
2276.000 0.433
2277.000 0.464
2278.000 0.529
2279.000 0.566
2280.000 0.632
2281.000 0.617
2282.000 0.517
2283.000 0.506
2284.000 0.507
2285.000 0.506
2286.000 0.540
2287.000 0.564
2288.000 0.569
2289.000 0.584
2290.000 0.550
2291.000 0.548
2292.000 0.551
2293.000 0.573
2294.000 0.525
2295.000 0.495
2296.000 0.457
2297.000 0.456
2298.000 0.475
2299.000 0.488
2300.000 0.503
2301.000 0.560
2302.000 0.552
2303.000 0.531
2304.000 0.465
2305.000 0.413
2306.000 0.424
2307.000 0.388
2308.000 0.365
2309.000 0.338
2310.000 0.315
2311.000 0.317
2312.000 0.365
2313.000 0.466
2314.000 0.504
2315.000 0.487
2316.000 0.480
2317.000 0.449
2318.000 0.452
2319.000 0.491
2320.000 0.437
2321.000 0.387
2322.000 0.378
2323.000 0.392
2324.000 0.410
2325.000 0.514
2326.000 0.596
2327.000 0.597
2328.000 0.632
2329.000 0.646
2330.000 0.639
2331.000 0.590
2332.000 0.585
2333.000 0.397
2334.000 0.489
2335.000 0.607
2336.000 0.720
2337.000 0.458
2338.000 0.397
2339.000 0.350
2340.000 0.302
2341.000 0.376
2342.000 0.366
2343.000 0.308
2344.000 0.315
2345.000 0.329
2346.000 0.341
2347.000 0.290
2348.000 0.285
2349.000 0.247
2350.000 0.237
2351.000 0.390
2352.000 0.486
2353.000 0.482
2354.000 0.567
2355.000 0.484
2356.000 0.406
2357.000 0.301
2358.000 0.259
2359.000 0.274
2360.000 0.284
2361.000 0.371
2362.000 0.435
2363.000 0.411
2364.000 0.349
2365.000 0.364
2366.000 0.375
2367.000 0.319
2368.000 0.313
2369.000 0.325
2370.000 0.450
2371.000 0.665
2372.000 0.644
2373.000 0.693
2374.000 0.592
2375.000 0.441
2376.000 0.411
2377.000 0.287
2378.000 0.199
2379.000 0.311
2380.000 0.301
2381.000 0.225
2382.000 0.349
2383.000 0.339
2384.000 0.265
2385.000 0.279
2386.000 0.254
2387.000 0.432
2388.000 0.378
2389.000 0.434
2390.000 0.548
2391.000 0.440
2392.000 0.479
2393.000 0.317
2394.000 0.448
2395.000 0.684
2396.000 0.327
2397.000 0.455
2398.000 0.299
2399.000 0.445
2400.000 0.445
2401.000 0.591
2402.000 0.546
2403.000 0.572
2404.000 0.490
2405.000 0.420
2406.000 0.404
2407.000 0.347
2408.000 0.286
2409.000 0.209
2410.000 0.129
2411.000 0.409
2412.000 0.405
2413.000 0.434
2414.000 0.559
2415.000 0.690
2416.000 0.333
2417.000 0.352
2418.000 0.424
2419.000 0.463
2420.000 0.468
2421.000 0.582
2422.000 0.383
2423.000 0.211
2424.000 0.271
2425.000 0.418
2426.000 0.376
2427.000 0.662
2428.000 0.232
2429.000 0.563
2430.000 0.391
2431.000 0.278
2432.000 0.343
2433.000 0.363
2434.000 0.191
2435.000 0.332
2436.000 0.476
2437.000 0.585
2438.000 0.513
2439.000 0.444
2440.000 0.390
2441.000 0.729
2442.000 0.742
2443.000 0.576
2444.000 0.498
2445.000 0.428
2446.000 0.335
2447.000 0.293
2448.000 0.227
2449.000 0.364
2450.000 0.526
2451.000 0.665
2452.000 0.620
2453.000 0.591
2454.000 0.561
2455.000 0.548
2456.000 0.558
2457.000 0.432
2458.000 0.473
2459.000 0.308
2460.000 0.275
2461.000 0.323
2462.000 0.312
2463.000 0.373
2464.000 0.406
2465.000 0.563
2466.000 0.712
2467.000 0.413
2468.000 0.290
2469.000 0.263
2470.000 0.198
2471.000 0.341
2472.000 0.384
2473.000 0.174
2474.000 0.192
2475.000 0.226
2476.000 0.339
2477.000 0.300
2478.000 0.444
2479.000 0.190
2480.000 0.307
2481.000 0.604
2482.000 0.687
2483.000 0.601
2484.000 0.465
2485.000 0.448
2486.000 0.290
2487.000 0.370
2488.000 0.222
2489.000 0.389
2490.000 0.383
2491.000 0.461
2492.000 0.506
2493.000 0.346
2494.000 0.276
2495.000 0.316
2496.000 0.394
2497.000 0.442
2498.000 0.514
2499.000 0.646
2500.000 0.605
