391.000 0.131
392.000 0.117
393.000 0.110
394.000 0.121
395.000 0.120
396.000 0.122
397.000 0.126
398.000 0.115
399.000 0.124
400.000 0.134
401.000 0.132
402.000 0.127
403.000 0.121
404.000 0.117
405.000 0.121
406.000 0.127
407.000 0.123
408.000 0.111
409.000 0.114
410.000 0.113
411.000 0.115
412.000 0.121
413.000 0.116
414.000 0.112
415.000 0.116
416.000 0.126
417.000 0.123
418.000 0.121
419.000 0.122
420.000 0.121
421.000 0.120
422.000 0.117
423.000 0.113
424.000 0.117
425.000 0.123
426.000 0.125
427.000 0.119
428.000 0.120
429.000 0.124
430.000 0.128
431.000 0.124
432.000 0.124
433.000 0.125
434.000 0.125
435.000 0.127
436.000 0.121
437.000 0.118
438.000 0.123
439.000 0.119
440.000 0.120
441.000 0.124
442.000 0.121
443.000 0.118
444.000 0.117
445.000 0.118
446.000 0.120
447.000 0.118
448.000 0.119
449.000 0.125
450.000 0.125
451.000 0.121
452.000 0.116
453.000 0.116
454.000 0.115
455.000 0.119
456.000 0.125
457.000 0.120
458.000 0.115
459.000 0.115
460.000 0.120
461.000 0.121
462.000 0.121
463.000 0.120
464.000 0.116
465.000 0.119
466.000 0.122
467.000 0.119
468.000 0.117
469.000 0.118
470.000 0.120
471.000 0.118
472.000 0.117
473.000 0.116
474.000 0.115
475.000 0.115
476.000 0.119
477.000 0.121
478.000 0.119
479.000 0.120
480.000 0.118
481.000 0.115
482.000 0.115
483.000 0.118
484.000 0.118
485.000 0.118
486.000 0.124
487.000 0.122
488.000 0.115
489.000 0.114
490.000 0.124
491.000 0.124
492.000 0.117
493.000 0.115
494.000 0.116
495.000 0.118
496.000 0.119
497.000 0.116
498.000 0.118
499.000 0.119
500.000 0.115
501.000 0.116
502.000 0.117
503.000 0.116
504.000 0.118
505.000 0.121
506.000 0.123
507.000 0.122
508.000 0.121
509.000 0.121
510.000 0.121
511.000 0.122
512.000 0.124
513.000 0.123
514.000 0.121
515.000 0.127
516.000 0.132
517.000 0.134
518.000 0.137
519.000 0.138
520.000 0.141
521.000 0.145
522.000 0.148
523.000 0.149
524.000 0.151
525.000 0.156
526.000 0.158
527.000 0.160
528.000 0.163
529.000 0.167
530.000 0.168
531.000 0.170
532.000 0.172
533.000 0.174
534.000 0.176
535.000 0.178
536.000 0.180
537.000 0.181
538.000 0.181
539.000 0.181
540.000 0.183
541.000 0.184
542.000 0.185
543.000 0.185
544.000 0.185
545.000 0.186
546.000 0.186
547.000 0.185
548.000 0.185
549.000 0.186
550.000 0.186
551.000 0.187
552.000 0.187
553.000 0.186
554.000 0.185
555.000 0.185
556.000 0.185
557.000 0.184
558.000 0.182
559.000 0.182
560.000 0.181
561.000 0.179
562.000 0.178
563.000 0.176
564.000 0.174
565.000 0.172
566.000 0.170
567.000 0.169
568.000 0.167
569.000 0.164
570.000 0.162
571.000 0.160
572.000 0.157
573.000 0.156
574.000 0.153
575.000 0.151
576.000 0.150
577.000 0.151
578.000 0.149
579.000 0.146
580.000 0.146
581.000 0.146
582.000 0.144
583.000 0.141
584.000 0.141
585.000 0.141
586.000 0.141
587.000 0.139
588.000 0.138
589.000 0.138
590.000 0.136
591.000 0.137
592.000 0.137
593.000 0.136
594.000 0.133
595.000 0.135
596.000 0.135
597.000 0.135
598.000 0.134
599.000 0.133
600.000 0.132
601.000 0.130
602.000 0.132
603.000 0.133
604.000 0.133
605.000 0.131
606.000 0.132
607.000 0.132
608.000 0.130
609.000 0.130
610.000 0.130
611.000 0.130
612.000 0.127
613.000 0.130
614.000 0.129
615.000 0.126
616.000 0.128
617.000 0.130
618.000 0.129
619.000 0.125
620.000 0.124
621.000 0.126
622.000 0.129
623.000 0.128
624.000 0.127
625.000 0.126
626.000 0.126
627.000 0.128
628.000 0.129
629.000 0.129
630.000 0.129
631.000 0.127
632.000 0.126
633.000 0.125
634.000 0.125
635.000 0.125
636.000 0.123
637.000 0.122
638.000 0.125
639.000 0.125
640.000 0.124
641.000 0.124
642.000 0.124
643.000 0.123
644.000 0.120
645.000 0.120
646.000 0.126
647.000 0.128
648.000 0.125
649.000 0.125
650.000 0.124
651.000 0.122
652.000 0.122
653.000 0.125
654.000 0.126
655.000 0.125
656.000 0.127
657.000 0.129
658.000 0.129
659.000 0.126
660.000 0.125
661.000 0.128
662.000 0.129
663.000 0.127
664.000 0.127
665.000 0.128
666.000 0.129
667.000 0.136
668.000 0.137
669.000 0.135
670.000 0.141
671.000 0.142
672.000 0.139
673.000 0.138
674.000 0.144
675.000 0.148
676.000 0.147
677.000 0.145
678.000 0.146
679.000 0.148
680.000 0.150
681.000 0.149
682.000 0.149
683.000 0.151
684.000 0.153
685.000 0.158
686.000 0.158
687.000 0.157
688.000 0.157
689.000 0.156
690.000 0.155
691.000 0.156
692.000 0.156
693.000 0.157
694.000 0.161
695.000 0.169
696.000 0.175
697.000 0.179
698.000 0.187
699.000 0.195
700.000 0.205
701.000 0.215
702.000 0.224
703.000 0.234
704.000 0.244
705.000 0.253
706.000 0.263
707.000 0.275
708.000 0.285
709.000 0.296
710.000 0.306
711.000 0.317
712.000 0.328
713.000 0.337
714.000 0.348
715.000 0.359
716.000 0.369
717.000 0.379
718.000 0.390
719.000 0.402
720.000 0.414
721.000 0.425
722.000 0.435
723.000 0.444
724.000 0.454
725.000 0.465
726.000 0.475
727.000 0.485
728.000 0.494
729.000 0.503
730.000 0.511
731.000 0.520
732.000 0.529
733.000 0.536
734.000 0.544
735.000 0.551
736.000 0.556
737.000 0.563
738.000 0.569
739.000 0.574
740.000 0.579
741.000 0.584
742.000 0.589
743.000 0.594
744.000 0.597
745.000 0.601
746.000 0.605
747.000 0.609
748.000 0.612
749.000 0.614
750.000 0.617
751.000 0.619
752.000 0.620
753.000 0.623
754.000 0.624
755.000 0.626
756.000 0.627
757.000 0.628
758.000 0.629
759.000 0.629
760.000 0.629
761.000 0.630
762.000 0.629
763.000 0.629
764.000 0.631
765.000 0.632
766.000 0.634
767.000 0.635
768.000 0.637
769.000 0.637
770.000 0.638
771.000 0.638
772.000 0.639
773.000 0.639
774.000 0.640
775.000 0.640
776.000 0.640
777.000 0.641
778.000 0.641
779.000 0.642
780.000 0.642
781.000 0.642
782.000 0.643
783.000 0.643
784.000 0.643
785.000 0.643
786.000 0.644
787.000 0.644
788.000 0.644
789.000 0.645
790.000 0.645
791.000 0.645
792.000 0.646
793.000 0.646
794.000 0.647
795.000 0.647
796.000 0.647
797.000 0.648
798.000 0.648
799.000 0.649
800.000 0.649
801.000 0.649
802.000 0.650
803.000 0.650
804.000 0.651
805.000 0.651
806.000 0.652
807.000 0.652
808.000 0.652
809.000 0.652
810.000 0.653
811.000 0.653
812.000 0.653
813.000 0.653
814.000 0.653
815.000 0.653
816.000 0.653
817.000 0.653
818.000 0.654
819.000 0.655
820.000 0.655
821.000 0.655
822.000 0.656
823.000 0.657
824.000 0.657
825.000 0.657
826.000 0.658
827.000 0.659
828.000 0.659
829.000 0.659
830.000 0.660
831.000 0.660
832.000 0.661
833.000 0.661
834.000 0.661
835.000 0.662
836.000 0.663
837.000 0.663
838.000 0.664
839.000 0.664
840.000 0.665
841.000 0.665
842.000 0.665
843.000 0.666
844.000 0.667
845.000 0.667
846.000 0.667
847.000 0.667
848.000 0.668
849.000 0.668
850.000 0.668
851.000 0.669
852.000 0.669
853.000 0.669
854.000 0.669
855.000 0.670
856.000 0.670
857.000 0.671
858.000 0.671
859.000 0.672
860.000 0.672
861.000 0.672
862.000 0.672
863.000 0.673
864.000 0.673
865.000 0.673
866.000 0.674
867.000 0.674
868.000 0.674
869.000 0.675
870.000 0.675
871.000 0.676
872.000 0.676
873.000 0.676
874.000 0.677
875.000 0.677
876.000 0.677
877.000 0.678
878.000 0.678
879.000 0.678
880.000 0.679
881.000 0.678
882.000 0.679
883.000 0.680
884.000 0.680
885.000 0.680
886.000 0.681
887.000 0.682
888.000 0.682
889.000 0.682
890.000 0.683
891.000 0.683
892.000 0.683
893.000 0.683
894.000 0.682
895.000 0.682
896.000 0.682
897.000 0.682
898.000 0.683
899.000 0.683
900.000 0.684
901.000 0.684
902.000 0.685
903.000 0.685
904.000 0.684
905.000 0.685
906.000 0.686
907.000 0.686
908.000 0.686
909.000 0.686
910.000 0.687
911.000 0.687
912.000 0.687
913.000 0.688
914.000 0.688
915.000 0.689
916.000 0.688
917.000 0.689
918.000 0.689
919.000 0.690
920.000 0.690
921.000 0.690
922.000 0.691
923.000 0.691
924.000 0.692
925.000 0.691
926.000 0.691
927.000 0.691
928.000 0.690
929.000 0.689
930.000 0.687
931.000 0.687
932.000 0.686
933.000 0.688
934.000 0.688
935.000 0.687
936.000 0.687
937.000 0.684
938.000 0.684
939.000 0.687
940.000 0.684
941.000 0.684
942.000 0.685
943.000 0.683
944.000 0.685
945.000 0.687
946.000 0.686
947.000 0.684
948.000 0.684
949.000 0.685
950.000 0.685
951.000 0.685
952.000 0.684
953.000 0.684
954.000 0.685
955.000 0.685
956.000 0.684
957.000 0.685
958.000 0.686
959.000 0.683
960.000 0.682
961.000 0.685
962.000 0.686
963.000 0.686
964.000 0.688
965.000 0.689
966.000 0.688
967.000 0.687
968.000 0.689
969.000 0.689
970.000 0.689
971.000 0.688
972.000 0.689
973.000 0.691
974.000 0.692
975.000 0.690
976.000 0.689
977.000 0.689
978.000 0.690
979.000 0.690
980.000 0.689
981.000 0.691
982.000 0.692
983.000 0.692
984.000 0.694
985.000 0.695
986.000 0.694
987.000 0.693
988.000 0.696
989.000 0.695
990.000 0.696
991.000 0.697
992.000 0.699
993.000 0.698
994.000 0.698
995.000 0.698
996.000 0.697
997.000 0.698
998.000 0.698
999.000 0.698
1000.000 0.697
1001.000 0.706
1002.000 0.706
1003.000 0.705
1004.000 0.705
1005.000 0.706
1006.000 0.707
1007.000 0.708
1008.000 0.709
1009.000 0.710
1010.000 0.710
1011.000 0.711
1012.000 0.710
1013.000 0.710
1014.000 0.707
1015.000 0.707
1016.000 0.707
1017.000 0.707
1018.000 0.708
1019.000 0.709
1020.000 0.710
1021.000 0.712
1022.000 0.713
1023.000 0.712
1024.000 0.712
1025.000 0.712
1026.000 0.711
1027.000 0.713
1028.000 0.714
1029.000 0.714
1030.000 0.715
1031.000 0.716
1032.000 0.717
1033.000 0.716
1034.000 0.716
1035.000 0.717
1036.000 0.718
1037.000 0.719
1038.000 0.720
1039.000 0.719
1040.000 0.718
1041.000 0.718
1042.000 0.718
1043.000 0.718
1044.000 0.719
1045.000 0.719
1046.000 0.719
1047.000 0.718
1048.000 0.718
1049.000 0.719
1050.000 0.718
1051.000 0.718
1052.000 0.719
1053.000 0.719
1054.000 0.719
1055.000 0.721
1056.000 0.721
1057.000 0.722
1058.000 0.722
1059.000 0.722
1060.000 0.722
1061.000 0.722
1062.000 0.722
1063.000 0.721
1064.000 0.721
1065.000 0.722
1066.000 0.722
1067.000 0.723
1068.000 0.723
1069.000 0.724
1070.000 0.724
1071.000 0.724
1072.000 0.724
1073.000 0.723
1074.000 0.724
1075.000 0.724
1076.000 0.724
1077.000 0.724
1078.000 0.725
1079.000 0.724
1080.000 0.725
1081.000 0.725
1082.000 0.725
1083.000 0.725
1084.000 0.726
1085.000 0.726
1086.000 0.726
1087.000 0.726
1088.000 0.725
1089.000 0.725
1090.000 0.724
1091.000 0.724
1092.000 0.724
1093.000 0.725
1094.000 0.725
1095.000 0.726
1096.000 0.726
1097.000 0.725
1098.000 0.726
1099.000 0.725
1100.000 0.726
1101.000 0.726
1102.000 0.725
1103.000 0.725
1104.000 0.725
1105.000 0.725
1106.000 0.725
1107.000 0.724
1108.000 0.724
1109.000 0.724
1110.000 0.723
1111.000 0.722
1112.000 0.722
1113.000 0.722
1114.000 0.721
1115.000 0.723
1116.000 0.724
1117.000 0.723
1118.000 0.722
1119.000 0.723
1120.000 0.721
1121.000 0.720
1122.000 0.720
1123.000 0.719
1124.000 0.715
1125.000 0.714
1126.000 0.712
1127.000 0.714
1128.000 0.716
1129.000 0.716
1130.000 0.718
1131.000 0.720
1132.000 0.718
1133.000 0.716
1134.000 0.715
1135.000 0.715
1136.000 0.712
1137.000 0.711
1138.000 0.711
1139.000 0.711
1140.000 0.710
1141.000 0.711
1142.000 0.711
1143.000 0.710
1144.000 0.708
1145.000 0.707
1146.000 0.706
1147.000 0.705
1148.000 0.704
1149.000 0.704
1150.000 0.703
1151.000 0.703
1152.000 0.703
1153.000 0.703
1154.000 0.704
1155.000 0.705
1156.000 0.707
1157.000 0.707
1158.000 0.707
1159.000 0.707
1160.000 0.708
1161.000 0.708
1162.000 0.709
1163.000 0.709
1164.000 0.709
1165.000 0.710
1166.000 0.710
1167.000 0.710
1168.000 0.711
1169.000 0.711
1170.000 0.711
1171.000 0.712
1172.000 0.712
1173.000 0.712
1174.000 0.712
1175.000 0.712
1176.000 0.712
1177.000 0.711
1178.000 0.712
1179.000 0.711
1180.000 0.712
1181.000 0.713
1182.000 0.714
1183.000 0.714
1184.000 0.714
1185.000 0.714
1186.000 0.713
1187.000 0.713
1188.000 0.714
1189.000 0.713
1190.000 0.713
1191.000 0.714
1192.000 0.713
1193.000 0.714
1194.000 0.715
1195.000 0.714
1196.000 0.714
1197.000 0.714
1198.000 0.713
1199.000 0.714
1200.000 0.714
1201.000 0.715
1202.000 0.716
1203.000 0.717
1204.000 0.716
1205.000 0.717
1206.000 0.718
1207.000 0.719
1208.000 0.719
1209.000 0.719
1210.000 0.720
1211.000 0.719
1212.000 0.719
1213.000 0.719
1214.000 0.719
1215.000 0.719
1216.000 0.720
1217.000 0.720
1218.000 0.720
1219.000 0.720
1220.000 0.720
1221.000 0.720
1222.000 0.720
1223.000 0.721
1224.000 0.721
1225.000 0.722
1226.000 0.722
1227.000 0.723
1228.000 0.723
1229.000 0.723
1230.000 0.723
1231.000 0.723
1232.000 0.723
1233.000 0.723
1234.000 0.723
1235.000 0.724
1236.000 0.725
1237.000 0.725
1238.000 0.725
1239.000 0.725
1240.000 0.725
1241.000 0.725
1242.000 0.726
1243.000 0.726
1244.000 0.726
1245.000 0.726
1246.000 0.726
1247.000 0.725
1248.000 0.725
1249.000 0.726
1250.000 0.726
1251.000 0.728
1252.000 0.728
1253.000 0.729
1254.000 0.729
1255.000 0.728
1256.000 0.728
1257.000 0.728
1258.000 0.728
1259.000 0.728
1260.000 0.728
1261.000 0.728
1262.000 0.728
1263.000 0.727
1264.000 0.727
1265.000 0.728
1266.000 0.729
1267.000 0.730
1268.000 0.731
1269.000 0.732
1270.000 0.732
1271.000 0.733
1272.000 0.733
1273.000 0.733
1274.000 0.734
1275.000 0.733
1276.000 0.732
1277.000 0.732
1278.000 0.732
1279.000 0.733
1280.000 0.734
1281.000 0.735
1282.000 0.735
1283.000 0.736
1284.000 0.736
1285.000 0.736
1286.000 0.736
1287.000 0.736
1288.000 0.735
1289.000 0.735
1290.000 0.734
1291.000 0.734
1292.000 0.734
1293.000 0.734
1294.000 0.734
1295.000 0.734
1296.000 0.734
1297.000 0.733
1298.000 0.732
1299.000 0.731
1300.000 0.730
1301.000 0.728
1302.000 0.727
1303.000 0.727
1304.000 0.726
1305.000 0.726
1306.000 0.725
1307.000 0.724
1308.000 0.724
1309.000 0.722
1310.000 0.722
1311.000 0.721
1312.000 0.721
1313.000 0.720
1314.000 0.720
1315.000 0.718
1316.000 0.716
1317.000 0.715
1318.000 0.714
1319.000 0.713
1320.000 0.713
1321.000 0.712
1322.000 0.711
1323.000 0.710
1324.000 0.708
1325.000 0.706
1326.000 0.705
1327.000 0.703
1328.000 0.702
1329.000 0.702
1330.000 0.701
1331.000 0.699
1332.000 0.699
1333.000 0.697
1334.000 0.691
1335.000 0.689
1336.000 0.687
1337.000 0.686
1338.000 0.685
1339.000 0.685
1340.000 0.683
1341.000 0.681
1342.000 0.680
1343.000 0.680
1344.000 0.684
1345.000 0.685
1346.000 0.686
1347.000 0.686
1348.000 0.686
1349.000 0.681
1350.000 0.680
1351.000 0.685
1352.000 0.689
1353.000 0.697
1354.000 0.701
1355.000 0.696
1356.000 0.712
1357.000 0.706
1358.000 0.718
1359.000 0.645
1360.000 0.582
1361.000 0.641
1362.000 0.575
1363.000 0.390
1364.000 0.417
1365.000 0.431
1366.000 0.403
1367.000 0.505
1368.000 0.335
1369.000 0.365
1370.000 0.331
1371.000 0.358
1372.000 0.437
1373.000 0.502
1374.000 0.505
1375.000 0.493
1376.000 0.533
1377.000 0.470
1378.000 0.516
1379.000 0.363
1380.000 0.303
1381.000 0.438
1382.000 0.452
1383.000 0.448
1384.000 0.364
1385.000 0.403
1386.000 0.414
1387.000 0.421
1388.000 0.317
1389.000 0.380
1390.000 0.471
1391.000 0.341
1392.000 0.649
1393.000 0.548
1394.000 0.369
1395.000 0.338
1396.000 0.464
1397.000 0.673
1398.000 0.728
1399.000 0.596
1400.000 0.477
1401.000 0.335
1402.000 0.549
1403.000 0.320
1404.000 0.512
1405.000 0.457
1406.000 0.495
1407.000 0.412
1408.000 0.647
1409.000 0.774
1410.000 0.722
1411.000 0.628
1412.000 0.572
1413.000 0.542
1414.000 0.532
1415.000 0.595
1416.000 0.506
1417.000 0.383
1418.000 0.339
1419.000 0.300
1420.000 0.305
1421.000 0.390
1422.000 0.380
1423.000 0.397
1424.000 0.394
1425.000 0.355
1426.000 0.348
1427.000 0.318
1428.000 0.321
1429.000 0.344
1430.000 0.349
1431.000 0.351
1432.000 0.363
1433.000 0.360
1434.000 0.361
1435.000 0.356
1436.000 0.360
1437.000 0.360
1438.000 0.367
1439.000 0.369
1440.000 0.372
1441.000 0.376
1442.000 0.376
1443.000 0.350
1444.000 0.342
1445.000 0.333
1446.000 0.329
1447.000 0.338
1448.000 0.335
1449.000 0.324
1450.000 0.317
1451.000 0.306
1452.000 0.294
1453.000 0.292
1454.000 0.291
1455.000 0.295
1456.000 0.307
1457.000 0.310
1458.000 0.310
1459.000 0.310
1460.000 0.307
1461.000 0.304
1462.000 0.301
1463.000 0.296
1464.000 0.285
1465.000 0.285
1466.000 0.289
1467.000 0.292
1468.000 0.302
1469.000 0.310
1470.000 0.318
1471.000 0.323
1472.000 0.330
1473.000 0.334
1474.000 0.337
1475.000 0.337
1476.000 0.335
1477.000 0.334
1478.000 0.330
1479.000 0.332
1480.000 0.334
1481.000 0.337
1482.000 0.344
1483.000 0.345
1484.000 0.340
1485.000 0.338
1486.000 0.333
1487.000 0.335
1488.000 0.341
1489.000 0.343
1490.000 0.346
1491.000 0.347
1492.000 0.345
1493.000 0.345
1494.000 0.344
1495.000 0.346
1496.000 0.350
1497.000 0.353
1498.000 0.358
1499.000 0.361
1500.000 0.363
1501.000 0.363
1502.000 0.365
1503.000 0.368
1504.000 0.369
1505.000 0.371
1506.000 0.373
1507.000 0.373
1508.000 0.375
1509.000 0.378
1510.000 0.380
1511.000 0.381
1512.000 0.382
1513.000 0.381
1514.000 0.383
1515.000 0.385
1516.000 0.388
1517.000 0.392
1518.000 0.396
1519.000 0.400
1520.000 0.402
1521.000 0.404
1522.000 0.406
1523.000 0.407
1524.000 0.409
1525.000 0.410
1526.000 0.412
1527.000 0.413
1528.000 0.414
1529.000 0.415
1530.000 0.417
1531.000 0.419
1532.000 0.421
1533.000 0.425
1534.000 0.427
1535.000 0.429
1536.000 0.431
1537.000 0.432
1538.000 0.434
1539.000 0.435
1540.000 0.438
1541.000 0.442
1542.000 0.444
1543.000 0.446
1544.000 0.447
1545.000 0.445
1546.000 0.447
1547.000 0.451
1548.000 0.453
1549.000 0.458
1550.000 0.460
1551.000 0.459
1552.000 0.461
1553.000 0.462
1554.000 0.463
1555.000 0.465
1556.000 0.467
1557.000 0.468
1558.000 0.470
1559.000 0.472
1560.000 0.473
1561.000 0.476
1562.000 0.478
1563.000 0.479
1564.000 0.480
1565.000 0.482
1566.000 0.483
1567.000 0.483
1568.000 0.484
1569.000 0.487
1570.000 0.488
1571.000 0.490
1572.000 0.490
1573.000 0.489
1574.000 0.490
1575.000 0.492
1576.000 0.493
1577.000 0.495
1578.000 0.497
1579.000 0.500
1580.000 0.501
1581.000 0.503
1582.000 0.505
1583.000 0.507
1584.000 0.508
1585.000 0.511
1586.000 0.513
1587.000 0.514
1588.000 0.515
1589.000 0.518
1590.000 0.519
1591.000 0.520
1592.000 0.521
1593.000 0.519
1594.000 0.519
1595.000 0.522
1596.000 0.525
1597.000 0.529
1598.000 0.531
1599.000 0.531
1600.000 0.532
1601.000 0.532
1602.000 0.533
1603.000 0.532
1604.000 0.533
1605.000 0.535
1606.000 0.537
1607.000 0.542
1608.000 0.544
1609.000 0.542
1610.000 0.541
1611.000 0.539
1612.000 0.538
1613.000 0.538
1614.000 0.538
1615.000 0.541
1616.000 0.542
1617.000 0.542
1618.000 0.543
1619.000 0.543
1620.000 0.544
1621.000 0.547
1622.000 0.549
1623.000 0.550
1624.000 0.552
1625.000 0.554
1626.000 0.555
1627.000 0.557
1628.000 0.557
1629.000 0.555
1630.000 0.556
1631.000 0.557
1632.000 0.557
1633.000 0.557
1634.000 0.557
1635.000 0.557
1636.000 0.557
1637.000 0.558
1638.000 0.559
1639.000 0.561
1640.000 0.562
1641.000 0.564
1642.000 0.565
1643.000 0.564
1644.000 0.564
1645.000 0.565
1646.000 0.564
1647.000 0.564
1648.000 0.565
1649.000 0.566
1650.000 0.567
1651.000 0.568
1652.000 0.568
1653.000 0.568
1654.000 0.569
1655.000 0.571
1656.000 0.571
1657.000 0.570
1658.000 0.569
1659.000 0.567
1660.000 0.566
1661.000 0.566
1662.000 0.566
1663.000 0.568
1664.000 0.569
1665.000 0.571
1666.000 0.571
1667.000 0.569
1668.000 0.569
1669.000 0.568
1670.000 0.568
1671.000 0.569
1672.000 0.568
1673.000 0.569
1674.000 0.569
1675.000 0.569
1676.000 0.570
1677.000 0.572
1678.000 0.573
1679.000 0.577
1680.000 0.577
1681.000 0.575
1682.000 0.574
1683.000 0.574
1684.000 0.573
1685.000 0.570
1686.000 0.570
1687.000 0.571
1688.000 0.571
1689.000 0.576
1690.000 0.577
1691.000 0.575
1692.000 0.576
1693.000 0.575
1694.000 0.577
1695.000 0.581
1696.000 0.582
1697.000 0.583
1698.000 0.582
1699.000 0.577
1700.000 0.577
1701.000 0.578
1702.000 0.579
1703.000 0.580
1704.000 0.580
1705.000 0.578
1706.000 0.577
1707.000 0.575
1708.000 0.573
1709.000 0.571
1710.000 0.571
1711.000 0.573
1712.000 0.575
1713.000 0.574
1714.000 0.573
1715.000 0.572
1716.000 0.569
1717.000 0.569
1718.000 0.569
1719.000 0.567
1720.000 0.568
1721.000 0.567
1722.000 0.564
1723.000 0.563
1724.000 0.562
1725.000 0.561
1726.000 0.564
1727.000 0.565
1728.000 0.563
1729.000 0.562
1730.000 0.560
1731.000 0.556
1732.000 0.554
1733.000 0.552
1734.000 0.552
1735.000 0.555
1736.000 0.557
1737.000 0.558
1738.000 0.554
1739.000 0.553
1740.000 0.556
1741.000 0.555
1742.000 0.554
1743.000 0.554
1744.000 0.555
1745.000 0.554
1746.000 0.556
1747.000 0.556
1748.000 0.552
1749.000 0.549
1750.000 0.544
1751.000 0.540
1752.000 0.537
1753.000 0.536
1754.000 0.533
1755.000 0.535
1756.000 0.537
1757.000 0.540
1758.000 0.549
1759.000 0.549
1760.000 0.549
1761.000 0.547
1762.000 0.544
1763.000 0.541
1764.000 0.536
1765.000 0.534
1766.000 0.530
1767.000 0.528
1768.000 0.531
1769.000 0.533
1770.000 0.532
1771.000 0.532
1772.000 0.527
1773.000 0.522
1774.000 0.518
1775.000 0.516
1776.000 0.519
1777.000 0.519
1778.000 0.527
1779.000 0.537
1780.000 0.533
1781.000 0.533
1782.000 0.526
1783.000 0.519
1784.000 0.526
1785.000 0.533
1786.000 0.533
1787.000 0.523
1788.000 0.521
1789.000 0.516
1790.000 0.521
1791.000 0.540
1792.000 0.546
1793.000 0.549
1794.000 0.534
1795.000 0.523
1796.000 0.519
1797.000 0.517
1798.000 0.522
1799.000 0.536
1800.000 0.512
1801.000 0.485
1802.000 0.475
1803.000 0.491
1804.000 0.500
1805.000 0.511
1806.000 0.505
1807.000 0.521
1808.000 0.549
1809.000 0.568
1810.000 0.630
1811.000 0.665
1812.000 0.704
1813.000 0.675
1814.000 0.787
1815.000 0.632
1816.000 0.613
1817.000 0.573
1818.000 0.571
1819.000 0.504
1820.000 0.495
1821.000 0.498
1822.000 0.485
1823.000 0.458
1824.000 0.502
1825.000 0.473
1826.000 0.437
1827.000 0.551
1828.000 0.601
1829.000 0.558
1830.000 0.446
1831.000 0.475
1832.000 0.435
1833.000 0.348
1834.000 0.367
1835.000 0.406
1836.000 0.404
1837.000 0.389
1838.000 0.488
1839.000 0.498
1840.000 0.527
1841.000 0.609
1842.000 0.699
1843.000 0.470
1844.000 0.443
1845.000 0.482
1846.000 0.442
1847.000 0.453
1848.000 0.515
1849.000 0.489
1850.000 0.386
1851.000 0.470
1852.000 0.581
1853.000 0.570
1854.000 0.523
1855.000 0.441
1856.000 0.372
1857.000 0.411
1858.000 0.489
1859.000 0.423
1860.000 0.650
1861.000 0.451
1862.000 0.479
1863.000 0.245
1864.000 0.493
1865.000 0.422
1866.000 0.386
1867.000 0.335
1868.000 0.443
1869.000 0.432
1870.000 0.354
1871.000 0.385
1872.000 0.415
1873.000 0.604
1874.000 0.656
1875.000 0.324
1876.000 0.693
1877.000 0.326
1878.000 0.347
1879.000 0.461
1880.000 0.489
1881.000 0.517
1882.000 0.518
1883.000 0.552
1884.000 0.492
1885.000 0.493
1886.000 0.275
1887.000 0.458
1888.000 0.448
1889.000 0.613
1890.000 0.684
1891.000 0.563
1892.000 0.424
1893.000 0.291
1894.000 0.188
1895.000 0.438
1896.000 0.401
1897.000 0.540
1898.000 0.472
1899.000 0.533
1900.000 0.334
1901.000 0.493
1902.000 0.586
1903.000 0.432
1904.000 0.536
1905.000 0.465
1906.000 0.652
1907.000 0.566
1908.000 0.365
1909.000 0.338
1910.000 0.270
1911.000 0.246
1912.000 0.341
1913.000 0.362
1914.000 0.376
1915.000 0.561
1916.000 0.585
1917.000 0.499
1918.000 0.510
1919.000 0.545
1920.000 0.375
1921.000 0.376
1922.000 0.571
1923.000 0.631
1924.000 0.526
1925.000 0.433
1926.000 0.504
1927.000 0.466
1928.000 0.517
1929.000 0.484
1930.000 0.492
1931.000 0.225
1932.000 0.410
1933.000 0.625
1934.000 0.570
1935.000 0.487
1936.000 0.415
1937.000 0.397
1938.000 0.427
1939.000 0.402
1940.000 0.437
1941.000 0.442
1942.000 0.568
1943.000 0.529
1944.000 0.479
1945.000 0.303
1946.000 0.236
1947.000 0.286
1948.000 0.261
1949.000 0.272
1950.000 0.321
1951.000 0.312
1952.000 0.361
1953.000 0.467
1954.000 0.518
1955.000 0.400
1956.000 0.357
1957.000 0.306
1958.000 0.317
1959.000 0.388
1960.000 0.320
1961.000 0.353
1962.000 0.394
1963.000 0.435
1964.000 0.495
1965.000 0.418
1966.000 0.295
1967.000 0.321
1968.000 0.267
1969.000 0.293
1970.000 0.296
1971.000 0.296
1972.000 0.336
1973.000 0.313
1974.000 0.308
1975.000 0.307
1976.000 0.332
1977.000 0.297
1978.000 0.269
1979.000 0.231
1980.000 0.202
1981.000 0.199
1982.000 0.195
1983.000 0.202
1984.000 0.227
1985.000 0.232
1986.000 0.241
1987.000 0.259
1988.000 0.266
1989.000 0.261
1990.000 0.263
1991.000 0.266
1992.000 0.246
1993.000 0.243
1994.000 0.236
1995.000 0.226
1996.000 0.223
1997.000 0.233
1998.000 0.248
1999.000 0.265
2000.000 0.305
2001.000 0.323
2002.000 0.319
2003.000 0.324
2004.000 0.292
2005.000 0.298
2006.000 0.323
2007.000 0.395
2008.000 0.374
2009.000 0.346
2010.000 0.343
2011.000 0.295
2012.000 0.288
2013.000 0.296
2014.000 0.270
2015.000 0.267
2016.000 0.263
2017.000 0.270
2018.000 0.269
2019.000 0.259
2020.000 0.270
2021.000 0.283
2022.000 0.255
2023.000 0.250
2024.000 0.245
2025.000 0.238
2026.000 0.271
2027.000 0.269
2028.000 0.245
2029.000 0.243
2030.000 0.231
2031.000 0.228
2032.000 0.248
2033.000 0.256
2034.000 0.255
2035.000 0.265
2036.000 0.274
2037.000 0.267
2038.000 0.268
2039.000 0.262
2040.000 0.254
2041.000 0.259
2042.000 0.255
2043.000 0.238
2044.000 0.242
2045.000 0.257
2046.000 0.265
2047.000 0.289
2048.000 0.304
2049.000 0.309
2050.000 0.298
2051.000 0.300
2052.000 0.295
2053.000 0.331
2054.000 0.333
2055.000 0.337
2056.000 0.337
2057.000 0.335
2058.000 0.331
2059.000 0.319
2060.000 0.296
2061.000 0.290
2062.000 0.288
2063.000 0.287
2064.000 0.300
2065.000 0.299
2066.000 0.293
2067.000 0.277
2068.000 0.265
2069.000 0.258
2070.000 0.265
2071.000 0.282
2072.000 0.286
2073.000 0.287
2074.000 0.291
2075.000 0.293
2076.000 0.299
2077.000 0.314
2078.000 0.318
2079.000 0.314
2080.000 0.312
2081.000 0.306
2082.000 0.300
2083.000 0.302
2084.000 0.296
2085.000 0.292
2086.000 0.290
2087.000 0.293
2088.000 0.301
2089.000 0.303
2090.000 0.305
2091.000 0.309
2092.000 0.310
2093.000 0.313
2094.000 0.321
2095.000 0.325
2096.000 0.329
2097.000 0.328
2098.000 0.321
2099.000 0.320
2100.000 0.316
2101.000 0.309
2102.000 0.300
2103.000 0.298
2104.000 0.302
2105.000 0.313
2106.000 0.318
2107.000 0.333
2108.000 0.335
2109.000 0.327
2110.000 0.324
2111.000 0.319
2112.000 0.315
2113.000 0.313
2114.000 0.312
2115.000 0.307
2116.000 0.308
2117.000 0.314
2118.000 0.315
2119.000 0.323
2120.000 0.337
2121.000 0.347
2122.000 0.359
2123.000 0.363
2124.000 0.363
2125.000 0.362
2126.000 0.353
2127.000 0.351
2128.000 0.351
2129.000 0.352
2130.000 0.356
2131.000 0.356
2132.000 0.356
2133.000 0.356
2134.000 0.349
2135.000 0.349
2136.000 0.359
2137.000 0.355
2138.000 0.351
2139.000 0.357
2140.000 0.352
2141.000 0.353
2142.000 0.356
2143.000 0.369
2144.000 0.375
2145.000 0.381
2146.000 0.387
2147.000 0.393
2148.000 0.394
2149.000 0.389
2150.000 0.392
2151.000 0.407
2152.000 0.411
2153.000 0.419
2154.000 0.420
2155.000 0.406
2156.000 0.388
2157.000 0.394
2158.000 0.385
2159.000 0.387
2160.000 0.393
2161.000 0.387
2162.000 0.373
2163.000 0.367
2164.000 0.358
2165.000 0.353
2166.000 0.351
2167.000 0.353
2168.000 0.357
2169.000 0.357
2170.000 0.360
2171.000 0.360
2172.000 0.351
2173.000 0.352
2174.000 0.358
2175.000 0.363
2176.000 0.377
2177.000 0.386
2178.000 0.389
2179.000 0.386
2180.000 0.374
2181.000 0.366
2182.000 0.364
2183.000 0.361
2184.000 0.358
2185.000 0.353
2186.000 0.356
2187.000 0.366
2188.000 0.373
2189.000 0.391
2190.000 0.400
2191.000 0.398
2192.000 0.403
2193.000 0.413
2194.000 0.410
2195.000 0.396
2196.000 0.391
2197.000 0.378
2198.000 0.372
2199.000 0.382
2200.000 0.383
2201.000 0.377
2202.000 0.373
2203.000 0.366
2204.000 0.366
2205.000 0.369
2206.000 0.373
2207.000 0.399
2208.000 0.413
2209.000 0.411
2210.000 0.396
2211.000 0.392
2212.000 0.375
2213.000 0.376
2214.000 0.401
2215.000 0.407
2216.000 0.411
2217.000 0.405
2218.000 0.381
2219.000 0.373
2220.000 0.366
2221.000 0.363
2222.000 0.373
2223.000 0.378
2224.000 0.380
2225.000 0.384
2226.000 0.396
2227.000 0.396
2228.000 0.396
2229.000 0.391
2230.000 0.390
2231.000 0.394
2232.000 0.388
2233.000 0.386
2234.000 0.368
2235.000 0.350
2236.000 0.351
2237.000 0.345
2238.000 0.347
2239.000 0.364
2240.000 0.374
2241.000 0.389
2242.000 0.397
2243.000 0.395
2244.000 0.393
2245.000 0.392
2246.000 0.384
2247.000 0.372
2248.000 0.363
2249.000 0.346
2250.000 0.342
2251.000 0.347
2252.000 0.349
2253.000 0.363
2254.000 0.367
2255.000 0.362
2256.000 0.359
2257.000 0.338
2258.000 0.347
2259.000 0.374
2260.000 0.385
2261.000 0.375
2262.000 0.356
2263.000 0.328
2264.000 0.303
2265.000 0.309
2266.000 0.328
2267.000 0.342
2268.000 0.338
2269.000 0.338
2270.000 0.324
2271.000 0.304
2272.000 0.305
2273.000 0.307
2274.000 0.316
2275.000 0.326
2276.000 0.362
2277.000 0.373
2278.000 0.371
2279.000 0.361
2280.000 0.341
2281.000 0.321
2282.000 0.282
2283.000 0.275
2284.000 0.280
2285.000 0.287
2286.000 0.318
2287.000 0.337
2288.000 0.350
2289.000 0.361
2290.000 0.348
2291.000 0.335
2292.000 0.353
2293.000 0.352
2294.000 0.335
2295.000 0.330
2296.000 0.327
2297.000 0.335
2298.000 0.339
2299.000 0.359
2300.000 0.362
2301.000 0.355
2302.000 0.358
2303.000 0.365
2304.000 0.353
2305.000 0.344
2306.000 0.355
2307.000 0.363
2308.000 0.380
2309.000 0.391
2310.000 0.405
2311.000 0.401
2312.000 0.398
2313.000 0.400
2314.000 0.355
2315.000 0.311
2316.000 0.295
2317.000 0.276
2318.000 0.278
2319.000 0.302
2320.000 0.297
2321.000 0.306
2322.000 0.349
2323.000 0.373
2324.000 0.390
2325.000 0.416
2326.000 0.443
2327.000 0.425
2328.000 0.399
2329.000 0.393
2330.000 0.381
2331.000 0.318
2332.000 0.289
2333.000 0.258
2334.000 0.264
2335.000 0.295
2336.000 0.322
2337.000 0.363
2338.000 0.312
2339.000 0.262
2340.000 0.234
2341.000 0.200
2342.000 0.200
2343.000 0.230
2344.000 0.215
2345.000 0.188
2346.000 0.194
2347.000 0.195
2348.000 0.210
2349.000 0.232
2350.000 0.222
2351.000 0.238
2352.000 0.248
2353.000 0.216
2354.000 0.211
2355.000 0.214
2356.000 0.222
2357.000 0.231
2358.000 0.221
2359.000 0.230
2360.000 0.289
2361.000 0.341
2362.000 0.347
2363.000 0.329
2364.000 0.326
2365.000 0.279
2366.000 0.262
2367.000 0.253
2368.000 0.243
2369.000 0.288
2370.000 0.403
2371.000 0.391
2372.000 0.305
2373.000 0.281
2374.000 0.260
2375.000 0.260
2376.000 0.271
2377.000 0.325
2378.000 0.323
2379.000 0.237
2380.000 0.273
2381.000 0.250
2382.000 0.217
2383.000 0.165
2384.000 0.181
2385.000 0.238
2386.000 0.295
2387.000 0.386
2388.000 0.443
2389.000 0.408
2390.000 0.351
2391.000 0.324
2392.000 0.244
2393.000 0.230
2394.000 0.312
2395.000 0.299
2396.000 0.342
2397.000 0.307
2398.000 0.364
2399.000 0.386
2400.000 0.408
2401.000 0.311
2402.000 0.210
2403.000 0.212
2404.000 0.206
2405.000 0.245
2406.000 0.346
2407.000 0.363
2408.000 0.394
2409.000 0.375
2410.000 0.322
2411.000 0.248
2412.000 0.181
2413.000 0.244
2414.000 0.341
2415.000 0.311
2416.000 0.296
2417.000 0.340
2418.000 0.317
2419.000 0.256
2420.000 0.250
2421.000 0.268
2422.000 0.305
2423.000 0.524
2424.000 0.479
2425.000 0.358
2426.000 0.275
2427.000 0.223
2428.000 0.210
2429.000 0.204
2430.000 0.284
2431.000 0.342
2432.000 0.318
2433.000 0.226
2434.000 0.193
2435.000 0.240
2436.000 0.346
2437.000 0.328
2438.000 0.296
2439.000 0.520
2440.000 0.478
2441.000 0.507
2442.000 0.332
2443.000 0.256
2444.000 0.573
2445.000 0.620
2446.000 0.576
2447.000 0.512
2448.000 0.360
2449.000 0.409
2450.000 0.332
2451.000 0.201
2452.000 0.235
2453.000 0.282
2454.000 0.256
2455.000 0.223
2456.000 0.295
2457.000 0.319
2458.000 0.516
2459.000 0.502
2460.000 0.383
2461.000 0.678
2462.000 0.290
2463.000 0.653
2464.000 0.475
2465.000 0.615
2466.000 0.499
2467.000 0.422
2468.000 0.400
2469.000 0.554
2470.000 0.649
2471.000 0.578
2472.000 0.326
2473.000 0.216
2474.000 0.197
2475.000 0.141
2476.000 0.196
2477.000 0.207
2478.000 0.180
2479.000 0.205
2480.000 0.248
2481.000 0.522
2482.000 0.286
2483.000 0.490
2484.000 0.441
2485.000 0.345
2486.000 0.188
2487.000 0.218
2488.000 0.246
2489.000 0.270
2490.000 0.335
2491.000 0.352
2492.000 0.414
2493.000 0.462
2494.000 0.446
2495.000 0.437
2496.000 0.483
2497.000 0.435
2498.000 0.353
2499.000 0.366
2500.000 0.444
