391.000 0.058
392.000 0.054
393.000 0.057
394.000 0.067
395.000 0.064
396.000 0.059
397.000 0.059
398.000 0.064
399.000 0.064
400.000 0.063
401.000 0.066
402.000 0.060
403.000 0.058
404.000 0.060
405.000 0.062
406.000 0.063
407.000 0.063
408.000 0.063
409.000 0.060
410.000 0.059
411.000 0.062
412.000 0.066
413.000 0.063
414.000 0.062
415.000 0.063
416.000 0.063
417.000 0.063
418.000 0.064
419.000 0.065
420.000 0.064
421.000 0.066
422.000 0.067
423.000 0.066
424.000 0.066
425.000 0.066
426.000 0.066
427.000 0.065
428.000 0.066
429.000 0.067
430.000 0.067
431.000 0.065
432.000 0.066
433.000 0.068
434.000 0.067
435.000 0.068
436.000 0.069
437.000 0.069
438.000 0.068
439.000 0.067
440.000 0.068
441.000 0.069
442.000 0.069
443.000 0.069
444.000 0.069
445.000 0.069
446.000 0.069
447.000 0.068
448.000 0.067
449.000 0.069
450.000 0.068
451.000 0.067
452.000 0.068
453.000 0.070
454.000 0.070
455.000 0.070
456.000 0.070
457.000 0.069
458.000 0.069
459.000 0.071
460.000 0.071
461.000 0.072
462.000 0.071
463.000 0.070
464.000 0.071
465.000 0.073
466.000 0.073
467.000 0.072
468.000 0.074
469.000 0.073
470.000 0.071
471.000 0.072
472.000 0.072
473.000 0.071
474.000 0.071
475.000 0.073
476.000 0.073
477.000 0.074
478.000 0.075
479.000 0.074
480.000 0.074
481.000 0.074
482.000 0.075
483.000 0.076
484.000 0.076
485.000 0.077
486.000 0.076
487.000 0.076
488.000 0.077
489.000 0.076
490.000 0.077
491.000 0.077
492.000 0.077
493.000 0.080
494.000 0.078
495.000 0.077
496.000 0.079
497.000 0.082
498.000 0.081
499.000 0.079
500.000 0.082
501.000 0.084
502.000 0.085
503.000 0.085
504.000 0.086
505.000 0.088
506.000 0.088
507.000 0.088
508.000 0.089
509.000 0.092
510.000 0.094
511.000 0.095
512.000 0.098
513.000 0.100
514.000 0.100
515.000 0.104
516.000 0.107
517.000 0.110
518.000 0.113
519.000 0.117
520.000 0.119
521.000 0.121
522.000 0.123
523.000 0.127
524.000 0.131
525.000 0.135
526.000 0.137
527.000 0.139
528.000 0.142
529.000 0.145
530.000 0.146
531.000 0.149
532.000 0.151
533.000 0.153
534.000 0.155
535.000 0.157
536.000 0.159
537.000 0.159
538.000 0.159
539.000 0.161
540.000 0.162
541.000 0.163
542.000 0.163
543.000 0.163
544.000 0.163
545.000 0.164
546.000 0.165
547.000 0.165
548.000 0.165
549.000 0.166
550.000 0.166
551.000 0.167
552.000 0.167
553.000 0.167
554.000 0.167
555.000 0.167
556.000 0.166
557.000 0.165
558.000 0.165
559.000 0.165
560.000 0.163
561.000 0.161
562.000 0.162
563.000 0.161
564.000 0.159
565.000 0.157
566.000 0.155
567.000 0.154
568.000 0.152
569.000 0.151
570.000 0.149
571.000 0.148
572.000 0.147
573.000 0.143
574.000 0.142
575.000 0.140
576.000 0.140
577.000 0.139
578.000 0.137
579.000 0.137
580.000 0.135
581.000 0.134
582.000 0.133
583.000 0.132
584.000 0.132
585.000 0.132
586.000 0.131
587.000 0.130
588.000 0.130
589.000 0.129
590.000 0.129
591.000 0.129
592.000 0.129
593.000 0.128
594.000 0.127
595.000 0.127
596.000 0.126
597.000 0.124
598.000 0.125
599.000 0.126
600.000 0.125
601.000 0.124
602.000 0.123
603.000 0.121
604.000 0.122
605.000 0.122
606.000 0.123
607.000 0.123
608.000 0.122
609.000 0.121
610.000 0.121
611.000 0.120
612.000 0.118
613.000 0.119
614.000 0.119
615.000 0.118
616.000 0.117
617.000 0.117
618.000 0.117
619.000 0.116
620.000 0.117
621.000 0.116
622.000 0.116
623.000 0.117
624.000 0.116
625.000 0.116
626.000 0.116
627.000 0.118
628.000 0.118
629.000 0.117
630.000 0.116
631.000 0.117
632.000 0.117
633.000 0.115
634.000 0.115
635.000 0.117
636.000 0.116
637.000 0.115
638.000 0.115
639.000 0.115
640.000 0.114
641.000 0.114
642.000 0.113
643.000 0.111
644.000 0.111
645.000 0.112
646.000 0.111
647.000 0.111
648.000 0.111
649.000 0.108
650.000 0.107
651.000 0.110
652.000 0.111
653.000 0.108
654.000 0.107
655.000 0.110
656.000 0.111
657.000 0.111
658.000 0.110
659.000 0.109
660.000 0.108
661.000 0.108
662.000 0.109
663.000 0.109
664.000 0.108
665.000 0.109
666.000 0.110
667.000 0.109
668.000 0.110
669.000 0.110
670.000 0.108
671.000 0.109
672.000 0.111
673.000 0.112
674.000 0.113
675.000 0.113
676.000 0.112
677.000 0.111
678.000 0.113
679.000 0.117
680.000 0.118
681.000 0.114
682.000 0.117
683.000 0.120
684.000 0.121
685.000 0.122
686.000 0.123
687.000 0.125
688.000 0.130
689.000 0.130
690.000 0.131
691.000 0.135
692.000 0.138
693.000 0.141
694.000 0.145
695.000 0.152
696.000 0.159
697.000 0.166
698.000 0.173
699.000 0.180
700.000 0.187
701.000 0.196
702.000 0.207
703.000 0.215
704.000 0.223
705.000 0.232
706.000 0.241
707.000 0.249
708.000 0.257
709.000 0.267
710.000 0.277
711.000 0.286
712.000 0.295
713.000 0.304
714.000 0.314
715.000 0.323
716.000 0.333
717.000 0.342
718.000 0.353
719.000 0.364
720.000 0.374
721.000 0.384
722.000 0.394
723.000 0.403
724.000 0.413
725.000 0.423
726.000 0.434
727.000 0.443
728.000 0.453
729.000 0.462
730.000 0.471
731.000 0.481
732.000 0.489
733.000 0.498
734.000 0.505
735.000 0.514
736.000 0.521
737.000 0.529
738.000 0.535
739.000 0.542
740.000 0.549
741.000 0.555
742.000 0.561
743.000 0.566
744.000 0.571
745.000 0.575
746.000 0.504
747.000 0.509
748.000 0.513
749.000 0.515
750.000 0.518
751.000 0.520
752.000 0.523
753.000 0.525
754.000 0.526
755.000 0.528
756.000 0.530
757.000 0.531
758.000 0.531
759.000 0.530
760.000 0.528
761.000 0.525
762.000 0.523
763.000 0.523
764.000 0.525
765.000 0.529
766.000 0.532
767.000 0.536
768.000 0.538
769.000 0.540
770.000 0.540
771.000 0.542
772.000 0.542
773.000 0.543
774.000 0.543
775.000 0.544
776.000 0.544
777.000 0.544
778.000 0.545
779.000 0.545
780.000 0.545
781.000 0.546
782.000 0.547
783.000 0.547
784.000 0.547
785.000 0.547
786.000 0.546
787.000 0.546
788.000 0.547
789.000 0.547
790.000 0.547
791.000 0.547
792.000 0.547
793.000 0.548
794.000 0.548
795.000 0.549
796.000 0.549
797.000 0.549
798.000 0.549
799.000 0.549
800.000 0.549
801.000 0.550
802.000 0.550
803.000 0.551
804.000 0.552
805.000 0.552
806.000 0.552
807.000 0.553
808.000 0.553
809.000 0.553
810.000 0.553
811.000 0.552
812.000 0.550
813.000 0.550
814.000 0.549
815.000 0.548
816.000 0.548
817.000 0.548
818.000 0.550
819.000 0.551
820.000 0.551
821.000 0.551
822.000 0.552
823.000 0.553
824.000 0.553
825.000 0.553
826.000 0.554
827.000 0.554
828.000 0.554
829.000 0.555
830.000 0.555
831.000 0.556
832.000 0.556
833.000 0.557
834.000 0.557
835.000 0.558
836.000 0.559
837.000 0.560
838.000 0.560
839.000 0.561
840.000 0.561
841.000 0.562
842.000 0.562
843.000 0.562
844.000 0.563
845.000 0.564
846.000 0.565
847.000 0.565
848.000 0.564
849.000 0.565
850.000 0.565
851.000 0.565
852.000 0.565
853.000 0.566
854.000 0.566
855.000 0.567
856.000 0.567
857.000 0.568
858.000 0.567
859.000 0.567
860.000 0.568
861.000 0.568
862.000 0.568
863.000 0.568
864.000 0.568
865.000 0.570
866.000 0.570
867.000 0.570
868.000 0.570
869.000 0.570
870.000 0.569
871.000 0.570
872.000 0.570
873.000 0.570
874.000 0.571
875.000 0.572
876.000 0.572
877.000 0.572
878.000 0.572
879.000 0.572
880.000 0.572
881.000 0.573
882.000 0.573
883.000 0.573
884.000 0.574
885.000 0.574
886.000 0.574
887.000 0.574
888.000 0.573
889.000 0.574
890.000 0.574
891.000 0.574
892.000 0.573
893.000 0.572
894.000 0.572
895.000 0.570
896.000 0.569
897.000 0.568
898.000 0.568
899.000 0.568
900.000 0.568
901.000 0.568
902.000 0.569
903.000 0.569
904.000 0.569
905.000 0.569
906.000 0.569
907.000 0.570
908.000 0.570
909.000 0.569
910.000 0.568
911.000 0.568
912.000 0.568
913.000 0.566
914.000 0.567
915.000 0.568
916.000 0.568
917.000 0.569
918.000 0.570
919.000 0.571
920.000 0.572
921.000 0.571
922.000 0.571
923.000 0.571
924.000 0.572
925.000 0.571
926.000 0.569
927.000 0.568
928.000 0.565
929.000 0.562
930.000 0.561
931.000 0.560
932.000 0.560
933.000 0.558
934.000 0.554
935.000 0.550
936.000 0.545
937.000 0.546
938.000 0.547
939.000 0.547
940.000 0.548
941.000 0.550
942.000 0.550
943.000 0.549
944.000 0.553
945.000 0.549
946.000 0.545
947.000 0.546
948.000 0.549
949.000 0.548
950.000 0.546
951.000 0.548
952.000 0.547
953.000 0.547
954.000 0.549
955.000 0.549
956.000 0.545
957.000 0.548
958.000 0.550
959.000 0.548
960.000 0.548
961.000 0.549
962.000 0.550
963.000 0.552
964.000 0.551
965.000 0.552
966.000 0.553
967.000 0.555
968.000 0.557
969.000 0.558
970.000 0.558
971.000 0.560
972.000 0.559
973.000 0.556
974.000 0.557
975.000 0.563
976.000 0.564
977.000 0.561
978.000 0.558
979.000 0.559
980.000 0.561
981.000 0.563
982.000 0.564
983.000 0.563
984.000 0.566
985.000 0.568
986.000 0.568
987.000 0.568
988.000 0.568
989.000 0.567
990.000 0.569
991.000 0.571
992.000 0.571
993.000 0.573
994.000 0.572
995.000 0.572
996.000 0.573
997.000 0.573
998.000 0.571
999.000 0.572
1000.000 0.574
1001.000 0.586
1002.000 0.586
1003.000 0.586
1004.000 0.586
1005.000 0.587
1006.000 0.588
1007.000 0.589
1008.000 0.592
1009.000 0.592
1010.000 0.593
1011.000 0.594
1012.000 0.591
1013.000 0.590
1014.000 0.590
1015.000 0.589
1016.000 0.590
1017.000 0.590
1018.000 0.590
1019.000 0.591
1020.000 0.594
1021.000 0.594
1022.000 0.595
1023.000 0.596
1024.000 0.596
1025.000 0.596
1026.000 0.598
1027.000 0.598
1028.000 0.599
1029.000 0.599
1030.000 0.599
1031.000 0.598
1032.000 0.598
1033.000 0.598
1034.000 0.599
1035.000 0.600
1036.000 0.601
1037.000 0.601
1038.000 0.600
1039.000 0.601
1040.000 0.602
1041.000 0.601
1042.000 0.601
1043.000 0.601
1044.000 0.601
1045.000 0.601
1046.000 0.601
1047.000 0.601
1048.000 0.600
1049.000 0.599
1050.000 0.599
1051.000 0.601
1052.000 0.603
1053.000 0.603
1054.000 0.603
1055.000 0.603
1056.000 0.602
1057.000 0.602
1058.000 0.601
1059.000 0.601
1060.000 0.602
1061.000 0.602
1062.000 0.603
1063.000 0.603
1064.000 0.603
1065.000 0.604
1066.000 0.603
1067.000 0.603
1068.000 0.604
1069.000 0.604
1070.000 0.605
1071.000 0.605
1072.000 0.604
1073.000 0.605
1074.000 0.605
1075.000 0.605
1076.000 0.604
1077.000 0.604
1078.000 0.603
1079.000 0.602
1080.000 0.603
1081.000 0.602
1082.000 0.603
1083.000 0.603
1084.000 0.603
1085.000 0.603
1086.000 0.603
1087.000 0.603
1088.000 0.603
1089.000 0.603
1090.000 0.603
1091.000 0.603
1092.000 0.602
1093.000 0.602
1094.000 0.601
1095.000 0.601
1096.000 0.601
1097.000 0.601
1098.000 0.600
1099.000 0.599
1100.000 0.596
1101.000 0.594
1102.000 0.593
1103.000 0.594
1104.000 0.594
1105.000 0.594
1106.000 0.593
1107.000 0.592
1108.000 0.591
1109.000 0.589
1110.000 0.588
1111.000 0.588
1112.000 0.587
1113.000 0.587
1114.000 0.586
1115.000 0.584
1116.000 0.582
1117.000 0.581
1118.000 0.580
1119.000 0.579
1120.000 0.577
1121.000 0.576
1122.000 0.573
1123.000 0.572
1124.000 0.569
1125.000 0.568
1126.000 0.568
1127.000 0.570
1128.000 0.569
1129.000 0.569
1130.000 0.569
1131.000 0.569
1132.000 0.571
1133.000 0.571
1134.000 0.570
1135.000 0.568
1136.000 0.566
1137.000 0.565
1138.000 0.562
1139.000 0.561
1140.000 0.559
1141.000 0.558
1142.000 0.557
1143.000 0.558
1144.000 0.558
1145.000 0.558
1146.000 0.558
1147.000 0.558
1148.000 0.557
1149.000 0.556
1150.000 0.555
1151.000 0.555
1152.000 0.555
1153.000 0.554
1154.000 0.554
1155.000 0.554
1156.000 0.554
1157.000 0.554
1158.000 0.554
1159.000 0.555
1160.000 0.556
1161.000 0.555
1162.000 0.556
1163.000 0.557
1164.000 0.558
1165.000 0.559
1166.000 0.559
1167.000 0.560
1168.000 0.560
1169.000 0.561
1170.000 0.561
1171.000 0.562
1172.000 0.562
1173.000 0.562
1174.000 0.562
1175.000 0.562
1176.000 0.563
1177.000 0.564
1178.000 0.564
1179.000 0.565
1180.000 0.565
1181.000 0.564
1182.000 0.564
1183.000 0.564
1184.000 0.564
1185.000 0.564
1186.000 0.564
1187.000 0.565
1188.000 0.566
1189.000 0.567
1190.000 0.567
1191.000 0.567
1192.000 0.567
1193.000 0.567
1194.000 0.568
1195.000 0.568
1196.000 0.569
1197.000 0.570
1198.000 0.570
1199.000 0.571
1200.000 0.570
1201.000 0.571
1202.000 0.571
1203.000 0.571
1204.000 0.571
1205.000 0.571
1206.000 0.571
1207.000 0.570
1208.000 0.570
1209.000 0.570
1210.000 0.571
1211.000 0.572
1212.000 0.572
1213.000 0.573
1214.000 0.573
1215.000 0.573
1216.000 0.573
1217.000 0.573
1218.000 0.573
1219.000 0.573
1220.000 0.574
1221.000 0.575
1222.000 0.576
1223.000 0.576
1224.000 0.576
1225.000 0.575
1226.000 0.575
1227.000 0.576
1228.000 0.576
1229.000 0.577
1230.000 0.577
1231.000 0.578
1232.000 0.578
1233.000 0.579
1234.000 0.579
1235.000 0.580
1236.000 0.580
1237.000 0.580
1238.000 0.581
1239.000 0.581
1240.000 0.581
1241.000 0.581
1242.000 0.581
1243.000 0.580
1244.000 0.579
1245.000 0.578
1246.000 0.578
1247.000 0.578
1248.000 0.578
1249.000 0.579
1250.000 0.579
1251.000 0.580
1252.000 0.581
1253.000 0.581
1254.000 0.581
1255.000 0.580
1256.000 0.580
1257.000 0.579
1258.000 0.578
1259.000 0.579
1260.000 0.579
1261.000 0.578
1262.000 0.578
1263.000 0.576
1264.000 0.575
1265.000 0.576
1266.000 0.576
1267.000 0.576
1268.000 0.577
1269.000 0.577
1270.000 0.577
1271.000 0.578
1272.000 0.579
1273.000 0.580
1274.000 0.581
1275.000 0.582
1276.000 0.582
1277.000 0.582
1278.000 0.580
1279.000 0.580
1280.000 0.581
1281.000 0.581
1282.000 0.583
1283.000 0.583
1284.000 0.582
1285.000 0.582
1286.000 0.581
1287.000 0.581
1288.000 0.583
1289.000 0.583
1290.000 0.583
1291.000 0.583
1292.000 0.581
1293.000 0.580
1294.000 0.580
1295.000 0.580
1296.000 0.579
1297.000 0.580
1298.000 0.580
1299.000 0.580
1300.000 0.579
1301.000 0.578
1302.000 0.577
1303.000 0.577
1304.000 0.576
1305.000 0.575
1306.000 0.574
1307.000 0.573
1308.000 0.571
1309.000 0.569
1310.000 0.569
1311.000 0.567
1312.000 0.565
1313.000 0.564
1314.000 0.563
1315.000 0.562
1316.000 0.633
1317.000 0.633
1318.000 0.632
1319.000 0.630
1320.000 0.629
1321.000 0.628
1322.000 0.625
1323.000 0.624
1324.000 0.622
1325.000 0.620
1326.000 0.620
1327.000 0.618
1328.000 0.618
1329.000 0.615
1330.000 0.612
1331.000 0.610
1332.000 0.607
1333.000 0.605
1334.000 0.602
1335.000 0.600
1336.000 0.598
1337.000 0.597
1338.000 0.596
1339.000 0.595
1340.000 0.594
1341.000 0.592
1342.000 0.587
1343.000 0.584
1344.000 0.578
1345.000 0.575
1346.000 0.576
1347.000 0.573
1348.000 0.569
1349.000 0.565
1350.000 0.558
1351.000 0.537
1352.000 0.530
1353.000 0.540
1354.000 0.551
1355.000 0.525
1356.000 0.582
1357.000 0.610
1358.000 0.677
1359.000 0.597
1360.000 0.685
1361.000 0.771
1362.000 0.586
1363.000 0.410
1364.000 0.230
1365.000 0.409
1366.000 0.588
1367.000 0.763
1368.000 0.516
1369.000 0.398
1370.000 0.305
1371.000 0.249
1372.000 0.598
1373.000 0.412
1374.000 0.433
1375.000 0.527
1376.000 0.670
1377.000 0.453
1378.000 0.143
1379.000 0.104
1380.000 0.130
1381.000 0.286
1382.000 0.398
1383.000 0.500
1384.000 0.635
1385.000 0.306
1386.000 0.306
1387.000 0.309
1388.000 0.234
1389.000 0.339
1390.000 0.354
1391.000 0.213
1392.000 0.128
1393.000 0.081
1394.000 0.219
1395.000 0.292
1396.000 0.341
1397.000 0.379
1398.000 0.429
1399.000 0.468
1400.000 0.511
1401.000 0.522
1402.000 0.498
1403.000 0.525
1404.000 0.396
1405.000 0.259
1406.000 0.114
1407.000 0.130
1408.000 0.434
1409.000 0.459
1410.000 0.461
1411.000 0.442
1412.000 0.430
1413.000 0.443
1414.000 0.467
1415.000 0.510
1416.000 0.494
1417.000 0.494
1418.000 0.487
1419.000 0.540
1420.000 0.496
1421.000 0.460
1422.000 0.428
1423.000 0.368
1424.000 0.353
1425.000 0.349
1426.000 0.349
1427.000 0.372
1428.000 0.374
1429.000 0.369
1430.000 0.364
1431.000 0.347
1432.000 0.340
1433.000 0.332
1434.000 0.340
1435.000 0.358
1436.000 0.382
1437.000 0.438
1438.000 0.464
1439.000 0.478
1440.000 0.473
1441.000 0.443
1442.000 0.415
1443.000 0.377
1444.000 0.360
1445.000 0.354
1446.000 0.348
1447.000 0.351
1448.000 0.350
1449.000 0.349
1450.000 0.340
1451.000 0.329
1452.000 0.330
1453.000 0.327
1454.000 0.320
1455.000 0.324
1456.000 0.332
1457.000 0.334
1458.000 0.338
1459.000 0.337
1460.000 0.330
1461.000 0.325
1462.000 0.320
1463.000 0.315
1464.000 0.307
1465.000 0.305
1466.000 0.311
1467.000 0.311
1468.000 0.308
1469.000 0.312
1470.000 0.315
1471.000 0.321
1472.000 0.334
1473.000 0.343
1474.000 0.345
1475.000 0.352
1476.000 0.368
1477.000 0.369
1478.000 0.364
1479.000 0.359
1480.000 0.342
1481.000 0.334
1482.000 0.327
1483.000 0.324
1484.000 0.325
1485.000 0.328
1486.000 0.338
1487.000 0.342
1488.000 0.343
1489.000 0.345
1490.000 0.347
1491.000 0.347
1492.000 0.345
1493.000 0.345
1494.000 0.343
1495.000 0.344
1496.000 0.347
1497.000 0.350
1498.000 0.354
1499.000 0.355
1500.000 0.350
1501.000 0.348
1502.000 0.348
1503.000 0.352
1504.000 0.360
1505.000 0.367
1506.000 0.369
1507.000 0.369
1508.000 0.369
1509.000 0.365
1510.000 0.367
1511.000 0.370
1512.000 0.372
1513.000 0.374
1514.000 0.375
1515.000 0.373
1516.000 0.374
1517.000 0.375
1518.000 0.377
1519.000 0.380
1520.000 0.382
1521.000 0.384
1522.000 0.386
1523.000 0.388
1524.000 0.389
1525.000 0.387
1526.000 0.389
1527.000 0.391
1528.000 0.392
1529.000 0.395
1530.000 0.396
1531.000 0.397
1532.000 0.398
1533.000 0.398
1534.000 0.399
1535.000 0.399
1536.000 0.401
1537.000 0.404
1538.000 0.407
1539.000 0.411
1540.000 0.413
1541.000 0.414
1542.000 0.415
1543.000 0.416
1544.000 0.416
1545.000 0.415
1546.000 0.415
1547.000 0.415
1548.000 0.415
1549.000 0.414
1550.000 0.415
1551.000 0.416
1552.000 0.418
1553.000 0.421
1554.000 0.424
1555.000 0.427
1556.000 0.429
1557.000 0.431
1558.000 0.432
1559.000 0.433
1560.000 0.434
1561.000 0.436
1562.000 0.437
1563.000 0.436
1564.000 0.437
1565.000 0.438
1566.000 0.440
1567.000 0.445
1568.000 0.447
1569.000 0.448
1570.000 0.449
1571.000 0.448
1572.000 0.448
1573.000 0.449
1574.000 0.448
1575.000 0.448
1576.000 0.448
1577.000 0.447
1578.000 0.447
1579.000 0.448
1580.000 0.449
1581.000 0.451
1582.000 0.453
1583.000 0.457
1584.000 0.460
1585.000 0.463
1586.000 0.465
1587.000 0.466
1588.000 0.466
1589.000 0.464
1590.000 0.463
1591.000 0.462
1592.000 0.461
1593.000 0.461
1594.000 0.461
1595.000 0.462
1596.000 0.463
1597.000 0.465
1598.000 0.467
1599.000 0.469
1600.000 0.471
1601.000 0.471
1602.000 0.472
1603.000 0.475
1604.000 0.476
1605.000 0.477
1606.000 0.476
1607.000 0.474
1608.000 0.473
1609.000 0.474
1610.000 0.475
1611.000 0.479
1612.000 0.480
1613.000 0.481
1614.000 0.482
1615.000 0.483
1616.000 0.482
1617.000 0.481
1618.000 0.482
1619.000 0.483
1620.000 0.484
1621.000 0.485
1622.000 0.486
1623.000 0.483
1624.000 0.483
1625.000 0.481
1626.000 0.481
1627.000 0.483
1628.000 0.484
1629.000 0.486
1630.000 0.488
1631.000 0.489
1632.000 0.491
1633.000 0.492
1634.000 0.493
1635.000 0.493
1636.000 0.493
1637.000 0.492
1638.000 0.492
1639.000 0.491
1640.000 0.491
1641.000 0.494
1642.000 0.495
1643.000 0.497
1644.000 0.497
1645.000 0.496
1646.000 0.495
1647.000 0.497
1648.000 0.498
1649.000 0.500
1650.000 0.500
1651.000 0.499
1652.000 0.499
1653.000 0.500
1654.000 0.500
1655.000 0.504
1656.000 0.505
1657.000 0.504
1658.000 0.504
1659.000 0.504
1660.000 0.504
1661.000 0.507
1662.000 0.507
1663.000 0.504
1664.000 0.504
1665.000 0.505
1666.000 0.506
1667.000 0.508
1668.000 0.509
1669.000 0.511
1670.000 0.511
1671.000 0.511
1672.000 0.511
1673.000 0.509
1674.000 0.509
1675.000 0.511
1676.000 0.512
1677.000 0.514
1678.000 0.515
1679.000 0.515
1680.000 0.516
1681.000 0.517
1682.000 0.518
1683.000 0.517
1684.000 0.517
1685.000 0.515
1686.000 0.514
1687.000 0.514
1688.000 0.513
1689.000 0.511
1690.000 0.511
1691.000 0.511
1692.000 0.512
1693.000 0.515
1694.000 0.515
1695.000 0.515
1696.000 0.515
1697.000 0.514
1698.000 0.514
1699.000 0.515
1700.000 0.515
1701.000 0.515
1702.000 0.515
1703.000 0.515
1704.000 0.515
1705.000 0.514
1706.000 0.516
1707.000 0.521
1708.000 0.521
1709.000 0.520
1710.000 0.520
1711.000 0.513
1712.000 0.514
1713.000 0.516
1714.000 0.516
1715.000 0.516
1716.000 0.515
1717.000 0.515
1718.000 0.513
1719.000 0.513
1720.000 0.515
1721.000 0.513
1722.000 0.513
1723.000 0.512
1724.000 0.508
1725.000 0.507
1726.000 0.509
1727.000 0.514
1728.000 0.517
1729.000 0.517
1730.000 0.514
1731.000 0.510
1732.000 0.510
1733.000 0.511
1734.000 0.512
1735.000 0.513
1736.000 0.507
1737.000 0.507
1738.000 0.509
1739.000 0.509
1740.000 0.512
1741.000 0.512
1742.000 0.510
1743.000 0.508
1744.000 0.503
1745.000 0.501
1746.000 0.497
1747.000 0.495
1748.000 0.498
1749.000 0.498
1750.000 0.497
1751.000 0.496
1752.000 0.496
1753.000 0.496
1754.000 0.495
1755.000 0.495
1756.000 0.494
1757.000 0.490
1758.000 0.486
1759.000 0.485
1760.000 0.483
1761.000 0.480
1762.000 0.481
1763.000 0.478
1764.000 0.476
1765.000 0.477
1766.000 0.474
1767.000 0.477
1768.000 0.474
1769.000 0.470
1770.000 0.472
1771.000 0.469
1772.000 0.469
1773.000 0.467
1774.000 0.464
1775.000 0.472
1776.000 0.480
1777.000 0.485
1778.000 0.492
1779.000 0.491
1780.000 0.485
1781.000 0.488
1782.000 0.495
1783.000 0.490
1784.000 0.479
1785.000 0.470
1786.000 0.463
1787.000 0.457
1788.000 0.453
1789.000 0.456
1790.000 0.455
1791.000 0.450
1792.000 0.460
1793.000 0.458
1794.000 0.467
1795.000 0.477
1796.000 0.482
1797.000 0.491
1798.000 0.499
1799.000 0.500
1800.000 0.487
1801.000 0.470
1802.000 0.475
1803.000 0.520
1804.000 0.612
1805.000 0.647
1806.000 0.615
1807.000 0.608
1808.000 0.553
1809.000 0.546
1810.000 0.579
1811.000 0.571
1812.000 0.527
1813.000 0.611
1814.000 0.634
1815.000 0.643
1816.000 0.687
1817.000 0.649
1818.000 0.534
1819.000 0.850
1820.000 0.851
1821.000 0.840
1822.000 0.826
1823.000 0.827
1824.000 0.769
1825.000 0.722
1826.000 0.650
1827.000 0.588
1828.000 0.522
1829.000 0.405
1830.000 0.488
1831.000 0.678
1832.000 0.563
1833.000 0.532
1834.000 0.738
1835.000 0.457
1836.000 0.495
1837.000 0.627
1838.000 0.625
1839.000 0.637
1840.000 0.649
1841.000 0.659
1842.000 0.678
1843.000 0.707
1844.000 0.739
1845.000 0.763
1846.000 0.782
1847.000 0.810
1848.000 0.829
1849.000 0.852
1850.000 0.629
1851.000 0.594
1852.000 0.549
1853.000 0.479
1854.000 0.856
1855.000 0.694
1856.000 0.574
1857.000 0.448
1858.000 0.323
1859.000 0.206
1860.000 0.283
1861.000 0.337
1862.000 0.391
1863.000 0.433
1864.000 0.476
1865.000 0.531
1866.000 0.603
1867.000 0.584
1868.000 0.528
1869.000 0.431
1870.000 0.348
1871.000 0.355
1872.000 0.318
1873.000 0.399
1874.000 0.403
1875.000 0.572
1876.000 0.500
1877.000 0.456
1878.000 0.558
1879.000 0.501
1880.000 0.607
1881.000 0.696
1882.000 0.672
1883.000 0.193
1884.000 0.306
1885.000 0.419
1886.000 0.525
1887.000 0.631
1888.000 0.758
1889.000 0.582
1890.000 0.488
1891.000 0.518
1892.000 0.488
1893.000 0.503
1894.000 0.498
1895.000 0.685
1896.000 0.635
1897.000 0.769
1898.000 0.712
1899.000 0.601
1900.000 0.464
1901.000 0.318
1902.000 0.189
1903.000 0.352
1904.000 0.274
1905.000 0.214
1906.000 0.455
1907.000 0.235
1908.000 0.303
1909.000 0.456
1910.000 0.607
1911.000 0.761
1912.000 0.402
1913.000 0.770
1914.000 0.671
1915.000 0.572
1916.000 0.470
1917.000 0.284
1918.000 0.292
1919.000 0.197
1920.000 0.241
1921.000 0.292
1922.000 0.295
1923.000 0.363
1924.000 0.416
1925.000 0.510
1926.000 0.344
1927.000 0.180
1928.000 0.055
1929.000 0.790
1930.000 0.592
1931.000 0.504
1932.000 0.537
1933.000 0.633
1934.000 0.405
1935.000 0.515
1936.000 0.446
1937.000 0.340
1938.000 0.355
1939.000 0.454
1940.000 0.703
1941.000 0.821
1942.000 0.739
1943.000 0.681
1944.000 0.644
1945.000 0.568
1946.000 0.433
1947.000 0.374
1948.000 0.438
1949.000 0.442
1950.000 0.569
1951.000 0.638
1952.000 0.654
1953.000 0.674
1954.000 0.695
1955.000 0.540
1956.000 0.793
1957.000 0.654
1958.000 0.588
1959.000 0.572
1960.000 0.489
1961.000 0.484
1962.000 0.410
1963.000 0.275
1964.000 0.264
1965.000 0.294
1966.000 0.294
1967.000 0.338
1968.000 0.393
1969.000 0.406
1970.000 0.447
1971.000 0.459
1972.000 0.445
1973.000 0.399
1974.000 0.350
1975.000 0.301
1976.000 0.240
1977.000 0.222
1978.000 0.215
1979.000 0.200
1980.000 0.205
1981.000 0.207
1982.000 0.226
1983.000 0.250
1984.000 0.266
1985.000 0.296
1986.000 0.299
1987.000 0.277
1988.000 0.267
1989.000 0.240
1990.000 0.233
1991.000 0.237
1992.000 0.227
1993.000 0.235
1994.000 0.256
1995.000 0.274
1996.000 0.302
1997.000 0.314
1998.000 0.312
1999.000 0.321
2000.000 0.285
2001.000 0.299
2002.000 0.377
2003.000 0.397
2004.000 0.395
2005.000 0.400
2006.000 0.355
2007.000 0.397
2008.000 0.487
2009.000 0.492
2010.000 0.528
2011.000 0.517
2012.000 0.391
2013.000 0.373
2014.000 0.347
2015.000 0.318
2016.000 0.295
2017.000 0.269
2018.000 0.264
2019.000 0.278
2020.000 0.273
2021.000 0.243
2022.000 0.260
2023.000 0.263
2024.000 0.263
2025.000 0.291
2026.000 0.297
2027.000 0.308
2028.000 0.317
2029.000 0.319
2030.000 0.315
2031.000 0.320
2032.000 0.323
2033.000 0.321
2034.000 0.320
2035.000 0.330
2036.000 0.318
2037.000 0.298
2038.000 0.294
2039.000 0.282
2040.000 0.276
2041.000 0.293
2042.000 0.298
2043.000 0.305
2044.000 0.308
2045.000 0.303
2046.000 0.304
2047.000 0.305
2048.000 0.309
2049.000 0.320
2050.000 0.327
2051.000 0.340
2052.000 0.334
2053.000 0.331
2054.000 0.359
2055.000 0.378
2056.000 0.374
2057.000 0.371
2058.000 0.348
2059.000 0.341
2060.000 0.347
2061.000 0.343
2062.000 0.337
2063.000 0.332
2064.000 0.307
2065.000 0.304
2066.000 0.319
2067.000 0.331
2068.000 0.329
2069.000 0.341
2070.000 0.346
2071.000 0.338
2072.000 0.337
2073.000 0.344
2074.000 0.346
2075.000 0.342
2076.000 0.342
2077.000 0.351
2078.000 0.348
2079.000 0.330
2080.000 0.324
2081.000 0.318
2082.000 0.320
2083.000 0.319
2084.000 0.329
2085.000 0.332
2086.000 0.321
2087.000 0.323
2088.000 0.333
2089.000 0.339
2090.000 0.352
2091.000 0.358
2092.000 0.358
2093.000 0.355
2094.000 0.340
2095.000 0.338
2096.000 0.336
2097.000 0.338
2098.000 0.349
2099.000 0.361
2100.000 0.355
2101.000 0.365
2102.000 0.366
2103.000 0.357
2104.000 0.353
2105.000 0.346
2106.000 0.348
2107.000 0.353
2108.000 0.359
2109.000 0.380
2110.000 0.382
2111.000 0.372
2112.000 0.366
2113.000 0.346
2114.000 0.341
2115.000 0.349
2116.000 0.350
2117.000 0.351
2118.000 0.353
2119.000 0.352
2120.000 0.347
2121.000 0.343
2122.000 0.339
2123.000 0.342
2124.000 0.348
2125.000 0.354
2126.000 0.373
2127.000 0.377
2128.000 0.365
2129.000 0.362
2130.000 0.358
2131.000 0.354
2132.000 0.349
2133.000 0.348
2134.000 0.349
2135.000 0.348
2136.000 0.352
2137.000 0.359
2138.000 0.367
2139.000 0.357
2140.000 0.348
2141.000 0.347
2142.000 0.345
2143.000 0.343
2144.000 0.345
2145.000 0.353
2146.000 0.362
2147.000 0.380
2148.000 0.391
2149.000 0.404
2150.000 0.412
2151.000 0.416
2152.000 0.409
2153.000 0.389
2154.000 0.382
2155.000 0.372
2156.000 0.366
2157.000 0.364
2158.000 0.372
2159.000 0.366
2160.000 0.358
2161.000 0.360
2162.000 0.367
2163.000 0.368
2164.000 0.372
2165.000 0.377
2166.000 0.383
2167.000 0.384
2168.000 0.385
2169.000 0.387
2170.000 0.379
2171.000 0.377
2172.000 0.378
2173.000 0.380
2174.000 0.382
2175.000 0.387
2176.000 0.401
2177.000 0.413
2178.000 0.422
2179.000 0.425
2180.000 0.408
2181.000 0.398
2182.000 0.394
2183.000 0.376
2184.000 0.370
2185.000 0.372
2186.000 0.371
2187.000 0.368
2188.000 0.375
2189.000 0.391
2190.000 0.396
2191.000 0.402
2192.000 0.403
2193.000 0.393
2194.000 0.391
2195.000 0.391
2196.000 0.389
2197.000 0.386
2198.000 0.389
2199.000 0.397
2200.000 0.406
2201.000 0.429
2202.000 0.434
2203.000 0.429
2204.000 0.429
2205.000 0.412
2206.000 0.400
2207.000 0.394
2208.000 0.386
2209.000 0.383
2210.000 0.381
2211.000 0.390
2212.000 0.411
2213.000 0.415
2214.000 0.418
2215.000 0.417
2216.000 0.397
2217.000 0.397
2218.000 0.417
2219.000 0.422
2220.000 0.424
2221.000 0.423
2222.000 0.413
2223.000 0.405
2224.000 0.391
2225.000 0.389
2226.000 0.392
2227.000 0.401
2228.000 0.407
2229.000 0.423
2230.000 0.426
2231.000 0.414
2232.000 0.422
2233.000 0.427
2234.000 0.422
2235.000 0.420
2236.000 0.417
2237.000 0.415
2238.000 0.411
2239.000 0.414
2240.000 0.409
2241.000 0.391
2242.000 0.382
2243.000 0.374
2244.000 0.372
2245.000 0.379
2246.000 0.378
2247.000 0.375
2248.000 0.379
2249.000 0.378
2250.000 0.378
2251.000 0.389
2252.000 0.387
2253.000 0.372
2254.000 0.360
2255.000 0.339
2256.000 0.331
2257.000 0.331
2258.000 0.318
2259.000 0.328
2260.000 0.336
2261.000 0.333
2262.000 0.351
2263.000 0.371
2264.000 0.380
2265.000 0.386
2266.000 0.389
2267.000 0.378
2268.000 0.373
2269.000 0.369
2270.000 0.361
2271.000 0.381
2272.000 0.394
2273.000 0.400
2274.000 0.430
2275.000 0.424
2276.000 0.371
2277.000 0.352
2278.000 0.327
2279.000 0.317
2280.000 0.329
2281.000 0.326
2282.000 0.312
2283.000 0.318
2284.000 0.334
2285.000 0.346
2286.000 0.381
2287.000 0.391
2288.000 0.381
2289.000 0.373
2290.000 0.350
2291.000 0.342
2292.000 0.345
2293.000 0.335
2294.000 0.324
2295.000 0.326
2296.000 0.325
2297.000 0.318
2298.000 0.349
2299.000 0.365
2300.000 0.354
2301.000 0.355
2302.000 0.359
2303.000 0.341
2304.000 0.359
2305.000 0.406
2306.000 0.393
2307.000 0.419
2308.000 0.450
2309.000 0.455
2310.000 0.554
2311.000 0.582
2312.000 0.571
2313.000 0.533
2314.000 0.448
2315.000 0.413
2316.000 0.389
2317.000 0.362
2318.000 0.375
2319.000 0.381
2320.000 0.359
2321.000 0.347
2322.000 0.342
2323.000 0.333
2324.000 0.348
2325.000 0.390
2326.000 0.398
2327.000 0.374
2328.000 0.391
2329.000 0.415
2330.000 0.421
2331.000 0.461
2332.000 0.459
2333.000 0.391
2334.000 0.365
2335.000 0.350
2336.000 0.341
2337.000 0.352
2338.000 0.370
2339.000 0.377
2340.000 0.383
2341.000 0.403
2342.000 0.409
2343.000 0.412
2344.000 0.414
2345.000 0.428
2346.000 0.403
2347.000 0.359
2348.000 0.343
2349.000 0.293
2350.000 0.273
2351.000 0.292
2352.000 0.309
2353.000 0.337
2354.000 0.375
2355.000 0.449
2356.000 0.493
2357.000 0.525
2358.000 0.504
2359.000 0.518
2360.000 0.502
2361.000 0.519
2362.000 0.427
2363.000 0.332
2364.000 0.294
2365.000 0.234
2366.000 0.208
2367.000 0.211
2368.000 0.221
2369.000 0.257
2370.000 0.251
2371.000 0.251
2372.000 0.298
2373.000 0.277
2374.000 0.282
2375.000 0.287
2376.000 0.321
2377.000 0.270
2378.000 0.216
2379.000 0.250
2380.000 0.235
2381.000 0.388
2382.000 0.455
2383.000 0.489
2384.000 0.445
2385.000 0.242
2386.000 0.277
2387.000 0.267
2388.000 0.277
2389.000 0.275
2390.000 0.241
2391.000 0.211
2392.000 0.289
2393.000 0.275
2394.000 0.204
2395.000 0.210
2396.000 0.236
2397.000 0.298
2398.000 0.422
2399.000 0.480
2400.000 0.567
2401.000 0.613
2402.000 0.449
2403.000 0.445
2404.000 0.440
2405.000 0.323
2406.000 0.322
2407.000 0.316
2408.000 0.308
2409.000 0.198
2410.000 0.182
2411.000 0.303
2412.000 0.251
2413.000 0.207
2414.000 0.263
2415.000 0.284
2416.000 0.321
2417.000 0.626
2418.000 0.366
2419.000 0.454
2420.000 0.522
2421.000 0.694
2422.000 0.624
2423.000 0.569
2424.000 0.507
2425.000 0.402
2426.000 0.145
2427.000 0.142
2428.000 0.280
2429.000 0.391
2430.000 0.376
2431.000 0.410
2432.000 0.267
2433.000 0.194
2434.000 0.451
2435.000 0.583
2436.000 0.469
2437.000 0.682
2438.000 0.504
2439.000 0.352
2440.000 0.196
2441.000 0.161
2442.000 0.124
2443.000 0.093
2444.000 0.211
2445.000 0.360
2446.000 0.263
2447.000 0.564
2448.000 0.691
2449.000 0.713
2450.000 0.900
2451.000 0.772
2452.000 0.472
2453.000 0.376
2454.000 0.162
2455.000 0.193
2456.000 0.226
2457.000 0.284
2458.000 0.472
2459.000 0.461
2460.000 0.694
2461.000 0.664
2462.000 0.663
2463.000 0.656
2464.000 0.606
2465.000 0.563
2466.000 0.519
2467.000 0.481
2468.000 0.391
2469.000 0.349
2470.000 0.344
2471.000 0.199
2472.000 0.262
2473.000 0.308
2474.000 0.418
2475.000 0.583
2476.000 0.696
2477.000 0.297
2478.000 0.287
2479.000 0.278
2480.000 0.578
2481.000 0.363
2482.000 0.122
2483.000 0.198
2484.000 0.310
2485.000 0.267
2486.000 0.176
2487.000 0.195
2488.000 0.279
2489.000 0.476
2490.000 0.539
2491.000 0.359
2492.000 0.193
2493.000 0.205
2494.000 0.575
2495.000 0.429
2496.000 0.456
2497.000 0.211
2498.000 0.478
2499.000 0.189
2500.000 0.146
