391.000 0.086
392.000 0.087
393.000 0.099
394.000 0.099
395.000 0.096
396.000 0.097
397.000 0.099
398.000 0.094
399.000 0.093
400.000 0.096
401.000 0.098
402.000 0.095
403.000 0.096
404.000 0.097
405.000 0.093
406.000 0.094
407.000 0.092
408.000 0.090
409.000 0.093
410.000 0.094
411.000 0.095
412.000 0.096
413.000 0.097
414.000 0.097
415.000 0.098
416.000 0.097
417.000 0.099
418.000 0.099
419.000 0.098
420.000 0.097
421.000 0.097
422.000 0.098
423.000 0.098
424.000 0.097
425.000 0.097
426.000 0.098
427.000 0.097
428.000 0.096
429.000 0.096
430.000 0.095
431.000 0.098
432.000 0.098
433.000 0.098
434.000 0.100
435.000 0.098
436.000 0.097
437.000 0.096
438.000 0.098
439.000 0.097
440.000 0.098
441.000 0.099
442.000 0.101
443.000 0.099
444.000 0.096
445.000 0.095
446.000 0.097
447.000 0.099
448.000 0.099
449.000 0.099
450.000 0.098
451.000 0.099
452.000 0.100
453.000 0.102
454.000 0.100
455.000 0.099
456.000 0.100
457.000 0.098
458.000 0.099
459.000 0.100
460.000 0.098
461.000 0.100
462.000 0.100
463.000 0.099
464.000 0.099
465.000 0.100
466.000 0.101
467.000 0.100
468.000 0.102
469.000 0.103
470.000 0.103
471.000 0.103
472.000 0.102
473.000 0.101
474.000 0.101
475.000 0.102
476.000 0.102
477.000 0.102
478.000 0.102
479.000 0.101
480.000 0.103
481.000 0.104
482.000 0.102
483.000 0.101
484.000 0.102
485.000 0.104
486.000 0.104
487.000 0.106
488.000 0.107
489.000 0.105
490.000 0.104
491.000 0.104
492.000 0.105
493.000 0.105
494.000 0.106
495.000 0.106
496.000 0.106
497.000 0.108
498.000 0.107
499.000 0.108
500.000 0.112
501.000 0.110
502.000 0.112
503.000 0.116
504.000 0.117
505.000 0.118
506.000 0.120
507.000 0.122
508.000 0.123
509.000 0.124
510.000 0.126
511.000 0.129
512.000 0.131
513.000 0.134
514.000 0.138
515.000 0.140
516.000 0.143
517.000 0.147
518.000 0.150
519.000 0.156
520.000 0.159
521.000 0.162
522.000 0.167
523.000 0.172
524.000 0.175
525.000 0.178
526.000 0.183
527.000 0.186
528.000 0.190
529.000 0.194
530.000 0.197
531.000 0.199
532.000 0.202
533.000 0.205
534.000 0.207
535.000 0.208
536.000 0.209
537.000 0.211
538.000 0.212
539.000 0.214
540.000 0.214
541.000 0.215
542.000 0.216
543.000 0.216
544.000 0.217
545.000 0.217
546.000 0.218
547.000 0.219
548.000 0.219
549.000 0.219
550.000 0.219
551.000 0.220
552.000 0.220
553.000 0.220
554.000 0.219
555.000 0.219
556.000 0.218
557.000 0.218
558.000 0.217
559.000 0.216
560.000 0.215
561.000 0.213
562.000 0.213
563.000 0.211
564.000 0.209
565.000 0.207
566.000 0.204
567.000 0.201
568.000 0.200
569.000 0.197
570.000 0.194
571.000 0.192
572.000 0.190
573.000 0.188
574.000 0.187
575.000 0.185
576.000 0.184
577.000 0.182
578.000 0.179
579.000 0.177
580.000 0.176
581.000 0.175
582.000 0.175
583.000 0.174
584.000 0.172
585.000 0.170
586.000 0.169
587.000 0.168
588.000 0.167
589.000 0.166
590.000 0.165
591.000 0.164
592.000 0.164
593.000 0.164
594.000 0.164
595.000 0.161
596.000 0.160
597.000 0.160
598.000 0.161
599.000 0.162
600.000 0.161
601.000 0.160
602.000 0.159
603.000 0.159
604.000 0.159
605.000 0.158
606.000 0.158
607.000 0.158
608.000 0.157
609.000 0.156
610.000 0.155
611.000 0.154
612.000 0.153
613.000 0.153
614.000 0.153
615.000 0.152
616.000 0.151
617.000 0.150
618.000 0.149
619.000 0.149
620.000 0.149
621.000 0.148
622.000 0.148
623.000 0.148
624.000 0.147
625.000 0.146
626.000 0.148
627.000 0.148
628.000 0.149
629.000 0.149
630.000 0.148
631.000 0.149
632.000 0.149
633.000 0.148
634.000 0.147
635.000 0.148
636.000 0.148
637.000 0.145
638.000 0.145
639.000 0.144
640.000 0.144
641.000 0.144
642.000 0.142
643.000 0.139
644.000 0.140
645.000 0.140
646.000 0.138
647.000 0.137
648.000 0.138
649.000 0.137
650.000 0.138
651.000 0.139
652.000 0.135
653.000 0.137
654.000 0.138
655.000 0.136
656.000 0.136
657.000 0.137
658.000 0.138
659.000 0.139
660.000 0.137
661.000 0.137
662.000 0.138
663.000 0.136
664.000 0.138
665.000 0.141
666.000 0.140
667.000 0.141
668.000 0.140
669.000 0.140
670.000 0.140
671.000 0.141
672.000 0.142
673.000 0.143
674.000 0.142
675.000 0.144
676.000 0.146
677.000 0.147
678.000 0.151
679.000 0.152
680.000 0.152
681.000 0.154
682.000 0.155
683.000 0.158
684.000 0.160
685.000 0.161
686.000 0.162
687.000 0.166
688.000 0.170
689.000 0.171
690.000 0.173
691.000 0.176
692.000 0.179
693.000 0.186
694.000 0.193
695.000 0.199
696.000 0.206
697.000 0.215
698.000 0.224
699.000 0.233
700.000 0.243
701.000 0.253
702.000 0.263
703.000 0.273
704.000 0.283
705.000 0.292
706.000 0.301
707.000 0.310
708.000 0.320
709.000 0.328
710.000 0.337
711.000 0.346
712.000 0.355
713.000 0.363
714.000 0.372
715.000 0.380
716.000 0.388
717.000 0.395
718.000 0.404
719.000 0.413
720.000 0.422
721.000 0.430
722.000 0.438
723.000 0.445
724.000 0.451
725.000 0.459
726.000 0.466
727.000 0.473
728.000 0.480
729.000 0.486
730.000 0.492
731.000 0.498
732.000 0.503
733.000 0.508
734.000 0.513
735.000 0.517
736.000 0.512
737.000 0.516
738.000 0.520
739.000 0.523
740.000 0.527
741.000 0.530
742.000 0.532
743.000 0.535
744.000 0.537
745.000 0.539
746.000 0.543
747.000 0.545
748.000 0.547
749.000 0.548
750.000 0.549
751.000 0.551
752.000 0.552
753.000 0.553
754.000 0.554
755.000 0.555
756.000 0.556
757.000 0.556
758.000 0.556
759.000 0.565
760.000 0.564
761.000 0.565
762.000 0.564
763.000 0.564
764.000 0.565
765.000 0.566
766.000 0.568
767.000 0.569
768.000 0.569
769.000 0.570
770.000 0.570
771.000 0.571
772.000 0.571
773.000 0.571
774.000 0.572
775.000 0.572
776.000 0.573
777.000 0.573
778.000 0.573
779.000 0.574
780.000 0.574
781.000 0.574
782.000 0.575
783.000 0.575
784.000 0.575
785.000 0.576
786.000 0.576
787.000 0.576
788.000 0.577
789.000 0.577
790.000 0.577
791.000 0.577
792.000 0.577
793.000 0.579
794.000 0.579
795.000 0.579
796.000 0.579
797.000 0.580
798.000 0.580
799.000 0.580
800.000 0.581
801.000 0.581
802.000 0.581
803.000 0.582
804.000 0.582
805.000 0.583
806.000 0.583
807.000 0.584
808.000 0.584
809.000 0.584
810.000 0.584
811.000 0.584
812.000 0.585
813.000 0.584
814.000 0.584
815.000 0.584
816.000 0.585
817.000 0.586
818.000 0.586
819.000 0.586
820.000 0.587
821.000 0.588
822.000 0.588
823.000 0.588
824.000 0.589
825.000 0.589
826.000 0.589
827.000 0.590
828.000 0.590
829.000 0.590
830.000 0.591
831.000 0.591
832.000 0.592
833.000 0.592
834.000 0.593
835.000 0.593
836.000 0.593
837.000 0.594
838.000 0.594
839.000 0.595
840.000 0.595
841.000 0.596
842.000 0.596
843.000 0.596
844.000 0.597
845.000 0.597
846.000 0.597
847.000 0.598
848.000 0.598
849.000 0.598
850.000 0.599
851.000 0.598
852.000 0.599
853.000 0.600
854.000 0.600
855.000 0.600
856.000 0.601
857.000 0.601
858.000 0.601
859.000 0.602
860.000 0.602
861.000 0.602
862.000 0.602
863.000 0.603
864.000 0.603
865.000 0.604
866.000 0.604
867.000 0.604
868.000 0.604
869.000 0.605
870.000 0.605
871.000 0.604
872.000 0.605
873.000 0.605
874.000 0.607
875.000 0.607
876.000 0.607
877.000 0.607
878.000 0.607
879.000 0.608
880.000 0.608
881.000 0.609
882.000 0.609
883.000 0.609
884.000 0.610
885.000 0.610
886.000 0.611
887.000 0.611
888.000 0.611
889.000 0.611
890.000 0.612
891.000 0.612
892.000 0.612
893.000 0.612
894.000 0.612
895.000 0.613
896.000 0.612
897.000 0.612
898.000 0.612
899.000 0.613
900.000 0.613
901.000 0.614
902.000 0.614
903.000 0.614
904.000 0.608
905.000 0.615
906.000 0.615
907.000 0.615
908.000 0.616
909.000 0.617
910.000 0.617
911.000 0.617
912.000 0.617
913.000 0.610
914.000 0.618
915.000 0.617
916.000 0.618
917.000 0.612
918.000 0.612
919.000 0.612
920.000 0.613
921.000 0.613
922.000 0.612
923.000 0.612
924.000 0.613
925.000 0.613
926.000 0.613
927.000 0.613
928.000 0.613
929.000 0.619
930.000 0.618
931.000 0.618
932.000 0.618
933.000 0.618
934.000 0.617
935.000 0.615
936.000 0.613
937.000 0.612
938.000 0.613
939.000 0.613
940.000 0.614
941.000 0.614
942.000 0.615
943.000 0.614
944.000 0.615
945.000 0.615
946.000 0.615
947.000 0.608
948.000 0.616
949.000 0.609
950.000 0.607
951.000 0.614
952.000 0.608
953.000 0.615
954.000 0.616
955.000 0.610
956.000 0.612
957.000 0.612
958.000 0.610
959.000 0.609
960.000 0.608
961.000 0.610
962.000 0.612
963.000 0.613
964.000 0.611
965.000 0.613
966.000 0.613
967.000 0.611
968.000 0.614
969.000 0.615
970.000 0.616
971.000 0.616
972.000 0.617
973.000 0.616
974.000 0.615
975.000 0.617
976.000 0.619
977.000 0.617
978.000 0.616
979.000 0.617
980.000 0.617
981.000 0.617
982.000 0.618
983.000 0.619
984.000 0.618
985.000 0.620
986.000 0.620
987.000 0.618
988.000 0.619
989.000 0.620
990.000 0.622
991.000 0.623
992.000 0.624
993.000 0.624
994.000 0.624
995.000 0.624
996.000 0.624
997.000 0.624
998.000 0.625
999.000 0.625
1000.000 0.623
1001.000 0.635
1002.000 0.636
1003.000 0.636
1004.000 0.638
1005.000 0.637
1006.000 0.637
1007.000 0.637
1008.000 0.637
1009.000 0.639
1010.000 0.640
1011.000 0.640
1012.000 0.640
1013.000 0.641
1014.000 0.641
1015.000 0.642
1016.000 0.642
1017.000 0.643
1018.000 0.644
1019.000 0.644
1020.000 0.645
1021.000 0.646
1022.000 0.645
1023.000 0.645
1024.000 0.645
1025.000 0.645
1026.000 0.644
1027.000 0.650
1028.000 0.649
1029.000 0.644
1030.000 0.644
1031.000 0.644
1032.000 0.645
1033.000 0.646
1034.000 0.651
1035.000 0.651
1036.000 0.651
1037.000 0.652
1038.000 0.652
1039.000 0.647
1040.000 0.653
1041.000 0.653
1042.000 0.653
1043.000 0.654
1044.000 0.654
1045.000 0.654
1046.000 0.649
1047.000 0.649
1048.000 0.655
1049.000 0.655
1050.000 0.655
1051.000 0.655
1052.000 0.655
1053.000 0.655
1054.000 0.656
1055.000 0.657
1056.000 0.658
1057.000 0.653
1058.000 0.653
1059.000 0.653
1060.000 0.654
1061.000 0.654
1062.000 0.654
1063.000 0.655
1064.000 0.660
1065.000 0.654
1066.000 0.660
1067.000 0.660
1068.000 0.660
1069.000 0.660
1070.000 0.660
1071.000 0.660
1072.000 0.660
1073.000 0.660
1074.000 0.660
1075.000 0.661
1076.000 0.661
1077.000 0.661
1078.000 0.661
1079.000 0.661
1080.000 0.660
1081.000 0.660
1082.000 0.660
1083.000 0.662
1084.000 0.662
1085.000 0.663
1086.000 0.663
1087.000 0.663
1088.000 0.663
1089.000 0.663
1090.000 0.663
1091.000 0.663
1092.000 0.663
1093.000 0.663
1094.000 0.663
1095.000 0.663
1096.000 0.663
1097.000 0.663
1098.000 0.663
1099.000 0.662
1100.000 0.662
1101.000 0.663
1102.000 0.662
1103.000 0.663
1104.000 0.662
1105.000 0.662
1106.000 0.661
1107.000 0.661
1108.000 0.661
1109.000 0.661
1110.000 0.661
1111.000 0.660
1112.000 0.659
1113.000 0.658
1114.000 0.656
1115.000 0.656
1116.000 0.656
1117.000 0.656
1118.000 0.657
1119.000 0.657
1120.000 0.657
1121.000 0.656
1122.000 0.656
1123.000 0.655
1124.000 0.655
1125.000 0.656
1126.000 0.658
1127.000 0.659
1128.000 0.661
1129.000 0.661
1130.000 0.661
1131.000 0.660
1132.000 0.661
1133.000 0.656
1134.000 0.659
1135.000 0.660
1136.000 0.659
1137.000 0.659
1138.000 0.658
1139.000 0.657
1140.000 0.655
1141.000 0.653
1142.000 0.652
1143.000 0.652
1144.000 0.651
1145.000 0.652
1146.000 0.652
1147.000 0.652
1148.000 0.651
1149.000 0.652
1150.000 0.652
1151.000 0.652
1152.000 0.650
1153.000 0.649
1154.000 0.649
1155.000 0.648
1156.000 0.649
1157.000 0.649
1158.000 0.650
1159.000 0.651
1160.000 0.651
1161.000 0.651
1162.000 0.651
1163.000 0.651
1164.000 0.651
1165.000 0.651
1166.000 0.651
1167.000 0.651
1168.000 0.651
1169.000 0.651
1170.000 0.652
1171.000 0.652
1172.000 0.652
1173.000 0.652
1174.000 0.652
1175.000 0.653
1176.000 0.653
1177.000 0.653
1178.000 0.653
1179.000 0.652
1180.000 0.652
1181.000 0.653
1182.000 0.654
1183.000 0.656
1184.000 0.657
1185.000 0.657
1186.000 0.657
1187.000 0.656
1188.000 0.655
1189.000 0.656
1190.000 0.657
1191.000 0.658
1192.000 0.658
1193.000 0.658
1194.000 0.658
1195.000 0.658
1196.000 0.659
1197.000 0.659
1198.000 0.660
1199.000 0.660
1200.000 0.659
1201.000 0.659
1202.000 0.658
1203.000 0.659
1204.000 0.660
1205.000 0.661
1206.000 0.662
1207.000 0.663
1208.000 0.663
1209.000 0.664
1210.000 0.664
1211.000 0.664
1212.000 0.664
1213.000 0.664
1214.000 0.664
1215.000 0.664
1216.000 0.664
1217.000 0.664
1218.000 0.665
1219.000 0.666
1220.000 0.667
1221.000 0.666
1222.000 0.666
1223.000 0.666
1224.000 0.665
1225.000 0.665
1226.000 0.665
1227.000 0.665
1228.000 0.664
1229.000 0.665
1230.000 0.666
1231.000 0.666
1232.000 0.667
1233.000 0.666
1234.000 0.666
1235.000 0.666
1236.000 0.666
1237.000 0.666
1238.000 0.667
1239.000 0.667
1240.000 0.668
1241.000 0.668
1242.000 0.668
1243.000 0.668
1244.000 0.668
1245.000 0.668
1246.000 0.667
1247.000 0.667
1248.000 0.668
1249.000 0.668
1250.000 0.668
1251.000 0.669
1252.000 0.669
1253.000 0.670
1254.000 0.670
1255.000 0.669
1256.000 0.669
1257.000 0.670
1258.000 0.670
1259.000 0.671
1260.000 0.671
1261.000 0.671
1262.000 0.671
1263.000 0.671
1264.000 0.671
1265.000 0.673
1266.000 0.673
1267.000 0.672
1268.000 0.672
1269.000 0.672
1270.000 0.672
1271.000 0.673
1272.000 0.674
1273.000 0.675
1274.000 0.676
1275.000 0.677
1276.000 0.677
1277.000 0.677
1278.000 0.678
1279.000 0.678
1280.000 0.678
1281.000 0.678
1282.000 0.678
1283.000 0.678
1284.000 0.677
1285.000 0.677
1286.000 0.678
1287.000 0.678
1288.000 0.679
1289.000 0.675
1290.000 0.675
1291.000 0.675
1292.000 0.674
1293.000 0.674
1294.000 0.678
1295.000 0.678
1296.000 0.677
1297.000 0.677
1298.000 0.677
1299.000 0.677
1300.000 0.676
1301.000 0.676
1302.000 0.676
1303.000 0.676
1304.000 0.675
1305.000 0.675
1306.000 0.674
1307.000 0.673
1308.000 0.672
1309.000 0.672
1310.000 0.672
1311.000 0.670
1312.000 0.670
1313.000 0.670
1314.000 0.669
1315.000 0.669
1316.000 0.667
1317.000 0.665
1318.000 0.664
1319.000 0.662
1320.000 0.662
1321.000 0.660
1322.000 0.659
1323.000 0.657
1324.000 0.657
1325.000 0.655
1326.000 0.654
1327.000 0.652
1328.000 0.651
1329.000 0.649
1330.000 0.648
1331.000 0.647
1332.000 0.644
1333.000 0.642
1334.000 0.641
1335.000 0.639
1336.000 0.639
1337.000 0.638
1338.000 0.636
1339.000 0.634
1340.000 0.632
1341.000 0.630
1342.000 0.631
1343.000 0.629
1344.000 0.625
1345.000 0.623
1346.000 0.625
1347.000 0.621
1348.000 0.618
1349.000 0.617
1350.000 0.618
1351.000 0.620
1352.000 0.626
1353.000 0.643
1354.000 0.664
1355.000 0.699
1356.000 0.708
1357.000 0.800
1358.000 0.757
1359.000 0.689
1360.000 0.622
1361.000 0.568
1362.000 0.356
1363.000 0.424
1364.000 0.590
1365.000 0.410
1366.000 0.321
1367.000 0.266
1368.000 0.330
1369.000 0.242
1370.000 0.272
1371.000 0.405
1372.000 0.421
1373.000 0.336
1374.000 0.367
1375.000 0.333
1376.000 0.368
1377.000 0.332
1378.000 0.472
1379.000 0.453
1380.000 0.531
1381.000 0.545
1382.000 0.336
1383.000 0.308
1384.000 0.170
1385.000 0.308
1386.000 0.608
1387.000 0.456
1388.000 0.412
1389.000 0.322
1390.000 0.350
1391.000 0.405
1392.000 0.562
1393.000 0.445
1394.000 0.388
1395.000 0.597
1396.000 0.569
1397.000 0.368
1398.000 0.361
1399.000 0.353
1400.000 0.432
1401.000 0.368
1402.000 0.575
1403.000 0.720
1404.000 0.653
1405.000 0.511
1406.000 0.443
1407.000 0.378
1408.000 0.545
1409.000 0.554
1410.000 0.523
1411.000 0.394
1412.000 0.343
1413.000 0.450
1414.000 0.468
1415.000 0.480
1416.000 0.466
1417.000 0.466
1418.000 0.429
1419.000 0.373
1420.000 0.386
1421.000 0.369
1422.000 0.362
1423.000 0.345
1424.000 0.351
1425.000 0.362
1426.000 0.372
1427.000 0.398
1428.000 0.427
1429.000 0.435
1430.000 0.424
1431.000 0.416
1432.000 0.402
1433.000 0.366
1434.000 0.361
1435.000 0.360
1436.000 0.370
1437.000 0.413
1438.000 0.434
1439.000 0.425
1440.000 0.437
1441.000 0.434
1442.000 0.439
1443.000 0.409
1444.000 0.407
1445.000 0.414
1446.000 0.412
1447.000 0.427
1448.000 0.422
1449.000 0.409
1450.000 0.373
1451.000 0.363
1452.000 0.354
1453.000 0.352
1454.000 0.363
1455.000 0.367
1456.000 0.372
1457.000 0.371
1458.000 0.369
1459.000 0.371
1460.000 0.371
1461.000 0.371
1462.000 0.381
1463.000 0.375
1464.000 0.354
1465.000 0.347
1466.000 0.336
1467.000 0.337
1468.000 0.353
1469.000 0.360
1470.000 0.372
1471.000 0.379
1472.000 0.376
1473.000 0.380
1474.000 0.387
1475.000 0.393
1476.000 0.403
1477.000 0.406
1478.000 0.409
1479.000 0.406
1480.000 0.394
1481.000 0.389
1482.000 0.382
1483.000 0.380
1484.000 0.380
1485.000 0.383
1486.000 0.388
1487.000 0.391
1488.000 0.395
1489.000 0.397
1490.000 0.398
1491.000 0.399
1492.000 0.397
1493.000 0.397
1494.000 0.396
1495.000 0.396
1496.000 0.396
1497.000 0.399
1498.000 0.403
1499.000 0.409
1500.000 0.414
1501.000 0.416
1502.000 0.418
1503.000 0.419
1504.000 0.420
1505.000 0.422
1506.000 0.422
1507.000 0.422
1508.000 0.421
1509.000 0.419
1510.000 0.420
1511.000 0.421
1512.000 0.424
1513.000 0.430
1514.000 0.433
1515.000 0.435
1516.000 0.437
1517.000 0.436
1518.000 0.438
1519.000 0.443
1520.000 0.445
1521.000 0.447
1522.000 0.448
1523.000 0.446
1524.000 0.447
1525.000 0.449
1526.000 0.451
1527.000 0.454
1528.000 0.456
1529.000 0.460
1530.000 0.461
1531.000 0.461
1532.000 0.461
1533.000 0.458
1534.000 0.458
1535.000 0.459
1536.000 0.462
1537.000 0.466
1538.000 0.470
1539.000 0.476
1540.000 0.480
1541.000 0.483
1542.000 0.484
1543.000 0.483
1544.000 0.483
1545.000 0.485
1546.000 0.485
1547.000 0.486
1548.000 0.487
1549.000 0.486
1550.000 0.488
1551.000 0.490
1552.000 0.492
1553.000 0.494
1554.000 0.495
1555.000 0.496
1556.000 0.498
1557.000 0.501
1558.000 0.503
1559.000 0.505
1560.000 0.507
1561.000 0.507
1562.000 0.508
1563.000 0.509
1564.000 0.510
1565.000 0.508
1566.000 0.509
1567.000 0.510
1568.000 0.511
1569.000 0.513
1570.000 0.514
1571.000 0.514
1572.000 0.514
1573.000 0.513
1574.000 0.514
1575.000 0.513
1576.000 0.514
1577.000 0.517
1578.000 0.520
1579.000 0.525
1580.000 0.528
1581.000 0.528
1582.000 0.530
1583.000 0.533
1584.000 0.534
1585.000 0.536
1586.000 0.537
1587.000 0.535
1588.000 0.535
1589.000 0.536
1590.000 0.537
1591.000 0.541
1592.000 0.531
1593.000 0.534
1594.000 0.535
1595.000 0.534
1596.000 0.535
1597.000 0.543
1598.000 0.544
1599.000 0.535
1600.000 0.537
1601.000 0.540
1602.000 0.542
1603.000 0.541
1604.000 0.541
1605.000 0.544
1606.000 0.545
1607.000 0.544
1608.000 0.544
1609.000 0.544
1610.000 0.544
1611.000 0.544
1612.000 0.545
1613.000 0.547
1614.000 0.548
1615.000 0.551
1616.000 0.553
1617.000 0.554
1618.000 0.555
1619.000 0.556
1620.000 0.556
1621.000 0.555
1622.000 0.553
1623.000 0.551
1624.000 0.550
1625.000 0.551
1626.000 0.552
1627.000 0.556
1628.000 0.558
1629.000 0.559
1630.000 0.560
1631.000 0.558
1632.000 0.557
1633.000 0.556
1634.000 0.556
1635.000 0.558
1636.000 0.559
1637.000 0.561
1638.000 0.562
1639.000 0.563
1640.000 0.564
1641.000 0.569
1642.000 0.571
1643.000 0.570
1644.000 0.571
1645.000 0.570
1646.000 0.570
1647.000 0.571
1648.000 0.572
1649.000 0.571
1650.000 0.571
1651.000 0.569
1652.000 0.569
1653.000 0.567
1654.000 0.567
1655.000 0.569
1656.000 0.570
1657.000 0.571
1658.000 0.571
1659.000 0.570
1660.000 0.570
1661.000 0.571
1662.000 0.573
1663.000 0.577
1664.000 0.578
1665.000 0.576
1666.000 0.575
1667.000 0.574
1668.000 0.572
1669.000 0.572
1670.000 0.572
1671.000 0.572
1672.000 0.573
1673.000 0.576
1674.000 0.577
1675.000 0.576
1676.000 0.576
1677.000 0.574
1678.000 0.573
1679.000 0.574
1680.000 0.574
1681.000 0.576
1682.000 0.575
1683.000 0.575
1684.000 0.575
1685.000 0.576
1686.000 0.576
1687.000 0.577
1688.000 0.578
1689.000 0.578
1690.000 0.578
1691.000 0.582
1692.000 0.583
1693.000 0.584
1694.000 0.584
1695.000 0.581
1696.000 0.580
1697.000 0.579
1698.000 0.579
1699.000 0.580
1700.000 0.581
1701.000 0.583
1702.000 0.581
1703.000 0.575
1704.000 0.574
1705.000 0.571
1706.000 0.571
1707.000 0.576
1708.000 0.575
1709.000 0.572
1710.000 0.573
1711.000 0.572
1712.000 0.575
1713.000 0.578
1714.000 0.578
1715.000 0.577
1716.000 0.577
1717.000 0.578
1718.000 0.579
1719.000 0.583
1720.000 0.581
1721.000 0.581
1722.000 0.580
1723.000 0.575
1724.000 0.573
1725.000 0.569
1726.000 0.568
1727.000 0.569
1728.000 0.570
1729.000 0.576
1730.000 0.579
1731.000 0.578
1732.000 0.577
1733.000 0.576
1734.000 0.576
1735.000 0.576
1736.000 0.573
1737.000 0.570
1738.000 0.563
1739.000 0.560
1740.000 0.561
1741.000 0.561
1742.000 0.562
1743.000 0.563
1744.000 0.564
1745.000 0.565
1746.000 0.566
1747.000 0.567
1748.000 0.568
1749.000 0.565
1750.000 0.556
1751.000 0.552
1752.000 0.547
1753.000 0.544
1754.000 0.547
1755.000 0.549
1756.000 0.550
1757.000 0.550
1758.000 0.549
1759.000 0.549
1760.000 0.548
1761.000 0.543
1762.000 0.543
1763.000 0.542
1764.000 0.540
1765.000 0.542
1766.000 0.541
1767.000 0.537
1768.000 0.533
1769.000 0.532
1770.000 0.533
1771.000 0.537
1772.000 0.545
1773.000 0.543
1774.000 0.542
1775.000 0.538
1776.000 0.533
1777.000 0.540
1778.000 0.543
1779.000 0.545
1780.000 0.542
1781.000 0.535
1782.000 0.532
1783.000 0.526
1784.000 0.525
1785.000 0.524
1786.000 0.526
1787.000 0.530
1788.000 0.532
1789.000 0.536
1790.000 0.532
1791.000 0.528
1792.000 0.537
1793.000 0.531
1794.000 0.534
1795.000 0.533
1796.000 0.534
1797.000 0.545
1798.000 0.558
1799.000 0.568
1800.000 0.582
1801.000 0.515
1802.000 0.529
1803.000 0.564
1804.000 0.568
1805.000 0.570
1806.000 0.562
1807.000 0.553
1808.000 0.586
1809.000 0.573
1810.000 0.493
1811.000 0.519
1812.000 0.456
1813.000 0.413
1814.000 0.415
1815.000 0.383
1816.000 0.388
1817.000 0.476
1818.000 0.553
1819.000 0.767
1820.000 0.873
1821.000 0.727
1822.000 0.684
1823.000 0.596
1824.000 0.665
1825.000 0.671
1826.000 0.537
1827.000 0.483
1828.000 0.585
1829.000 0.592
1830.000 0.517
1831.000 0.572
1832.000 0.297
1833.000 0.517
1834.000 0.533
1835.000 0.473
1836.000 0.350
1837.000 0.652
1838.000 0.675
1839.000 0.338
1840.000 0.326
1841.000 0.326
1842.000 0.359
1843.000 0.458
1844.000 0.482
1845.000 0.530
1846.000 0.389
1847.000 0.253
1848.000 0.555
1849.000 0.573
1850.000 0.606
1851.000 0.619
1852.000 0.574
1853.000 0.543
1854.000 0.674
1855.000 0.490
1856.000 0.311
1857.000 0.307
1858.000 0.311
1859.000 0.323
1860.000 0.446
1861.000 0.528
1862.000 0.614
1863.000 0.627
1864.000 0.500
1865.000 0.531
1866.000 0.446
1867.000 0.467
1868.000 0.541
1869.000 0.596
1870.000 0.575
1871.000 0.569
1872.000 0.488
1873.000 0.405
1874.000 0.453
1875.000 0.608
1876.000 0.529
1877.000 0.595
1878.000 0.630
1879.000 0.796
1880.000 0.663
1881.000 0.551
1882.000 0.429
1883.000 0.573
1884.000 0.465
1885.000 0.512
1886.000 0.376
1887.000 0.377
1888.000 0.450
1889.000 0.432
1890.000 0.684
1891.000 0.468
1892.000 0.516
1893.000 0.621
1894.000 0.634
1895.000 0.634
1896.000 0.573
1897.000 0.515
1898.000 0.451
1899.000 0.584
1900.000 0.580
1901.000 0.493
1902.000 0.450
1903.000 0.414
1904.000 0.462
1905.000 0.553
1906.000 0.556
1907.000 0.574
1908.000 0.498
1909.000 0.512
1910.000 0.472
1911.000 0.498
1912.000 0.540
1913.000 0.360
1914.000 0.589
1915.000 0.698
1916.000 0.482
1917.000 0.426
1918.000 0.556
1919.000 0.571
1920.000 0.642
1921.000 0.716
1922.000 0.745
1923.000 0.679
1924.000 0.615
1925.000 0.560
1926.000 0.454
1927.000 0.463
1928.000 0.498
1929.000 0.678
1930.000 0.409
1931.000 0.473
1932.000 0.446
1933.000 0.450
1934.000 0.493
1935.000 0.452
1936.000 0.500
1937.000 0.508
1938.000 0.450
1939.000 0.388
1940.000 0.522
1941.000 0.602
1942.000 0.533
1943.000 0.597
1944.000 0.457
1945.000 0.372
1946.000 0.321
1947.000 0.341
1948.000 0.436
1949.000 0.475
1950.000 0.463
1951.000 0.453
1952.000 0.475
1953.000 0.470
1954.000 0.472
1955.000 0.531
1956.000 0.595
1957.000 0.548
1958.000 0.517
1959.000 0.439
1960.000 0.385
1961.000 0.363
1962.000 0.332
1963.000 0.265
1964.000 0.260
1965.000 0.308
1966.000 0.302
1967.000 0.322
1968.000 0.381
1969.000 0.335
1970.000 0.289
1971.000 0.316
1972.000 0.310
1973.000 0.309
1974.000 0.318
1975.000 0.306
1976.000 0.253
1977.000 0.242
1978.000 0.247
1979.000 0.245
1980.000 0.274
1981.000 0.275
1982.000 0.296
1983.000 0.319
1984.000 0.295
1985.000 0.283
1986.000 0.278
1987.000 0.266
1988.000 0.263
1989.000 0.270
1990.000 0.267
1991.000 0.257
1992.000 0.250
1993.000 0.239
1994.000 0.249
1995.000 0.283
1996.000 0.330
1997.000 0.393
1998.000 0.429
1999.000 0.445
2000.000 0.475
2001.000 0.489
2002.000 0.446
2003.000 0.421
2004.000 0.404
2005.000 0.368
2006.000 0.309
2007.000 0.299
2008.000 0.318
2009.000 0.317
2010.000 0.318
2011.000 0.356
2012.000 0.371
2013.000 0.352
2014.000 0.339
2015.000 0.290
2016.000 0.278
2017.000 0.277
2018.000 0.283
2019.000 0.305
2020.000 0.344
2021.000 0.352
2022.000 0.329
2023.000 0.312
2024.000 0.299
2025.000 0.318
2026.000 0.324
2027.000 0.327
2028.000 0.335
2029.000 0.341
2030.000 0.334
2031.000 0.339
2032.000 0.363
2033.000 0.360
2034.000 0.342
2035.000 0.330
2036.000 0.309
2037.000 0.297
2038.000 0.302
2039.000 0.313
2040.000 0.340
2041.000 0.357
2042.000 0.354
2043.000 0.332
2044.000 0.320
2045.000 0.293
2046.000 0.287
2047.000 0.298
2048.000 0.300
2049.000 0.303
2050.000 0.305
2051.000 0.304
2052.000 0.297
2053.000 0.316
2054.000 0.333
2055.000 0.368
2056.000 0.399
2057.000 0.402
2058.000 0.381
2059.000 0.373
2060.000 0.341
2061.000 0.339
2062.000 0.373
2063.000 0.372
2064.000 0.363
2065.000 0.349
2066.000 0.305
2067.000 0.300
2068.000 0.301
2069.000 0.313
2070.000 0.340
2071.000 0.350
2072.000 0.361
2073.000 0.369
2074.000 0.377
2075.000 0.387
2076.000 0.390
2077.000 0.378
2078.000 0.381
2079.000 0.399
2080.000 0.401
2081.000 0.392
2082.000 0.391
2083.000 0.402
2084.000 0.384
2085.000 0.392
2086.000 0.380
2087.000 0.374
2088.000 0.374
2089.000 0.367
2090.000 0.349
2091.000 0.346
2092.000 0.344
2093.000 0.344
2094.000 0.353
2095.000 0.360
2096.000 0.366
2097.000 0.373
2098.000 0.385
2099.000 0.393
2100.000 0.410
2101.000 0.410
2102.000 0.414
2103.000 0.421
2104.000 0.414
2105.000 0.395
2106.000 0.389
2107.000 0.377
2108.000 0.375
2109.000 0.385
2110.000 0.390
2111.000 0.401
2112.000 0.401
2113.000 0.396
2114.000 0.392
2115.000 0.376
2116.000 0.370
2117.000 0.371
2118.000 0.372
2119.000 0.378
2120.000 0.384
2121.000 0.393
2122.000 0.405
2123.000 0.413
2124.000 0.426
2125.000 0.429
2126.000 0.421
2127.000 0.421
2128.000 0.414
2129.000 0.416
2130.000 0.432
2131.000 0.438
2132.000 0.434
2133.000 0.430
2134.000 0.424
2135.000 0.413
2136.000 0.398
2137.000 0.384
2138.000 0.389
2139.000 0.391
2140.000 0.402
2141.000 0.426
2142.000 0.433
2143.000 0.440
2144.000 0.438
2145.000 0.418
2146.000 0.414
2147.000 0.416
2148.000 0.415
2149.000 0.416
2150.000 0.424
2151.000 0.442
2152.000 0.449
2153.000 0.459
2154.000 0.459
2155.000 0.445
2156.000 0.425
2157.000 0.412
2158.000 0.409
2159.000 0.409
2160.000 0.398
2161.000 0.397
2162.000 0.397
2163.000 0.398
2164.000 0.407
2165.000 0.416
2166.000 0.425
2167.000 0.414
2168.000 0.436
2169.000 0.455
2170.000 0.473
2171.000 0.486
2172.000 0.505
2173.000 0.499
2174.000 0.479
2175.000 0.467
2176.000 0.460
2177.000 0.454
2178.000 0.451
2179.000 0.462
2180.000 0.473
2181.000 0.467
2182.000 0.474
2183.000 0.466
2184.000 0.462
2185.000 0.457
2186.000 0.462
2187.000 0.437
2188.000 0.427
2189.000 0.421
2190.000 0.420
2191.000 0.429
2192.000 0.431
2193.000 0.438
2194.000 0.439
2195.000 0.423
2196.000 0.422
2197.000 0.424
2198.000 0.429
2199.000 0.424
2200.000 0.434
2201.000 0.446
2202.000 0.452
2203.000 0.449
2204.000 0.465
2205.000 0.466
2206.000 0.462
2207.000 0.469
2208.000 0.477
2209.000 0.474
2210.000 0.465
2211.000 0.456
2212.000 0.442
2213.000 0.435
2214.000 0.429
2215.000 0.426
2216.000 0.425
2217.000 0.424
2218.000 0.429
2219.000 0.426
2220.000 0.416
2221.000 0.414
2222.000 0.407
2223.000 0.407
2224.000 0.417
2225.000 0.422
2226.000 0.428
2227.000 0.431
2228.000 0.425
2229.000 0.432
2230.000 0.446
2231.000 0.449
2232.000 0.461
2233.000 0.467
2234.000 0.453
2235.000 0.443
2236.000 0.438
2237.000 0.437
2238.000 0.435
2239.000 0.443
2240.000 0.438
2241.000 0.420
2242.000 0.411
2243.000 0.395
2244.000 0.397
2245.000 0.417
2246.000 0.425
2247.000 0.435
2248.000 0.448
2249.000 0.461
2250.000 0.449
2251.000 0.462
2252.000 0.459
2253.000 0.446
2254.000 0.435
2255.000 0.434
2256.000 0.430
2257.000 0.411
2258.000 0.424
2259.000 0.429
2260.000 0.431
2261.000 0.443
2262.000 0.452
2263.000 0.465
2264.000 0.466
2265.000 0.454
2266.000 0.454
2267.000 0.455
2268.000 0.440
2269.000 0.434
2270.000 0.432
2271.000 0.409
2272.000 0.390
2273.000 0.391
2274.000 0.401
2275.000 0.400
2276.000 0.426
2277.000 0.417
2278.000 0.397
2279.000 0.391
2280.000 0.376
2281.000 0.384
2282.000 0.419
2283.000 0.447
2284.000 0.472
2285.000 0.482
2286.000 0.484
2287.000 0.465
2288.000 0.448
2289.000 0.429
2290.000 0.383
2291.000 0.395
2292.000 0.393
2293.000 0.425
2294.000 0.458
2295.000 0.479
2296.000 0.451
2297.000 0.441
2298.000 0.444
2299.000 0.437
2300.000 0.419
2301.000 0.378
2302.000 0.369
2303.000 0.358
2304.000 0.392
2305.000 0.404
2306.000 0.436
2307.000 0.496
2308.000 0.470
2309.000 0.421
2310.000 0.420
2311.000 0.397
2312.000 0.401
2313.000 0.432
2314.000 0.449
2315.000 0.449
2316.000 0.457
2317.000 0.480
2318.000 0.435
2319.000 0.395
2320.000 0.405
2321.000 0.396
2322.000 0.431
2323.000 0.453
2324.000 0.455
2325.000 0.470
2326.000 0.422
2327.000 0.406
2328.000 0.374
2329.000 0.396
2330.000 0.385
2331.000 0.395
2332.000 0.382
2333.000 0.344
2334.000 0.327
2335.000 0.332
2336.000 0.321
2337.000 0.333
2338.000 0.335
2339.000 0.332
2340.000 0.321
2341.000 0.303
2342.000 0.307
2343.000 0.289
2344.000 0.302
2345.000 0.377
2346.000 0.386
2347.000 0.283
2348.000 0.290
2349.000 0.337
2350.000 0.392
2351.000 0.477
2352.000 0.404
2353.000 0.356
2354.000 0.370
2355.000 0.350
2356.000 0.375
2357.000 0.316
2358.000 0.334
2359.000 0.339
2360.000 0.352
2361.000 0.348
2362.000 0.368
2363.000 0.334
2364.000 0.309
2365.000 0.294
2366.000 0.283
2367.000 0.283
2368.000 0.281
2369.000 0.322
2370.000 0.382
2371.000 0.316
2372.000 0.259
2373.000 0.190
2374.000 0.254
2375.000 0.342
2376.000 0.358
2377.000 0.314
2378.000 0.274
2379.000 0.234
2380.000 0.245
2381.000 0.288
2382.000 0.348
2383.000 0.326
2384.000 0.255
2385.000 0.408
2386.000 0.334
2387.000 0.311
2388.000 0.259
2389.000 0.223
2390.000 0.208
2391.000 0.171
2392.000 0.202
2393.000 0.193
2394.000 0.312
2395.000 0.376
2396.000 0.464
2397.000 0.428
2398.000 0.412
2399.000 0.437
2400.000 0.313
2401.000 0.318
2402.000 0.366
2403.000 0.275
2404.000 0.405
2405.000 0.332
2406.000 0.274
2407.000 0.252
2408.000 0.296
2409.000 0.360
2410.000 0.299
2411.000 0.380
2412.000 0.294
2413.000 0.272
2414.000 0.210
2415.000 0.172
2416.000 0.257
2417.000 0.285
2418.000 0.288
2419.000 0.225
2420.000 0.358
2421.000 0.471
2422.000 0.297
2423.000 0.374
2424.000 0.368
2425.000 0.450
2426.000 0.342
2427.000 0.770
2428.000 0.715
2429.000 0.313
2430.000 0.535
2431.000 0.644
2432.000 0.412
2433.000 0.313
2434.000 0.255
2435.000 0.146
2436.000 0.276
2437.000 0.343
2438.000 0.281
2439.000 0.300
2440.000 0.335
2441.000 0.387
2442.000 0.251
2443.000 0.070
2444.000 0.401
2445.000 0.428
2446.000 0.365
2447.000 0.336
2448.000 0.278
2449.000 0.237
2450.000 0.285
2451.000 0.221
2452.000 0.223
2453.000 0.314
2454.000 0.386
2455.000 0.430
2456.000 0.461
2457.000 0.478
2458.000 0.549
2459.000 0.505
2460.000 0.663
2461.000 0.519
2462.000 0.399
2463.000 0.378
2464.000 0.349
2465.000 0.369
2466.000 0.425
2467.000 0.506
2468.000 0.525
2469.000 0.396
2470.000 0.340
2471.000 0.431
2472.000 0.483
2473.000 0.429
2474.000 0.325
2475.000 0.340
2476.000 0.360
2477.000 0.465
2478.000 0.439
2479.000 0.391
2480.000 0.314
2481.000 0.275
2482.000 0.309
2483.000 0.518
2484.000 0.775
2485.000 0.606
2486.000 0.309
2487.000 0.565
2488.000 0.627
2489.000 0.471
2490.000 0.497
2491.000 0.611
2492.000 0.556
2493.000 0.360
2494.000 0.384
2495.000 0.561
2496.000 0.574
2497.000 0.395
2498.000 0.390
2499.000 0.393
2500.000 0.199
