391.000 0.034
392.000 0.028
393.000 0.021
394.000 0.030
395.000 0.035
396.000 0.034
397.000 0.028
398.000 0.029
399.000 0.023
400.000 0.023
401.000 0.031
402.000 0.031
403.000 0.028
404.000 0.027
405.000 0.028
406.000 0.028
407.000 0.028
408.000 0.028
409.000 0.028
410.000 0.028
411.000 0.030
412.000 0.032
413.000 0.027
414.000 0.027
415.000 0.028
416.000 0.027
417.000 0.029
418.000 0.028
419.000 0.026
420.000 0.027
421.000 0.031
422.000 0.032
423.000 0.029
424.000 0.029
425.000 0.028
426.000 0.029
427.000 0.031
428.000 0.030
429.000 0.029
430.000 0.027
431.000 0.026
432.000 0.028
433.000 0.029
434.000 0.027
435.000 0.028
436.000 0.028
437.000 0.027
438.000 0.028
439.000 0.029
440.000 0.028
441.000 0.027
442.000 0.028
443.000 0.027
444.000 0.027
445.000 0.029
446.000 0.029
447.000 0.028
448.000 0.028
449.000 0.030
450.000 0.029
451.000 0.028
452.000 0.029
453.000 0.030
454.000 0.029
455.000 0.028
456.000 0.028
457.000 0.029
458.000 0.030
459.000 0.029
460.000 0.028
461.000 0.028
462.000 0.028
463.000 0.029
464.000 0.027
465.000 0.029
466.000 0.029
467.000 0.028
468.000 0.028
469.000 0.028
470.000 0.028
471.000 0.028
472.000 0.030
473.000 0.030
474.000 0.028
475.000 0.027
476.000 0.028
477.000 0.030
478.000 0.031
479.000 0.030
480.000 0.029
481.000 0.029
482.000 0.028
483.000 0.028
484.000 0.030
485.000 0.030
486.000 0.029
487.000 0.028
488.000 0.029
489.000 0.031
490.000 0.030
491.000 0.029
492.000 0.029
493.000 0.031
494.000 0.031
495.000 0.030
496.000 0.031
497.000 0.031
498.000 0.033
499.000 0.035
500.000 0.035
501.000 0.032
502.000 0.033
503.000 0.036
504.000 0.037
505.000 0.036
506.000 0.036
507.000 0.038
508.000 0.040
509.000 0.040
510.000 0.041
511.000 0.044
512.000 0.045
513.000 0.045
514.000 0.047
515.000 0.049
516.000 0.050
517.000 0.052
518.000 0.054
519.000 0.058
520.000 0.061
521.000 0.064
522.000 0.067
523.000 0.069
524.000 0.071
525.000 0.072
526.000 0.077
527.000 0.080
528.000 0.082
529.000 0.084
530.000 0.086
531.000 0.089
532.000 0.091
533.000 0.093
534.000 0.094
535.000 0.095
536.000 0.096
537.000 0.098
538.000 0.098
539.000 0.099
540.000 0.099
541.000 0.100
542.000 0.101
543.000 0.101
544.000 0.101
545.000 0.102
546.000 0.102
547.000 0.102
548.000 0.103
549.000 0.103
550.000 0.103
551.000 0.103
552.000 0.103
553.000 0.103
554.000 0.104
555.000 0.104
556.000 0.102
557.000 0.102
558.000 0.101
559.000 0.100
560.000 0.098
561.000 0.097
562.000 0.096
563.000 0.095
564.000 0.093
565.000 0.092
566.000 0.090
567.000 0.089
568.000 0.087
569.000 0.085
570.000 0.082
571.000 0.080
572.000 0.079
573.000 0.078
574.000 0.076
575.000 0.075
576.000 0.073
577.000 0.072
578.000 0.070
579.000 0.070
580.000 0.070
581.000 0.067
582.000 0.065
583.000 0.065
584.000 0.066
585.000 0.066
586.000 0.064
587.000 0.063
588.000 0.062
589.000 0.061
590.000 0.061
591.000 0.060
592.000 0.059
593.000 0.060
594.000 0.060
595.000 0.058
596.000 0.057
597.000 0.057
598.000 0.057
599.000 0.057
600.000 0.057
601.000 0.056
602.000 0.057
603.000 0.057
604.000 0.056
605.000 0.055
606.000 0.055
607.000 0.054
608.000 0.054
609.000 0.053
610.000 0.053
611.000 0.052
612.000 0.052
613.000 0.053
614.000 0.051
615.000 0.050
616.000 0.050
617.000 0.050
618.000 0.050
619.000 0.049
620.000 0.049
621.000 0.050
622.000 0.049
623.000 0.048
624.000 0.047
625.000 0.047
626.000 0.048
627.000 0.047
628.000 0.047
629.000 0.048
630.000 0.048
631.000 0.047
632.000 0.046
633.000 0.047
634.000 0.048
635.000 0.048
636.000 0.047
637.000 0.045
638.000 0.045
639.000 0.045
640.000 0.045
641.000 0.044
642.000 0.042
643.000 0.041
644.000 0.040
645.000 0.042
646.000 0.041
647.000 0.039
648.000 0.040
649.000 0.039
650.000 0.039
651.000 0.040
652.000 0.039
653.000 0.039
654.000 0.039
655.000 0.040
656.000 0.039
657.000 0.038
658.000 0.038
659.000 0.038
660.000 0.040
661.000 0.039
662.000 0.036
663.000 0.038
664.000 0.039
665.000 0.039
666.000 0.039
667.000 0.040
668.000 0.039
669.000 0.039
670.000 0.040
671.000 0.040
672.000 0.040
673.000 0.041
674.000 0.042
675.000 0.041
676.000 0.042
677.000 0.044
678.000 0.043
679.000 0.044
680.000 0.048
681.000 0.049
682.000 0.047
683.000 0.045
684.000 0.047
685.000 0.050
686.000 0.053
687.000 0.054
688.000 0.057
689.000 0.059
690.000 0.060
691.000 0.060
692.000 0.062
693.000 0.068
694.000 0.072
695.000 0.077
696.000 0.083
697.000 0.091
698.000 0.099
699.000 0.107
700.000 0.116
701.000 0.125
702.000 0.134
703.000 0.143
704.000 0.153
705.000 0.164
706.000 0.174
707.000 0.184
708.000 0.194
709.000 0.206
710.000 0.216
711.000 0.227
712.000 0.238
713.000 0.249
714.000 0.260
715.000 0.272
716.000 0.284
717.000 0.296
718.000 0.309
719.000 0.323
720.000 0.337
721.000 0.349
722.000 0.361
723.000 0.373
724.000 0.387
725.000 0.400
726.000 0.413
727.000 0.426
728.000 0.438
729.000 0.450
730.000 0.462
731.000 0.474
732.000 0.485
733.000 0.496
734.000 0.506
735.000 0.516
736.000 0.525
737.000 0.534
738.000 0.543
739.000 0.550
740.000 0.558
741.000 0.565
742.000 0.572
743.000 0.578
744.000 0.584
745.000 0.590
746.000 0.595
747.000 0.600
748.000 0.604
749.000 0.608
750.000 0.611
751.000 0.615
752.000 0.618
753.000 0.621
754.000 0.624
755.000 0.626
756.000 0.628
757.000 0.630
758.000 0.632
759.000 0.634
760.000 0.635
761.000 0.637
762.000 0.638
763.000 0.640
764.000 0.640
765.000 0.642
766.000 0.643
767.000 0.644
768.000 0.644
769.000 0.645
770.000 0.645
771.000 0.646
772.000 0.647
773.000 0.648
774.000 0.648
775.000 0.649
776.000 0.650
777.000 0.650
778.000 0.651
779.000 0.651
780.000 0.651
781.000 0.652
782.000 0.653
783.000 0.654
784.000 0.654
785.000 0.655
786.000 0.655
787.000 0.656
788.000 0.656
789.000 0.657
790.000 0.657
791.000 0.658
792.000 0.658
793.000 0.659
794.000 0.659
795.000 0.660
796.000 0.660
797.000 0.661
798.000 0.662
799.000 0.662
800.000 0.663
801.000 0.663
802.000 0.664
803.000 0.664
804.000 0.665
805.000 0.666
806.000 0.666
807.000 0.666
808.000 0.667
809.000 0.668
810.000 0.668
811.000 0.669
812.000 0.669
813.000 0.670
814.000 0.670
815.000 0.671
816.000 0.671
817.000 0.672
818.000 0.673
819.000 0.673
820.000 0.673
821.000 0.674
822.000 0.674
823.000 0.674
824.000 0.675
825.000 0.676
826.000 0.677
827.000 0.677
828.000 0.677
829.000 0.678
830.000 0.678
831.000 0.679
832.000 0.679
833.000 0.680
834.000 0.680
835.000 0.681
836.000 0.681
837.000 0.682
838.000 0.682
839.000 0.683
840.000 0.683
841.000 0.684
842.000 0.684
843.000 0.685
844.000 0.686
845.000 0.686
846.000 0.687
847.000 0.687
848.000 0.687
849.000 0.687
850.000 0.688
851.000 0.688
852.000 0.688
853.000 0.689
854.000 0.689
855.000 0.690
856.000 0.690
857.000 0.691
858.000 0.692
859.000 0.693
860.000 0.693
861.000 0.693
862.000 0.693
863.000 0.693
864.000 0.694
865.000 0.694
866.000 0.695
867.000 0.695
868.000 0.695
869.000 0.696
870.000 0.696
871.000 0.697
872.000 0.697
873.000 0.698
874.000 0.698
875.000 0.699
876.000 0.699
877.000 0.699
878.000 0.700
879.000 0.700
880.000 0.701
881.000 0.702
882.000 0.701
883.000 0.702
884.000 0.703
885.000 0.703
886.000 0.704
887.000 0.704
888.000 0.705
889.000 0.705
890.000 0.706
891.000 0.707
892.000 0.707
893.000 0.708
894.000 0.708
895.000 0.708
896.000 0.708
897.000 0.709
898.000 0.710
899.000 0.710
900.000 0.711
901.000 0.711
902.000 0.712
903.000 0.712
904.000 0.713
905.000 0.713
906.000 0.714
907.000 0.714
908.000 0.714
909.000 0.714
910.000 0.714
911.000 0.715
912.000 0.716
913.000 0.716
914.000 0.716
915.000 0.716
916.000 0.717
917.000 0.717
918.000 0.717
919.000 0.718
920.000 0.719
921.000 0.719
922.000 0.719
923.000 0.719
924.000 0.719
925.000 0.720
926.000 0.719
927.000 0.720
928.000 0.720
929.000 0.719
930.000 0.719
931.000 0.718
932.000 0.716
933.000 0.714
934.000 0.714
935.000 0.716
936.000 0.715
937.000 0.715
938.000 0.715
939.000 0.716
940.000 0.716
941.000 0.715
942.000 0.713
943.000 0.713
944.000 0.711
945.000 0.711
946.000 0.712
947.000 0.712
948.000 0.711
949.000 0.710
950.000 0.708
951.000 0.706
952.000 0.706
953.000 0.705
954.000 0.704
955.000 0.704
956.000 0.703
957.000 0.702
958.000 0.701
959.000 0.699
960.000 0.700
961.000 0.699
962.000 0.698
963.000 0.700
964.000 0.698
965.000 0.699
966.000 0.699
967.000 0.699
968.000 0.698
969.000 0.699
970.000 0.700
971.000 0.700
972.000 0.699
973.000 0.698
974.000 0.697
975.000 0.698
976.000 0.697
977.000 0.699
978.000 0.700
979.000 0.698
980.000 0.699
981.000 0.700
982.000 0.702
983.000 0.702
984.000 0.701
985.000 0.701
986.000 0.703
987.000 0.704
988.000 0.703
989.000 0.703
990.000 0.704
991.000 0.706
992.000 0.707
993.000 0.706
994.000 0.708
995.000 0.709
996.000 0.709
997.000 0.709
998.000 0.709
999.000 0.710
1000.000 0.711
1001.000 0.703
1002.000 0.704
1003.000 0.705
1004.000 0.707
1005.000 0.707
1006.000 0.707
1007.000 0.706
1008.000 0.707
1009.000 0.708
1010.000 0.709
1011.000 0.710
1012.000 0.710
1013.000 0.711
1014.000 0.712
1015.000 0.713
1016.000 0.715
1017.000 0.716
1018.000 0.717
1019.000 0.718
1020.000 0.718
1021.000 0.719
1022.000 0.720
1023.000 0.721
1024.000 0.721
1025.000 0.722
1026.000 0.723
1027.000 0.724
1028.000 0.725
1029.000 0.724
1030.000 0.725
1031.000 0.726
1032.000 0.727
1033.000 0.727
1034.000 0.728
1035.000 0.729
1036.000 0.730
1037.000 0.730
1038.000 0.730
1039.000 0.731
1040.000 0.731
1041.000 0.733
1042.000 0.733
1043.000 0.734
1044.000 0.735
1045.000 0.735
1046.000 0.736
1047.000 0.736
1048.000 0.737
1049.000 0.737
1050.000 0.737
1051.000 0.737
1052.000 0.737
1053.000 0.738
1054.000 0.739
1055.000 0.739
1056.000 0.739
1057.000 0.740
1058.000 0.740
1059.000 0.740
1060.000 0.740
1061.000 0.740
1062.000 0.740
1063.000 0.739
1064.000 0.739
1065.000 0.740
1066.000 0.740
1067.000 0.741
1068.000 0.741
1069.000 0.742
1070.000 0.742
1071.000 0.742
1072.000 0.742
1073.000 0.742
1074.000 0.742
1075.000 0.741
1076.000 0.741
1077.000 0.741
1078.000 0.741
1079.000 0.741
1080.000 0.741
1081.000 0.741
1082.000 0.741
1083.000 0.741
1084.000 0.740
1085.000 0.741
1086.000 0.740
1087.000 0.740
1088.000 0.740
1089.000 0.740
1090.000 0.740
1091.000 0.740
1092.000 0.740
1093.000 0.740
1094.000 0.740
1095.000 0.740
1096.000 0.740
1097.000 0.739
1098.000 0.739
1099.000 0.739
1100.000 0.739
1101.000 0.740
1102.000 0.740
1103.000 0.739
1104.000 0.740
1105.000 0.739
1106.000 0.738
1107.000 0.737
1108.000 0.736
1109.000 0.735
1110.000 0.735
1111.000 0.736
1112.000 0.736
1113.000 0.737
1114.000 0.739
1115.000 0.740
1116.000 0.739
1117.000 0.738
1118.000 0.734
1119.000 0.732
1120.000 0.731
1121.000 0.732
1122.000 0.734
1123.000 0.735
1124.000 0.737
1125.000 0.737
1126.000 0.737
1127.000 0.735
1128.000 0.730
1129.000 0.726
1130.000 0.721
1131.000 0.719
1132.000 0.718
1133.000 0.716
1134.000 0.716
1135.000 0.715
1136.000 0.713
1137.000 0.713
1138.000 0.713
1139.000 0.711
1140.000 0.709
1141.000 0.709
1142.000 0.707
1143.000 0.703
1144.000 0.701
1145.000 0.697
1146.000 0.694
1147.000 0.692
1148.000 0.688
1149.000 0.685
1150.000 0.682
1151.000 0.678
1152.000 0.676
1153.000 0.676
1154.000 0.674
1155.000 0.673
1156.000 0.673
1157.000 0.672
1158.000 0.671
1159.000 0.671
1160.000 0.669
1161.000 0.669
1162.000 0.668
1163.000 0.668
1164.000 0.668
1165.000 0.668
1166.000 0.667
1167.000 0.667
1168.000 0.667
1169.000 0.666
1170.000 0.665
1171.000 0.665
1172.000 0.664
1173.000 0.664
1174.000 0.664
1175.000 0.665
1176.000 0.665
1177.000 0.666
1178.000 0.666
1179.000 0.665
1180.000 0.665
1181.000 0.665
1182.000 0.665
1183.000 0.665
1184.000 0.664
1185.000 0.664
1186.000 0.665
1187.000 0.664
1188.000 0.664
1189.000 0.664
1190.000 0.664
1191.000 0.664
1192.000 0.664
1193.000 0.664
1194.000 0.664
1195.000 0.664
1196.000 0.663
1197.000 0.663
1198.000 0.662
1199.000 0.662
1200.000 0.663
1201.000 0.663
1202.000 0.664
1203.000 0.664
1204.000 0.665
1205.000 0.665
1206.000 0.665
1207.000 0.664
1208.000 0.665
1209.000 0.665
1210.000 0.665
1211.000 0.666
1212.000 0.667
1213.000 0.667
1214.000 0.667
1215.000 0.668
1216.000 0.668
1217.000 0.668
1218.000 0.668
1219.000 0.668
1220.000 0.669
1221.000 0.670
1222.000 0.670
1223.000 0.670
1224.000 0.670
1225.000 0.670
1226.000 0.670
1227.000 0.671
1228.000 0.671
1229.000 0.671
1230.000 0.672
1231.000 0.671
1232.000 0.671
1233.000 0.671
1234.000 0.670
1235.000 0.671
1236.000 0.672
1237.000 0.673
1238.000 0.673
1239.000 0.674
1240.000 0.674
1241.000 0.674
1242.000 0.674
1243.000 0.674
1244.000 0.674
1245.000 0.674
1246.000 0.675
1247.000 0.676
1248.000 0.677
1249.000 0.677
1250.000 0.677
1251.000 0.677
1252.000 0.677
1253.000 0.677
1254.000 0.677
1255.000 0.678
1256.000 0.678
1257.000 0.679
1258.000 0.679
1259.000 0.680
1260.000 0.680
1261.000 0.680
1262.000 0.681
1263.000 0.680
1264.000 0.680
1265.000 0.681
1266.000 0.681
1267.000 0.681
1268.000 0.682
1269.000 0.682
1270.000 0.682
1271.000 0.683
1272.000 0.683
1273.000 0.683
1274.000 0.683
1275.000 0.683
1276.000 0.682
1277.000 0.683
1278.000 0.683
1279.000 0.683
1280.000 0.683
1281.000 0.683
1282.000 0.683
1283.000 0.683
1284.000 0.682
1285.000 0.682
1286.000 0.681
1287.000 0.681
1288.000 0.679
1289.000 0.678
1290.000 0.676
1291.000 0.675
1292.000 0.675
1293.000 0.673
1294.000 0.673
1295.000 0.672
1296.000 0.671
1297.000 0.671
1298.000 0.670
1299.000 0.668
1300.000 0.667
1301.000 0.666
1302.000 0.665
1303.000 0.664
1304.000 0.662
1305.000 0.660
1306.000 0.658
1307.000 0.657
1308.000 0.655
1309.000 0.654
1310.000 0.653
1311.000 0.653
1312.000 0.651
1313.000 0.650
1314.000 0.648
1315.000 0.646
1316.000 0.644
1317.000 0.642
1318.000 0.640
1319.000 0.638
1320.000 0.636
1321.000 0.633
1322.000 0.632
1323.000 0.630
1324.000 0.627
1325.000 0.624
1326.000 0.622
1327.000 0.619
1328.000 0.616
1329.000 0.613
1330.000 0.610
1331.000 0.608
1332.000 0.605
1333.000 0.602
1334.000 0.599
1335.000 0.597
1336.000 0.595
1337.000 0.593
1338.000 0.589
1339.000 0.586
1340.000 0.584
1341.000 0.582
1342.000 0.581
1343.000 0.581
1344.000 0.581
1345.000 0.581
1346.000 0.582
1347.000 0.581
1348.000 0.580
1349.000 0.574
1350.000 0.573
1351.000 0.574
1352.000 0.573
1353.000 0.574
1354.000 0.571
1355.000 0.554
1356.000 0.551
1357.000 0.569
1358.000 0.625
1359.000 0.693
1360.000 0.690
1361.000 0.578
1362.000 0.565
1363.000 0.475
1364.000 0.414
1365.000 0.392
1366.000 0.386
1367.000 0.229
1368.000 0.255
1369.000 0.194
1370.000 0.214
1371.000 0.300
1372.000 0.138
1373.000 0.216
1374.000 0.384
1375.000 0.542
1376.000 0.567
1377.000 0.510
1378.000 0.482
1379.000 0.696
1380.000 0.786
1381.000 0.797
1382.000 0.718
1383.000 0.620
1384.000 0.452
1385.000 0.440
1386.000 0.359
1387.000 0.329
1388.000 0.403
1389.000 0.421
1390.000 0.408
1391.000 0.481
1392.000 0.428
1393.000 0.450
1394.000 0.536
1395.000 0.534
1396.000 0.585
1397.000 0.522
1398.000 0.575
1399.000 0.542
1400.000 0.404
1401.000 0.391
1402.000 0.525
1403.000 0.558
1404.000 0.674
1405.000 0.610
1406.000 0.505
1407.000 0.493
1408.000 0.428
1409.000 0.348
1410.000 0.453
1411.000 0.397
1412.000 0.385
1413.000 0.450
1414.000 0.431
1415.000 0.485
1416.000 0.400
1417.000 0.268
1418.000 0.235
1419.000 0.225
1420.000 0.216
1421.000 0.224
1422.000 0.217
1423.000 0.198
1424.000 0.199
1425.000 0.200
1426.000 0.196
1427.000 0.194
1428.000 0.197
1429.000 0.196
1430.000 0.197
1431.000 0.211
1432.000 0.215
1433.000 0.210
1434.000 0.208
1435.000 0.203
1436.000 0.202
1437.000 0.198
1438.000 0.199
1439.000 0.209
1440.000 0.209
1441.000 0.204
1442.000 0.202
1443.000 0.196
1444.000 0.192
1445.000 0.193
1446.000 0.190
1447.000 0.182
1448.000 0.180
1449.000 0.179
1450.000 0.181
1451.000 0.185
1452.000 0.191
1453.000 0.189
1454.000 0.185
1455.000 0.182
1456.000 0.177
1457.000 0.174
1458.000 0.173
1459.000 0.172
1460.000 0.170
1461.000 0.170
1462.000 0.172
1463.000 0.174
1464.000 0.177
1465.000 0.178
1466.000 0.177
1467.000 0.179
1468.000 0.184
1469.000 0.185
1470.000 0.187
1471.000 0.187
1472.000 0.183
1473.000 0.180
1474.000 0.181
1475.000 0.182
1476.000 0.180
1477.000 0.183
1478.000 0.189
1479.000 0.193
1480.000 0.200
1481.000 0.204
1482.000 0.206
1483.000 0.208
1484.000 0.209
1485.000 0.210
1486.000 0.210
1487.000 0.211
1488.000 0.210
1489.000 0.210
1490.000 0.212
1491.000 0.213
1492.000 0.217
1493.000 0.219
1494.000 0.220
1495.000 0.221
1496.000 0.221
1497.000 0.223
1498.000 0.226
1499.000 0.228
1500.000 0.230
1501.000 0.231
1502.000 0.232
1503.000 0.234
1504.000 0.236
1505.000 0.238
1506.000 0.239
1507.000 0.237
1508.000 0.237
1509.000 0.237
1510.000 0.239
1511.000 0.244
1512.000 0.246
1513.000 0.250
1514.000 0.252
1515.000 0.254
1516.000 0.255
1517.000 0.258
1518.000 0.259
1519.000 0.260
1520.000 0.262
1521.000 0.265
1522.000 0.267
1523.000 0.269
1524.000 0.272
1525.000 0.273
1526.000 0.274
1527.000 0.276
1528.000 0.278
1529.000 0.279
1530.000 0.281
1531.000 0.283
1532.000 0.286
1533.000 0.289
1534.000 0.292
1535.000 0.294
1536.000 0.297
1537.000 0.297
1538.000 0.299
1539.000 0.299
1540.000 0.301
1541.000 0.305
1542.000 0.307
1543.000 0.309
1544.000 0.310
1545.000 0.311
1546.000 0.313
1547.000 0.313
1548.000 0.315
1549.000 0.316
1550.000 0.318
1551.000 0.321
1552.000 0.323
1553.000 0.324
1554.000 0.325
1555.000 0.326
1556.000 0.327
1557.000 0.329
1558.000 0.331
1559.000 0.332
1560.000 0.334
1561.000 0.335
1562.000 0.336
1563.000 0.339
1564.000 0.340
1565.000 0.341
1566.000 0.342
1567.000 0.343
1568.000 0.345
1569.000 0.347
1570.000 0.348
1571.000 0.350
1572.000 0.353
1573.000 0.355
1574.000 0.357
1575.000 0.360
1576.000 0.362
1577.000 0.361
1578.000 0.363
1579.000 0.365
1580.000 0.367
1581.000 0.370
1582.000 0.372
1583.000 0.373
1584.000 0.374
1585.000 0.374
1586.000 0.374
1587.000 0.374
1588.000 0.375
1589.000 0.377
1590.000 0.379
1591.000 0.380
1592.000 0.381
1593.000 0.381
1594.000 0.381
1595.000 0.380
1596.000 0.381
1597.000 0.383
1598.000 0.384
1599.000 0.385
1600.000 0.387
1601.000 0.387
1602.000 0.389
1603.000 0.390
1604.000 0.391
1605.000 0.391
1606.000 0.392
1607.000 0.392
1608.000 0.392
1609.000 0.396
1610.000 0.398
1611.000 0.399
1612.000 0.401
1613.000 0.402
1614.000 0.403
1615.000 0.404
1616.000 0.406
1617.000 0.408
1618.000 0.409
1619.000 0.410
1620.000 0.411
1621.000 0.410
1622.000 0.410
1623.000 0.409
1624.000 0.408
1625.000 0.410
1626.000 0.411
1627.000 0.411
1628.000 0.412
1629.000 0.412
1630.000 0.412
1631.000 0.413
1632.000 0.414
1633.000 0.415
1634.000 0.416
1635.000 0.417
1636.000 0.418
1637.000 0.420
1638.000 0.421
1639.000 0.424
1640.000 0.425
1641.000 0.424
1642.000 0.424
1643.000 0.423
1644.000 0.422
1645.000 0.422
1646.000 0.423
1647.000 0.424
1648.000 0.424
1649.000 0.425
1650.000 0.426
1651.000 0.427
1652.000 0.428
1653.000 0.430
1654.000 0.430
1655.000 0.430
1656.000 0.429
1657.000 0.428
1658.000 0.427
1659.000 0.427
1660.000 0.428
1661.000 0.428
1662.000 0.429
1663.000 0.429
1664.000 0.430
1665.000 0.431
1666.000 0.432
1667.000 0.432
1668.000 0.431
1669.000 0.431
1670.000 0.431
1671.000 0.433
1672.000 0.434
1673.000 0.434
1674.000 0.434
1675.000 0.432
1676.000 0.432
1677.000 0.432
1678.000 0.433
1679.000 0.434
1680.000 0.435
1681.000 0.438
1682.000 0.439
1683.000 0.439
1684.000 0.439
1685.000 0.437
1686.000 0.437
1687.000 0.438
1688.000 0.438
1689.000 0.438
1690.000 0.437
1691.000 0.436
1692.000 0.434
1693.000 0.432
1694.000 0.431
1695.000 0.431
1696.000 0.430
1697.000 0.433
1698.000 0.433
1699.000 0.434
1700.000 0.434
1701.000 0.432
1702.000 0.432
1703.000 0.433
1704.000 0.435
1705.000 0.437
1706.000 0.437
1707.000 0.436
1708.000 0.435
1709.000 0.435
1710.000 0.434
1711.000 0.433
1712.000 0.430
1713.000 0.429
1714.000 0.429
1715.000 0.428
1716.000 0.429
1717.000 0.430
1718.000 0.429
1719.000 0.429
1720.000 0.429
1721.000 0.428
1722.000 0.428
1723.000 0.427
1724.000 0.425
1725.000 0.425
1726.000 0.424
1727.000 0.424
1728.000 0.425
1729.000 0.425
1730.000 0.424
1731.000 0.421
1732.000 0.421
1733.000 0.421
1734.000 0.420
1735.000 0.421
1736.000 0.415
1737.000 0.414
1738.000 0.418
1739.000 0.417
1740.000 0.415
1741.000 0.412
1742.000 0.403
1743.000 0.400
1744.000 0.401
1745.000 0.402
1746.000 0.408
1747.000 0.409
1748.000 0.406
1749.000 0.404
1750.000 0.399
1751.000 0.396
1752.000 0.394
1753.000 0.392
1754.000 0.390
1755.000 0.390
1756.000 0.392
1757.000 0.390
1758.000 0.389
1759.000 0.386
1760.000 0.383
1761.000 0.383
1762.000 0.380
1763.000 0.379
1764.000 0.380
1765.000 0.384
1766.000 0.386
1767.000 0.385
1768.000 0.381
1769.000 0.375
1770.000 0.371
1771.000 0.371
1772.000 0.371
1773.000 0.371
1774.000 0.372
1775.000 0.372
1776.000 0.372
1777.000 0.374
1778.000 0.372
1779.000 0.370
1780.000 0.368
1781.000 0.362
1782.000 0.359
1783.000 0.356
1784.000 0.355
1785.000 0.362
1786.000 0.367
1787.000 0.378
1788.000 0.382
1789.000 0.378
1790.000 0.378
1791.000 0.375
1792.000 0.382
1793.000 0.384
1794.000 0.388
1795.000 0.387
1796.000 0.377
1797.000 0.375
1798.000 0.363
1799.000 0.351
1800.000 0.355
1801.000 0.382
1802.000 0.383
1803.000 0.403
1804.000 0.442
1805.000 0.455
1806.000 0.462
1807.000 0.476
1808.000 0.450
1809.000 0.466
1810.000 0.540
1811.000 0.562
1812.000 0.555
1813.000 0.527
1814.000 0.532
1815.000 0.409
1816.000 0.392
1817.000 0.456
1818.000 0.424
1819.000 0.469
1820.000 0.529
1821.000 0.561
1822.000 0.644
1823.000 0.555
1824.000 0.458
1825.000 0.550
1826.000 0.576
1827.000 0.637
1828.000 0.665
1829.000 0.643
1830.000 0.528
1831.000 0.426
1832.000 0.591
1833.000 0.563
1834.000 0.734
1835.000 0.652
1836.000 0.817
1837.000 0.509
1838.000 0.468
1839.000 0.357
1840.000 0.309
1841.000 0.259
1842.000 0.317
1843.000 0.541
1844.000 0.269
1845.000 0.551
1846.000 0.334
1847.000 0.400
1848.000 0.316
1849.000 0.452
1850.000 0.616
1851.000 0.407
1852.000 0.846
1853.000 0.720
1854.000 0.597
1855.000 0.457
1856.000 0.418
1857.000 0.365
1858.000 0.308
1859.000 0.417
1860.000 0.480
1861.000 0.495
1862.000 0.448
1863.000 0.526
1864.000 0.351
1865.000 0.377
1866.000 0.339
1867.000 0.165
1868.000 0.344
1869.000 0.433
1870.000 0.480
1871.000 0.545
1872.000 0.604
1873.000 0.592
1874.000 0.738
1875.000 0.622
1876.000 0.693
1877.000 0.627
1878.000 0.652
1879.000 0.556
1880.000 0.640
1881.000 0.503
1882.000 0.545
1883.000 0.521
1884.000 0.451
1885.000 0.561
1886.000 0.372
1887.000 0.701
1888.000 0.711
1889.000 0.651
1890.000 0.560
1891.000 0.591
1892.000 0.614
1893.000 0.715
1894.000 0.692
1895.000 0.660
1896.000 0.394
1897.000 0.412
1898.000 0.541
1899.000 0.227
1900.000 0.576
1901.000 0.593
1902.000 0.520
1903.000 0.483
1904.000 0.737
1905.000 0.540
1906.000 0.555
1907.000 0.355
1908.000 0.450
1909.000 0.372
1910.000 0.533
1911.000 0.565
1912.000 0.526
1913.000 0.465
1914.000 0.424
1915.000 0.680
1916.000 0.600
1917.000 0.404
1918.000 0.588
1919.000 0.334
1920.000 0.393
1921.000 0.437
1922.000 0.262
1923.000 0.434
1924.000 0.333
1925.000 0.298
1926.000 0.385
1927.000 0.430
1928.000 0.441
1929.000 0.279
1930.000 0.301
1931.000 0.328
1932.000 0.387
1933.000 0.358
1934.000 0.607
1935.000 0.331
1936.000 0.390
1937.000 0.414
1938.000 0.393
1939.000 0.425
1940.000 0.507
1941.000 0.435
1942.000 0.202
1943.000 0.440
1944.000 0.421
1945.000 0.359
1946.000 0.415
1947.000 0.461
1948.000 0.712
1949.000 0.671
1950.000 0.506
1951.000 0.415
1952.000 0.590
1953.000 0.519
1954.000 0.619
1955.000 0.441
1956.000 0.335
1957.000 0.120
1958.000 0.247
1959.000 0.343
1960.000 0.246
1961.000 0.313
1962.000 0.370
1963.000 0.275
1964.000 0.287
1965.000 0.238
1966.000 0.190
1967.000 0.164
1968.000 0.152
1969.000 0.154
1970.000 0.177
1971.000 0.155
1972.000 0.187
1973.000 0.187
1974.000 0.187
1975.000 0.161
1976.000 0.164
1977.000 0.161
1978.000 0.157
1979.000 0.160
1980.000 0.153
1981.000 0.121
1982.000 0.107
1983.000 0.103
1984.000 0.100
1985.000 0.112
1986.000 0.115
1987.000 0.126
1988.000 0.114
1989.000 0.120
1990.000 0.121
1991.000 0.121
1992.000 0.135
1993.000 0.139
1994.000 0.150
1995.000 0.171
1996.000 0.190
1997.000 0.205
1998.000 0.190
1999.000 0.196
2000.000 0.175
2001.000 0.170
2002.000 0.164
2003.000 0.179
2004.000 0.235
2005.000 0.260
2006.000 0.252
2007.000 0.247
2008.000 0.268
2009.000 0.284
2010.000 0.265
2011.000 0.268
2012.000 0.230
2013.000 0.214
2014.000 0.204
2015.000 0.209
2016.000 0.196
2017.000 0.194
2018.000 0.166
2019.000 0.162
2020.000 0.164
2021.000 0.173
2022.000 0.172
2023.000 0.158
2024.000 0.158
2025.000 0.149
2026.000 0.137
2027.000 0.137
2028.000 0.141
2029.000 0.142
2030.000 0.151
2031.000 0.154
2032.000 0.149
2033.000 0.149
2034.000 0.150
2035.000 0.149
2036.000 0.150
2037.000 0.149
2038.000 0.156
2039.000 0.166
2040.000 0.165
2041.000 0.168
2042.000 0.167
2043.000 0.157
2044.000 0.155
2045.000 0.154
2046.000 0.155
2047.000 0.157
2048.000 0.160
2049.000 0.170
2050.000 0.167
2051.000 0.158
2052.000 0.165
2053.000 0.169
2054.000 0.169
2055.000 0.177
2056.000 0.172
2057.000 0.171
2058.000 0.164
2059.000 0.165
2060.000 0.169
2061.000 0.172
2062.000 0.179
2063.000 0.183
2064.000 0.191
2065.000 0.191
2066.000 0.180
2067.000 0.184
2068.000 0.182
2069.000 0.178
2070.000 0.183
2071.000 0.182
2072.000 0.178
2073.000 0.171
2074.000 0.166
2075.000 0.156
2076.000 0.156
2077.000 0.161
2078.000 0.166
2079.000 0.181
2080.000 0.188
2081.000 0.193
2082.000 0.188
2083.000 0.184
2084.000 0.179
2085.000 0.175
2086.000 0.178
2087.000 0.177
2088.000 0.179
2089.000 0.177
2090.000 0.171
2091.000 0.170
2092.000 0.171
2093.000 0.170
2094.000 0.169
2095.000 0.172
2096.000 0.176
2097.000 0.180
2098.000 0.187
2099.000 0.193
2100.000 0.193
2101.000 0.196
2102.000 0.198
2103.000 0.199
2104.000 0.200
2105.000 0.198
2106.000 0.199
2107.000 0.203
2108.000 0.203
2109.000 0.200
2110.000 0.200
2111.000 0.204
2112.000 0.203
2113.000 0.199
2114.000 0.200
2115.000 0.201
2116.000 0.203
2117.000 0.211
2118.000 0.218
2119.000 0.215
2120.000 0.206
2121.000 0.203
2122.000 0.207
2123.000 0.209
2124.000 0.217
2125.000 0.221
2126.000 0.220
2127.000 0.218
2128.000 0.217
2129.000 0.213
2130.000 0.202
2131.000 0.199
2132.000 0.197
2133.000 0.198
2134.000 0.204
2135.000 0.210
2136.000 0.218
2137.000 0.222
2138.000 0.231
2139.000 0.239
2140.000 0.239
2141.000 0.235
2142.000 0.234
2143.000 0.227
2144.000 0.228
2145.000 0.239
2146.000 0.238
2147.000 0.229
2148.000 0.225
2149.000 0.214
2150.000 0.212
2151.000 0.220
2152.000 0.224
2153.000 0.231
2154.000 0.233
2155.000 0.232
2156.000 0.231
2157.000 0.231
2158.000 0.231
2159.000 0.234
2160.000 0.233
2161.000 0.233
2162.000 0.232
2163.000 0.236
2164.000 0.243
2165.000 0.245
2166.000 0.246
2167.000 0.247
2168.000 0.243
2169.000 0.242
2170.000 0.246
2171.000 0.246
2172.000 0.245
2173.000 0.247
2174.000 0.250
2175.000 0.252
2176.000 0.255
2177.000 0.258
2178.000 0.257
2179.000 0.247
2180.000 0.249
2181.000 0.245
2182.000 0.237
2183.000 0.236
2184.000 0.233
2185.000 0.223
2186.000 0.224
2187.000 0.233
2188.000 0.239
2189.000 0.254
2190.000 0.258
2191.000 0.256
2192.000 0.255
2193.000 0.247
2194.000 0.241
2195.000 0.233
2196.000 0.229
2197.000 0.228
2198.000 0.227
2199.000 0.230
2200.000 0.232
2201.000 0.236
2202.000 0.232
2203.000 0.234
2204.000 0.241
2205.000 0.245
2206.000 0.250
2207.000 0.254
2208.000 0.254
2209.000 0.251
2210.000 0.243
2211.000 0.234
2212.000 0.222
2213.000 0.214
2214.000 0.203
2215.000 0.203
2216.000 0.214
2217.000 0.217
2218.000 0.225
2219.000 0.226
2220.000 0.216
2221.000 0.215
2222.000 0.218
2223.000 0.223
2224.000 0.236
2225.000 0.243
2226.000 0.248
2227.000 0.247
2228.000 0.246
2229.000 0.249
2230.000 0.256
2231.000 0.260
2232.000 0.260
2233.000 0.251
2234.000 0.239
2235.000 0.227
2236.000 0.223
2237.000 0.224
2238.000 0.221
2239.000 0.220
2240.000 0.218
2241.000 0.210
2242.000 0.207
2243.000 0.209
2244.000 0.210
2245.000 0.211
2246.000 0.214
2247.000 0.216
2248.000 0.219
2249.000 0.224
2250.000 0.223
2251.000 0.221
2252.000 0.222
2253.000 0.220
2254.000 0.219
2255.000 0.226
2256.000 0.227
2257.000 0.224
2258.000 0.225
2259.000 0.227
2260.000 0.220
2261.000 0.217
2262.000 0.215
2263.000 0.212
2264.000 0.212
2265.000 0.218
2266.000 0.225
2267.000 0.235
2268.000 0.242
2269.000 0.246
2270.000 0.237
2271.000 0.222
2272.000 0.218
2273.000 0.214
2274.000 0.205
2275.000 0.207
2276.000 0.214
2277.000 0.223
2278.000 0.252
2279.000 0.261
2280.000 0.253
2281.000 0.246
2282.000 0.222
2283.000 0.217
2284.000 0.230
2285.000 0.229
2286.000 0.227
2287.000 0.227
2288.000 0.221
2289.000 0.217
2290.000 0.223
2291.000 0.218
2292.000 0.203
2293.000 0.195
2294.000 0.185
2295.000 0.180
2296.000 0.179
2297.000 0.184
2298.000 0.193
2299.000 0.192
2300.000 0.187
2301.000 0.187
2302.000 0.177
2303.000 0.173
2304.000 0.192
2305.000 0.209
2306.000 0.222
2307.000 0.219
2308.000 0.199
2309.000 0.178
2310.000 0.158
2311.000 0.152
2312.000 0.162
2313.000 0.171
2314.000 0.176
2315.000 0.180
2316.000 0.173
2317.000 0.172
2318.000 0.177
2319.000 0.173
2320.000 0.172
2321.000 0.157
2322.000 0.139
2323.000 0.142
2324.000 0.153
2325.000 0.172
2326.000 0.186
2327.000 0.217
2328.000 0.216
2329.000 0.183
2330.000 0.176
2331.000 0.173
2332.000 0.156
2333.000 0.184
2334.000 0.190
2335.000 0.191
2336.000 0.175
2337.000 0.156
2338.000 0.145
2339.000 0.123
2340.000 0.121
2341.000 0.154
2342.000 0.171
2343.000 0.174
2344.000 0.182
2345.000 0.199
2346.000 0.216
2347.000 0.243
2348.000 0.249
2349.000 0.180
2350.000 0.182
2351.000 0.221
2352.000 0.224
2353.000 0.228
2354.000 0.184
2355.000 0.199
2356.000 0.274
2357.000 0.254
2358.000 0.168
2359.000 0.138
2360.000 0.127
2361.000 0.146
2362.000 0.157
2363.000 0.130
2364.000 0.134
2365.000 0.135
2366.000 0.125
2367.000 0.150
2368.000 0.171
2369.000 0.139
2370.000 0.182
2371.000 0.206
2372.000 0.206
2373.000 0.167
2374.000 0.138
2375.000 0.118
2376.000 0.142
2377.000 0.162
2378.000 0.168
2379.000 0.194
2380.000 0.191
2381.000 0.168
2382.000 0.174
2383.000 0.175
2384.000 0.213
2385.000 0.248
2386.000 0.191
2387.000 0.138
2388.000 0.375
2389.000 0.327
2390.000 0.314
2391.000 0.400
2392.000 0.379
2393.000 0.371
2394.000 0.312
2395.000 0.341
2396.000 0.232
2397.000 0.251
2398.000 0.174
2399.000 0.144
2400.000 0.189
2401.000 0.273
2402.000 0.265
2403.000 0.120
2404.000 0.227
2405.000 0.374
2406.000 0.291
2407.000 0.146
2408.000 0.242
2409.000 0.081
2410.000 0.177
2411.000 0.411
2412.000 0.378
2413.000 0.197
2414.000 0.391
2415.000 0.575
2416.000 0.422
2417.000 0.324
2418.000 0.393
2419.000 0.416
2420.000 0.392
2421.000 0.348
2422.000 0.367
2423.000 0.313
2424.000 0.227
2425.000 0.143
2426.000 0.128
2427.000 0.165
2428.000 0.200
2429.000 0.244
2430.000 0.111
2431.000 0.186
2432.000 0.109
2433.000 0.249
2434.000 0.272
2435.000 0.293
2436.000 0.152
2437.000 0.082
2438.000 0.135
2439.000 0.225
2440.000 0.309
2441.000 0.468
2442.000 0.375
2443.000 0.141
2444.000 0.560
2445.000 0.404
2446.000 0.418
2447.000 0.327
2448.000 0.335
2449.000 0.404
2450.000 0.297
2451.000 0.173
2452.000 0.160
2453.000 0.245
2454.000 0.286
2455.000 0.355
2456.000 0.263
2457.000 0.295
2458.000 0.244
2459.000 0.356
2460.000 0.464
2461.000 0.537
2462.000 0.625
2463.000 0.440
2464.000 0.334
2465.000 0.539
2466.000 0.414
2467.000 0.274
2468.000 0.386
2469.000 0.195
2470.000 0.209
2471.000 0.223
2472.000 0.231
2473.000 0.220
2474.000 0.395
2475.000 0.386
2476.000 0.290
2477.000 0.276
2478.000 0.292
2479.000 0.171
2480.000 0.494
2481.000 0.294
2482.000 0.127
2483.000 0.312
2484.000 0.180
2485.000 0.085
2486.000 0.420
2487.000 0.511
2488.000 0.361
2489.000 0.373
2490.000 0.415
2491.000 0.566
2492.000 0.455
2493.000 0.478
2494.000 0.501
2495.000 0.613
2496.000 0.557
2497.000 0.432
2498.000 0.445
2499.000 0.632
2500.000 0.617
