391.000 0.057
392.000 0.059
393.000 0.059
394.000 0.056
395.000 0.050
396.000 0.052
397.000 0.059
398.000 0.061
399.000 0.055
400.000 0.052
401.000 0.055
402.000 0.051
403.000 0.052
404.000 0.055
405.000 0.055
406.000 0.055
407.000 0.055
408.000 0.054
409.000 0.054
410.000 0.055
411.000 0.055
412.000 0.053
413.000 0.055
414.000 0.055
415.000 0.053
416.000 0.053
417.000 0.057
418.000 0.056
419.000 0.053
420.000 0.054
421.000 0.056
422.000 0.057
423.000 0.056
424.000 0.056
425.000 0.055
426.000 0.054
427.000 0.054
428.000 0.056
429.000 0.055
430.000 0.054
431.000 0.057
432.000 0.055
433.000 0.054
434.000 0.056
435.000 0.056
436.000 0.055
437.000 0.055
438.000 0.057
439.000 0.056
440.000 0.055
441.000 0.054
442.000 0.056
443.000 0.055
444.000 0.055
445.000 0.054
446.000 0.054
447.000 0.056
448.000 0.057
449.000 0.058
450.000 0.056
451.000 0.055
452.000 0.055
453.000 0.055
454.000 0.056
455.000 0.057
456.000 0.057
457.000 0.057
458.000 0.057
459.000 0.057
460.000 0.056
461.000 0.058
462.000 0.058
463.000 0.057
464.000 0.057
465.000 0.058
466.000 0.058
467.000 0.057
468.000 0.058
469.000 0.059
470.000 0.058
471.000 0.056
472.000 0.057
473.000 0.059
474.000 0.059
475.000 0.058
476.000 0.058
477.000 0.058
478.000 0.057
479.000 0.058
480.000 0.058
481.000 0.058
482.000 0.059
483.000 0.059
484.000 0.058
485.000 0.058
486.000 0.060
487.000 0.061
488.000 0.060
489.000 0.060
490.000 0.059
491.000 0.060
492.000 0.061
493.000 0.060
494.000 0.060
495.000 0.060
496.000 0.061
497.000 0.062
498.000 0.063
499.000 0.063
500.000 0.063
501.000 0.063
502.000 0.064
503.000 0.065
504.000 0.066
505.000 0.067
506.000 0.067
507.000 0.069
508.000 0.069
509.000 0.071
510.000 0.074
511.000 0.076
512.000 0.077
513.000 0.079
514.000 0.082
515.000 0.085
516.000 0.087
517.000 0.090
518.000 0.093
519.000 0.097
520.000 0.101
521.000 0.105
522.000 0.108
523.000 0.111
524.000 0.114
525.000 0.118
526.000 0.123
527.000 0.127
528.000 0.129
529.000 0.131
530.000 0.133
531.000 0.136
532.000 0.140
533.000 0.142
534.000 0.144
535.000 0.145
536.000 0.147
537.000 0.149
538.000 0.149
539.000 0.150
540.000 0.151
541.000 0.152
542.000 0.153
543.000 0.153
544.000 0.154
545.000 0.155
546.000 0.155
547.000 0.156
548.000 0.155
549.000 0.155
550.000 0.156
551.000 0.157
552.000 0.157
553.000 0.156
554.000 0.156
555.000 0.156
556.000 0.156
557.000 0.155
558.000 0.153
559.000 0.152
560.000 0.150
561.000 0.149
562.000 0.147
563.000 0.145
564.000 0.144
565.000 0.141
566.000 0.139
567.000 0.137
568.000 0.134
569.000 0.132
570.000 0.130
571.000 0.128
572.000 0.124
573.000 0.121
574.000 0.121
575.000 0.120
576.000 0.118
577.000 0.116
578.000 0.114
579.000 0.113
580.000 0.111
581.000 0.109
582.000 0.107
583.000 0.106
584.000 0.106
585.000 0.105
586.000 0.104
587.000 0.103
588.000 0.104
589.000 0.103
590.000 0.101
591.000 0.099
592.000 0.099
593.000 0.098
594.000 0.098
595.000 0.097
596.000 0.097
597.000 0.097
598.000 0.097
599.000 0.096
600.000 0.095
601.000 0.094
602.000 0.095
603.000 0.095
604.000 0.094
605.000 0.093
606.000 0.093
607.000 0.093
608.000 0.092
609.000 0.092
610.000 0.091
611.000 0.090
612.000 0.089
613.000 0.087
614.000 0.086
615.000 0.087
616.000 0.087
617.000 0.086
618.000 0.086
619.000 0.086
620.000 0.084
621.000 0.083
622.000 0.083
623.000 0.084
624.000 0.083
625.000 0.083
626.000 0.082
627.000 0.082
628.000 0.082
629.000 0.082
630.000 0.080
631.000 0.081
632.000 0.082
633.000 0.082
634.000 0.081
635.000 0.081
636.000 0.082
637.000 0.081
638.000 0.080
639.000 0.077
640.000 0.076
641.000 0.076
642.000 0.076
643.000 0.075
644.000 0.074
645.000 0.074
646.000 0.073
647.000 0.072
648.000 0.071
649.000 0.072
650.000 0.072
651.000 0.072
652.000 0.072
653.000 0.070
654.000 0.070
655.000 0.071
656.000 0.071
657.000 0.071
658.000 0.071
659.000 0.072
660.000 0.070
661.000 0.070
662.000 0.070
663.000 0.069
664.000 0.068
665.000 0.069
666.000 0.070
667.000 0.072
668.000 0.073
669.000 0.072
670.000 0.072
671.000 0.070
672.000 0.071
673.000 0.074
674.000 0.074
675.000 0.075
676.000 0.077
677.000 0.078
678.000 0.078
679.000 0.079
680.000 0.078
681.000 0.078
682.000 0.079
683.000 0.081
684.000 0.083
685.000 0.086
686.000 0.089
687.000 0.091
688.000 0.092
689.000 0.095
690.000 0.098
691.000 0.101
692.000 0.103
693.000 0.108
694.000 0.116
695.000 0.125
696.000 0.131
697.000 0.140
698.000 0.151
699.000 0.162
700.000 0.172
701.000 0.184
702.000 0.197
703.000 0.209
704.000 0.220
705.000 0.232
706.000 0.244
707.000 0.256
708.000 0.268
709.000 0.281
710.000 0.293
711.000 0.305
712.000 0.317
713.000 0.331
714.000 0.342
715.000 0.354
716.000 0.367
717.000 0.379
718.000 0.391
719.000 0.405
720.000 0.419
721.000 0.432
722.000 0.443
723.000 0.453
724.000 0.465
725.000 0.477
726.000 0.489
727.000 0.499
728.000 0.510
729.000 0.520
730.000 0.530
731.000 0.539
732.000 0.548
733.000 0.557
734.000 0.565
735.000 0.572
736.000 0.579
737.000 0.578
738.000 0.584
739.000 0.590
740.000 0.596
741.000 0.592
742.000 0.578
743.000 0.582
744.000 0.586
745.000 0.589
746.000 0.594
747.000 0.549
748.000 0.552
749.000 0.554
750.000 0.556
751.000 0.558
752.000 0.560
753.000 0.561
754.000 0.563
755.000 0.564
756.000 0.565
757.000 0.566
758.000 0.566
759.000 0.566
760.000 0.565
761.000 0.565
762.000 0.564
763.000 0.565
764.000 0.565
765.000 0.567
766.000 0.569
767.000 0.570
768.000 0.571
769.000 0.572
770.000 0.573
771.000 0.573
772.000 0.573
773.000 0.573
774.000 0.574
775.000 0.574
776.000 0.574
777.000 0.574
778.000 0.574
779.000 0.575
780.000 0.575
781.000 0.575
782.000 0.576
783.000 0.576
784.000 0.576
785.000 0.576
786.000 0.576
787.000 0.576
788.000 0.575
789.000 0.576
790.000 0.576
791.000 0.576
792.000 0.576
793.000 0.577
794.000 0.577
795.000 0.577
796.000 0.577
797.000 0.577
798.000 0.577
799.000 0.578
800.000 0.578
801.000 0.578
802.000 0.578
803.000 0.578
804.000 0.579
805.000 0.579
806.000 0.580
807.000 0.579
808.000 0.580
809.000 0.580
810.000 0.580
811.000 0.579
812.000 0.578
813.000 0.577
814.000 0.577
815.000 0.577
816.000 0.576
817.000 0.576
818.000 0.577
819.000 0.577
820.000 0.578
821.000 0.578
822.000 0.579
823.000 0.579
824.000 0.580
825.000 0.580
826.000 0.581
827.000 0.581
828.000 0.581
829.000 0.581
830.000 0.581
831.000 0.582
832.000 0.582
833.000 0.583
834.000 0.583
835.000 0.584
836.000 0.584
837.000 0.584
838.000 0.585
839.000 0.586
840.000 0.586
841.000 0.586
842.000 0.587
843.000 0.587
844.000 0.587
845.000 0.587
846.000 0.588
847.000 0.588
848.000 0.588
849.000 0.588
850.000 0.589
851.000 0.589
852.000 0.589
853.000 0.589
854.000 0.590
855.000 0.589
856.000 0.589
857.000 0.589
858.000 0.589
859.000 0.590
860.000 0.590
861.000 0.591
862.000 0.590
863.000 0.590
864.000 0.591
865.000 0.591
866.000 0.592
867.000 0.591
868.000 0.591
869.000 0.592
870.000 0.592
871.000 0.592
872.000 0.592
873.000 0.592
874.000 0.592
875.000 0.592
876.000 0.593
877.000 0.593
878.000 0.593
879.000 0.593
880.000 0.593
881.000 0.594
882.000 0.595
883.000 0.595
884.000 0.594
885.000 0.595
886.000 0.595
887.000 0.595
888.000 0.595
889.000 0.595
890.000 0.595
891.000 0.594
892.000 0.595
893.000 0.594
894.000 0.594
895.000 0.593
896.000 0.592
897.000 0.591
898.000 0.591
899.000 0.591
900.000 0.592
901.000 0.591
902.000 0.592
903.000 0.593
904.000 0.593
905.000 0.592
906.000 0.593
907.000 0.593
908.000 0.593
909.000 0.593
910.000 0.592
911.000 0.592
912.000 0.592
913.000 0.592
914.000 0.591
915.000 0.591
916.000 0.593
917.000 0.593
918.000 0.593
919.000 0.594
920.000 0.595
921.000 0.595
922.000 0.595
923.000 0.596
924.000 0.595
925.000 0.594
926.000 0.593
927.000 0.592
928.000 0.590
929.000 0.589
930.000 0.587
931.000 0.585
932.000 0.583
933.000 0.580
934.000 0.578
935.000 0.576
936.000 0.575
937.000 0.576
938.000 0.577
939.000 0.576
940.000 0.576
941.000 0.576
942.000 0.576
943.000 0.576
944.000 0.575
945.000 0.576
946.000 0.576
947.000 0.575
948.000 0.574
949.000 0.573
950.000 0.573
951.000 0.574
952.000 0.575
953.000 0.575
954.000 0.575
955.000 0.576
956.000 0.578
957.000 0.578
958.000 0.577
959.000 0.576
960.000 0.577
961.000 0.578
962.000 0.581
963.000 0.584
964.000 0.583
965.000 0.582
966.000 0.583
967.000 0.586
968.000 0.584
969.000 0.586
970.000 0.586
971.000 0.585
972.000 0.585
973.000 0.586
974.000 0.586
975.000 0.586
976.000 0.589
977.000 0.589
978.000 0.588
979.000 0.588
980.000 0.589
981.000 0.589
982.000 0.590
983.000 0.590
984.000 0.591
985.000 0.592
986.000 0.593
987.000 0.593
988.000 0.595
989.000 0.597
990.000 0.596
991.000 0.594
992.000 0.597
993.000 0.597
994.000 0.596
995.000 0.597
996.000 0.595
997.000 0.597
998.000 0.600
999.000 0.600
1000.000 0.596
1001.000 0.601
1002.000 0.602
1003.000 0.603
1004.000 0.603
1005.000 0.604
1006.000 0.604
1007.000 0.604
1008.000 0.604
1009.000 0.605
1010.000 0.604
1011.000 0.604
1012.000 0.604
1013.000 0.604
1014.000 0.605
1015.000 0.605
1016.000 0.605
1017.000 0.606
1018.000 0.607
1019.000 0.607
1020.000 0.607
1021.000 0.608
1022.000 0.607
1023.000 0.607
1024.000 0.607
1025.000 0.608
1026.000 0.608
1027.000 0.609
1028.000 0.609
1029.000 0.609
1030.000 0.610
1031.000 0.611
1032.000 0.612
1033.000 0.613
1034.000 0.612
1035.000 0.612
1036.000 0.612
1037.000 0.612
1038.000 0.611
1039.000 0.611
1040.000 0.611
1041.000 0.612
1042.000 0.613
1043.000 0.614
1044.000 0.613
1045.000 0.614
1046.000 0.614
1047.000 0.614
1048.000 0.614
1049.000 0.614
1050.000 0.615
1051.000 0.615
1052.000 0.615
1053.000 0.615
1054.000 0.615
1055.000 0.614
1056.000 0.615
1057.000 0.616
1058.000 0.616
1059.000 0.616
1060.000 0.615
1061.000 0.615
1062.000 0.615
1063.000 0.615
1064.000 0.615
1065.000 0.616
1066.000 0.615
1067.000 0.616
1068.000 0.616
1069.000 0.616
1070.000 0.616
1071.000 0.616
1072.000 0.616
1073.000 0.617
1074.000 0.617
1075.000 0.616
1076.000 0.616
1077.000 0.616
1078.000 0.616
1079.000 0.615
1080.000 0.616
1081.000 0.616
1082.000 0.616
1083.000 0.615
1084.000 0.616
1085.000 0.615
1086.000 0.615
1087.000 0.614
1088.000 0.613
1089.000 0.612
1090.000 0.613
1091.000 0.613
1092.000 0.613
1093.000 0.612
1094.000 0.612
1095.000 0.612
1096.000 0.612
1097.000 0.612
1098.000 0.611
1099.000 0.611
1100.000 0.612
1101.000 0.612
1102.000 0.612
1103.000 0.611
1104.000 0.610
1105.000 0.609
1106.000 0.608
1107.000 0.607
1108.000 0.606
1109.000 0.605
1110.000 0.604
1111.000 0.604
1112.000 0.604
1113.000 0.604
1114.000 0.602
1115.000 0.590
1116.000 0.588
1117.000 0.584
1118.000 0.583
1119.000 0.582
1120.000 0.580
1121.000 0.578
1122.000 0.575
1123.000 0.583
1124.000 0.639
1125.000 0.637
1126.000 0.638
1127.000 0.579
1128.000 0.580
1129.000 0.581
1130.000 0.582
1131.000 0.582
1132.000 0.581
1133.000 0.582
1134.000 0.582
1135.000 0.583
1136.000 0.585
1137.000 0.585
1138.000 0.586
1139.000 0.586
1140.000 0.585
1141.000 0.582
1142.000 0.581
1143.000 0.579
1144.000 0.579
1145.000 0.578
1146.000 0.578
1147.000 0.578
1148.000 0.579
1149.000 0.581
1150.000 0.581
1151.000 0.583
1152.000 0.584
1153.000 0.584
1154.000 0.585
1155.000 0.585
1156.000 0.585
1157.000 0.584
1158.000 0.585
1159.000 0.585
1160.000 0.585
1161.000 0.586
1162.000 0.588
1163.000 0.588
1164.000 0.590
1165.000 0.590
1166.000 0.590
1167.000 0.589
1168.000 0.589
1169.000 0.589
1170.000 0.589
1171.000 0.590
1172.000 0.590
1173.000 0.591
1174.000 0.591
1175.000 0.592
1176.000 0.593
1177.000 0.594
1178.000 0.594
1179.000 0.594
1180.000 0.595
1181.000 0.595
1182.000 0.595
1183.000 0.595
1184.000 0.596
1185.000 0.595
1186.000 0.596
1187.000 0.596
1188.000 0.596
1189.000 0.596
1190.000 0.596
1191.000 0.597
1192.000 0.597
1193.000 0.597
1194.000 0.596
1195.000 0.597
1196.000 0.597
1197.000 0.598
1198.000 0.598
1199.000 0.599
1200.000 0.599
1201.000 0.599
1202.000 0.599
1203.000 0.599
1204.000 0.599
1205.000 0.599
1206.000 0.600
1207.000 0.600
1208.000 0.600
1209.000 0.601
1210.000 0.601
1211.000 0.602
1212.000 0.602
1213.000 0.601
1214.000 0.601
1215.000 0.601
1216.000 0.601
1217.000 0.601
1218.000 0.602
1219.000 0.602
1220.000 0.602
1221.000 0.603
1222.000 0.603
1223.000 0.604
1224.000 0.604
1225.000 0.604
1226.000 0.604
1227.000 0.604
1228.000 0.604
1229.000 0.604
1230.000 0.605
1231.000 0.605
1232.000 0.605
1233.000 0.606
1234.000 0.606
1235.000 0.606
1236.000 0.606
1237.000 0.606
1238.000 0.606
1239.000 0.607
1240.000 0.607
1241.000 0.607
1242.000 0.608
1243.000 0.608
1244.000 0.608
1245.000 0.608
1246.000 0.607
1247.000 0.607
1248.000 0.607
1249.000 0.608
1250.000 0.608
1251.000 0.608
1252.000 0.608
1253.000 0.607
1254.000 0.607
1255.000 0.607
1256.000 0.607
1257.000 0.608
1258.000 0.608
1259.000 0.608
1260.000 0.608
1261.000 0.608
1262.000 0.608
1263.000 0.610
1264.000 0.610
1265.000 0.609
1266.000 0.609
1267.000 0.608
1268.000 0.607
1269.000 0.608
1270.000 0.607
1271.000 0.608
1272.000 0.609
1273.000 0.609
1274.000 0.608
1275.000 0.609
1276.000 0.609
1277.000 0.610
1278.000 0.611
1279.000 0.612
1280.000 0.612
1281.000 0.612
1282.000 0.613
1283.000 0.613
1284.000 0.612
1285.000 0.612
1286.000 0.611
1287.000 0.610
1288.000 0.610
1289.000 0.610
1290.000 0.611
1291.000 0.610
1292.000 0.610
1293.000 0.609
1294.000 0.609
1295.000 0.608
1296.000 0.608
1297.000 0.607
1298.000 0.607
1299.000 0.606
1300.000 0.606
1301.000 0.605
1302.000 0.604
1303.000 0.603
1304.000 0.602
1305.000 0.601
1306.000 0.600
1307.000 0.599
1308.000 0.597
1309.000 0.595
1310.000 0.594
1311.000 0.593
1312.000 0.592
1313.000 0.591
1314.000 0.591
1315.000 0.590
1316.000 0.587
1317.000 0.585
1318.000 0.584
1319.000 0.582
1320.000 0.580
1321.000 0.579
1322.000 0.578
1323.000 0.578
1324.000 0.577
1325.000 0.575
1326.000 0.572
1327.000 0.570
1328.000 0.567
1329.000 0.565
1330.000 0.564
1331.000 0.563
1332.000 0.562
1333.000 0.560
1334.000 0.613
1335.000 0.611
1336.000 0.607
1337.000 0.605
1338.000 0.605
1339.000 0.603
1340.000 0.602
1341.000 0.621
1342.000 0.619
1343.000 0.616
1344.000 0.614
1345.000 0.611
1346.000 0.610
1347.000 0.620
1348.000 0.619
1349.000 0.605
1350.000 0.604
1351.000 0.605
1352.000 0.602
1353.000 0.611
1354.000 0.610
1355.000 0.625
1356.000 0.630
1357.000 0.651
1358.000 0.632
1359.000 0.637
1360.000 0.624
1361.000 0.442
1362.000 0.413
1363.000 0.422
1364.000 0.434
1365.000 0.560
1366.000 0.511
1367.000 0.560
1368.000 0.476
1369.000 0.442
1370.000 0.457
1371.000 0.432
1372.000 0.327
1373.000 0.364
1374.000 0.413
1375.000 0.592
1376.000 0.611
1377.000 0.574
1378.000 0.488
1379.000 0.543
1380.000 0.518
1381.000 0.449
1382.000 0.615
1383.000 0.776
1384.000 0.485
1385.000 0.604
1386.000 0.553
1387.000 0.552
1388.000 0.566
1389.000 0.486
1390.000 0.413
1391.000 0.443
1392.000 0.532
1393.000 0.549
1394.000 0.473
1395.000 0.484
1396.000 0.314
1397.000 0.366
1398.000 0.518
1399.000 0.579
1400.000 0.640
1401.000 0.575
1402.000 0.491
1403.000 0.397
1404.000 0.425
1405.000 0.426
1406.000 0.495
1407.000 0.511
1408.000 0.498
1409.000 0.428
1410.000 0.401
1411.000 0.371
1412.000 0.372
1413.000 0.393
1414.000 0.428
1415.000 0.471
1416.000 0.479
1417.000 0.461
1418.000 0.462
1419.000 0.365
1420.000 0.349
1421.000 0.315
1422.000 0.325
1423.000 0.390
1424.000 0.379
1425.000 0.340
1426.000 0.331
1427.000 0.308
1428.000 0.297
1429.000 0.300
1430.000 0.298
1431.000 0.288
1432.000 0.285
1433.000 0.293
1434.000 0.289
1435.000 0.275
1436.000 0.270
1437.000 0.261
1438.000 0.260
1439.000 0.269
1440.000 0.271
1441.000 0.274
1442.000 0.275
1443.000 0.269
1444.000 0.266
1445.000 0.262
1446.000 0.262
1447.000 0.262
1448.000 0.263
1449.000 0.267
1450.000 0.266
1451.000 0.265
1452.000 0.263
1453.000 0.263
1454.000 0.264
1455.000 0.265
1456.000 0.269
1457.000 0.271
1458.000 0.271
1459.000 0.271
1460.000 0.271
1461.000 0.268
1462.000 0.264
1463.000 0.263
1464.000 0.258
1465.000 0.260
1466.000 0.267
1467.000 0.272
1468.000 0.281
1469.000 0.288
1470.000 0.297
1471.000 0.299
1472.000 0.296
1473.000 0.296
1474.000 0.289
1475.000 0.291
1476.000 0.304
1477.000 0.304
1478.000 0.301
1479.000 0.298
1480.000 0.286
1481.000 0.285
1482.000 0.291
1483.000 0.295
1484.000 0.302
1485.000 0.305
1486.000 0.302
1487.000 0.303
1488.000 0.307
1489.000 0.310
1490.000 0.316
1491.000 0.319
1492.000 0.320
1493.000 0.322
1494.000 0.323
1495.000 0.325
1496.000 0.328
1497.000 0.332
1498.000 0.337
1499.000 0.342
1500.000 0.348
1501.000 0.350
1502.000 0.348
1503.000 0.349
1504.000 0.349
1505.000 0.349
1506.000 0.350
1507.000 0.354
1508.000 0.356
1509.000 0.358
1510.000 0.360
1511.000 0.363
1512.000 0.364
1513.000 0.364
1514.000 0.367
1515.000 0.369
1516.000 0.373
1517.000 0.379
1518.000 0.382
1519.000 0.384
1520.000 0.387
1521.000 0.390
1522.000 0.391
1523.000 0.391
1524.000 0.392
1525.000 0.391
1526.000 0.393
1527.000 0.394
1528.000 0.396
1529.000 0.398
1530.000 0.401
1531.000 0.405
1532.000 0.407
1533.000 0.410
1534.000 0.412
1535.000 0.412
1536.000 0.414
1537.000 0.418
1538.000 0.421
1539.000 0.426
1540.000 0.429
1541.000 0.429
1542.000 0.431
1543.000 0.431
1544.000 0.433
1545.000 0.437
1546.000 0.439
1547.000 0.440
1548.000 0.441
1549.000 0.441
1550.000 0.442
1551.000 0.443
1552.000 0.444
1553.000 0.445
1554.000 0.447
1555.000 0.450
1556.000 0.452
1557.000 0.455
1558.000 0.457
1559.000 0.458
1560.000 0.459
1561.000 0.460
1562.000 0.461
1563.000 0.463
1564.000 0.465
1565.000 0.467
1566.000 0.468
1567.000 0.468
1568.000 0.469
1569.000 0.470
1570.000 0.472
1571.000 0.474
1572.000 0.476
1573.000 0.479
1574.000 0.481
1575.000 0.484
1576.000 0.486
1577.000 0.487
1578.000 0.488
1579.000 0.488
1580.000 0.489
1581.000 0.490
1582.000 0.491
1583.000 0.493
1584.000 0.494
1585.000 0.494
1586.000 0.495
1587.000 0.497
1588.000 0.499
1589.000 0.503
1590.000 0.505
1591.000 0.505
1592.000 0.506
1593.000 0.507
1594.000 0.507
1595.000 0.506
1596.000 0.506
1597.000 0.507
1598.000 0.508
1599.000 0.512
1600.000 0.515
1601.000 0.518
1602.000 0.519
1603.000 0.520
1604.000 0.521
1605.000 0.519
1606.000 0.520
1607.000 0.521
1608.000 0.521
1609.000 0.522
1610.000 0.523
1611.000 0.523
1612.000 0.524
1613.000 0.525
1614.000 0.526
1615.000 0.528
1616.000 0.528
1617.000 0.528
1618.000 0.529
1619.000 0.530
1620.000 0.531
1621.000 0.534
1622.000 0.535
1623.000 0.536
1624.000 0.536
1625.000 0.537
1626.000 0.538
1627.000 0.540
1628.000 0.541
1629.000 0.542
1630.000 0.543
1631.000 0.541
1632.000 0.540
1633.000 0.540
1634.000 0.540
1635.000 0.544
1636.000 0.546
1637.000 0.550
1638.000 0.552
1639.000 0.551
1640.000 0.551
1641.000 0.550
1642.000 0.550
1643.000 0.548
1644.000 0.548
1645.000 0.549
1646.000 0.549
1647.000 0.551
1648.000 0.552
1649.000 0.552
1650.000 0.553
1651.000 0.554
1652.000 0.555
1653.000 0.557
1654.000 0.557
1655.000 0.557
1656.000 0.556
1657.000 0.552
1658.000 0.551
1659.000 0.554
1660.000 0.555
1661.000 0.558
1662.000 0.559
1663.000 0.559
1664.000 0.559
1665.000 0.561
1666.000 0.561
1667.000 0.559
1668.000 0.559
1669.000 0.559
1670.000 0.560
1671.000 0.561
1672.000 0.562
1673.000 0.563
1674.000 0.563
1675.000 0.564
1676.000 0.564
1677.000 0.563
1678.000 0.563
1679.000 0.564
1680.000 0.564
1681.000 0.566
1682.000 0.567
1683.000 0.568
1684.000 0.568
1685.000 0.568
1686.000 0.568
1687.000 0.567
1688.000 0.568
1689.000 0.570
1690.000 0.571
1691.000 0.574
1692.000 0.574
1693.000 0.571
1694.000 0.569
1695.000 0.565
1696.000 0.564
1697.000 0.563
1698.000 0.562
1699.000 0.564
1700.000 0.563
1701.000 0.562
1702.000 0.562
1703.000 0.559
1704.000 0.560
1705.000 0.564
1706.000 0.565
1707.000 0.568
1708.000 0.570
1709.000 0.570
1710.000 0.568
1711.000 0.564
1712.000 0.562
1713.000 0.562
1714.000 0.563
1715.000 0.564
1716.000 0.563
1717.000 0.561
1718.000 0.558
1719.000 0.556
1720.000 0.556
1721.000 0.555
1722.000 0.552
1723.000 0.550
1724.000 0.547
1725.000 0.544
1726.000 0.543
1727.000 0.544
1728.000 0.549
1729.000 0.549
1730.000 0.549
1731.000 0.551
1732.000 0.546
1733.000 0.547
1734.000 0.550
1735.000 0.547
1736.000 0.546
1737.000 0.542
1738.000 0.536
1739.000 0.532
1740.000 0.528
1741.000 0.527
1742.000 0.530
1743.000 0.531
1744.000 0.533
1745.000 0.532
1746.000 0.525
1747.000 0.524
1748.000 0.526
1749.000 0.524
1750.000 0.523
1751.000 0.524
1752.000 0.521
1753.000 0.520
1754.000 0.522
1755.000 0.522
1756.000 0.521
1757.000 0.520
1758.000 0.518
1759.000 0.517
1760.000 0.514
1761.000 0.512
1762.000 0.514
1763.000 0.514
1764.000 0.512
1765.000 0.515
1766.000 0.514
1767.000 0.513
1768.000 0.515
1769.000 0.509
1770.000 0.507
1771.000 0.502
1772.000 0.492
1773.000 0.489
1774.000 0.487
1775.000 0.486
1776.000 0.489
1777.000 0.489
1778.000 0.487
1779.000 0.487
1780.000 0.486
1781.000 0.485
1782.000 0.485
1783.000 0.494
1784.000 0.505
1785.000 0.509
1786.000 0.513
1787.000 0.502
1788.000 0.498
1789.000 0.503
1790.000 0.501
1791.000 0.494
1792.000 0.491
1793.000 0.479
1794.000 0.460
1795.000 0.445
1796.000 0.439
1797.000 0.449
1798.000 0.465
1799.000 0.476
1800.000 0.495
1801.000 0.617
1802.000 0.662
1803.000 0.690
1804.000 0.652
1805.000 0.658
1806.000 0.624
1807.000 0.609
1808.000 0.630
1809.000 0.624
1810.000 0.521
1811.000 0.484
1812.000 0.444
1813.000 0.456
1814.000 0.501
1815.000 0.513
1816.000 0.565
1817.000 0.575
1818.000 0.536
1819.000 0.555
1820.000 0.327
1821.000 0.427
1822.000 0.283
1823.000 0.373
1824.000 0.440
1825.000 0.481
1826.000 0.573
1827.000 0.452
1828.000 0.343
1829.000 0.255
1830.000 0.196
1831.000 0.103
1832.000 0.173
1833.000 0.228
1834.000 0.206
1835.000 0.231
1836.000 0.243
1837.000 0.365
1838.000 0.446
1839.000 0.529
1840.000 0.564
1841.000 0.614
1842.000 0.403
1843.000 0.366
1844.000 0.399
1845.000 0.514
1846.000 0.776
1847.000 0.714
1848.000 0.617
1849.000 0.516
1850.000 0.507
1851.000 0.341
1852.000 0.486
1853.000 0.569
1854.000 0.585
1855.000 0.579
1856.000 0.501
1857.000 0.586
1858.000 0.572
1859.000 0.375
1860.000 0.403
1861.000 0.570
1862.000 0.578
1863.000 0.618
1864.000 0.573
1865.000 0.680
1866.000 0.675
1867.000 0.707
1868.000 0.586
1869.000 0.492
1870.000 0.450
1871.000 0.384
1872.000 0.339
1873.000 0.359
1874.000 0.449
1875.000 0.471
1876.000 0.424
1877.000 0.318
1878.000 0.226
1879.000 0.259
1880.000 0.261
1881.000 0.580
1882.000 0.606
1883.000 0.748
1884.000 0.652
1885.000 0.615
1886.000 0.588
1887.000 0.579
1888.000 0.554
1889.000 0.567
1890.000 0.555
1891.000 0.553
1892.000 0.470
1893.000 0.377
1894.000 0.481
1895.000 0.593
1896.000 0.517
1897.000 0.475
1898.000 0.451
1899.000 0.386
1900.000 0.294
1901.000 0.328
1902.000 0.341
1903.000 0.348
1904.000 0.488
1905.000 0.516
1906.000 0.518
1907.000 0.658
1908.000 0.577
1909.000 0.591
1910.000 0.580
1911.000 0.404
1912.000 0.413
1913.000 0.391
1914.000 0.379
1915.000 0.385
1916.000 0.441
1917.000 0.439
1918.000 0.339
1919.000 0.303
1920.000 0.410
1921.000 0.391
1922.000 0.480
1923.000 0.475
1924.000 0.410
1925.000 0.331
1926.000 0.438
1927.000 0.461
1928.000 0.501
1929.000 0.466
1930.000 0.550
1931.000 0.483
1932.000 0.654
1933.000 0.699
1934.000 0.727
1935.000 0.587
1936.000 0.652
1937.000 0.647
1938.000 0.796
1939.000 0.588
1940.000 0.567
1941.000 0.513
1942.000 0.408
1943.000 0.330
1944.000 0.336
1945.000 0.549
1946.000 0.401
1947.000 0.472
1948.000 0.603
1949.000 0.413
1950.000 0.487
1951.000 0.531
1952.000 0.626
1953.000 0.623
1954.000 0.608
1955.000 0.547
1956.000 0.374
1957.000 0.396
1958.000 0.346
1959.000 0.349
1960.000 0.355
1961.000 0.339
1962.000 0.329
1963.000 0.313
1964.000 0.336
1965.000 0.391
1966.000 0.474
1967.000 0.395
1968.000 0.396
1969.000 0.347
1970.000 0.277
1971.000 0.252
1972.000 0.248
1973.000 0.228
1974.000 0.240
1975.000 0.226
1976.000 0.250
1977.000 0.259
1978.000 0.269
1979.000 0.288
1980.000 0.289
1981.000 0.276
1982.000 0.265
1983.000 0.265
1984.000 0.272
1985.000 0.278
1986.000 0.278
1987.000 0.281
1988.000 0.279
1989.000 0.272
1990.000 0.266
1991.000 0.259
1992.000 0.245
1993.000 0.235
1994.000 0.239
1995.000 0.267
1996.000 0.286
1997.000 0.289
1998.000 0.287
1999.000 0.265
2000.000 0.201
2001.000 0.195
2002.000 0.202
2003.000 0.221
2004.000 0.312
2005.000 0.380
2006.000 0.516
2007.000 0.565
2008.000 0.501
2009.000 0.665
2010.000 0.503
2011.000 0.525
2012.000 0.485
2013.000 0.390
2014.000 0.334
2015.000 0.264
2016.000 0.243
2017.000 0.285
2018.000 0.296
2019.000 0.285
2020.000 0.349
2021.000 0.382
2022.000 0.356
2023.000 0.345
2024.000 0.310
2025.000 0.267
2026.000 0.237
2027.000 0.230
2028.000 0.240
2029.000 0.245
2030.000 0.263
2031.000 0.264
2032.000 0.253
2033.000 0.249
2034.000 0.243
2035.000 0.241
2036.000 0.242
2037.000 0.252
2038.000 0.252
2039.000 0.253
2040.000 0.255
2041.000 0.246
2042.000 0.247
2043.000 0.250
2044.000 0.259
2045.000 0.286
2046.000 0.299
2047.000 0.308
2048.000 0.320
2049.000 0.331
2050.000 0.322
2051.000 0.335
2052.000 0.379
2053.000 0.352
2054.000 0.333
2055.000 0.310
2056.000 0.281
2057.000 0.273
2058.000 0.277
2059.000 0.275
2060.000 0.278
2061.000 0.283
2062.000 0.298
2063.000 0.302
2064.000 0.301
2065.000 0.309
2066.000 0.328
2067.000 0.311
2068.000 0.311
2069.000 0.303
2070.000 0.291
2071.000 0.291
2072.000 0.291
2073.000 0.304
2074.000 0.306
2075.000 0.300
2076.000 0.296
2077.000 0.289
2078.000 0.287
2079.000 0.284
2080.000 0.286
2081.000 0.294
2082.000 0.295
2083.000 0.300
2084.000 0.302
2085.000 0.303
2086.000 0.305
2087.000 0.307
2088.000 0.318
2089.000 0.314
2090.000 0.303
2091.000 0.301
2092.000 0.292
2093.000 0.293
2094.000 0.310
2095.000 0.314
2096.000 0.308
2097.000 0.307
2098.000 0.302
2099.000 0.302
2100.000 0.307
2101.000 0.314
2102.000 0.320
2103.000 0.322
2104.000 0.323
2105.000 0.321
2106.000 0.323
2107.000 0.323
2108.000 0.327
2109.000 0.340
2110.000 0.347
2111.000 0.356
2112.000 0.357
2113.000 0.348
2114.000 0.343
2115.000 0.336
2116.000 0.331
2117.000 0.328
2118.000 0.320
2119.000 0.320
2120.000 0.318
2121.000 0.323
2122.000 0.330
2123.000 0.337
2124.000 0.349
2125.000 0.351
2126.000 0.348
2127.000 0.347
2128.000 0.342
2129.000 0.338
2130.000 0.336
2131.000 0.332
2132.000 0.322
2133.000 0.318
2134.000 0.316
2135.000 0.317
2136.000 0.324
2137.000 0.328
2138.000 0.328
2139.000 0.332
2140.000 0.329
2141.000 0.326
2142.000 0.327
2143.000 0.325
2144.000 0.332
2145.000 0.353
2146.000 0.359
2147.000 0.362
2148.000 0.366
2149.000 0.359
2150.000 0.358
2151.000 0.362
2152.000 0.366
2153.000 0.370
2154.000 0.374
2155.000 0.386
2156.000 0.391
2157.000 0.377
2158.000 0.369
2159.000 0.361
2160.000 0.351
2161.000 0.349
2162.000 0.357
2163.000 0.359
2164.000 0.359
2165.000 0.364
2166.000 0.373
2167.000 0.374
2168.000 0.375
2169.000 0.373
2170.000 0.354
2171.000 0.355
2172.000 0.375
2173.000 0.379
2174.000 0.388
2175.000 0.391
2176.000 0.382
2177.000 0.369
2178.000 0.367
2179.000 0.369
2180.000 0.369
2181.000 0.372
2182.000 0.377
2183.000 0.372
2184.000 0.375
2185.000 0.382
2186.000 0.381
2187.000 0.380
2188.000 0.382
2189.000 0.383
2190.000 0.384
2191.000 0.397
2192.000 0.394
2193.000 0.374
2194.000 0.368
2195.000 0.359
2196.000 0.357
2197.000 0.366
2198.000 0.370
2199.000 0.372
2200.000 0.375
2201.000 0.381
2202.000 0.380
2203.000 0.375
2204.000 0.377
2205.000 0.362
2206.000 0.349
2207.000 0.353
2208.000 0.352
2209.000 0.355
2210.000 0.370
2211.000 0.376
2212.000 0.378
2213.000 0.376
2214.000 0.369
2215.000 0.367
2216.000 0.362
2217.000 0.362
2218.000 0.368
2219.000 0.370
2220.000 0.366
2221.000 0.367
2222.000 0.369
2223.000 0.370
2224.000 0.374
2225.000 0.375
2226.000 0.369
2227.000 0.377
2228.000 0.382
2229.000 0.387
2230.000 0.390
2231.000 0.392
2232.000 0.387
2233.000 0.386
2234.000 0.380
2235.000 0.363
2236.000 0.361
2237.000 0.358
2238.000 0.365
2239.000 0.393
2240.000 0.404
2241.000 0.420
2242.000 0.421
2243.000 0.401
2244.000 0.394
2245.000 0.383
2246.000 0.371
2247.000 0.354
2248.000 0.353
2249.000 0.359
2250.000 0.361
2251.000 0.375
2252.000 0.377
2253.000 0.365
2254.000 0.357
2255.000 0.349
2256.000 0.343
2257.000 0.330
2258.000 0.330
2259.000 0.335
2260.000 0.343
2261.000 0.363
2262.000 0.368
2263.000 0.362
2264.000 0.352
2265.000 0.335
2266.000 0.319
2267.000 0.310
2268.000 0.310
2269.000 0.320
2270.000 0.329
2271.000 0.337
2272.000 0.351
2273.000 0.349
2274.000 0.328
2275.000 0.323
2276.000 0.313
2277.000 0.314
2278.000 0.334
2279.000 0.338
2280.000 0.344
2281.000 0.345
2282.000 0.327
2283.000 0.325
2284.000 0.330
2285.000 0.321
2286.000 0.311
2287.000 0.306
2288.000 0.294
2289.000 0.294
2290.000 0.307
2291.000 0.316
2292.000 0.337
2293.000 0.345
2294.000 0.346
2295.000 0.345
2296.000 0.326
2297.000 0.334
2298.000 0.317
2299.000 0.326
2300.000 0.297
2301.000 0.271
2302.000 0.282
2303.000 0.297
2304.000 0.279
2305.000 0.268
2306.000 0.255
2307.000 0.244
2308.000 0.257
2309.000 0.276
2310.000 0.308
2311.000 0.339
2312.000 0.337
2313.000 0.356
2314.000 0.355
2315.000 0.332
2316.000 0.322
2317.000 0.318
2318.000 0.295
2319.000 0.276
2320.000 0.288
2321.000 0.282
2322.000 0.292
2323.000 0.326
2324.000 0.324
2325.000 0.330
2326.000 0.336
2327.000 0.337
2328.000 0.336
2329.000 0.333
2330.000 0.343
2331.000 0.362
2332.000 0.376
2333.000 0.398
2334.000 0.404
2335.000 0.391
2336.000 0.376
2337.000 0.370
2338.000 0.378
2339.000 0.385
2340.000 0.377
2341.000 0.357
2342.000 0.334
2343.000 0.298
2344.000 0.297
2345.000 0.203
2346.000 0.268
2347.000 0.409
2348.000 0.333
2349.000 0.227
2350.000 0.212
2351.000 0.221
2352.000 0.230
2353.000 0.260
2354.000 0.276
2355.000 0.237
2356.000 0.238
2357.000 0.278
2358.000 0.273
2359.000 0.278
2360.000 0.260
2361.000 0.247
2362.000 0.259
2363.000 0.297
2364.000 0.362
2365.000 0.397
2366.000 0.376
2367.000 0.353
2368.000 0.364
2369.000 0.347
2370.000 0.387
2371.000 0.344
2372.000 0.337
2373.000 0.368
2374.000 0.471
2375.000 0.269
2376.000 0.397
2377.000 0.300
2378.000 0.287
2379.000 0.385
2380.000 0.348
2381.000 0.426
2382.000 0.314
2383.000 0.242
2384.000 0.246
2385.000 0.264
2386.000 0.370
2387.000 0.357
2388.000 0.320
2389.000 0.352
2390.000 0.360
2391.000 0.352
2392.000 0.378
2393.000 0.330
2394.000 0.352
2395.000 0.401
2396.000 0.344
2397.000 0.434
2398.000 0.424
2399.000 0.312
2400.000 0.275
2401.000 0.483
2402.000 0.488
2403.000 0.390
2404.000 0.364
2405.000 0.459
2406.000 0.412
2407.000 0.511
2408.000 0.553
2409.000 0.458
2410.000 0.471
2411.000 0.492
2412.000 0.351
2413.000 0.224
2414.000 0.304
2415.000 0.324
2416.000 0.268
2417.000 0.241
2418.000 0.506
2419.000 0.295
2420.000 0.409
2421.000 0.303
2422.000 0.203
2423.000 0.181
2424.000 0.339
2425.000 0.203
2426.000 0.352
2427.000 0.403
2428.000 0.823
2429.000 0.674
2430.000 0.323
2431.000 0.248
2432.000 0.448
2433.000 0.544
2434.000 0.678
2435.000 0.434
2436.000 0.210
2437.000 0.383
2438.000 0.372
2439.000 0.395
2440.000 0.426
2441.000 0.590
2442.000 0.466
2443.000 0.365
2444.000 0.510
2445.000 0.406
2446.000 0.277
2447.000 0.098
2448.000 0.224
2449.000 0.558
2450.000 0.349
2451.000 0.385
2452.000 0.483
2453.000 0.451
2454.000 0.316
2455.000 0.332
2456.000 0.284
2457.000 0.335
2458.000 0.388
2459.000 0.426
2460.000 0.343
2461.000 0.156
2462.000 0.236
2463.000 0.239
2464.000 0.263
2465.000 0.194
2466.000 0.339
2467.000 0.474
2468.000 0.571
2469.000 0.670
2470.000 0.495
2471.000 0.455
2472.000 0.387
2473.000 0.326
2474.000 0.336
2475.000 0.393
2476.000 0.534
2477.000 0.509
2478.000 0.399
2479.000 0.285
2480.000 0.410
2481.000 0.470
2482.000 0.488
2483.000 0.368
2484.000 0.225
2485.000 0.195
2486.000 0.328
2487.000 0.255
2488.000 0.293
2489.000 0.372
2490.000 0.495
2491.000 0.600
2492.000 0.540
2493.000 0.471
2494.000 0.439
2495.000 0.577
2496.000 0.404
2497.000 0.179
2498.000 0.119
2499.000 0.284
2500.000 0.284
