391.000 0.055
392.000 0.055
393.000 0.056
394.000 0.057
395.000 0.053
396.000 0.055
397.000 0.059
398.000 0.057
399.000 0.054
400.000 0.055
401.000 0.056
402.000 0.052
403.000 0.052
404.000 0.055
405.000 0.056
406.000 0.056
407.000 0.054
408.000 0.053
409.000 0.054
410.000 0.053
411.000 0.052
412.000 0.052
413.000 0.055
414.000 0.055
415.000 0.053
416.000 0.055
417.000 0.055
418.000 0.053
419.000 0.051
420.000 0.052
421.000 0.054
422.000 0.054
423.000 0.053
424.000 0.054
425.000 0.053
426.000 0.053
427.000 0.053
428.000 0.054
429.000 0.054
430.000 0.053
431.000 0.054
432.000 0.053
433.000 0.053
434.000 0.053
435.000 0.052
436.000 0.053
437.000 0.053
438.000 0.052
439.000 0.053
440.000 0.053
441.000 0.054
442.000 0.054
443.000 0.054
444.000 0.054
445.000 0.054
446.000 0.052
447.000 0.054
448.000 0.056
449.000 0.056
450.000 0.054
451.000 0.053
452.000 0.053
453.000 0.053
454.000 0.054
455.000 0.055
456.000 0.057
457.000 0.056
458.000 0.055
459.000 0.055
460.000 0.055
461.000 0.056
462.000 0.056
463.000 0.055
464.000 0.055
465.000 0.057
466.000 0.057
467.000 0.056
468.000 0.057
469.000 0.056
470.000 0.055
471.000 0.055
472.000 0.055
473.000 0.056
474.000 0.057
475.000 0.056
476.000 0.056
477.000 0.055
478.000 0.056
479.000 0.057
480.000 0.057
481.000 0.057
482.000 0.058
483.000 0.057
484.000 0.057
485.000 0.058
486.000 0.058
487.000 0.057
488.000 0.057
489.000 0.057
490.000 0.058
491.000 0.059
492.000 0.059
493.000 0.059
494.000 0.059
495.000 0.060
496.000 0.061
497.000 0.061
498.000 0.062
499.000 0.062
500.000 0.062
501.000 0.063
502.000 0.064
503.000 0.065
504.000 0.067
505.000 0.068
506.000 0.068
507.000 0.070
508.000 0.071
509.000 0.073
510.000 0.075
511.000 0.078
512.000 0.080
513.000 0.083
514.000 0.086
515.000 0.089
516.000 0.092
517.000 0.095
518.000 0.099
519.000 0.103
520.000 0.108
521.000 0.113
522.000 0.116
523.000 0.120
524.000 0.123
525.000 0.128
526.000 0.132
527.000 0.136
528.000 0.139
529.000 0.142
530.000 0.145
531.000 0.148
532.000 0.151
533.000 0.154
534.000 0.156
535.000 0.157
536.000 0.159
537.000 0.160
538.000 0.161
539.000 0.162
540.000 0.163
541.000 0.164
542.000 0.165
543.000 0.165
544.000 0.166
545.000 0.166
546.000 0.167
547.000 0.168
548.000 0.167
549.000 0.168
550.000 0.169
551.000 0.169
552.000 0.169
553.000 0.169
554.000 0.168
555.000 0.167
556.000 0.167
557.000 0.167
558.000 0.165
559.000 0.164
560.000 0.162
561.000 0.161
562.000 0.159
563.000 0.157
564.000 0.155
565.000 0.153
566.000 0.150
567.000 0.148
568.000 0.145
569.000 0.142
570.000 0.139
571.000 0.137
572.000 0.135
573.000 0.132
574.000 0.130
575.000 0.128
576.000 0.126
577.000 0.124
578.000 0.123
579.000 0.121
580.000 0.118
581.000 0.116
582.000 0.115
583.000 0.113
584.000 0.113
585.000 0.111
586.000 0.110
587.000 0.109
588.000 0.110
589.000 0.109
590.000 0.107
591.000 0.105
592.000 0.105
593.000 0.105
594.000 0.103
595.000 0.104
596.000 0.103
597.000 0.103
598.000 0.103
599.000 0.102
600.000 0.101
601.000 0.100
602.000 0.100
603.000 0.099
604.000 0.099
605.000 0.098
606.000 0.098
607.000 0.098
608.000 0.097
609.000 0.096
610.000 0.095
611.000 0.094
612.000 0.093
613.000 0.091
614.000 0.091
615.000 0.091
616.000 0.091
617.000 0.089
618.000 0.088
619.000 0.088
620.000 0.087
621.000 0.087
622.000 0.086
623.000 0.086
624.000 0.085
625.000 0.085
626.000 0.084
627.000 0.084
628.000 0.085
629.000 0.085
630.000 0.084
631.000 0.086
632.000 0.086
633.000 0.085
634.000 0.084
635.000 0.084
636.000 0.083
637.000 0.082
638.000 0.080
639.000 0.079
640.000 0.079
641.000 0.079
642.000 0.078
643.000 0.076
644.000 0.074
645.000 0.074
646.000 0.074
647.000 0.073
648.000 0.072
649.000 0.073
650.000 0.073
651.000 0.072
652.000 0.073
653.000 0.071
654.000 0.070
655.000 0.071
656.000 0.071
657.000 0.071
658.000 0.071
659.000 0.071
660.000 0.070
661.000 0.069
662.000 0.069
663.000 0.068
664.000 0.068
665.000 0.069
666.000 0.067
667.000 0.070
668.000 0.070
669.000 0.069
670.000 0.068
671.000 0.069
672.000 0.071
673.000 0.071
674.000 0.071
675.000 0.072
676.000 0.074
677.000 0.075
678.000 0.075
679.000 0.077
680.000 0.078
681.000 0.077
682.000 0.078
683.000 0.080
684.000 0.081
685.000 0.083
686.000 0.088
687.000 0.092
688.000 0.093
689.000 0.096
690.000 0.098
691.000 0.099
692.000 0.102
693.000 0.109
694.000 0.116
695.000 0.124
696.000 0.132
697.000 0.141
698.000 0.152
699.000 0.163
700.000 0.173
701.000 0.185
702.000 0.197
703.000 0.209
704.000 0.222
705.000 0.233
706.000 0.245
707.000 0.257
708.000 0.270
709.000 0.283
710.000 0.294
711.000 0.307
712.000 0.320
713.000 0.332
714.000 0.344
715.000 0.357
716.000 0.369
717.000 0.382
718.000 0.395
719.000 0.409
720.000 0.423
721.000 0.435
722.000 0.445
723.000 0.456
724.000 0.467
725.000 0.478
726.000 0.489
727.000 0.500
728.000 0.510
729.000 0.519
730.000 0.528
731.000 0.536
732.000 0.544
733.000 0.552
734.000 0.559
735.000 0.566
736.000 0.572
737.000 0.578
738.000 0.583
739.000 0.589
740.000 0.594
741.000 0.598
742.000 0.602
743.000 0.606
744.000 0.609
745.000 0.613
746.000 0.616
747.000 0.619
748.000 0.621
749.000 0.624
750.000 0.626
751.000 0.628
752.000 0.630
753.000 0.631
754.000 0.632
755.000 0.634
756.000 0.635
757.000 0.636
758.000 0.636
759.000 0.636
760.000 0.635
761.000 0.635
762.000 0.634
763.000 0.634
764.000 0.636
765.000 0.637
766.000 0.640
767.000 0.642
768.000 0.642
769.000 0.643
770.000 0.643
771.000 0.644
772.000 0.645
773.000 0.645
774.000 0.645
775.000 0.646
776.000 0.646
777.000 0.646
778.000 0.646
779.000 0.647
780.000 0.647
781.000 0.647
782.000 0.648
783.000 0.648
784.000 0.648
785.000 0.648
786.000 0.648
787.000 0.648
788.000 0.649
789.000 0.649
790.000 0.649
791.000 0.649
792.000 0.650
793.000 0.650
794.000 0.650
795.000 0.651
796.000 0.651
797.000 0.651
798.000 0.651
799.000 0.652
800.000 0.652
801.000 0.652
802.000 0.652
803.000 0.653
804.000 0.653
805.000 0.653
806.000 0.654
807.000 0.654
808.000 0.654
809.000 0.654
810.000 0.654
811.000 0.654
812.000 0.654
813.000 0.654
814.000 0.654
815.000 0.654
816.000 0.654
817.000 0.654
818.000 0.654
819.000 0.655
820.000 0.655
821.000 0.655
822.000 0.656
823.000 0.656
824.000 0.656
825.000 0.658
826.000 0.657
827.000 0.657
828.000 0.658
829.000 0.658
830.000 0.658
831.000 0.659
832.000 0.659
833.000 0.659
834.000 0.659
835.000 0.659
836.000 0.660
837.000 0.660
838.000 0.661
839.000 0.661
840.000 0.661
841.000 0.662
842.000 0.662
843.000 0.662
844.000 0.662
845.000 0.663
846.000 0.663
847.000 0.663
848.000 0.664
849.000 0.664
850.000 0.663
851.000 0.664
852.000 0.664
853.000 0.664
854.000 0.665
855.000 0.665
856.000 0.665
857.000 0.665
858.000 0.665
859.000 0.665
860.000 0.665
861.000 0.665
862.000 0.666
863.000 0.666
864.000 0.666
865.000 0.666
866.000 0.666
867.000 0.666
868.000 0.666
869.000 0.666
870.000 0.667
871.000 0.667
872.000 0.667
873.000 0.668
874.000 0.668
875.000 0.667
876.000 0.668
877.000 0.668
878.000 0.668
879.000 0.668
880.000 0.668
881.000 0.669
882.000 0.669
883.000 0.669
884.000 0.670
885.000 0.670
886.000 0.670
887.000 0.670
888.000 0.670
889.000 0.671
890.000 0.671
891.000 0.671
892.000 0.671
893.000 0.671
894.000 0.671
895.000 0.670
896.000 0.670
897.000 0.669
898.000 0.669
899.000 0.670
900.000 0.670
901.000 0.670
902.000 0.670
903.000 0.670
904.000 0.670
905.000 0.671
906.000 0.671
907.000 0.670
908.000 0.671
909.000 0.671
910.000 0.671
911.000 0.671
912.000 0.671
913.000 0.671
914.000 0.671
915.000 0.671
916.000 0.671
917.000 0.671
918.000 0.672
919.000 0.669
920.000 0.670
921.000 0.669
922.000 0.669
923.000 0.670
924.000 0.670
925.000 0.669
926.000 0.672
927.000 0.669
928.000 0.667
929.000 0.669
930.000 0.669
931.000 0.668
932.000 0.668
933.000 0.665
934.000 0.663
935.000 0.662
936.000 0.661
937.000 0.661
938.000 0.662
939.000 0.662
940.000 0.660
941.000 0.661
942.000 0.661
943.000 0.661
944.000 0.661
945.000 0.661
946.000 0.660
947.000 0.658
948.000 0.658
949.000 0.657
950.000 0.656
951.000 0.655
952.000 0.656
953.000 0.654
954.000 0.653
955.000 0.654
956.000 0.657
957.000 0.655
958.000 0.654
959.000 0.655
960.000 0.654
961.000 0.653
962.000 0.655
963.000 0.656
964.000 0.656
965.000 0.654
966.000 0.655
967.000 0.658
968.000 0.655
969.000 0.657
970.000 0.657
971.000 0.656
972.000 0.654
973.000 0.655
974.000 0.655
975.000 0.655
976.000 0.657
977.000 0.657
978.000 0.656
979.000 0.658
980.000 0.658
981.000 0.658
982.000 0.657
983.000 0.658
984.000 0.658
985.000 0.660
986.000 0.661
987.000 0.661
988.000 0.662
989.000 0.662
990.000 0.661
991.000 0.660
992.000 0.664
993.000 0.663
994.000 0.663
995.000 0.664
996.000 0.661
997.000 0.664
998.000 0.667
999.000 0.666
1000.000 0.662
1001.000 0.666
1002.000 0.667
1003.000 0.669
1004.000 0.669
1005.000 0.667
1006.000 0.668
1007.000 0.668
1008.000 0.672
1009.000 0.672
1010.000 0.672
1011.000 0.673
1012.000 0.674
1013.000 0.674
1014.000 0.674
1015.000 0.675
1016.000 0.675
1017.000 0.675
1018.000 0.672
1019.000 0.672
1020.000 0.673
1021.000 0.674
1022.000 0.673
1023.000 0.673
1024.000 0.674
1025.000 0.675
1026.000 0.676
1027.000 0.677
1028.000 0.678
1029.000 0.677
1030.000 0.678
1031.000 0.679
1032.000 0.679
1033.000 0.679
1034.000 0.680
1035.000 0.679
1036.000 0.679
1037.000 0.680
1038.000 0.680
1039.000 0.680
1040.000 0.680
1041.000 0.680
1042.000 0.680
1043.000 0.681
1044.000 0.682
1045.000 0.683
1046.000 0.684
1047.000 0.684
1048.000 0.684
1049.000 0.684
1050.000 0.683
1051.000 0.683
1052.000 0.683
1053.000 0.683
1054.000 0.684
1055.000 0.684
1056.000 0.684
1057.000 0.685
1058.000 0.685
1059.000 0.685
1060.000 0.685
1061.000 0.685
1062.000 0.684
1063.000 0.684
1064.000 0.684
1065.000 0.684
1066.000 0.685
1067.000 0.684
1068.000 0.684
1069.000 0.685
1070.000 0.685
1071.000 0.684
1072.000 0.685
1073.000 0.685
1074.000 0.686
1075.000 0.686
1076.000 0.686
1077.000 0.686
1078.000 0.686
1079.000 0.686
1080.000 0.686
1081.000 0.686
1082.000 0.685
1083.000 0.684
1084.000 0.683
1085.000 0.683
1086.000 0.683
1087.000 0.683
1088.000 0.684
1089.000 0.683
1090.000 0.684
1091.000 0.686
1092.000 0.685
1093.000 0.685
1094.000 0.685
1095.000 0.684
1096.000 0.685
1097.000 0.685
1098.000 0.685
1099.000 0.685
1100.000 0.686
1101.000 0.682
1102.000 0.682
1103.000 0.684
1104.000 0.684
1105.000 0.683
1106.000 0.682
1107.000 0.682
1108.000 0.681
1109.000 0.680
1110.000 0.679
1111.000 0.679
1112.000 0.680
1113.000 0.680
1114.000 0.681
1115.000 0.681
1116.000 0.679
1117.000 0.678
1118.000 0.677
1119.000 0.678
1120.000 0.678
1121.000 0.677
1122.000 0.674
1123.000 0.671
1124.000 0.666
1125.000 0.665
1126.000 0.665
1127.000 0.665
1128.000 0.667
1129.000 0.666
1130.000 0.665
1131.000 0.663
1132.000 0.662
1133.000 0.663
1134.000 0.662
1135.000 0.661
1136.000 0.661
1137.000 0.661
1138.000 0.661
1139.000 0.662
1140.000 0.661
1141.000 0.660
1142.000 0.658
1143.000 0.655
1144.000 0.653
1145.000 0.652
1146.000 0.651
1147.000 0.651
1148.000 0.650
1149.000 0.651
1150.000 0.651
1151.000 0.652
1152.000 0.652
1153.000 0.651
1154.000 0.649
1155.000 0.647
1156.000 0.646
1157.000 0.645
1158.000 0.645
1159.000 0.645
1160.000 0.646
1161.000 0.646
1162.000 0.648
1163.000 0.648
1164.000 0.648
1165.000 0.648
1166.000 0.647
1167.000 0.647
1168.000 0.646
1169.000 0.646
1170.000 0.646
1171.000 0.646
1172.000 0.647
1173.000 0.647
1174.000 0.647
1175.000 0.648
1176.000 0.648
1177.000 0.648
1178.000 0.648
1179.000 0.649
1180.000 0.649
1181.000 0.649
1182.000 0.648
1183.000 0.648
1184.000 0.648
1185.000 0.648
1186.000 0.648
1187.000 0.648
1188.000 0.649
1189.000 0.648
1190.000 0.649
1191.000 0.649
1192.000 0.650
1193.000 0.650
1194.000 0.650
1195.000 0.650
1196.000 0.649
1197.000 0.649
1198.000 0.649
1199.000 0.649
1200.000 0.650
1201.000 0.650
1202.000 0.650
1203.000 0.650
1204.000 0.650
1205.000 0.650
1206.000 0.650
1207.000 0.650
1208.000 0.650
1209.000 0.650
1210.000 0.651
1211.000 0.651
1212.000 0.650
1213.000 0.650
1214.000 0.650
1215.000 0.650
1216.000 0.650
1217.000 0.650
1218.000 0.650
1219.000 0.651
1220.000 0.651
1221.000 0.651
1222.000 0.651
1223.000 0.652
1224.000 0.652
1225.000 0.652
1226.000 0.651
1227.000 0.651
1228.000 0.650
1229.000 0.651
1230.000 0.652
1231.000 0.652
1232.000 0.652
1233.000 0.652
1234.000 0.653
1235.000 0.653
1236.000 0.652
1237.000 0.652
1238.000 0.652
1239.000 0.652
1240.000 0.653
1241.000 0.653
1242.000 0.653
1243.000 0.653
1244.000 0.652
1245.000 0.652
1246.000 0.652
1247.000 0.652
1248.000 0.653
1249.000 0.653
1250.000 0.653
1251.000 0.653
1252.000 0.653
1253.000 0.652
1254.000 0.652
1255.000 0.651
1256.000 0.651
1257.000 0.652
1258.000 0.652
1259.000 0.652
1260.000 0.652
1261.000 0.651
1262.000 0.651
1263.000 0.653
1264.000 0.653
1265.000 0.653
1266.000 0.653
1267.000 0.651
1268.000 0.651
1269.000 0.651
1270.000 0.651
1271.000 0.652
1272.000 0.652
1273.000 0.652
1274.000 0.652
1275.000 0.653
1276.000 0.653
1277.000 0.654
1278.000 0.653
1279.000 0.653
1280.000 0.653
1281.000 0.653
1282.000 0.654
1283.000 0.654
1284.000 0.654
1285.000 0.654
1286.000 0.653
1287.000 0.653
1288.000 0.653
1289.000 0.652
1290.000 0.653
1291.000 0.652
1292.000 0.651
1293.000 0.651
1294.000 0.651
1295.000 0.650
1296.000 0.649
1297.000 0.648
1298.000 0.647
1299.000 0.647
1300.000 0.646
1301.000 0.645
1302.000 0.645
1303.000 0.644
1304.000 0.644
1305.000 0.643
1306.000 0.642
1307.000 0.640
1308.000 0.638
1309.000 0.636
1310.000 0.635
1311.000 0.634
1312.000 0.632
1313.000 0.631
1314.000 0.630
1315.000 0.630
1316.000 0.629
1317.000 0.628
1318.000 0.627
1319.000 0.626
1320.000 0.625
1321.000 0.624
1322.000 0.622
1323.000 0.621
1324.000 0.619
1325.000 0.618
1326.000 0.615
1327.000 0.614
1328.000 0.611
1329.000 0.609
1330.000 0.609
1331.000 0.607
1332.000 0.606
1333.000 0.605
1334.000 0.603
1335.000 0.601
1336.000 0.599
1337.000 0.598
1338.000 0.596
1339.000 0.596
1340.000 0.596
1341.000 0.595
1342.000 0.593
1343.000 0.591
1344.000 0.589
1345.000 0.587
1346.000 0.584
1347.000 0.583
1348.000 0.582
1349.000 0.582
1350.000 0.583
1351.000 0.587
1352.000 0.591
1353.000 0.598
1354.000 0.609
1355.000 0.615
1356.000 0.644
1357.000 0.716
1358.000 0.703
1359.000 0.679
1360.000 0.790
1361.000 0.632
1362.000 0.644
1363.000 0.429
1364.000 0.389
1365.000 0.343
1366.000 0.433
1367.000 0.464
1368.000 0.484
1369.000 0.518
1370.000 0.528
1371.000 0.573
1372.000 0.601
1373.000 0.399
1374.000 0.443
1375.000 0.495
1376.000 0.770
1377.000 0.624
1378.000 0.689
1379.000 0.672
1380.000 0.624
1381.000 0.109
1382.000 0.419
1383.000 0.571
1384.000 0.333
1385.000 0.075
1386.000 0.563
1387.000 0.512
1388.000 0.407
1389.000 0.538
1390.000 0.212
1391.000 0.230
1392.000 0.424
1393.000 0.435
1394.000 0.303
1395.000 0.459
1396.000 0.733
1397.000 0.714
1398.000 0.726
1399.000 0.731
1400.000 0.846
1401.000 0.890
1402.000 0.931
1403.000 0.840
1404.000 0.352
1405.000 0.268
1406.000 0.415
1407.000 0.240
1408.000 0.271
1409.000 0.251
1410.000 0.309
1411.000 0.313
1412.000 0.318
1413.000 0.320
1414.000 0.332
1415.000 0.322
1416.000 0.344
1417.000 0.420
1418.000 0.414
1419.000 0.380
1420.000 0.380
1421.000 0.365
1422.000 0.365
1423.000 0.395
1424.000 0.388
1425.000 0.363
1426.000 0.359
1427.000 0.362
1428.000 0.352
1429.000 0.345
1430.000 0.338
1431.000 0.311
1432.000 0.306
1433.000 0.316
1434.000 0.317
1435.000 0.325
1436.000 0.329
1437.000 0.331
1438.000 0.333
1439.000 0.331
1440.000 0.332
1441.000 0.335
1442.000 0.334
1443.000 0.333
1444.000 0.331
1445.000 0.325
1446.000 0.317
1447.000 0.302
1448.000 0.297
1449.000 0.295
1450.000 0.292
1451.000 0.297
1452.000 0.304
1453.000 0.303
1454.000 0.298
1455.000 0.299
1456.000 0.298
1457.000 0.300
1458.000 0.307
1459.000 0.309
1460.000 0.307
1461.000 0.306
1462.000 0.301
1463.000 0.299
1464.000 0.298
1465.000 0.298
1466.000 0.301
1467.000 0.305
1468.000 0.314
1469.000 0.318
1470.000 0.322
1471.000 0.324
1472.000 0.322
1473.000 0.322
1474.000 0.324
1475.000 0.327
1476.000 0.334
1477.000 0.333
1478.000 0.326
1479.000 0.324
1480.000 0.317
1481.000 0.318
1482.000 0.326
1483.000 0.329
1484.000 0.332
1485.000 0.334
1486.000 0.333
1487.000 0.334
1488.000 0.337
1489.000 0.339
1490.000 0.341
1491.000 0.340
1492.000 0.338
1493.000 0.337
1494.000 0.337
1495.000 0.338
1496.000 0.341
1497.000 0.344
1498.000 0.349
1499.000 0.353
1500.000 0.358
1501.000 0.361
1502.000 0.360
1503.000 0.362
1504.000 0.361
1505.000 0.362
1506.000 0.361
1507.000 0.361
1508.000 0.362
1509.000 0.364
1510.000 0.365
1511.000 0.368
1512.000 0.370
1513.000 0.370
1514.000 0.373
1515.000 0.378
1516.000 0.380
1517.000 0.383
1518.000 0.384
1519.000 0.382
1520.000 0.383
1521.000 0.386
1522.000 0.388
1523.000 0.391
1524.000 0.392
1525.000 0.393
1526.000 0.393
1527.000 0.394
1528.000 0.395
1529.000 0.396
1530.000 0.398
1531.000 0.400
1532.000 0.402
1533.000 0.404
1534.000 0.406
1535.000 0.407
1536.000 0.409
1537.000 0.411
1538.000 0.413
1539.000 0.415
1540.000 0.417
1541.000 0.416
1542.000 0.417
1543.000 0.418
1544.000 0.419
1545.000 0.422
1546.000 0.424
1547.000 0.425
1548.000 0.425
1549.000 0.425
1550.000 0.425
1551.000 0.427
1552.000 0.428
1553.000 0.429
1554.000 0.431
1555.000 0.433
1556.000 0.435
1557.000 0.437
1558.000 0.438
1559.000 0.438
1560.000 0.439
1561.000 0.438
1562.000 0.439
1563.000 0.440
1564.000 0.442
1565.000 0.444
1566.000 0.446
1567.000 0.448
1568.000 0.450
1569.000 0.451
1570.000 0.453
1571.000 0.454
1572.000 0.455
1573.000 0.458
1574.000 0.459
1575.000 0.461
1576.000 0.461
1577.000 0.461
1578.000 0.461
1579.000 0.461
1580.000 0.462
1581.000 0.463
1582.000 0.464
1583.000 0.465
1584.000 0.466
1585.000 0.467
1586.000 0.467
1587.000 0.469
1588.000 0.470
1589.000 0.473
1590.000 0.475
1591.000 0.475
1592.000 0.476
1593.000 0.476
1594.000 0.477
1595.000 0.476
1596.000 0.477
1597.000 0.480
1598.000 0.480
1599.000 0.482
1600.000 0.484
1601.000 0.484
1602.000 0.485
1603.000 0.486
1604.000 0.487
1605.000 0.488
1606.000 0.489
1607.000 0.491
1608.000 0.492
1609.000 0.492
1610.000 0.492
1611.000 0.492
1612.000 0.492
1613.000 0.492
1614.000 0.493
1615.000 0.494
1616.000 0.494
1617.000 0.494
1618.000 0.495
1619.000 0.496
1620.000 0.497
1621.000 0.499
1622.000 0.500
1623.000 0.500
1624.000 0.500
1625.000 0.501
1626.000 0.502
1627.000 0.503
1628.000 0.504
1629.000 0.504
1630.000 0.504
1631.000 0.504
1632.000 0.504
1633.000 0.502
1634.000 0.502
1635.000 0.505
1636.000 0.507
1637.000 0.509
1638.000 0.510
1639.000 0.507
1640.000 0.507
1641.000 0.507
1642.000 0.506
1643.000 0.506
1644.000 0.506
1645.000 0.507
1646.000 0.508
1647.000 0.509
1648.000 0.511
1649.000 0.511
1650.000 0.512
1651.000 0.512
1652.000 0.512
1653.000 0.511
1654.000 0.512
1655.000 0.511
1656.000 0.511
1657.000 0.510
1658.000 0.510
1659.000 0.513
1660.000 0.514
1661.000 0.515
1662.000 0.516
1663.000 0.516
1664.000 0.517
1665.000 0.518
1666.000 0.518
1667.000 0.518
1668.000 0.519
1669.000 0.518
1670.000 0.518
1671.000 0.518
1672.000 0.518
1673.000 0.520
1674.000 0.521
1675.000 0.522
1676.000 0.523
1677.000 0.522
1678.000 0.522
1679.000 0.523
1680.000 0.523
1681.000 0.525
1682.000 0.525
1683.000 0.525
1684.000 0.525
1685.000 0.523
1686.000 0.523
1687.000 0.523
1688.000 0.524
1689.000 0.527
1690.000 0.529
1691.000 0.531
1692.000 0.531
1693.000 0.529
1694.000 0.527
1695.000 0.524
1696.000 0.524
1697.000 0.525
1698.000 0.525
1699.000 0.526
1700.000 0.527
1701.000 0.526
1702.000 0.525
1703.000 0.523
1704.000 0.523
1705.000 0.523
1706.000 0.524
1707.000 0.526
1708.000 0.527
1709.000 0.529
1710.000 0.527
1711.000 0.526
1712.000 0.525
1713.000 0.522
1714.000 0.520
1715.000 0.521
1716.000 0.522
1717.000 0.523
1718.000 0.526
1719.000 0.525
1720.000 0.524
1721.000 0.523
1722.000 0.518
1723.000 0.517
1724.000 0.516
1725.000 0.514
1726.000 0.514
1727.000 0.516
1728.000 0.518
1729.000 0.517
1730.000 0.518
1731.000 0.516
1732.000 0.515
1733.000 0.517
1734.000 0.517
1735.000 0.516
1736.000 0.515
1737.000 0.514
1738.000 0.512
1739.000 0.510
1740.000 0.507
1741.000 0.506
1742.000 0.505
1743.000 0.505
1744.000 0.506
1745.000 0.506
1746.000 0.504
1747.000 0.503
1748.000 0.502
1749.000 0.500
1750.000 0.497
1751.000 0.497
1752.000 0.497
1753.000 0.496
1754.000 0.498
1755.000 0.498
1756.000 0.496
1757.000 0.496
1758.000 0.496
1759.000 0.496
1760.000 0.495
1761.000 0.498
1762.000 0.497
1763.000 0.495
1764.000 0.492
1765.000 0.486
1766.000 0.484
1767.000 0.482
1768.000 0.482
1769.000 0.484
1770.000 0.486
1771.000 0.484
1772.000 0.481
1773.000 0.478
1774.000 0.478
1775.000 0.478
1776.000 0.482
1777.000 0.485
1778.000 0.481
1779.000 0.483
1780.000 0.484
1781.000 0.480
1782.000 0.480
1783.000 0.484
1784.000 0.488
1785.000 0.493
1786.000 0.496
1787.000 0.489
1788.000 0.486
1789.000 0.487
1790.000 0.482
1791.000 0.473
1792.000 0.478
1793.000 0.473
1794.000 0.471
1795.000 0.466
1796.000 0.456
1797.000 0.460
1798.000 0.467
1799.000 0.468
1800.000 0.485
1801.000 0.619
1802.000 0.660
1803.000 0.661
1804.000 0.643
1805.000 0.650
1806.000 0.659
1807.000 0.661
1808.000 0.675
1809.000 0.672
1810.000 0.631
1811.000 0.623
1812.000 0.617
1813.000 0.650
1814.000 0.674
1815.000 0.621
1816.000 0.621
1817.000 0.631
1818.000 0.786
1819.000 0.796
1820.000 0.653
1821.000 0.874
1822.000 0.732
1823.000 0.554
1824.000 0.679
1825.000 0.635
1826.000 0.593
1827.000 0.519
1828.000 0.504
1829.000 0.471
1830.000 0.515
1831.000 0.561
1832.000 0.466
1833.000 0.501
1834.000 0.549
1835.000 0.586
1836.000 0.634
1837.000 0.669
1838.000 0.711
1839.000 0.747
1840.000 0.561
1841.000 0.584
1842.000 0.697
1843.000 0.430
1844.000 0.192
1845.000 0.260
1846.000 0.310
1847.000 0.620
1848.000 0.575
1849.000 0.588
1850.000 0.534
1851.000 0.459
1852.000 0.449
1853.000 0.581
1854.000 0.654
1855.000 0.812
1856.000 0.785
1857.000 0.814
1858.000 0.843
1859.000 0.448
1860.000 0.405
1861.000 0.458
1862.000 0.384
1863.000 0.297
1864.000 0.377
1865.000 0.458
1866.000 0.592
1867.000 0.715
1868.000 0.563
1869.000 0.575
1870.000 0.484
1871.000 0.388
1872.000 0.291
1873.000 0.194
1874.000 0.564
1875.000 0.583
1876.000 0.566
1877.000 0.546
1878.000 0.524
1879.000 0.502
1880.000 0.485
1881.000 0.465
1882.000 0.445
1883.000 0.407
1884.000 0.583
1885.000 0.457
1886.000 0.460
1887.000 0.524
1888.000 0.484
1889.000 0.513
1890.000 0.619
1891.000 0.671
1892.000 0.704
1893.000 0.747
1894.000 0.494
1895.000 0.274
1896.000 0.262
1897.000 0.262
1898.000 0.261
1899.000 0.247
1900.000 0.259
1901.000 0.258
1902.000 0.065
1903.000 0.061
1904.000 0.081
1905.000 0.256
1906.000 0.451
1907.000 0.748
1908.000 0.805
1909.000 0.726
1910.000 0.382
1911.000 0.224
1912.000 0.203
1913.000 0.223
1914.000 0.212
1915.000 0.208
1916.000 0.210
1917.000 0.217
1918.000 0.384
1919.000 0.172
1920.000 0.211
1921.000 0.326
1922.000 0.351
1923.000 0.488
1924.000 0.370
1925.000 0.322
1926.000 0.579
1927.000 0.513
1928.000 0.276
1929.000 0.572
1930.000 0.592
1931.000 0.552
1932.000 0.553
1933.000 0.671
1934.000 0.494
1935.000 0.648
1936.000 0.693
1937.000 0.652
1938.000 0.573
1939.000 0.232
1940.000 0.646
1941.000 0.649
1942.000 0.663
1943.000 0.645
1944.000 0.652
1945.000 0.556
1946.000 0.465
1947.000 0.364
1948.000 0.397
1949.000 0.412
1950.000 0.535
1951.000 0.559
1952.000 0.907
1953.000 0.807
1954.000 0.708
1955.000 0.632
1956.000 0.557
1957.000 0.516
1958.000 0.557
1959.000 0.512
1960.000 0.456
1961.000 0.433
1962.000 0.389
1963.000 0.350
1964.000 0.330
1965.000 0.332
1966.000 0.322
1967.000 0.297
1968.000 0.321
1969.000 0.358
1970.000 0.355
1971.000 0.370
1972.000 0.353
1973.000 0.303
1974.000 0.257
1975.000 0.245
1976.000 0.231
1977.000 0.232
1978.000 0.253
1979.000 0.328
1980.000 0.279
1981.000 0.255
1982.000 0.232
1983.000 0.216
1984.000 0.224
1985.000 0.242
1986.000 0.252
1987.000 0.275
1988.000 0.282
1989.000 0.286
1990.000 0.284
1991.000 0.269
1992.000 0.255
1993.000 0.250
1994.000 0.245
1995.000 0.267
1996.000 0.330
1997.000 0.337
1998.000 0.305
1999.000 0.303
2000.000 0.262
2001.000 0.254
2002.000 0.238
2003.000 0.248
2004.000 0.356
2005.000 0.410
2006.000 0.473
2007.000 0.553
2008.000 0.494
2009.000 0.523
2010.000 0.498
2011.000 0.493
2012.000 0.501
2013.000 0.451
2014.000 0.431
2015.000 0.410
2016.000 0.401
2017.000 0.424
2018.000 0.414
2019.000 0.387
2020.000 0.390
2021.000 0.396
2022.000 0.378
2023.000 0.358
2024.000 0.334
2025.000 0.314
2026.000 0.287
2027.000 0.279
2028.000 0.288
2029.000 0.286
2030.000 0.279
2031.000 0.277
2032.000 0.270
2033.000 0.271
2034.000 0.274
2035.000 0.290
2036.000 0.318
2037.000 0.324
2038.000 0.328
2039.000 0.328
2040.000 0.303
2041.000 0.288
2042.000 0.282
2043.000 0.279
2044.000 0.283
2045.000 0.304
2046.000 0.313
2047.000 0.319
2048.000 0.325
2049.000 0.327
2050.000 0.319
2051.000 0.319
2052.000 0.339
2053.000 0.336
2054.000 0.333
2055.000 0.320
2056.000 0.308
2057.000 0.312
2058.000 0.332
2059.000 0.326
2060.000 0.310
2061.000 0.312
2062.000 0.305
2063.000 0.309
2064.000 0.339
2065.000 0.356
2066.000 0.371
2067.000 0.364
2068.000 0.355
2069.000 0.345
2070.000 0.330
2071.000 0.323
2072.000 0.324
2073.000 0.336
2074.000 0.341
2075.000 0.346
2076.000 0.349
2077.000 0.350
2078.000 0.349
2079.000 0.345
2080.000 0.344
2081.000 0.340
2082.000 0.334
2083.000 0.337
2084.000 0.340
2085.000 0.341
2086.000 0.348
2087.000 0.352
2088.000 0.357
2089.000 0.351
2090.000 0.340
2091.000 0.331
2092.000 0.311
2093.000 0.308
2094.000 0.320
2095.000 0.323
2096.000 0.325
2097.000 0.329
2098.000 0.334
2099.000 0.335
2100.000 0.337
2101.000 0.348
2102.000 0.349
2103.000 0.346
2104.000 0.348
2105.000 0.348
2106.000 0.354
2107.000 0.362
2108.000 0.370
2109.000 0.390
2110.000 0.395
2111.000 0.390
2112.000 0.387
2113.000 0.374
2114.000 0.370
2115.000 0.373
2116.000 0.373
2117.000 0.372
2118.000 0.366
2119.000 0.368
2120.000 0.378
2121.000 0.385
2122.000 0.395
2123.000 0.400
2124.000 0.400
2125.000 0.397
2126.000 0.390
2127.000 0.387
2128.000 0.380
2129.000 0.376
2130.000 0.374
2131.000 0.373
2132.000 0.369
2133.000 0.364
2134.000 0.361
2135.000 0.358
2136.000 0.350
2137.000 0.350
2138.000 0.358
2139.000 0.362
2140.000 0.376
2141.000 0.390
2142.000 0.397
2143.000 0.397
2144.000 0.400
2145.000 0.397
2146.000 0.399
2147.000 0.409
2148.000 0.413
2149.000 0.416
2150.000 0.418
2151.000 0.418
2152.000 0.416
2153.000 0.411
2154.000 0.408
2155.000 0.410
2156.000 0.402
2157.000 0.397
2158.000 0.393
2159.000 0.386
2160.000 0.382
2161.000 0.381
2162.000 0.381
2163.000 0.383
2164.000 0.389
2165.000 0.395
2166.000 0.403
2167.000 0.407
2168.000 0.409
2169.000 0.408
2170.000 0.400
2171.000 0.399
2172.000 0.402
2173.000 0.401
2174.000 0.404
2175.000 0.405
2176.000 0.401
2177.000 0.401
2178.000 0.401
2179.000 0.410
2180.000 0.409
2181.000 0.405
2182.000 0.406
2183.000 0.401
2184.000 0.405
2185.000 0.420
2186.000 0.420
2187.000 0.416
2188.000 0.417
2189.000 0.411
2190.000 0.406
2191.000 0.411
2192.000 0.405
2193.000 0.386
2194.000 0.380
2195.000 0.376
2196.000 0.374
2197.000 0.379
2198.000 0.381
2199.000 0.377
2200.000 0.379
2201.000 0.391
2202.000 0.392
2203.000 0.392
2204.000 0.402
2205.000 0.391
2206.000 0.380
2207.000 0.389
2208.000 0.395
2209.000 0.401
2210.000 0.423
2211.000 0.427
2212.000 0.417
2213.000 0.414
2214.000 0.407
2215.000 0.402
2216.000 0.403
2217.000 0.396
2218.000 0.384
2219.000 0.380
2220.000 0.371
2221.000 0.373
2222.000 0.389
2223.000 0.396
2224.000 0.407
2225.000 0.410
2226.000 0.404
2227.000 0.404
2228.000 0.398
2229.000 0.403
2230.000 0.411
2231.000 0.411
2232.000 0.411
2233.000 0.415
2234.000 0.403
2235.000 0.393
2236.000 0.395
2237.000 0.390
2238.000 0.392
2239.000 0.406
2240.000 0.407
2241.000 0.399
2242.000 0.399
2243.000 0.395
2244.000 0.393
2245.000 0.401
2246.000 0.396
2247.000 0.378
2248.000 0.378
2249.000 0.385
2250.000 0.389
2251.000 0.407
2252.000 0.416
2253.000 0.413
2254.000 0.412
2255.000 0.410
2256.000 0.407
2257.000 0.395
2258.000 0.394
2259.000 0.398
2260.000 0.399
2261.000 0.409
2262.000 0.413
2263.000 0.409
2264.000 0.406
2265.000 0.391
2266.000 0.373
2267.000 0.374
2268.000 0.371
2269.000 0.380
2270.000 0.399
2271.000 0.397
2272.000 0.405
2273.000 0.406
2274.000 0.396
2275.000 0.396
2276.000 0.398
2277.000 0.396
2278.000 0.398
2279.000 0.395
2280.000 0.388
2281.000 0.381
2282.000 0.373
2283.000 0.369
2284.000 0.362
2285.000 0.362
2286.000 0.376
2287.000 0.374
2288.000 0.365
2289.000 0.365
2290.000 0.352
2291.000 0.355
2292.000 0.385
2293.000 0.390
2294.000 0.381
2295.000 0.385
2296.000 0.378
2297.000 0.385
2298.000 0.397
2299.000 0.405
2300.000 0.403
2301.000 0.386
2302.000 0.376
2303.000 0.367
2304.000 0.354
2305.000 0.337
2306.000 0.338
2307.000 0.343
2308.000 0.346
2309.000 0.375
2310.000 0.416
2311.000 0.418
2312.000 0.401
2313.000 0.392
2314.000 0.372
2315.000 0.368
2316.000 0.381
2317.000 0.392
2318.000 0.389
2319.000 0.377
2320.000 0.387
2321.000 0.383
2322.000 0.403
2323.000 0.437
2324.000 0.405
2325.000 0.409
2326.000 0.411
2327.000 0.394
2328.000 0.394
2329.000 0.411
2330.000 0.415
2331.000 0.435
2332.000 0.442
2333.000 0.435
2334.000 0.434
2335.000 0.408
2336.000 0.405
2337.000 0.392
2338.000 0.398
2339.000 0.433
2340.000 0.420
2341.000 0.396
2342.000 0.376
2343.000 0.293
2344.000 0.276
2345.000 0.291
2346.000 0.301
2347.000 0.345
2348.000 0.360
2349.000 0.336
2350.000 0.332
2351.000 0.334
2352.000 0.322
2353.000 0.327
2354.000 0.332
2355.000 0.304
2356.000 0.328
2357.000 0.383
2358.000 0.444
2359.000 0.464
2360.000 0.449
2361.000 0.465
2362.000 0.476
2363.000 0.491
2364.000 0.392
2365.000 0.376
2366.000 0.436
2367.000 0.379
2368.000 0.377
2369.000 0.382
2370.000 0.408
2371.000 0.458
2372.000 0.386
2373.000 0.305
2374.000 0.196
2375.000 0.258
2376.000 0.287
2377.000 0.368
2378.000 0.358
2379.000 0.356
2380.000 0.362
2381.000 0.323
2382.000 0.301
2383.000 0.358
2384.000 0.404
2385.000 0.353
2386.000 0.338
2387.000 0.276
2388.000 0.303
2389.000 0.392
2390.000 0.410
2391.000 0.379
2392.000 0.271
2393.000 0.324
2394.000 0.358
2395.000 0.375
2396.000 0.484
2397.000 0.457
2398.000 0.412
2399.000 0.366
2400.000 0.293
2401.000 0.403
2402.000 0.841
2403.000 0.637
2404.000 0.495
2405.000 0.399
2406.000 0.471
2407.000 0.462
2408.000 0.525
2409.000 0.375
2410.000 0.361
2411.000 0.296
2412.000 0.241
2413.000 0.240
2414.000 0.238
2415.000 0.353
2416.000 0.480
2417.000 0.446
2418.000 0.822
2419.000 0.233
2420.000 0.363
2421.000 0.627
2422.000 0.725
2423.000 0.470
2424.000 0.323
2425.000 0.800
2426.000 0.732
2427.000 0.709
2428.000 0.634
2429.000 0.562
2430.000 0.636
2431.000 0.728
2432.000 0.783
2433.000 0.669
2434.000 0.493
2435.000 0.632
2436.000 0.305
2437.000 0.489
2438.000 0.499
2439.000 0.413
2440.000 0.661
2441.000 0.622
2442.000 0.346
2443.000 0.209
2444.000 0.142
2445.000 0.093
2446.000 0.264
2447.000 0.300
2448.000 0.501
2449.000 0.314
2450.000 0.531
2451.000 0.790
2452.000 0.437
2453.000 0.148
2454.000 0.172
2455.000 0.247
2456.000 0.317
2457.000 0.372
2458.000 0.233
2459.000 0.233
2460.000 0.207
2461.000 0.317
2462.000 0.384
2463.000 0.348
2464.000 0.373
2465.000 0.233
2466.000 0.241
2467.000 0.250
2468.000 0.215
2469.000 0.307
2470.000 0.395
2471.000 0.625
2472.000 0.850
2473.000 0.878
2474.000 0.911
2475.000 0.534
2476.000 0.408
2477.000 0.281
2478.000 0.424
2479.000 0.387
2480.000 0.299
2481.000 0.296
2482.000 0.664
2483.000 0.204
2484.000 0.487
2485.000 0.535
2486.000 0.310
2487.000 0.309
2488.000 0.384
2489.000 0.406
2490.000 0.496
2491.000 0.416
2492.000 0.402
2493.000 0.675
2494.000 0.536
2495.000 0.611
2496.000 0.374
2497.000 0.269
2498.000 0.469
2499.000 0.328
2500.000 0.325
