391.000 0.012
392.000 0.011
393.000 0.010
394.000 0.012
395.000 0.013
396.000 0.013
397.000 0.014
398.000 0.012
399.000 0.013
400.000 0.012
401.000 0.011
402.000 0.013
403.000 0.013
404.000 0.013
405.000 0.014
406.000 0.013
407.000 0.013
408.000 0.013
409.000 0.013
410.000 0.012
411.000 0.012
412.000 0.013
413.000 0.012
414.000 0.012
415.000 0.012
416.000 0.012
417.000 0.013
418.000 0.013
419.000 0.012
420.000 0.011
421.000 0.012
422.000 0.012
423.000 0.012
424.000 0.012
425.000 0.012
426.000 0.012
427.000 0.012
428.000 0.012
429.000 0.012
430.000 0.011
431.000 0.012
432.000 0.012
433.000 0.012
434.000 0.013
435.000 0.012
436.000 0.012
437.000 0.013
438.000 0.012
439.000 0.012
440.000 0.012
441.000 0.011
442.000 0.012
443.000 0.012
444.000 0.012
445.000 0.011
446.000 0.012
447.000 0.012
448.000 0.012
449.000 0.012
450.000 0.012
451.000 0.012
452.000 0.012
453.000 0.012
454.000 0.012
455.000 0.012
456.000 0.012
457.000 0.013
458.000 0.012
459.000 0.011
460.000 0.012
461.000 0.012
462.000 0.012
463.000 0.012
464.000 0.011
465.000 0.011
466.000 0.011
467.000 0.012
468.000 0.012
469.000 0.012
470.000 0.012
471.000 0.012
472.000 0.012
473.000 0.012
474.000 0.012
475.000 0.012
476.000 0.012
477.000 0.012
478.000 0.012
479.000 0.012
480.000 0.012
481.000 0.012
482.000 0.012
483.000 0.012
484.000 0.012
485.000 0.012
486.000 0.012
487.000 0.012
488.000 0.012
489.000 0.012
490.000 0.012
491.000 0.012
492.000 0.012
493.000 0.013
494.000 0.012
495.000 0.012
496.000 0.012
497.000 0.013
498.000 0.013
499.000 0.013
500.000 0.014
501.000 0.013
502.000 0.013
503.000 0.014
504.000 0.014
505.000 0.014
506.000 0.015
507.000 0.015
508.000 0.015
509.000 0.015
510.000 0.017
511.000 0.017
512.000 0.017
513.000 0.017
514.000 0.019
515.000 0.019
516.000 0.020
517.000 0.021
518.000 0.021
519.000 0.023
520.000 0.023
521.000 0.025
522.000 0.026
523.000 0.028
524.000 0.029
525.000 0.030
526.000 0.031
527.000 0.032
528.000 0.033
529.000 0.034
530.000 0.035
531.000 0.036
532.000 0.037
533.000 0.038
534.000 0.038
535.000 0.038
536.000 0.039
537.000 0.039
538.000 0.040
539.000 0.041
540.000 0.041
541.000 0.041
542.000 0.042
543.000 0.042
544.000 0.042
545.000 0.042
546.000 0.042
547.000 0.042
548.000 0.043
549.000 0.043
550.000 0.043
551.000 0.043
552.000 0.043
553.000 0.043
554.000 0.043
555.000 0.043
556.000 0.042
557.000 0.042
558.000 0.042
559.000 0.041
560.000 0.041
561.000 0.040
562.000 0.040
563.000 0.039
564.000 0.038
565.000 0.037
566.000 0.037
567.000 0.036
568.000 0.035
569.000 0.034
570.000 0.033
571.000 0.032
572.000 0.032
573.000 0.031
574.000 0.030
575.000 0.030
576.000 0.029
577.000 0.028
578.000 0.027
579.000 0.027
580.000 0.028
581.000 0.026
582.000 0.026
583.000 0.026
584.000 0.026
585.000 0.025
586.000 0.025
587.000 0.024
588.000 0.023
589.000 0.023
590.000 0.023
591.000 0.023
592.000 0.023
593.000 0.023
594.000 0.023
595.000 0.022
596.000 0.022
597.000 0.023
598.000 0.022
599.000 0.022
600.000 0.022
601.000 0.022
602.000 0.022
603.000 0.022
604.000 0.021
605.000 0.021
606.000 0.021
607.000 0.021
608.000 0.021
609.000 0.020
610.000 0.020
611.000 0.019
612.000 0.020
613.000 0.019
614.000 0.019
615.000 0.019
616.000 0.019
617.000 0.018
618.000 0.018
619.000 0.018
620.000 0.018
621.000 0.018
622.000 0.018
623.000 0.018
624.000 0.017
625.000 0.018
626.000 0.018
627.000 0.018
628.000 0.017
629.000 0.017
630.000 0.017
631.000 0.017
632.000 0.018
633.000 0.018
634.000 0.017
635.000 0.017
636.000 0.017
637.000 0.016
638.000 0.016
639.000 0.016
640.000 0.016
641.000 0.016
642.000 0.016
643.000 0.015
644.000 0.015
645.000 0.014
646.000 0.014
647.000 0.014
648.000 0.014
649.000 0.014
650.000 0.014
651.000 0.014
652.000 0.014
653.000 0.014
654.000 0.014
655.000 0.014
656.000 0.013
657.000 0.013
658.000 0.013
659.000 0.013
660.000 0.013
661.000 0.013
662.000 0.013
663.000 0.013
664.000 0.013
665.000 0.013
666.000 0.013
667.000 0.013
668.000 0.013
669.000 0.012
670.000 0.013
671.000 0.013
672.000 0.013
673.000 0.013
674.000 0.013
675.000 0.013
676.000 0.013
677.000 0.014
678.000 0.013
679.000 0.013
680.000 0.013
681.000 0.015
682.000 0.015
683.000 0.015
684.000 0.015
685.000 0.016
686.000 0.016
687.000 0.017
688.000 0.018
689.000 0.019
690.000 0.020
691.000 0.021
692.000 0.022
693.000 0.024
694.000 0.026
695.000 0.029
696.000 0.032
697.000 0.036
698.000 0.040
699.000 0.044
700.000 0.049
701.000 0.054
702.000 0.060
703.000 0.066
704.000 0.071
705.000 0.077
706.000 0.084
707.000 0.091
708.000 0.098
709.000 0.105
710.000 0.113
711.000 0.121
712.000 0.129
713.000 0.138
714.000 0.146
715.000 0.156
716.000 0.165
717.000 0.175
718.000 0.185
719.000 0.196
720.000 0.208
721.000 0.220
722.000 0.230
723.000 0.240
724.000 0.252
725.000 0.265
726.000 0.276
727.000 0.288
728.000 0.299
729.000 0.311
730.000 0.323
731.000 0.334
732.000 0.345
733.000 0.356
734.000 0.366
735.000 0.376
736.000 0.385
737.000 0.394
738.000 0.403
739.000 0.412
740.000 0.420
741.000 0.428
742.000 0.435
743.000 0.442
744.000 0.448
745.000 0.453
746.000 0.459
747.000 0.465
748.000 0.469
749.000 0.473
750.000 0.478
751.000 0.481
752.000 0.485
753.000 0.488
754.000 0.491
755.000 0.493
756.000 0.496
757.000 0.498
758.000 0.500
759.000 0.501
760.000 0.502
761.000 0.504
762.000 0.506
763.000 0.507
764.000 0.508
765.000 0.509
766.000 0.511
767.000 0.512
768.000 0.513
769.000 0.514
770.000 0.515
771.000 0.516
772.000 0.517
773.000 0.517
774.000 0.518
775.000 0.519
776.000 0.520
777.000 0.520
778.000 0.521
779.000 0.521
780.000 0.522
781.000 0.523
782.000 0.523
783.000 0.524
784.000 0.524
785.000 0.525
786.000 0.525
787.000 0.525
788.000 0.526
789.000 0.526
790.000 0.527
791.000 0.527
792.000 0.528
793.000 0.528
794.000 0.529
795.000 0.530
796.000 0.530
797.000 0.530
798.000 0.531
799.000 0.531
800.000 0.532
801.000 0.532
802.000 0.533
803.000 0.534
804.000 0.534
805.000 0.535
806.000 0.536
807.000 0.536
808.000 0.537
809.000 0.537
810.000 0.537
811.000 0.538
812.000 0.537
813.000 0.537
814.000 0.537
815.000 0.537
816.000 0.538
817.000 0.538
818.000 0.538
819.000 0.539
820.000 0.540
821.000 0.541
822.000 0.541
823.000 0.541
824.000 0.542
825.000 0.543
826.000 0.544
827.000 0.544
828.000 0.545
829.000 0.545
830.000 0.546
831.000 0.546
832.000 0.547
833.000 0.548
834.000 0.548
835.000 0.549
836.000 0.549
837.000 0.550
838.000 0.550
839.000 0.551
840.000 0.551
841.000 0.552
842.000 0.552
843.000 0.553
844.000 0.554
845.000 0.554
846.000 0.555
847.000 0.555
848.000 0.556
849.000 0.556
850.000 0.557
851.000 0.557
852.000 0.558
853.000 0.558
854.000 0.558
855.000 0.559
856.000 0.559
857.000 0.560
858.000 0.560
859.000 0.560
860.000 0.560
861.000 0.561
862.000 0.561
863.000 0.562
864.000 0.562
865.000 0.563
866.000 0.563
867.000 0.564
868.000 0.564
869.000 0.564
870.000 0.565
871.000 0.565
872.000 0.565
873.000 0.566
874.000 0.566
875.000 0.566
876.000 0.567
877.000 0.567
878.000 0.568
879.000 0.568
880.000 0.569
881.000 0.569
882.000 0.569
883.000 0.570
884.000 0.570
885.000 0.570
886.000 0.571
887.000 0.571
888.000 0.571
889.000 0.572
890.000 0.572
891.000 0.572
892.000 0.572
893.000 0.573
894.000 0.572
895.000 0.572
896.000 0.572
897.000 0.572
898.000 0.571
899.000 0.571
900.000 0.572
901.000 0.573
902.000 0.573
903.000 0.573
904.000 0.574
905.000 0.575
906.000 0.575
907.000 0.575
908.000 0.575
909.000 0.575
910.000 0.574
911.000 0.574
912.000 0.575
913.000 0.575
914.000 0.575
915.000 0.575
916.000 0.576
917.000 0.577
918.000 0.577
919.000 0.578
920.000 0.578
921.000 0.579
922.000 0.579
923.000 0.579
924.000 0.579
925.000 0.578
926.000 0.578
927.000 0.578
928.000 0.576
929.000 0.575
930.000 0.574
931.000 0.572
932.000 0.569
933.000 0.567
934.000 0.566
935.000 0.565
936.000 0.565
937.000 0.565
938.000 0.565
939.000 0.565
940.000 0.564
941.000 0.565
942.000 0.567
943.000 0.568
944.000 0.564
945.000 0.562
946.000 0.562
947.000 0.563
948.000 0.562
949.000 0.562
950.000 0.561
951.000 0.560
952.000 0.560
953.000 0.559
954.000 0.558
955.000 0.556
956.000 0.557
957.000 0.557
958.000 0.557
959.000 0.557
960.000 0.556
961.000 0.555
962.000 0.555
963.000 0.557
964.000 0.558
965.000 0.558
966.000 0.559
967.000 0.559
968.000 0.559
969.000 0.559
970.000 0.560
971.000 0.560
972.000 0.560
973.000 0.560
974.000 0.561
975.000 0.562
976.000 0.561
977.000 0.560
978.000 0.560
979.000 0.562
980.000 0.562
981.000 0.562
982.000 0.563
983.000 0.564
984.000 0.562
985.000 0.565
986.000 0.566
987.000 0.566
988.000 0.567
989.000 0.566
990.000 0.567
991.000 0.568
992.000 0.569
993.000 0.568
994.000 0.569
995.000 0.571
996.000 0.571
997.000 0.573
998.000 0.573
999.000 0.573
1000.000 0.573
1001.000 0.570
1002.000 0.571
1003.000 0.572
1004.000 0.572
1005.000 0.573
1006.000 0.575
1007.000 0.576
1008.000 0.577
1009.000 0.578
1010.000 0.579
1011.000 0.581
1012.000 0.582
1013.000 0.583
1014.000 0.585
1015.000 0.586
1016.000 0.585
1017.000 0.586
1018.000 0.587
1019.000 0.587
1020.000 0.588
1021.000 0.589
1022.000 0.588
1023.000 0.590
1024.000 0.590
1025.000 0.592
1026.000 0.593
1027.000 0.592
1028.000 0.593
1029.000 0.593
1030.000 0.594
1031.000 0.595
1032.000 0.596
1033.000 0.597
1034.000 0.597
1035.000 0.597
1036.000 0.598
1037.000 0.599
1038.000 0.600
1039.000 0.599
1040.000 0.601
1041.000 0.601
1042.000 0.601
1043.000 0.602
1044.000 0.602
1045.000 0.602
1046.000 0.603
1047.000 0.603
1048.000 0.604
1049.000 0.605
1050.000 0.605
1051.000 0.605
1052.000 0.606
1053.000 0.607
1054.000 0.608
1055.000 0.608
1056.000 0.608
1057.000 0.608
1058.000 0.608
1059.000 0.608
1060.000 0.608
1061.000 0.609
1062.000 0.609
1063.000 0.609
1064.000 0.609
1065.000 0.609
1066.000 0.609
1067.000 0.610
1068.000 0.610
1069.000 0.611
1070.000 0.612
1071.000 0.612
1072.000 0.612
1073.000 0.612
1074.000 0.612
1075.000 0.612
1076.000 0.612
1077.000 0.612
1078.000 0.612
1079.000 0.612
1080.000 0.613
1081.000 0.612
1082.000 0.613
1083.000 0.613
1084.000 0.613
1085.000 0.612
1086.000 0.612
1087.000 0.612
1088.000 0.612
1089.000 0.612
1090.000 0.612
1091.000 0.612
1092.000 0.613
1093.000 0.613
1094.000 0.612
1095.000 0.612
1096.000 0.611
1097.000 0.609
1098.000 0.609
1099.000 0.610
1100.000 0.610
1101.000 0.611
1102.000 0.611
1103.000 0.611
1104.000 0.610
1105.000 0.610
1106.000 0.610
1107.000 0.610
1108.000 0.610
1109.000 0.608
1110.000 0.607
1111.000 0.607
1112.000 0.606
1113.000 0.607
1114.000 0.608
1115.000 0.608
1116.000 0.606
1117.000 0.604
1118.000 0.600
1119.000 0.598
1120.000 0.596
1121.000 0.594
1122.000 0.593
1123.000 0.591
1124.000 0.587
1125.000 0.586
1126.000 0.589
1127.000 0.590
1128.000 0.591
1129.000 0.590
1130.000 0.587
1131.000 0.584
1132.000 0.584
1133.000 0.584
1134.000 0.585
1135.000 0.585
1136.000 0.584
1137.000 0.584
1138.000 0.580
1139.000 0.578
1140.000 0.576
1141.000 0.572
1142.000 0.569
1143.000 0.566
1144.000 0.564
1145.000 0.561
1146.000 0.559
1147.000 0.559
1148.000 0.556
1149.000 0.554
1150.000 0.552
1151.000 0.548
1152.000 0.545
1153.000 0.543
1154.000 0.542
1155.000 0.541
1156.000 0.542
1157.000 0.542
1158.000 0.541
1159.000 0.542
1160.000 0.543
1161.000 0.543
1162.000 0.543
1163.000 0.543
1164.000 0.543
1165.000 0.542
1166.000 0.541
1167.000 0.541
1168.000 0.541
1169.000 0.540
1170.000 0.540
1171.000 0.539
1172.000 0.539
1173.000 0.539
1174.000 0.539
1175.000 0.540
1176.000 0.540
1177.000 0.540
1178.000 0.540
1179.000 0.541
1180.000 0.541
1181.000 0.540
1182.000 0.540
1183.000 0.539
1184.000 0.539
1185.000 0.539
1186.000 0.539
1187.000 0.539
1188.000 0.539
1189.000 0.539
1190.000 0.539
1191.000 0.539
1192.000 0.538
1193.000 0.538
1194.000 0.538
1195.000 0.538
1196.000 0.539
1197.000 0.539
1198.000 0.539
1199.000 0.539
1200.000 0.540
1201.000 0.540
1202.000 0.540
1203.000 0.541
1204.000 0.542
1205.000 0.542
1206.000 0.542
1207.000 0.543
1208.000 0.543
1209.000 0.543
1210.000 0.543
1211.000 0.544
1212.000 0.544
1213.000 0.545
1214.000 0.546
1215.000 0.547
1216.000 0.547
1217.000 0.548
1218.000 0.549
1219.000 0.550
1220.000 0.551
1221.000 0.551
1222.000 0.552
1223.000 0.552
1224.000 0.553
1225.000 0.553
1226.000 0.554
1227.000 0.555
1228.000 0.556
1229.000 0.557
1230.000 0.557
1231.000 0.557
1232.000 0.558
1233.000 0.558
1234.000 0.559
1235.000 0.560
1236.000 0.560
1237.000 0.561
1238.000 0.561
1239.000 0.561
1240.000 0.563
1241.000 0.563
1242.000 0.563
1243.000 0.563
1244.000 0.564
1245.000 0.564
1246.000 0.565
1247.000 0.566
1248.000 0.566
1249.000 0.566
1250.000 0.567
1251.000 0.567
1252.000 0.568
1253.000 0.568
1254.000 0.569
1255.000 0.570
1256.000 0.570
1257.000 0.570
1258.000 0.570
1259.000 0.571
1260.000 0.571
1261.000 0.572
1262.000 0.572
1263.000 0.572
1264.000 0.573
1265.000 0.574
1266.000 0.575
1267.000 0.575
1268.000 0.575
1269.000 0.576
1270.000 0.576
1271.000 0.576
1272.000 0.577
1273.000 0.577
1274.000 0.578
1275.000 0.578
1276.000 0.578
1277.000 0.578
1278.000 0.578
1279.000 0.578
1280.000 0.578
1281.000 0.577
1282.000 0.577
1283.000 0.576
1284.000 0.576
1285.000 0.576
1286.000 0.575
1287.000 0.574
1288.000 0.573
1289.000 0.573
1290.000 0.572
1291.000 0.572
1292.000 0.572
1293.000 0.571
1294.000 0.570
1295.000 0.570
1296.000 0.569
1297.000 0.569
1298.000 0.568
1299.000 0.567
1300.000 0.565
1301.000 0.564
1302.000 0.562
1303.000 0.562
1304.000 0.561
1305.000 0.560
1306.000 0.558
1307.000 0.556
1308.000 0.555
1309.000 0.554
1310.000 0.552
1311.000 0.550
1312.000 0.548
1313.000 0.546
1314.000 0.543
1315.000 0.542
1316.000 0.540
1317.000 0.538
1318.000 0.536
1319.000 0.533
1320.000 0.531
1321.000 0.528
1322.000 0.525
1323.000 0.523
1324.000 0.521
1325.000 0.518
1326.000 0.515
1327.000 0.512
1328.000 0.509
1329.000 0.506
1330.000 0.502
1331.000 0.499
1332.000 0.496
1333.000 0.493
1334.000 0.491
1335.000 0.488
1336.000 0.484
1337.000 0.482
1338.000 0.479
1339.000 0.476
1340.000 0.475
1341.000 0.473
1342.000 0.472
1343.000 0.470
1344.000 0.469
1345.000 0.467
1346.000 0.464
1347.000 0.462
1348.000 0.460
1349.000 0.458
1350.000 0.455
1351.000 0.450
1352.000 0.442
1353.000 0.426
1354.000 0.435
1355.000 0.473
1356.000 0.454
1357.000 0.432
1358.000 0.480
1359.000 0.497
1360.000 0.534
1361.000 0.601
1362.000 0.739
1363.000 0.659
1364.000 0.607
1365.000 0.529
1366.000 0.523
1367.000 0.333
1368.000 0.427
1369.000 0.558
1370.000 0.609
1371.000 0.576
1372.000 0.726
1373.000 0.241
1374.000 0.145
1375.000 0.579
1376.000 0.575
1377.000 0.473
1378.000 0.263
1379.000 0.182
1380.000 0.202
1381.000 0.288
1382.000 0.392
1383.000 0.455
1384.000 0.513
1385.000 0.411
1386.000 0.396
1387.000 0.621
1388.000 0.402
1389.000 0.313
1390.000 0.216
1391.000 0.262
1392.000 0.430
1393.000 0.348
1394.000 0.636
1395.000 0.636
1396.000 0.536
1397.000 0.465
1398.000 0.474
1399.000 0.427
1400.000 0.408
1401.000 0.241
1402.000 0.305
1403.000 0.265
1404.000 0.244
1405.000 0.252
1406.000 0.265
1407.000 0.271
1408.000 0.186
1409.000 0.196
1410.000 0.201
1411.000 0.206
1412.000 0.176
1413.000 0.141
1414.000 0.126
1415.000 0.134
1416.000 0.134
1417.000 0.127
1418.000 0.161
1419.000 0.089
1420.000 0.153
1421.000 0.165
1422.000 0.122
1423.000 0.091
1424.000 0.068
1425.000 0.165
1426.000 0.154
1427.000 0.143
1428.000 0.073
1429.000 0.090
1430.000 0.100
1431.000 0.154
1432.000 0.087
1433.000 0.077
1434.000 0.069
1435.000 0.111
1436.000 0.099
1437.000 0.109
1438.000 0.101
1439.000 0.107
1440.000 0.087
1441.000 0.092
1442.000 0.094
1443.000 0.095
1444.000 0.093
1445.000 0.086
1446.000 0.081
1447.000 0.080
1448.000 0.079
1449.000 0.080
1450.000 0.071
1451.000 0.071
1452.000 0.082
1453.000 0.085
1454.000 0.089
1455.000 0.084
1456.000 0.076
1457.000 0.075
1458.000 0.075
1459.000 0.074
1460.000 0.075
1461.000 0.077
1462.000 0.076
1463.000 0.076
1464.000 0.074
1465.000 0.074
1466.000 0.076
1467.000 0.076
1468.000 0.076
1469.000 0.076
1470.000 0.074
1471.000 0.075
1472.000 0.078
1473.000 0.082
1474.000 0.089
1475.000 0.092
1476.000 0.095
1477.000 0.093
1478.000 0.085
1479.000 0.084
1480.000 0.081
1481.000 0.082
1482.000 0.085
1483.000 0.089
1484.000 0.093
1485.000 0.096
1486.000 0.095
1487.000 0.097
1488.000 0.098
1489.000 0.100
1490.000 0.106
1491.000 0.108
1492.000 0.107
1493.000 0.108
1494.000 0.109
1495.000 0.110
1496.000 0.113
1497.000 0.115
1498.000 0.116
1499.000 0.118
1500.000 0.119
1501.000 0.120
1502.000 0.121
1503.000 0.122
1504.000 0.123
1505.000 0.123
1506.000 0.124
1507.000 0.125
1508.000 0.127
1509.000 0.129
1510.000 0.131
1511.000 0.133
1512.000 0.135
1513.000 0.137
1514.000 0.138
1515.000 0.140
1516.000 0.142
1517.000 0.142
1518.000 0.143
1519.000 0.143
1520.000 0.144
1521.000 0.145
1522.000 0.146
1523.000 0.149
1524.000 0.152
1525.000 0.154
1526.000 0.155
1527.000 0.158
1528.000 0.159
1529.000 0.160
1530.000 0.161
1531.000 0.162
1532.000 0.164
1533.000 0.165
1534.000 0.167
1535.000 0.169
1536.000 0.171
1537.000 0.173
1538.000 0.175
1539.000 0.176
1540.000 0.177
1541.000 0.179
1542.000 0.181
1543.000 0.182
1544.000 0.184
1545.000 0.185
1546.000 0.186
1547.000 0.189
1548.000 0.191
1549.000 0.192
1550.000 0.194
1551.000 0.195
1552.000 0.196
1553.000 0.198
1554.000 0.199
1555.000 0.201
1556.000 0.202
1557.000 0.204
1558.000 0.206
1559.000 0.209
1560.000 0.210
1561.000 0.211
1562.000 0.212
1563.000 0.212
1564.000 0.214
1565.000 0.216
1566.000 0.218
1567.000 0.220
1568.000 0.221
1569.000 0.223
1570.000 0.224
1571.000 0.226
1572.000 0.226
1573.000 0.227
1574.000 0.229
1575.000 0.229
1576.000 0.231
1577.000 0.233
1578.000 0.235
1579.000 0.237
1580.000 0.238
1581.000 0.239
1582.000 0.240
1583.000 0.241
1584.000 0.242
1585.000 0.242
1586.000 0.243
1587.000 0.244
1588.000 0.246
1589.000 0.249
1590.000 0.250
1591.000 0.253
1592.000 0.254
1593.000 0.255
1594.000 0.255
1595.000 0.256
1596.000 0.256
1597.000 0.258
1598.000 0.259
1599.000 0.260
1600.000 0.261
1601.000 0.262
1602.000 0.263
1603.000 0.266
1604.000 0.267
1605.000 0.268
1606.000 0.270
1607.000 0.272
1608.000 0.273
1609.000 0.273
1610.000 0.274
1611.000 0.276
1612.000 0.277
1613.000 0.278
1614.000 0.279
1615.000 0.280
1616.000 0.281
1617.000 0.282
1618.000 0.283
1619.000 0.284
1620.000 0.286
1621.000 0.286
1622.000 0.287
1623.000 0.287
1624.000 0.287
1625.000 0.286
1626.000 0.286
1627.000 0.287
1628.000 0.288
1629.000 0.290
1630.000 0.292
1631.000 0.293
1632.000 0.294
1633.000 0.295
1634.000 0.296
1635.000 0.296
1636.000 0.298
1637.000 0.299
1638.000 0.299
1639.000 0.300
1640.000 0.301
1641.000 0.300
1642.000 0.300
1643.000 0.300
1644.000 0.301
1645.000 0.303
1646.000 0.303
1647.000 0.304
1648.000 0.304
1649.000 0.303
1650.000 0.303
1651.000 0.304
1652.000 0.304
1653.000 0.305
1654.000 0.305
1655.000 0.305
1656.000 0.306
1657.000 0.306
1658.000 0.307
1659.000 0.307
1660.000 0.307
1661.000 0.308
1662.000 0.308
1663.000 0.308
1664.000 0.309
1665.000 0.310
1666.000 0.311
1667.000 0.311
1668.000 0.311
1669.000 0.312
1670.000 0.312
1671.000 0.312
1672.000 0.311
1673.000 0.311
1674.000 0.311
1675.000 0.312
1676.000 0.312
1677.000 0.312
1678.000 0.312
1679.000 0.312
1680.000 0.312
1681.000 0.311
1682.000 0.310
1683.000 0.311
1684.000 0.310
1685.000 0.310
1686.000 0.310
1687.000 0.309
1688.000 0.309
1689.000 0.309
1690.000 0.309
1691.000 0.309
1692.000 0.308
1693.000 0.307
1694.000 0.307
1695.000 0.305
1696.000 0.305
1697.000 0.303
1698.000 0.302
1699.000 0.303
1700.000 0.303
1701.000 0.302
1702.000 0.301
1703.000 0.300
1704.000 0.299
1705.000 0.300
1706.000 0.299
1707.000 0.300
1708.000 0.299
1709.000 0.298
1710.000 0.297
1711.000 0.297
1712.000 0.295
1713.000 0.294
1714.000 0.293
1715.000 0.295
1716.000 0.294
1717.000 0.292
1718.000 0.291
1719.000 0.290
1720.000 0.289
1721.000 0.290
1722.000 0.290
1723.000 0.290
1724.000 0.290
1725.000 0.290
1726.000 0.290
1727.000 0.290
1728.000 0.289
1729.000 0.288
1730.000 0.287
1731.000 0.285
1732.000 0.284
1733.000 0.282
1734.000 0.283
1735.000 0.282
1736.000 0.282
1737.000 0.280
1738.000 0.279
1739.000 0.277
1740.000 0.274
1741.000 0.273
1742.000 0.271
1743.000 0.270
1744.000 0.271
1745.000 0.271
1746.000 0.273
1747.000 0.273
1748.000 0.272
1749.000 0.272
1750.000 0.269
1751.000 0.269
1752.000 0.271
1753.000 0.271
1754.000 0.269
1755.000 0.266
1756.000 0.260
1757.000 0.257
1758.000 0.256
1759.000 0.256
1760.000 0.254
1761.000 0.253
1762.000 0.251
1763.000 0.249
1764.000 0.250
1765.000 0.250
1766.000 0.249
1767.000 0.248
1768.000 0.249
1769.000 0.248
1770.000 0.245
1771.000 0.245
1772.000 0.243
1773.000 0.239
1774.000 0.242
1775.000 0.243
1776.000 0.244
1777.000 0.246
1778.000 0.242
1779.000 0.240
1780.000 0.239
1781.000 0.235
1782.000 0.235
1783.000 0.234
1784.000 0.235
1785.000 0.240
1786.000 0.242
1787.000 0.245
1788.000 0.245
1789.000 0.239
1790.000 0.238
1791.000 0.240
1792.000 0.236
1793.000 0.241
1794.000 0.246
1795.000 0.254
1796.000 0.266
1797.000 0.283
1798.000 0.283
1799.000 0.262
1800.000 0.256
1801.000 0.287
1802.000 0.287
1803.000 0.298
1804.000 0.298
1805.000 0.293
1806.000 0.274
1807.000 0.267
1808.000 0.257
1809.000 0.267
1810.000 0.275
1811.000 0.283
1812.000 0.277
1813.000 0.272
1814.000 0.297
1815.000 0.298
1816.000 0.302
1817.000 0.293
1818.000 0.283
1819.000 0.319
1820.000 0.351
1821.000 0.355
1822.000 0.333
1823.000 0.341
1824.000 0.299
1825.000 0.325
1826.000 0.332
1827.000 0.371
1828.000 0.467
1829.000 0.426
1830.000 0.546
1831.000 0.529
1832.000 0.588
1833.000 0.615
1834.000 0.477
1835.000 0.585
1836.000 0.202
1837.000 0.351
1838.000 0.466
1839.000 0.586
1840.000 0.713
1841.000 0.775
1842.000 0.576
1843.000 0.437
1844.000 0.372
1845.000 0.446
1846.000 0.451
1847.000 0.644
1848.000 0.600
1849.000 0.683
1850.000 0.723
1851.000 0.773
1852.000 0.464
1853.000 0.421
1854.000 0.423
1855.000 0.380
1856.000 0.404
1857.000 0.517
1858.000 0.591
1859.000 0.528
1860.000 0.748
1861.000 0.604
1862.000 0.440
1863.000 0.203
1864.000 0.226
1865.000 0.192
1866.000 0.394
1867.000 0.542
1868.000 0.353
1869.000 0.595
1870.000 0.503
1871.000 0.400
1872.000 0.802
1873.000 0.191
1874.000 0.502
1875.000 0.610
1876.000 0.696
1877.000 0.595
1878.000 0.503
1879.000 0.460
1880.000 0.398
1881.000 0.481
1882.000 0.453
1883.000 0.430
1884.000 0.607
1885.000 0.293
1886.000 0.405
1887.000 0.571
1888.000 0.583
1889.000 0.518
1890.000 0.397
1891.000 0.428
1892.000 0.393
1893.000 0.709
1894.000 0.725
1895.000 0.592
1896.000 0.491
1897.000 0.461
1898.000 0.630
1899.000 0.698
1900.000 0.591
1901.000 0.620
1902.000 0.650
1903.000 0.695
1904.000 0.714
1905.000 0.706
1906.000 0.526
1907.000 0.311
1908.000 0.295
1909.000 0.287
1910.000 0.300
1911.000 0.316
1912.000 0.271
1913.000 0.263
1914.000 0.273
1915.000 0.227
1916.000 0.288
1917.000 0.250
1918.000 0.302
1919.000 0.405
1920.000 0.435
1921.000 0.579
1922.000 0.411
1923.000 0.333
1924.000 0.335
1925.000 0.354
1926.000 0.401
1927.000 0.404
1928.000 0.316
1929.000 0.247
1930.000 0.199
1931.000 0.212
1932.000 0.226
1933.000 0.240
1934.000 0.239
1935.000 0.249
1936.000 0.220
1937.000 0.190
1938.000 0.186
1939.000 0.213
1940.000 0.193
1941.000 0.180
1942.000 0.200
1943.000 0.154
1944.000 0.156
1945.000 0.128
1946.000 0.113
1947.000 0.116
1948.000 0.124
1949.000 0.142
1950.000 0.173
1951.000 0.186
1952.000 0.177
1953.000 0.152
1954.000 0.113
1955.000 0.103
1956.000 0.092
1957.000 0.089
1958.000 0.105
1959.000 0.111
1960.000 0.155
1961.000 0.147
1962.000 0.160
1963.000 0.133
1964.000 0.142
1965.000 0.146
1966.000 0.125
1967.000 0.141
1968.000 0.109
1969.000 0.083
1970.000 0.064
1971.000 0.059
1972.000 0.061
1973.000 0.068
1974.000 0.067
1975.000 0.067
1976.000 0.067
1977.000 0.067
1978.000 0.066
1979.000 0.069
1980.000 0.069
1981.000 0.053
1982.000 0.046
1983.000 0.045
1984.000 0.044
1985.000 0.048
1986.000 0.052
1987.000 0.058
1988.000 0.062
1989.000 0.072
1990.000 0.080
1991.000 0.089
1992.000 0.099
1993.000 0.093
1994.000 0.079
1995.000 0.071
1996.000 0.065
1997.000 0.063
1998.000 0.061
1999.000 0.061
2000.000 0.065
2001.000 0.071
2002.000 0.100
2003.000 0.104
2004.000 0.087
2005.000 0.082
2006.000 0.073
2007.000 0.065
2008.000 0.075
2009.000 0.086
2010.000 0.104
2011.000 0.135
2012.000 0.144
2013.000 0.146
2014.000 0.136
2015.000 0.116
2016.000 0.099
2017.000 0.083
2018.000 0.074
2019.000 0.067
2020.000 0.056
2021.000 0.051
2022.000 0.049
2023.000 0.048
2024.000 0.047
2025.000 0.051
2026.000 0.057
2027.000 0.060
2028.000 0.062
2029.000 0.062
2030.000 0.058
2031.000 0.059
2032.000 0.059
2033.000 0.060
2034.000 0.063
2035.000 0.066
2036.000 0.071
2037.000 0.075
2038.000 0.075
2039.000 0.073
2040.000 0.069
2041.000 0.066
2042.000 0.063
2043.000 0.060
2044.000 0.058
2045.000 0.056
2046.000 0.055
2047.000 0.055
2048.000 0.056
2049.000 0.057
2050.000 0.059
2051.000 0.062
2052.000 0.063
2053.000 0.068
2054.000 0.066
2055.000 0.065
2056.000 0.068
2057.000 0.069
2058.000 0.069
2059.000 0.070
2060.000 0.070
2061.000 0.071
2062.000 0.071
2063.000 0.070
2064.000 0.066
2065.000 0.065
2066.000 0.060
2067.000 0.062
2068.000 0.069
2069.000 0.074
2070.000 0.081
2071.000 0.086
2072.000 0.088
2073.000 0.088
2074.000 0.089
2075.000 0.090
2076.000 0.089
2077.000 0.088
2078.000 0.086
2079.000 0.081
2080.000 0.079
2081.000 0.075
2082.000 0.074
2083.000 0.076
2084.000 0.077
2085.000 0.079
2086.000 0.082
2087.000 0.083
2088.000 0.083
2089.000 0.084
2090.000 0.084
2091.000 0.084
2092.000 0.083
2093.000 0.083
2094.000 0.081
2095.000 0.080
2096.000 0.081
2097.000 0.081
2098.000 0.081
2099.000 0.083
2100.000 0.085
2101.000 0.087
2102.000 0.091
2103.000 0.092
2104.000 0.094
2105.000 0.098
2106.000 0.098
2107.000 0.098
2108.000 0.098
2109.000 0.094
2110.000 0.094
2111.000 0.093
2112.000 0.094
2113.000 0.097
2114.000 0.097
2115.000 0.098
2116.000 0.097
2117.000 0.094
2118.000 0.092
2119.000 0.093
2120.000 0.092
2121.000 0.095
2122.000 0.097
2123.000 0.097
2124.000 0.098
2125.000 0.099
2126.000 0.096
2127.000 0.097
2128.000 0.098
2129.000 0.100
2130.000 0.100
2131.000 0.103
2132.000 0.105
2133.000 0.108
2134.000 0.114
2135.000 0.115
2136.000 0.116
2137.000 0.114
2138.000 0.110
2139.000 0.106
2140.000 0.107
2141.000 0.108
2142.000 0.108
2143.000 0.108
2144.000 0.110
2145.000 0.111
2146.000 0.112
2147.000 0.117
2148.000 0.117
2149.000 0.114
2150.000 0.112
2151.000 0.109
2152.000 0.109
2153.000 0.110
2154.000 0.113
2155.000 0.118
2156.000 0.124
2157.000 0.126
2158.000 0.127
2159.000 0.121
2160.000 0.117
2161.000 0.116
2162.000 0.116
2163.000 0.118
2164.000 0.125
2165.000 0.128
2166.000 0.134
2167.000 0.136
2168.000 0.130
2169.000 0.130
2170.000 0.130
2171.000 0.128
2172.000 0.129
2173.000 0.128
2174.000 0.123
2175.000 0.121
2176.000 0.119
2177.000 0.116
2178.000 0.118
2179.000 0.121
2180.000 0.123
2181.000 0.126
2182.000 0.124
2183.000 0.122
2184.000 0.119
2185.000 0.115
2186.000 0.113
2187.000 0.115
2188.000 0.115
2189.000 0.118
2190.000 0.120
2191.000 0.119
2192.000 0.121
2193.000 0.124
2194.000 0.123
2195.000 0.122
2196.000 0.121
2197.000 0.116
2198.000 0.117
2199.000 0.123
2200.000 0.127
2201.000 0.130
2202.000 0.133
2203.000 0.134
2204.000 0.128
2205.000 0.128
2206.000 0.130
2207.000 0.126
2208.000 0.126
2209.000 0.126
2210.000 0.125
2211.000 0.124
2212.000 0.126
2213.000 0.126
2214.000 0.127
2215.000 0.126
2216.000 0.125
2217.000 0.124
2218.000 0.124
2219.000 0.124
2220.000 0.129
2221.000 0.131
2222.000 0.136
2223.000 0.139
2224.000 0.139
2225.000 0.138
2226.000 0.134
2227.000 0.132
2228.000 0.131
2229.000 0.131
2230.000 0.134
2231.000 0.135
2232.000 0.133
2233.000 0.131
2234.000 0.131
2235.000 0.130
2236.000 0.131
2237.000 0.137
2238.000 0.138
2239.000 0.137
2240.000 0.135
2241.000 0.131
2242.000 0.127
2243.000 0.121
2244.000 0.119
2245.000 0.115
2246.000 0.115
2247.000 0.117
2248.000 0.117
2249.000 0.116
2250.000 0.117
2251.000 0.118
2252.000 0.119
2253.000 0.122
2254.000 0.122
2255.000 0.122
2256.000 0.121
2257.000 0.120
2258.000 0.122
2259.000 0.125
2260.000 0.128
2261.000 0.135
2262.000 0.131
2263.000 0.130
2264.000 0.125
2265.000 0.117
2266.000 0.119
2267.000 0.120
2268.000 0.118
2269.000 0.129
2270.000 0.129
2271.000 0.115
2272.000 0.108
2273.000 0.104
2274.000 0.094
2275.000 0.095
2276.000 0.107
2277.000 0.114
2278.000 0.129
2279.000 0.140
2280.000 0.138
2281.000 0.136
2282.000 0.129
2283.000 0.126
2284.000 0.127
2285.000 0.124
2286.000 0.124
2287.000 0.122
2288.000 0.113
2289.000 0.107
2290.000 0.103
2291.000 0.101
2292.000 0.104
2293.000 0.103
2294.000 0.112
2295.000 0.113
2296.000 0.109
2297.000 0.104
2298.000 0.097
2299.000 0.090
2300.000 0.094
2301.000 0.104
2302.000 0.109
2303.000 0.125
2304.000 0.134
2305.000 0.120
2306.000 0.110
2307.000 0.097
2308.000 0.093
2309.000 0.096
2310.000 0.100
2311.000 0.111
2312.000 0.108
2313.000 0.103
2314.000 0.092
2315.000 0.090
2316.000 0.098
2317.000 0.096
2318.000 0.101
2319.000 0.098
2320.000 0.094
2321.000 0.082
2322.000 0.085
2323.000 0.084
2324.000 0.117
2325.000 0.107
2326.000 0.103
2327.000 0.095
2328.000 0.076
2329.000 0.064
2330.000 0.061
2331.000 0.059
2332.000 0.059
2333.000 0.064
2334.000 0.068
2335.000 0.076
2336.000 0.082
2337.000 0.088
2338.000 0.082
2339.000 0.093
2340.000 0.119
2341.000 0.131
2342.000 0.113
2343.000 0.104
2344.000 0.091
2345.000 0.083
2346.000 0.083
2347.000 0.112
2348.000 0.107
2349.000 0.086
2350.000 0.090
2351.000 0.088
2352.000 0.103
2353.000 0.131
2354.000 0.135
2355.000 0.091
2356.000 0.088
2357.000 0.115
2358.000 0.101
2359.000 0.097
2360.000 0.110
2361.000 0.116
2362.000 0.061
2363.000 0.064
2364.000 0.100
2365.000 0.078
2366.000 0.077
2367.000 0.074
2368.000 0.081
2369.000 0.090
2370.000 0.073
2371.000 0.075
2372.000 0.060
2373.000 0.059
2374.000 0.068
2375.000 0.089
2376.000 0.117
2377.000 0.117
2378.000 0.104
2379.000 0.097
2380.000 0.117
2381.000 0.151
2382.000 0.104
2383.000 0.144
2384.000 0.088
2385.000 0.121
2386.000 0.126
2387.000 0.126
2388.000 0.067
2389.000 0.047
2390.000 0.062
2391.000 0.114
2392.000 0.105
2393.000 0.118
2394.000 0.149
2395.000 0.117
2396.000 0.101
2397.000 0.148
2398.000 0.113
2399.000 0.066
2400.000 0.081
2401.000 0.079
2402.000 0.058
2403.000 0.056
2404.000 0.048
2405.000 0.068
2406.000 0.082
2407.000 0.104
2408.000 0.146
2409.000 0.143
2410.000 0.166
2411.000 0.117
2412.000 0.125
2413.000 0.179
2414.000 0.164
2415.000 0.138
2416.000 0.112
2417.000 0.054
2418.000 0.166
2419.000 0.179
2420.000 0.163
2421.000 0.149
2422.000 0.118
2423.000 0.108
2424.000 0.088
2425.000 0.075
2426.000 0.101
2427.000 0.124
2428.000 0.104
2429.000 0.121
2430.000 0.133
2431.000 0.114
2432.000 0.128
2433.000 0.181
2434.000 0.141
2435.000 0.056
2436.000 0.030
2437.000 0.074
2438.000 0.100
2439.000 0.111
2440.000 0.174
2441.000 0.186
2442.000 0.223
2443.000 0.155
2444.000 0.172
2445.000 0.147
2446.000 0.108
2447.000 0.152
2448.000 0.298
2449.000 0.172
2450.000 0.202
2451.000 0.295
2452.000 0.298
2453.000 0.309
2454.000 0.216
2455.000 0.153
2456.000 0.101
2457.000 0.045
2458.000 0.111
2459.000 0.142
2460.000 0.182
2461.000 0.128
2462.000 0.084
2463.000 0.069
2464.000 0.102
2465.000 0.074
2466.000 0.139
2467.000 0.181
2468.000 0.207
2469.000 0.193
2470.000 0.203
2471.000 0.218
2472.000 0.115
2473.000 0.127
2474.000 0.227
2475.000 0.252
2476.000 0.292
2477.000 0.287
2478.000 0.316
2479.000 0.388
2480.000 0.560
2481.000 0.503
2482.000 0.273
2483.000 0.103
2484.000 0.094
2485.000 0.322
2486.000 0.583
2487.000 0.265
2488.000 0.263
2489.000 0.239
2490.000 0.269
2491.000 0.269
2492.000 0.641
2493.000 0.548
2494.000 0.447
2495.000 0.340
2496.000 0.184
2497.000 0.436
2498.000 0.546
2499.000 0.442
2500.000 0.420
