391.000 0.040
392.000 0.036
393.000 0.032
394.000 0.039
395.000 0.042
396.000 0.040
397.000 0.038
398.000 0.037
399.000 0.036
400.000 0.038
401.000 0.041
402.000 0.041
403.000 0.037
404.000 0.034
405.000 0.038
406.000 0.039
407.000 0.039
408.000 0.038
409.000 0.037
410.000 0.036
411.000 0.037
412.000 0.039
413.000 0.037
414.000 0.036
415.000 0.036
416.000 0.037
417.000 0.038
418.000 0.037
419.000 0.036
420.000 0.037
421.000 0.039
422.000 0.039
423.000 0.037
424.000 0.037
425.000 0.037
426.000 0.037
427.000 0.039
428.000 0.039
429.000 0.040
430.000 0.040
431.000 0.036
432.000 0.037
433.000 0.038
434.000 0.037
435.000 0.038
436.000 0.037
437.000 0.037
438.000 0.037
439.000 0.038
440.000 0.037
441.000 0.038
442.000 0.037
443.000 0.037
444.000 0.037
445.000 0.037
446.000 0.038
447.000 0.038
448.000 0.038
449.000 0.038
450.000 0.038
451.000 0.038
452.000 0.039
453.000 0.038
454.000 0.037
455.000 0.037
456.000 0.038
457.000 0.038
458.000 0.037
459.000 0.037
460.000 0.038
461.000 0.038
462.000 0.038
463.000 0.038
464.000 0.038
465.000 0.038
466.000 0.038
467.000 0.039
468.000 0.039
469.000 0.038
470.000 0.037
471.000 0.038
472.000 0.039
473.000 0.039
474.000 0.038
475.000 0.038
476.000 0.038
477.000 0.038
478.000 0.039
479.000 0.039
480.000 0.038
481.000 0.038
482.000 0.039
483.000 0.039
484.000 0.039
485.000 0.039
486.000 0.039
487.000 0.039
488.000 0.039
489.000 0.038
490.000 0.040
491.000 0.040
492.000 0.039
493.000 0.040
494.000 0.040
495.000 0.040
496.000 0.040
497.000 0.040
498.000 0.041
499.000 0.042
500.000 0.042
501.000 0.042
502.000 0.042
503.000 0.044
504.000 0.044
505.000 0.044
506.000 0.045
507.000 0.046
508.000 0.047
509.000 0.047
510.000 0.050
511.000 0.052
512.000 0.052
513.000 0.053
514.000 0.055
515.000 0.056
516.000 0.059
517.000 0.061
518.000 0.063
519.000 0.066
520.000 0.068
521.000 0.071
522.000 0.074
523.000 0.077
524.000 0.079
525.000 0.081
526.000 0.084
527.000 0.087
528.000 0.089
529.000 0.092
530.000 0.094
531.000 0.095
532.000 0.098
533.000 0.100
534.000 0.101
535.000 0.102
536.000 0.104
537.000 0.105
538.000 0.105
539.000 0.106
540.000 0.107
541.000 0.107
542.000 0.108
543.000 0.108
544.000 0.108
545.000 0.109
546.000 0.110
547.000 0.109
548.000 0.110
549.000 0.111
550.000 0.110
551.000 0.111
552.000 0.111
553.000 0.111
554.000 0.111
555.000 0.110
556.000 0.110
557.000 0.110
558.000 0.108
559.000 0.107
560.000 0.106
561.000 0.105
562.000 0.103
563.000 0.102
564.000 0.101
565.000 0.099
566.000 0.098
567.000 0.096
568.000 0.094
569.000 0.093
570.000 0.090
571.000 0.089
572.000 0.086
573.000 0.085
574.000 0.084
575.000 0.082
576.000 0.080
577.000 0.079
578.000 0.078
579.000 0.077
580.000 0.076
581.000 0.075
582.000 0.074
583.000 0.073
584.000 0.073
585.000 0.072
586.000 0.071
587.000 0.071
588.000 0.070
589.000 0.069
590.000 0.069
591.000 0.068
592.000 0.068
593.000 0.067
594.000 0.067
595.000 0.066
596.000 0.065
597.000 0.065
598.000 0.065
599.000 0.065
600.000 0.064
601.000 0.064
602.000 0.064
603.000 0.064
604.000 0.063
605.000 0.063
606.000 0.062
607.000 0.062
608.000 0.061
609.000 0.061
610.000 0.060
611.000 0.060
612.000 0.060
613.000 0.060
614.000 0.059
615.000 0.058
616.000 0.059
617.000 0.058
618.000 0.057
619.000 0.057
620.000 0.056
621.000 0.057
622.000 0.056
623.000 0.056
624.000 0.055
625.000 0.056
626.000 0.056
627.000 0.056
628.000 0.055
629.000 0.055
630.000 0.056
631.000 0.055
632.000 0.055
633.000 0.055
634.000 0.055
635.000 0.056
636.000 0.055
637.000 0.054
638.000 0.052
639.000 0.052
640.000 0.052
641.000 0.052
642.000 0.051
643.000 0.050
644.000 0.050
645.000 0.049
646.000 0.049
647.000 0.049
648.000 0.049
649.000 0.048
650.000 0.048
651.000 0.048
652.000 0.047
653.000 0.047
654.000 0.048
655.000 0.048
656.000 0.048
657.000 0.048
658.000 0.048
659.000 0.048
660.000 0.048
661.000 0.047
662.000 0.046
663.000 0.045
664.000 0.045
665.000 0.046
666.000 0.047
667.000 0.049
668.000 0.049
669.000 0.048
670.000 0.047
671.000 0.048
672.000 0.048
673.000 0.048
674.000 0.049
675.000 0.050
676.000 0.050
677.000 0.051
678.000 0.051
679.000 0.051
680.000 0.052
681.000 0.054
682.000 0.055
683.000 0.055
684.000 0.056
685.000 0.057
686.000 0.060
687.000 0.063
688.000 0.064
689.000 0.065
690.000 0.067
691.000 0.069
692.000 0.071
693.000 0.075
694.000 0.081
695.000 0.087
696.000 0.093
697.000 0.100
698.000 0.108
699.000 0.117
700.000 0.126
701.000 0.136
702.000 0.145
703.000 0.156
704.000 0.167
705.000 0.177
706.000 0.187
707.000 0.198
708.000 0.209
709.000 0.220
710.000 0.232
711.000 0.244
712.000 0.255
713.000 0.267
714.000 0.279
715.000 0.291
716.000 0.303
717.000 0.315
718.000 0.328
719.000 0.342
720.000 0.355
721.000 0.368
722.000 0.379
723.000 0.390
724.000 0.403
725.000 0.415
726.000 0.427
727.000 0.439
728.000 0.449
729.000 0.460
730.000 0.470
731.000 0.480
732.000 0.490
733.000 0.499
734.000 0.507
735.000 0.515
736.000 0.523
737.000 0.528
738.000 0.535
739.000 0.541
740.000 0.547
741.000 0.551
742.000 0.552
743.000 0.557
744.000 0.561
745.000 0.565
746.000 0.569
747.000 0.562
748.000 0.565
749.000 0.568
750.000 0.570
751.000 0.573
752.000 0.575
753.000 0.577
754.000 0.579
755.000 0.581
756.000 0.582
757.000 0.583
758.000 0.584
759.000 0.586
760.000 0.588
761.000 0.591
762.000 0.590
763.000 0.591
764.000 0.592
765.000 0.592
766.000 0.592
767.000 0.593
768.000 0.593
769.000 0.594
770.000 0.595
771.000 0.595
772.000 0.595
773.000 0.596
774.000 0.596
775.000 0.597
776.000 0.597
777.000 0.598
778.000 0.598
779.000 0.598
780.000 0.599
781.000 0.599
782.000 0.600
783.000 0.600
784.000 0.601
785.000 0.601
786.000 0.601
787.000 0.602
788.000 0.602
789.000 0.603
790.000 0.603
791.000 0.603
792.000 0.604
793.000 0.604
794.000 0.605
795.000 0.605
796.000 0.605
797.000 0.606
798.000 0.607
799.000 0.607
800.000 0.607
801.000 0.608
802.000 0.608
803.000 0.609
804.000 0.609
805.000 0.609
806.000 0.610
807.000 0.611
808.000 0.611
809.000 0.611
810.000 0.612
811.000 0.612
812.000 0.612
813.000 0.612
814.000 0.613
815.000 0.614
816.000 0.614
817.000 0.614
818.000 0.615
819.000 0.615
820.000 0.616
821.000 0.616
822.000 0.617
823.000 0.617
824.000 0.618
825.000 0.617
826.000 0.618
827.000 0.618
828.000 0.619
829.000 0.619
830.000 0.620
831.000 0.620
832.000 0.621
833.000 0.621
834.000 0.621
835.000 0.622
836.000 0.623
837.000 0.623
838.000 0.624
839.000 0.624
840.000 0.624
841.000 0.624
842.000 0.625
843.000 0.625
844.000 0.626
845.000 0.627
846.000 0.626
847.000 0.626
848.000 0.627
849.000 0.628
850.000 0.628
851.000 0.628
852.000 0.629
853.000 0.629
854.000 0.630
855.000 0.630
856.000 0.630
857.000 0.630
858.000 0.631
859.000 0.631
860.000 0.631
861.000 0.631
862.000 0.632
863.000 0.632
864.000 0.633
865.000 0.633
866.000 0.634
867.000 0.634
868.000 0.635
869.000 0.635
870.000 0.634
871.000 0.635
872.000 0.635
873.000 0.636
874.000 0.636
875.000 0.636
876.000 0.637
877.000 0.637
878.000 0.637
879.000 0.638
880.000 0.638
881.000 0.639
882.000 0.639
883.000 0.640
884.000 0.640
885.000 0.640
886.000 0.641
887.000 0.641
888.000 0.642
889.000 0.642
890.000 0.642
891.000 0.643
892.000 0.643
893.000 0.643
894.000 0.643
895.000 0.644
896.000 0.644
897.000 0.645
898.000 0.645
899.000 0.646
900.000 0.647
901.000 0.647
902.000 0.647
903.000 0.647
904.000 0.647
905.000 0.647
906.000 0.648
907.000 0.649
908.000 0.650
909.000 0.649
910.000 0.649
911.000 0.649
912.000 0.650
913.000 0.651
914.000 0.651
915.000 0.651
916.000 0.652
917.000 0.652
918.000 0.652
919.000 0.652
920.000 0.653
921.000 0.653
922.000 0.653
923.000 0.653
924.000 0.653
925.000 0.652
926.000 0.652
927.000 0.653
928.000 0.653
929.000 0.652
930.000 0.652
931.000 0.653
932.000 0.651
933.000 0.652
934.000 0.654
935.000 0.654
936.000 0.653
937.000 0.651
938.000 0.650
939.000 0.650
940.000 0.650
941.000 0.650
942.000 0.649
943.000 0.648
944.000 0.648
945.000 0.648
946.000 0.649
947.000 0.650
948.000 0.648
949.000 0.648
950.000 0.647
951.000 0.645
952.000 0.645
953.000 0.645
954.000 0.645
955.000 0.645
956.000 0.645
957.000 0.645
958.000 0.645
959.000 0.643
960.000 0.643
961.000 0.643
962.000 0.644
963.000 0.645
964.000 0.645
965.000 0.644
966.000 0.645
967.000 0.644
968.000 0.643
969.000 0.644
970.000 0.645
971.000 0.646
972.000 0.645
973.000 0.646
974.000 0.646
975.000 0.646
976.000 0.646
977.000 0.647
978.000 0.647
979.000 0.646
980.000 0.646
981.000 0.648
982.000 0.649
983.000 0.648
984.000 0.648
985.000 0.648
986.000 0.649
987.000 0.651
988.000 0.650
989.000 0.651
990.000 0.652
991.000 0.652
992.000 0.654
993.000 0.653
994.000 0.653
995.000 0.654
996.000 0.655
997.000 0.655
998.000 0.655
999.000 0.656
1000.000 0.656
1001.000 0.649
1002.000 0.649
1003.000 0.650
1004.000 0.651
1005.000 0.651
1006.000 0.651
1007.000 0.652
1008.000 0.653
1009.000 0.653
1010.000 0.654
1011.000 0.655
1012.000 0.656
1013.000 0.656
1014.000 0.658
1015.000 0.658
1016.000 0.658
1017.000 0.658
1018.000 0.659
1019.000 0.659
1020.000 0.659
1021.000 0.660
1022.000 0.661
1023.000 0.661
1024.000 0.662
1025.000 0.662
1026.000 0.663
1027.000 0.663
1028.000 0.663
1029.000 0.663
1030.000 0.663
1031.000 0.665
1032.000 0.666
1033.000 0.667
1034.000 0.667
1035.000 0.667
1036.000 0.667
1037.000 0.668
1038.000 0.668
1039.000 0.668
1040.000 0.669
1041.000 0.669
1042.000 0.669
1043.000 0.670
1044.000 0.671
1045.000 0.672
1046.000 0.671
1047.000 0.671
1048.000 0.672
1049.000 0.672
1050.000 0.673
1051.000 0.673
1052.000 0.674
1053.000 0.674
1054.000 0.674
1055.000 0.674
1056.000 0.675
1057.000 0.675
1058.000 0.676
1059.000 0.676
1060.000 0.676
1061.000 0.676
1062.000 0.676
1063.000 0.675
1064.000 0.676
1065.000 0.676
1066.000 0.677
1067.000 0.677
1068.000 0.677
1069.000 0.678
1070.000 0.678
1071.000 0.679
1072.000 0.679
1073.000 0.678
1074.000 0.678
1075.000 0.678
1076.000 0.677
1077.000 0.678
1078.000 0.677
1079.000 0.677
1080.000 0.677
1081.000 0.677
1082.000 0.678
1083.000 0.678
1084.000 0.678
1085.000 0.679
1086.000 0.679
1087.000 0.679
1088.000 0.679
1089.000 0.678
1090.000 0.679
1091.000 0.679
1092.000 0.679
1093.000 0.679
1094.000 0.679
1095.000 0.679
1096.000 0.679
1097.000 0.679
1098.000 0.680
1099.000 0.680
1100.000 0.680
1101.000 0.681
1102.000 0.681
1103.000 0.681
1104.000 0.681
1105.000 0.681
1106.000 0.680
1107.000 0.679
1108.000 0.679
1109.000 0.677
1110.000 0.677
1111.000 0.678
1112.000 0.679
1113.000 0.679
1114.000 0.680
1115.000 0.681
1116.000 0.681
1117.000 0.679
1118.000 0.678
1119.000 0.676
1120.000 0.675
1121.000 0.675
1122.000 0.677
1123.000 0.678
1124.000 0.695
1125.000 0.696
1126.000 0.696
1127.000 0.681
1128.000 0.677
1129.000 0.675
1130.000 0.672
1131.000 0.672
1132.000 0.671
1133.000 0.669
1134.000 0.668
1135.000 0.668
1136.000 0.668
1137.000 0.669
1138.000 0.669
1139.000 0.667
1140.000 0.667
1141.000 0.665
1142.000 0.665
1143.000 0.664
1144.000 0.663
1145.000 0.661
1146.000 0.659
1147.000 0.659
1148.000 0.657
1149.000 0.654
1150.000 0.654
1151.000 0.652
1152.000 0.651
1153.000 0.650
1154.000 0.649
1155.000 0.649
1156.000 0.649
1157.000 0.649
1158.000 0.649
1159.000 0.649
1160.000 0.648
1161.000 0.648
1162.000 0.648
1163.000 0.648
1164.000 0.648
1165.000 0.648
1166.000 0.648
1167.000 0.648
1168.000 0.648
1169.000 0.648
1170.000 0.648
1171.000 0.648
1172.000 0.648
1173.000 0.647
1174.000 0.647
1175.000 0.649
1176.000 0.650
1177.000 0.649
1178.000 0.650
1179.000 0.650
1180.000 0.650
1181.000 0.651
1182.000 0.651
1183.000 0.650
1184.000 0.650
1185.000 0.650
1186.000 0.651
1187.000 0.651
1188.000 0.651
1189.000 0.651
1190.000 0.651
1191.000 0.651
1192.000 0.652
1193.000 0.652
1194.000 0.652
1195.000 0.652
1196.000 0.652
1197.000 0.652
1198.000 0.653
1199.000 0.653
1200.000 0.653
1201.000 0.653
1202.000 0.654
1203.000 0.655
1204.000 0.655
1205.000 0.656
1206.000 0.656
1207.000 0.657
1208.000 0.657
1209.000 0.657
1210.000 0.657
1211.000 0.658
1212.000 0.658
1213.000 0.658
1214.000 0.659
1215.000 0.659
1216.000 0.659
1217.000 0.660
1218.000 0.660
1219.000 0.661
1220.000 0.661
1221.000 0.661
1222.000 0.661
1223.000 0.662
1224.000 0.662
1225.000 0.662
1226.000 0.661
1227.000 0.662
1228.000 0.662
1229.000 0.663
1230.000 0.663
1231.000 0.663
1232.000 0.663
1233.000 0.663
1234.000 0.663
1235.000 0.663
1236.000 0.664
1237.000 0.665
1238.000 0.665
1239.000 0.665
1240.000 0.665
1241.000 0.666
1242.000 0.665
1243.000 0.665
1244.000 0.666
1245.000 0.666
1246.000 0.666
1247.000 0.667
1248.000 0.667
1249.000 0.668
1250.000 0.668
1251.000 0.668
1252.000 0.668
1253.000 0.668
1254.000 0.669
1255.000 0.670
1256.000 0.670
1257.000 0.670
1258.000 0.670
1259.000 0.670
1260.000 0.671
1261.000 0.671
1262.000 0.671
1263.000 0.671
1264.000 0.671
1265.000 0.671
1266.000 0.672
1267.000 0.672
1268.000 0.672
1269.000 0.673
1270.000 0.674
1271.000 0.674
1272.000 0.675
1273.000 0.676
1274.000 0.676
1275.000 0.676
1276.000 0.675
1277.000 0.676
1278.000 0.676
1279.000 0.676
1280.000 0.676
1281.000 0.676
1282.000 0.677
1283.000 0.676
1284.000 0.677
1285.000 0.676
1286.000 0.677
1287.000 0.676
1288.000 0.676
1289.000 0.675
1290.000 0.674
1291.000 0.674
1292.000 0.674
1293.000 0.673
1294.000 0.673
1295.000 0.673
1296.000 0.672
1297.000 0.672
1298.000 0.672
1299.000 0.671
1300.000 0.671
1301.000 0.669
1302.000 0.669
1303.000 0.668
1304.000 0.667
1305.000 0.666
1306.000 0.665
1307.000 0.664
1308.000 0.663
1309.000 0.662
1310.000 0.661
1311.000 0.661
1312.000 0.659
1313.000 0.659
1314.000 0.657
1315.000 0.656
1316.000 0.654
1317.000 0.652
1318.000 0.651
1319.000 0.649
1320.000 0.649
1321.000 0.647
1322.000 0.646
1323.000 0.645
1324.000 0.643
1325.000 0.640
1326.000 0.637
1327.000 0.635
1328.000 0.632
1329.000 0.630
1330.000 0.628
1331.000 0.625
1332.000 0.624
1333.000 0.622
1334.000 0.633
1335.000 0.631
1336.000 0.628
1337.000 0.626
1338.000 0.623
1339.000 0.621
1340.000 0.619
1341.000 0.622
1342.000 0.619
1343.000 0.618
1344.000 0.618
1345.000 0.617
1346.000 0.622
1347.000 0.627
1348.000 0.627
1349.000 0.620
1350.000 0.620
1351.000 0.617
1352.000 0.619
1353.000 0.640
1354.000 0.651
1355.000 0.657
1356.000 0.680
1357.000 0.686
1358.000 0.697
1359.000 0.774
1360.000 0.641
1361.000 0.514
1362.000 0.375
1363.000 0.370
1364.000 0.383
1365.000 0.387
1366.000 0.442
1367.000 0.370
1368.000 0.424
1369.000 0.459
1370.000 0.673
1371.000 0.768
1372.000 0.924
1373.000 0.740
1374.000 0.569
1375.000 0.525
1376.000 0.341
1377.000 0.512
1378.000 0.538
1379.000 0.501
1380.000 0.504
1381.000 0.572
1382.000 0.592
1383.000 0.686
1384.000 0.538
1385.000 0.431
1386.000 0.253
1387.000 0.383
1388.000 0.243
1389.000 0.205
1390.000 0.471
1391.000 0.237
1392.000 0.446
1393.000 0.494
1394.000 0.526
1395.000 0.432
1396.000 0.320
1397.000 0.430
1398.000 0.394
1399.000 0.377
1400.000 0.350
1401.000 0.385
1402.000 0.483
1403.000 0.595
1404.000 0.670
1405.000 0.564
1406.000 0.484
1407.000 0.475
1408.000 0.499
1409.000 0.501
1410.000 0.515
1411.000 0.340
1412.000 0.323
1413.000 0.333
1414.000 0.350
1415.000 0.421
1416.000 0.379
1417.000 0.291
1418.000 0.288
1419.000 0.276
1420.000 0.265
1421.000 0.269
1422.000 0.265
1423.000 0.250
1424.000 0.244
1425.000 0.238
1426.000 0.238
1427.000 0.242
1428.000 0.242
1429.000 0.234
1430.000 0.231
1431.000 0.226
1432.000 0.227
1433.000 0.235
1434.000 0.232
1435.000 0.221
1436.000 0.216
1437.000 0.206
1438.000 0.203
1439.000 0.209
1440.000 0.212
1441.000 0.215
1442.000 0.215
1443.000 0.213
1444.000 0.210
1445.000 0.206
1446.000 0.204
1447.000 0.198
1448.000 0.198
1449.000 0.204
1450.000 0.207
1451.000 0.209
1452.000 0.214
1453.000 0.212
1454.000 0.207
1455.000 0.204
1456.000 0.200
1457.000 0.198
1458.000 0.195
1459.000 0.195
1460.000 0.196
1461.000 0.198
1462.000 0.204
1463.000 0.206
1464.000 0.211
1465.000 0.213
1466.000 0.210
1467.000 0.210
1468.000 0.209
1469.000 0.209
1470.000 0.211
1471.000 0.213
1472.000 0.215
1473.000 0.218
1474.000 0.222
1475.000 0.224
1476.000 0.226
1477.000 0.227
1478.000 0.229
1479.000 0.229
1480.000 0.227
1481.000 0.228
1482.000 0.231
1483.000 0.234
1484.000 0.240
1485.000 0.243
1486.000 0.244
1487.000 0.246
1488.000 0.246
1489.000 0.248
1490.000 0.249
1491.000 0.251
1492.000 0.254
1493.000 0.256
1494.000 0.258
1495.000 0.260
1496.000 0.261
1497.000 0.263
1498.000 0.266
1499.000 0.268
1500.000 0.270
1501.000 0.272
1502.000 0.274
1503.000 0.276
1504.000 0.276
1505.000 0.278
1506.000 0.279
1507.000 0.280
1508.000 0.281
1509.000 0.282
1510.000 0.285
1511.000 0.286
1512.000 0.288
1513.000 0.290
1514.000 0.292
1515.000 0.293
1516.000 0.296
1517.000 0.299
1518.000 0.301
1519.000 0.304
1520.000 0.306
1521.000 0.310
1522.000 0.311
1523.000 0.314
1524.000 0.316
1525.000 0.317
1526.000 0.319
1527.000 0.321
1528.000 0.323
1529.000 0.326
1530.000 0.329
1531.000 0.331
1532.000 0.333
1533.000 0.336
1534.000 0.338
1535.000 0.339
1536.000 0.342
1537.000 0.344
1538.000 0.347
1539.000 0.351
1540.000 0.353
1541.000 0.356
1542.000 0.357
1543.000 0.357
1544.000 0.358
1545.000 0.360
1546.000 0.361
1547.000 0.364
1548.000 0.366
1549.000 0.368
1550.000 0.370
1551.000 0.372
1552.000 0.373
1553.000 0.377
1554.000 0.378
1555.000 0.377
1556.000 0.378
1557.000 0.379
1558.000 0.380
1559.000 0.383
1560.000 0.385
1561.000 0.388
1562.000 0.391
1563.000 0.394
1564.000 0.396
1565.000 0.398
1566.000 0.399
1567.000 0.399
1568.000 0.401
1569.000 0.403
1570.000 0.405
1571.000 0.408
1572.000 0.409
1573.000 0.411
1574.000 0.413
1575.000 0.413
1576.000 0.415
1577.000 0.415
1578.000 0.416
1579.000 0.418
1580.000 0.421
1581.000 0.424
1582.000 0.426
1583.000 0.428
1584.000 0.429
1585.000 0.429
1586.000 0.430
1587.000 0.431
1588.000 0.433
1589.000 0.435
1590.000 0.437
1591.000 0.439
1592.000 0.441
1593.000 0.442
1594.000 0.443
1595.000 0.443
1596.000 0.444
1597.000 0.443
1598.000 0.444
1599.000 0.446
1600.000 0.447
1601.000 0.449
1602.000 0.451
1603.000 0.452
1604.000 0.454
1605.000 0.456
1606.000 0.457
1607.000 0.458
1608.000 0.459
1609.000 0.459
1610.000 0.461
1611.000 0.462
1612.000 0.464
1613.000 0.466
1614.000 0.468
1615.000 0.469
1616.000 0.470
1617.000 0.471
1618.000 0.473
1619.000 0.474
1620.000 0.474
1621.000 0.474
1622.000 0.475
1623.000 0.476
1624.000 0.476
1625.000 0.477
1626.000 0.477
1627.000 0.477
1628.000 0.478
1629.000 0.479
1630.000 0.479
1631.000 0.480
1632.000 0.481
1633.000 0.479
1634.000 0.480
1635.000 0.482
1636.000 0.483
1637.000 0.484
1638.000 0.486
1639.000 0.487
1640.000 0.488
1641.000 0.489
1642.000 0.490
1643.000 0.490
1644.000 0.490
1645.000 0.490
1646.000 0.491
1647.000 0.493
1648.000 0.493
1649.000 0.493
1650.000 0.493
1651.000 0.494
1652.000 0.495
1653.000 0.495
1654.000 0.496
1655.000 0.494
1656.000 0.494
1657.000 0.494
1658.000 0.493
1659.000 0.494
1660.000 0.495
1661.000 0.496
1662.000 0.496
1663.000 0.495
1664.000 0.496
1665.000 0.498
1666.000 0.500
1667.000 0.500
1668.000 0.501
1669.000 0.500
1670.000 0.501
1671.000 0.503
1672.000 0.503
1673.000 0.502
1674.000 0.501
1675.000 0.500
1676.000 0.500
1677.000 0.499
1678.000 0.499
1679.000 0.502
1680.000 0.503
1681.000 0.506
1682.000 0.507
1683.000 0.507
1684.000 0.507
1685.000 0.507
1686.000 0.508
1687.000 0.508
1688.000 0.508
1689.000 0.508
1690.000 0.507
1691.000 0.505
1692.000 0.504
1693.000 0.501
1694.000 0.500
1695.000 0.501
1696.000 0.501
1697.000 0.503
1698.000 0.504
1699.000 0.506
1700.000 0.505
1701.000 0.503
1702.000 0.504
1703.000 0.504
1704.000 0.504
1705.000 0.506
1706.000 0.506
1707.000 0.503
1708.000 0.502
1709.000 0.501
1710.000 0.501
1711.000 0.500
1712.000 0.499
1713.000 0.498
1714.000 0.497
1715.000 0.498
1716.000 0.497
1717.000 0.496
1718.000 0.493
1719.000 0.489
1720.000 0.488
1721.000 0.488
1722.000 0.488
1723.000 0.488
1724.000 0.488
1725.000 0.488
1726.000 0.488
1727.000 0.489
1728.000 0.490
1729.000 0.488
1730.000 0.485
1731.000 0.482
1732.000 0.480
1733.000 0.481
1734.000 0.481
1735.000 0.482
1736.000 0.482
1737.000 0.482
1738.000 0.484
1739.000 0.483
1740.000 0.482
1741.000 0.480
1742.000 0.473
1743.000 0.470
1744.000 0.469
1745.000 0.469
1746.000 0.472
1747.000 0.472
1748.000 0.471
1749.000 0.470
1750.000 0.466
1751.000 0.464
1752.000 0.462
1753.000 0.460
1754.000 0.457
1755.000 0.455
1756.000 0.453
1757.000 0.452
1758.000 0.451
1759.000 0.448
1760.000 0.445
1761.000 0.443
1762.000 0.442
1763.000 0.442
1764.000 0.443
1765.000 0.445
1766.000 0.445
1767.000 0.443
1768.000 0.442
1769.000 0.441
1770.000 0.440
1771.000 0.440
1772.000 0.439
1773.000 0.432
1774.000 0.428
1775.000 0.428
1776.000 0.427
1777.000 0.429
1778.000 0.429
1779.000 0.429
1780.000 0.429
1781.000 0.428
1782.000 0.427
1783.000 0.423
1784.000 0.420
1785.000 0.425
1786.000 0.426
1787.000 0.431
1788.000 0.433
1789.000 0.427
1790.000 0.423
1791.000 0.420
1792.000 0.413
1793.000 0.411
1794.000 0.409
1795.000 0.409
1796.000 0.410
1797.000 0.417
1798.000 0.416
1799.000 0.407
1800.000 0.402
1801.000 0.457
1802.000 0.466
1803.000 0.497
1804.000 0.510
1805.000 0.515
1806.000 0.512
1807.000 0.503
1808.000 0.451
1809.000 0.439
1810.000 0.467
1811.000 0.464
1812.000 0.450
1813.000 0.454
1814.000 0.471
1815.000 0.374
1816.000 0.355
1817.000 0.373
1818.000 0.365
1819.000 0.446
1820.000 0.431
1821.000 0.315
1822.000 0.458
1823.000 0.518
1824.000 0.625
1825.000 0.625
1826.000 0.649
1827.000 0.624
1828.000 0.581
1829.000 0.500
1830.000 0.433
1831.000 0.391
1832.000 0.373
1833.000 0.560
1834.000 0.558
1835.000 0.542
1836.000 0.397
1837.000 0.372
1838.000 0.479
1839.000 0.543
1840.000 0.514
1841.000 0.426
1842.000 0.416
1843.000 0.284
1844.000 0.365
1845.000 0.548
1846.000 0.544
1847.000 0.590
1848.000 0.562
1849.000 0.562
1850.000 0.471
1851.000 0.544
1852.000 0.506
1853.000 0.422
1854.000 0.306
1855.000 0.351
1856.000 0.538
1857.000 0.438
1858.000 0.487
1859.000 0.487
1860.000 0.498
1861.000 0.633
1862.000 0.586
1863.000 0.496
1864.000 0.554
1865.000 0.332
1866.000 0.292
1867.000 0.383
1868.000 0.446
1869.000 0.305
1870.000 0.389
1871.000 0.414
1872.000 0.489
1873.000 0.426
1874.000 0.592
1875.000 0.537
1876.000 0.554
1877.000 0.428
1878.000 0.370
1879.000 0.371
1880.000 0.687
1881.000 0.445
1882.000 0.398
1883.000 0.542
1884.000 0.594
1885.000 0.435
1886.000 0.458
1887.000 0.767
1888.000 0.662
1889.000 0.325
1890.000 0.257
1891.000 0.714
1892.000 0.374
1893.000 0.642
1894.000 0.797
1895.000 0.303
1896.000 0.554
1897.000 0.699
1898.000 0.710
1899.000 0.625
1900.000 0.442
1901.000 0.308
1902.000 0.415
1903.000 0.520
1904.000 0.332
1905.000 0.542
1906.000 0.583
1907.000 0.388
1908.000 0.350
1909.000 0.438
1910.000 0.257
1911.000 0.182
1912.000 0.216
1913.000 0.187
1914.000 0.170
1915.000 0.310
1916.000 0.457
1917.000 0.441
1918.000 0.404
1919.000 0.459
1920.000 0.380
1921.000 0.270
1922.000 0.287
1923.000 0.416
1924.000 0.371
1925.000 0.252
1926.000 0.343
1927.000 0.374
1928.000 0.292
1929.000 0.229
1930.000 0.225
1931.000 0.203
1932.000 0.351
1933.000 0.473
1934.000 0.382
1935.000 0.419
1936.000 0.443
1937.000 0.318
1938.000 0.364
1939.000 0.499
1940.000 0.532
1941.000 0.393
1942.000 0.464
1943.000 0.468
1944.000 0.378
1945.000 0.400
1946.000 0.296
1947.000 0.308
1948.000 0.388
1949.000 0.422
1950.000 0.399
1951.000 0.382
1952.000 0.390
1953.000 0.274
1954.000 0.215
1955.000 0.338
1956.000 0.194
1957.000 0.179
1958.000 0.199
1959.000 0.221
1960.000 0.240
1961.000 0.255
1962.000 0.260
1963.000 0.235
1964.000 0.232
1965.000 0.242
1966.000 0.226
1967.000 0.186
1968.000 0.194
1969.000 0.154
1970.000 0.132
1971.000 0.124
1972.000 0.113
1973.000 0.098
1974.000 0.097
1975.000 0.096
1976.000 0.089
1977.000 0.093
1978.000 0.103
1979.000 0.107
1980.000 0.110
1981.000 0.120
1982.000 0.122
1983.000 0.123
1984.000 0.129
1985.000 0.130
1986.000 0.130
1987.000 0.128
1988.000 0.121
1989.000 0.106
1990.000 0.102
1991.000 0.098
1992.000 0.098
1993.000 0.108
1994.000 0.122
1995.000 0.128
1996.000 0.142
1997.000 0.164
1998.000 0.171
1999.000 0.183
2000.000 0.199
2001.000 0.214
2002.000 0.219
2003.000 0.234
2004.000 0.261
2005.000 0.278
2006.000 0.281
2007.000 0.312
2008.000 0.325
2009.000 0.276
2010.000 0.242
2011.000 0.193
2012.000 0.162
2013.000 0.151
2014.000 0.153
2015.000 0.185
2016.000 0.184
2017.000 0.175
2018.000 0.168
2019.000 0.155
2020.000 0.145
2021.000 0.148
2022.000 0.154
2023.000 0.160
2024.000 0.166
2025.000 0.163
2026.000 0.162
2027.000 0.162
2028.000 0.161
2029.000 0.159
2030.000 0.155
2031.000 0.156
2032.000 0.160
2033.000 0.161
2034.000 0.165
2035.000 0.169
2036.000 0.169
2037.000 0.169
2038.000 0.170
2039.000 0.169
2040.000 0.164
2041.000 0.160
2042.000 0.160
2043.000 0.166
2044.000 0.170
2045.000 0.179
2046.000 0.184
2047.000 0.183
2048.000 0.184
2049.000 0.182
2050.000 0.182
2051.000 0.183
2052.000 0.192
2053.000 0.197
2054.000 0.204
2055.000 0.202
2056.000 0.200
2057.000 0.196
2058.000 0.181
2059.000 0.176
2060.000 0.175
2061.000 0.175
2062.000 0.181
2063.000 0.184
2064.000 0.191
2065.000 0.193
2066.000 0.190
2067.000 0.191
2068.000 0.191
2069.000 0.188
2070.000 0.185
2071.000 0.179
2072.000 0.176
2073.000 0.171
2074.000 0.175
2075.000 0.184
2076.000 0.191
2077.000 0.204
2078.000 0.209
2079.000 0.212
2080.000 0.213
2081.000 0.210
2082.000 0.203
2083.000 0.197
2084.000 0.195
2085.000 0.192
2086.000 0.196
2087.000 0.200
2088.000 0.210
2089.000 0.210
2090.000 0.204
2091.000 0.204
2092.000 0.200
2093.000 0.202
2094.000 0.214
2095.000 0.220
2096.000 0.226
2097.000 0.228
2098.000 0.226
2099.000 0.225
2100.000 0.224
2101.000 0.224
2102.000 0.229
2103.000 0.233
2104.000 0.235
2105.000 0.237
2106.000 0.238
2107.000 0.239
2108.000 0.238
2109.000 0.233
2110.000 0.232
2111.000 0.231
2112.000 0.231
2113.000 0.234
2114.000 0.235
2115.000 0.236
2116.000 0.237
2117.000 0.236
2118.000 0.237
2119.000 0.239
2120.000 0.243
2121.000 0.246
2122.000 0.248
2123.000 0.247
2124.000 0.241
2125.000 0.239
2126.000 0.238
2127.000 0.236
2128.000 0.234
2129.000 0.235
2130.000 0.235
2131.000 0.236
2132.000 0.239
2133.000 0.243
2134.000 0.247
2135.000 0.248
2136.000 0.249
2137.000 0.252
2138.000 0.250
2139.000 0.250
2140.000 0.247
2141.000 0.247
2142.000 0.247
2143.000 0.248
2144.000 0.251
2145.000 0.259
2146.000 0.261
2147.000 0.263
2148.000 0.263
2149.000 0.257
2150.000 0.256
2151.000 0.255
2152.000 0.257
2153.000 0.264
2154.000 0.269
2155.000 0.275
2156.000 0.281
2157.000 0.282
2158.000 0.280
2159.000 0.281
2160.000 0.278
2161.000 0.275
2162.000 0.272
2163.000 0.271
2164.000 0.267
2165.000 0.270
2166.000 0.277
2167.000 0.280
2168.000 0.282
2169.000 0.286
2170.000 0.289
2171.000 0.290
2172.000 0.295
2173.000 0.295
2174.000 0.286
2175.000 0.283
2176.000 0.282
2177.000 0.278
2178.000 0.280
2179.000 0.274
2180.000 0.272
2181.000 0.270
2182.000 0.268
2183.000 0.272
2184.000 0.273
2185.000 0.276
2186.000 0.277
2187.000 0.277
2188.000 0.277
2189.000 0.280
2190.000 0.278
2191.000 0.271
2192.000 0.270
2193.000 0.266
2194.000 0.267
2195.000 0.278
2196.000 0.283
2197.000 0.287
2198.000 0.288
2199.000 0.283
2200.000 0.281
2201.000 0.280
2202.000 0.276
2203.000 0.275
2204.000 0.276
2205.000 0.277
2206.000 0.280
2207.000 0.283
2208.000 0.284
2209.000 0.284
2210.000 0.281
2211.000 0.281
2212.000 0.284
2213.000 0.284
2214.000 0.284
2215.000 0.284
2216.000 0.282
2217.000 0.283
2218.000 0.288
2219.000 0.291
2220.000 0.298
2221.000 0.300
2222.000 0.298
2223.000 0.298
2224.000 0.298
2225.000 0.296
2226.000 0.290
2227.000 0.290
2228.000 0.289
2229.000 0.280
2230.000 0.277
2231.000 0.276
2232.000 0.271
2233.000 0.274
2234.000 0.276
2235.000 0.274
2236.000 0.277
2237.000 0.279
2238.000 0.279
2239.000 0.280
2240.000 0.280
2241.000 0.278
2242.000 0.277
2243.000 0.278
2244.000 0.279
2245.000 0.281
2246.000 0.280
2247.000 0.276
2248.000 0.275
2249.000 0.273
2250.000 0.270
2251.000 0.267
2252.000 0.265
2253.000 0.262
2254.000 0.257
2255.000 0.253
2256.000 0.254
2257.000 0.256
2258.000 0.262
2259.000 0.277
2260.000 0.281
2261.000 0.283
2262.000 0.278
2263.000 0.271
2264.000 0.272
2265.000 0.263
2266.000 0.253
2267.000 0.251
2268.000 0.244
2269.000 0.240
2270.000 0.245
2271.000 0.244
2272.000 0.241
2273.000 0.239
2274.000 0.237
2275.000 0.235
2276.000 0.233
2277.000 0.235
2278.000 0.239
2279.000 0.239
2280.000 0.242
2281.000 0.239
2282.000 0.226
2283.000 0.221
2284.000 0.216
2285.000 0.214
2286.000 0.218
2287.000 0.219
2288.000 0.216
2289.000 0.215
2290.000 0.212
2291.000 0.214
2292.000 0.218
2293.000 0.222
2294.000 0.226
2295.000 0.231
2296.000 0.236
2297.000 0.245
2298.000 0.246
2299.000 0.250
2300.000 0.235
2301.000 0.222
2302.000 0.221
2303.000 0.221
2304.000 0.224
2305.000 0.226
2306.000 0.221
2307.000 0.218
2308.000 0.216
2309.000 0.216
2310.000 0.223
2311.000 0.231
2312.000 0.236
2313.000 0.232
2314.000 0.220
2315.000 0.218
2316.000 0.217
2317.000 0.217
2318.000 0.221
2319.000 0.210
2320.000 0.205
2321.000 0.213
2322.000 0.220
2323.000 0.232
2324.000 0.223
2325.000 0.212
2326.000 0.209
2327.000 0.210
2328.000 0.209
2329.000 0.218
2330.000 0.218
2331.000 0.211
2332.000 0.208
2333.000 0.204
2334.000 0.197
2335.000 0.190
2336.000 0.179
2337.000 0.169
2338.000 0.163
2339.000 0.145
2340.000 0.144
2341.000 0.161
2342.000 0.169
2343.000 0.187
2344.000 0.197
2345.000 0.172
2346.000 0.174
2347.000 0.172
2348.000 0.155
2349.000 0.143
2350.000 0.139
2351.000 0.159
2352.000 0.154
2353.000 0.172
2354.000 0.173
2355.000 0.153
2356.000 0.150
2357.000 0.142
2358.000 0.134
2359.000 0.133
2360.000 0.136
2361.000 0.119
2362.000 0.108
2363.000 0.127
2364.000 0.131
2365.000 0.140
2366.000 0.173
2367.000 0.164
2368.000 0.156
2369.000 0.171
2370.000 0.187
2371.000 0.185
2372.000 0.189
2373.000 0.220
2374.000 0.190
2375.000 0.162
2376.000 0.219
2377.000 0.193
2378.000 0.154
2379.000 0.135
2380.000 0.126
2381.000 0.142
2382.000 0.130
2383.000 0.142
2384.000 0.134
2385.000 0.140
2386.000 0.168
2387.000 0.205
2388.000 0.166
2389.000 0.185
2390.000 0.205
2391.000 0.213
2392.000 0.205
2393.000 0.209
2394.000 0.234
2395.000 0.194
2396.000 0.197
2397.000 0.224
2398.000 0.286
2399.000 0.183
2400.000 0.190
2401.000 0.185
2402.000 0.162
2403.000 0.182
2404.000 0.159
2405.000 0.223
2406.000 0.199
2407.000 0.169
2408.000 0.172
2409.000 0.181
2410.000 0.251
2411.000 0.399
2412.000 0.401
2413.000 0.379
2414.000 0.400
2415.000 0.419
2416.000 0.376
2417.000 0.359
2418.000 0.351
2419.000 0.312
2420.000 0.248
2421.000 0.186
2422.000 0.134
2423.000 0.247
2424.000 0.303
2425.000 0.240
2426.000 0.193
2427.000 0.225
2428.000 0.210
2429.000 0.189
2430.000 0.233
2431.000 0.275
2432.000 0.272
2433.000 0.330
2434.000 0.209
2435.000 0.199
2436.000 0.260
2437.000 0.129
2438.000 0.140
2439.000 0.292
2440.000 0.259
2441.000 0.446
2442.000 0.584
2443.000 0.517
2444.000 0.330
2445.000 0.213
2446.000 0.435
2447.000 0.459
2448.000 0.579
2449.000 0.257
2450.000 0.215
2451.000 0.182
2452.000 0.190
2453.000 0.120
2454.000 0.107
2455.000 0.095
2456.000 0.207
2457.000 0.242
2458.000 0.183
2459.000 0.138
2460.000 0.155
2461.000 0.310
2462.000 0.237
2463.000 0.187
2464.000 0.306
2465.000 0.323
2466.000 0.513
2467.000 0.498
2468.000 0.195
2469.000 0.438
2470.000 0.519
2471.000 0.704
2472.000 0.332
2473.000 0.336
2474.000 0.537
2475.000 0.401
2476.000 0.461
2477.000 0.357
2478.000 0.295
2479.000 0.327
2480.000 0.382
2481.000 0.408
2482.000 0.481
2483.000 0.512
2484.000 0.322
2485.000 0.291
2486.000 0.592
2487.000 0.300
2488.000 0.382
2489.000 0.596
2490.000 0.303
2491.000 0.264
2492.000 0.364
2493.000 0.314
2494.000 0.261
2495.000 0.259
2496.000 0.304
2497.000 0.388
2498.000 0.357
2499.000 0.451
2500.000 0.353
