391.000 0.022
392.000 0.023
393.000 0.021
394.000 0.020
395.000 0.023
396.000 0.024
397.000 0.021
398.000 0.021
399.000 0.023
400.000 0.024
401.000 0.023
402.000 0.024
403.000 0.023
404.000 0.021
405.000 0.020
406.000 0.020
407.000 0.021
408.000 0.022
409.000 0.020
410.000 0.018
411.000 0.017
412.000 0.019
413.000 0.020
414.000 0.020
415.000 0.020
416.000 0.021
417.000 0.019
418.000 0.018
419.000 0.020
420.000 0.021
421.000 0.020
422.000 0.020
423.000 0.021
424.000 0.021
425.000 0.021
426.000 0.021
427.000 0.023
428.000 0.020
429.000 0.020
430.000 0.022
431.000 0.021
432.000 0.021
433.000 0.021
434.000 0.023
435.000 0.023
436.000 0.022
437.000 0.020
438.000 0.019
439.000 0.021
440.000 0.021
441.000 0.022
442.000 0.022
443.000 0.021
444.000 0.020
445.000 0.020
446.000 0.020
447.000 0.021
448.000 0.021
449.000 0.021
450.000 0.021
451.000 0.020
452.000 0.020
453.000 0.020
454.000 0.020
455.000 0.021
456.000 0.021
457.000 0.021
458.000 0.021
459.000 0.021
460.000 0.020
461.000 0.023
462.000 0.023
463.000 0.021
464.000 0.021
465.000 0.023
466.000 0.023
467.000 0.023
468.000 0.022
469.000 0.022
470.000 0.023
471.000 0.024
472.000 0.022
473.000 0.020
474.000 0.022
475.000 0.023
476.000 0.022
477.000 0.022
478.000 0.022
479.000 0.022
480.000 0.023
481.000 0.023
482.000 0.022
483.000 0.023
484.000 0.024
485.000 0.023
486.000 0.022
487.000 0.022
488.000 0.023
489.000 0.024
490.000 0.024
491.000 0.024
492.000 0.024
493.000 0.023
494.000 0.024
495.000 0.025
496.000 0.024
497.000 0.023
498.000 0.024
499.000 0.026
500.000 0.026
501.000 0.026
502.000 0.027
503.000 0.027
504.000 0.028
505.000 0.027
506.000 0.028
507.000 0.029
508.000 0.030
509.000 0.030
510.000 0.031
511.000 0.030
512.000 0.032
513.000 0.033
514.000 0.034
515.000 0.036
516.000 0.037
517.000 0.037
518.000 0.039
519.000 0.041
520.000 0.044
521.000 0.045
522.000 0.046
523.000 0.048
524.000 0.049
525.000 0.050
526.000 0.053
527.000 0.053
528.000 0.054
529.000 0.057
530.000 0.058
531.000 0.058
532.000 0.059
533.000 0.061
534.000 0.062
535.000 0.063
536.000 0.063
537.000 0.064
538.000 0.064
539.000 0.065
540.000 0.065
541.000 0.065
542.000 0.066
543.000 0.066
544.000 0.066
545.000 0.067
546.000 0.067
547.000 0.067
548.000 0.067
549.000 0.068
550.000 0.068
551.000 0.068
552.000 0.067
553.000 0.067
554.000 0.068
555.000 0.068
556.000 0.068
557.000 0.068
558.000 0.067
559.000 0.067
560.000 0.067
561.000 0.066
562.000 0.064
563.000 0.064
564.000 0.064
565.000 0.062
566.000 0.062
567.000 0.060
568.000 0.059
569.000 0.058
570.000 0.058
571.000 0.057
572.000 0.056
573.000 0.056
574.000 0.055
575.000 0.054
576.000 0.054
577.000 0.053
578.000 0.052
579.000 0.051
580.000 0.050
581.000 0.050
582.000 0.050
583.000 0.050
584.000 0.049
585.000 0.048
586.000 0.047
587.000 0.047
588.000 0.047
589.000 0.047
590.000 0.047
591.000 0.046
592.000 0.046
593.000 0.046
594.000 0.046
595.000 0.046
596.000 0.046
597.000 0.046
598.000 0.045
599.000 0.045
600.000 0.046
601.000 0.045
602.000 0.046
603.000 0.045
604.000 0.044
605.000 0.043
606.000 0.043
607.000 0.044
608.000 0.044
609.000 0.043
610.000 0.045
611.000 0.045
612.000 0.045
613.000 0.042
614.000 0.041
615.000 0.041
616.000 0.042
617.000 0.042
618.000 0.043
619.000 0.042
620.000 0.042
621.000 0.042
622.000 0.041
623.000 0.042
624.000 0.042
625.000 0.041
626.000 0.041
627.000 0.042
628.000 0.041
629.000 0.041
630.000 0.042
631.000 0.042
632.000 0.042
633.000 0.042
634.000 0.043
635.000 0.043
636.000 0.043
637.000 0.042
638.000 0.042
639.000 0.041
640.000 0.041
641.000 0.039
642.000 0.038
643.000 0.038
644.000 0.038
645.000 0.037
646.000 0.038
647.000 0.038
648.000 0.035
649.000 0.035
650.000 0.036
651.000 0.037
652.000 0.037
653.000 0.037
654.000 0.038
655.000 0.039
656.000 0.039
657.000 0.038
658.000 0.039
659.000 0.042
660.000 0.038
661.000 0.036
662.000 0.035
663.000 0.036
664.000 0.038
665.000 0.038
666.000 0.038
667.000 0.037
668.000 0.037
669.000 0.037
670.000 0.037
671.000 0.038
672.000 0.038
673.000 0.036
674.000 0.039
675.000 0.041
676.000 0.042
677.000 0.043
678.000 0.042
679.000 0.042
680.000 0.042
681.000 0.043
682.000 0.045
683.000 0.044
684.000 0.045
685.000 0.045
686.000 0.048
687.000 0.051
688.000 0.054
689.000 0.054
690.000 0.054
691.000 0.056
692.000 0.060
693.000 0.062
694.000 0.064
695.000 0.067
696.000 0.073
697.000 0.076
698.000 0.080
699.000 0.086
700.000 0.091
701.000 0.098
702.000 0.105
703.000 0.110
704.000 0.116
705.000 0.122
706.000 0.128
707.000 0.136
708.000 0.142
709.000 0.149
710.000 0.155
711.000 0.163
712.000 0.169
713.000 0.177
714.000 0.184
715.000 0.192
716.000 0.200
717.000 0.207
718.000 0.217
719.000 0.226
720.000 0.236
721.000 0.243
722.000 0.251
723.000 0.258
724.000 0.267
725.000 0.277
726.000 0.286
727.000 0.294
728.000 0.301
729.000 0.310
730.000 0.318
731.000 0.325
732.000 0.333
733.000 0.340
734.000 0.346
735.000 0.353
736.000 0.360
737.000 0.366
738.000 0.372
739.000 0.377
740.000 0.383
741.000 0.387
742.000 0.392
743.000 0.396
744.000 0.401
745.000 0.405
746.000 0.408
747.000 0.412
748.000 0.415
749.000 0.418
750.000 0.421
751.000 0.423
752.000 0.426
753.000 0.428
754.000 0.430
755.000 0.432
756.000 0.434
757.000 0.436
758.000 0.437
759.000 0.439
760.000 0.441
761.000 0.444
762.000 0.445
763.000 0.446
764.000 0.447
765.000 0.448
766.000 0.448
767.000 0.449
768.000 0.450
769.000 0.450
770.000 0.451
771.000 0.452
772.000 0.453
773.000 0.453
774.000 0.454
775.000 0.455
776.000 0.455
777.000 0.456
778.000 0.457
779.000 0.457
780.000 0.458
781.000 0.459
782.000 0.459
783.000 0.460
784.000 0.461
785.000 0.462
786.000 0.462
787.000 0.463
788.000 0.463
789.000 0.464
790.000 0.465
791.000 0.465
792.000 0.466
793.000 0.466
794.000 0.467
795.000 0.468
796.000 0.468
797.000 0.469
798.000 0.470
799.000 0.470
800.000 0.471
801.000 0.471
802.000 0.472
803.000 0.473
804.000 0.473
805.000 0.474
806.000 0.475
807.000 0.475
808.000 0.476
809.000 0.477
810.000 0.477
811.000 0.478
812.000 0.479
813.000 0.479
814.000 0.480
815.000 0.480
816.000 0.481
817.000 0.481
818.000 0.482
819.000 0.483
820.000 0.483
821.000 0.484
822.000 0.485
823.000 0.485
824.000 0.485
825.000 0.485
826.000 0.486
827.000 0.487
828.000 0.487
829.000 0.488
830.000 0.488
831.000 0.489
832.000 0.489
833.000 0.489
834.000 0.490
835.000 0.491
836.000 0.491
837.000 0.492
838.000 0.493
839.000 0.493
840.000 0.493
841.000 0.494
842.000 0.494
843.000 0.495
844.000 0.495
845.000 0.496
846.000 0.496
847.000 0.497
848.000 0.497
849.000 0.498
850.000 0.498
851.000 0.499
852.000 0.499
853.000 0.500
854.000 0.500
855.000 0.500
856.000 0.501
857.000 0.502
858.000 0.502
859.000 0.503
860.000 0.503
861.000 0.504
862.000 0.504
863.000 0.504
864.000 0.505
865.000 0.505
866.000 0.505
867.000 0.506
868.000 0.506
869.000 0.507
870.000 0.507
871.000 0.508
872.000 0.508
873.000 0.509
874.000 0.509
875.000 0.510
876.000 0.510
877.000 0.510
878.000 0.510
879.000 0.511
880.000 0.512
881.000 0.512
882.000 0.513
883.000 0.513
884.000 0.514
885.000 0.515
886.000 0.515
887.000 0.515
888.000 0.516
889.000 0.516
890.000 0.517
891.000 0.517
892.000 0.518
893.000 0.518
894.000 0.518
895.000 0.519
896.000 0.519
897.000 0.520
898.000 0.520
899.000 0.521
900.000 0.522
901.000 0.522
902.000 0.523
903.000 0.523
904.000 0.523
905.000 0.523
906.000 0.523
907.000 0.524
908.000 0.524
909.000 0.525
910.000 0.526
911.000 0.526
912.000 0.526
913.000 0.526
914.000 0.526
915.000 0.526
916.000 0.528
917.000 0.528
918.000 0.529
919.000 0.528
920.000 0.529
921.000 0.529
922.000 0.529
923.000 0.530
924.000 0.530
925.000 0.530
926.000 0.530
927.000 0.530
928.000 0.530
929.000 0.530
930.000 0.530
931.000 0.530
932.000 0.531
933.000 0.531
934.000 0.530
935.000 0.530
936.000 0.529
937.000 0.530
938.000 0.530
939.000 0.527
940.000 0.529
941.000 0.527
942.000 0.526
943.000 0.530
944.000 0.530
945.000 0.528
946.000 0.528
947.000 0.529
948.000 0.528
949.000 0.527
950.000 0.526
951.000 0.525
952.000 0.528
953.000 0.527
954.000 0.524
955.000 0.521
956.000 0.523
957.000 0.522
958.000 0.522
959.000 0.523
960.000 0.521
961.000 0.520
962.000 0.520
963.000 0.519
964.000 0.519
965.000 0.522
966.000 0.523
967.000 0.521
968.000 0.523
969.000 0.522
970.000 0.521
971.000 0.521
972.000 0.521
973.000 0.522
974.000 0.523
975.000 0.523
976.000 0.521
977.000 0.522
978.000 0.523
979.000 0.524
980.000 0.525
981.000 0.524
982.000 0.525
983.000 0.525
984.000 0.524
985.000 0.525
986.000 0.526
987.000 0.527
988.000 0.527
989.000 0.527
990.000 0.528
991.000 0.529
992.000 0.528
993.000 0.529
994.000 0.529
995.000 0.530
996.000 0.531
997.000 0.531
998.000 0.530
999.000 0.531
1000.000 0.532
1001.000 0.535
1002.000 0.535
1003.000 0.536
1004.000 0.537
1005.000 0.537
1006.000 0.539
1007.000 0.540
1008.000 0.540
1009.000 0.541
1010.000 0.542
1011.000 0.542
1012.000 0.544
1013.000 0.544
1014.000 0.544
1015.000 0.545
1016.000 0.546
1017.000 0.547
1018.000 0.547
1019.000 0.548
1020.000 0.548
1021.000 0.548
1022.000 0.548
1023.000 0.549
1024.000 0.550
1025.000 0.551
1026.000 0.552
1027.000 0.552
1028.000 0.553
1029.000 0.553
1030.000 0.554
1031.000 0.555
1032.000 0.556
1033.000 0.557
1034.000 0.558
1035.000 0.558
1036.000 0.557
1037.000 0.557
1038.000 0.557
1039.000 0.558
1040.000 0.558
1041.000 0.559
1042.000 0.560
1043.000 0.561
1044.000 0.561
1045.000 0.562
1046.000 0.563
1047.000 0.563
1048.000 0.564
1049.000 0.565
1050.000 0.565
1051.000 0.566
1052.000 0.566
1053.000 0.567
1054.000 0.567
1055.000 0.568
1056.000 0.568
1057.000 0.568
1058.000 0.568
1059.000 0.568
1060.000 0.569
1061.000 0.570
1062.000 0.570
1063.000 0.571
1064.000 0.572
1065.000 0.572
1066.000 0.572
1067.000 0.572
1068.000 0.573
1069.000 0.574
1070.000 0.573
1071.000 0.574
1072.000 0.574
1073.000 0.573
1074.000 0.574
1075.000 0.574
1076.000 0.574
1077.000 0.575
1078.000 0.576
1079.000 0.576
1080.000 0.576
1081.000 0.576
1082.000 0.576
1083.000 0.576
1084.000 0.576
1085.000 0.576
1086.000 0.576
1087.000 0.576
1088.000 0.576
1089.000 0.576
1090.000 0.575
1091.000 0.575
1092.000 0.576
1093.000 0.576
1094.000 0.576
1095.000 0.577
1096.000 0.577
1097.000 0.577
1098.000 0.577
1099.000 0.577
1100.000 0.577
1101.000 0.577
1102.000 0.578
1103.000 0.578
1104.000 0.578
1105.000 0.578
1106.000 0.578
1107.000 0.578
1108.000 0.577
1109.000 0.577
1110.000 0.577
1111.000 0.577
1112.000 0.577
1113.000 0.577
1114.000 0.576
1115.000 0.575
1116.000 0.573
1117.000 0.572
1118.000 0.569
1119.000 0.569
1120.000 0.569
1121.000 0.569
1122.000 0.572
1123.000 0.572
1124.000 0.570
1125.000 0.570
1126.000 0.569
1127.000 0.568
1128.000 0.567
1129.000 0.566
1130.000 0.566
1131.000 0.565
1132.000 0.564
1133.000 0.563
1134.000 0.561
1135.000 0.559
1136.000 0.556
1137.000 0.556
1138.000 0.555
1139.000 0.554
1140.000 0.553
1141.000 0.552
1142.000 0.550
1143.000 0.547
1144.000 0.545
1145.000 0.542
1146.000 0.540
1147.000 0.536
1148.000 0.534
1149.000 0.532
1150.000 0.529
1151.000 0.527
1152.000 0.526
1153.000 0.525
1154.000 0.524
1155.000 0.524
1156.000 0.525
1157.000 0.524
1158.000 0.523
1159.000 0.523
1160.000 0.523
1161.000 0.522
1162.000 0.523
1163.000 0.523
1164.000 0.523
1165.000 0.523
1166.000 0.521
1167.000 0.521
1168.000 0.520
1169.000 0.519
1170.000 0.519
1171.000 0.519
1172.000 0.519
1173.000 0.518
1174.000 0.518
1175.000 0.519
1176.000 0.519
1177.000 0.520
1178.000 0.519
1179.000 0.518
1180.000 0.517
1181.000 0.516
1182.000 0.515
1183.000 0.516
1184.000 0.516
1185.000 0.515
1186.000 0.515
1187.000 0.515
1188.000 0.514
1189.000 0.515
1190.000 0.514
1191.000 0.514
1192.000 0.515
1193.000 0.515
1194.000 0.515
1195.000 0.515
1196.000 0.516
1197.000 0.516
1198.000 0.516
1199.000 0.516
1200.000 0.515
1201.000 0.515
1202.000 0.515
1203.000 0.515
1204.000 0.516
1205.000 0.517
1206.000 0.518
1207.000 0.518
1208.000 0.518
1209.000 0.518
1210.000 0.518
1211.000 0.519
1212.000 0.519
1213.000 0.520
1214.000 0.521
1215.000 0.521
1216.000 0.521
1217.000 0.522
1218.000 0.522
1219.000 0.523
1220.000 0.524
1221.000 0.525
1222.000 0.525
1223.000 0.525
1224.000 0.525
1225.000 0.525
1226.000 0.526
1227.000 0.527
1228.000 0.527
1229.000 0.528
1230.000 0.529
1231.000 0.529
1232.000 0.530
1233.000 0.530
1234.000 0.531
1235.000 0.530
1236.000 0.531
1237.000 0.531
1238.000 0.532
1239.000 0.532
1240.000 0.532
1241.000 0.533
1242.000 0.533
1243.000 0.534
1244.000 0.535
1245.000 0.535
1246.000 0.536
1247.000 0.536
1248.000 0.537
1249.000 0.538
1250.000 0.538
1251.000 0.539
1252.000 0.539
1253.000 0.539
1254.000 0.539
1255.000 0.540
1256.000 0.540
1257.000 0.541
1258.000 0.541
1259.000 0.541
1260.000 0.541
1261.000 0.541
1262.000 0.542
1263.000 0.542
1264.000 0.542
1265.000 0.542
1266.000 0.542
1267.000 0.543
1268.000 0.543
1269.000 0.542
1270.000 0.542
1271.000 0.543
1272.000 0.543
1273.000 0.543
1274.000 0.543
1275.000 0.543
1276.000 0.544
1277.000 0.544
1278.000 0.545
1279.000 0.545
1280.000 0.544
1281.000 0.544
1282.000 0.543
1283.000 0.543
1284.000 0.543
1285.000 0.543
1286.000 0.543
1287.000 0.543
1288.000 0.543
1289.000 0.543
1290.000 0.542
1291.000 0.541
1292.000 0.541
1293.000 0.540
1294.000 0.541
1295.000 0.540
1296.000 0.540
1297.000 0.539
1298.000 0.538
1299.000 0.537
1300.000 0.536
1301.000 0.535
1302.000 0.534
1303.000 0.533
1304.000 0.532
1305.000 0.530
1306.000 0.530
1307.000 0.529
1308.000 0.528
1309.000 0.527
1310.000 0.526
1311.000 0.526
1312.000 0.524
1313.000 0.522
1314.000 0.520
1315.000 0.517
1316.000 0.515
1317.000 0.514
1318.000 0.512
1319.000 0.511
1320.000 0.509
1321.000 0.507
1322.000 0.506
1323.000 0.505
1324.000 0.504
1325.000 0.503
1326.000 0.500
1327.000 0.499
1328.000 0.496
1329.000 0.494
1330.000 0.491
1331.000 0.490
1332.000 0.489
1333.000 0.487
1334.000 0.484
1335.000 0.482
1336.000 0.479
1337.000 0.477
1338.000 0.475
1339.000 0.474
1340.000 0.471
1341.000 0.469
1342.000 0.467
1343.000 0.466
1344.000 0.467
1345.000 0.468
1346.000 0.468
1347.000 0.468
1348.000 0.467
1349.000 0.462
1350.000 0.459
1351.000 0.456
1352.000 0.454
1353.000 0.455
1354.000 0.456
1355.000 0.494
1356.000 0.489
1357.000 0.404
1358.000 0.353
1359.000 0.286
1360.000 0.286
1361.000 0.270
1362.000 0.248
1363.000 0.270
1364.000 0.326
1365.000 0.356
1366.000 0.445
1367.000 0.300
1368.000 0.331
1369.000 0.383
1370.000 0.402
1371.000 0.322
1372.000 0.308
1373.000 0.284
1374.000 0.326
1375.000 0.411
1376.000 0.436
1377.000 0.488
1378.000 0.351
1379.000 0.338
1380.000 0.280
1381.000 0.423
1382.000 0.574
1383.000 0.488
1384.000 0.406
1385.000 0.428
1386.000 0.409
1387.000 0.490
1388.000 0.661
1389.000 0.649
1390.000 0.561
1391.000 0.579
1392.000 0.380
1393.000 0.386
1394.000 0.625
1395.000 0.589
1396.000 0.402
1397.000 0.355
1398.000 0.252
1399.000 0.248
1400.000 0.198
1401.000 0.204
1402.000 0.251
1403.000 0.285
1404.000 0.311
1405.000 0.261
1406.000 0.227
1407.000 0.185
1408.000 0.177
1409.000 0.148
1410.000 0.204
1411.000 0.233
1412.000 0.211
1413.000 0.101
1414.000 0.100
1415.000 0.212
1416.000 0.259
1417.000 0.507
1418.000 0.450
1419.000 0.307
1420.000 0.270
1421.000 0.186
1422.000 0.166
1423.000 0.262
1424.000 0.275
1425.000 0.183
1426.000 0.175
1427.000 0.157
1428.000 0.157
1429.000 0.155
1430.000 0.157
1431.000 0.202
1432.000 0.210
1433.000 0.194
1434.000 0.157
1435.000 0.189
1436.000 0.184
1437.000 0.196
1438.000 0.209
1439.000 0.198
1440.000 0.195
1441.000 0.197
1442.000 0.188
1443.000 0.169
1444.000 0.167
1445.000 0.165
1446.000 0.164
1447.000 0.181
1448.000 0.184
1449.000 0.181
1450.000 0.169
1451.000 0.161
1452.000 0.157
1453.000 0.156
1454.000 0.164
1455.000 0.166
1456.000 0.163
1457.000 0.164
1458.000 0.164
1459.000 0.162
1460.000 0.163
1461.000 0.159
1462.000 0.151
1463.000 0.145
1464.000 0.137
1465.000 0.135
1466.000 0.137
1467.000 0.140
1468.000 0.147
1469.000 0.151
1470.000 0.158
1471.000 0.157
1472.000 0.149
1473.000 0.146
1474.000 0.138
1475.000 0.139
1476.000 0.149
1477.000 0.152
1478.000 0.154
1479.000 0.158
1480.000 0.159
1481.000 0.161
1482.000 0.166
1483.000 0.167
1484.000 0.165
1485.000 0.165
1486.000 0.164
1487.000 0.164
1488.000 0.166
1489.000 0.167
1490.000 0.170
1491.000 0.172
1492.000 0.174
1493.000 0.175
1494.000 0.174
1495.000 0.175
1496.000 0.176
1497.000 0.177
1498.000 0.180
1499.000 0.181
1500.000 0.183
1501.000 0.185
1502.000 0.187
1503.000 0.188
1504.000 0.190
1505.000 0.192
1506.000 0.193
1507.000 0.195
1508.000 0.196
1509.000 0.196
1510.000 0.197
1511.000 0.199
1512.000 0.201
1513.000 0.204
1514.000 0.206
1515.000 0.208
1516.000 0.208
1517.000 0.208
1518.000 0.209
1519.000 0.208
1520.000 0.209
1521.000 0.212
1522.000 0.213
1523.000 0.215
1524.000 0.216
1525.000 0.219
1526.000 0.220
1527.000 0.222
1528.000 0.223
1529.000 0.224
1530.000 0.225
1531.000 0.227
1532.000 0.228
1533.000 0.230
1534.000 0.231
1535.000 0.233
1536.000 0.234
1537.000 0.234
1538.000 0.236
1539.000 0.238
1540.000 0.239
1541.000 0.241
1542.000 0.242
1543.000 0.243
1544.000 0.245
1545.000 0.246
1546.000 0.248
1547.000 0.249
1548.000 0.251
1549.000 0.251
1550.000 0.252
1551.000 0.252
1552.000 0.253
1553.000 0.255
1554.000 0.256
1555.000 0.258
1556.000 0.260
1557.000 0.260
1558.000 0.262
1559.000 0.264
1560.000 0.265
1561.000 0.266
1562.000 0.267
1563.000 0.269
1564.000 0.270
1565.000 0.272
1566.000 0.274
1567.000 0.276
1568.000 0.277
1569.000 0.278
1570.000 0.278
1571.000 0.278
1572.000 0.278
1573.000 0.278
1574.000 0.279
1575.000 0.279
1576.000 0.281
1577.000 0.283
1578.000 0.284
1579.000 0.285
1580.000 0.287
1581.000 0.287
1582.000 0.288
1583.000 0.290
1584.000 0.292
1585.000 0.295
1586.000 0.297
1587.000 0.298
1588.000 0.299
1589.000 0.298
1590.000 0.298
1591.000 0.298
1592.000 0.299
1593.000 0.301
1594.000 0.302
1595.000 0.303
1596.000 0.305
1597.000 0.305
1598.000 0.306
1599.000 0.308
1600.000 0.310
1601.000 0.311
1602.000 0.312
1603.000 0.312
1604.000 0.313
1605.000 0.312
1606.000 0.312
1607.000 0.313
1608.000 0.314
1609.000 0.317
1610.000 0.319
1611.000 0.319
1612.000 0.320
1613.000 0.319
1614.000 0.319
1615.000 0.321
1616.000 0.321
1617.000 0.322
1618.000 0.323
1619.000 0.324
1620.000 0.324
1621.000 0.324
1622.000 0.324
1623.000 0.324
1624.000 0.323
1625.000 0.324
1626.000 0.325
1627.000 0.328
1628.000 0.329
1629.000 0.330
1630.000 0.330
1631.000 0.331
1632.000 0.332
1633.000 0.333
1634.000 0.333
1635.000 0.334
1636.000 0.335
1637.000 0.335
1638.000 0.335
1639.000 0.335
1640.000 0.335
1641.000 0.336
1642.000 0.336
1643.000 0.338
1644.000 0.339
1645.000 0.339
1646.000 0.339
1647.000 0.340
1648.000 0.340
1649.000 0.340
1650.000 0.340
1651.000 0.340
1652.000 0.340
1653.000 0.340
1654.000 0.340
1655.000 0.340
1656.000 0.341
1657.000 0.342
1658.000 0.343
1659.000 0.345
1660.000 0.345
1661.000 0.344
1662.000 0.344
1663.000 0.346
1664.000 0.346
1665.000 0.346
1666.000 0.346
1667.000 0.346
1668.000 0.346
1669.000 0.347
1670.000 0.347
1671.000 0.346
1672.000 0.345
1673.000 0.343
1674.000 0.343
1675.000 0.342
1676.000 0.343
1677.000 0.345
1678.000 0.346
1679.000 0.347
1680.000 0.347
1681.000 0.346
1682.000 0.345
1683.000 0.343
1684.000 0.343
1685.000 0.344
1686.000 0.344
1687.000 0.345
1688.000 0.344
1689.000 0.344
1690.000 0.343
1691.000 0.340
1692.000 0.340
1693.000 0.341
1694.000 0.341
1695.000 0.341
1696.000 0.341
1697.000 0.340
1698.000 0.340
1699.000 0.341
1700.000 0.341
1701.000 0.339
1702.000 0.339
1703.000 0.337
1704.000 0.337
1705.000 0.336
1706.000 0.335
1707.000 0.336
1708.000 0.336
1709.000 0.334
1710.000 0.334
1711.000 0.331
1712.000 0.331
1713.000 0.332
1714.000 0.330
1715.000 0.330
1716.000 0.329
1717.000 0.329
1718.000 0.330
1719.000 0.330
1720.000 0.328
1721.000 0.327
1722.000 0.326
1723.000 0.325
1724.000 0.327
1725.000 0.327
1726.000 0.325
1727.000 0.325
1728.000 0.323
1729.000 0.320
1730.000 0.320
1731.000 0.318
1732.000 0.316
1733.000 0.317
1734.000 0.316
1735.000 0.315
1736.000 0.315
1737.000 0.315
1738.000 0.316
1739.000 0.317
1740.000 0.318
1741.000 0.317
1742.000 0.316
1743.000 0.316
1744.000 0.315
1745.000 0.316
1746.000 0.318
1747.000 0.317
1748.000 0.314
1749.000 0.313
1750.000 0.311
1751.000 0.310
1752.000 0.312
1753.000 0.312
1754.000 0.311
1755.000 0.310
1756.000 0.309
1757.000 0.307
1758.000 0.306
1759.000 0.305
1760.000 0.304
1761.000 0.305
1762.000 0.308
1763.000 0.306
1764.000 0.306
1765.000 0.305
1766.000 0.302
1767.000 0.303
1768.000 0.303
1769.000 0.303
1770.000 0.301
1771.000 0.300
1772.000 0.300
1773.000 0.297
1774.000 0.297
1775.000 0.297
1776.000 0.299
1777.000 0.298
1778.000 0.292
1779.000 0.288
1780.000 0.285
1781.000 0.285
1782.000 0.288
1783.000 0.294
1784.000 0.293
1785.000 0.288
1786.000 0.288
1787.000 0.285
1788.000 0.285
1789.000 0.294
1790.000 0.293
1791.000 0.285
1792.000 0.279
1793.000 0.269
1794.000 0.277
1795.000 0.301
1796.000 0.317
1797.000 0.325
1798.000 0.309
1799.000 0.291
1800.000 0.272
1801.000 0.447
1802.000 0.520
1803.000 0.608
1804.000 0.596
1805.000 0.571
1806.000 0.796
1807.000 0.802
1808.000 0.776
1809.000 0.761
1810.000 0.734
1811.000 0.716
1812.000 0.697
1813.000 0.700
1814.000 0.698
1815.000 0.683
1816.000 0.678
1817.000 0.669
1818.000 0.673
1819.000 0.658
1820.000 0.648
1821.000 0.486
1822.000 0.474
1823.000 0.512
1824.000 0.509
1825.000 0.434
1826.000 0.408
1827.000 0.478
1828.000 0.484
1829.000 0.405
1830.000 0.805
1831.000 0.355
1832.000 0.402
1833.000 0.635
1834.000 0.556
1835.000 0.543
1836.000 0.463
1837.000 0.516
1838.000 0.575
1839.000 0.464
1840.000 0.543
1841.000 0.587
1842.000 0.586
1843.000 0.736
1844.000 0.629
1845.000 0.566
1846.000 0.555
1847.000 0.559
1848.000 0.602
1849.000 0.662
1850.000 0.658
1851.000 0.666
1852.000 0.658
1853.000 0.665
1854.000 0.483
1855.000 0.495
1856.000 0.426
1857.000 0.501
1858.000 0.397
1859.000 0.395
1860.000 0.416
1861.000 0.431
1862.000 0.424
1863.000 0.446
1864.000 0.459
1865.000 0.427
1866.000 0.385
1867.000 0.375
1868.000 0.785
1869.000 0.765
1870.000 0.688
1871.000 0.673
1872.000 0.700
1873.000 0.672
1874.000 0.665
1875.000 0.622
1876.000 0.524
1877.000 0.429
1878.000 0.488
1879.000 0.534
1880.000 0.649
1881.000 0.613
1882.000 0.423
1883.000 0.174
1884.000 0.267
1885.000 0.341
1886.000 0.420
1887.000 0.378
1888.000 0.484
1889.000 0.561
1890.000 0.529
1891.000 0.558
1892.000 0.563
1893.000 0.482
1894.000 0.542
1895.000 0.435
1896.000 0.640
1897.000 0.652
1898.000 0.760
1899.000 0.765
1900.000 0.699
1901.000 0.726
1902.000 0.648
1903.000 0.575
1904.000 0.454
1905.000 0.511
1906.000 0.469
1907.000 0.410
1908.000 0.354
1909.000 0.345
1910.000 0.432
1911.000 0.455
1912.000 0.347
1913.000 0.258
1914.000 0.315
1915.000 0.339
1916.000 0.371
1917.000 0.412
1918.000 0.462
1919.000 0.510
1920.000 0.557
1921.000 0.559
1922.000 0.411
1923.000 0.671
1924.000 0.483
1925.000 0.282
1926.000 0.112
1927.000 0.214
1928.000 0.439
1929.000 0.467
1930.000 0.498
1931.000 0.531
1932.000 0.561
1933.000 0.592
1934.000 0.613
1935.000 0.648
1936.000 0.410
1937.000 0.367
1938.000 0.335
1939.000 0.417
1940.000 0.349
1941.000 0.406
1942.000 0.403
1943.000 0.434
1944.000 0.418
1945.000 0.567
1946.000 0.330
1947.000 0.284
1948.000 0.303
1949.000 0.351
1950.000 0.392
1951.000 0.392
1952.000 0.392
1953.000 0.331
1954.000 0.269
1955.000 0.214
1956.000 0.236
1957.000 0.335
1958.000 0.411
1959.000 0.448
1960.000 0.402
1961.000 0.401
1962.000 0.392
1963.000 0.420
1964.000 0.380
1965.000 0.521
1966.000 0.266
1967.000 0.319
1968.000 0.240
1969.000 0.211
1970.000 0.229
1971.000 0.225
1972.000 0.217
1973.000 0.244
1974.000 0.292
1975.000 0.300
1976.000 0.260
1977.000 0.229
1978.000 0.202
1979.000 0.164
1980.000 0.144
1981.000 0.165
1982.000 0.166
1983.000 0.173
1984.000 0.172
1985.000 0.171
1986.000 0.171
1987.000 0.163
1988.000 0.167
1989.000 0.197
1990.000 0.190
1991.000 0.167
1992.000 0.154
1993.000 0.128
1994.000 0.106
1995.000 0.113
1996.000 0.129
1997.000 0.141
1998.000 0.166
1999.000 0.186
2000.000 0.215
2001.000 0.241
2002.000 0.220
2003.000 0.236
2004.000 0.275
2005.000 0.281
2006.000 0.273
2007.000 0.318
2008.000 0.272
2009.000 0.257
2010.000 0.314
2011.000 0.314
2012.000 0.330
2013.000 0.284
2014.000 0.266
2015.000 0.248
2016.000 0.246
2017.000 0.257
2018.000 0.250
2019.000 0.246
2020.000 0.233
2021.000 0.209
2022.000 0.183
2023.000 0.188
2024.000 0.185
2025.000 0.173
2026.000 0.173
2027.000 0.166
2028.000 0.148
2029.000 0.146
2030.000 0.152
2031.000 0.153
2032.000 0.157
2033.000 0.157
2034.000 0.159
2035.000 0.156
2036.000 0.148
2037.000 0.147
2038.000 0.135
2039.000 0.130
2040.000 0.128
2041.000 0.120
2042.000 0.119
2043.000 0.125
2044.000 0.127
2045.000 0.135
2046.000 0.142
2047.000 0.148
2048.000 0.153
2049.000 0.157
2050.000 0.156
2051.000 0.160
2052.000 0.161
2053.000 0.164
2054.000 0.173
2055.000 0.176
2056.000 0.185
2057.000 0.191
2058.000 0.196
2059.000 0.199
2060.000 0.199
2061.000 0.201
2062.000 0.211
2063.000 0.208
2064.000 0.196
2065.000 0.188
2066.000 0.179
2067.000 0.163
2068.000 0.152
2069.000 0.155
2070.000 0.157
2071.000 0.157
2072.000 0.154
2073.000 0.150
2074.000 0.150
2075.000 0.148
2076.000 0.147
2077.000 0.148
2078.000 0.148
2079.000 0.147
2080.000 0.149
2081.000 0.152
2082.000 0.163
2083.000 0.168
2084.000 0.172
2085.000 0.178
2086.000 0.173
2087.000 0.172
2088.000 0.168
2089.000 0.166
2090.000 0.162
2091.000 0.162
2092.000 0.162
2093.000 0.161
2094.000 0.160
2095.000 0.159
2096.000 0.157
2097.000 0.157
2098.000 0.157
2099.000 0.160
2100.000 0.163
2101.000 0.162
2102.000 0.158
2103.000 0.157
2104.000 0.161
2105.000 0.172
2106.000 0.175
2107.000 0.187
2108.000 0.184
2109.000 0.164
2110.000 0.159
2111.000 0.154
2112.000 0.153
2113.000 0.162
2114.000 0.165
2115.000 0.166
2116.000 0.168
2117.000 0.170
2118.000 0.165
2119.000 0.161
2120.000 0.167
2121.000 0.172
2122.000 0.178
2123.000 0.182
2124.000 0.187
2125.000 0.188
2126.000 0.184
2127.000 0.184
2128.000 0.184
2129.000 0.184
2130.000 0.185
2131.000 0.187
2132.000 0.192
2133.000 0.193
2134.000 0.193
2135.000 0.191
2136.000 0.186
2137.000 0.178
2138.000 0.177
2139.000 0.176
2140.000 0.178
2141.000 0.183
2142.000 0.181
2143.000 0.172
2144.000 0.171
2145.000 0.167
2146.000 0.169
2147.000 0.181
2148.000 0.184
2149.000 0.182
2150.000 0.184
2151.000 0.185
2152.000 0.187
2153.000 0.196
2154.000 0.198
2155.000 0.197
2156.000 0.195
2157.000 0.192
2158.000 0.184
2159.000 0.185
2160.000 0.189
2161.000 0.191
2162.000 0.200
2163.000 0.198
2164.000 0.187
2165.000 0.186
2166.000 0.185
2167.000 0.184
2168.000 0.185
2169.000 0.186
2170.000 0.184
2171.000 0.185
2172.000 0.193
2173.000 0.197
2174.000 0.201
2175.000 0.204
2176.000 0.207
2177.000 0.206
2178.000 0.199
2179.000 0.193
2180.000 0.185
2181.000 0.180
2182.000 0.185
2183.000 0.190
2184.000 0.192
2185.000 0.199
2186.000 0.202
2187.000 0.200
2188.000 0.202
2189.000 0.204
2190.000 0.207
2191.000 0.215
2192.000 0.216
2193.000 0.216
2194.000 0.214
2195.000 0.203
2196.000 0.199
2197.000 0.195
2198.000 0.195
2199.000 0.200
2200.000 0.203
2201.000 0.211
2202.000 0.211
2203.000 0.215
2204.000 0.221
2205.000 0.216
2206.000 0.217
2207.000 0.215
2208.000 0.196
2209.000 0.189
2210.000 0.183
2211.000 0.179
2212.000 0.179
2213.000 0.181
2214.000 0.186
2215.000 0.192
2216.000 0.203
2217.000 0.208
2218.000 0.208
2219.000 0.211
2220.000 0.211
2221.000 0.212
2222.000 0.218
2223.000 0.218
2224.000 0.209
2225.000 0.208
2226.000 0.209
2227.000 0.208
2228.000 0.209
2229.000 0.212
2230.000 0.209
2231.000 0.201
2232.000 0.197
2233.000 0.195
2234.000 0.187
2235.000 0.184
2236.000 0.183
2237.000 0.183
2238.000 0.187
2239.000 0.199
2240.000 0.202
2241.000 0.203
2242.000 0.200
2243.000 0.189
2244.000 0.186
2245.000 0.184
2246.000 0.186
2247.000 0.198
2248.000 0.199
2249.000 0.197
2250.000 0.199
2251.000 0.199
2252.000 0.199
2253.000 0.202
2254.000 0.204
2255.000 0.201
2256.000 0.203
2257.000 0.214
2258.000 0.215
2259.000 0.224
2260.000 0.227
2261.000 0.214
2262.000 0.211
2263.000 0.204
2264.000 0.195
2265.000 0.194
2266.000 0.199
2267.000 0.207
2268.000 0.208
2269.000 0.211
2270.000 0.208
2271.000 0.204
2272.000 0.189
2273.000 0.184
2274.000 0.183
2275.000 0.184
2276.000 0.193
2277.000 0.193
2278.000 0.185
2279.000 0.180
2280.000 0.177
2281.000 0.173
2282.000 0.169
2283.000 0.173
2284.000 0.176
2285.000 0.181
2286.000 0.206
2287.000 0.210
2288.000 0.195
2289.000 0.190
2290.000 0.173
2291.000 0.170
2292.000 0.181
2293.000 0.186
2294.000 0.201
2295.000 0.207
2296.000 0.200
2297.000 0.205
2298.000 0.213
2299.000 0.196
2300.000 0.193
2301.000 0.183
2302.000 0.177
2303.000 0.171
2304.000 0.166
2305.000 0.185
2306.000 0.186
2307.000 0.169
2308.000 0.151
2309.000 0.158
2310.000 0.145
2311.000 0.157
2312.000 0.163
2313.000 0.142
2314.000 0.194
2315.000 0.202
2316.000 0.199
2317.000 0.252
2318.000 0.256
2319.000 0.262
2320.000 0.247
2321.000 0.218
2322.000 0.218
2323.000 0.219
2324.000 0.176
2325.000 0.161
2326.000 0.146
2327.000 0.127
2328.000 0.120
2329.000 0.137
2330.000 0.127
2331.000 0.108
2332.000 0.115
2333.000 0.119
2334.000 0.135
2335.000 0.236
2336.000 0.302
2337.000 0.312
2338.000 0.293
2339.000 0.187
2340.000 0.174
2341.000 0.181
2342.000 0.199
2343.000 0.187
2344.000 0.171
2345.000 0.162
2346.000 0.187
2347.000 0.227
2348.000 0.228
2349.000 0.231
2350.000 0.241
2351.000 0.230
2352.000 0.225
2353.000 0.251
2354.000 0.211
2355.000 0.199
2356.000 0.228
2357.000 0.224
2358.000 0.235
2359.000 0.243
2360.000 0.211
2361.000 0.193
2362.000 0.224
2363.000 0.286
2364.000 0.379
2365.000 0.433
2366.000 0.340
2367.000 0.349
2368.000 0.233
2369.000 0.211
2370.000 0.185
2371.000 0.182
2372.000 0.196
2373.000 0.299
2374.000 0.117
2375.000 0.185
2376.000 0.377
2377.000 0.187
2378.000 0.166
2379.000 0.215
2380.000 0.246
2381.000 0.212
2382.000 0.262
2383.000 0.281
2384.000 0.316
2385.000 0.249
2386.000 0.269
2387.000 0.304
2388.000 0.230
2389.000 0.283
2390.000 0.378
2391.000 0.494
2392.000 0.298
2393.000 0.147
2394.000 0.403
2395.000 0.448
2396.000 0.514
2397.000 0.509
2398.000 0.320
2399.000 0.352
2400.000 0.309
2401.000 0.460
2402.000 0.345
2403.000 0.373
2404.000 0.387
2405.000 0.412
2406.000 0.156
2407.000 0.155
2408.000 0.250
2409.000 0.518
2410.000 0.367
2411.000 0.336
2412.000 0.456
2413.000 0.440
2414.000 0.535
2415.000 0.427
2416.000 0.432
2417.000 0.236
2418.000 0.203
2419.000 0.338
2420.000 0.562
2421.000 0.236
2422.000 0.248
2423.000 0.405
2424.000 0.551
2425.000 0.659
2426.000 0.445
2427.000 0.448
2428.000 0.396
2429.000 0.520
2430.000 0.492
2431.000 0.489
2432.000 0.519
2433.000 0.543
2434.000 0.507
2435.000 0.261
2436.000 0.526
2437.000 0.631
2438.000 0.586
2439.000 0.509
2440.000 0.428
2441.000 0.319
2442.000 0.270
2443.000 0.490
2444.000 0.287
2445.000 0.447
2446.000 0.308
2447.000 0.348
2448.000 0.217
2449.000 0.354
2450.000 0.228
2451.000 0.267
2452.000 0.299
2453.000 0.353
2454.000 0.729
2455.000 0.247
2456.000 0.617
2457.000 0.716
2458.000 0.539
2459.000 0.528
2460.000 0.258
2461.000 0.245
2462.000 0.301
2463.000 0.254
2464.000 0.477
2465.000 0.655
2466.000 0.551
2467.000 0.465
2468.000 0.608
2469.000 0.774
2470.000 0.537
2471.000 0.366
2472.000 0.363
2473.000 0.308
2474.000 0.403
2475.000 0.464
2476.000 0.610
2477.000 0.665
2478.000 0.592
2479.000 0.517
2480.000 0.525
2481.000 0.319
2482.000 0.373
2483.000 0.463
2484.000 0.406
2485.000 0.265
2486.000 0.453
2487.000 0.445
2488.000 0.299
2489.000 0.141
2490.000 0.150
2491.000 0.391
2492.000 0.471
2493.000 0.558
2494.000 0.601
2495.000 0.727
2496.000 0.814
2497.000 0.554
2498.000 0.557
2499.000 0.374
2500.000 0.353
