391.000 0.045
392.000 0.045
393.000 0.047
394.000 0.049
395.000 0.047
396.000 0.048
397.000 0.051
398.000 0.050
399.000 0.047
400.000 0.047
401.000 0.049
402.000 0.046
403.000 0.046
404.000 0.047
405.000 0.048
406.000 0.050
407.000 0.048
408.000 0.045
409.000 0.047
410.000 0.046
411.000 0.046
412.000 0.047
413.000 0.048
414.000 0.048
415.000 0.047
416.000 0.047
417.000 0.047
418.000 0.047
419.000 0.046
420.000 0.046
421.000 0.048
422.000 0.049
423.000 0.047
424.000 0.047
425.000 0.047
426.000 0.047
427.000 0.047
428.000 0.048
429.000 0.048
430.000 0.048
431.000 0.048
432.000 0.048
433.000 0.048
434.000 0.047
435.000 0.047
436.000 0.048
437.000 0.048
438.000 0.047
439.000 0.047
440.000 0.048
441.000 0.048
442.000 0.049
443.000 0.049
444.000 0.048
445.000 0.048
446.000 0.047
447.000 0.047
448.000 0.048
449.000 0.049
450.000 0.048
451.000 0.046
452.000 0.047
453.000 0.049
454.000 0.049
455.000 0.048
456.000 0.049
457.000 0.048
458.000 0.048
459.000 0.049
460.000 0.048
461.000 0.049
462.000 0.048
463.000 0.048
464.000 0.049
465.000 0.051
466.000 0.051
467.000 0.050
468.000 0.051
469.000 0.050
470.000 0.048
471.000 0.049
472.000 0.049
473.000 0.050
474.000 0.050
475.000 0.050
476.000 0.050
477.000 0.049
478.000 0.050
479.000 0.050
480.000 0.050
481.000 0.050
482.000 0.051
483.000 0.051
484.000 0.052
485.000 0.053
486.000 0.050
487.000 0.050
488.000 0.051
489.000 0.052
490.000 0.052
491.000 0.052
492.000 0.052
493.000 0.055
494.000 0.054
495.000 0.053
496.000 0.054
497.000 0.054
498.000 0.054
499.000 0.053
500.000 0.054
501.000 0.055
502.000 0.056
503.000 0.058
504.000 0.058
505.000 0.059
506.000 0.059
507.000 0.060
508.000 0.062
509.000 0.063
510.000 0.064
511.000 0.066
512.000 0.068
513.000 0.070
514.000 0.071
515.000 0.074
516.000 0.076
517.000 0.078
518.000 0.081
519.000 0.084
520.000 0.087
521.000 0.090
522.000 0.093
523.000 0.095
524.000 0.098
525.000 0.102
526.000 0.105
527.000 0.107
528.000 0.110
529.000 0.112
530.000 0.114
531.000 0.116
532.000 0.119
533.000 0.121
534.000 0.123
535.000 0.124
536.000 0.125
537.000 0.127
538.000 0.127
539.000 0.128
540.000 0.129
541.000 0.130
542.000 0.130
543.000 0.130
544.000 0.130
545.000 0.131
546.000 0.132
547.000 0.133
548.000 0.133
549.000 0.133
550.000 0.134
551.000 0.134
552.000 0.134
553.000 0.133
554.000 0.133
555.000 0.133
556.000 0.132
557.000 0.131
558.000 0.131
559.000 0.130
560.000 0.128
561.000 0.127
562.000 0.127
563.000 0.126
564.000 0.123
565.000 0.121
566.000 0.119
567.000 0.118
568.000 0.116
569.000 0.113
570.000 0.111
571.000 0.110
572.000 0.109
573.000 0.106
574.000 0.105
575.000 0.104
576.000 0.102
577.000 0.100
578.000 0.099
579.000 0.099
580.000 0.097
581.000 0.095
582.000 0.094
583.000 0.094
584.000 0.094
585.000 0.092
586.000 0.091
587.000 0.091
588.000 0.091
589.000 0.090
590.000 0.090
591.000 0.089
592.000 0.089
593.000 0.088
594.000 0.088
595.000 0.087
596.000 0.087
597.000 0.086
598.000 0.086
599.000 0.086
600.000 0.085
601.000 0.085
602.000 0.085
603.000 0.083
604.000 0.084
605.000 0.083
606.000 0.083
607.000 0.083
608.000 0.082
609.000 0.081
610.000 0.082
611.000 0.081
612.000 0.078
613.000 0.079
614.000 0.079
615.000 0.078
616.000 0.078
617.000 0.077
618.000 0.076
619.000 0.076
620.000 0.077
621.000 0.076
622.000 0.075
623.000 0.076
624.000 0.075
625.000 0.075
626.000 0.075
627.000 0.076
628.000 0.076
629.000 0.076
630.000 0.075
631.000 0.077
632.000 0.077
633.000 0.075
634.000 0.075
635.000 0.075
636.000 0.075
637.000 0.073
638.000 0.073
639.000 0.073
640.000 0.073
641.000 0.072
642.000 0.072
643.000 0.070
644.000 0.068
645.000 0.069
646.000 0.068
647.000 0.068
648.000 0.068
649.000 0.068
650.000 0.068
651.000 0.069
652.000 0.069
653.000 0.067
654.000 0.066
655.000 0.068
656.000 0.068
657.000 0.068
658.000 0.068
659.000 0.068
660.000 0.067
661.000 0.067
662.000 0.067
663.000 0.067
664.000 0.067
665.000 0.066
666.000 0.065
667.000 0.066
668.000 0.067
669.000 0.067
670.000 0.066
671.000 0.066
672.000 0.068
673.000 0.069
674.000 0.069
675.000 0.069
676.000 0.069
677.000 0.070
678.000 0.070
679.000 0.072
680.000 0.073
681.000 0.070
682.000 0.072
683.000 0.075
684.000 0.075
685.000 0.077
686.000 0.079
687.000 0.083
688.000 0.086
689.000 0.088
690.000 0.088
691.000 0.089
692.000 0.092
693.000 0.096
694.000 0.101
695.000 0.107
696.000 0.114
697.000 0.121
698.000 0.130
699.000 0.138
700.000 0.146
701.000 0.156
702.000 0.167
703.000 0.177
704.000 0.187
705.000 0.198
706.000 0.209
707.000 0.220
708.000 0.230
709.000 0.242
710.000 0.253
711.000 0.265
712.000 0.277
713.000 0.290
714.000 0.302
715.000 0.315
716.000 0.328
717.000 0.341
718.000 0.356
719.000 0.371
720.000 0.384
721.000 0.397
722.000 0.410
723.000 0.421
724.000 0.435
725.000 0.449
726.000 0.462
727.000 0.474
728.000 0.487
729.000 0.498
730.000 0.509
731.000 0.520
732.000 0.531
733.000 0.540
734.000 0.548
735.000 0.557
736.000 0.565
737.000 0.574
738.000 0.581
739.000 0.589
740.000 0.595
741.000 0.603
742.000 0.610
743.000 0.615
744.000 0.620
745.000 0.624
746.000 0.599
747.000 0.607
748.000 0.611
749.000 0.614
750.000 0.617
751.000 0.619
752.000 0.622
753.000 0.625
754.000 0.626
755.000 0.628
756.000 0.630
757.000 0.632
758.000 0.632
759.000 0.633
760.000 0.635
761.000 0.639
762.000 0.639
763.000 0.639
764.000 0.640
765.000 0.641
766.000 0.641
767.000 0.642
768.000 0.642
769.000 0.643
770.000 0.643
771.000 0.644
772.000 0.645
773.000 0.645
774.000 0.646
775.000 0.646
776.000 0.647
777.000 0.647
778.000 0.647
779.000 0.648
780.000 0.649
781.000 0.649
782.000 0.650
783.000 0.650
784.000 0.650
785.000 0.650
786.000 0.650
787.000 0.651
788.000 0.652
789.000 0.652
790.000 0.652
791.000 0.653
792.000 0.653
793.000 0.653
794.000 0.653
795.000 0.654
796.000 0.654
797.000 0.655
798.000 0.655
799.000 0.655
800.000 0.656
801.000 0.656
802.000 0.656
803.000 0.657
804.000 0.657
805.000 0.657
806.000 0.658
807.000 0.658
808.000 0.659
809.000 0.659
810.000 0.660
811.000 0.660
812.000 0.659
813.000 0.660
814.000 0.661
815.000 0.662
816.000 0.662
817.000 0.663
818.000 0.663
819.000 0.664
820.000 0.663
821.000 0.663
822.000 0.664
823.000 0.666
824.000 0.666
825.000 0.665
826.000 0.665
827.000 0.666
828.000 0.667
829.000 0.667
830.000 0.667
831.000 0.667
832.000 0.668
833.000 0.668
834.000 0.668
835.000 0.668
836.000 0.668
837.000 0.669
838.000 0.669
839.000 0.670
840.000 0.670
841.000 0.671
842.000 0.671
843.000 0.671
844.000 0.670
845.000 0.671
846.000 0.672
847.000 0.672
848.000 0.672
849.000 0.673
850.000 0.673
851.000 0.673
852.000 0.673
853.000 0.674
854.000 0.675
855.000 0.675
856.000 0.674
857.000 0.675
858.000 0.674
859.000 0.675
860.000 0.675
861.000 0.676
862.000 0.676
863.000 0.676
864.000 0.676
865.000 0.677
866.000 0.678
867.000 0.678
868.000 0.678
869.000 0.678
870.000 0.678
871.000 0.678
872.000 0.678
873.000 0.679
874.000 0.680
875.000 0.680
876.000 0.680
877.000 0.680
878.000 0.681
879.000 0.681
880.000 0.681
881.000 0.682
882.000 0.683
883.000 0.682
884.000 0.683
885.000 0.683
886.000 0.683
887.000 0.684
888.000 0.684
889.000 0.684
890.000 0.684
891.000 0.684
892.000 0.684
893.000 0.685
894.000 0.686
895.000 0.686
896.000 0.686
897.000 0.687
898.000 0.687
899.000 0.689
900.000 0.689
901.000 0.689
902.000 0.689
903.000 0.688
904.000 0.687
905.000 0.688
906.000 0.688
907.000 0.689
908.000 0.690
909.000 0.691
910.000 0.691
911.000 0.691
912.000 0.690
913.000 0.690
914.000 0.691
915.000 0.692
916.000 0.692
917.000 0.691
918.000 0.692
919.000 0.692
920.000 0.692
921.000 0.691
922.000 0.691
923.000 0.691
924.000 0.692
925.000 0.691
926.000 0.691
927.000 0.691
928.000 0.690
929.000 0.691
930.000 0.692
931.000 0.694
932.000 0.696
933.000 0.697
934.000 0.697
935.000 0.693
936.000 0.690
937.000 0.690
938.000 0.690
939.000 0.686
940.000 0.685
941.000 0.686
942.000 0.687
943.000 0.686
944.000 0.690
945.000 0.690
946.000 0.687
947.000 0.685
948.000 0.687
949.000 0.685
950.000 0.681
951.000 0.682
952.000 0.682
953.000 0.681
954.000 0.681
955.000 0.682
956.000 0.683
957.000 0.681
958.000 0.679
959.000 0.679
960.000 0.678
961.000 0.677
962.000 0.676
963.000 0.676
964.000 0.677
965.000 0.676
966.000 0.676
967.000 0.677
968.000 0.677
969.000 0.678
970.000 0.677
971.000 0.675
972.000 0.675
973.000 0.674
974.000 0.675
975.000 0.678
976.000 0.680
977.000 0.678
978.000 0.677
979.000 0.678
980.000 0.678
981.000 0.677
982.000 0.677
983.000 0.677
984.000 0.678
985.000 0.678
986.000 0.679
987.000 0.680
988.000 0.680
989.000 0.681
990.000 0.680
991.000 0.679
992.000 0.681
993.000 0.682
994.000 0.682
995.000 0.681
996.000 0.680
997.000 0.683
998.000 0.685
999.000 0.684
1000.000 0.682
1001.000 0.687
1002.000 0.687
1003.000 0.688
1004.000 0.689
1005.000 0.689
1006.000 0.690
1007.000 0.690
1008.000 0.693
1009.000 0.693
1010.000 0.693
1011.000 0.694
1012.000 0.694
1013.000 0.694
1014.000 0.694
1015.000 0.695
1016.000 0.696
1017.000 0.696
1018.000 0.695
1019.000 0.696
1020.000 0.697
1021.000 0.698
1022.000 0.698
1023.000 0.698
1024.000 0.699
1025.000 0.700
1026.000 0.701
1027.000 0.702
1028.000 0.703
1029.000 0.703
1030.000 0.704
1031.000 0.703
1032.000 0.704
1033.000 0.704
1034.000 0.703
1035.000 0.704
1036.000 0.704
1037.000 0.705
1038.000 0.704
1039.000 0.705
1040.000 0.706
1041.000 0.705
1042.000 0.705
1043.000 0.707
1044.000 0.707
1045.000 0.708
1046.000 0.708
1047.000 0.709
1048.000 0.708
1049.000 0.708
1050.000 0.708
1051.000 0.708
1052.000 0.709
1053.000 0.709
1054.000 0.710
1055.000 0.710
1056.000 0.710
1057.000 0.711
1058.000 0.710
1059.000 0.711
1060.000 0.711
1061.000 0.712
1062.000 0.712
1063.000 0.712
1064.000 0.712
1065.000 0.713
1066.000 0.713
1067.000 0.712
1068.000 0.712
1069.000 0.712
1070.000 0.712
1071.000 0.713
1072.000 0.713
1073.000 0.714
1074.000 0.715
1075.000 0.715
1076.000 0.715
1077.000 0.715
1078.000 0.714
1079.000 0.714
1080.000 0.715
1081.000 0.715
1082.000 0.715
1083.000 0.715
1084.000 0.715
1085.000 0.714
1086.000 0.715
1087.000 0.715
1088.000 0.715
1089.000 0.715
1090.000 0.716
1091.000 0.716
1092.000 0.716
1093.000 0.716
1094.000 0.716
1095.000 0.716
1096.000 0.717
1097.000 0.718
1098.000 0.718
1099.000 0.719
1100.000 0.718
1101.000 0.717
1102.000 0.717
1103.000 0.716
1104.000 0.717
1105.000 0.717
1106.000 0.716
1107.000 0.716
1108.000 0.716
1109.000 0.714
1110.000 0.715
1111.000 0.716
1112.000 0.717
1113.000 0.719
1114.000 0.721
1115.000 0.687
1116.000 0.686
1117.000 0.686
1118.000 0.687
1119.000 0.687
1120.000 0.689
1121.000 0.688
1122.000 0.684
1123.000 0.715
1124.000 0.707
1125.000 0.705
1126.000 0.707
1127.000 0.712
1128.000 0.713
1129.000 0.712
1130.000 0.710
1131.000 0.706
1132.000 0.706
1133.000 0.707
1134.000 0.706
1135.000 0.704
1136.000 0.702
1137.000 0.699
1138.000 0.698
1139.000 0.697
1140.000 0.696
1141.000 0.695
1142.000 0.693
1143.000 0.690
1144.000 0.688
1145.000 0.685
1146.000 0.685
1147.000 0.685
1148.000 0.686
1149.000 0.686
1150.000 0.685
1151.000 0.684
1152.000 0.681
1153.000 0.678
1154.000 0.675
1155.000 0.673
1156.000 0.670
1157.000 0.669
1158.000 0.668
1159.000 0.667
1160.000 0.667
1161.000 0.667
1162.000 0.668
1163.000 0.668
1164.000 0.668
1165.000 0.668
1166.000 0.667
1167.000 0.667
1168.000 0.666
1169.000 0.666
1170.000 0.666
1171.000 0.666
1172.000 0.667
1173.000 0.667
1174.000 0.667
1175.000 0.666
1176.000 0.667
1177.000 0.667
1178.000 0.668
1179.000 0.668
1180.000 0.668
1181.000 0.668
1182.000 0.667
1183.000 0.666
1184.000 0.666
1185.000 0.666
1186.000 0.666
1187.000 0.666
1188.000 0.667
1189.000 0.668
1190.000 0.668
1191.000 0.669
1192.000 0.670
1193.000 0.670
1194.000 0.670
1195.000 0.670
1196.000 0.670
1197.000 0.670
1198.000 0.670
1199.000 0.670
1200.000 0.670
1201.000 0.670
1202.000 0.671
1203.000 0.671
1204.000 0.671
1205.000 0.671
1206.000 0.670
1207.000 0.670
1208.000 0.670
1209.000 0.670
1210.000 0.671
1211.000 0.672
1212.000 0.672
1213.000 0.672
1214.000 0.672
1215.000 0.671
1216.000 0.672
1217.000 0.672
1218.000 0.672
1219.000 0.672
1220.000 0.673
1221.000 0.673
1222.000 0.673
1223.000 0.675
1224.000 0.675
1225.000 0.675
1226.000 0.675
1227.000 0.675
1228.000 0.674
1229.000 0.674
1230.000 0.674
1231.000 0.675
1232.000 0.675
1233.000 0.675
1234.000 0.675
1235.000 0.676
1236.000 0.676
1237.000 0.676
1238.000 0.676
1239.000 0.676
1240.000 0.677
1241.000 0.677
1242.000 0.677
1243.000 0.678
1244.000 0.677
1245.000 0.677
1246.000 0.677
1247.000 0.677
1248.000 0.677
1249.000 0.677
1250.000 0.678
1251.000 0.678
1252.000 0.678
1253.000 0.678
1254.000 0.678
1255.000 0.677
1256.000 0.677
1257.000 0.678
1258.000 0.678
1259.000 0.678
1260.000 0.679
1261.000 0.678
1262.000 0.678
1263.000 0.679
1264.000 0.680
1265.000 0.680
1266.000 0.680
1267.000 0.679
1268.000 0.679
1269.000 0.679
1270.000 0.679
1271.000 0.680
1272.000 0.680
1273.000 0.680
1274.000 0.680
1275.000 0.680
1276.000 0.680
1277.000 0.680
1278.000 0.680
1279.000 0.680
1280.000 0.681
1281.000 0.681
1282.000 0.682
1283.000 0.682
1284.000 0.681
1285.000 0.681
1286.000 0.681
1287.000 0.681
1288.000 0.682
1289.000 0.682
1290.000 0.682
1291.000 0.682
1292.000 0.681
1293.000 0.680
1294.000 0.680
1295.000 0.680
1296.000 0.679
1297.000 0.680
1298.000 0.679
1299.000 0.679
1300.000 0.678
1301.000 0.677
1302.000 0.676
1303.000 0.676
1304.000 0.675
1305.000 0.675
1306.000 0.674
1307.000 0.672
1308.000 0.670
1309.000 0.668
1310.000 0.667
1311.000 0.666
1312.000 0.665
1313.000 0.664
1314.000 0.663
1315.000 0.662
1316.000 0.690
1317.000 0.690
1318.000 0.689
1319.000 0.687
1320.000 0.685
1321.000 0.684
1322.000 0.681
1323.000 0.679
1324.000 0.677
1325.000 0.675
1326.000 0.675
1327.000 0.673
1328.000 0.671
1329.000 0.669
1330.000 0.667
1331.000 0.665
1332.000 0.662
1333.000 0.660
1334.000 0.651
1335.000 0.648
1336.000 0.645
1337.000 0.643
1338.000 0.644
1339.000 0.644
1340.000 0.645
1341.000 0.643
1342.000 0.640
1343.000 0.638
1344.000 0.634
1345.000 0.632
1346.000 0.634
1347.000 0.632
1348.000 0.632
1349.000 0.635
1350.000 0.636
1351.000 0.629
1352.000 0.631
1353.000 0.643
1354.000 0.663
1355.000 0.670
1356.000 0.732
1357.000 0.776
1358.000 0.749
1359.000 0.758
1360.000 0.838
1361.000 0.756
1362.000 0.517
1363.000 0.487
1364.000 0.335
1365.000 0.581
1366.000 0.593
1367.000 0.594
1368.000 0.360
1369.000 0.426
1370.000 0.477
1371.000 0.539
1372.000 0.478
1373.000 0.388
1374.000 0.430
1375.000 0.599
1376.000 0.730
1377.000 0.556
1378.000 0.267
1379.000 0.413
1380.000 0.588
1381.000 0.664
1382.000 0.691
1383.000 0.729
1384.000 0.786
1385.000 0.622
1386.000 0.458
1387.000 0.557
1388.000 0.630
1389.000 0.703
1390.000 0.410
1391.000 0.596
1392.000 0.391
1393.000 0.433
1394.000 0.371
1395.000 0.324
1396.000 0.648
1397.000 0.645
1398.000 0.615
1399.000 0.599
1400.000 0.578
1401.000 0.553
1402.000 0.513
1403.000 0.494
1404.000 0.380
1405.000 0.251
1406.000 0.286
1407.000 0.263
1408.000 0.402
1409.000 0.432
1410.000 0.418
1411.000 0.416
1412.000 0.393
1413.000 0.342
1414.000 0.363
1415.000 0.385
1416.000 0.390
1417.000 0.430
1418.000 0.426
1419.000 0.426
1420.000 0.409
1421.000 0.394
1422.000 0.381
1423.000 0.360
1424.000 0.359
1425.000 0.359
1426.000 0.360
1427.000 0.384
1428.000 0.377
1429.000 0.352
1430.000 0.339
1431.000 0.314
1432.000 0.302
1433.000 0.295
1434.000 0.296
1435.000 0.302
1436.000 0.315
1437.000 0.349
1438.000 0.366
1439.000 0.381
1440.000 0.381
1441.000 0.362
1442.000 0.346
1443.000 0.319
1444.000 0.308
1445.000 0.303
1446.000 0.298
1447.000 0.299
1448.000 0.298
1449.000 0.298
1450.000 0.295
1451.000 0.291
1452.000 0.288
1453.000 0.284
1454.000 0.277
1455.000 0.276
1456.000 0.279
1457.000 0.280
1458.000 0.284
1459.000 0.284
1460.000 0.282
1461.000 0.279
1462.000 0.273
1463.000 0.271
1464.000 0.268
1465.000 0.269
1466.000 0.278
1467.000 0.282
1468.000 0.292
1469.000 0.294
1470.000 0.293
1471.000 0.293
1472.000 0.287
1473.000 0.289
1474.000 0.294
1475.000 0.301
1476.000 0.317
1477.000 0.321
1478.000 0.324
1479.000 0.321
1480.000 0.309
1481.000 0.303
1482.000 0.295
1483.000 0.292
1484.000 0.294
1485.000 0.295
1486.000 0.297
1487.000 0.299
1488.000 0.300
1489.000 0.302
1490.000 0.306
1491.000 0.307
1492.000 0.306
1493.000 0.307
1494.000 0.308
1495.000 0.310
1496.000 0.312
1497.000 0.314
1498.000 0.316
1499.000 0.318
1500.000 0.319
1501.000 0.320
1502.000 0.321
1503.000 0.324
1504.000 0.329
1505.000 0.333
1506.000 0.334
1507.000 0.334
1508.000 0.334
1509.000 0.333
1510.000 0.334
1511.000 0.337
1512.000 0.340
1513.000 0.343
1514.000 0.345
1515.000 0.348
1516.000 0.350
1517.000 0.351
1518.000 0.353
1519.000 0.355
1520.000 0.357
1521.000 0.359
1522.000 0.361
1523.000 0.363
1524.000 0.364
1525.000 0.365
1526.000 0.367
1527.000 0.368
1528.000 0.369
1529.000 0.371
1530.000 0.374
1531.000 0.376
1532.000 0.377
1533.000 0.379
1534.000 0.380
1535.000 0.380
1536.000 0.382
1537.000 0.386
1538.000 0.389
1539.000 0.392
1540.000 0.395
1541.000 0.395
1542.000 0.396
1543.000 0.398
1544.000 0.400
1545.000 0.402
1546.000 0.403
1547.000 0.403
1548.000 0.404
1549.000 0.403
1550.000 0.404
1551.000 0.406
1552.000 0.409
1553.000 0.412
1554.000 0.414
1555.000 0.416
1556.000 0.418
1557.000 0.419
1558.000 0.420
1559.000 0.422
1560.000 0.423
1561.000 0.425
1562.000 0.426
1563.000 0.427
1564.000 0.428
1565.000 0.429
1566.000 0.432
1567.000 0.436
1568.000 0.438
1569.000 0.440
1570.000 0.442
1571.000 0.442
1572.000 0.443
1573.000 0.444
1574.000 0.445
1575.000 0.446
1576.000 0.447
1577.000 0.446
1578.000 0.447
1579.000 0.449
1580.000 0.450
1581.000 0.453
1582.000 0.454
1583.000 0.456
1584.000 0.458
1585.000 0.460
1586.000 0.462
1587.000 0.463
1588.000 0.464
1589.000 0.463
1590.000 0.464
1591.000 0.464
1592.000 0.464
1593.000 0.465
1594.000 0.466
1595.000 0.467
1596.000 0.468
1597.000 0.471
1598.000 0.472
1599.000 0.473
1600.000 0.474
1601.000 0.473
1602.000 0.474
1603.000 0.477
1604.000 0.479
1605.000 0.482
1606.000 0.483
1607.000 0.481
1608.000 0.482
1609.000 0.481
1610.000 0.481
1611.000 0.485
1612.000 0.486
1613.000 0.486
1614.000 0.487
1615.000 0.487
1616.000 0.487
1617.000 0.488
1618.000 0.488
1619.000 0.489
1620.000 0.489
1621.000 0.492
1622.000 0.492
1623.000 0.491
1624.000 0.492
1625.000 0.492
1626.000 0.492
1627.000 0.494
1628.000 0.495
1629.000 0.496
1630.000 0.497
1631.000 0.499
1632.000 0.501
1633.000 0.501
1634.000 0.501
1635.000 0.502
1636.000 0.502
1637.000 0.503
1638.000 0.504
1639.000 0.504
1640.000 0.504
1641.000 0.504
1642.000 0.503
1643.000 0.504
1644.000 0.504
1645.000 0.503
1646.000 0.503
1647.000 0.506
1648.000 0.507
1649.000 0.510
1650.000 0.511
1651.000 0.510
1652.000 0.509
1653.000 0.508
1654.000 0.509
1655.000 0.511
1656.000 0.512
1657.000 0.512
1658.000 0.513
1659.000 0.514
1660.000 0.514
1661.000 0.515
1662.000 0.514
1663.000 0.514
1664.000 0.514
1665.000 0.515
1666.000 0.516
1667.000 0.518
1668.000 0.518
1669.000 0.519
1670.000 0.519
1671.000 0.517
1672.000 0.517
1673.000 0.516
1674.000 0.517
1675.000 0.520
1676.000 0.521
1677.000 0.521
1678.000 0.521
1679.000 0.520
1680.000 0.521
1681.000 0.524
1682.000 0.524
1683.000 0.523
1684.000 0.522
1685.000 0.519
1686.000 0.518
1687.000 0.518
1688.000 0.519
1689.000 0.520
1690.000 0.522
1691.000 0.523
1692.000 0.522
1693.000 0.522
1694.000 0.521
1695.000 0.519
1696.000 0.520
1697.000 0.520
1698.000 0.520
1699.000 0.522
1700.000 0.522
1701.000 0.523
1702.000 0.522
1703.000 0.519
1704.000 0.519
1705.000 0.516
1706.000 0.517
1707.000 0.522
1708.000 0.523
1709.000 0.525
1710.000 0.524
1711.000 0.521
1712.000 0.519
1713.000 0.518
1714.000 0.516
1715.000 0.515
1716.000 0.513
1717.000 0.513
1718.000 0.515
1719.000 0.517
1720.000 0.516
1721.000 0.516
1722.000 0.514
1723.000 0.511
1724.000 0.509
1725.000 0.506
1726.000 0.505
1727.000 0.507
1728.000 0.509
1729.000 0.510
1730.000 0.511
1731.000 0.509
1732.000 0.509
1733.000 0.510
1734.000 0.508
1735.000 0.508
1736.000 0.506
1737.000 0.506
1738.000 0.506
1739.000 0.505
1740.000 0.504
1741.000 0.503
1742.000 0.501
1743.000 0.499
1744.000 0.497
1745.000 0.496
1746.000 0.496
1747.000 0.493
1748.000 0.494
1749.000 0.491
1750.000 0.486
1751.000 0.484
1752.000 0.483
1753.000 0.482
1754.000 0.484
1755.000 0.486
1756.000 0.488
1757.000 0.486
1758.000 0.483
1759.000 0.479
1760.000 0.477
1761.000 0.477
1762.000 0.478
1763.000 0.476
1764.000 0.475
1765.000 0.471
1766.000 0.466
1767.000 0.463
1768.000 0.460
1769.000 0.465
1770.000 0.473
1771.000 0.473
1772.000 0.475
1773.000 0.472
1774.000 0.468
1775.000 0.471
1776.000 0.474
1777.000 0.477
1778.000 0.475
1779.000 0.473
1780.000 0.471
1781.000 0.467
1782.000 0.472
1783.000 0.475
1784.000 0.476
1785.000 0.481
1786.000 0.484
1787.000 0.481
1788.000 0.479
1789.000 0.480
1790.000 0.475
1791.000 0.462
1792.000 0.463
1793.000 0.457
1794.000 0.456
1795.000 0.456
1796.000 0.456
1797.000 0.461
1798.000 0.476
1799.000 0.479
1800.000 0.475
1801.000 0.584
1802.000 0.630
1803.000 0.670
1804.000 0.666
1805.000 0.688
1806.000 0.663
1807.000 0.651
1808.000 0.591
1809.000 0.636
1810.000 0.639
1811.000 0.630
1812.000 0.609
1813.000 0.673
1814.000 0.659
1815.000 0.562
1816.000 0.567
1817.000 0.590
1818.000 0.464
1819.000 0.760
1820.000 0.593
1821.000 0.720
1822.000 0.596
1823.000 0.662
1824.000 0.613
1825.000 0.505
1826.000 0.502
1827.000 0.516
1828.000 0.474
1829.000 0.428
1830.000 0.477
1831.000 0.551
1832.000 0.516
1833.000 0.515
1834.000 0.599
1835.000 0.490
1836.000 0.520
1837.000 0.581
1838.000 0.579
1839.000 0.582
1840.000 0.558
1841.000 0.500
1842.000 0.435
1843.000 0.447
1844.000 0.456
1845.000 0.533
1846.000 0.604
1847.000 0.664
1848.000 0.592
1849.000 0.619
1850.000 0.501
1851.000 0.643
1852.000 0.631
1853.000 0.469
1854.000 0.773
1855.000 0.619
1856.000 0.403
1857.000 0.687
1858.000 0.522
1859.000 0.180
1860.000 0.186
1861.000 0.221
1862.000 0.332
1863.000 0.536
1864.000 0.464
1865.000 0.821
1866.000 0.816
1867.000 0.757
1868.000 0.551
1869.000 0.532
1870.000 0.519
1871.000 0.523
1872.000 0.504
1873.000 0.513
1874.000 0.663
1875.000 0.706
1876.000 0.717
1877.000 0.562
1878.000 0.445
1879.000 0.294
1880.000 0.195
1881.000 0.403
1882.000 0.504
1883.000 0.475
1884.000 0.437
1885.000 0.534
1886.000 0.564
1887.000 0.589
1888.000 0.619
1889.000 0.534
1890.000 0.487
1891.000 0.489
1892.000 0.470
1893.000 0.454
1894.000 0.436
1895.000 0.490
1896.000 0.462
1897.000 0.529
1898.000 0.519
1899.000 0.429
1900.000 0.348
1901.000 0.262
1902.000 0.177
1903.000 0.204
1904.000 0.525
1905.000 0.374
1906.000 0.359
1907.000 0.466
1908.000 0.397
1909.000 0.435
1910.000 0.593
1911.000 0.323
1912.000 0.181
1913.000 0.352
1914.000 0.307
1915.000 0.253
1916.000 0.258
1917.000 0.367
1918.000 0.186
1919.000 0.104
1920.000 0.210
1921.000 0.338
1922.000 0.436
1923.000 0.548
1924.000 0.501
1925.000 0.398
1926.000 0.271
1927.000 0.208
1928.000 0.203
1929.000 0.550
1930.000 0.622
1931.000 0.360
1932.000 0.558
1933.000 0.606
1934.000 0.558
1935.000 0.495
1936.000 0.693
1937.000 0.531
1938.000 0.738
1939.000 0.232
1940.000 0.460
1941.000 0.531
1942.000 0.565
1943.000 0.593
1944.000 0.609
1945.000 0.514
1946.000 0.436
1947.000 0.341
1948.000 0.362
1949.000 0.402
1950.000 0.497
1951.000 0.549
1952.000 0.614
1953.000 0.577
1954.000 0.495
1955.000 0.421
1956.000 0.426
1957.000 0.463
1958.000 0.487
1959.000 0.580
1960.000 0.494
1961.000 0.457
1962.000 0.368
1963.000 0.228
1964.000 0.199
1965.000 0.181
1966.000 0.188
1967.000 0.245
1968.000 0.302
1969.000 0.309
1970.000 0.327
1971.000 0.303
1972.000 0.284
1973.000 0.245
1974.000 0.210
1975.000 0.194
1976.000 0.182
1977.000 0.177
1978.000 0.179
1979.000 0.184
1980.000 0.175
1981.000 0.166
1982.000 0.170
1983.000 0.173
1984.000 0.180
1985.000 0.192
1986.000 0.197
1987.000 0.204
1988.000 0.207
1989.000 0.208
1990.000 0.207
1991.000 0.199
1992.000 0.181
1993.000 0.184
1994.000 0.193
1995.000 0.215
1996.000 0.237
1997.000 0.252
1998.000 0.256
1999.000 0.267
2000.000 0.265
2001.000 0.279
2002.000 0.317
2003.000 0.336
2004.000 0.353
2005.000 0.377
2006.000 0.404
2007.000 0.431
2008.000 0.464
2009.000 0.513
2010.000 0.522
2011.000 0.484
2012.000 0.488
2013.000 0.418
2014.000 0.324
2015.000 0.274
2016.000 0.258
2017.000 0.258
2018.000 0.253
2019.000 0.247
2020.000 0.255
2021.000 0.249
2022.000 0.261
2023.000 0.253
2024.000 0.245
2025.000 0.246
2026.000 0.230
2027.000 0.232
2028.000 0.247
2029.000 0.251
2030.000 0.260
2031.000 0.264
2032.000 0.263
2033.000 0.262
2034.000 0.263
2035.000 0.264
2036.000 0.258
2037.000 0.237
2038.000 0.221
2039.000 0.210
2040.000 0.201
2041.000 0.214
2042.000 0.219
2043.000 0.231
2044.000 0.235
2045.000 0.238
2046.000 0.242
2047.000 0.242
2048.000 0.244
2049.000 0.249
2050.000 0.255
2051.000 0.254
2052.000 0.260
2053.000 0.275
2054.000 0.297
2055.000 0.320
2056.000 0.312
2057.000 0.309
2058.000 0.292
2059.000 0.280
2060.000 0.269
2061.000 0.262
2062.000 0.256
2063.000 0.251
2064.000 0.240
2065.000 0.242
2066.000 0.257
2067.000 0.264
2068.000 0.268
2069.000 0.276
2070.000 0.271
2071.000 0.267
2072.000 0.266
2073.000 0.271
2074.000 0.273
2075.000 0.276
2076.000 0.277
2077.000 0.281
2078.000 0.280
2079.000 0.270
2080.000 0.266
2081.000 0.262
2082.000 0.262
2083.000 0.264
2084.000 0.265
2085.000 0.263
2086.000 0.261
2087.000 0.263
2088.000 0.268
2089.000 0.272
2090.000 0.283
2091.000 0.284
2092.000 0.276
2093.000 0.274
2094.000 0.268
2095.000 0.266
2096.000 0.270
2097.000 0.271
2098.000 0.272
2099.000 0.273
2100.000 0.275
2101.000 0.277
2102.000 0.280
2103.000 0.283
2104.000 0.282
2105.000 0.275
2106.000 0.278
2107.000 0.282
2108.000 0.290
2109.000 0.316
2110.000 0.323
2111.000 0.322
2112.000 0.320
2113.000 0.300
2114.000 0.294
2115.000 0.290
2116.000 0.289
2117.000 0.297
2118.000 0.301
2119.000 0.306
2120.000 0.312
2121.000 0.304
2122.000 0.300
2123.000 0.302
2124.000 0.305
2125.000 0.309
2126.000 0.323
2127.000 0.325
2128.000 0.314
2129.000 0.314
2130.000 0.317
2131.000 0.317
2132.000 0.319
2133.000 0.315
2134.000 0.303
2135.000 0.296
2136.000 0.289
2137.000 0.287
2138.000 0.294
2139.000 0.297
2140.000 0.304
2141.000 0.313
2142.000 0.318
2143.000 0.323
2144.000 0.324
2145.000 0.321
2146.000 0.322
2147.000 0.323
2148.000 0.329
2149.000 0.341
2150.000 0.348
2151.000 0.360
2152.000 0.360
2153.000 0.349
2154.000 0.343
2155.000 0.331
2156.000 0.319
2157.000 0.312
2158.000 0.310
2159.000 0.308
2160.000 0.307
2161.000 0.312
2162.000 0.322
2163.000 0.331
2164.000 0.351
2165.000 0.359
2166.000 0.364
2167.000 0.364
2168.000 0.357
2169.000 0.352
2170.000 0.342
2171.000 0.339
2172.000 0.340
2173.000 0.337
2174.000 0.334
2175.000 0.333
2176.000 0.330
2177.000 0.332
2178.000 0.342
2179.000 0.350
2180.000 0.345
2181.000 0.345
2182.000 0.345
2183.000 0.337
2184.000 0.337
2185.000 0.342
2186.000 0.344
2187.000 0.343
2188.000 0.341
2189.000 0.340
2190.000 0.334
2191.000 0.320
2192.000 0.315
2193.000 0.312
2194.000 0.312
2195.000 0.318
2196.000 0.323
2197.000 0.331
2198.000 0.338
2199.000 0.347
2200.000 0.356
2201.000 0.371
2202.000 0.375
2203.000 0.371
2204.000 0.370
2205.000 0.354
2206.000 0.339
2207.000 0.337
2208.000 0.336
2209.000 0.337
2210.000 0.347
2211.000 0.351
2212.000 0.352
2213.000 0.350
2214.000 0.346
2215.000 0.347
2216.000 0.346
2217.000 0.345
2218.000 0.343
2219.000 0.344
2220.000 0.338
2221.000 0.338
2222.000 0.347
2223.000 0.349
2224.000 0.347
2225.000 0.348
2226.000 0.347
2227.000 0.351
2228.000 0.347
2229.000 0.353
2230.000 0.356
2231.000 0.351
2232.000 0.354
2233.000 0.359
2234.000 0.355
2235.000 0.345
2236.000 0.344
2237.000 0.345
2238.000 0.345
2239.000 0.352
2240.000 0.348
2241.000 0.333
2242.000 0.326
2243.000 0.319
2244.000 0.316
2245.000 0.319
2246.000 0.318
2247.000 0.311
2248.000 0.312
2249.000 0.316
2250.000 0.319
2251.000 0.336
2252.000 0.340
2253.000 0.335
2254.000 0.328
2255.000 0.307
2256.000 0.298
2257.000 0.289
2258.000 0.281
2259.000 0.289
2260.000 0.296
2261.000 0.294
2262.000 0.308
2263.000 0.316
2264.000 0.317
2265.000 0.324
2266.000 0.329
2267.000 0.331
2268.000 0.337
2269.000 0.343
2270.000 0.342
2271.000 0.345
2272.000 0.341
2273.000 0.338
2274.000 0.339
2275.000 0.334
2276.000 0.320
2277.000 0.307
2278.000 0.290
2279.000 0.283
2280.000 0.280
2281.000 0.278
2282.000 0.285
2283.000 0.290
2284.000 0.290
2285.000 0.293
2286.000 0.308
2287.000 0.304
2288.000 0.294
2289.000 0.289
2290.000 0.276
2291.000 0.274
2292.000 0.276
2293.000 0.277
2294.000 0.281
2295.000 0.283
2296.000 0.280
2297.000 0.285
2298.000 0.298
2299.000 0.286
2300.000 0.279
2301.000 0.269
2302.000 0.267
2303.000 0.274
2304.000 0.292
2305.000 0.330
2306.000 0.338
2307.000 0.340
2308.000 0.342
2309.000 0.338
2310.000 0.370
2311.000 0.380
2312.000 0.369
2313.000 0.356
2314.000 0.332
2315.000 0.330
2316.000 0.338
2317.000 0.344
2318.000 0.350
2319.000 0.345
2320.000 0.333
2321.000 0.314
2322.000 0.328
2323.000 0.334
2324.000 0.334
2325.000 0.364
2326.000 0.364
2327.000 0.340
2328.000 0.346
2329.000 0.358
2330.000 0.349
2331.000 0.362
2332.000 0.352
2333.000 0.306
2334.000 0.287
2335.000 0.285
2336.000 0.272
2337.000 0.263
2338.000 0.273
2339.000 0.287
2340.000 0.292
2341.000 0.306
2342.000 0.308
2343.000 0.302
2344.000 0.289
2345.000 0.289
2346.000 0.267
2347.000 0.212
2348.000 0.209
2349.000 0.223
2350.000 0.233
2351.000 0.271
2352.000 0.280
2353.000 0.271
2354.000 0.275
2355.000 0.286
2356.000 0.312
2357.000 0.354
2358.000 0.372
2359.000 0.391
2360.000 0.416
2361.000 0.433
2362.000 0.427
2363.000 0.453
2364.000 0.443
2365.000 0.407
2366.000 0.359
2367.000 0.352
2368.000 0.322
2369.000 0.292
2370.000 0.252
2371.000 0.255
2372.000 0.245
2373.000 0.214
2374.000 0.197
2375.000 0.219
2376.000 0.272
2377.000 0.259
2378.000 0.171
2379.000 0.164
2380.000 0.173
2381.000 0.290
2382.000 0.318
2383.000 0.349
2384.000 0.380
2385.000 0.325
2386.000 0.357
2387.000 0.305
2388.000 0.254
2389.000 0.291
2390.000 0.313
2391.000 0.321
2392.000 0.328
2393.000 0.267
2394.000 0.277
2395.000 0.328
2396.000 0.291
2397.000 0.265
2398.000 0.252
2399.000 0.304
2400.000 0.358
2401.000 0.450
2402.000 0.548
2403.000 0.356
2404.000 0.434
2405.000 0.446
2406.000 0.500
2407.000 0.562
2408.000 0.361
2409.000 0.531
2410.000 0.474
2411.000 0.433
2412.000 0.338
2413.000 0.239
2414.000 0.166
2415.000 0.182
2416.000 0.209
2417.000 0.327
2418.000 0.587
2419.000 0.223
2420.000 0.662
2421.000 0.743
2422.000 0.524
2423.000 0.363
2424.000 0.216
2425.000 0.202
2426.000 0.209
2427.000 0.505
2428.000 0.554
2429.000 0.572
2430.000 0.216
2431.000 0.332
2432.000 0.411
2433.000 0.394
2434.000 0.540
2435.000 0.788
2436.000 0.526
2437.000 0.433
2438.000 0.327
2439.000 0.216
2440.000 0.155
2441.000 0.051
2442.000 0.261
2443.000 0.210
2444.000 0.515
2445.000 0.389
2446.000 0.200
2447.000 0.377
2448.000 0.292
2449.000 0.645
2450.000 0.736
2451.000 0.674
2452.000 0.558
2453.000 0.541
2454.000 0.451
2455.000 0.499
2456.000 0.534
2457.000 0.576
2458.000 0.675
2459.000 0.447
2460.000 0.439
2461.000 0.464
2462.000 0.534
2463.000 0.612
2464.000 0.669
2465.000 0.412
2466.000 0.496
2467.000 0.813
2468.000 0.432
2469.000 0.319
2470.000 0.183
2471.000 0.247
2472.000 0.410
2473.000 0.279
2474.000 0.144
2475.000 0.200
2476.000 0.330
2477.000 0.546
2478.000 0.273
2479.000 0.201
2480.000 0.261
2481.000 0.218
2482.000 0.158
2483.000 0.321
2484.000 0.314
2485.000 0.226
2486.000 0.276
2487.000 0.229
2488.000 0.244
2489.000 0.452
2490.000 0.568
2491.000 0.552
2492.000 0.564
2493.000 0.443
2494.000 0.491
2495.000 0.362
2496.000 0.268
2497.000 0.150
2498.000 0.190
2499.000 0.612
2500.000 0.597
