391.000 0.049
392.000 0.046
393.000 0.044
394.000 0.049
395.000 0.049
396.000 0.048
397.000 0.047
398.000 0.049
399.000 0.047
400.000 0.046
401.000 0.050
402.000 0.048
403.000 0.045
404.000 0.044
405.000 0.047
406.000 0.048
407.000 0.048
408.000 0.047
409.000 0.046
410.000 0.046
411.000 0.047
412.000 0.048
413.000 0.047
414.000 0.046
415.000 0.045
416.000 0.046
417.000 0.048
418.000 0.048
419.000 0.046
420.000 0.046
421.000 0.048
422.000 0.048
423.000 0.046
424.000 0.048
425.000 0.047
426.000 0.046
427.000 0.048
428.000 0.048
429.000 0.049
430.000 0.048
431.000 0.047
432.000 0.046
433.000 0.047
434.000 0.047
435.000 0.047
436.000 0.047
437.000 0.047
438.000 0.047
439.000 0.048
440.000 0.047
441.000 0.047
442.000 0.046
443.000 0.046
444.000 0.047
445.000 0.046
446.000 0.047
447.000 0.048
448.000 0.048
449.000 0.048
450.000 0.047
451.000 0.048
452.000 0.048
453.000 0.047
454.000 0.047
455.000 0.047
456.000 0.048
457.000 0.048
458.000 0.048
459.000 0.048
460.000 0.048
461.000 0.048
462.000 0.049
463.000 0.048
464.000 0.048
465.000 0.048
466.000 0.048
467.000 0.049
468.000 0.049
469.000 0.049
470.000 0.048
471.000 0.048
472.000 0.049
473.000 0.050
474.000 0.049
475.000 0.049
476.000 0.048
477.000 0.049
478.000 0.049
479.000 0.049
480.000 0.048
481.000 0.048
482.000 0.050
483.000 0.050
484.000 0.049
485.000 0.049
486.000 0.050
487.000 0.050
488.000 0.050
489.000 0.049
490.000 0.050
491.000 0.051
492.000 0.051
493.000 0.051
494.000 0.051
495.000 0.051
496.000 0.050
497.000 0.052
498.000 0.053
499.000 0.053
500.000 0.053
501.000 0.054
502.000 0.055
503.000 0.056
504.000 0.057
505.000 0.057
506.000 0.058
507.000 0.059
508.000 0.060
509.000 0.061
510.000 0.064
511.000 0.066
512.000 0.067
513.000 0.068
514.000 0.071
515.000 0.074
516.000 0.076
517.000 0.079
518.000 0.082
519.000 0.085
520.000 0.089
521.000 0.092
522.000 0.095
523.000 0.099
524.000 0.102
525.000 0.105
526.000 0.109
527.000 0.113
528.000 0.116
529.000 0.119
530.000 0.121
531.000 0.124
532.000 0.127
533.000 0.129
534.000 0.130
535.000 0.132
536.000 0.134
537.000 0.135
538.000 0.136
539.000 0.137
540.000 0.138
541.000 0.138
542.000 0.139
543.000 0.140
544.000 0.140
545.000 0.141
546.000 0.142
547.000 0.142
548.000 0.142
549.000 0.142
550.000 0.142
551.000 0.143
552.000 0.143
553.000 0.143
554.000 0.142
555.000 0.142
556.000 0.142
557.000 0.141
558.000 0.140
559.000 0.138
560.000 0.137
561.000 0.136
562.000 0.133
563.000 0.132
564.000 0.130
565.000 0.128
566.000 0.126
567.000 0.124
568.000 0.121
569.000 0.120
570.000 0.117
571.000 0.115
572.000 0.112
573.000 0.110
574.000 0.108
575.000 0.107
576.000 0.105
577.000 0.103
578.000 0.101
579.000 0.100
580.000 0.099
581.000 0.098
582.000 0.096
583.000 0.095
584.000 0.094
585.000 0.093
586.000 0.092
587.000 0.092
588.000 0.091
589.000 0.090
590.000 0.089
591.000 0.088
592.000 0.087
593.000 0.087
594.000 0.086
595.000 0.085
596.000 0.085
597.000 0.085
598.000 0.084
599.000 0.084
600.000 0.084
601.000 0.082
602.000 0.083
603.000 0.083
604.000 0.082
605.000 0.081
606.000 0.080
607.000 0.080
608.000 0.079
609.000 0.079
610.000 0.078
611.000 0.078
612.000 0.078
613.000 0.077
614.000 0.076
615.000 0.075
616.000 0.075
617.000 0.074
618.000 0.074
619.000 0.073
620.000 0.072
621.000 0.072
622.000 0.072
623.000 0.072
624.000 0.071
625.000 0.071
626.000 0.072
627.000 0.071
628.000 0.071
629.000 0.070
630.000 0.070
631.000 0.070
632.000 0.070
633.000 0.070
634.000 0.070
635.000 0.070
636.000 0.070
637.000 0.069
638.000 0.067
639.000 0.066
640.000 0.066
641.000 0.065
642.000 0.064
643.000 0.064
644.000 0.063
645.000 0.062
646.000 0.062
647.000 0.061
648.000 0.061
649.000 0.061
650.000 0.060
651.000 0.060
652.000 0.059
653.000 0.059
654.000 0.059
655.000 0.060
656.000 0.060
657.000 0.060
658.000 0.060
659.000 0.060
660.000 0.059
661.000 0.059
662.000 0.058
663.000 0.057
664.000 0.057
665.000 0.057
666.000 0.059
667.000 0.060
668.000 0.060
669.000 0.060
670.000 0.059
671.000 0.059
672.000 0.060
673.000 0.061
674.000 0.061
675.000 0.061
676.000 0.062
677.000 0.063
678.000 0.064
679.000 0.065
680.000 0.065
681.000 0.067
682.000 0.068
683.000 0.068
684.000 0.070
685.000 0.072
686.000 0.075
687.000 0.077
688.000 0.079
689.000 0.081
690.000 0.084
691.000 0.087
692.000 0.090
693.000 0.095
694.000 0.103
695.000 0.110
696.000 0.118
697.000 0.126
698.000 0.136
699.000 0.147
700.000 0.159
701.000 0.171
702.000 0.183
703.000 0.196
704.000 0.208
705.000 0.221
706.000 0.233
707.000 0.246
708.000 0.259
709.000 0.272
710.000 0.286
711.000 0.299
712.000 0.312
713.000 0.326
714.000 0.339
715.000 0.352
716.000 0.366
717.000 0.379
718.000 0.394
719.000 0.409
720.000 0.424
721.000 0.438
722.000 0.450
723.000 0.463
724.000 0.476
725.000 0.489
726.000 0.502
727.000 0.514
728.000 0.526
729.000 0.537
730.000 0.548
731.000 0.558
732.000 0.568
733.000 0.578
734.000 0.587
735.000 0.595
736.000 0.603
737.000 0.604
738.000 0.611
739.000 0.617
740.000 0.623
741.000 0.621
742.000 0.610
743.000 0.614
744.000 0.619
745.000 0.623
746.000 0.626
747.000 0.587
748.000 0.590
749.000 0.593
750.000 0.595
751.000 0.597
752.000 0.600
753.000 0.601
754.000 0.602
755.000 0.604
756.000 0.606
757.000 0.607
758.000 0.607
759.000 0.608
760.000 0.608
761.000 0.610
762.000 0.609
763.000 0.609
764.000 0.610
765.000 0.611
766.000 0.612
767.000 0.614
768.000 0.614
769.000 0.615
770.000 0.616
771.000 0.616
772.000 0.617
773.000 0.617
774.000 0.617
775.000 0.618
776.000 0.618
777.000 0.619
778.000 0.619
779.000 0.619
780.000 0.620
781.000 0.620
782.000 0.620
783.000 0.621
784.000 0.621
785.000 0.621
786.000 0.621
787.000 0.622
788.000 0.622
789.000 0.622
790.000 0.622
791.000 0.623
792.000 0.623
793.000 0.623
794.000 0.624
795.000 0.624
796.000 0.625
797.000 0.625
798.000 0.625
799.000 0.626
800.000 0.626
801.000 0.626
802.000 0.626
803.000 0.627
804.000 0.628
805.000 0.628
806.000 0.628
807.000 0.629
808.000 0.629
809.000 0.630
810.000 0.630
811.000 0.630
812.000 0.629
813.000 0.629
814.000 0.629
815.000 0.629
816.000 0.629
817.000 0.630
818.000 0.630
819.000 0.631
820.000 0.631
821.000 0.632
822.000 0.633
823.000 0.633
824.000 0.634
825.000 0.633
826.000 0.634
827.000 0.635
828.000 0.635
829.000 0.635
830.000 0.636
831.000 0.636
832.000 0.637
833.000 0.637
834.000 0.638
835.000 0.638
836.000 0.639
837.000 0.639
838.000 0.640
839.000 0.640
840.000 0.640
841.000 0.640
842.000 0.641
843.000 0.642
844.000 0.642
845.000 0.643
846.000 0.643
847.000 0.643
848.000 0.643
849.000 0.644
850.000 0.644
851.000 0.644
852.000 0.645
853.000 0.645
854.000 0.646
855.000 0.645
856.000 0.645
857.000 0.646
858.000 0.646
859.000 0.647
860.000 0.647
861.000 0.647
862.000 0.647
863.000 0.647
864.000 0.648
865.000 0.648
866.000 0.649
867.000 0.649
868.000 0.649
869.000 0.650
870.000 0.649
871.000 0.650
872.000 0.650
873.000 0.651
874.000 0.651
875.000 0.651
876.000 0.651
877.000 0.652
878.000 0.652
879.000 0.652
880.000 0.653
881.000 0.653
882.000 0.654
883.000 0.654
884.000 0.654
885.000 0.654
886.000 0.655
887.000 0.655
888.000 0.656
889.000 0.656
890.000 0.656
891.000 0.656
892.000 0.656
893.000 0.656
894.000 0.656
895.000 0.656
896.000 0.656
897.000 0.656
898.000 0.656
899.000 0.657
900.000 0.657
901.000 0.657
902.000 0.657
903.000 0.658
904.000 0.658
905.000 0.658
906.000 0.659
907.000 0.660
908.000 0.660
909.000 0.660
910.000 0.659
911.000 0.659
912.000 0.660
913.000 0.660
914.000 0.660
915.000 0.660
916.000 0.662
917.000 0.661
918.000 0.662
919.000 0.662
920.000 0.663
921.000 0.663
922.000 0.663
923.000 0.663
924.000 0.664
925.000 0.662
926.000 0.662
927.000 0.662
928.000 0.661
929.000 0.660
930.000 0.659
931.000 0.658
932.000 0.656
933.000 0.656
934.000 0.657
935.000 0.656
936.000 0.654
937.000 0.653
938.000 0.653
939.000 0.654
940.000 0.653
941.000 0.653
942.000 0.653
943.000 0.652
944.000 0.651
945.000 0.651
946.000 0.652
947.000 0.652
948.000 0.651
949.000 0.651
950.000 0.649
951.000 0.648
952.000 0.649
953.000 0.649
954.000 0.649
955.000 0.649
956.000 0.650
957.000 0.651
958.000 0.650
959.000 0.649
960.000 0.649
961.000 0.650
962.000 0.651
963.000 0.653
964.000 0.652
965.000 0.652
966.000 0.653
967.000 0.653
968.000 0.652
969.000 0.653
970.000 0.655
971.000 0.655
972.000 0.654
973.000 0.655
974.000 0.655
975.000 0.655
976.000 0.656
977.000 0.656
978.000 0.656
979.000 0.655
980.000 0.656
981.000 0.658
982.000 0.659
983.000 0.659
984.000 0.659
985.000 0.660
986.000 0.661
987.000 0.661
988.000 0.661
989.000 0.663
990.000 0.664
991.000 0.663
992.000 0.665
993.000 0.665
994.000 0.665
995.000 0.666
996.000 0.667
997.000 0.666
998.000 0.666
999.000 0.668
1000.000 0.668
1001.000 0.667
1002.000 0.667
1003.000 0.667
1004.000 0.668
1005.000 0.668
1006.000 0.668
1007.000 0.669
1008.000 0.670
1009.000 0.670
1010.000 0.671
1011.000 0.672
1012.000 0.672
1013.000 0.673
1014.000 0.674
1015.000 0.674
1016.000 0.674
1017.000 0.675
1018.000 0.675
1019.000 0.675
1020.000 0.675
1021.000 0.676
1022.000 0.676
1023.000 0.676
1024.000 0.677
1025.000 0.677
1026.000 0.677
1027.000 0.678
1028.000 0.678
1029.000 0.678
1030.000 0.679
1031.000 0.680
1032.000 0.681
1033.000 0.682
1034.000 0.683
1035.000 0.683
1036.000 0.683
1037.000 0.683
1038.000 0.683
1039.000 0.683
1040.000 0.684
1041.000 0.684
1042.000 0.685
1043.000 0.685
1044.000 0.686
1045.000 0.686
1046.000 0.686
1047.000 0.687
1048.000 0.687
1049.000 0.687
1050.000 0.688
1051.000 0.688
1052.000 0.688
1053.000 0.688
1054.000 0.688
1055.000 0.688
1056.000 0.689
1057.000 0.689
1058.000 0.690
1059.000 0.690
1060.000 0.690
1061.000 0.690
1062.000 0.690
1063.000 0.690
1064.000 0.691
1065.000 0.691
1066.000 0.691
1067.000 0.691
1068.000 0.691
1069.000 0.692
1070.000 0.693
1071.000 0.693
1072.000 0.692
1073.000 0.692
1074.000 0.692
1075.000 0.692
1076.000 0.691
1077.000 0.691
1078.000 0.691
1079.000 0.691
1080.000 0.691
1081.000 0.690
1082.000 0.691
1083.000 0.690
1084.000 0.691
1085.000 0.692
1086.000 0.692
1087.000 0.692
1088.000 0.691
1089.000 0.691
1090.000 0.691
1091.000 0.691
1092.000 0.691
1093.000 0.691
1094.000 0.691
1095.000 0.691
1096.000 0.690
1097.000 0.690
1098.000 0.690
1099.000 0.690
1100.000 0.690
1101.000 0.691
1102.000 0.691
1103.000 0.691
1104.000 0.691
1105.000 0.690
1106.000 0.688
1107.000 0.688
1108.000 0.687
1109.000 0.686
1110.000 0.685
1111.000 0.686
1112.000 0.686
1113.000 0.686
1114.000 0.685
1115.000 0.685
1116.000 0.683
1117.000 0.681
1118.000 0.679
1119.000 0.677
1120.000 0.675
1121.000 0.674
1122.000 0.676
1123.000 0.677
1124.000 0.731
1125.000 0.731
1126.000 0.730
1127.000 0.678
1128.000 0.675
1129.000 0.674
1130.000 0.672
1131.000 0.673
1132.000 0.671
1133.000 0.670
1134.000 0.669
1135.000 0.669
1136.000 0.670
1137.000 0.671
1138.000 0.672
1139.000 0.671
1140.000 0.670
1141.000 0.667
1142.000 0.666
1143.000 0.665
1144.000 0.664
1145.000 0.663
1146.000 0.662
1147.000 0.660
1148.000 0.659
1149.000 0.658
1150.000 0.659
1151.000 0.659
1152.000 0.658
1153.000 0.658
1154.000 0.658
1155.000 0.657
1156.000 0.657
1157.000 0.657
1158.000 0.658
1159.000 0.658
1160.000 0.657
1161.000 0.658
1162.000 0.658
1163.000 0.658
1164.000 0.659
1165.000 0.659
1166.000 0.659
1167.000 0.659
1168.000 0.659
1169.000 0.659
1170.000 0.659
1171.000 0.659
1172.000 0.660
1173.000 0.659
1174.000 0.660
1175.000 0.662
1176.000 0.662
1177.000 0.662
1178.000 0.662
1179.000 0.662
1180.000 0.663
1181.000 0.663
1182.000 0.663
1183.000 0.663
1184.000 0.664
1185.000 0.664
1186.000 0.665
1187.000 0.664
1188.000 0.664
1189.000 0.664
1190.000 0.663
1191.000 0.664
1192.000 0.664
1193.000 0.664
1194.000 0.665
1195.000 0.665
1196.000 0.666
1197.000 0.666
1198.000 0.666
1199.000 0.667
1200.000 0.666
1201.000 0.666
1202.000 0.666
1203.000 0.667
1204.000 0.668
1205.000 0.668
1206.000 0.668
1207.000 0.669
1208.000 0.670
1209.000 0.670
1210.000 0.670
1211.000 0.671
1212.000 0.671
1213.000 0.671
1214.000 0.671
1215.000 0.672
1216.000 0.672
1217.000 0.672
1218.000 0.672
1219.000 0.673
1220.000 0.673
1221.000 0.674
1222.000 0.674
1223.000 0.674
1224.000 0.674
1225.000 0.673
1226.000 0.673
1227.000 0.674
1228.000 0.673
1229.000 0.674
1230.000 0.675
1231.000 0.675
1232.000 0.675
1233.000 0.675
1234.000 0.675
1235.000 0.676
1236.000 0.677
1237.000 0.677
1238.000 0.677
1239.000 0.678
1240.000 0.678
1241.000 0.678
1242.000 0.678
1243.000 0.678
1244.000 0.678
1245.000 0.678
1246.000 0.678
1247.000 0.679
1248.000 0.679
1249.000 0.679
1250.000 0.680
1251.000 0.680
1252.000 0.680
1253.000 0.680
1254.000 0.680
1255.000 0.680
1256.000 0.681
1257.000 0.681
1258.000 0.681
1259.000 0.681
1260.000 0.681
1261.000 0.681
1262.000 0.681
1263.000 0.681
1264.000 0.682
1265.000 0.682
1266.000 0.682
1267.000 0.681
1268.000 0.681
1269.000 0.682
1270.000 0.682
1271.000 0.683
1272.000 0.684
1273.000 0.684
1274.000 0.684
1275.000 0.685
1276.000 0.684
1277.000 0.685
1278.000 0.685
1279.000 0.686
1280.000 0.686
1281.000 0.686
1282.000 0.686
1283.000 0.686
1284.000 0.686
1285.000 0.686
1286.000 0.686
1287.000 0.686
1288.000 0.685
1289.000 0.685
1290.000 0.684
1291.000 0.684
1292.000 0.683
1293.000 0.683
1294.000 0.683
1295.000 0.682
1296.000 0.682
1297.000 0.681
1298.000 0.681
1299.000 0.680
1300.000 0.679
1301.000 0.678
1302.000 0.677
1303.000 0.676
1304.000 0.675
1305.000 0.674
1306.000 0.673
1307.000 0.672
1308.000 0.671
1309.000 0.669
1310.000 0.668
1311.000 0.668
1312.000 0.666
1313.000 0.665
1314.000 0.664
1315.000 0.662
1316.000 0.660
1317.000 0.658
1318.000 0.657
1319.000 0.656
1320.000 0.654
1321.000 0.653
1322.000 0.652
1323.000 0.651
1324.000 0.649
1325.000 0.647
1326.000 0.644
1327.000 0.641
1328.000 0.638
1329.000 0.636
1330.000 0.633
1331.000 0.631
1332.000 0.629
1333.000 0.626
1334.000 0.674
1335.000 0.672
1336.000 0.669
1337.000 0.666
1338.000 0.664
1339.000 0.662
1340.000 0.660
1341.000 0.676
1342.000 0.673
1343.000 0.671
1344.000 0.670
1345.000 0.668
1346.000 0.671
1347.000 0.682
1348.000 0.683
1349.000 0.670
1350.000 0.670
1351.000 0.668
1352.000 0.669
1353.000 0.692
1354.000 0.701
1355.000 0.721
1356.000 0.751
1357.000 0.765
1358.000 0.730
1359.000 0.718
1360.000 0.600
1361.000 0.470
1362.000 0.327
1363.000 0.334
1364.000 0.339
1365.000 0.357
1366.000 0.487
1367.000 0.512
1368.000 0.518
1369.000 0.467
1370.000 0.597
1371.000 0.627
1372.000 0.807
1373.000 0.747
1374.000 0.587
1375.000 0.520
1376.000 0.258
1377.000 0.404
1378.000 0.552
1379.000 0.527
1380.000 0.506
1381.000 0.527
1382.000 0.547
1383.000 0.657
1384.000 0.547
1385.000 0.518
1386.000 0.330
1387.000 0.405
1388.000 0.233
1389.000 0.209
1390.000 0.533
1391.000 0.330
1392.000 0.442
1393.000 0.471
1394.000 0.467
1395.000 0.422
1396.000 0.323
1397.000 0.382
1398.000 0.442
1399.000 0.445
1400.000 0.446
1401.000 0.510
1402.000 0.559
1403.000 0.638
1404.000 0.668
1405.000 0.607
1406.000 0.570
1407.000 0.564
1408.000 0.580
1409.000 0.562
1410.000 0.567
1411.000 0.391
1412.000 0.378
1413.000 0.388
1414.000 0.405
1415.000 0.437
1416.000 0.416
1417.000 0.334
1418.000 0.355
1419.000 0.318
1420.000 0.302
1421.000 0.290
1422.000 0.287
1423.000 0.298
1424.000 0.288
1425.000 0.270
1426.000 0.268
1427.000 0.267
1428.000 0.266
1429.000 0.266
1430.000 0.267
1431.000 0.260
1432.000 0.263
1433.000 0.277
1434.000 0.275
1435.000 0.264
1436.000 0.257
1437.000 0.239
1438.000 0.232
1439.000 0.233
1440.000 0.234
1441.000 0.238
1442.000 0.240
1443.000 0.243
1444.000 0.243
1445.000 0.241
1446.000 0.241
1447.000 0.236
1448.000 0.236
1449.000 0.242
1450.000 0.243
1451.000 0.244
1452.000 0.248
1453.000 0.247
1454.000 0.243
1455.000 0.242
1456.000 0.242
1457.000 0.240
1458.000 0.239
1459.000 0.239
1460.000 0.237
1461.000 0.238
1462.000 0.243
1463.000 0.244
1464.000 0.246
1465.000 0.247
1466.000 0.248
1467.000 0.249
1468.000 0.253
1469.000 0.256
1470.000 0.260
1471.000 0.263
1472.000 0.265
1473.000 0.268
1474.000 0.271
1475.000 0.273
1476.000 0.276
1477.000 0.276
1478.000 0.277
1479.000 0.276
1480.000 0.271
1481.000 0.272
1482.000 0.275
1483.000 0.277
1484.000 0.285
1485.000 0.288
1486.000 0.289
1487.000 0.291
1488.000 0.293
1489.000 0.295
1490.000 0.295
1491.000 0.298
1492.000 0.302
1493.000 0.304
1494.000 0.307
1495.000 0.309
1496.000 0.312
1497.000 0.314
1498.000 0.318
1499.000 0.322
1500.000 0.325
1501.000 0.327
1502.000 0.328
1503.000 0.330
1504.000 0.330
1505.000 0.331
1506.000 0.333
1507.000 0.336
1508.000 0.338
1509.000 0.341
1510.000 0.344
1511.000 0.345
1512.000 0.347
1513.000 0.348
1514.000 0.350
1515.000 0.352
1516.000 0.355
1517.000 0.359
1518.000 0.362
1519.000 0.365
1520.000 0.367
1521.000 0.370
1522.000 0.372
1523.000 0.375
1524.000 0.377
1525.000 0.378
1526.000 0.379
1527.000 0.381
1528.000 0.384
1529.000 0.387
1530.000 0.391
1531.000 0.394
1532.000 0.396
1533.000 0.399
1534.000 0.401
1535.000 0.402
1536.000 0.405
1537.000 0.408
1538.000 0.411
1539.000 0.416
1540.000 0.418
1541.000 0.421
1542.000 0.423
1543.000 0.423
1544.000 0.424
1545.000 0.426
1546.000 0.428
1547.000 0.430
1548.000 0.432
1549.000 0.434
1550.000 0.436
1551.000 0.437
1552.000 0.438
1553.000 0.440
1554.000 0.442
1555.000 0.444
1556.000 0.445
1557.000 0.448
1558.000 0.450
1559.000 0.452
1560.000 0.454
1561.000 0.456
1562.000 0.459
1563.000 0.463
1564.000 0.465
1565.000 0.466
1566.000 0.467
1567.000 0.467
1568.000 0.468
1569.000 0.470
1570.000 0.472
1571.000 0.475
1572.000 0.478
1573.000 0.480
1574.000 0.482
1575.000 0.483
1576.000 0.485
1577.000 0.485
1578.000 0.487
1579.000 0.488
1580.000 0.490
1581.000 0.493
1582.000 0.495
1583.000 0.497
1584.000 0.498
1585.000 0.498
1586.000 0.499
1587.000 0.501
1588.000 0.503
1589.000 0.506
1590.000 0.508
1591.000 0.509
1592.000 0.511
1593.000 0.513
1594.000 0.513
1595.000 0.513
1596.000 0.513
1597.000 0.513
1598.000 0.514
1599.000 0.517
1600.000 0.520
1601.000 0.522
1602.000 0.524
1603.000 0.526
1604.000 0.527
1605.000 0.528
1606.000 0.529
1607.000 0.530
1608.000 0.531
1609.000 0.531
1610.000 0.533
1611.000 0.533
1612.000 0.535
1613.000 0.537
1614.000 0.539
1615.000 0.541
1616.000 0.542
1617.000 0.543
1618.000 0.544
1619.000 0.545
1620.000 0.546
1621.000 0.547
1622.000 0.548
1623.000 0.549
1624.000 0.550
1625.000 0.549
1626.000 0.550
1627.000 0.551
1628.000 0.552
1629.000 0.553
1630.000 0.553
1631.000 0.553
1632.000 0.553
1633.000 0.552
1634.000 0.553
1635.000 0.555
1636.000 0.557
1637.000 0.559
1638.000 0.560
1639.000 0.561
1640.000 0.562
1641.000 0.563
1642.000 0.564
1643.000 0.564
1644.000 0.564
1645.000 0.564
1646.000 0.565
1647.000 0.567
1648.000 0.567
1649.000 0.566
1650.000 0.567
1651.000 0.568
1652.000 0.569
1653.000 0.570
1654.000 0.571
1655.000 0.569
1656.000 0.569
1657.000 0.567
1658.000 0.567
1659.000 0.568
1660.000 0.569
1661.000 0.571
1662.000 0.571
1663.000 0.571
1664.000 0.571
1665.000 0.574
1666.000 0.575
1667.000 0.574
1668.000 0.575
1669.000 0.575
1670.000 0.575
1671.000 0.578
1672.000 0.578
1673.000 0.578
1674.000 0.578
1675.000 0.577
1676.000 0.577
1677.000 0.576
1678.000 0.577
1679.000 0.578
1680.000 0.579
1681.000 0.581
1682.000 0.582
1683.000 0.581
1684.000 0.582
1685.000 0.583
1686.000 0.584
1687.000 0.584
1688.000 0.585
1689.000 0.584
1690.000 0.584
1691.000 0.584
1692.000 0.583
1693.000 0.581
1694.000 0.580
1695.000 0.580
1696.000 0.579
1697.000 0.580
1698.000 0.581
1699.000 0.582
1700.000 0.581
1701.000 0.578
1702.000 0.578
1703.000 0.578
1704.000 0.578
1705.000 0.581
1706.000 0.581
1707.000 0.580
1708.000 0.579
1709.000 0.578
1710.000 0.577
1711.000 0.576
1712.000 0.575
1713.000 0.576
1714.000 0.576
1715.000 0.577
1716.000 0.575
1717.000 0.573
1718.000 0.570
1719.000 0.566
1720.000 0.566
1721.000 0.564
1722.000 0.563
1723.000 0.563
1724.000 0.561
1725.000 0.561
1726.000 0.562
1727.000 0.563
1728.000 0.566
1729.000 0.563
1730.000 0.560
1731.000 0.558
1732.000 0.555
1733.000 0.556
1734.000 0.558
1735.000 0.558
1736.000 0.557
1737.000 0.556
1738.000 0.554
1739.000 0.552
1740.000 0.549
1741.000 0.547
1742.000 0.544
1743.000 0.542
1744.000 0.543
1745.000 0.543
1746.000 0.542
1747.000 0.541
1748.000 0.541
1749.000 0.540
1750.000 0.538
1751.000 0.538
1752.000 0.535
1753.000 0.533
1754.000 0.532
1755.000 0.530
1756.000 0.527
1757.000 0.526
1758.000 0.523
1759.000 0.521
1760.000 0.519
1761.000 0.516
1762.000 0.517
1763.000 0.516
1764.000 0.515
1765.000 0.516
1766.000 0.515
1767.000 0.512
1768.000 0.512
1769.000 0.510
1770.000 0.507
1771.000 0.505
1772.000 0.501
1773.000 0.495
1774.000 0.492
1775.000 0.492
1776.000 0.493
1777.000 0.494
1778.000 0.494
1779.000 0.493
1780.000 0.492
1781.000 0.491
1782.000 0.491
1783.000 0.490
1784.000 0.490
1785.000 0.493
1786.000 0.494
1787.000 0.496
1788.000 0.496
1789.000 0.494
1790.000 0.491
1791.000 0.488
1792.000 0.482
1793.000 0.479
1794.000 0.474
1795.000 0.470
1796.000 0.467
1797.000 0.471
1798.000 0.473
1799.000 0.469
1800.000 0.471
1801.000 0.523
1802.000 0.535
1803.000 0.569
1804.000 0.571
1805.000 0.574
1806.000 0.559
1807.000 0.547
1808.000 0.520
1809.000 0.507
1810.000 0.501
1811.000 0.499
1812.000 0.492
1813.000 0.492
1814.000 0.506
1815.000 0.471
1816.000 0.482
1817.000 0.453
1818.000 0.361
1819.000 0.483
1820.000 0.526
1821.000 0.448
1822.000 0.504
1823.000 0.565
1824.000 0.661
1825.000 0.679
1826.000 0.696
1827.000 0.605
1828.000 0.583
1829.000 0.483
1830.000 0.429
1831.000 0.391
1832.000 0.334
1833.000 0.462
1834.000 0.444
1835.000 0.417
1836.000 0.367
1837.000 0.403
1838.000 0.590
1839.000 0.586
1840.000 0.514
1841.000 0.375
1842.000 0.386
1843.000 0.262
1844.000 0.360
1845.000 0.504
1846.000 0.614
1847.000 0.610
1848.000 0.565
1849.000 0.578
1850.000 0.469
1851.000 0.477
1852.000 0.535
1853.000 0.520
1854.000 0.430
1855.000 0.465
1856.000 0.589
1857.000 0.502
1858.000 0.552
1859.000 0.412
1860.000 0.428
1861.000 0.704
1862.000 0.614
1863.000 0.470
1864.000 0.465
1865.000 0.335
1866.000 0.299
1867.000 0.343
1868.000 0.389
1869.000 0.260
1870.000 0.294
1871.000 0.309
1872.000 0.322
1873.000 0.371
1874.000 0.457
1875.000 0.422
1876.000 0.406
1877.000 0.326
1878.000 0.351
1879.000 0.377
1880.000 0.713
1881.000 0.496
1882.000 0.433
1883.000 0.602
1884.000 0.662
1885.000 0.544
1886.000 0.505
1887.000 0.649
1888.000 0.592
1889.000 0.351
1890.000 0.352
1891.000 0.650
1892.000 0.421
1893.000 0.608
1894.000 0.720
1895.000 0.378
1896.000 0.509
1897.000 0.655
1898.000 0.577
1899.000 0.565
1900.000 0.456
1901.000 0.339
1902.000 0.414
1903.000 0.516
1904.000 0.392
1905.000 0.580
1906.000 0.717
1907.000 0.605
1908.000 0.580
1909.000 0.585
1910.000 0.448
1911.000 0.329
1912.000 0.339
1913.000 0.237
1914.000 0.181
1915.000 0.246
1916.000 0.487
1917.000 0.486
1918.000 0.362
1919.000 0.384
1920.000 0.354
1921.000 0.212
1922.000 0.339
1923.000 0.509
1924.000 0.373
1925.000 0.249
1926.000 0.354
1927.000 0.383
1928.000 0.328
1929.000 0.245
1930.000 0.241
1931.000 0.213
1932.000 0.434
1933.000 0.590
1934.000 0.493
1935.000 0.534
1936.000 0.565
1937.000 0.430
1938.000 0.463
1939.000 0.551
1940.000 0.552
1941.000 0.490
1942.000 0.476
1943.000 0.429
1944.000 0.387
1945.000 0.492
1946.000 0.413
1947.000 0.406
1948.000 0.487
1949.000 0.525
1950.000 0.477
1951.000 0.460
1952.000 0.482
1953.000 0.394
1954.000 0.345
1955.000 0.469
1956.000 0.331
1957.000 0.282
1958.000 0.318
1959.000 0.314
1960.000 0.334
1961.000 0.313
1962.000 0.311
1963.000 0.294
1964.000 0.302
1965.000 0.329
1966.000 0.335
1967.000 0.263
1968.000 0.272
1969.000 0.229
1970.000 0.188
1971.000 0.163
1972.000 0.154
1973.000 0.146
1974.000 0.138
1975.000 0.137
1976.000 0.134
1977.000 0.141
1978.000 0.156
1979.000 0.170
1980.000 0.172
1981.000 0.176
1982.000 0.173
1983.000 0.175
1984.000 0.187
1985.000 0.199
1986.000 0.199
1987.000 0.191
1988.000 0.182
1989.000 0.159
1990.000 0.150
1991.000 0.144
1992.000 0.144
1993.000 0.150
1994.000 0.165
1995.000 0.183
1996.000 0.201
1997.000 0.220
1998.000 0.223
1999.000 0.225
2000.000 0.209
2001.000 0.214
2002.000 0.223
2003.000 0.244
2004.000 0.292
2005.000 0.328
2006.000 0.353
2007.000 0.393
2008.000 0.417
2009.000 0.384
2010.000 0.306
2011.000 0.264
2012.000 0.232
2013.000 0.211
2014.000 0.205
2015.000 0.211
2016.000 0.209
2017.000 0.217
2018.000 0.220
2019.000 0.214
2020.000 0.223
2021.000 0.235
2022.000 0.233
2023.000 0.226
2024.000 0.214
2025.000 0.204
2026.000 0.195
2027.000 0.192
2028.000 0.194
2029.000 0.193
2030.000 0.189
2031.000 0.191
2032.000 0.195
2033.000 0.196
2034.000 0.200
2035.000 0.201
2036.000 0.202
2037.000 0.206
2038.000 0.209
2039.000 0.213
2040.000 0.210
2041.000 0.203
2042.000 0.205
2043.000 0.212
2044.000 0.218
2045.000 0.235
2046.000 0.245
2047.000 0.248
2048.000 0.254
2049.000 0.259
2050.000 0.259
2051.000 0.261
2052.000 0.280
2053.000 0.266
2054.000 0.257
2055.000 0.244
2056.000 0.234
2057.000 0.229
2058.000 0.223
2059.000 0.222
2060.000 0.226
2061.000 0.229
2062.000 0.240
2063.000 0.243
2064.000 0.245
2065.000 0.247
2066.000 0.248
2067.000 0.243
2068.000 0.245
2069.000 0.239
2070.000 0.233
2071.000 0.225
2072.000 0.223
2073.000 0.226
2074.000 0.230
2075.000 0.236
2076.000 0.242
2077.000 0.251
2078.000 0.255
2079.000 0.260
2080.000 0.264
2081.000 0.266
2082.000 0.263
2083.000 0.259
2084.000 0.259
2085.000 0.256
2086.000 0.256
2087.000 0.259
2088.000 0.268
2089.000 0.266
2090.000 0.256
2091.000 0.257
2092.000 0.255
2093.000 0.256
2094.000 0.270
2095.000 0.275
2096.000 0.273
2097.000 0.273
2098.000 0.271
2099.000 0.274
2100.000 0.277
2101.000 0.281
2102.000 0.286
2103.000 0.289
2104.000 0.290
2105.000 0.289
2106.000 0.289
2107.000 0.287
2108.000 0.287
2109.000 0.285
2110.000 0.287
2111.000 0.293
2112.000 0.295
2113.000 0.295
2114.000 0.295
2115.000 0.292
2116.000 0.290
2117.000 0.289
2118.000 0.288
2119.000 0.290
2120.000 0.294
2121.000 0.300
2122.000 0.306
2123.000 0.308
2124.000 0.306
2125.000 0.305
2126.000 0.301
2127.000 0.298
2128.000 0.295
2129.000 0.294
2130.000 0.293
2131.000 0.292
2132.000 0.292
2133.000 0.294
2134.000 0.297
2135.000 0.299
2136.000 0.303
2137.000 0.307
2138.000 0.305
2139.000 0.302
2140.000 0.297
2141.000 0.294
2142.000 0.294
2143.000 0.296
2144.000 0.301
2145.000 0.312
2146.000 0.316
2147.000 0.318
2148.000 0.319
2149.000 0.314
2150.000 0.312
2151.000 0.312
2152.000 0.315
2153.000 0.321
2154.000 0.327
2155.000 0.338
2156.000 0.345
2157.000 0.342
2158.000 0.339
2159.000 0.336
2160.000 0.330
2161.000 0.327
2162.000 0.325
2163.000 0.325
2164.000 0.323
2165.000 0.327
2166.000 0.337
2167.000 0.341
2168.000 0.346
2169.000 0.350
2170.000 0.347
2171.000 0.349
2172.000 0.357
2173.000 0.358
2174.000 0.353
2175.000 0.351
2176.000 0.349
2177.000 0.343
2178.000 0.342
2179.000 0.337
2180.000 0.335
2181.000 0.333
2182.000 0.336
2183.000 0.339
2184.000 0.341
2185.000 0.343
2186.000 0.342
2187.000 0.338
2188.000 0.340
2189.000 0.346
2190.000 0.347
2191.000 0.353
2192.000 0.351
2193.000 0.337
2194.000 0.333
2195.000 0.336
2196.000 0.337
2197.000 0.347
2198.000 0.349
2199.000 0.345
2200.000 0.343
2201.000 0.342
2202.000 0.334
2203.000 0.333
2204.000 0.335
2205.000 0.334
2206.000 0.337
2207.000 0.339
2208.000 0.339
2209.000 0.340
2210.000 0.340
2211.000 0.341
2212.000 0.346
2213.000 0.346
2214.000 0.342
2215.000 0.341
2216.000 0.338
2217.000 0.339
2218.000 0.345
2219.000 0.349
2220.000 0.355
2221.000 0.356
2222.000 0.352
2223.000 0.350
2224.000 0.348
2225.000 0.347
2226.000 0.343
2227.000 0.348
2228.000 0.350
2229.000 0.345
2230.000 0.343
2231.000 0.341
2232.000 0.338
2233.000 0.341
2234.000 0.343
2235.000 0.339
2236.000 0.340
2237.000 0.337
2238.000 0.336
2239.000 0.341
2240.000 0.343
2241.000 0.345
2242.000 0.347
2243.000 0.348
2244.000 0.350
2245.000 0.353
2246.000 0.350
2247.000 0.342
2248.000 0.340
2249.000 0.341
2250.000 0.338
2251.000 0.338
2252.000 0.335
2253.000 0.327
2254.000 0.321
2255.000 0.315
2256.000 0.313
2257.000 0.311
2258.000 0.314
2259.000 0.325
2260.000 0.330
2261.000 0.340
2262.000 0.336
2263.000 0.328
2264.000 0.325
2265.000 0.310
2266.000 0.296
2267.000 0.293
2268.000 0.286
2269.000 0.287
2270.000 0.296
2271.000 0.300
2272.000 0.303
2273.000 0.301
2274.000 0.293
2275.000 0.290
2276.000 0.286
2277.000 0.289
2278.000 0.302
2279.000 0.304
2280.000 0.309
2281.000 0.307
2282.000 0.288
2283.000 0.283
2284.000 0.280
2285.000 0.275
2286.000 0.273
2287.000 0.274
2288.000 0.274
2289.000 0.275
2290.000 0.278
2291.000 0.282
2292.000 0.288
2293.000 0.289
2294.000 0.283
2295.000 0.284
2296.000 0.281
2297.000 0.288
2298.000 0.285
2299.000 0.307
2300.000 0.283
2301.000 0.269
2302.000 0.274
2303.000 0.276
2304.000 0.272
2305.000 0.267
2306.000 0.254
2307.000 0.251
2308.000 0.253
2309.000 0.258
2310.000 0.278
2311.000 0.299
2312.000 0.304
2313.000 0.308
2314.000 0.298
2315.000 0.284
2316.000 0.275
2317.000 0.270
2318.000 0.264
2319.000 0.255
2320.000 0.258
2321.000 0.262
2322.000 0.267
2323.000 0.277
2324.000 0.272
2325.000 0.268
2326.000 0.269
2327.000 0.273
2328.000 0.275
2329.000 0.284
2330.000 0.288
2331.000 0.288
2332.000 0.289
2333.000 0.290
2334.000 0.281
2335.000 0.267
2336.000 0.254
2337.000 0.247
2338.000 0.247
2339.000 0.244
2340.000 0.247
2341.000 0.256
2342.000 0.259
2343.000 0.266
2344.000 0.271
2345.000 0.203
2346.000 0.236
2347.000 0.266
2348.000 0.213
2349.000 0.180
2350.000 0.175
2351.000 0.193
2352.000 0.192
2353.000 0.226
2354.000 0.232
2355.000 0.208
2356.000 0.202
2357.000 0.189
2358.000 0.172
2359.000 0.178
2360.000 0.171
2361.000 0.158
2362.000 0.146
2363.000 0.156
2364.000 0.171
2365.000 0.200
2366.000 0.240
2367.000 0.230
2368.000 0.221
2369.000 0.229
2370.000 0.226
2371.000 0.216
2372.000 0.235
2373.000 0.304
2374.000 0.242
2375.000 0.176
2376.000 0.257
2377.000 0.250
2378.000 0.231
2379.000 0.183
2380.000 0.139
2381.000 0.199
2382.000 0.193
2383.000 0.151
2384.000 0.177
2385.000 0.162
2386.000 0.193
2387.000 0.241
2388.000 0.226
2389.000 0.239
2390.000 0.257
2391.000 0.261
2392.000 0.239
2393.000 0.247
2394.000 0.257
2395.000 0.264
2396.000 0.268
2397.000 0.318
2398.000 0.395
2399.000 0.230
2400.000 0.238
2401.000 0.281
2402.000 0.250
2403.000 0.223
2404.000 0.188
2405.000 0.301
2406.000 0.251
2407.000 0.199
2408.000 0.284
2409.000 0.297
2410.000 0.390
2411.000 0.537
2412.000 0.435
2413.000 0.357
2414.000 0.415
2415.000 0.474
2416.000 0.447
2417.000 0.457
2418.000 0.392
2419.000 0.344
2420.000 0.316
2421.000 0.251
2422.000 0.181
2423.000 0.248
2424.000 0.304
2425.000 0.307
2426.000 0.334
2427.000 0.375
2428.000 0.323
2429.000 0.264
2430.000 0.335
2431.000 0.438
2432.000 0.402
2433.000 0.475
2434.000 0.257
2435.000 0.254
2436.000 0.354
2437.000 0.231
2438.000 0.201
2439.000 0.402
2440.000 0.239
2441.000 0.539
2442.000 0.577
2443.000 0.507
2444.000 0.452
2445.000 0.333
2446.000 0.497
2447.000 0.440
2448.000 0.578
2449.000 0.360
2450.000 0.248
2451.000 0.236
2452.000 0.293
2453.000 0.175
2454.000 0.173
2455.000 0.183
2456.000 0.366
2457.000 0.353
2458.000 0.269
2459.000 0.259
2460.000 0.237
2461.000 0.343
2462.000 0.305
2463.000 0.254
2464.000 0.313
2465.000 0.333
2466.000 0.526
2467.000 0.551
2468.000 0.294
2469.000 0.450
2470.000 0.501
2471.000 0.604
2472.000 0.330
2473.000 0.388
2474.000 0.512
2475.000 0.520
2476.000 0.481
2477.000 0.352
2478.000 0.329
2479.000 0.376
2480.000 0.468
2481.000 0.404
2482.000 0.465
2483.000 0.552
2484.000 0.434
2485.000 0.365
2486.000 0.555
2487.000 0.353
2488.000 0.383
2489.000 0.501
2490.000 0.313
2491.000 0.373
2492.000 0.412
2493.000 0.376
2494.000 0.329
2495.000 0.395
2496.000 0.546
2497.000 0.427
2498.000 0.385
2499.000 0.459
2500.000 0.413
