391.000 0.077
392.000 0.080
393.000 0.082
394.000 0.079
395.000 0.073
396.000 0.074
397.000 0.081
398.000 0.084
399.000 0.078
400.000 0.074
401.000 0.077
402.000 0.073
403.000 0.072
404.000 0.074
405.000 0.074
406.000 0.075
407.000 0.075
408.000 0.074
409.000 0.074
410.000 0.074
411.000 0.073
412.000 0.071
413.000 0.075
414.000 0.074
415.000 0.072
416.000 0.073
417.000 0.075
418.000 0.076
419.000 0.074
420.000 0.073
421.000 0.073
422.000 0.074
423.000 0.074
424.000 0.074
425.000 0.073
426.000 0.072
427.000 0.073
428.000 0.074
429.000 0.073
430.000 0.071
431.000 0.074
432.000 0.073
433.000 0.072
434.000 0.073
435.000 0.073
436.000 0.074
437.000 0.074
438.000 0.073
439.000 0.074
440.000 0.074
441.000 0.074
442.000 0.074
443.000 0.074
444.000 0.073
445.000 0.073
446.000 0.073
447.000 0.075
448.000 0.077
449.000 0.076
450.000 0.075
451.000 0.074
452.000 0.074
453.000 0.073
454.000 0.075
455.000 0.077
456.000 0.078
457.000 0.077
458.000 0.076
459.000 0.076
460.000 0.076
461.000 0.077
462.000 0.079
463.000 0.078
464.000 0.076
465.000 0.078
466.000 0.079
467.000 0.077
468.000 0.079
469.000 0.079
470.000 0.078
471.000 0.076
472.000 0.076
473.000 0.078
474.000 0.079
475.000 0.078
476.000 0.079
477.000 0.079
478.000 0.079
479.000 0.079
480.000 0.080
481.000 0.080
482.000 0.080
483.000 0.080
484.000 0.079
485.000 0.080
486.000 0.082
487.000 0.083
488.000 0.082
489.000 0.081
490.000 0.081
491.000 0.082
492.000 0.083
493.000 0.082
494.000 0.082
495.000 0.083
496.000 0.084
497.000 0.086
498.000 0.088
499.000 0.088
500.000 0.088
501.000 0.089
502.000 0.090
503.000 0.091
504.000 0.094
505.000 0.095
506.000 0.096
507.000 0.098
508.000 0.100
509.000 0.103
510.000 0.106
511.000 0.111
512.000 0.112
513.000 0.115
514.000 0.121
515.000 0.125
516.000 0.129
517.000 0.133
518.000 0.138
519.000 0.145
520.000 0.151
521.000 0.157
522.000 0.162
523.000 0.167
524.000 0.172
525.000 0.177
526.000 0.183
527.000 0.189
528.000 0.193
529.000 0.198
530.000 0.201
531.000 0.206
532.000 0.210
533.000 0.213
534.000 0.215
535.000 0.218
536.000 0.220
537.000 0.222
538.000 0.223
539.000 0.224
540.000 0.226
541.000 0.227
542.000 0.228
543.000 0.228
544.000 0.230
545.000 0.230
546.000 0.231
547.000 0.231
548.000 0.231
549.000 0.232
550.000 0.234
551.000 0.234
552.000 0.233
553.000 0.232
554.000 0.232
555.000 0.232
556.000 0.232
557.000 0.230
558.000 0.228
559.000 0.227
560.000 0.225
561.000 0.223
562.000 0.220
563.000 0.217
564.000 0.214
565.000 0.212
566.000 0.208
567.000 0.205
568.000 0.201
569.000 0.198
570.000 0.195
571.000 0.191
572.000 0.187
573.000 0.183
574.000 0.181
575.000 0.179
576.000 0.177
577.000 0.174
578.000 0.171
579.000 0.169
580.000 0.166
581.000 0.163
582.000 0.161
583.000 0.159
584.000 0.158
585.000 0.156
586.000 0.154
587.000 0.154
588.000 0.154
589.000 0.153
590.000 0.150
591.000 0.148
592.000 0.147
593.000 0.147
594.000 0.146
595.000 0.145
596.000 0.144
597.000 0.145
598.000 0.144
599.000 0.143
600.000 0.141
601.000 0.140
602.000 0.141
603.000 0.141
604.000 0.139
605.000 0.138
606.000 0.138
607.000 0.137
608.000 0.137
609.000 0.136
610.000 0.135
611.000 0.133
612.000 0.132
613.000 0.130
614.000 0.128
615.000 0.128
616.000 0.127
617.000 0.126
618.000 0.125
619.000 0.125
620.000 0.122
621.000 0.121
622.000 0.122
623.000 0.122
624.000 0.121
625.000 0.121
626.000 0.120
627.000 0.119
628.000 0.119
629.000 0.119
630.000 0.118
631.000 0.119
632.000 0.120
633.000 0.119
634.000 0.119
635.000 0.118
636.000 0.117
637.000 0.118
638.000 0.115
639.000 0.112
640.000 0.111
641.000 0.111
642.000 0.109
643.000 0.108
644.000 0.108
645.000 0.107
646.000 0.105
647.000 0.104
648.000 0.102
649.000 0.102
650.000 0.102
651.000 0.102
652.000 0.101
653.000 0.099
654.000 0.099
655.000 0.101
656.000 0.100
657.000 0.101
658.000 0.101
659.000 0.100
660.000 0.098
661.000 0.097
662.000 0.098
663.000 0.096
664.000 0.095
665.000 0.096
666.000 0.097
667.000 0.100
668.000 0.100
669.000 0.098
670.000 0.098
671.000 0.098
672.000 0.098
673.000 0.099
674.000 0.101
675.000 0.103
676.000 0.106
677.000 0.105
678.000 0.108
679.000 0.109
680.000 0.108
681.000 0.109
682.000 0.110
683.000 0.113
684.000 0.116
685.000 0.119
686.000 0.123
687.000 0.126
688.000 0.128
689.000 0.131
690.000 0.135
691.000 0.139
692.000 0.143
693.000 0.152
694.000 0.162
695.000 0.173
696.000 0.182
697.000 0.193
698.000 0.207
699.000 0.222
700.000 0.236
701.000 0.251
702.000 0.267
703.000 0.282
704.000 0.298
705.000 0.312
706.000 0.327
707.000 0.342
708.000 0.357
709.000 0.373
710.000 0.388
711.000 0.403
712.000 0.418
713.000 0.434
714.000 0.448
715.000 0.464
716.000 0.479
717.000 0.494
718.000 0.509
719.000 0.526
720.000 0.542
721.000 0.557
722.000 0.569
723.000 0.582
724.000 0.595
725.000 0.608
726.000 0.621
727.000 0.633
728.000 0.644
729.000 0.655
730.000 0.665
731.000 0.675
732.000 0.685
733.000 0.694
734.000 0.702
735.000 0.710
736.000 0.717
737.000 0.724
738.000 0.730
739.000 0.736
740.000 0.741
741.000 0.747
742.000 0.751
743.000 0.755
744.000 0.759
745.000 0.763
746.000 0.766
747.000 0.769
748.000 0.772
749.000 0.774
750.000 0.777
751.000 0.779
752.000 0.781
753.000 0.783
754.000 0.784
755.000 0.785
756.000 0.787
757.000 0.788
758.000 0.789
759.000 0.789
760.000 0.789
761.000 0.790
762.000 0.790
763.000 0.791
764.000 0.791
765.000 0.792
766.000 0.794
767.000 0.795
768.000 0.795
769.000 0.796
770.000 0.796
771.000 0.796
772.000 0.796
773.000 0.797
774.000 0.797
775.000 0.798
776.000 0.798
777.000 0.798
778.000 0.798
779.000 0.798
780.000 0.799
781.000 0.799
782.000 0.800
783.000 0.800
784.000 0.800
785.000 0.800
786.000 0.800
787.000 0.800
788.000 0.801
789.000 0.801
790.000 0.801
791.000 0.801
792.000 0.802
793.000 0.802
794.000 0.802
795.000 0.803
796.000 0.803
797.000 0.803
798.000 0.803
799.000 0.804
800.000 0.804
801.000 0.804
802.000 0.804
803.000 0.805
804.000 0.805
805.000 0.805
806.000 0.806
807.000 0.806
808.000 0.806
809.000 0.807
810.000 0.807
811.000 0.807
812.000 0.807
813.000 0.807
814.000 0.807
815.000 0.807
816.000 0.807
817.000 0.807
818.000 0.807
819.000 0.808
820.000 0.808
821.000 0.808
822.000 0.809
823.000 0.809
824.000 0.809
825.000 0.810
826.000 0.810
827.000 0.810
828.000 0.811
829.000 0.811
830.000 0.811
831.000 0.812
832.000 0.812
833.000 0.812
834.000 0.812
835.000 0.812
836.000 0.813
837.000 0.813
838.000 0.814
839.000 0.814
840.000 0.814
841.000 0.815
842.000 0.815
843.000 0.815
844.000 0.816
845.000 0.816
846.000 0.816
847.000 0.816
848.000 0.817
849.000 0.817
850.000 0.817
851.000 0.817
852.000 0.817
853.000 0.818
854.000 0.818
855.000 0.818
856.000 0.818
857.000 0.818
858.000 0.818
859.000 0.819
860.000 0.819
861.000 0.819
862.000 0.819
863.000 0.819
864.000 0.820
865.000 0.820
866.000 0.820
867.000 0.820
868.000 0.820
869.000 0.821
870.000 0.822
871.000 0.822
872.000 0.822
873.000 0.822
874.000 0.822
875.000 0.822
876.000 0.822
877.000 0.822
878.000 0.823
879.000 0.824
880.000 0.823
881.000 0.824
882.000 0.824
883.000 0.825
884.000 0.825
885.000 0.825
886.000 0.825
887.000 0.826
888.000 0.826
889.000 0.826
890.000 0.826
891.000 0.826
892.000 0.826
893.000 0.826
894.000 0.826
895.000 0.826
896.000 0.826
897.000 0.826
898.000 0.826
899.000 0.827
900.000 0.827
901.000 0.826
902.000 0.827
903.000 0.828
904.000 0.828
905.000 0.828
906.000 0.829
907.000 0.828
908.000 0.829
909.000 0.829
910.000 0.829
911.000 0.829
912.000 0.829
913.000 0.829
914.000 0.829
915.000 0.829
916.000 0.829
917.000 0.829
918.000 0.830
919.000 0.820
920.000 0.820
921.000 0.820
922.000 0.819
923.000 0.820
924.000 0.820
925.000 0.819
926.000 0.830
927.000 0.819
928.000 0.818
929.000 0.828
930.000 0.827
931.000 0.826
932.000 0.826
933.000 0.822
934.000 0.819
935.000 0.821
936.000 0.821
937.000 0.820
938.000 0.821
939.000 0.822
940.000 0.820
941.000 0.821
942.000 0.822
943.000 0.822
944.000 0.818
945.000 0.819
946.000 0.819
947.000 0.817
948.000 0.817
949.000 0.816
950.000 0.816
951.000 0.817
952.000 0.815
953.000 0.813
954.000 0.812
955.000 0.813
956.000 0.814
957.000 0.814
958.000 0.814
959.000 0.813
960.000 0.812
961.000 0.812
962.000 0.816
963.000 0.819
964.000 0.815
965.000 0.813
966.000 0.814
967.000 0.817
968.000 0.814
969.000 0.816
970.000 0.816
971.000 0.815
972.000 0.813
973.000 0.815
974.000 0.815
975.000 0.814
976.000 0.815
977.000 0.816
978.000 0.815
979.000 0.815
980.000 0.817
981.000 0.817
982.000 0.816
983.000 0.817
984.000 0.817
985.000 0.817
986.000 0.818
987.000 0.819
988.000 0.821
989.000 0.822
990.000 0.820
991.000 0.819
992.000 0.824
993.000 0.822
994.000 0.822
995.000 0.823
996.000 0.822
997.000 0.820
998.000 0.822
999.000 0.825
1000.000 0.822
1001.000 0.824
1002.000 0.825
1003.000 0.826
1004.000 0.827
1005.000 0.817
1006.000 0.818
1007.000 0.818
1008.000 0.829
1009.000 0.829
1010.000 0.829
1011.000 0.829
1012.000 0.829
1013.000 0.829
1014.000 0.829
1015.000 0.829
1016.000 0.829
1017.000 0.830
1018.000 0.821
1019.000 0.821
1020.000 0.822
1021.000 0.823
1022.000 0.822
1023.000 0.821
1024.000 0.823
1025.000 0.824
1026.000 0.825
1027.000 0.825
1028.000 0.825
1029.000 0.824
1030.000 0.824
1031.000 0.826
1032.000 0.828
1033.000 0.829
1034.000 0.830
1035.000 0.829
1036.000 0.829
1037.000 0.829
1038.000 0.829
1039.000 0.829
1040.000 0.829
1041.000 0.830
1042.000 0.830
1043.000 0.831
1044.000 0.832
1045.000 0.832
1046.000 0.832
1047.000 0.831
1048.000 0.831
1049.000 0.832
1050.000 0.832
1051.000 0.833
1052.000 0.833
1053.000 0.833
1054.000 0.834
1055.000 0.834
1056.000 0.834
1057.000 0.835
1058.000 0.835
1059.000 0.836
1060.000 0.836
1061.000 0.835
1062.000 0.834
1063.000 0.834
1064.000 0.834
1065.000 0.834
1066.000 0.833
1067.000 0.834
1068.000 0.834
1069.000 0.835
1070.000 0.835
1071.000 0.834
1072.000 0.835
1073.000 0.835
1074.000 0.835
1075.000 0.835
1076.000 0.834
1077.000 0.834
1078.000 0.834
1079.000 0.833
1080.000 0.833
1081.000 0.834
1082.000 0.833
1083.000 0.833
1084.000 0.833
1085.000 0.833
1086.000 0.833
1087.000 0.832
1088.000 0.831
1089.000 0.830
1090.000 0.831
1091.000 0.840
1092.000 0.839
1093.000 0.839
1094.000 0.839
1095.000 0.839
1096.000 0.839
1097.000 0.839
1098.000 0.840
1099.000 0.840
1100.000 0.840
1101.000 0.830
1102.000 0.831
1103.000 0.840
1104.000 0.840
1105.000 0.838
1106.000 0.837
1107.000 0.836
1108.000 0.835
1109.000 0.834
1110.000 0.833
1111.000 0.834
1112.000 0.833
1113.000 0.832
1114.000 0.831
1115.000 0.829
1116.000 0.827
1117.000 0.826
1118.000 0.827
1119.000 0.827
1120.000 0.824
1121.000 0.822
1122.000 0.819
1123.000 0.817
1124.000 0.814
1125.000 0.813
1126.000 0.815
1127.000 0.815
1128.000 0.815
1129.000 0.814
1130.000 0.814
1131.000 0.812
1132.000 0.811
1133.000 0.812
1134.000 0.810
1135.000 0.810
1136.000 0.811
1137.000 0.811
1138.000 0.811
1139.000 0.813
1140.000 0.812
1141.000 0.809
1142.000 0.807
1143.000 0.806
1144.000 0.804
1145.000 0.804
1146.000 0.803
1147.000 0.800
1148.000 0.799
1149.000 0.800
1150.000 0.798
1151.000 0.799
1152.000 0.800
1153.000 0.800
1154.000 0.799
1155.000 0.798
1156.000 0.796
1157.000 0.795
1158.000 0.795
1159.000 0.795
1160.000 0.796
1161.000 0.796
1162.000 0.798
1163.000 0.798
1164.000 0.798
1165.000 0.798
1166.000 0.797
1167.000 0.797
1168.000 0.797
1169.000 0.797
1170.000 0.797
1171.000 0.796
1172.000 0.797
1173.000 0.797
1174.000 0.798
1175.000 0.798
1176.000 0.799
1177.000 0.798
1178.000 0.799
1179.000 0.801
1180.000 0.801
1181.000 0.801
1182.000 0.800
1183.000 0.800
1184.000 0.800
1185.000 0.801
1186.000 0.801
1187.000 0.801
1188.000 0.802
1189.000 0.801
1190.000 0.801
1191.000 0.801
1192.000 0.801
1193.000 0.801
1194.000 0.800
1195.000 0.800
1196.000 0.800
1197.000 0.800
1198.000 0.801
1199.000 0.801
1200.000 0.802
1201.000 0.802
1202.000 0.802
1203.000 0.802
1204.000 0.802
1205.000 0.802
1206.000 0.802
1207.000 0.802
1208.000 0.802
1209.000 0.803
1210.000 0.803
1211.000 0.803
1212.000 0.803
1213.000 0.802
1214.000 0.802
1215.000 0.803
1216.000 0.802
1217.000 0.802
1218.000 0.802
1219.000 0.801
1220.000 0.801
1221.000 0.803
1222.000 0.803
1223.000 0.803
1224.000 0.803
1225.000 0.802
1226.000 0.801
1227.000 0.801
1228.000 0.801
1229.000 0.802
1230.000 0.803
1231.000 0.803
1232.000 0.803
1233.000 0.803
1234.000 0.803
1235.000 0.803
1236.000 0.802
1237.000 0.802
1238.000 0.802
1239.000 0.802
1240.000 0.803
1241.000 0.803
1242.000 0.804
1243.000 0.804
1244.000 0.804
1245.000 0.804
1246.000 0.803
1247.000 0.803
1248.000 0.803
1249.000 0.803
1250.000 0.803
1251.000 0.804
1252.000 0.804
1253.000 0.803
1254.000 0.803
1255.000 0.803
1256.000 0.803
1257.000 0.804
1258.000 0.804
1259.000 0.804
1260.000 0.804
1261.000 0.805
1262.000 0.805
1263.000 0.806
1264.000 0.806
1265.000 0.805
1266.000 0.804
1267.000 0.802
1268.000 0.802
1269.000 0.802
1270.000 0.802
1271.000 0.802
1272.000 0.803
1273.000 0.803
1274.000 0.802
1275.000 0.803
1276.000 0.804
1277.000 0.804
1278.000 0.805
1279.000 0.805
1280.000 0.805
1281.000 0.805
1282.000 0.806
1283.000 0.805
1284.000 0.804
1285.000 0.803
1286.000 0.802
1287.000 0.801
1288.000 0.801
1289.000 0.801
1290.000 0.801
1291.000 0.801
1292.000 0.800
1293.000 0.799
1294.000 0.799
1295.000 0.798
1296.000 0.796
1297.000 0.796
1298.000 0.795
1299.000 0.794
1300.000 0.793
1301.000 0.793
1302.000 0.792
1303.000 0.790
1304.000 0.790
1305.000 0.788
1306.000 0.787
1307.000 0.785
1308.000 0.783
1309.000 0.781
1310.000 0.779
1311.000 0.778
1312.000 0.776
1313.000 0.775
1314.000 0.773
1315.000 0.773
1316.000 0.771
1317.000 0.768
1318.000 0.767
1319.000 0.764
1320.000 0.763
1321.000 0.762
1322.000 0.762
1323.000 0.761
1324.000 0.761
1325.000 0.759
1326.000 0.755
1327.000 0.752
1328.000 0.749
1329.000 0.747
1330.000 0.747
1331.000 0.745
1332.000 0.746
1333.000 0.744
1334.000 0.743
1335.000 0.741
1336.000 0.737
1337.000 0.735
1338.000 0.733
1339.000 0.732
1340.000 0.730
1341.000 0.729
1342.000 0.725
1343.000 0.723
1344.000 0.723
1345.000 0.721
1346.000 0.718
1347.000 0.716
1348.000 0.714
1349.000 0.710
1350.000 0.708
1351.000 0.714
1352.000 0.712
1353.000 0.706
1354.000 0.701
1355.000 0.686
1356.000 0.674
1357.000 0.693
1358.000 0.650
1359.000 0.607
1360.000 0.581
1361.000 0.442
1362.000 0.403
1363.000 0.333
1364.000 0.315
1365.000 0.244
1366.000 0.330
1367.000 0.364
1368.000 0.355
1369.000 0.389
1370.000 0.340
1371.000 0.400
1372.000 0.402
1373.000 0.359
1374.000 0.365
1375.000 0.388
1376.000 0.587
1377.000 0.502
1378.000 0.531
1379.000 0.517
1380.000 0.385
1381.000 0.156
1382.000 0.546
1383.000 0.357
1384.000 0.251
1385.000 0.081
1386.000 0.320
1387.000 0.285
1388.000 0.237
1389.000 0.278
1390.000 0.187
1391.000 0.222
1392.000 0.526
1393.000 0.454
1394.000 0.358
1395.000 0.511
1396.000 0.577
1397.000 0.478
1398.000 0.454
1399.000 0.418
1400.000 0.764
1401.000 0.862
1402.000 0.961
1403.000 0.576
1404.000 0.342
1405.000 0.270
1406.000 0.284
1407.000 0.166
1408.000 0.352
1409.000 0.389
1410.000 0.380
1411.000 0.303
1412.000 0.308
1413.000 0.322
1414.000 0.365
1415.000 0.431
1416.000 0.477
1417.000 0.626
1418.000 0.579
1419.000 0.451
1420.000 0.434
1421.000 0.392
1422.000 0.401
1423.000 0.492
1424.000 0.481
1425.000 0.443
1426.000 0.428
1427.000 0.390
1428.000 0.375
1429.000 0.380
1430.000 0.374
1431.000 0.351
1432.000 0.350
1433.000 0.368
1434.000 0.366
1435.000 0.364
1436.000 0.363
1437.000 0.343
1438.000 0.340
1439.000 0.347
1440.000 0.349
1441.000 0.349
1442.000 0.351
1443.000 0.355
1444.000 0.356
1445.000 0.359
1446.000 0.358
1447.000 0.343
1448.000 0.341
1449.000 0.345
1450.000 0.348
1451.000 0.354
1452.000 0.361
1453.000 0.364
1454.000 0.362
1455.000 0.367
1456.000 0.376
1457.000 0.380
1458.000 0.385
1459.000 0.389
1460.000 0.388
1461.000 0.386
1462.000 0.383
1463.000 0.378
1464.000 0.368
1465.000 0.366
1466.000 0.369
1467.000 0.375
1468.000 0.393
1469.000 0.405
1470.000 0.425
1471.000 0.433
1472.000 0.433
1473.000 0.433
1474.000 0.423
1475.000 0.423
1476.000 0.433
1477.000 0.427
1478.000 0.412
1479.000 0.406
1480.000 0.390
1481.000 0.389
1482.000 0.401
1483.000 0.407
1484.000 0.416
1485.000 0.420
1486.000 0.418
1487.000 0.421
1488.000 0.425
1489.000 0.428
1490.000 0.434
1491.000 0.435
1492.000 0.434
1493.000 0.435
1494.000 0.434
1495.000 0.436
1496.000 0.441
1497.000 0.446
1498.000 0.456
1499.000 0.462
1500.000 0.470
1501.000 0.472
1502.000 0.467
1503.000 0.466
1504.000 0.464
1505.000 0.464
1506.000 0.465
1507.000 0.469
1508.000 0.471
1509.000 0.474
1510.000 0.476
1511.000 0.480
1512.000 0.480
1513.000 0.478
1514.000 0.480
1515.000 0.484
1516.000 0.485
1517.000 0.489
1518.000 0.491
1519.000 0.491
1520.000 0.494
1521.000 0.499
1522.000 0.501
1523.000 0.503
1524.000 0.503
1525.000 0.502
1526.000 0.502
1527.000 0.503
1528.000 0.505
1529.000 0.507
1530.000 0.510
1531.000 0.514
1532.000 0.516
1533.000 0.518
1534.000 0.521
1535.000 0.520
1536.000 0.522
1537.000 0.525
1538.000 0.527
1539.000 0.531
1540.000 0.534
1541.000 0.534
1542.000 0.536
1543.000 0.538
1544.000 0.540
1545.000 0.544
1546.000 0.546
1547.000 0.547
1548.000 0.547
1549.000 0.545
1550.000 0.545
1551.000 0.546
1552.000 0.546
1553.000 0.546
1554.000 0.548
1555.000 0.550
1556.000 0.552
1557.000 0.555
1558.000 0.557
1559.000 0.557
1560.000 0.558
1561.000 0.558
1562.000 0.559
1563.000 0.561
1564.000 0.563
1565.000 0.565
1566.000 0.566
1567.000 0.565
1568.000 0.566
1569.000 0.565
1570.000 0.566
1571.000 0.570
1572.000 0.572
1573.000 0.575
1574.000 0.577
1575.000 0.580
1576.000 0.581
1577.000 0.582
1578.000 0.582
1579.000 0.581
1580.000 0.581
1581.000 0.584
1582.000 0.585
1583.000 0.587
1584.000 0.588
1585.000 0.586
1586.000 0.586
1587.000 0.589
1588.000 0.591
1589.000 0.597
1590.000 0.600
1591.000 0.600
1592.000 0.601
1593.000 0.601
1594.000 0.601
1595.000 0.598
1596.000 0.599
1597.000 0.600
1598.000 0.602
1599.000 0.607
1600.000 0.611
1601.000 0.614
1602.000 0.615
1603.000 0.614
1604.000 0.614
1605.000 0.612
1606.000 0.612
1607.000 0.614
1608.000 0.615
1609.000 0.616
1610.000 0.617
1611.000 0.616
1612.000 0.616
1613.000 0.619
1614.000 0.620
1615.000 0.621
1616.000 0.621
1617.000 0.619
1618.000 0.619
1619.000 0.620
1620.000 0.622
1621.000 0.624
1622.000 0.626
1623.000 0.626
1624.000 0.626
1625.000 0.625
1626.000 0.626
1627.000 0.630
1628.000 0.632
1629.000 0.633
1630.000 0.634
1631.000 0.631
1632.000 0.629
1633.000 0.627
1634.000 0.628
1635.000 0.633
1636.000 0.635
1637.000 0.640
1638.000 0.641
1639.000 0.637
1640.000 0.637
1641.000 0.636
1642.000 0.635
1643.000 0.634
1644.000 0.635
1645.000 0.638
1646.000 0.639
1647.000 0.639
1648.000 0.640
1649.000 0.637
1650.000 0.636
1651.000 0.638
1652.000 0.639
1653.000 0.642
1654.000 0.643
1655.000 0.641
1656.000 0.640
1657.000 0.635
1658.000 0.635
1659.000 0.638
1660.000 0.639
1661.000 0.642
1662.000 0.644
1663.000 0.644
1664.000 0.645
1665.000 0.647
1666.000 0.647
1667.000 0.644
1668.000 0.644
1669.000 0.645
1670.000 0.647
1671.000 0.650
1672.000 0.652
1673.000 0.653
1674.000 0.654
1675.000 0.654
1676.000 0.654
1677.000 0.654
1678.000 0.654
1679.000 0.654
1680.000 0.654
1681.000 0.653
1682.000 0.653
1683.000 0.655
1684.000 0.656
1685.000 0.658
1686.000 0.659
1687.000 0.656
1688.000 0.657
1689.000 0.661
1690.000 0.663
1691.000 0.667
1692.000 0.667
1693.000 0.663
1694.000 0.660
1695.000 0.657
1696.000 0.655
1697.000 0.655
1698.000 0.654
1699.000 0.656
1700.000 0.655
1701.000 0.652
1702.000 0.652
1703.000 0.651
1704.000 0.653
1705.000 0.658
1706.000 0.660
1707.000 0.661
1708.000 0.662
1709.000 0.661
1710.000 0.660
1711.000 0.658
1712.000 0.657
1713.000 0.657
1714.000 0.657
1715.000 0.658
1716.000 0.659
1717.000 0.659
1718.000 0.658
1719.000 0.656
1720.000 0.656
1721.000 0.652
1722.000 0.648
1723.000 0.646
1724.000 0.644
1725.000 0.642
1726.000 0.642
1727.000 0.645
1728.000 0.649
1729.000 0.648
1730.000 0.646
1731.000 0.647
1732.000 0.641
1733.000 0.643
1734.000 0.647
1735.000 0.644
1736.000 0.641
1737.000 0.637
1738.000 0.631
1739.000 0.627
1740.000 0.621
1741.000 0.619
1742.000 0.624
1743.000 0.624
1744.000 0.627
1745.000 0.626
1746.000 0.616
1747.000 0.615
1748.000 0.620
1749.000 0.620
1750.000 0.624
1751.000 0.627
1752.000 0.625
1753.000 0.625
1754.000 0.627
1755.000 0.627
1756.000 0.623
1757.000 0.622
1758.000 0.621
1759.000 0.624
1760.000 0.621
1761.000 0.619
1762.000 0.621
1763.000 0.618
1764.000 0.613
1765.000 0.616
1766.000 0.616
1767.000 0.615
1768.000 0.617
1769.000 0.607
1770.000 0.599
1771.000 0.593
1772.000 0.583
1773.000 0.582
1774.000 0.585
1775.000 0.586
1776.000 0.593
1777.000 0.595
1778.000 0.593
1779.000 0.595
1780.000 0.593
1781.000 0.592
1782.000 0.593
1783.000 0.601
1784.000 0.610
1785.000 0.613
1786.000 0.615
1787.000 0.601
1788.000 0.595
1789.000 0.596
1790.000 0.594
1791.000 0.593
1792.000 0.598
1793.000 0.595
1794.000 0.578
1795.000 0.553
1796.000 0.535
1797.000 0.541
1798.000 0.553
1799.000 0.563
1800.000 0.593
1801.000 0.718
1802.000 0.755
1803.000 0.765
1804.000 0.719
1805.000 0.700
1806.000 0.659
1807.000 0.624
1808.000 0.607
1809.000 0.581
1810.000 0.550
1811.000 0.543
1812.000 0.534
1813.000 0.572
1814.000 0.646
1815.000 0.690
1816.000 0.711
1817.000 0.809
1818.000 0.855
1819.000 0.852
1820.000 0.790
1821.000 0.868
1822.000 0.814
1823.000 0.728
1824.000 0.767
1825.000 0.745
1826.000 0.722
1827.000 0.538
1828.000 0.697
1829.000 0.721
1830.000 0.768
1831.000 0.823
1832.000 0.351
1833.000 0.370
1834.000 0.410
1835.000 0.428
1836.000 0.470
1837.000 0.482
1838.000 0.512
1839.000 0.536
1840.000 0.471
1841.000 0.489
1842.000 0.556
1843.000 0.396
1844.000 0.356
1845.000 0.409
1846.000 0.398
1847.000 0.818
1848.000 0.595
1849.000 0.709
1850.000 0.497
1851.000 0.332
1852.000 0.383
1853.000 0.578
1854.000 0.686
1855.000 0.754
1856.000 0.563
1857.000 0.647
1858.000 0.722
1859.000 0.355
1860.000 0.363
1861.000 0.424
1862.000 0.445
1863.000 0.468
1864.000 0.447
1865.000 0.424
1866.000 0.601
1867.000 0.728
1868.000 0.593
1869.000 0.595
1870.000 0.550
1871.000 0.501
1872.000 0.451
1873.000 0.397
1874.000 0.533
1875.000 0.523
1876.000 0.506
1877.000 0.481
1878.000 0.457
1879.000 0.435
1880.000 0.419
1881.000 0.393
1882.000 0.376
1883.000 0.331
1884.000 0.660
1885.000 0.574
1886.000 0.475
1887.000 0.583
1888.000 0.336
1889.000 0.327
1890.000 0.581
1891.000 0.649
1892.000 0.654
1893.000 0.667
1894.000 0.504
1895.000 0.461
1896.000 0.482
1897.000 0.526
1898.000 0.568
1899.000 0.594
1900.000 0.665
1901.000 0.713
1902.000 0.093
1903.000 0.130
1904.000 0.226
1905.000 0.347
1906.000 0.498
1907.000 0.673
1908.000 0.775
1909.000 0.801
1910.000 0.579
1911.000 0.260
1912.000 0.199
1913.000 0.291
1914.000 0.281
1915.000 0.268
1916.000 0.314
1917.000 0.380
1918.000 0.381
1919.000 0.310
1920.000 0.237
1921.000 0.431
1922.000 0.311
1923.000 0.554
1924.000 0.302
1925.000 0.239
1926.000 0.433
1927.000 0.380
1928.000 0.302
1929.000 0.469
1930.000 0.421
1931.000 0.476
1932.000 0.497
1933.000 0.463
1934.000 0.557
1935.000 0.560
1936.000 0.533
1937.000 0.469
1938.000 0.390
1939.000 0.207
1940.000 0.327
1941.000 0.430
1942.000 0.548
1943.000 0.521
1944.000 0.598
1945.000 0.532
1946.000 0.590
1947.000 0.540
1948.000 0.547
1949.000 0.538
1950.000 0.564
1951.000 0.557
1952.000 0.679
1953.000 0.620
1954.000 0.566
1955.000 0.586
1956.000 0.597
1957.000 0.497
1958.000 0.423
1959.000 0.394
1960.000 0.456
1961.000 0.488
1962.000 0.444
1963.000 0.512
1964.000 0.487
1965.000 0.388
1966.000 0.393
1967.000 0.424
1968.000 0.396
1969.000 0.466
1970.000 0.443
1971.000 0.411
1972.000 0.413
1973.000 0.436
1974.000 0.411
1975.000 0.412
1976.000 0.408
1977.000 0.423
1978.000 0.458
1979.000 0.510
1980.000 0.489
1981.000 0.429
1982.000 0.377
1983.000 0.368
1984.000 0.377
1985.000 0.413
1986.000 0.414
1987.000 0.397
1988.000 0.387
1989.000 0.376
1990.000 0.362
1991.000 0.339
1992.000 0.329
1993.000 0.314
1994.000 0.305
1995.000 0.345
1996.000 0.390
1997.000 0.403
1998.000 0.432
1999.000 0.431
2000.000 0.352
2001.000 0.338
2002.000 0.313
2003.000 0.320
2004.000 0.404
2005.000 0.470
2006.000 0.651
2007.000 0.798
2008.000 0.695
2009.000 0.526
2010.000 0.508
2011.000 0.564
2012.000 0.527
2013.000 0.537
2014.000 0.511
2015.000 0.422
2016.000 0.427
2017.000 0.507
2018.000 0.533
2019.000 0.549
2020.000 0.644
2021.000 0.689
2022.000 0.634
2023.000 0.579
2024.000 0.490
2025.000 0.436
2026.000 0.389
2027.000 0.369
2028.000 0.368
2029.000 0.371
2030.000 0.383
2031.000 0.380
2032.000 0.369
2033.000 0.366
2034.000 0.348
2035.000 0.355
2036.000 0.389
2037.000 0.422
2038.000 0.448
2039.000 0.458
2040.000 0.419
2041.000 0.382
2042.000 0.369
2043.000 0.353
2044.000 0.359
2045.000 0.412
2046.000 0.429
2047.000 0.433
2048.000 0.448
2049.000 0.456
2050.000 0.448
2051.000 0.469
2052.000 0.536
2053.000 0.509
2054.000 0.470
2055.000 0.420
2056.000 0.383
2057.000 0.380
2058.000 0.411
2059.000 0.408
2060.000 0.400
2061.000 0.410
2062.000 0.411
2063.000 0.421
2064.000 0.467
2065.000 0.493
2066.000 0.514
2067.000 0.492
2068.000 0.475
2069.000 0.454
2070.000 0.428
2071.000 0.412
2072.000 0.416
2073.000 0.447
2074.000 0.459
2075.000 0.481
2076.000 0.483
2077.000 0.465
2078.000 0.455
2079.000 0.436
2080.000 0.434
2081.000 0.440
2082.000 0.447
2083.000 0.463
2084.000 0.475
2085.000 0.474
2086.000 0.474
2087.000 0.477
2088.000 0.489
2089.000 0.476
2090.000 0.451
2091.000 0.440
2092.000 0.410
2093.000 0.408
2094.000 0.441
2095.000 0.447
2096.000 0.444
2097.000 0.446
2098.000 0.439
2099.000 0.438
2100.000 0.442
2101.000 0.463
2102.000 0.477
2103.000 0.478
2104.000 0.480
2105.000 0.475
2106.000 0.479
2107.000 0.481
2108.000 0.488
2109.000 0.512
2110.000 0.518
2111.000 0.516
2112.000 0.507
2113.000 0.477
2114.000 0.466
2115.000 0.465
2116.000 0.462
2117.000 0.464
2118.000 0.460
2119.000 0.455
2120.000 0.459
2121.000 0.479
2122.000 0.501
2123.000 0.512
2124.000 0.527
2125.000 0.527
2126.000 0.505
2127.000 0.503
2128.000 0.509
2129.000 0.505
2130.000 0.501
2131.000 0.495
2132.000 0.476
2133.000 0.467
2134.000 0.466
2135.000 0.464
2136.000 0.465
2137.000 0.464
2138.000 0.464
2139.000 0.456
2140.000 0.453
2141.000 0.456
2142.000 0.459
2143.000 0.465
2144.000 0.475
2145.000 0.492
2146.000 0.499
2147.000 0.504
2148.000 0.508
2149.000 0.505
2150.000 0.505
2151.000 0.508
2152.000 0.513
2153.000 0.518
2154.000 0.523
2155.000 0.546
2156.000 0.548
2157.000 0.528
2158.000 0.519
2159.000 0.502
2160.000 0.488
2161.000 0.485
2162.000 0.496
2163.000 0.496
2164.000 0.494
2165.000 0.500
2166.000 0.510
2167.000 0.508
2168.000 0.506
2169.000 0.505
2170.000 0.487
2171.000 0.488
2172.000 0.509
2173.000 0.518
2174.000 0.532
2175.000 0.541
2176.000 0.543
2177.000 0.540
2178.000 0.529
2179.000 0.529
2180.000 0.522
2181.000 0.515
2182.000 0.526
2183.000 0.517
2184.000 0.518
2185.000 0.524
2186.000 0.523
2187.000 0.521
2188.000 0.531
2189.000 0.546
2190.000 0.552
2191.000 0.577
2192.000 0.571
2193.000 0.533
2194.000 0.515
2195.000 0.485
2196.000 0.472
2197.000 0.473
2198.000 0.473
2199.000 0.476
2200.000 0.481
2201.000 0.494
2202.000 0.493
2203.000 0.490
2204.000 0.501
2205.000 0.484
2206.000 0.471
2207.000 0.481
2208.000 0.479
2209.000 0.485
2210.000 0.511
2211.000 0.520
2212.000 0.521
2213.000 0.517
2214.000 0.507
2215.000 0.497
2216.000 0.475
2217.000 0.471
2218.000 0.478
2219.000 0.483
2220.000 0.496
2221.000 0.505
2222.000 0.508
2223.000 0.511
2224.000 0.513
2225.000 0.514
2226.000 0.507
2227.000 0.517
2228.000 0.519
2229.000 0.533
2230.000 0.543
2231.000 0.541
2232.000 0.541
2233.000 0.537
2234.000 0.517
2235.000 0.501
2236.000 0.495
2237.000 0.482
2238.000 0.483
2239.000 0.505
2240.000 0.512
2241.000 0.520
2242.000 0.528
2243.000 0.529
2244.000 0.534
2245.000 0.548
2246.000 0.542
2247.000 0.516
2248.000 0.514
2249.000 0.515
2250.000 0.515
2251.000 0.535
2252.000 0.542
2253.000 0.539
2254.000 0.534
2255.000 0.523
2256.000 0.521
2257.000 0.511
2258.000 0.514
2259.000 0.520
2260.000 0.524
2261.000 0.541
2262.000 0.529
2263.000 0.505
2264.000 0.489
2265.000 0.449
2266.000 0.413
2267.000 0.413
2268.000 0.415
2269.000 0.433
2270.000 0.468
2271.000 0.484
2272.000 0.516
2273.000 0.522
2274.000 0.501
2275.000 0.495
2276.000 0.471
2277.000 0.467
2278.000 0.484
2279.000 0.490
2280.000 0.507
2281.000 0.512
2282.000 0.497
2283.000 0.498
2284.000 0.504
2285.000 0.494
2286.000 0.485
2287.000 0.477
2288.000 0.451
2289.000 0.446
2290.000 0.441
2291.000 0.458
2292.000 0.526
2293.000 0.537
2294.000 0.522
2295.000 0.523
2296.000 0.480
2297.000 0.480
2298.000 0.479
2299.000 0.504
2300.000 0.520
2301.000 0.487
2302.000 0.497
2303.000 0.472
2304.000 0.428
2305.000 0.395
2306.000 0.372
2307.000 0.376
2308.000 0.394
2309.000 0.436
2310.000 0.516
2311.000 0.562
2312.000 0.557
2313.000 0.560
2314.000 0.539
2315.000 0.518
2316.000 0.497
2317.000 0.491
2318.000 0.445
2319.000 0.390
2320.000 0.401
2321.000 0.388
2322.000 0.397
2323.000 0.460
2324.000 0.442
2325.000 0.446
2326.000 0.450
2327.000 0.419
2328.000 0.413
2329.000 0.426
2330.000 0.449
2331.000 0.504
2332.000 0.551
2333.000 0.578
2334.000 0.593
2335.000 0.550
2336.000 0.567
2337.000 0.511
2338.000 0.524
2339.000 0.602
2340.000 0.580
2341.000 0.533
2342.000 0.562
2343.000 0.470
2344.000 0.456
2345.000 0.500
2346.000 0.523
2347.000 0.589
2348.000 0.583
2349.000 0.426
2350.000 0.394
2351.000 0.387
2352.000 0.375
2353.000 0.406
2354.000 0.433
2355.000 0.436
2356.000 0.446
2357.000 0.471
2358.000 0.453
2359.000 0.420
2360.000 0.378
2361.000 0.372
2362.000 0.393
2363.000 0.394
2364.000 0.383
2365.000 0.379
2366.000 0.374
2367.000 0.400
2368.000 0.448
2369.000 0.500
2370.000 0.588
2371.000 0.666
2372.000 0.537
2373.000 0.490
2374.000 0.196
2375.000 0.409
2376.000 0.436
2377.000 0.487
2378.000 0.616
2379.000 0.662
2380.000 0.737
2381.000 0.638
2382.000 0.464
2383.000 0.510
2384.000 0.555
2385.000 0.544
2386.000 0.508
2387.000 0.451
2388.000 0.386
2389.000 0.377
2390.000 0.341
2391.000 0.343
2392.000 0.400
2393.000 0.392
2394.000 0.410
2395.000 0.365
2396.000 0.578
2397.000 0.602
2398.000 0.576
2399.000 0.589
2400.000 0.299
2401.000 0.552
2402.000 0.795
2403.000 0.453
2404.000 0.338
2405.000 0.386
2406.000 0.438
2407.000 0.485
2408.000 0.556
2409.000 0.546
2410.000 0.595
2411.000 0.630
2412.000 0.568
2413.000 0.529
2414.000 0.594
2415.000 0.582
2416.000 0.573
2417.000 0.497
2418.000 0.595
2419.000 0.201
2420.000 0.407
2421.000 0.505
2422.000 0.628
2423.000 0.446
2424.000 0.307
2425.000 0.773
2426.000 0.683
2427.000 0.828
2428.000 0.546
2429.000 0.269
2430.000 0.504
2431.000 0.593
2432.000 0.562
2433.000 0.730
2434.000 0.652
2435.000 0.416
2436.000 0.414
2437.000 0.624
2438.000 0.434
2439.000 0.444
2440.000 0.670
2441.000 0.802
2442.000 0.383
2443.000 0.267
2444.000 0.140
2445.000 0.124
2446.000 0.274
2447.000 0.373
2448.000 0.539
2449.000 0.556
2450.000 0.396
2451.000 0.413
2452.000 0.195
2453.000 0.217
2454.000 0.155
2455.000 0.271
2456.000 0.386
2457.000 0.449
2458.000 0.379
2459.000 0.387
2460.000 0.372
2461.000 0.376
2462.000 0.390
2463.000 0.295
2464.000 0.405
2465.000 0.251
2466.000 0.285
2467.000 0.321
2468.000 0.331
2469.000 0.411
2470.000 0.480
2471.000 0.604
2472.000 0.719
2473.000 0.695
2474.000 0.682
2475.000 0.329
2476.000 0.290
2477.000 0.255
2478.000 0.464
2479.000 0.453
2480.000 0.284
2481.000 0.373
2482.000 0.579
2483.000 0.356
2484.000 0.409
2485.000 0.452
2486.000 0.371
2487.000 0.307
2488.000 0.319
2489.000 0.416
2490.000 0.399
2491.000 0.308
2492.000 0.428
2493.000 0.523
2494.000 0.453
2495.000 0.466
2496.000 0.414
2497.000 0.248
2498.000 0.319
2499.000 0.267
2500.000 0.247
