391.000 0.017
392.000 0.015
393.000 0.014
394.000 0.016
395.000 0.016
396.000 0.015
397.000 0.015
398.000 0.015
399.000 0.011
400.000 0.012
401.000 0.020
402.000 0.020
403.000 0.017
404.000 0.014
405.000 0.017
406.000 0.016
407.000 0.017
408.000 0.017
409.000 0.016
410.000 0.016
411.000 0.018
412.000 0.019
413.000 0.017
414.000 0.016
415.000 0.016
416.000 0.016
417.000 0.017
418.000 0.018
419.000 0.017
420.000 0.017
421.000 0.019
422.000 0.020
423.000 0.018
424.000 0.018
425.000 0.018
426.000 0.016
427.000 0.018
428.000 0.018
429.000 0.019
430.000 0.018
431.000 0.017
432.000 0.017
433.000 0.018
434.000 0.018
435.000 0.018
436.000 0.017
437.000 0.017
438.000 0.018
439.000 0.018
440.000 0.017
441.000 0.017
442.000 0.017
443.000 0.018
444.000 0.018
445.000 0.017
446.000 0.018
447.000 0.019
448.000 0.018
449.000 0.018
450.000 0.018
451.000 0.018
452.000 0.019
453.000 0.019
454.000 0.019
455.000 0.019
456.000 0.018
457.000 0.018
458.000 0.018
459.000 0.018
460.000 0.018
461.000 0.019
462.000 0.019
463.000 0.019
464.000 0.018
465.000 0.018
466.000 0.018
467.000 0.019
468.000 0.019
469.000 0.019
470.000 0.018
471.000 0.018
472.000 0.019
473.000 0.020
474.000 0.019
475.000 0.019
476.000 0.019
477.000 0.019
478.000 0.019
479.000 0.019
480.000 0.019
481.000 0.020
482.000 0.020
483.000 0.020
484.000 0.019
485.000 0.019
486.000 0.021
487.000 0.021
488.000 0.020
489.000 0.019
490.000 0.020
491.000 0.021
492.000 0.020
493.000 0.020
494.000 0.020
495.000 0.020
496.000 0.020
497.000 0.021
498.000 0.022
499.000 0.023
500.000 0.023
501.000 0.022
502.000 0.022
503.000 0.024
504.000 0.024
505.000 0.024
506.000 0.023
507.000 0.024
508.000 0.024
509.000 0.025
510.000 0.027
511.000 0.029
512.000 0.030
513.000 0.029
514.000 0.031
515.000 0.031
516.000 0.033
517.000 0.034
518.000 0.034
519.000 0.037
520.000 0.039
521.000 0.041
522.000 0.042
523.000 0.044
524.000 0.046
525.000 0.046
526.000 0.047
527.000 0.049
528.000 0.051
529.000 0.053
530.000 0.053
531.000 0.054
532.000 0.057
533.000 0.057
534.000 0.058
535.000 0.059
536.000 0.060
537.000 0.060
538.000 0.061
539.000 0.061
540.000 0.061
541.000 0.062
542.000 0.062
543.000 0.062
544.000 0.063
545.000 0.063
546.000 0.063
547.000 0.063
548.000 0.064
549.000 0.064
550.000 0.063
551.000 0.064
552.000 0.064
553.000 0.064
554.000 0.064
555.000 0.064
556.000 0.064
557.000 0.063
558.000 0.063
559.000 0.062
560.000 0.062
561.000 0.061
562.000 0.060
563.000 0.060
564.000 0.059
565.000 0.057
566.000 0.057
567.000 0.056
568.000 0.055
569.000 0.055
570.000 0.053
571.000 0.052
572.000 0.051
573.000 0.050
574.000 0.049
575.000 0.048
576.000 0.048
577.000 0.046
578.000 0.046
579.000 0.045
580.000 0.045
581.000 0.044
582.000 0.043
583.000 0.043
584.000 0.043
585.000 0.043
586.000 0.043
587.000 0.042
588.000 0.041
589.000 0.041
590.000 0.041
591.000 0.040
592.000 0.040
593.000 0.040
594.000 0.040
595.000 0.039
596.000 0.038
597.000 0.038
598.000 0.039
599.000 0.039
600.000 0.039
601.000 0.038
602.000 0.038
603.000 0.038
604.000 0.038
605.000 0.038
606.000 0.038
607.000 0.038
608.000 0.038
609.000 0.037
610.000 0.036
611.000 0.036
612.000 0.037
613.000 0.036
614.000 0.035
615.000 0.035
616.000 0.036
617.000 0.035
618.000 0.035
619.000 0.034
620.000 0.034
621.000 0.034
622.000 0.034
623.000 0.034
624.000 0.034
625.000 0.034
626.000 0.034
627.000 0.032
628.000 0.032
629.000 0.033
630.000 0.033
631.000 0.034
632.000 0.034
633.000 0.034
634.000 0.035
635.000 0.034
636.000 0.034
637.000 0.034
638.000 0.033
639.000 0.032
640.000 0.032
641.000 0.032
642.000 0.031
643.000 0.030
644.000 0.031
645.000 0.030
646.000 0.030
647.000 0.029
648.000 0.029
649.000 0.029
650.000 0.029
651.000 0.030
652.000 0.028
653.000 0.028
654.000 0.028
655.000 0.030
656.000 0.029
657.000 0.028
658.000 0.028
659.000 0.028
660.000 0.029
661.000 0.029
662.000 0.028
663.000 0.027
664.000 0.027
665.000 0.027
666.000 0.029
667.000 0.030
668.000 0.029
669.000 0.028
670.000 0.028
671.000 0.027
672.000 0.028
673.000 0.029
674.000 0.030
675.000 0.030
676.000 0.029
677.000 0.030
678.000 0.031
679.000 0.030
680.000 0.030
681.000 0.031
682.000 0.032
683.000 0.032
684.000 0.032
685.000 0.034
686.000 0.037
687.000 0.038
688.000 0.039
689.000 0.040
690.000 0.041
691.000 0.043
692.000 0.044
693.000 0.048
694.000 0.052
695.000 0.055
696.000 0.058
697.000 0.063
698.000 0.068
699.000 0.075
700.000 0.080
701.000 0.086
702.000 0.091
703.000 0.098
704.000 0.105
705.000 0.111
706.000 0.118
707.000 0.124
708.000 0.131
709.000 0.139
710.000 0.146
711.000 0.153
712.000 0.160
713.000 0.168
714.000 0.176
715.000 0.184
716.000 0.192
717.000 0.200
718.000 0.208
719.000 0.217
720.000 0.227
721.000 0.235
722.000 0.243
723.000 0.251
724.000 0.260
725.000 0.269
726.000 0.278
727.000 0.286
728.000 0.294
729.000 0.303
730.000 0.311
731.000 0.318
732.000 0.326
733.000 0.334
734.000 0.340
735.000 0.347
736.000 0.354
737.000 0.360
738.000 0.366
739.000 0.372
740.000 0.377
741.000 0.382
742.000 0.388
743.000 0.393
744.000 0.397
745.000 0.401
746.000 0.404
747.000 0.410
748.000 0.413
749.000 0.416
750.000 0.419
751.000 0.421
752.000 0.424
753.000 0.426
754.000 0.428
755.000 0.430
756.000 0.432
757.000 0.433
758.000 0.435
759.000 0.436
760.000 0.437
761.000 0.439
762.000 0.440
763.000 0.441
764.000 0.442
765.000 0.443
766.000 0.444
767.000 0.445
768.000 0.445
769.000 0.446
770.000 0.446
771.000 0.447
772.000 0.448
773.000 0.448
774.000 0.449
775.000 0.449
776.000 0.450
777.000 0.451
778.000 0.451
779.000 0.452
780.000 0.452
781.000 0.453
782.000 0.453
783.000 0.454
784.000 0.455
785.000 0.455
786.000 0.456
787.000 0.456
788.000 0.457
789.000 0.458
790.000 0.458
791.000 0.459
792.000 0.459
793.000 0.460
794.000 0.461
795.000 0.461
796.000 0.462
797.000 0.462
798.000 0.463
799.000 0.464
800.000 0.464
801.000 0.465
802.000 0.465
803.000 0.466
804.000 0.466
805.000 0.467
806.000 0.468
807.000 0.468
808.000 0.469
809.000 0.470
810.000 0.470
811.000 0.471
812.000 0.471
813.000 0.471
814.000 0.472
815.000 0.472
816.000 0.472
817.000 0.473
818.000 0.474
819.000 0.475
820.000 0.476
821.000 0.476
822.000 0.477
823.000 0.477
824.000 0.478
825.000 0.479
826.000 0.479
827.000 0.480
828.000 0.480
829.000 0.481
830.000 0.481
831.000 0.482
832.000 0.482
833.000 0.483
834.000 0.483
835.000 0.484
836.000 0.485
837.000 0.485
838.000 0.486
839.000 0.487
840.000 0.487
841.000 0.487
842.000 0.488
843.000 0.489
844.000 0.489
845.000 0.490
846.000 0.490
847.000 0.491
848.000 0.491
849.000 0.492
850.000 0.492
851.000 0.493
852.000 0.493
853.000 0.494
854.000 0.494
855.000 0.494
856.000 0.495
857.000 0.496
858.000 0.496
859.000 0.497
860.000 0.497
861.000 0.497
862.000 0.498
863.000 0.498
864.000 0.499
865.000 0.499
866.000 0.500
867.000 0.501
868.000 0.501
869.000 0.502
870.000 0.502
871.000 0.503
872.000 0.503
873.000 0.503
874.000 0.503
875.000 0.504
876.000 0.504
877.000 0.505
878.000 0.506
879.000 0.506
880.000 0.507
881.000 0.507
882.000 0.508
883.000 0.509
884.000 0.509
885.000 0.509
886.000 0.510
887.000 0.511
888.000 0.511
889.000 0.512
890.000 0.512
891.000 0.513
892.000 0.513
893.000 0.513
894.000 0.514
895.000 0.514
896.000 0.514
897.000 0.514
898.000 0.514
899.000 0.515
900.000 0.516
901.000 0.516
902.000 0.517
903.000 0.517
904.000 0.518
905.000 0.518
906.000 0.519
907.000 0.520
908.000 0.520
909.000 0.520
910.000 0.520
911.000 0.520
912.000 0.521
913.000 0.522
914.000 0.522
915.000 0.522
916.000 0.522
917.000 0.523
918.000 0.523
919.000 0.524
920.000 0.525
921.000 0.525
922.000 0.525
923.000 0.525
924.000 0.525
925.000 0.525
926.000 0.525
927.000 0.525
928.000 0.525
929.000 0.524
930.000 0.523
931.000 0.521
932.000 0.519
933.000 0.517
934.000 0.517
935.000 0.517
936.000 0.517
937.000 0.517
938.000 0.517
939.000 0.518
940.000 0.518
941.000 0.517
942.000 0.517
943.000 0.517
944.000 0.516
945.000 0.516
946.000 0.516
947.000 0.516
948.000 0.514
949.000 0.514
950.000 0.513
951.000 0.513
952.000 0.512
953.000 0.511
954.000 0.511
955.000 0.511
956.000 0.511
957.000 0.511
958.000 0.510
959.000 0.509
960.000 0.509
961.000 0.508
962.000 0.509
963.000 0.511
964.000 0.510
965.000 0.511
966.000 0.510
967.000 0.510
968.000 0.511
969.000 0.512
970.000 0.514
971.000 0.514
972.000 0.513
973.000 0.512
974.000 0.512
975.000 0.512
976.000 0.512
977.000 0.513
978.000 0.514
979.000 0.514
980.000 0.514
981.000 0.516
982.000 0.517
983.000 0.517
984.000 0.516
985.000 0.517
986.000 0.518
987.000 0.519
988.000 0.519
989.000 0.520
990.000 0.520
991.000 0.521
992.000 0.523
993.000 0.522
994.000 0.522
995.000 0.524
996.000 0.524
997.000 0.525
998.000 0.525
999.000 0.526
1000.000 0.527
1001.000 0.520
1002.000 0.521
1003.000 0.522
1004.000 0.523
1005.000 0.524
1006.000 0.525
1007.000 0.525
1008.000 0.525
1009.000 0.526
1010.000 0.527
1011.000 0.528
1012.000 0.528
1013.000 0.529
1014.000 0.531
1015.000 0.532
1016.000 0.532
1017.000 0.534
1018.000 0.534
1019.000 0.535
1020.000 0.535
1021.000 0.537
1022.000 0.536
1023.000 0.537
1024.000 0.538
1025.000 0.539
1026.000 0.539
1027.000 0.540
1028.000 0.540
1029.000 0.539
1030.000 0.540
1031.000 0.542
1032.000 0.543
1033.000 0.544
1034.000 0.546
1035.000 0.546
1036.000 0.547
1037.000 0.547
1038.000 0.548
1039.000 0.548
1040.000 0.548
1041.000 0.549
1042.000 0.550
1043.000 0.550
1044.000 0.552
1045.000 0.552
1046.000 0.552
1047.000 0.552
1048.000 0.552
1049.000 0.553
1050.000 0.553
1051.000 0.554
1052.000 0.554
1053.000 0.555
1054.000 0.555
1055.000 0.556
1056.000 0.556
1057.000 0.556
1058.000 0.557
1059.000 0.557
1060.000 0.557
1061.000 0.557
1062.000 0.557
1063.000 0.557
1064.000 0.557
1065.000 0.558
1066.000 0.558
1067.000 0.559
1068.000 0.559
1069.000 0.560
1070.000 0.561
1071.000 0.561
1072.000 0.561
1073.000 0.560
1074.000 0.560
1075.000 0.560
1076.000 0.560
1077.000 0.560
1078.000 0.559
1079.000 0.559
1080.000 0.560
1081.000 0.560
1082.000 0.561
1083.000 0.561
1084.000 0.561
1085.000 0.560
1086.000 0.560
1087.000 0.559
1088.000 0.559
1089.000 0.559
1090.000 0.559
1091.000 0.559
1092.000 0.558
1093.000 0.558
1094.000 0.558
1095.000 0.558
1096.000 0.558
1097.000 0.559
1098.000 0.559
1099.000 0.558
1100.000 0.558
1101.000 0.559
1102.000 0.559
1103.000 0.559
1104.000 0.560
1105.000 0.559
1106.000 0.557
1107.000 0.557
1108.000 0.556
1109.000 0.555
1110.000 0.555
1111.000 0.555
1112.000 0.554
1113.000 0.554
1114.000 0.555
1115.000 0.556
1116.000 0.554
1117.000 0.553
1118.000 0.550
1119.000 0.549
1120.000 0.548
1121.000 0.548
1122.000 0.549
1123.000 0.549
1124.000 0.547
1125.000 0.548
1126.000 0.548
1127.000 0.549
1128.000 0.545
1129.000 0.541
1130.000 0.538
1131.000 0.537
1132.000 0.536
1133.000 0.535
1134.000 0.534
1135.000 0.534
1136.000 0.533
1137.000 0.534
1138.000 0.533
1139.000 0.532
1140.000 0.531
1141.000 0.530
1142.000 0.528
1143.000 0.527
1144.000 0.525
1145.000 0.522
1146.000 0.520
1147.000 0.518
1148.000 0.515
1149.000 0.512
1150.000 0.511
1151.000 0.509
1152.000 0.508
1153.000 0.508
1154.000 0.507
1155.000 0.507
1156.000 0.506
1157.000 0.506
1158.000 0.505
1159.000 0.504
1160.000 0.503
1161.000 0.503
1162.000 0.503
1163.000 0.503
1164.000 0.503
1165.000 0.503
1166.000 0.503
1167.000 0.503
1168.000 0.502
1169.000 0.502
1170.000 0.502
1171.000 0.501
1172.000 0.501
1173.000 0.500
1174.000 0.501
1175.000 0.502
1176.000 0.502
1177.000 0.503
1178.000 0.503
1179.000 0.503
1180.000 0.503
1181.000 0.503
1182.000 0.503
1183.000 0.502
1184.000 0.502
1185.000 0.502
1186.000 0.502
1187.000 0.503
1188.000 0.502
1189.000 0.502
1190.000 0.502
1191.000 0.502
1192.000 0.502
1193.000 0.502
1194.000 0.501
1195.000 0.501
1196.000 0.501
1197.000 0.502
1198.000 0.502
1199.000 0.503
1200.000 0.502
1201.000 0.503
1202.000 0.503
1203.000 0.504
1204.000 0.504
1205.000 0.505
1206.000 0.505
1207.000 0.505
1208.000 0.505
1209.000 0.505
1210.000 0.506
1211.000 0.506
1212.000 0.507
1213.000 0.507
1214.000 0.507
1215.000 0.508
1216.000 0.508
1217.000 0.508
1218.000 0.508
1219.000 0.510
1220.000 0.510
1221.000 0.510
1222.000 0.511
1223.000 0.511
1224.000 0.511
1225.000 0.511
1226.000 0.511
1227.000 0.512
1228.000 0.513
1229.000 0.513
1230.000 0.513
1231.000 0.514
1232.000 0.514
1233.000 0.514
1234.000 0.514
1235.000 0.514
1236.000 0.515
1237.000 0.516
1238.000 0.516
1239.000 0.517
1240.000 0.517
1241.000 0.517
1242.000 0.517
1243.000 0.518
1244.000 0.518
1245.000 0.518
1246.000 0.518
1247.000 0.519
1248.000 0.520
1249.000 0.520
1250.000 0.520
1251.000 0.521
1252.000 0.521
1253.000 0.521
1254.000 0.521
1255.000 0.522
1256.000 0.522
1257.000 0.523
1258.000 0.523
1259.000 0.523
1260.000 0.523
1261.000 0.524
1262.000 0.524
1263.000 0.524
1264.000 0.524
1265.000 0.524
1266.000 0.525
1267.000 0.525
1268.000 0.525
1269.000 0.526
1270.000 0.526
1271.000 0.527
1272.000 0.528
1273.000 0.528
1274.000 0.528
1275.000 0.528
1276.000 0.528
1277.000 0.528
1278.000 0.528
1279.000 0.528
1280.000 0.528
1281.000 0.527
1282.000 0.527
1283.000 0.527
1284.000 0.527
1285.000 0.526
1286.000 0.526
1287.000 0.526
1288.000 0.525
1289.000 0.524
1290.000 0.523
1291.000 0.522
1292.000 0.522
1293.000 0.521
1294.000 0.521
1295.000 0.520
1296.000 0.520
1297.000 0.519
1298.000 0.518
1299.000 0.517
1300.000 0.517
1301.000 0.517
1302.000 0.515
1303.000 0.514
1304.000 0.513
1305.000 0.511
1306.000 0.510
1307.000 0.509
1308.000 0.508
1309.000 0.507
1310.000 0.506
1311.000 0.506
1312.000 0.504
1313.000 0.503
1314.000 0.502
1315.000 0.500
1316.000 0.498
1317.000 0.496
1318.000 0.494
1319.000 0.492
1320.000 0.491
1321.000 0.489
1322.000 0.488
1323.000 0.486
1324.000 0.485
1325.000 0.483
1326.000 0.480
1327.000 0.477
1328.000 0.474
1329.000 0.471
1330.000 0.469
1331.000 0.468
1332.000 0.467
1333.000 0.465
1334.000 0.460
1335.000 0.458
1336.000 0.456
1337.000 0.453
1338.000 0.450
1339.000 0.448
1340.000 0.446
1341.000 0.443
1342.000 0.441
1343.000 0.439
1344.000 0.439
1345.000 0.439
1346.000 0.440
1347.000 0.439
1348.000 0.438
1349.000 0.432
1350.000 0.431
1351.000 0.435
1352.000 0.437
1353.000 0.447
1354.000 0.455
1355.000 0.455
1356.000 0.466
1357.000 0.466
1358.000 0.561
1359.000 0.618
1360.000 0.634
1361.000 0.504
1362.000 0.389
1363.000 0.540
1364.000 0.439
1365.000 0.226
1366.000 0.178
1367.000 0.204
1368.000 0.213
1369.000 0.215
1370.000 0.248
1371.000 0.191
1372.000 0.189
1373.000 0.342
1374.000 0.535
1375.000 0.442
1376.000 0.353
1377.000 0.351
1378.000 0.431
1379.000 0.479
1380.000 0.494
1381.000 0.505
1382.000 0.547
1383.000 0.482
1384.000 0.440
1385.000 0.550
1386.000 0.450
1387.000 0.384
1388.000 0.459
1389.000 0.448
1390.000 0.563
1391.000 0.279
1392.000 0.367
1393.000 0.409
1394.000 0.699
1395.000 0.628
1396.000 0.534
1397.000 0.459
1398.000 0.498
1399.000 0.532
1400.000 0.413
1401.000 0.331
1402.000 0.342
1403.000 0.488
1404.000 0.178
1405.000 0.220
1406.000 0.229
1407.000 0.254
1408.000 0.280
1409.000 0.273
1410.000 0.295
1411.000 0.278
1412.000 0.352
1413.000 0.347
1414.000 0.359
1415.000 0.420
1416.000 0.421
1417.000 0.339
1418.000 0.283
1419.000 0.233
1420.000 0.210
1421.000 0.187
1422.000 0.180
1423.000 0.192
1424.000 0.186
1425.000 0.172
1426.000 0.169
1427.000 0.161
1428.000 0.162
1429.000 0.166
1430.000 0.165
1431.000 0.161
1432.000 0.159
1433.000 0.155
1434.000 0.151
1435.000 0.142
1436.000 0.141
1437.000 0.137
1438.000 0.139
1439.000 0.148
1440.000 0.154
1441.000 0.160
1442.000 0.164
1443.000 0.166
1444.000 0.164
1445.000 0.163
1446.000 0.159
1447.000 0.148
1448.000 0.145
1449.000 0.148
1450.000 0.146
1451.000 0.146
1452.000 0.147
1453.000 0.145
1454.000 0.137
1455.000 0.135
1456.000 0.135
1457.000 0.134
1458.000 0.134
1459.000 0.135
1460.000 0.138
1461.000 0.137
1462.000 0.137
1463.000 0.136
1464.000 0.131
1465.000 0.130
1466.000 0.130
1467.000 0.131
1468.000 0.136
1469.000 0.139
1470.000 0.143
1471.000 0.146
1472.000 0.147
1473.000 0.148
1474.000 0.146
1475.000 0.147
1476.000 0.148
1477.000 0.148
1478.000 0.149
1479.000 0.149
1480.000 0.148
1481.000 0.148
1482.000 0.151
1483.000 0.154
1484.000 0.158
1485.000 0.159
1486.000 0.158
1487.000 0.159
1488.000 0.158
1489.000 0.158
1490.000 0.160
1491.000 0.161
1492.000 0.164
1493.000 0.166
1494.000 0.168
1495.000 0.170
1496.000 0.171
1497.000 0.172
1498.000 0.174
1499.000 0.176
1500.000 0.178
1501.000 0.179
1502.000 0.180
1503.000 0.181
1504.000 0.182
1505.000 0.182
1506.000 0.182
1507.000 0.182
1508.000 0.182
1509.000 0.184
1510.000 0.186
1511.000 0.188
1512.000 0.189
1513.000 0.191
1514.000 0.193
1515.000 0.195
1516.000 0.197
1517.000 0.199
1518.000 0.201
1519.000 0.201
1520.000 0.203
1521.000 0.204
1522.000 0.206
1523.000 0.207
1524.000 0.208
1525.000 0.207
1526.000 0.208
1527.000 0.209
1528.000 0.211
1529.000 0.214
1530.000 0.215
1531.000 0.217
1532.000 0.218
1533.000 0.220
1534.000 0.221
1535.000 0.222
1536.000 0.224
1537.000 0.225
1538.000 0.226
1539.000 0.229
1540.000 0.231
1541.000 0.233
1542.000 0.235
1543.000 0.235
1544.000 0.236
1545.000 0.237
1546.000 0.238
1547.000 0.239
1548.000 0.240
1549.000 0.241
1550.000 0.242
1551.000 0.243
1552.000 0.244
1553.000 0.246
1554.000 0.247
1555.000 0.247
1556.000 0.248
1557.000 0.249
1558.000 0.250
1559.000 0.252
1560.000 0.253
1561.000 0.255
1562.000 0.256
1563.000 0.257
1564.000 0.258
1565.000 0.259
1566.000 0.259
1567.000 0.259
1568.000 0.259
1569.000 0.260
1570.000 0.262
1571.000 0.265
1572.000 0.266
1573.000 0.268
1574.000 0.270
1575.000 0.271
1576.000 0.273
1577.000 0.273
1578.000 0.274
1579.000 0.274
1580.000 0.275
1581.000 0.276
1582.000 0.278
1583.000 0.280
1584.000 0.281
1585.000 0.282
1586.000 0.283
1587.000 0.283
1588.000 0.284
1589.000 0.286
1590.000 0.287
1591.000 0.288
1592.000 0.289
1593.000 0.289
1594.000 0.289
1595.000 0.288
1596.000 0.289
1597.000 0.288
1598.000 0.289
1599.000 0.291
1600.000 0.292
1601.000 0.295
1602.000 0.296
1603.000 0.297
1604.000 0.297
1605.000 0.297
1606.000 0.298
1607.000 0.298
1608.000 0.299
1609.000 0.299
1610.000 0.301
1611.000 0.303
1612.000 0.304
1613.000 0.306
1614.000 0.307
1615.000 0.307
1616.000 0.308
1617.000 0.308
1618.000 0.308
1619.000 0.308
1620.000 0.308
1621.000 0.309
1622.000 0.309
1623.000 0.311
1624.000 0.311
1625.000 0.312
1626.000 0.312
1627.000 0.313
1628.000 0.313
1629.000 0.315
1630.000 0.315
1631.000 0.315
1632.000 0.315
1633.000 0.315
1634.000 0.316
1635.000 0.317
1636.000 0.318
1637.000 0.319
1638.000 0.320
1639.000 0.321
1640.000 0.322
1641.000 0.322
1642.000 0.322
1643.000 0.322
1644.000 0.322
1645.000 0.324
1646.000 0.324
1647.000 0.325
1648.000 0.325
1649.000 0.325
1650.000 0.325
1651.000 0.326
1652.000 0.326
1653.000 0.327
1654.000 0.327
1655.000 0.326
1656.000 0.325
1657.000 0.323
1658.000 0.323
1659.000 0.324
1660.000 0.324
1661.000 0.325
1662.000 0.326
1663.000 0.325
1664.000 0.325
1665.000 0.327
1666.000 0.328
1667.000 0.328
1668.000 0.328
1669.000 0.326
1670.000 0.327
1671.000 0.329
1672.000 0.329
1673.000 0.329
1674.000 0.329
1675.000 0.326
1676.000 0.325
1677.000 0.324
1678.000 0.324
1679.000 0.325
1680.000 0.326
1681.000 0.328
1682.000 0.329
1683.000 0.330
1684.000 0.331
1685.000 0.332
1686.000 0.332
1687.000 0.333
1688.000 0.333
1689.000 0.334
1690.000 0.333
1691.000 0.330
1692.000 0.329
1693.000 0.326
1694.000 0.324
1695.000 0.323
1696.000 0.323
1697.000 0.324
1698.000 0.324
1699.000 0.327
1700.000 0.328
1701.000 0.327
1702.000 0.328
1703.000 0.328
1704.000 0.328
1705.000 0.328
1706.000 0.328
1707.000 0.328
1708.000 0.327
1709.000 0.326
1710.000 0.326
1711.000 0.324
1712.000 0.322
1713.000 0.323
1714.000 0.321
1715.000 0.320
1716.000 0.321
1717.000 0.320
1718.000 0.319
1719.000 0.316
1720.000 0.316
1721.000 0.315
1722.000 0.314
1723.000 0.314
1724.000 0.313
1725.000 0.313
1726.000 0.313
1727.000 0.314
1728.000 0.315
1729.000 0.314
1730.000 0.314
1731.000 0.312
1732.000 0.311
1733.000 0.313
1734.000 0.312
1735.000 0.313
1736.000 0.311
1737.000 0.309
1738.000 0.309
1739.000 0.308
1740.000 0.308
1741.000 0.306
1742.000 0.303
1743.000 0.301
1744.000 0.299
1745.000 0.298
1746.000 0.298
1747.000 0.299
1748.000 0.301
1749.000 0.300
1750.000 0.298
1751.000 0.297
1752.000 0.293
1753.000 0.292
1754.000 0.294
1755.000 0.294
1756.000 0.293
1757.000 0.292
1758.000 0.289
1759.000 0.285
1760.000 0.285
1761.000 0.284
1762.000 0.284
1763.000 0.284
1764.000 0.284
1765.000 0.287
1766.000 0.288
1767.000 0.288
1768.000 0.289
1769.000 0.287
1770.000 0.286
1771.000 0.284
1772.000 0.281
1773.000 0.277
1774.000 0.276
1775.000 0.278
1776.000 0.278
1777.000 0.280
1778.000 0.280
1779.000 0.277
1780.000 0.275
1781.000 0.274
1782.000 0.274
1783.000 0.273
1784.000 0.273
1785.000 0.271
1786.000 0.272
1787.000 0.276
1788.000 0.277
1789.000 0.279
1790.000 0.279
1791.000 0.276
1792.000 0.273
1793.000 0.268
1794.000 0.264
1795.000 0.262
1796.000 0.262
1797.000 0.266
1798.000 0.265
1799.000 0.263
1800.000 0.270
1801.000 0.300
1802.000 0.299
1803.000 0.316
1804.000 0.322
1805.000 0.321
1806.000 0.299
1807.000 0.288
1808.000 0.262
1809.000 0.252
1810.000 0.275
1811.000 0.276
1812.000 0.257
1813.000 0.264
1814.000 0.314
1815.000 0.286
1816.000 0.301
1817.000 0.373
1818.000 0.486
1819.000 0.550
1820.000 0.553
1821.000 0.474
1822.000 0.418
1823.000 0.351
1824.000 0.373
1825.000 0.446
1826.000 0.479
1827.000 0.400
1828.000 0.423
1829.000 0.432
1830.000 0.381
1831.000 0.398
1832.000 0.419
1833.000 0.456
1834.000 0.495
1835.000 0.540
1836.000 0.537
1837.000 0.415
1838.000 0.412
1839.000 0.509
1840.000 0.558
1841.000 0.424
1842.000 0.374
1843.000 0.570
1844.000 0.534
1845.000 0.627
1846.000 0.615
1847.000 0.529
1848.000 0.706
1849.000 0.639
1850.000 0.645
1851.000 0.488
1852.000 0.588
1853.000 0.531
1854.000 0.370
1855.000 0.361
1856.000 0.307
1857.000 0.304
1858.000 0.386
1859.000 0.576
1860.000 0.627
1861.000 0.615
1862.000 0.614
1863.000 0.526
1864.000 0.485
1865.000 0.449
1866.000 0.436
1867.000 0.414
1868.000 0.291
1869.000 0.575
1870.000 0.569
1871.000 0.600
1872.000 0.384
1873.000 0.424
1874.000 0.362
1875.000 0.515
1876.000 0.484
1877.000 0.508
1878.000 0.417
1879.000 0.617
1880.000 0.671
1881.000 0.740
1882.000 0.734
1883.000 0.643
1884.000 0.702
1885.000 0.592
1886.000 0.644
1887.000 0.621
1888.000 0.589
1889.000 0.551
1890.000 0.550
1891.000 0.623
1892.000 0.681
1893.000 0.567
1894.000 0.551
1895.000 0.703
1896.000 0.693
1897.000 0.503
1898.000 0.441
1899.000 0.471
1900.000 0.355
1901.000 0.460
1902.000 0.416
1903.000 0.653
1904.000 0.547
1905.000 0.445
1906.000 0.338
1907.000 0.480
1908.000 0.645
1909.000 0.507
1910.000 0.469
1911.000 0.497
1912.000 0.418
1913.000 0.362
1914.000 0.395
1915.000 0.568
1916.000 0.528
1917.000 0.579
1918.000 0.439
1919.000 0.534
1920.000 0.312
1921.000 0.330
1922.000 0.278
1923.000 0.251
1924.000 0.297
1925.000 0.395
1926.000 0.480
1927.000 0.435
1928.000 0.350
1929.000 0.306
1930.000 0.278
1931.000 0.308
1932.000 0.403
1933.000 0.469
1934.000 0.502
1935.000 0.488
1936.000 0.404
1937.000 0.310
1938.000 0.330
1939.000 0.352
1940.000 0.429
1941.000 0.479
1942.000 0.530
1943.000 0.529
1944.000 0.427
1945.000 0.422
1946.000 0.277
1947.000 0.267
1948.000 0.345
1949.000 0.275
1950.000 0.249
1951.000 0.256
1952.000 0.356
1953.000 0.321
1954.000 0.364
1955.000 0.315
1956.000 0.198
1957.000 0.190
1958.000 0.183
1959.000 0.204
1960.000 0.220
1961.000 0.243
1962.000 0.231
1963.000 0.182
1964.000 0.166
1965.000 0.179
1966.000 0.176
1967.000 0.161
1968.000 0.168
1969.000 0.160
1970.000 0.136
1971.000 0.130
1972.000 0.125
1973.000 0.109
1974.000 0.138
1975.000 0.139
1976.000 0.149
1977.000 0.150
1978.000 0.143
1979.000 0.125
1980.000 0.116
1981.000 0.107
1982.000 0.111
1983.000 0.119
1984.000 0.123
1985.000 0.123
1986.000 0.123
1987.000 0.114
1988.000 0.113
1989.000 0.123
1990.000 0.124
1991.000 0.123
1992.000 0.117
1993.000 0.111
1994.000 0.108
1995.000 0.111
1996.000 0.114
1997.000 0.118
1998.000 0.128
1999.000 0.138
2000.000 0.156
2001.000 0.165
2002.000 0.172
2003.000 0.181
2004.000 0.182
2005.000 0.190
2006.000 0.235
2007.000 0.292
2008.000 0.204
2009.000 0.170
2010.000 0.224
2011.000 0.236
2012.000 0.206
2013.000 0.201
2014.000 0.180
2015.000 0.169
2016.000 0.154
2017.000 0.164
2018.000 0.168
2019.000 0.165
2020.000 0.179
2021.000 0.184
2022.000 0.162
2023.000 0.146
2024.000 0.130
2025.000 0.114
2026.000 0.107
2027.000 0.107
2028.000 0.114
2029.000 0.115
2030.000 0.122
2031.000 0.119
2032.000 0.108
2033.000 0.104
2034.000 0.101
2035.000 0.099
2036.000 0.106
2037.000 0.116
2038.000 0.118
2039.000 0.120
2040.000 0.121
2041.000 0.115
2042.000 0.114
2043.000 0.116
2044.000 0.120
2045.000 0.127
2046.000 0.132
2047.000 0.140
2048.000 0.146
2049.000 0.154
2050.000 0.152
2051.000 0.157
2052.000 0.167
2053.000 0.156
2054.000 0.155
2055.000 0.147
2056.000 0.139
2057.000 0.135
2058.000 0.131
2059.000 0.129
2060.000 0.125
2061.000 0.126
2062.000 0.134
2063.000 0.137
2064.000 0.145
2065.000 0.148
2066.000 0.147
2067.000 0.136
2068.000 0.128
2069.000 0.126
2070.000 0.129
2071.000 0.132
2072.000 0.136
2073.000 0.144
2074.000 0.146
2075.000 0.143
2076.000 0.144
2077.000 0.145
2078.000 0.147
2079.000 0.151
2080.000 0.153
2081.000 0.156
2082.000 0.154
2083.000 0.151
2084.000 0.143
2085.000 0.137
2086.000 0.136
2087.000 0.137
2088.000 0.146
2089.000 0.146
2090.000 0.142
2091.000 0.142
2092.000 0.138
2093.000 0.138
2094.000 0.143
2095.000 0.146
2096.000 0.146
2097.000 0.148
2098.000 0.150
2099.000 0.147
2100.000 0.148
2101.000 0.148
2102.000 0.146
2103.000 0.150
2104.000 0.151
2105.000 0.153
2106.000 0.156
2107.000 0.161
2108.000 0.163
2109.000 0.168
2110.000 0.169
2111.000 0.168
2112.000 0.166
2113.000 0.163
2114.000 0.161
2115.000 0.158
2116.000 0.156
2117.000 0.157
2118.000 0.154
2119.000 0.152
2120.000 0.151
2121.000 0.149
2122.000 0.150
2123.000 0.154
2124.000 0.162
2125.000 0.163
2126.000 0.164
2127.000 0.163
2128.000 0.156
2129.000 0.154
2130.000 0.153
2131.000 0.154
2132.000 0.155
2133.000 0.158
2134.000 0.163
2135.000 0.166
2136.000 0.166
2137.000 0.167
2138.000 0.168
2139.000 0.172
2140.000 0.171
2141.000 0.173
2142.000 0.171
2143.000 0.163
2144.000 0.161
2145.000 0.162
2146.000 0.163
2147.000 0.169
2148.000 0.169
2149.000 0.166
2150.000 0.165
2151.000 0.160
2152.000 0.162
2153.000 0.169
2154.000 0.174
2155.000 0.183
2156.000 0.192
2157.000 0.188
2158.000 0.186
2159.000 0.186
2160.000 0.177
2161.000 0.175
2162.000 0.176
2163.000 0.176
2164.000 0.176
2165.000 0.176
2166.000 0.179
2167.000 0.179
2168.000 0.176
2169.000 0.177
2170.000 0.181
2171.000 0.183
2172.000 0.189
2173.000 0.190
2174.000 0.185
2175.000 0.183
2176.000 0.182
2177.000 0.182
2178.000 0.183
2179.000 0.181
2180.000 0.178
2181.000 0.174
2182.000 0.169
2183.000 0.168
2184.000 0.169
2185.000 0.176
2186.000 0.179
2187.000 0.184
2188.000 0.185
2189.000 0.180
2190.000 0.177
2191.000 0.173
2192.000 0.173
2193.000 0.172
2194.000 0.173
2195.000 0.178
2196.000 0.179
2197.000 0.177
2198.000 0.178
2199.000 0.180
2200.000 0.180
2201.000 0.180
2202.000 0.181
2203.000 0.177
2204.000 0.172
2205.000 0.172
2206.000 0.176
2207.000 0.180
2208.000 0.185
2209.000 0.186
2210.000 0.185
2211.000 0.186
2212.000 0.189
2213.000 0.188
2214.000 0.186
2215.000 0.184
2216.000 0.178
2217.000 0.178
2218.000 0.184
2219.000 0.186
2220.000 0.189
2221.000 0.190
2222.000 0.185
2223.000 0.185
2224.000 0.186
2225.000 0.185
2226.000 0.183
2227.000 0.181
2228.000 0.178
2229.000 0.175
2230.000 0.173
2231.000 0.178
2232.000 0.178
2233.000 0.175
2234.000 0.177
2235.000 0.174
2236.000 0.174
2237.000 0.176
2238.000 0.176
2239.000 0.175
2240.000 0.177
2241.000 0.178
2242.000 0.179
2243.000 0.176
2244.000 0.179
2245.000 0.185
2246.000 0.187
2247.000 0.193
2248.000 0.194
2249.000 0.189
2250.000 0.184
2251.000 0.174
2252.000 0.169
2253.000 0.165
2254.000 0.161
2255.000 0.162
2256.000 0.164
2257.000 0.167
2258.000 0.174
2259.000 0.182
2260.000 0.185
2261.000 0.186
2262.000 0.179
2263.000 0.172
2264.000 0.163
2265.000 0.154
2266.000 0.149
2267.000 0.145
2268.000 0.145
2269.000 0.141
2270.000 0.139
2271.000 0.136
2272.000 0.137
2273.000 0.138
2274.000 0.139
2275.000 0.139
2276.000 0.143
2277.000 0.145
2278.000 0.142
2279.000 0.145
2280.000 0.154
2281.000 0.154
2282.000 0.153
2283.000 0.153
2284.000 0.148
2285.000 0.143
2286.000 0.139
2287.000 0.136
2288.000 0.125
2289.000 0.124
2290.000 0.130
2291.000 0.137
2292.000 0.159
2293.000 0.167
2294.000 0.164
2295.000 0.164
2296.000 0.155
2297.000 0.148
2298.000 0.148
2299.000 0.147
2300.000 0.149
2301.000 0.150
2302.000 0.150
2303.000 0.148
2304.000 0.140
2305.000 0.126
2306.000 0.114
2307.000 0.110
2308.000 0.110
2309.000 0.116
2310.000 0.122
2311.000 0.126
2312.000 0.127
2313.000 0.131
2314.000 0.139
2315.000 0.144
2316.000 0.146
2317.000 0.148
2318.000 0.145
2319.000 0.136
2320.000 0.136
2321.000 0.135
2322.000 0.132
2323.000 0.144
2324.000 0.146
2325.000 0.136
2326.000 0.133
2327.000 0.125
2328.000 0.120
2329.000 0.119
2330.000 0.127
2331.000 0.141
2332.000 0.150
2333.000 0.170
2334.000 0.175
2335.000 0.169
2336.000 0.161
2337.000 0.162
2338.000 0.151
2339.000 0.134
2340.000 0.123
2341.000 0.101
2342.000 0.111
2343.000 0.114
2344.000 0.121
2345.000 0.139
2346.000 0.145
2347.000 0.143
2348.000 0.137
2349.000 0.107
2350.000 0.117
2351.000 0.110
2352.000 0.113
2353.000 0.142
2354.000 0.151
2355.000 0.144
2356.000 0.145
2357.000 0.134
2358.000 0.113
2359.000 0.113
2360.000 0.114
2361.000 0.102
2362.000 0.104
2363.000 0.097
2364.000 0.109
2365.000 0.136
2366.000 0.133
2367.000 0.142
2368.000 0.141
2369.000 0.101
2370.000 0.135
2371.000 0.175
2372.000 0.176
2373.000 0.192
2374.000 0.265
2375.000 0.221
2376.000 0.218
2377.000 0.245
2378.000 0.227
2379.000 0.207
2380.000 0.229
2381.000 0.195
2382.000 0.170
2383.000 0.183
2384.000 0.157
2385.000 0.152
2386.000 0.149
2387.000 0.169
2388.000 0.171
2389.000 0.149
2390.000 0.110
2391.000 0.122
2392.000 0.212
2393.000 0.289
2394.000 0.301
2395.000 0.311
2396.000 0.267
2397.000 0.168
2398.000 0.166
2399.000 0.137
2400.000 0.087
2401.000 0.221
2402.000 0.143
2403.000 0.099
2404.000 0.081
2405.000 0.107
2406.000 0.109
2407.000 0.119
2408.000 0.177
2409.000 0.154
2410.000 0.184
2411.000 0.241
2412.000 0.304
2413.000 0.302
2414.000 0.347
2415.000 0.331
2416.000 0.358
2417.000 0.358
2418.000 0.311
2419.000 0.280
2420.000 0.337
2421.000 0.375
2422.000 0.161
2423.000 0.217
2424.000 0.298
2425.000 0.299
2426.000 0.195
2427.000 0.202
2428.000 0.230
2429.000 0.141
2430.000 0.216
2431.000 0.196
2432.000 0.178
2433.000 0.192
2434.000 0.188
2435.000 0.123
2436.000 0.110
2437.000 0.103
2438.000 0.098
2439.000 0.179
2440.000 0.243
2441.000 0.357
2442.000 0.483
2443.000 0.494
2444.000 0.327
2445.000 0.254
2446.000 0.553
2447.000 0.419
2448.000 0.216
2449.000 0.180
2450.000 0.182
2451.000 0.163
2452.000 0.167
2453.000 0.181
2454.000 0.158
2455.000 0.113
2456.000 0.138
2457.000 0.151
2458.000 0.247
2459.000 0.270
2460.000 0.288
2461.000 0.218
2462.000 0.097
2463.000 0.200
2464.000 0.123
2465.000 0.169
2466.000 0.213
2467.000 0.258
2468.000 0.330
2469.000 0.383
2470.000 0.381
2471.000 0.330
2472.000 0.292
2473.000 0.228
2474.000 0.202
2475.000 0.398
2476.000 0.334
2477.000 0.229
2478.000 0.354
2479.000 0.386
2480.000 0.557
2481.000 0.521
2482.000 0.422
2483.000 0.430
2484.000 0.232
2485.000 0.333
2486.000 0.408
2487.000 0.349
2488.000 0.470
2489.000 0.471
2490.000 0.545
2491.000 0.648
2492.000 0.392
2493.000 0.321
2494.000 0.286
2495.000 0.376
2496.000 0.485
2497.000 0.390
2498.000 0.343
2499.000 0.360
2500.000 0.298
