391.000 0.043
392.000 0.038
393.000 0.034
394.000 0.040
395.000 0.042
396.000 0.042
397.000 0.040
398.000 0.040
399.000 0.034
400.000 0.033
401.000 0.042
402.000 0.041
403.000 0.038
404.000 0.037
405.000 0.038
406.000 0.038
407.000 0.038
408.000 0.038
409.000 0.038
410.000 0.038
411.000 0.038
412.000 0.040
413.000 0.038
414.000 0.038
415.000 0.038
416.000 0.037
417.000 0.039
418.000 0.038
419.000 0.037
420.000 0.037
421.000 0.040
422.000 0.042
423.000 0.039
424.000 0.039
425.000 0.038
426.000 0.038
427.000 0.040
428.000 0.040
429.000 0.039
430.000 0.038
431.000 0.037
432.000 0.038
433.000 0.039
434.000 0.038
435.000 0.038
436.000 0.038
437.000 0.038
438.000 0.038
439.000 0.039
440.000 0.039
441.000 0.038
442.000 0.039
443.000 0.038
444.000 0.038
445.000 0.039
446.000 0.039
447.000 0.039
448.000 0.039
449.000 0.040
450.000 0.040
451.000 0.039
452.000 0.039
453.000 0.040
454.000 0.040
455.000 0.040
456.000 0.040
457.000 0.040
458.000 0.041
459.000 0.040
460.000 0.039
461.000 0.039
462.000 0.040
463.000 0.040
464.000 0.039
465.000 0.040
466.000 0.041
467.000 0.040
468.000 0.040
469.000 0.040
470.000 0.040
471.000 0.040
472.000 0.041
473.000 0.041
474.000 0.040
475.000 0.039
476.000 0.040
477.000 0.042
478.000 0.042
479.000 0.042
480.000 0.041
481.000 0.041
482.000 0.041
483.000 0.041
484.000 0.042
485.000 0.042
486.000 0.042
487.000 0.041
488.000 0.042
489.000 0.043
490.000 0.042
491.000 0.042
492.000 0.042
493.000 0.043
494.000 0.044
495.000 0.043
496.000 0.043
497.000 0.044
498.000 0.046
499.000 0.047
500.000 0.048
501.000 0.046
502.000 0.047
503.000 0.050
504.000 0.051
505.000 0.050
506.000 0.050
507.000 0.052
508.000 0.054
509.000 0.056
510.000 0.057
511.000 0.061
512.000 0.061
513.000 0.062
514.000 0.065
515.000 0.067
516.000 0.069
517.000 0.071
518.000 0.074
519.000 0.079
520.000 0.083
521.000 0.087
522.000 0.090
523.000 0.093
524.000 0.096
525.000 0.098
526.000 0.102
527.000 0.106
528.000 0.109
529.000 0.111
530.000 0.114
531.000 0.117
532.000 0.120
533.000 0.122
534.000 0.123
535.000 0.124
536.000 0.126
537.000 0.127
538.000 0.128
539.000 0.129
540.000 0.129
541.000 0.130
542.000 0.132
543.000 0.131
544.000 0.132
545.000 0.132
546.000 0.133
547.000 0.132
548.000 0.134
549.000 0.134
550.000 0.134
551.000 0.134
552.000 0.134
553.000 0.134
554.000 0.135
555.000 0.134
556.000 0.133
557.000 0.133
558.000 0.132
559.000 0.130
560.000 0.129
561.000 0.127
562.000 0.126
563.000 0.125
564.000 0.123
565.000 0.121
566.000 0.119
567.000 0.117
568.000 0.114
569.000 0.112
570.000 0.109
571.000 0.107
572.000 0.105
573.000 0.104
574.000 0.102
575.000 0.100
576.000 0.099
577.000 0.097
578.000 0.095
579.000 0.094
580.000 0.093
581.000 0.091
582.000 0.089
583.000 0.089
584.000 0.089
585.000 0.088
586.000 0.087
587.000 0.086
588.000 0.085
589.000 0.084
590.000 0.083
591.000 0.082
592.000 0.081
593.000 0.082
594.000 0.081
595.000 0.080
596.000 0.079
597.000 0.079
598.000 0.079
599.000 0.079
600.000 0.078
601.000 0.077
602.000 0.078
603.000 0.078
604.000 0.077
605.000 0.077
606.000 0.076
607.000 0.075
608.000 0.075
609.000 0.074
610.000 0.073
611.000 0.073
612.000 0.073
613.000 0.072
614.000 0.071
615.000 0.070
616.000 0.070
617.000 0.069
618.000 0.069
619.000 0.069
620.000 0.068
621.000 0.068
622.000 0.068
623.000 0.067
624.000 0.067
625.000 0.066
626.000 0.067
627.000 0.066
628.000 0.066
629.000 0.067
630.000 0.066
631.000 0.066
632.000 0.066
633.000 0.066
634.000 0.067
635.000 0.066
636.000 0.066
637.000 0.064
638.000 0.063
639.000 0.063
640.000 0.063
641.000 0.062
642.000 0.060
643.000 0.059
644.000 0.058
645.000 0.059
646.000 0.058
647.000 0.057
648.000 0.057
649.000 0.056
650.000 0.057
651.000 0.057
652.000 0.056
653.000 0.055
654.000 0.055
655.000 0.057
656.000 0.056
657.000 0.055
658.000 0.055
659.000 0.055
660.000 0.056
661.000 0.055
662.000 0.053
663.000 0.054
664.000 0.055
665.000 0.056
666.000 0.055
667.000 0.057
668.000 0.056
669.000 0.056
670.000 0.056
671.000 0.057
672.000 0.057
673.000 0.058
674.000 0.059
675.000 0.059
676.000 0.060
677.000 0.062
678.000 0.061
679.000 0.063
680.000 0.065
681.000 0.066
682.000 0.065
683.000 0.064
684.000 0.066
685.000 0.069
686.000 0.072
687.000 0.075
688.000 0.077
689.000 0.079
690.000 0.081
691.000 0.082
692.000 0.085
693.000 0.091
694.000 0.096
695.000 0.102
696.000 0.110
697.000 0.118
698.000 0.127
699.000 0.137
700.000 0.147
701.000 0.157
702.000 0.168
703.000 0.179
704.000 0.190
705.000 0.201
706.000 0.212
707.000 0.223
708.000 0.234
709.000 0.246
710.000 0.257
711.000 0.268
712.000 0.280
713.000 0.291
714.000 0.303
715.000 0.315
716.000 0.327
717.000 0.339
718.000 0.352
719.000 0.365
720.000 0.379
721.000 0.391
722.000 0.402
723.000 0.414
724.000 0.426
725.000 0.439
726.000 0.452
727.000 0.463
728.000 0.474
729.000 0.485
730.000 0.496
731.000 0.507
732.000 0.517
733.000 0.526
734.000 0.535
735.000 0.544
736.000 0.552
737.000 0.560
738.000 0.568
739.000 0.574
740.000 0.581
741.000 0.587
742.000 0.594
743.000 0.599
744.000 0.604
745.000 0.609
746.000 0.613
747.000 0.618
748.000 0.621
749.000 0.625
750.000 0.628
751.000 0.631
752.000 0.633
753.000 0.636
754.000 0.638
755.000 0.641
756.000 0.642
757.000 0.644
758.000 0.646
759.000 0.647
760.000 0.648
761.000 0.649
762.000 0.651
763.000 0.652
764.000 0.653
765.000 0.654
766.000 0.655
767.000 0.656
768.000 0.657
769.000 0.658
770.000 0.658
771.000 0.659
772.000 0.659
773.000 0.660
774.000 0.660
775.000 0.661
776.000 0.662
777.000 0.662
778.000 0.662
779.000 0.663
780.000 0.663
781.000 0.664
782.000 0.665
783.000 0.666
784.000 0.666
785.000 0.666
786.000 0.666
787.000 0.667
788.000 0.667
789.000 0.668
790.000 0.669
791.000 0.669
792.000 0.670
793.000 0.671
794.000 0.671
795.000 0.672
796.000 0.672
797.000 0.672
798.000 0.673
799.000 0.673
800.000 0.674
801.000 0.675
802.000 0.675
803.000 0.675
804.000 0.676
805.000 0.677
806.000 0.677
807.000 0.677
808.000 0.678
809.000 0.679
810.000 0.679
811.000 0.680
812.000 0.680
813.000 0.681
814.000 0.681
815.000 0.682
816.000 0.682
817.000 0.682
818.000 0.683
819.000 0.683
820.000 0.684
821.000 0.685
822.000 0.685
823.000 0.685
824.000 0.686
825.000 0.687
826.000 0.687
827.000 0.687
828.000 0.687
829.000 0.688
830.000 0.689
831.000 0.690
832.000 0.690
833.000 0.690
834.000 0.691
835.000 0.691
836.000 0.691
837.000 0.692
838.000 0.692
839.000 0.693
840.000 0.693
841.000 0.694
842.000 0.694
843.000 0.695
844.000 0.695
845.000 0.696
846.000 0.696
847.000 0.696
848.000 0.697
849.000 0.697
850.000 0.697
851.000 0.698
852.000 0.698
853.000 0.699
854.000 0.699
855.000 0.700
856.000 0.700
857.000 0.700
858.000 0.701
859.000 0.702
860.000 0.702
861.000 0.702
862.000 0.702
863.000 0.703
864.000 0.703
865.000 0.704
866.000 0.704
867.000 0.704
868.000 0.705
869.000 0.705
870.000 0.706
871.000 0.706
872.000 0.707
873.000 0.707
874.000 0.707
875.000 0.708
876.000 0.708
877.000 0.708
878.000 0.709
879.000 0.710
880.000 0.710
881.000 0.711
882.000 0.711
883.000 0.711
884.000 0.712
885.000 0.712
886.000 0.713
887.000 0.713
888.000 0.714
889.000 0.714
890.000 0.715
891.000 0.716
892.000 0.716
893.000 0.717
894.000 0.717
895.000 0.717
896.000 0.717
897.000 0.717
898.000 0.718
899.000 0.719
900.000 0.719
901.000 0.719
902.000 0.720
903.000 0.721
904.000 0.721
905.000 0.722
906.000 0.722
907.000 0.722
908.000 0.722
909.000 0.722
910.000 0.723
911.000 0.724
912.000 0.724
913.000 0.724
914.000 0.724
915.000 0.724
916.000 0.725
917.000 0.725
918.000 0.726
919.000 0.724
920.000 0.725
921.000 0.725
922.000 0.724
923.000 0.724
924.000 0.725
925.000 0.725
926.000 0.728
927.000 0.725
928.000 0.725
929.000 0.728
930.000 0.727
931.000 0.726
932.000 0.724
933.000 0.722
934.000 0.721
935.000 0.723
936.000 0.723
937.000 0.723
938.000 0.724
939.000 0.725
940.000 0.725
941.000 0.724
942.000 0.723
943.000 0.722
944.000 0.720
945.000 0.720
946.000 0.721
947.000 0.721
948.000 0.720
949.000 0.720
950.000 0.718
951.000 0.717
952.000 0.716
953.000 0.716
954.000 0.715
955.000 0.715
956.000 0.714
957.000 0.714
958.000 0.713
959.000 0.711
960.000 0.712
961.000 0.711
962.000 0.711
963.000 0.714
964.000 0.712
965.000 0.711
966.000 0.712
967.000 0.713
968.000 0.711
969.000 0.713
970.000 0.714
971.000 0.714
972.000 0.712
973.000 0.711
974.000 0.711
975.000 0.711
976.000 0.711
977.000 0.713
978.000 0.713
979.000 0.712
980.000 0.713
981.000 0.714
982.000 0.715
983.000 0.716
984.000 0.715
985.000 0.715
986.000 0.716
987.000 0.717
988.000 0.717
989.000 0.718
990.000 0.718
991.000 0.719
992.000 0.721
993.000 0.719
994.000 0.720
995.000 0.722
996.000 0.722
997.000 0.721
998.000 0.722
999.000 0.723
1000.000 0.724
1001.000 0.716
1002.000 0.717
1003.000 0.719
1004.000 0.720
1005.000 0.717
1006.000 0.717
1007.000 0.717
1008.000 0.720
1009.000 0.721
1010.000 0.722
1011.000 0.722
1012.000 0.722
1013.000 0.723
1014.000 0.724
1015.000 0.725
1016.000 0.726
1017.000 0.727
1018.000 0.725
1019.000 0.726
1020.000 0.727
1021.000 0.728
1022.000 0.728
1023.000 0.728
1024.000 0.729
1025.000 0.730
1026.000 0.731
1027.000 0.732
1028.000 0.732
1029.000 0.732
1030.000 0.732
1031.000 0.733
1032.000 0.734
1033.000 0.735
1034.000 0.736
1035.000 0.737
1036.000 0.737
1037.000 0.737
1038.000 0.737
1039.000 0.738
1040.000 0.738
1041.000 0.739
1042.000 0.740
1043.000 0.740
1044.000 0.742
1045.000 0.742
1046.000 0.742
1047.000 0.742
1048.000 0.743
1049.000 0.743
1050.000 0.743
1051.000 0.743
1052.000 0.743
1053.000 0.744
1054.000 0.745
1055.000 0.745
1056.000 0.745
1057.000 0.746
1058.000 0.746
1059.000 0.746
1060.000 0.746
1061.000 0.746
1062.000 0.745
1063.000 0.745
1064.000 0.745
1065.000 0.746
1066.000 0.746
1067.000 0.746
1068.000 0.747
1069.000 0.748
1070.000 0.748
1071.000 0.748
1072.000 0.748
1073.000 0.748
1074.000 0.747
1075.000 0.747
1076.000 0.747
1077.000 0.746
1078.000 0.746
1079.000 0.746
1080.000 0.746
1081.000 0.747
1082.000 0.747
1083.000 0.746
1084.000 0.746
1085.000 0.746
1086.000 0.746
1087.000 0.746
1088.000 0.745
1089.000 0.745
1090.000 0.745
1091.000 0.748
1092.000 0.748
1093.000 0.748
1094.000 0.747
1095.000 0.748
1096.000 0.748
1097.000 0.747
1098.000 0.748
1099.000 0.747
1100.000 0.748
1101.000 0.745
1102.000 0.745
1103.000 0.748
1104.000 0.748
1105.000 0.747
1106.000 0.746
1107.000 0.745
1108.000 0.744
1109.000 0.744
1110.000 0.743
1111.000 0.744
1112.000 0.744
1113.000 0.744
1114.000 0.746
1115.000 0.746
1116.000 0.745
1117.000 0.744
1118.000 0.742
1119.000 0.740
1120.000 0.740
1121.000 0.740
1122.000 0.742
1123.000 0.742
1124.000 0.742
1125.000 0.742
1126.000 0.743
1127.000 0.741
1128.000 0.738
1129.000 0.734
1130.000 0.730
1131.000 0.729
1132.000 0.728
1133.000 0.727
1134.000 0.726
1135.000 0.726
1136.000 0.724
1137.000 0.725
1138.000 0.725
1139.000 0.725
1140.000 0.723
1141.000 0.723
1142.000 0.721
1143.000 0.718
1144.000 0.716
1145.000 0.714
1146.000 0.711
1147.000 0.709
1148.000 0.706
1149.000 0.703
1150.000 0.701
1151.000 0.699
1152.000 0.698
1153.000 0.697
1154.000 0.696
1155.000 0.695
1156.000 0.694
1157.000 0.694
1158.000 0.693
1159.000 0.692
1160.000 0.692
1161.000 0.691
1162.000 0.691
1163.000 0.691
1164.000 0.691
1165.000 0.691
1166.000 0.691
1167.000 0.690
1168.000 0.690
1169.000 0.689
1170.000 0.689
1171.000 0.688
1172.000 0.688
1173.000 0.689
1174.000 0.689
1175.000 0.690
1176.000 0.690
1177.000 0.690
1178.000 0.690
1179.000 0.690
1180.000 0.690
1181.000 0.690
1182.000 0.691
1183.000 0.690
1184.000 0.689
1185.000 0.690
1186.000 0.690
1187.000 0.690
1188.000 0.690
1189.000 0.690
1190.000 0.690
1191.000 0.690
1192.000 0.691
1193.000 0.691
1194.000 0.690
1195.000 0.690
1196.000 0.689
1197.000 0.689
1198.000 0.689
1199.000 0.689
1200.000 0.689
1201.000 0.689
1202.000 0.690
1203.000 0.690
1204.000 0.691
1205.000 0.691
1206.000 0.691
1207.000 0.691
1208.000 0.691
1209.000 0.691
1210.000 0.691
1211.000 0.692
1212.000 0.692
1213.000 0.692
1214.000 0.693
1215.000 0.693
1216.000 0.694
1217.000 0.693
1218.000 0.693
1219.000 0.693
1220.000 0.694
1221.000 0.695
1222.000 0.695
1223.000 0.695
1224.000 0.695
1225.000 0.695
1226.000 0.694
1227.000 0.695
1228.000 0.695
1229.000 0.695
1230.000 0.696
1231.000 0.695
1232.000 0.696
1233.000 0.696
1234.000 0.695
1235.000 0.696
1236.000 0.696
1237.000 0.697
1238.000 0.697
1239.000 0.698
1240.000 0.698
1241.000 0.698
1242.000 0.698
1243.000 0.698
1244.000 0.698
1245.000 0.698
1246.000 0.699
1247.000 0.699
1248.000 0.700
1249.000 0.701
1250.000 0.701
1251.000 0.700
1252.000 0.701
1253.000 0.700
1254.000 0.700
1255.000 0.701
1256.000 0.701
1257.000 0.702
1258.000 0.702
1259.000 0.702
1260.000 0.702
1261.000 0.703
1262.000 0.703
1263.000 0.703
1264.000 0.703
1265.000 0.703
1266.000 0.703
1267.000 0.703
1268.000 0.703
1269.000 0.703
1270.000 0.704
1271.000 0.704
1272.000 0.705
1273.000 0.705
1274.000 0.704
1275.000 0.704
1276.000 0.704
1277.000 0.705
1278.000 0.705
1279.000 0.705
1280.000 0.705
1281.000 0.705
1282.000 0.705
1283.000 0.705
1284.000 0.704
1285.000 0.704
1286.000 0.703
1287.000 0.703
1288.000 0.701
1289.000 0.700
1290.000 0.699
1291.000 0.698
1292.000 0.698
1293.000 0.697
1294.000 0.696
1295.000 0.696
1296.000 0.695
1297.000 0.694
1298.000 0.693
1299.000 0.692
1300.000 0.691
1301.000 0.690
1302.000 0.689
1303.000 0.688
1304.000 0.687
1305.000 0.684
1306.000 0.683
1307.000 0.681
1308.000 0.680
1309.000 0.679
1310.000 0.678
1311.000 0.678
1312.000 0.676
1313.000 0.675
1314.000 0.673
1315.000 0.671
1316.000 0.670
1317.000 0.668
1318.000 0.666
1319.000 0.664
1320.000 0.662
1321.000 0.661
1322.000 0.660
1323.000 0.658
1324.000 0.656
1325.000 0.654
1326.000 0.651
1327.000 0.648
1328.000 0.645
1329.000 0.643
1330.000 0.641
1331.000 0.639
1332.000 0.637
1333.000 0.635
1334.000 0.632
1335.000 0.630
1336.000 0.628
1337.000 0.626
1338.000 0.622
1339.000 0.620
1340.000 0.618
1341.000 0.616
1342.000 0.615
1343.000 0.614
1344.000 0.615
1345.000 0.615
1346.000 0.615
1347.000 0.614
1348.000 0.613
1349.000 0.607
1350.000 0.607
1351.000 0.612
1352.000 0.613
1353.000 0.618
1354.000 0.621
1355.000 0.595
1356.000 0.583
1357.000 0.590
1358.000 0.613
1359.000 0.655
1360.000 0.663
1361.000 0.550
1362.000 0.537
1363.000 0.453
1364.000 0.332
1365.000 0.376
1366.000 0.364
1367.000 0.284
1368.000 0.310
1369.000 0.218
1370.000 0.209
1371.000 0.353
1372.000 0.245
1373.000 0.295
1374.000 0.408
1375.000 0.452
1376.000 0.499
1377.000 0.521
1378.000 0.516
1379.000 0.672
1380.000 0.727
1381.000 0.671
1382.000 0.686
1383.000 0.536
1384.000 0.367
1385.000 0.320
1386.000 0.345
1387.000 0.304
1388.000 0.406
1389.000 0.422
1390.000 0.405
1391.000 0.392
1392.000 0.487
1393.000 0.481
1394.000 0.464
1395.000 0.544
1396.000 0.642
1397.000 0.516
1398.000 0.611
1399.000 0.572
1400.000 0.566
1401.000 0.584
1402.000 0.728
1403.000 0.656
1404.000 0.646
1405.000 0.609
1406.000 0.509
1407.000 0.403
1408.000 0.398
1409.000 0.364
1410.000 0.484
1411.000 0.410
1412.000 0.408
1413.000 0.487
1414.000 0.486
1415.000 0.539
1416.000 0.448
1417.000 0.378
1418.000 0.344
1419.000 0.299
1420.000 0.305
1421.000 0.283
1422.000 0.279
1423.000 0.294
1424.000 0.290
1425.000 0.291
1426.000 0.284
1427.000 0.269
1428.000 0.265
1429.000 0.264
1430.000 0.263
1431.000 0.262
1432.000 0.269
1433.000 0.273
1434.000 0.272
1435.000 0.268
1436.000 0.267
1437.000 0.254
1438.000 0.253
1439.000 0.262
1440.000 0.262
1441.000 0.263
1442.000 0.262
1443.000 0.255
1444.000 0.251
1445.000 0.248
1446.000 0.245
1447.000 0.233
1448.000 0.231
1449.000 0.235
1450.000 0.239
1451.000 0.241
1452.000 0.250
1453.000 0.249
1454.000 0.243
1455.000 0.242
1456.000 0.240
1457.000 0.237
1458.000 0.237
1459.000 0.238
1460.000 0.236
1461.000 0.236
1462.000 0.237
1463.000 0.238
1464.000 0.238
1465.000 0.237
1466.000 0.238
1467.000 0.239
1468.000 0.248
1469.000 0.252
1470.000 0.258
1471.000 0.262
1472.000 0.259
1473.000 0.258
1474.000 0.255
1475.000 0.256
1476.000 0.256
1477.000 0.258
1478.000 0.259
1479.000 0.260
1480.000 0.263
1481.000 0.265
1482.000 0.269
1483.000 0.271
1484.000 0.273
1485.000 0.275
1486.000 0.274
1487.000 0.276
1488.000 0.276
1489.000 0.278
1490.000 0.280
1491.000 0.281
1492.000 0.284
1493.000 0.286
1494.000 0.285
1495.000 0.287
1496.000 0.287
1497.000 0.289
1498.000 0.294
1499.000 0.297
1500.000 0.301
1501.000 0.302
1502.000 0.302
1503.000 0.303
1504.000 0.304
1505.000 0.305
1506.000 0.306
1507.000 0.305
1508.000 0.306
1509.000 0.306
1510.000 0.309
1511.000 0.313
1512.000 0.315
1513.000 0.318
1514.000 0.320
1515.000 0.321
1516.000 0.323
1517.000 0.326
1518.000 0.328
1519.000 0.328
1520.000 0.330
1521.000 0.334
1522.000 0.336
1523.000 0.338
1524.000 0.340
1525.000 0.341
1526.000 0.342
1527.000 0.344
1528.000 0.346
1529.000 0.347
1530.000 0.349
1531.000 0.351
1532.000 0.354
1533.000 0.356
1534.000 0.359
1535.000 0.361
1536.000 0.363
1537.000 0.364
1538.000 0.366
1539.000 0.367
1540.000 0.370
1541.000 0.373
1542.000 0.375
1543.000 0.376
1544.000 0.378
1545.000 0.380
1546.000 0.381
1547.000 0.381
1548.000 0.383
1549.000 0.384
1550.000 0.385
1551.000 0.388
1552.000 0.389
1553.000 0.390
1554.000 0.391
1555.000 0.392
1556.000 0.393
1557.000 0.396
1558.000 0.397
1559.000 0.398
1560.000 0.399
1561.000 0.400
1562.000 0.401
1563.000 0.403
1564.000 0.405
1565.000 0.406
1566.000 0.407
1567.000 0.407
1568.000 0.409
1569.000 0.411
1570.000 0.412
1571.000 0.415
1572.000 0.418
1573.000 0.420
1574.000 0.422
1575.000 0.424
1576.000 0.426
1577.000 0.426
1578.000 0.427
1579.000 0.429
1580.000 0.431
1581.000 0.433
1582.000 0.435
1583.000 0.437
1584.000 0.438
1585.000 0.437
1586.000 0.437
1587.000 0.438
1588.000 0.439
1589.000 0.442
1590.000 0.443
1591.000 0.444
1592.000 0.445
1593.000 0.444
1594.000 0.444
1595.000 0.444
1596.000 0.444
1597.000 0.446
1598.000 0.447
1599.000 0.449
1600.000 0.451
1601.000 0.453
1602.000 0.454
1603.000 0.455
1604.000 0.455
1605.000 0.455
1606.000 0.455
1607.000 0.455
1608.000 0.456
1609.000 0.459
1610.000 0.461
1611.000 0.461
1612.000 0.463
1613.000 0.464
1614.000 0.465
1615.000 0.466
1616.000 0.468
1617.000 0.468
1618.000 0.469
1619.000 0.470
1620.000 0.471
1621.000 0.471
1622.000 0.471
1623.000 0.471
1624.000 0.470
1625.000 0.472
1626.000 0.472
1627.000 0.474
1628.000 0.475
1629.000 0.474
1630.000 0.475
1631.000 0.475
1632.000 0.475
1633.000 0.476
1634.000 0.477
1635.000 0.478
1636.000 0.480
1637.000 0.482
1638.000 0.483
1639.000 0.485
1640.000 0.485
1641.000 0.485
1642.000 0.484
1643.000 0.483
1644.000 0.482
1645.000 0.483
1646.000 0.484
1647.000 0.485
1648.000 0.485
1649.000 0.485
1650.000 0.486
1651.000 0.487
1652.000 0.489
1653.000 0.491
1654.000 0.491
1655.000 0.491
1656.000 0.490
1657.000 0.488
1658.000 0.487
1659.000 0.487
1660.000 0.487
1661.000 0.489
1662.000 0.489
1663.000 0.489
1664.000 0.490
1665.000 0.491
1666.000 0.492
1667.000 0.492
1668.000 0.492
1669.000 0.492
1670.000 0.493
1671.000 0.494
1672.000 0.495
1673.000 0.496
1674.000 0.496
1675.000 0.494
1676.000 0.494
1677.000 0.494
1678.000 0.495
1679.000 0.496
1680.000 0.497
1681.000 0.499
1682.000 0.500
1683.000 0.500
1684.000 0.500
1685.000 0.500
1686.000 0.500
1687.000 0.500
1688.000 0.500
1689.000 0.501
1690.000 0.501
1691.000 0.500
1692.000 0.499
1693.000 0.497
1694.000 0.495
1695.000 0.494
1696.000 0.494
1697.000 0.495
1698.000 0.496
1699.000 0.496
1700.000 0.496
1701.000 0.494
1702.000 0.495
1703.000 0.495
1704.000 0.496
1705.000 0.499
1706.000 0.500
1707.000 0.499
1708.000 0.499
1709.000 0.499
1710.000 0.497
1711.000 0.497
1712.000 0.494
1713.000 0.493
1714.000 0.493
1715.000 0.492
1716.000 0.493
1717.000 0.494
1718.000 0.493
1719.000 0.493
1720.000 0.493
1721.000 0.491
1722.000 0.490
1723.000 0.489
1724.000 0.487
1725.000 0.486
1726.000 0.485
1727.000 0.487
1728.000 0.489
1729.000 0.488
1730.000 0.487
1731.000 0.485
1732.000 0.483
1733.000 0.484
1734.000 0.484
1735.000 0.484
1736.000 0.480
1737.000 0.478
1738.000 0.479
1739.000 0.478
1740.000 0.475
1741.000 0.473
1742.000 0.466
1743.000 0.463
1744.000 0.465
1745.000 0.466
1746.000 0.468
1747.000 0.469
1748.000 0.468
1749.000 0.467
1750.000 0.464
1751.000 0.462
1752.000 0.459
1753.000 0.458
1754.000 0.458
1755.000 0.458
1756.000 0.459
1757.000 0.457
1758.000 0.455
1759.000 0.453
1760.000 0.450
1761.000 0.449
1762.000 0.448
1763.000 0.447
1764.000 0.447
1765.000 0.449
1766.000 0.451
1767.000 0.449
1768.000 0.447
1769.000 0.441
1770.000 0.437
1771.000 0.435
1772.000 0.433
1773.000 0.432
1774.000 0.433
1775.000 0.434
1776.000 0.436
1777.000 0.437
1778.000 0.436
1779.000 0.436
1780.000 0.434
1781.000 0.431
1782.000 0.430
1783.000 0.428
1784.000 0.429
1785.000 0.434
1786.000 0.439
1787.000 0.445
1788.000 0.447
1789.000 0.442
1790.000 0.441
1791.000 0.438
1792.000 0.443
1793.000 0.443
1794.000 0.443
1795.000 0.438
1796.000 0.426
1797.000 0.425
1798.000 0.418
1799.000 0.407
1800.000 0.417
1801.000 0.503
1802.000 0.518
1803.000 0.540
1804.000 0.551
1805.000 0.562
1806.000 0.558
1807.000 0.560
1808.000 0.525
1809.000 0.527
1810.000 0.584
1811.000 0.601
1812.000 0.594
1813.000 0.576
1814.000 0.593
1815.000 0.501
1816.000 0.479
1817.000 0.544
1818.000 0.486
1819.000 0.541
1820.000 0.581
1821.000 0.634
1822.000 0.734
1823.000 0.610
1824.000 0.529
1825.000 0.611
1826.000 0.652
1827.000 0.684
1828.000 0.734
1829.000 0.720
1830.000 0.568
1831.000 0.525
1832.000 0.547
1833.000 0.497
1834.000 0.687
1835.000 0.563
1836.000 0.783
1837.000 0.475
1838.000 0.473
1839.000 0.424
1840.000 0.338
1841.000 0.276
1842.000 0.361
1843.000 0.525
1844.000 0.207
1845.000 0.534
1846.000 0.330
1847.000 0.496
1848.000 0.343
1849.000 0.457
1850.000 0.537
1851.000 0.352
1852.000 0.722
1853.000 0.636
1854.000 0.580
1855.000 0.545
1856.000 0.466
1857.000 0.434
1858.000 0.442
1859.000 0.462
1860.000 0.562
1861.000 0.565
1862.000 0.502
1863.000 0.534
1864.000 0.364
1865.000 0.364
1866.000 0.359
1867.000 0.273
1868.000 0.346
1869.000 0.500
1870.000 0.563
1871.000 0.601
1872.000 0.636
1873.000 0.567
1874.000 0.724
1875.000 0.616
1876.000 0.697
1877.000 0.631
1878.000 0.622
1879.000 0.563
1880.000 0.640
1881.000 0.527
1882.000 0.588
1883.000 0.460
1884.000 0.577
1885.000 0.563
1886.000 0.394
1887.000 0.744
1888.000 0.668
1889.000 0.593
1890.000 0.590
1891.000 0.620
1892.000 0.635
1893.000 0.804
1894.000 0.759
1895.000 0.708
1896.000 0.399
1897.000 0.429
1898.000 0.491
1899.000 0.186
1900.000 0.589
1901.000 0.650
1902.000 0.427
1903.000 0.359
1904.000 0.702
1905.000 0.461
1906.000 0.569
1907.000 0.415
1908.000 0.579
1909.000 0.435
1910.000 0.492
1911.000 0.435
1912.000 0.407
1913.000 0.391
1914.000 0.346
1915.000 0.635
1916.000 0.585
1917.000 0.385
1918.000 0.610
1919.000 0.384
1920.000 0.393
1921.000 0.409
1922.000 0.269
1923.000 0.456
1924.000 0.341
1925.000 0.287
1926.000 0.426
1927.000 0.437
1928.000 0.404
1929.000 0.342
1930.000 0.348
1931.000 0.377
1932.000 0.432
1933.000 0.425
1934.000 0.659
1935.000 0.449
1936.000 0.512
1937.000 0.518
1938.000 0.490
1939.000 0.454
1940.000 0.606
1941.000 0.491
1942.000 0.361
1943.000 0.486
1944.000 0.486
1945.000 0.393
1946.000 0.532
1947.000 0.566
1948.000 0.796
1949.000 0.774
1950.000 0.629
1951.000 0.566
1952.000 0.716
1953.000 0.603
1954.000 0.648
1955.000 0.518
1956.000 0.426
1957.000 0.250
1958.000 0.347
1959.000 0.405
1960.000 0.354
1961.000 0.412
1962.000 0.443
1963.000 0.386
1964.000 0.378
1965.000 0.300
1966.000 0.254
1967.000 0.244
1968.000 0.240
1969.000 0.258
1970.000 0.267
1971.000 0.235
1972.000 0.261
1973.000 0.273
1974.000 0.272
1975.000 0.256
1976.000 0.252
1977.000 0.252
1978.000 0.256
1979.000 0.268
1980.000 0.259
1981.000 0.222
1982.000 0.198
1983.000 0.191
1984.000 0.192
1985.000 0.210
1986.000 0.210
1987.000 0.220
1988.000 0.206
1989.000 0.210
1990.000 0.209
1991.000 0.197
1992.000 0.204
1993.000 0.200
1994.000 0.203
1995.000 0.227
1996.000 0.251
1997.000 0.266
1998.000 0.261
1999.000 0.269
2000.000 0.238
2001.000 0.231
2002.000 0.215
2003.000 0.217
2004.000 0.287
2005.000 0.326
2006.000 0.379
2007.000 0.397
2008.000 0.381
2009.000 0.356
2010.000 0.347
2011.000 0.376
2012.000 0.337
2013.000 0.319
2014.000 0.302
2015.000 0.285
2016.000 0.277
2017.000 0.297
2018.000 0.271
2019.000 0.268
2020.000 0.291
2021.000 0.312
2022.000 0.299
2023.000 0.276
2024.000 0.257
2025.000 0.234
2026.000 0.213
2027.000 0.207
2028.000 0.209
2029.000 0.212
2030.000 0.228
2031.000 0.231
2032.000 0.223
2033.000 0.224
2034.000 0.218
2035.000 0.217
2036.000 0.229
2037.000 0.235
2038.000 0.245
2039.000 0.253
2040.000 0.243
2041.000 0.233
2042.000 0.229
2043.000 0.218
2044.000 0.218
2045.000 0.230
2046.000 0.234
2047.000 0.239
2048.000 0.245
2049.000 0.252
2050.000 0.247
2051.000 0.244
2052.000 0.262
2053.000 0.263
2054.000 0.256
2055.000 0.251
2056.000 0.243
2057.000 0.243
2058.000 0.247
2059.000 0.245
2060.000 0.245
2061.000 0.249
2062.000 0.251
2063.000 0.255
2064.000 0.275
2065.000 0.281
2066.000 0.277
2067.000 0.275
2068.000 0.270
2069.000 0.260
2070.000 0.255
2071.000 0.250
2072.000 0.248
2073.000 0.249
2074.000 0.249
2075.000 0.250
2076.000 0.251
2077.000 0.249
2078.000 0.249
2079.000 0.254
2080.000 0.258
2081.000 0.265
2082.000 0.266
2083.000 0.269
2084.000 0.268
2085.000 0.264
2086.000 0.265
2087.000 0.264
2088.000 0.267
2089.000 0.262
2090.000 0.254
2091.000 0.250
2092.000 0.241
2093.000 0.239
2094.000 0.247
2095.000 0.252
2096.000 0.256
2097.000 0.261
2098.000 0.266
2099.000 0.270
2100.000 0.272
2101.000 0.281
2102.000 0.285
2103.000 0.286
2104.000 0.287
2105.000 0.282
2106.000 0.283
2107.000 0.284
2108.000 0.286
2109.000 0.291
2110.000 0.293
2111.000 0.297
2112.000 0.294
2113.000 0.283
2114.000 0.282
2115.000 0.281
2116.000 0.281
2117.000 0.287
2118.000 0.290
2119.000 0.287
2120.000 0.281
2121.000 0.283
2122.000 0.290
2123.000 0.294
2124.000 0.305
2125.000 0.308
2126.000 0.303
2127.000 0.300
2128.000 0.300
2129.000 0.296
2130.000 0.286
2131.000 0.282
2132.000 0.278
2133.000 0.276
2134.000 0.279
2135.000 0.284
2136.000 0.291
2137.000 0.296
2138.000 0.303
2139.000 0.310
2140.000 0.308
2141.000 0.305
2142.000 0.305
2143.000 0.303
2144.000 0.305
2145.000 0.316
2146.000 0.316
2147.000 0.308
2148.000 0.306
2149.000 0.297
2150.000 0.296
2151.000 0.304
2152.000 0.310
2153.000 0.315
2154.000 0.319
2155.000 0.325
2156.000 0.327
2157.000 0.322
2158.000 0.321
2159.000 0.318
2160.000 0.314
2161.000 0.313
2162.000 0.313
2163.000 0.315
2164.000 0.321
2165.000 0.327
2166.000 0.332
2167.000 0.330
2168.000 0.324
2169.000 0.322
2170.000 0.323
2171.000 0.323
2172.000 0.327
2173.000 0.329
2174.000 0.334
2175.000 0.337
2176.000 0.340
2177.000 0.341
2178.000 0.337
2179.000 0.330
2180.000 0.328
2181.000 0.321
2182.000 0.318
2183.000 0.316
2184.000 0.314
2185.000 0.309
2186.000 0.310
2187.000 0.316
2188.000 0.324
2189.000 0.338
2190.000 0.342
2191.000 0.347
2192.000 0.345
2193.000 0.332
2194.000 0.323
2195.000 0.309
2196.000 0.303
2197.000 0.304
2198.000 0.302
2199.000 0.304
2200.000 0.306
2201.000 0.313
2202.000 0.309
2203.000 0.311
2204.000 0.318
2205.000 0.315
2206.000 0.316
2207.000 0.322
2208.000 0.324
2209.000 0.323
2210.000 0.325
2211.000 0.321
2212.000 0.310
2213.000 0.303
2214.000 0.291
2215.000 0.287
2216.000 0.290
2217.000 0.291
2218.000 0.299
2219.000 0.301
2220.000 0.296
2221.000 0.298
2222.000 0.302
2223.000 0.307
2224.000 0.318
2225.000 0.323
2226.000 0.325
2227.000 0.326
2228.000 0.324
2229.000 0.330
2230.000 0.337
2231.000 0.340
2232.000 0.340
2233.000 0.334
2234.000 0.321
2235.000 0.309
2236.000 0.303
2237.000 0.300
2238.000 0.298
2239.000 0.301
2240.000 0.300
2241.000 0.295
2242.000 0.294
2243.000 0.297
2244.000 0.300
2245.000 0.307
2246.000 0.309
2247.000 0.306
2248.000 0.307
2249.000 0.309
2250.000 0.306
2251.000 0.303
2252.000 0.304
2253.000 0.300
2254.000 0.301
2255.000 0.308
2256.000 0.311
2257.000 0.312
2258.000 0.314
2259.000 0.316
2260.000 0.316
2261.000 0.313
2262.000 0.308
2263.000 0.297
2264.000 0.292
2265.000 0.291
2266.000 0.289
2267.000 0.296
2268.000 0.301
2269.000 0.304
2270.000 0.304
2271.000 0.294
2272.000 0.297
2273.000 0.295
2274.000 0.286
2275.000 0.287
2276.000 0.290
2277.000 0.297
2278.000 0.321
2279.000 0.329
2280.000 0.328
2281.000 0.324
2282.000 0.303
2283.000 0.298
2284.000 0.308
2285.000 0.305
2286.000 0.299
2287.000 0.298
2288.000 0.290
2289.000 0.288
2290.000 0.293
2291.000 0.295
2292.000 0.297
2293.000 0.293
2294.000 0.277
2295.000 0.275
2296.000 0.270
2297.000 0.276
2298.000 0.284
2299.000 0.292
2300.000 0.290
2301.000 0.282
2302.000 0.273
2303.000 0.261
2304.000 0.267
2305.000 0.272
2306.000 0.282
2307.000 0.280
2308.000 0.261
2309.000 0.250
2310.000 0.250
2311.000 0.254
2312.000 0.265
2313.000 0.279
2314.000 0.275
2315.000 0.268
2316.000 0.259
2317.000 0.254
2318.000 0.245
2319.000 0.230
2320.000 0.230
2321.000 0.219
2322.000 0.211
2323.000 0.233
2324.000 0.242
2325.000 0.260
2326.000 0.272
2327.000 0.289
2328.000 0.286
2329.000 0.262
2330.000 0.258
2331.000 0.274
2332.000 0.267
2333.000 0.298
2334.000 0.306
2335.000 0.306
2336.000 0.298
2337.000 0.272
2338.000 0.265
2339.000 0.253
2340.000 0.237
2341.000 0.254
2342.000 0.270
2343.000 0.247
2344.000 0.247
2345.000 0.273
2346.000 0.295
2347.000 0.336
2348.000 0.342
2349.000 0.255
2350.000 0.254
2351.000 0.277
2352.000 0.281
2353.000 0.280
2354.000 0.267
2355.000 0.264
2356.000 0.322
2357.000 0.312
2358.000 0.247
2359.000 0.231
2360.000 0.215
2361.000 0.231
2362.000 0.242
2363.000 0.217
2364.000 0.214
2365.000 0.206
2366.000 0.206
2367.000 0.227
2368.000 0.241
2369.000 0.226
2370.000 0.278
2371.000 0.307
2372.000 0.293
2373.000 0.233
2374.000 0.179
2375.000 0.194
2376.000 0.206
2377.000 0.262
2378.000 0.308
2379.000 0.337
2380.000 0.359
2381.000 0.340
2382.000 0.266
2383.000 0.298
2384.000 0.343
2385.000 0.363
2386.000 0.294
2387.000 0.230
2388.000 0.389
2389.000 0.354
2390.000 0.350
2391.000 0.445
2392.000 0.491
2393.000 0.465
2394.000 0.389
2395.000 0.347
2396.000 0.324
2397.000 0.330
2398.000 0.265
2399.000 0.237
2400.000 0.217
2401.000 0.343
2402.000 0.416
2403.000 0.256
2404.000 0.284
2405.000 0.413
2406.000 0.388
2407.000 0.284
2408.000 0.338
2409.000 0.218
2410.000 0.324
2411.000 0.487
2412.000 0.454
2413.000 0.346
2414.000 0.472
2415.000 0.662
2416.000 0.523
2417.000 0.381
2418.000 0.483
2419.000 0.375
2420.000 0.434
2421.000 0.455
2422.000 0.441
2423.000 0.351
2424.000 0.206
2425.000 0.256
2426.000 0.252
2427.000 0.320
2428.000 0.260
2429.000 0.228
2430.000 0.238
2431.000 0.324
2432.000 0.243
2433.000 0.377
2434.000 0.340
2435.000 0.323
2436.000 0.216
2437.000 0.242
2438.000 0.250
2439.000 0.317
2440.000 0.396
2441.000 0.624
2442.000 0.367
2443.000 0.096
2444.000 0.540
2445.000 0.375
2446.000 0.398
2447.000 0.345
2448.000 0.396
2449.000 0.495
2450.000 0.382
2451.000 0.254
2452.000 0.137
2453.000 0.211
2454.000 0.256
2455.000 0.371
2456.000 0.369
2457.000 0.378
2458.000 0.289
2459.000 0.407
2460.000 0.514
2461.000 0.553
2462.000 0.597
2463.000 0.485
2464.000 0.441
2465.000 0.503
2466.000 0.445
2467.000 0.354
2468.000 0.311
2469.000 0.298
2470.000 0.329
2471.000 0.358
2472.000 0.313
2473.000 0.314
2474.000 0.490
2475.000 0.436
2476.000 0.334
2477.000 0.322
2478.000 0.352
2479.000 0.188
2480.000 0.391
2481.000 0.281
2482.000 0.220
2483.000 0.362
2484.000 0.240
2485.000 0.152
2486.000 0.387
2487.000 0.423
2488.000 0.363
2489.000 0.445
2490.000 0.516
2491.000 0.555
2492.000 0.469
2493.000 0.519
2494.000 0.522
2495.000 0.589
2496.000 0.570
2497.000 0.471
2498.000 0.441
2499.000 0.584
2500.000 0.578
