391.000 0.042
392.000 0.034
393.000 0.025
394.000 0.035
395.000 0.042
396.000 0.040
397.000 0.035
398.000 0.037
399.000 0.032
400.000 0.031
401.000 0.036
402.000 0.036
403.000 0.035
404.000 0.036
405.000 0.035
406.000 0.034
407.000 0.034
408.000 0.035
409.000 0.034
410.000 0.034
411.000 0.035
412.000 0.036
413.000 0.033
414.000 0.033
415.000 0.034
416.000 0.034
417.000 0.036
418.000 0.035
419.000 0.033
420.000 0.034
421.000 0.037
422.000 0.037
423.000 0.035
424.000 0.034
425.000 0.034
426.000 0.036
427.000 0.038
428.000 0.035
429.000 0.032
430.000 0.032
431.000 0.033
432.000 0.034
433.000 0.034
434.000 0.033
435.000 0.034
436.000 0.033
437.000 0.033
438.000 0.034
439.000 0.036
440.000 0.034
441.000 0.033
442.000 0.035
443.000 0.034
444.000 0.034
445.000 0.035
446.000 0.034
447.000 0.033
448.000 0.034
449.000 0.037
450.000 0.036
451.000 0.034
452.000 0.034
453.000 0.036
454.000 0.035
455.000 0.034
456.000 0.034
457.000 0.036
458.000 0.037
459.000 0.036
460.000 0.034
461.000 0.033
462.000 0.034
463.000 0.034
464.000 0.033
465.000 0.035
466.000 0.036
467.000 0.033
468.000 0.034
469.000 0.035
470.000 0.035
471.000 0.035
472.000 0.036
473.000 0.035
474.000 0.034
475.000 0.033
476.000 0.035
477.000 0.037
478.000 0.038
479.000 0.037
480.000 0.037
481.000 0.036
482.000 0.034
483.000 0.035
484.000 0.037
485.000 0.037
486.000 0.035
487.000 0.034
488.000 0.035
489.000 0.040
490.000 0.036
491.000 0.034
492.000 0.035
493.000 0.038
494.000 0.038
495.000 0.037
496.000 0.038
497.000 0.038
498.000 0.040
499.000 0.042
500.000 0.042
501.000 0.039
502.000 0.039
503.000 0.042
504.000 0.045
505.000 0.044
506.000 0.043
507.000 0.046
508.000 0.048
509.000 0.048
510.000 0.049
511.000 0.051
512.000 0.051
513.000 0.052
514.000 0.054
515.000 0.057
516.000 0.058
517.000 0.059
518.000 0.061
519.000 0.065
520.000 0.070
521.000 0.073
522.000 0.075
523.000 0.077
524.000 0.079
525.000 0.080
526.000 0.086
527.000 0.089
528.000 0.091
529.000 0.092
530.000 0.095
531.000 0.098
532.000 0.100
533.000 0.102
534.000 0.103
535.000 0.104
536.000 0.105
537.000 0.107
538.000 0.108
539.000 0.108
540.000 0.108
541.000 0.109
542.000 0.111
543.000 0.111
544.000 0.111
545.000 0.111
546.000 0.111
547.000 0.111
548.000 0.113
549.000 0.113
550.000 0.113
551.000 0.112
552.000 0.112
553.000 0.113
554.000 0.115
555.000 0.114
556.000 0.112
557.000 0.111
558.000 0.111
559.000 0.109
560.000 0.108
561.000 0.107
562.000 0.106
563.000 0.105
564.000 0.103
565.000 0.102
566.000 0.100
567.000 0.098
568.000 0.096
569.000 0.094
570.000 0.091
571.000 0.089
572.000 0.089
573.000 0.087
574.000 0.085
575.000 0.084
576.000 0.083
577.000 0.081
578.000 0.079
579.000 0.079
580.000 0.079
581.000 0.076
582.000 0.073
583.000 0.074
584.000 0.075
585.000 0.075
586.000 0.073
587.000 0.071
588.000 0.071
589.000 0.070
590.000 0.069
591.000 0.068
592.000 0.068
593.000 0.068
594.000 0.068
595.000 0.068
596.000 0.066
597.000 0.066
598.000 0.066
599.000 0.065
600.000 0.066
601.000 0.065
602.000 0.067
603.000 0.066
604.000 0.065
605.000 0.064
606.000 0.063
607.000 0.062
608.000 0.062
609.000 0.063
610.000 0.063
611.000 0.062
612.000 0.062
613.000 0.062
614.000 0.060
615.000 0.059
616.000 0.058
617.000 0.058
618.000 0.059
619.000 0.059
620.000 0.058
621.000 0.059
622.000 0.059
623.000 0.056
624.000 0.056
625.000 0.057
626.000 0.057
627.000 0.057
628.000 0.057
629.000 0.058
630.000 0.058
631.000 0.057
632.000 0.056
633.000 0.056
634.000 0.057
635.000 0.058
636.000 0.057
637.000 0.053
638.000 0.054
639.000 0.055
640.000 0.055
641.000 0.053
642.000 0.051
643.000 0.050
644.000 0.049
645.000 0.052
646.000 0.051
647.000 0.049
648.000 0.050
649.000 0.048
650.000 0.048
651.000 0.050
652.000 0.050
653.000 0.049
654.000 0.050
655.000 0.051
656.000 0.049
657.000 0.048
658.000 0.049
659.000 0.048
660.000 0.050
661.000 0.048
662.000 0.045
663.000 0.048
664.000 0.050
665.000 0.050
666.000 0.049
667.000 0.050
668.000 0.050
669.000 0.049
670.000 0.050
671.000 0.051
672.000 0.051
673.000 0.052
674.000 0.052
675.000 0.053
676.000 0.054
677.000 0.057
678.000 0.055
679.000 0.057
680.000 0.062
681.000 0.063
682.000 0.059
683.000 0.056
684.000 0.060
685.000 0.063
686.000 0.065
687.000 0.066
688.000 0.070
689.000 0.073
690.000 0.074
691.000 0.073
692.000 0.075
693.000 0.079
694.000 0.084
695.000 0.088
696.000 0.095
697.000 0.103
698.000 0.111
699.000 0.119
700.000 0.127
701.000 0.136
702.000 0.146
703.000 0.156
704.000 0.166
705.000 0.177
706.000 0.188
707.000 0.198
708.000 0.209
709.000 0.221
710.000 0.232
711.000 0.242
712.000 0.253
713.000 0.266
714.000 0.278
715.000 0.290
716.000 0.302
717.000 0.315
718.000 0.329
719.000 0.343
720.000 0.357
721.000 0.371
722.000 0.383
723.000 0.395
724.000 0.409
725.000 0.423
726.000 0.436
727.000 0.449
728.000 0.461
729.000 0.473
730.000 0.485
731.000 0.496
732.000 0.508
733.000 0.518
734.000 0.528
735.000 0.537
736.000 0.546
737.000 0.555
738.000 0.563
739.000 0.571
740.000 0.578
741.000 0.585
742.000 0.591
743.000 0.597
744.000 0.603
745.000 0.607
746.000 0.612
747.000 0.617
748.000 0.621
749.000 0.625
750.000 0.628
751.000 0.631
752.000 0.634
753.000 0.636
754.000 0.639
755.000 0.642
756.000 0.643
757.000 0.645
758.000 0.646
759.000 0.648
760.000 0.650
761.000 0.653
762.000 0.654
763.000 0.655
764.000 0.655
765.000 0.657
766.000 0.657
767.000 0.657
768.000 0.658
769.000 0.658
770.000 0.659
771.000 0.660
772.000 0.661
773.000 0.661
774.000 0.662
775.000 0.662
776.000 0.663
777.000 0.663
778.000 0.664
779.000 0.664
780.000 0.665
781.000 0.665
782.000 0.666
783.000 0.667
784.000 0.667
785.000 0.668
786.000 0.668
787.000 0.669
788.000 0.669
789.000 0.670
790.000 0.670
791.000 0.671
792.000 0.671
793.000 0.672
794.000 0.672
795.000 0.673
796.000 0.673
797.000 0.673
798.000 0.674
799.000 0.675
800.000 0.675
801.000 0.675
802.000 0.676
803.000 0.676
804.000 0.677
805.000 0.678
806.000 0.678
807.000 0.678
808.000 0.679
809.000 0.680
810.000 0.680
811.000 0.680
812.000 0.681
813.000 0.682
814.000 0.682
815.000 0.683
816.000 0.683
817.000 0.684
818.000 0.685
819.000 0.685
820.000 0.685
821.000 0.686
822.000 0.686
823.000 0.686
824.000 0.687
825.000 0.688
826.000 0.688
827.000 0.688
828.000 0.689
829.000 0.689
830.000 0.689
831.000 0.690
832.000 0.690
833.000 0.691
834.000 0.691
835.000 0.692
836.000 0.692
837.000 0.692
838.000 0.693
839.000 0.694
840.000 0.695
841.000 0.695
842.000 0.694
843.000 0.695
844.000 0.696
845.000 0.696
846.000 0.697
847.000 0.697
848.000 0.697
849.000 0.698
850.000 0.698
851.000 0.699
852.000 0.699
853.000 0.700
854.000 0.700
855.000 0.700
856.000 0.701
857.000 0.701
858.000 0.702
859.000 0.702
860.000 0.703
861.000 0.703
862.000 0.703
863.000 0.704
864.000 0.704
865.000 0.705
866.000 0.705
867.000 0.705
868.000 0.706
869.000 0.706
870.000 0.706
871.000 0.707
872.000 0.707
873.000 0.708
874.000 0.708
875.000 0.709
876.000 0.709
877.000 0.709
878.000 0.710
879.000 0.710
880.000 0.711
881.000 0.711
882.000 0.711
883.000 0.712
884.000 0.712
885.000 0.712
886.000 0.713
887.000 0.714
888.000 0.714
889.000 0.714
890.000 0.715
891.000 0.715
892.000 0.716
893.000 0.717
894.000 0.717
895.000 0.717
896.000 0.717
897.000 0.718
898.000 0.719
899.000 0.719
900.000 0.720
901.000 0.720
902.000 0.720
903.000 0.721
904.000 0.721
905.000 0.721
906.000 0.722
907.000 0.722
908.000 0.722
909.000 0.722
910.000 0.723
911.000 0.724
912.000 0.723
913.000 0.723
914.000 0.724
915.000 0.724
916.000 0.725
917.000 0.725
918.000 0.725
919.000 0.726
920.000 0.727
921.000 0.727
922.000 0.727
923.000 0.726
924.000 0.727
925.000 0.727
926.000 0.727
927.000 0.727
928.000 0.727
929.000 0.727
930.000 0.727
931.000 0.726
932.000 0.725
933.000 0.724
934.000 0.723
935.000 0.724
936.000 0.723
937.000 0.724
938.000 0.725
939.000 0.724
940.000 0.724
941.000 0.722
942.000 0.722
943.000 0.723
944.000 0.720
945.000 0.721
946.000 0.721
947.000 0.720
948.000 0.720
949.000 0.719
950.000 0.717
951.000 0.716
952.000 0.716
953.000 0.715
954.000 0.715
955.000 0.714
956.000 0.713
957.000 0.712
958.000 0.711
959.000 0.711
960.000 0.711
961.000 0.710
962.000 0.710
963.000 0.709
964.000 0.708
965.000 0.709
966.000 0.710
967.000 0.710
968.000 0.708
969.000 0.708
970.000 0.709
971.000 0.709
972.000 0.709
973.000 0.708
974.000 0.708
975.000 0.708
976.000 0.706
977.000 0.708
978.000 0.710
979.000 0.708
980.000 0.709
981.000 0.710
982.000 0.711
983.000 0.711
984.000 0.710
985.000 0.712
986.000 0.713
987.000 0.713
988.000 0.713
989.000 0.713
990.000 0.715
991.000 0.716
992.000 0.715
993.000 0.715
994.000 0.717
995.000 0.717
996.000 0.718
997.000 0.718
998.000 0.718
999.000 0.719
1000.000 0.720
1001.000 0.720
1002.000 0.721
1003.000 0.723
1004.000 0.724
1005.000 0.725
1006.000 0.724
1007.000 0.724
1008.000 0.724
1009.000 0.725
1010.000 0.727
1011.000 0.727
1012.000 0.727
1013.000 0.728
1014.000 0.728
1015.000 0.729
1016.000 0.732
1017.000 0.733
1018.000 0.734
1019.000 0.734
1020.000 0.735
1021.000 0.736
1022.000 0.736
1023.000 0.737
1024.000 0.737
1025.000 0.737
1026.000 0.738
1027.000 0.739
1028.000 0.740
1029.000 0.741
1030.000 0.741
1031.000 0.741
1032.000 0.743
1033.000 0.743
1034.000 0.743
1035.000 0.744
1036.000 0.745
1037.000 0.745
1038.000 0.745
1039.000 0.746
1040.000 0.746
1041.000 0.748
1042.000 0.749
1043.000 0.749
1044.000 0.750
1045.000 0.750
1046.000 0.751
1047.000 0.752
1048.000 0.753
1049.000 0.753
1050.000 0.753
1051.000 0.753
1052.000 0.753
1053.000 0.753
1054.000 0.754
1055.000 0.754
1056.000 0.755
1057.000 0.756
1058.000 0.755
1059.000 0.755
1060.000 0.755
1061.000 0.755
1062.000 0.755
1063.000 0.755
1064.000 0.755
1065.000 0.756
1066.000 0.757
1067.000 0.757
1068.000 0.756
1069.000 0.757
1070.000 0.757
1071.000 0.757
1072.000 0.757
1073.000 0.758
1074.000 0.757
1075.000 0.757
1076.000 0.758
1077.000 0.757
1078.000 0.758
1079.000 0.759
1080.000 0.759
1081.000 0.759
1082.000 0.759
1083.000 0.758
1084.000 0.758
1085.000 0.759
1086.000 0.759
1087.000 0.759
1088.000 0.759
1089.000 0.759
1090.000 0.759
1091.000 0.758
1092.000 0.759
1093.000 0.759
1094.000 0.759
1095.000 0.759
1096.000 0.759
1097.000 0.757
1098.000 0.757
1099.000 0.757
1100.000 0.758
1101.000 0.759
1102.000 0.759
1103.000 0.758
1104.000 0.758
1105.000 0.758
1106.000 0.758
1107.000 0.757
1108.000 0.756
1109.000 0.756
1110.000 0.755
1111.000 0.756
1112.000 0.757
1113.000 0.758
1114.000 0.759
1115.000 0.760
1116.000 0.759
1117.000 0.757
1118.000 0.754
1119.000 0.752
1120.000 0.750
1121.000 0.751
1122.000 0.753
1123.000 0.753
1124.000 0.753
1125.000 0.753
1126.000 0.752
1127.000 0.750
1128.000 0.748
1129.000 0.745
1130.000 0.743
1131.000 0.741
1132.000 0.740
1133.000 0.739
1134.000 0.739
1135.000 0.737
1136.000 0.734
1137.000 0.733
1138.000 0.734
1139.000 0.731
1140.000 0.730
1141.000 0.731
1142.000 0.729
1143.000 0.725
1144.000 0.722
1145.000 0.717
1146.000 0.715
1147.000 0.712
1148.000 0.709
1149.000 0.707
1150.000 0.705
1151.000 0.701
1152.000 0.700
1153.000 0.699
1154.000 0.698
1155.000 0.697
1156.000 0.698
1157.000 0.697
1158.000 0.696
1159.000 0.696
1160.000 0.695
1161.000 0.695
1162.000 0.695
1163.000 0.694
1164.000 0.694
1165.000 0.694
1166.000 0.693
1167.000 0.693
1168.000 0.692
1169.000 0.692
1170.000 0.691
1171.000 0.690
1172.000 0.690
1173.000 0.690
1174.000 0.690
1175.000 0.690
1176.000 0.691
1177.000 0.691
1178.000 0.691
1179.000 0.691
1180.000 0.691
1181.000 0.690
1182.000 0.691
1183.000 0.690
1184.000 0.690
1185.000 0.690
1186.000 0.691
1187.000 0.690
1188.000 0.690
1189.000 0.689
1190.000 0.689
1191.000 0.689
1192.000 0.689
1193.000 0.689
1194.000 0.689
1195.000 0.689
1196.000 0.689
1197.000 0.688
1198.000 0.688
1199.000 0.688
1200.000 0.688
1201.000 0.688
1202.000 0.688
1203.000 0.688
1204.000 0.689
1205.000 0.689
1206.000 0.689
1207.000 0.689
1208.000 0.690
1209.000 0.690
1210.000 0.690
1211.000 0.691
1212.000 0.692
1213.000 0.692
1214.000 0.692
1215.000 0.693
1216.000 0.693
1217.000 0.692
1218.000 0.693
1219.000 0.693
1220.000 0.694
1221.000 0.696
1222.000 0.696
1223.000 0.696
1224.000 0.696
1225.000 0.696
1226.000 0.696
1227.000 0.697
1228.000 0.697
1229.000 0.698
1230.000 0.698
1231.000 0.698
1232.000 0.699
1233.000 0.699
1234.000 0.698
1235.000 0.698
1236.000 0.699
1237.000 0.700
1238.000 0.700
1239.000 0.701
1240.000 0.701
1241.000 0.701
1242.000 0.702
1243.000 0.702
1244.000 0.702
1245.000 0.703
1246.000 0.703
1247.000 0.704
1248.000 0.705
1249.000 0.705
1250.000 0.705
1251.000 0.705
1252.000 0.705
1253.000 0.706
1254.000 0.706
1255.000 0.707
1256.000 0.707
1257.000 0.708
1258.000 0.708
1259.000 0.708
1260.000 0.708
1261.000 0.709
1262.000 0.710
1263.000 0.710
1264.000 0.710
1265.000 0.710
1266.000 0.710
1267.000 0.711
1268.000 0.711
1269.000 0.711
1270.000 0.711
1271.000 0.711
1272.000 0.711
1273.000 0.711
1274.000 0.711
1275.000 0.711
1276.000 0.711
1277.000 0.712
1278.000 0.712
1279.000 0.713
1280.000 0.713
1281.000 0.713
1282.000 0.713
1283.000 0.713
1284.000 0.712
1285.000 0.712
1286.000 0.711
1287.000 0.711
1288.000 0.709
1289.000 0.709
1290.000 0.707
1291.000 0.706
1292.000 0.706
1293.000 0.705
1294.000 0.704
1295.000 0.704
1296.000 0.703
1297.000 0.702
1298.000 0.702
1299.000 0.700
1300.000 0.699
1301.000 0.698
1302.000 0.697
1303.000 0.696
1304.000 0.695
1305.000 0.693
1306.000 0.692
1307.000 0.690
1308.000 0.688
1309.000 0.687
1310.000 0.686
1311.000 0.685
1312.000 0.684
1313.000 0.682
1314.000 0.681
1315.000 0.678
1316.000 0.676
1317.000 0.675
1318.000 0.673
1319.000 0.671
1320.000 0.669
1321.000 0.666
1322.000 0.664
1323.000 0.662
1324.000 0.659
1325.000 0.657
1326.000 0.654
1327.000 0.652
1328.000 0.650
1329.000 0.647
1330.000 0.644
1331.000 0.641
1332.000 0.638
1333.000 0.635
1334.000 0.632
1335.000 0.629
1336.000 0.628
1337.000 0.626
1338.000 0.623
1339.000 0.620
1340.000 0.618
1341.000 0.616
1342.000 0.615
1343.000 0.614
1344.000 0.613
1345.000 0.612
1346.000 0.612
1347.000 0.610
1348.000 0.608
1349.000 0.603
1350.000 0.600
1351.000 0.597
1352.000 0.591
1353.000 0.590
1354.000 0.583
1355.000 0.573
1356.000 0.562
1357.000 0.554
1358.000 0.570
1359.000 0.598
1360.000 0.625
1361.000 0.551
1362.000 0.621
1363.000 0.585
1364.000 0.578
1365.000 0.472
1366.000 0.534
1367.000 0.239
1368.000 0.275
1369.000 0.263
1370.000 0.316
1371.000 0.330
1372.000 0.124
1373.000 0.252
1374.000 0.398
1375.000 0.595
1376.000 0.574
1377.000 0.433
1378.000 0.331
1379.000 0.619
1380.000 0.748
1381.000 0.715
1382.000 0.574
1383.000 0.529
1384.000 0.455
1385.000 0.559
1386.000 0.430
1387.000 0.423
1388.000 0.426
1389.000 0.431
1390.000 0.329
1391.000 0.471
1392.000 0.354
1393.000 0.364
1394.000 0.455
1395.000 0.444
1396.000 0.514
1397.000 0.464
1398.000 0.519
1399.000 0.481
1400.000 0.306
1401.000 0.267
1402.000 0.308
1403.000 0.364
1404.000 0.377
1405.000 0.433
1406.000 0.322
1407.000 0.363
1408.000 0.368
1409.000 0.367
1410.000 0.360
1411.000 0.345
1412.000 0.320
1413.000 0.290
1414.000 0.273
1415.000 0.280
1416.000 0.262
1417.000 0.300
1418.000 0.304
1419.000 0.266
1420.000 0.285
1421.000 0.256
1422.000 0.247
1423.000 0.228
1424.000 0.224
1425.000 0.209
1426.000 0.200
1427.000 0.191
1428.000 0.191
1429.000 0.186
1430.000 0.186
1431.000 0.204
1432.000 0.208
1433.000 0.194
1434.000 0.189
1435.000 0.182
1436.000 0.185
1437.000 0.194
1438.000 0.199
1439.000 0.209
1440.000 0.210
1441.000 0.207
1442.000 0.203
1443.000 0.193
1444.000 0.189
1445.000 0.192
1446.000 0.190
1447.000 0.187
1448.000 0.185
1449.000 0.180
1450.000 0.178
1451.000 0.186
1452.000 0.193
1453.000 0.194
1454.000 0.197
1455.000 0.197
1456.000 0.189
1457.000 0.188
1458.000 0.188
1459.000 0.187
1460.000 0.186
1461.000 0.186
1462.000 0.186
1463.000 0.187
1464.000 0.190
1465.000 0.191
1466.000 0.191
1467.000 0.194
1468.000 0.200
1469.000 0.203
1470.000 0.209
1471.000 0.210
1472.000 0.206
1473.000 0.202
1474.000 0.199
1475.000 0.197
1476.000 0.193
1477.000 0.194
1478.000 0.200
1479.000 0.204
1480.000 0.212
1481.000 0.218
1482.000 0.223
1483.000 0.225
1484.000 0.223
1485.000 0.224
1486.000 0.223
1487.000 0.223
1488.000 0.226
1489.000 0.228
1490.000 0.229
1491.000 0.229
1492.000 0.231
1493.000 0.232
1494.000 0.232
1495.000 0.234
1496.000 0.236
1497.000 0.238
1498.000 0.241
1499.000 0.243
1500.000 0.246
1501.000 0.246
1502.000 0.247
1503.000 0.248
1504.000 0.251
1505.000 0.254
1506.000 0.255
1507.000 0.255
1508.000 0.255
1509.000 0.254
1510.000 0.257
1511.000 0.261
1512.000 0.265
1513.000 0.269
1514.000 0.271
1515.000 0.272
1516.000 0.273
1517.000 0.275
1518.000 0.277
1519.000 0.279
1520.000 0.281
1521.000 0.284
1522.000 0.286
1523.000 0.288
1524.000 0.290
1525.000 0.292
1526.000 0.294
1527.000 0.296
1528.000 0.298
1529.000 0.298
1530.000 0.300
1531.000 0.302
1532.000 0.305
1533.000 0.310
1534.000 0.313
1535.000 0.316
1536.000 0.319
1537.000 0.319
1538.000 0.320
1539.000 0.320
1540.000 0.321
1541.000 0.324
1542.000 0.325
1543.000 0.329
1544.000 0.331
1545.000 0.333
1546.000 0.335
1547.000 0.335
1548.000 0.337
1549.000 0.338
1550.000 0.340
1551.000 0.343
1552.000 0.344
1553.000 0.344
1554.000 0.345
1555.000 0.347
1556.000 0.348
1557.000 0.352
1558.000 0.354
1559.000 0.356
1560.000 0.357
1561.000 0.358
1562.000 0.359
1563.000 0.362
1564.000 0.364
1565.000 0.365
1566.000 0.366
1567.000 0.368
1568.000 0.370
1569.000 0.372
1570.000 0.373
1571.000 0.373
1572.000 0.375
1573.000 0.377
1574.000 0.379
1575.000 0.383
1576.000 0.386
1577.000 0.386
1578.000 0.388
1579.000 0.391
1580.000 0.393
1581.000 0.394
1582.000 0.396
1583.000 0.398
1584.000 0.399
1585.000 0.400
1586.000 0.401
1587.000 0.400
1588.000 0.401
1589.000 0.403
1590.000 0.405
1591.000 0.406
1592.000 0.407
1593.000 0.407
1594.000 0.407
1595.000 0.407
1596.000 0.408
1597.000 0.410
1598.000 0.412
1599.000 0.413
1600.000 0.415
1601.000 0.415
1602.000 0.416
1603.000 0.418
1604.000 0.419
1605.000 0.418
1606.000 0.419
1607.000 0.419
1608.000 0.420
1609.000 0.424
1610.000 0.426
1611.000 0.425
1612.000 0.427
1613.000 0.427
1614.000 0.427
1615.000 0.430
1616.000 0.432
1617.000 0.434
1618.000 0.436
1619.000 0.439
1620.000 0.440
1621.000 0.439
1622.000 0.439
1623.000 0.437
1624.000 0.436
1625.000 0.439
1626.000 0.439
1627.000 0.440
1628.000 0.440
1629.000 0.439
1630.000 0.439
1631.000 0.441
1632.000 0.442
1633.000 0.445
1634.000 0.446
1635.000 0.446
1636.000 0.448
1637.000 0.448
1638.000 0.449
1639.000 0.451
1640.000 0.452
1641.000 0.451
1642.000 0.450
1643.000 0.449
1644.000 0.449
1645.000 0.450
1646.000 0.451
1647.000 0.451
1648.000 0.452
1649.000 0.453
1650.000 0.454
1651.000 0.454
1652.000 0.455
1653.000 0.456
1654.000 0.456
1655.000 0.457
1656.000 0.457
1657.000 0.457
1658.000 0.456
1659.000 0.457
1660.000 0.457
1661.000 0.457
1662.000 0.458
1663.000 0.460
1664.000 0.460
1665.000 0.460
1666.000 0.460
1667.000 0.458
1668.000 0.457
1669.000 0.457
1670.000 0.458
1671.000 0.460
1672.000 0.461
1673.000 0.462
1674.000 0.462
1675.000 0.461
1676.000 0.462
1677.000 0.462
1678.000 0.462
1679.000 0.462
1680.000 0.462
1681.000 0.465
1682.000 0.466
1683.000 0.467
1684.000 0.466
1685.000 0.464
1686.000 0.463
1687.000 0.462
1688.000 0.462
1689.000 0.462
1690.000 0.461
1691.000 0.460
1692.000 0.460
1693.000 0.458
1694.000 0.458
1695.000 0.459
1696.000 0.459
1697.000 0.461
1698.000 0.461
1699.000 0.460
1700.000 0.459
1701.000 0.456
1702.000 0.457
1703.000 0.459
1704.000 0.460
1705.000 0.463
1706.000 0.463
1707.000 0.463
1708.000 0.462
1709.000 0.461
1710.000 0.459
1711.000 0.458
1712.000 0.456
1713.000 0.455
1714.000 0.455
1715.000 0.455
1716.000 0.456
1717.000 0.457
1718.000 0.458
1719.000 0.458
1720.000 0.458
1721.000 0.457
1722.000 0.456
1723.000 0.454
1724.000 0.453
1725.000 0.453
1726.000 0.453
1727.000 0.453
1728.000 0.454
1729.000 0.452
1730.000 0.451
1731.000 0.447
1732.000 0.446
1733.000 0.447
1734.000 0.445
1735.000 0.445
1736.000 0.439
1737.000 0.437
1738.000 0.441
1739.000 0.440
1740.000 0.438
1741.000 0.435
1742.000 0.427
1743.000 0.425
1744.000 0.428
1745.000 0.430
1746.000 0.436
1747.000 0.436
1748.000 0.432
1749.000 0.429
1750.000 0.425
1751.000 0.422
1752.000 0.421
1753.000 0.419
1754.000 0.415
1755.000 0.415
1756.000 0.417
1757.000 0.417
1758.000 0.417
1759.000 0.417
1760.000 0.414
1761.000 0.415
1762.000 0.414
1763.000 0.410
1764.000 0.411
1765.000 0.414
1766.000 0.415
1767.000 0.414
1768.000 0.411
1769.000 0.402
1770.000 0.395
1771.000 0.394
1772.000 0.393
1773.000 0.397
1774.000 0.401
1775.000 0.399
1776.000 0.399
1777.000 0.397
1778.000 0.392
1779.000 0.392
1780.000 0.390
1781.000 0.383
1782.000 0.383
1783.000 0.381
1784.000 0.383
1785.000 0.391
1786.000 0.396
1787.000 0.403
1788.000 0.405
1789.000 0.402
1790.000 0.404
1791.000 0.404
1792.000 0.416
1793.000 0.420
1794.000 0.421
1795.000 0.415
1796.000 0.397
1797.000 0.386
1798.000 0.371
1799.000 0.365
1800.000 0.375
1801.000 0.414
1802.000 0.428
1803.000 0.476
1804.000 0.515
1805.000 0.532
1806.000 0.559
1807.000 0.579
1808.000 0.569
1809.000 0.592
1810.000 0.661
1811.000 0.685
1812.000 0.687
1813.000 0.631
1814.000 0.616
1815.000 0.488
1816.000 0.465
1817.000 0.502
1818.000 0.508
1819.000 0.548
1820.000 0.582
1821.000 0.548
1822.000 0.597
1823.000 0.498
1824.000 0.460
1825.000 0.535
1826.000 0.556
1827.000 0.589
1828.000 0.612
1829.000 0.616
1830.000 0.635
1831.000 0.497
1832.000 0.659
1833.000 0.632
1834.000 0.670
1835.000 0.744
1836.000 0.693
1837.000 0.587
1838.000 0.475
1839.000 0.345
1840.000 0.318
1841.000 0.303
1842.000 0.269
1843.000 0.387
1844.000 0.330
1845.000 0.391
1846.000 0.293
1847.000 0.305
1848.000 0.309
1849.000 0.487
1850.000 0.656
1851.000 0.332
1852.000 0.790
1853.000 0.725
1854.000 0.627
1855.000 0.531
1856.000 0.474
1857.000 0.472
1858.000 0.373
1859.000 0.382
1860.000 0.355
1861.000 0.367
1862.000 0.266
1863.000 0.344
1864.000 0.326
1865.000 0.411
1866.000 0.416
1867.000 0.245
1868.000 0.373
1869.000 0.380
1870.000 0.392
1871.000 0.443
1872.000 0.515
1873.000 0.584
1874.000 0.642
1875.000 0.637
1876.000 0.693
1877.000 0.697
1878.000 0.743
1879.000 0.550
1880.000 0.583
1881.000 0.519
1882.000 0.493
1883.000 0.528
1884.000 0.458
1885.000 0.562
1886.000 0.454
1887.000 0.592
1888.000 0.670
1889.000 0.559
1890.000 0.435
1891.000 0.526
1892.000 0.569
1893.000 0.672
1894.000 0.563
1895.000 0.485
1896.000 0.464
1897.000 0.448
1898.000 0.646
1899.000 0.428
1900.000 0.542
1901.000 0.686
1902.000 0.529
1903.000 0.590
1904.000 0.524
1905.000 0.483
1906.000 0.469
1907.000 0.367
1908.000 0.297
1909.000 0.231
1910.000 0.567
1911.000 0.620
1912.000 0.528
1913.000 0.482
1914.000 0.447
1915.000 0.463
1916.000 0.353
1917.000 0.258
1918.000 0.250
1919.000 0.188
1920.000 0.280
1921.000 0.470
1922.000 0.191
1923.000 0.428
1924.000 0.219
1925.000 0.182
1926.000 0.294
1927.000 0.387
1928.000 0.462
1929.000 0.245
1930.000 0.326
1931.000 0.349
1932.000 0.336
1933.000 0.290
1934.000 0.655
1935.000 0.301
1936.000 0.301
1937.000 0.322
1938.000 0.336
1939.000 0.361
1940.000 0.373
1941.000 0.443
1942.000 0.140
1943.000 0.524
1944.000 0.490
1945.000 0.413
1946.000 0.351
1947.000 0.391
1948.000 0.553
1949.000 0.476
1950.000 0.337
1951.000 0.212
1952.000 0.470
1953.000 0.481
1954.000 0.673
1955.000 0.535
1956.000 0.407
1957.000 0.094
1958.000 0.294
1959.000 0.392
1960.000 0.276
1961.000 0.397
1962.000 0.446
1963.000 0.355
1964.000 0.365
1965.000 0.306
1966.000 0.213
1967.000 0.139
1968.000 0.117
1969.000 0.139
1970.000 0.186
1971.000 0.191
1972.000 0.239
1973.000 0.236
1974.000 0.228
1975.000 0.184
1976.000 0.178
1977.000 0.172
1978.000 0.164
1979.000 0.172
1980.000 0.167
1981.000 0.136
1982.000 0.119
1983.000 0.112
1984.000 0.113
1985.000 0.124
1986.000 0.124
1987.000 0.120
1988.000 0.119
1989.000 0.123
1990.000 0.121
1991.000 0.122
1992.000 0.138
1993.000 0.141
1994.000 0.159
1995.000 0.188
1996.000 0.219
1997.000 0.242
1998.000 0.223
1999.000 0.210
2000.000 0.194
2001.000 0.187
2002.000 0.164
2003.000 0.179
2004.000 0.221
2005.000 0.235
2006.000 0.237
2007.000 0.266
2008.000 0.275
2009.000 0.315
2010.000 0.334
2011.000 0.345
2012.000 0.306
2013.000 0.268
2014.000 0.249
2015.000 0.235
2016.000 0.216
2017.000 0.184
2018.000 0.175
2019.000 0.186
2020.000 0.190
2021.000 0.194
2022.000 0.195
2023.000 0.172
2024.000 0.167
2025.000 0.165
2026.000 0.158
2027.000 0.158
2028.000 0.163
2029.000 0.160
2030.000 0.159
2031.000 0.159
2032.000 0.153
2033.000 0.152
2034.000 0.157
2035.000 0.154
2036.000 0.156
2037.000 0.157
2038.000 0.171
2039.000 0.190
2040.000 0.188
2041.000 0.188
2042.000 0.184
2043.000 0.166
2044.000 0.161
2045.000 0.163
2046.000 0.164
2047.000 0.167
2048.000 0.173
2049.000 0.190
2050.000 0.186
2051.000 0.180
2052.000 0.193
2053.000 0.195
2054.000 0.188
2055.000 0.194
2056.000 0.189
2057.000 0.184
2058.000 0.175
2059.000 0.177
2060.000 0.181
2061.000 0.188
2062.000 0.208
2063.000 0.215
2064.000 0.222
2065.000 0.221
2066.000 0.206
2067.000 0.207
2068.000 0.203
2069.000 0.202
2070.000 0.209
2071.000 0.204
2072.000 0.195
2073.000 0.182
2074.000 0.176
2075.000 0.164
2076.000 0.165
2077.000 0.176
2078.000 0.184
2079.000 0.203
2080.000 0.211
2081.000 0.217
2082.000 0.212
2083.000 0.205
2084.000 0.198
2085.000 0.196
2086.000 0.200
2087.000 0.198
2088.000 0.198
2089.000 0.196
2090.000 0.186
2091.000 0.185
2092.000 0.195
2093.000 0.195
2094.000 0.189
2095.000 0.191
2096.000 0.189
2097.000 0.191
2098.000 0.198
2099.000 0.208
2100.000 0.210
2101.000 0.213
2102.000 0.212
2103.000 0.211
2104.000 0.211
2105.000 0.209
2106.000 0.211
2107.000 0.219
2108.000 0.220
2109.000 0.217
2110.000 0.218
2111.000 0.223
2112.000 0.223
2113.000 0.217
2114.000 0.219
2115.000 0.221
2116.000 0.225
2117.000 0.238
2118.000 0.246
2119.000 0.241
2120.000 0.230
2121.000 0.226
2122.000 0.233
2123.000 0.237
2124.000 0.253
2125.000 0.256
2126.000 0.252
2127.000 0.247
2128.000 0.241
2129.000 0.234
2130.000 0.222
2131.000 0.218
2132.000 0.218
2133.000 0.220
2134.000 0.228
2135.000 0.233
2136.000 0.238
2137.000 0.241
2138.000 0.249
2139.000 0.255
2140.000 0.256
2141.000 0.252
2142.000 0.250
2143.000 0.240
2144.000 0.241
2145.000 0.256
2146.000 0.255
2147.000 0.249
2148.000 0.247
2149.000 0.233
2150.000 0.232
2151.000 0.245
2152.000 0.249
2153.000 0.254
2154.000 0.253
2155.000 0.246
2156.000 0.240
2157.000 0.234
2158.000 0.231
2159.000 0.232
2160.000 0.236
2161.000 0.241
2162.000 0.250
2163.000 0.258
2164.000 0.267
2165.000 0.269
2166.000 0.268
2167.000 0.269
2168.000 0.265
2169.000 0.263
2170.000 0.264
2171.000 0.263
2172.000 0.259
2173.000 0.261
2174.000 0.272
2175.000 0.276
2176.000 0.279
2177.000 0.285
2178.000 0.284
2179.000 0.270
2180.000 0.275
2181.000 0.274
2182.000 0.264
2183.000 0.261
2184.000 0.256
2185.000 0.242
2186.000 0.243
2187.000 0.254
2188.000 0.263
2189.000 0.284
2190.000 0.291
2191.000 0.294
2192.000 0.293
2193.000 0.281
2194.000 0.271
2195.000 0.255
2196.000 0.249
2197.000 0.248
2198.000 0.246
2199.000 0.253
2200.000 0.256
2201.000 0.257
2202.000 0.251
2203.000 0.253
2204.000 0.263
2205.000 0.273
2206.000 0.282
2207.000 0.288
2208.000 0.287
2209.000 0.281
2210.000 0.270
2211.000 0.257
2212.000 0.237
2213.000 0.229
2214.000 0.218
2215.000 0.219
2216.000 0.236
2217.000 0.240
2218.000 0.247
2219.000 0.249
2220.000 0.236
2221.000 0.235
2222.000 0.239
2223.000 0.246
2224.000 0.260
2225.000 0.269
2226.000 0.283
2227.000 0.286
2228.000 0.287
2229.000 0.297
2230.000 0.305
2231.000 0.307
2232.000 0.305
2233.000 0.288
2234.000 0.268
2235.000 0.249
2236.000 0.241
2237.000 0.237
2238.000 0.234
2239.000 0.238
2240.000 0.237
2241.000 0.236
2242.000 0.233
2243.000 0.230
2244.000 0.228
2245.000 0.222
2246.000 0.221
2247.000 0.221
2248.000 0.223
2249.000 0.229
2250.000 0.232
2251.000 0.239
2252.000 0.244
2253.000 0.247
2254.000 0.249
2255.000 0.256
2256.000 0.256
2257.000 0.249
2258.000 0.247
2259.000 0.244
2260.000 0.238
2261.000 0.237
2262.000 0.241
2263.000 0.244
2264.000 0.247
2265.000 0.257
2266.000 0.271
2267.000 0.283
2268.000 0.292
2269.000 0.302
2270.000 0.284
2271.000 0.260
2272.000 0.253
2273.000 0.244
2274.000 0.227
2275.000 0.230
2276.000 0.246
2277.000 0.258
2278.000 0.302
2279.000 0.313
2280.000 0.293
2281.000 0.283
2282.000 0.255
2283.000 0.251
2284.000 0.271
2285.000 0.268
2286.000 0.260
2287.000 0.254
2288.000 0.236
2289.000 0.228
2290.000 0.230
2291.000 0.225
2292.000 0.212
2293.000 0.207
2294.000 0.213
2295.000 0.211
2296.000 0.206
2297.000 0.216
2298.000 0.225
2299.000 0.215
2300.000 0.211
2301.000 0.214
2302.000 0.208
2303.000 0.210
2304.000 0.235
2305.000 0.261
2306.000 0.269
2307.000 0.255
2308.000 0.237
2309.000 0.209
2310.000 0.176
2311.000 0.168
2312.000 0.170
2313.000 0.168
2314.000 0.181
2315.000 0.189
2316.000 0.176
2317.000 0.183
2318.000 0.206
2319.000 0.215
2320.000 0.222
2321.000 0.205
2322.000 0.173
2323.000 0.169
2324.000 0.181
2325.000 0.207
2326.000 0.224
2327.000 0.265
2328.000 0.261
2329.000 0.212
2330.000 0.200
2331.000 0.181
2332.000 0.173
2333.000 0.207
2334.000 0.214
2335.000 0.223
2336.000 0.209
2337.000 0.167
2338.000 0.166
2339.000 0.155
2340.000 0.158
2341.000 0.198
2342.000 0.224
2343.000 0.225
2344.000 0.231
2345.000 0.237
2346.000 0.253
2347.000 0.299
2348.000 0.316
2349.000 0.248
2350.000 0.236
2351.000 0.289
2352.000 0.273
2353.000 0.322
2354.000 0.232
2355.000 0.269
2356.000 0.388
2357.000 0.355
2358.000 0.228
2359.000 0.180
2360.000 0.145
2361.000 0.129
2362.000 0.130
2363.000 0.140
2364.000 0.162
2365.000 0.179
2366.000 0.178
2367.000 0.197
2368.000 0.203
2369.000 0.157
2370.000 0.212
2371.000 0.222
2372.000 0.205
2373.000 0.180
2374.000 0.165
2375.000 0.163
2376.000 0.227
2377.000 0.204
2378.000 0.154
2379.000 0.165
2380.000 0.143
2381.000 0.181
2382.000 0.181
2383.000 0.197
2384.000 0.282
2385.000 0.338
2386.000 0.268
2387.000 0.199
2388.000 0.555
2389.000 0.464
2390.000 0.405
2391.000 0.447
2392.000 0.332
2393.000 0.250
2394.000 0.247
2395.000 0.349
2396.000 0.185
2397.000 0.287
2398.000 0.234
2399.000 0.226
2400.000 0.273
2401.000 0.446
2402.000 0.393
2403.000 0.150
2404.000 0.239
2405.000 0.357
2406.000 0.231
2407.000 0.125
2408.000 0.313
2409.000 0.112
2410.000 0.256
2411.000 0.547
2412.000 0.402
2413.000 0.172
2414.000 0.287
2415.000 0.526
2416.000 0.434
2417.000 0.378
2418.000 0.426
2419.000 0.417
2420.000 0.329
2421.000 0.181
2422.000 0.318
2423.000 0.338
2424.000 0.363
2425.000 0.264
2426.000 0.234
2427.000 0.310
2428.000 0.344
2429.000 0.420
2430.000 0.252
2431.000 0.360
2432.000 0.236
2433.000 0.438
2434.000 0.415
2435.000 0.430
2436.000 0.231
2437.000 0.138
2438.000 0.217
2439.000 0.356
2440.000 0.443
2441.000 0.374
2442.000 0.296
2443.000 0.200
2444.000 0.483
2445.000 0.319
2446.000 0.262
2447.000 0.355
2448.000 0.436
2449.000 0.366
2450.000 0.336
2451.000 0.206
2452.000 0.210
2453.000 0.279
2454.000 0.391
2455.000 0.353
2456.000 0.363
2457.000 0.379
2458.000 0.303
2459.000 0.423
2460.000 0.419
2461.000 0.480
2462.000 0.575
2463.000 0.291
2464.000 0.371
2465.000 0.435
2466.000 0.361
2467.000 0.281
2468.000 0.545
2469.000 0.318
2470.000 0.221
2471.000 0.151
2472.000 0.218
2473.000 0.276
2474.000 0.314
2475.000 0.260
2476.000 0.259
2477.000 0.266
2478.000 0.256
2479.000 0.253
2480.000 0.471
2481.000 0.272
2482.000 0.209
2483.000 0.236
2484.000 0.301
2485.000 0.182
2486.000 0.420
2487.000 0.438
2488.000 0.172
2489.000 0.146
2490.000 0.204
2491.000 0.418
2492.000 0.407
2493.000 0.460
2494.000 0.601
2495.000 0.663
2496.000 0.616
2497.000 0.445
2498.000 0.508
2499.000 0.546
2500.000 0.611
