391.000 0.035
392.000 0.041
393.000 0.045
394.000 0.035
395.000 0.028
396.000 0.030
397.000 0.038
398.000 0.043
399.000 0.036
400.000 0.031
401.000 0.034
402.000 0.031
403.000 0.029
404.000 0.031
405.000 0.033
406.000 0.031
407.000 0.031
408.000 0.031
409.000 0.030
410.000 0.034
411.000 0.035
412.000 0.034
413.000 0.033
414.000 0.032
415.000 0.031
416.000 0.028
417.000 0.034
418.000 0.036
419.000 0.032
420.000 0.032
421.000 0.033
422.000 0.033
423.000 0.031
424.000 0.034
425.000 0.033
426.000 0.030
427.000 0.032
428.000 0.034
429.000 0.032
430.000 0.029
431.000 0.033
432.000 0.032
433.000 0.032
434.000 0.034
435.000 0.034
436.000 0.033
437.000 0.032
438.000 0.032
439.000 0.033
440.000 0.033
441.000 0.032
442.000 0.032
443.000 0.031
444.000 0.030
445.000 0.031
446.000 0.033
447.000 0.034
448.000 0.034
449.000 0.035
450.000 0.033
451.000 0.033
452.000 0.033
453.000 0.032
454.000 0.033
455.000 0.034
456.000 0.035
457.000 0.034
458.000 0.033
459.000 0.033
460.000 0.033
461.000 0.035
462.000 0.035
463.000 0.035
464.000 0.034
465.000 0.035
466.000 0.035
467.000 0.034
468.000 0.035
469.000 0.035
470.000 0.034
471.000 0.033
472.000 0.033
473.000 0.035
474.000 0.036
475.000 0.035
476.000 0.035
477.000 0.035
478.000 0.035
479.000 0.035
480.000 0.035
481.000 0.035
482.000 0.036
483.000 0.035
484.000 0.032
485.000 0.033
486.000 0.037
487.000 0.038
488.000 0.037
489.000 0.035
490.000 0.034
491.000 0.037
492.000 0.037
493.000 0.035
494.000 0.034
495.000 0.034
496.000 0.036
497.000 0.038
498.000 0.041
499.000 0.041
500.000 0.039
501.000 0.039
502.000 0.040
503.000 0.041
504.000 0.042
505.000 0.044
506.000 0.046
507.000 0.047
508.000 0.046
509.000 0.048
510.000 0.052
511.000 0.054
512.000 0.053
513.000 0.054
514.000 0.058
515.000 0.061
516.000 0.063
517.000 0.064
518.000 0.069
519.000 0.073
520.000 0.077
521.000 0.080
522.000 0.083
523.000 0.086
524.000 0.088
525.000 0.089
526.000 0.094
527.000 0.098
528.000 0.101
529.000 0.102
530.000 0.104
531.000 0.107
532.000 0.111
533.000 0.111
534.000 0.113
535.000 0.115
536.000 0.116
537.000 0.117
538.000 0.117
539.000 0.118
540.000 0.119
541.000 0.120
542.000 0.120
543.000 0.121
544.000 0.122
545.000 0.123
546.000 0.123
547.000 0.124
548.000 0.123
549.000 0.122
550.000 0.123
551.000 0.124
552.000 0.124
553.000 0.123
554.000 0.123
555.000 0.124
556.000 0.124
557.000 0.123
558.000 0.122
559.000 0.121
560.000 0.119
561.000 0.118
562.000 0.116
563.000 0.115
564.000 0.113
565.000 0.111
566.000 0.109
567.000 0.107
568.000 0.106
569.000 0.104
570.000 0.102
571.000 0.101
572.000 0.098
573.000 0.095
574.000 0.094
575.000 0.093
576.000 0.092
577.000 0.090
578.000 0.089
579.000 0.088
580.000 0.087
581.000 0.085
582.000 0.083
583.000 0.082
584.000 0.081
585.000 0.080
586.000 0.079
587.000 0.080
588.000 0.080
589.000 0.079
590.000 0.076
591.000 0.075
592.000 0.073
593.000 0.073
594.000 0.075
595.000 0.074
596.000 0.073
597.000 0.075
598.000 0.073
599.000 0.072
600.000 0.071
601.000 0.070
602.000 0.072
603.000 0.073
604.000 0.071
605.000 0.069
606.000 0.070
607.000 0.071
608.000 0.071
609.000 0.070
610.000 0.068
611.000 0.067
612.000 0.067
613.000 0.065
614.000 0.064
615.000 0.065
616.000 0.065
617.000 0.065
618.000 0.065
619.000 0.064
620.000 0.061
621.000 0.060
622.000 0.062
623.000 0.063
624.000 0.061
625.000 0.061
626.000 0.062
627.000 0.060
628.000 0.060
629.000 0.060
630.000 0.057
631.000 0.059
632.000 0.061
633.000 0.060
634.000 0.059
635.000 0.059
636.000 0.060
637.000 0.061
638.000 0.058
639.000 0.055
640.000 0.054
641.000 0.054
642.000 0.053
643.000 0.053
644.000 0.053
645.000 0.054
646.000 0.052
647.000 0.051
648.000 0.050
649.000 0.048
650.000 0.048
651.000 0.049
652.000 0.049
653.000 0.046
654.000 0.046
655.000 0.049
656.000 0.049
657.000 0.050
658.000 0.051
659.000 0.050
660.000 0.047
661.000 0.046
662.000 0.047
663.000 0.046
664.000 0.045
665.000 0.046
666.000 0.048
667.000 0.049
668.000 0.049
669.000 0.048
670.000 0.047
671.000 0.044
672.000 0.044
673.000 0.048
674.000 0.049
675.000 0.049
676.000 0.051
677.000 0.051
678.000 0.053
679.000 0.053
680.000 0.052
681.000 0.053
682.000 0.053
683.000 0.055
684.000 0.058
685.000 0.061
686.000 0.062
687.000 0.064
688.000 0.066
689.000 0.068
690.000 0.071
691.000 0.074
692.000 0.077
693.000 0.084
694.000 0.091
695.000 0.098
696.000 0.103
697.000 0.111
698.000 0.121
699.000 0.130
700.000 0.139
701.000 0.149
702.000 0.160
703.000 0.171
704.000 0.181
705.000 0.190
706.000 0.200
707.000 0.210
708.000 0.220
709.000 0.231
710.000 0.241
711.000 0.251
712.000 0.262
713.000 0.274
714.000 0.284
715.000 0.294
716.000 0.305
717.000 0.315
718.000 0.326
719.000 0.339
720.000 0.352
721.000 0.364
722.000 0.374
723.000 0.385
724.000 0.396
725.000 0.407
726.000 0.419
727.000 0.429
728.000 0.440
729.000 0.450
730.000 0.459
731.000 0.470
732.000 0.479
733.000 0.488
734.000 0.497
735.000 0.505
736.000 0.513
737.000 0.520
738.000 0.527
739.000 0.533
740.000 0.540
741.000 0.546
742.000 0.551
743.000 0.556
744.000 0.561
745.000 0.565
746.000 0.570
747.000 0.573
748.000 0.576
749.000 0.579
750.000 0.583
751.000 0.585
752.000 0.588
753.000 0.590
754.000 0.592
755.000 0.594
756.000 0.596
757.000 0.598
758.000 0.599
759.000 0.600
760.000 0.601
761.000 0.602
762.000 0.603
763.000 0.604
764.000 0.605
765.000 0.606
766.000 0.608
767.000 0.609
768.000 0.610
769.000 0.610
770.000 0.611
771.000 0.611
772.000 0.612
773.000 0.612
774.000 0.613
775.000 0.613
776.000 0.614
777.000 0.614
778.000 0.615
779.000 0.616
780.000 0.616
781.000 0.617
782.000 0.617
783.000 0.618
784.000 0.618
785.000 0.619
786.000 0.619
787.000 0.620
788.000 0.620
789.000 0.620
790.000 0.621
791.000 0.621
792.000 0.621
793.000 0.622
794.000 0.623
795.000 0.623
796.000 0.623
797.000 0.624
798.000 0.624
799.000 0.625
800.000 0.626
801.000 0.626
802.000 0.627
803.000 0.627
804.000 0.628
805.000 0.629
806.000 0.629
807.000 0.630
808.000 0.630
809.000 0.631
810.000 0.631
811.000 0.631
812.000 0.631
813.000 0.630
814.000 0.630
815.000 0.631
816.000 0.630
817.000 0.631
818.000 0.631
819.000 0.632
820.000 0.633
821.000 0.633
822.000 0.634
823.000 0.635
824.000 0.636
825.000 0.636
826.000 0.637
827.000 0.637
828.000 0.638
829.000 0.638
830.000 0.639
831.000 0.640
832.000 0.640
833.000 0.640
834.000 0.640
835.000 0.641
836.000 0.642
837.000 0.642
838.000 0.643
839.000 0.644
840.000 0.644
841.000 0.645
842.000 0.646
843.000 0.646
844.000 0.647
845.000 0.647
846.000 0.648
847.000 0.648
848.000 0.648
849.000 0.649
850.000 0.649
851.000 0.649
852.000 0.649
853.000 0.650
854.000 0.650
855.000 0.651
856.000 0.651
857.000 0.651
858.000 0.651
859.000 0.652
860.000 0.653
861.000 0.653
862.000 0.653
863.000 0.653
864.000 0.654
865.000 0.654
866.000 0.655
867.000 0.655
868.000 0.655
869.000 0.656
870.000 0.657
871.000 0.657
872.000 0.657
873.000 0.657
874.000 0.657
875.000 0.657
876.000 0.658
877.000 0.658
878.000 0.658
879.000 0.659
880.000 0.660
881.000 0.660
882.000 0.661
883.000 0.662
884.000 0.662
885.000 0.662
886.000 0.663
887.000 0.664
888.000 0.664
889.000 0.664
890.000 0.664
891.000 0.665
892.000 0.665
893.000 0.665
894.000 0.665
895.000 0.665
896.000 0.664
897.000 0.664
898.000 0.664
899.000 0.665
900.000 0.666
901.000 0.665
902.000 0.666
903.000 0.667
904.000 0.667
905.000 0.667
906.000 0.668
907.000 0.668
908.000 0.668
909.000 0.668
910.000 0.668
911.000 0.668
912.000 0.669
913.000 0.669
914.000 0.669
915.000 0.668
916.000 0.669
917.000 0.669
918.000 0.669
919.000 0.669
920.000 0.671
921.000 0.671
922.000 0.671
923.000 0.672
924.000 0.671
925.000 0.670
926.000 0.670
927.000 0.668
928.000 0.668
929.000 0.668
930.000 0.666
931.000 0.664
932.000 0.662
933.000 0.659
934.000 0.657
935.000 0.658
936.000 0.657
937.000 0.657
938.000 0.657
939.000 0.658
940.000 0.657
941.000 0.656
942.000 0.658
943.000 0.659
944.000 0.655
945.000 0.653
946.000 0.653
947.000 0.652
948.000 0.651
949.000 0.651
950.000 0.652
951.000 0.652
952.000 0.652
953.000 0.649
954.000 0.647
955.000 0.648
956.000 0.649
957.000 0.650
958.000 0.649
959.000 0.648
960.000 0.648
961.000 0.647
962.000 0.650
963.000 0.654
964.000 0.650
965.000 0.649
966.000 0.651
967.000 0.653
968.000 0.651
969.000 0.652
970.000 0.653
971.000 0.651
972.000 0.651
973.000 0.653
974.000 0.653
975.000 0.652
976.000 0.653
977.000 0.655
978.000 0.654
979.000 0.653
980.000 0.654
981.000 0.655
982.000 0.655
983.000 0.655
984.000 0.658
985.000 0.658
986.000 0.659
987.000 0.659
988.000 0.660
989.000 0.662
990.000 0.662
991.000 0.662
992.000 0.665
993.000 0.664
994.000 0.664
995.000 0.665
996.000 0.665
997.000 0.664
998.000 0.666
999.000 0.668
1000.000 0.666
1001.000 0.669
1002.000 0.670
1003.000 0.670
1004.000 0.672
1005.000 0.672
1006.000 0.673
1007.000 0.674
1008.000 0.675
1009.000 0.676
1010.000 0.675
1011.000 0.675
1012.000 0.675
1013.000 0.676
1014.000 0.677
1015.000 0.677
1016.000 0.678
1017.000 0.679
1018.000 0.679
1019.000 0.679
1020.000 0.680
1021.000 0.682
1022.000 0.682
1023.000 0.682
1024.000 0.683
1025.000 0.683
1026.000 0.684
1027.000 0.684
1028.000 0.685
1029.000 0.684
1030.000 0.685
1031.000 0.688
1032.000 0.689
1033.000 0.690
1034.000 0.692
1035.000 0.691
1036.000 0.691
1037.000 0.691
1038.000 0.691
1039.000 0.692
1040.000 0.692
1041.000 0.693
1042.000 0.694
1043.000 0.695
1044.000 0.695
1045.000 0.696
1046.000 0.695
1047.000 0.695
1048.000 0.696
1049.000 0.697
1050.000 0.697
1051.000 0.698
1052.000 0.699
1053.000 0.699
1054.000 0.699
1055.000 0.698
1056.000 0.699
1057.000 0.700
1058.000 0.701
1059.000 0.702
1060.000 0.702
1061.000 0.702
1062.000 0.702
1063.000 0.701
1064.000 0.701
1065.000 0.701
1066.000 0.701
1067.000 0.701
1068.000 0.702
1069.000 0.702
1070.000 0.703
1071.000 0.702
1072.000 0.703
1073.000 0.703
1074.000 0.703
1075.000 0.702
1076.000 0.702
1077.000 0.702
1078.000 0.701
1079.000 0.701
1080.000 0.701
1081.000 0.702
1082.000 0.701
1083.000 0.702
1084.000 0.702
1085.000 0.702
1086.000 0.701
1087.000 0.701
1088.000 0.699
1089.000 0.699
1090.000 0.700
1091.000 0.700
1092.000 0.700
1093.000 0.700
1094.000 0.700
1095.000 0.698
1096.000 0.698
1097.000 0.698
1098.000 0.697
1099.000 0.697
1100.000 0.698
1101.000 0.697
1102.000 0.697
1103.000 0.698
1104.000 0.698
1105.000 0.696
1106.000 0.695
1107.000 0.694
1108.000 0.693
1109.000 0.692
1110.000 0.691
1111.000 0.690
1112.000 0.688
1113.000 0.687
1114.000 0.684
1115.000 0.682
1116.000 0.679
1117.000 0.676
1118.000 0.675
1119.000 0.675
1120.000 0.672
1121.000 0.670
1122.000 0.667
1123.000 0.666
1124.000 0.663
1125.000 0.662
1126.000 0.662
1127.000 0.661
1128.000 0.662
1129.000 0.661
1130.000 0.661
1131.000 0.659
1132.000 0.656
1133.000 0.657
1134.000 0.655
1135.000 0.654
1136.000 0.655
1137.000 0.653
1138.000 0.653
1139.000 0.653
1140.000 0.651
1141.000 0.648
1142.000 0.646
1143.000 0.645
1144.000 0.643
1145.000 0.641
1146.000 0.638
1147.000 0.634
1148.000 0.631
1149.000 0.632
1150.000 0.630
1151.000 0.630
1152.000 0.631
1153.000 0.629
1154.000 0.628
1155.000 0.627
1156.000 0.627
1157.000 0.627
1158.000 0.627
1159.000 0.627
1160.000 0.627
1161.000 0.627
1162.000 0.627
1163.000 0.627
1164.000 0.628
1165.000 0.628
1166.000 0.628
1167.000 0.627
1168.000 0.627
1169.000 0.627
1170.000 0.626
1171.000 0.626
1172.000 0.627
1173.000 0.627
1174.000 0.627
1175.000 0.628
1176.000 0.628
1177.000 0.629
1178.000 0.629
1179.000 0.630
1180.000 0.629
1181.000 0.629
1182.000 0.628
1183.000 0.628
1184.000 0.627
1185.000 0.628
1186.000 0.629
1187.000 0.629
1188.000 0.628
1189.000 0.628
1190.000 0.628
1191.000 0.628
1192.000 0.628
1193.000 0.628
1194.000 0.626
1195.000 0.626
1196.000 0.627
1197.000 0.627
1198.000 0.628
1199.000 0.629
1200.000 0.629
1201.000 0.629
1202.000 0.629
1203.000 0.629
1204.000 0.629
1205.000 0.630
1206.000 0.631
1207.000 0.631
1208.000 0.631
1209.000 0.632
1210.000 0.632
1211.000 0.632
1212.000 0.632
1213.000 0.632
1214.000 0.633
1215.000 0.633
1216.000 0.634
1217.000 0.634
1218.000 0.634
1219.000 0.633
1220.000 0.634
1221.000 0.635
1222.000 0.634
1223.000 0.634
1224.000 0.635
1225.000 0.635
1226.000 0.634
1227.000 0.634
1228.000 0.635
1229.000 0.636
1230.000 0.636
1231.000 0.637
1232.000 0.637
1233.000 0.638
1234.000 0.638
1235.000 0.638
1236.000 0.638
1237.000 0.638
1238.000 0.639
1239.000 0.639
1240.000 0.639
1241.000 0.640
1242.000 0.641
1243.000 0.641
1244.000 0.641
1245.000 0.641
1246.000 0.640
1247.000 0.640
1248.000 0.641
1249.000 0.642
1250.000 0.642
1251.000 0.643
1252.000 0.643
1253.000 0.643
1254.000 0.643
1255.000 0.643
1256.000 0.643
1257.000 0.644
1258.000 0.644
1259.000 0.644
1260.000 0.644
1261.000 0.645
1262.000 0.646
1263.000 0.646
1264.000 0.647
1265.000 0.645
1266.000 0.645
1267.000 0.644
1268.000 0.643
1269.000 0.644
1270.000 0.643
1271.000 0.644
1272.000 0.644
1273.000 0.644
1274.000 0.644
1275.000 0.645
1276.000 0.646
1277.000 0.646
1278.000 0.647
1279.000 0.648
1280.000 0.648
1281.000 0.647
1282.000 0.648
1283.000 0.647
1284.000 0.645
1285.000 0.644
1286.000 0.642
1287.000 0.642
1288.000 0.642
1289.000 0.641
1290.000 0.640
1291.000 0.640
1292.000 0.638
1293.000 0.637
1294.000 0.637
1295.000 0.636
1296.000 0.635
1297.000 0.634
1298.000 0.633
1299.000 0.632
1300.000 0.631
1301.000 0.630
1302.000 0.629
1303.000 0.628
1304.000 0.626
1305.000 0.624
1306.000 0.623
1307.000 0.621
1308.000 0.618
1309.000 0.616
1310.000 0.613
1311.000 0.611
1312.000 0.610
1313.000 0.608
1314.000 0.607
1315.000 0.605
1316.000 0.602
1317.000 0.599
1318.000 0.596
1319.000 0.593
1320.000 0.591
1321.000 0.589
1322.000 0.588
1323.000 0.587
1324.000 0.586
1325.000 0.584
1326.000 0.580
1327.000 0.577
1328.000 0.574
1329.000 0.571
1330.000 0.568
1331.000 0.566
1332.000 0.564
1333.000 0.561
1334.000 0.558
1335.000 0.556
1336.000 0.553
1337.000 0.550
1338.000 0.548
1339.000 0.545
1340.000 0.543
1341.000 0.540
1342.000 0.537
1343.000 0.534
1344.000 0.534
1345.000 0.532
1346.000 0.532
1347.000 0.532
1348.000 0.532
1349.000 0.532
1350.000 0.531
1351.000 0.536
1352.000 0.532
1353.000 0.512
1354.000 0.498
1355.000 0.467
1356.000 0.440
1357.000 0.467
1358.000 0.448
1359.000 0.459
1360.000 0.487
1361.000 0.410
1362.000 0.333
1363.000 0.304
1364.000 0.284
1365.000 0.184
1366.000 0.262
1367.000 0.336
1368.000 0.326
1369.000 0.320
1370.000 0.361
1371.000 0.352
1372.000 0.302
1373.000 0.240
1374.000 0.232
1375.000 0.374
1376.000 0.496
1377.000 0.314
1378.000 0.333
1379.000 0.253
1380.000 0.168
1381.000 0.192
1382.000 0.700
1383.000 0.618
1384.000 0.531
1385.000 0.473
1386.000 0.553
1387.000 0.432
1388.000 0.382
1389.000 0.315
1390.000 0.189
1391.000 0.185
1392.000 0.174
1393.000 0.113
1394.000 0.200
1395.000 0.262
1396.000 0.449
1397.000 0.610
1398.000 0.539
1399.000 0.507
1400.000 0.537
1401.000 0.526
1402.000 0.529
1403.000 0.448
1404.000 0.426
1405.000 0.350
1406.000 0.288
1407.000 0.265
1408.000 0.292
1409.000 0.182
1410.000 0.296
1411.000 0.187
1412.000 0.219
1413.000 0.291
1414.000 0.337
1415.000 0.405
1416.000 0.404
1417.000 0.404
1418.000 0.333
1419.000 0.213
1420.000 0.185
1421.000 0.179
1422.000 0.171
1423.000 0.173
1424.000 0.180
1425.000 0.132
1426.000 0.141
1427.000 0.126
1428.000 0.129
1429.000 0.155
1430.000 0.162
1431.000 0.167
1432.000 0.171
1433.000 0.174
1434.000 0.168
1435.000 0.154
1436.000 0.133
1437.000 0.126
1438.000 0.130
1439.000 0.150
1440.000 0.162
1441.000 0.178
1442.000 0.185
1443.000 0.185
1444.000 0.183
1445.000 0.175
1446.000 0.170
1447.000 0.164
1448.000 0.161
1449.000 0.162
1450.000 0.161
1451.000 0.159
1452.000 0.160
1453.000 0.161
1454.000 0.162
1455.000 0.164
1456.000 0.169
1457.000 0.171
1458.000 0.172
1459.000 0.171
1460.000 0.166
1461.000 0.164
1462.000 0.160
1463.000 0.160
1464.000 0.164
1465.000 0.166
1466.000 0.169
1467.000 0.172
1468.000 0.177
1469.000 0.182
1470.000 0.193
1471.000 0.195
1472.000 0.194
1473.000 0.193
1474.000 0.187
1475.000 0.186
1476.000 0.190
1477.000 0.187
1478.000 0.180
1479.000 0.178
1480.000 0.175
1481.000 0.177
1482.000 0.188
1483.000 0.193
1484.000 0.197
1485.000 0.201
1486.000 0.205
1487.000 0.207
1488.000 0.209
1489.000 0.211
1490.000 0.211
1491.000 0.213
1492.000 0.217
1493.000 0.219
1494.000 0.221
1495.000 0.223
1496.000 0.226
1497.000 0.229
1498.000 0.232
1499.000 0.234
1500.000 0.238
1501.000 0.239
1502.000 0.237
1503.000 0.238
1504.000 0.238
1505.000 0.239
1506.000 0.242
1507.000 0.246
1508.000 0.247
1509.000 0.248
1510.000 0.249
1511.000 0.249
1512.000 0.251
1513.000 0.251
1514.000 0.254
1515.000 0.256
1516.000 0.258
1517.000 0.260
1518.000 0.262
1519.000 0.261
1520.000 0.263
1521.000 0.268
1522.000 0.270
1523.000 0.272
1524.000 0.272
1525.000 0.271
1526.000 0.272
1527.000 0.274
1528.000 0.276
1529.000 0.279
1530.000 0.281
1531.000 0.283
1532.000 0.285
1533.000 0.287
1534.000 0.289
1535.000 0.291
1536.000 0.293
1537.000 0.295
1538.000 0.297
1539.000 0.300
1540.000 0.303
1541.000 0.304
1542.000 0.306
1543.000 0.307
1544.000 0.308
1545.000 0.310
1546.000 0.311
1547.000 0.313
1548.000 0.314
1549.000 0.315
1550.000 0.315
1551.000 0.315
1552.000 0.315
1553.000 0.316
1554.000 0.318
1555.000 0.322
1556.000 0.324
1557.000 0.326
1558.000 0.328
1559.000 0.328
1560.000 0.329
1561.000 0.330
1562.000 0.332
1563.000 0.333
1564.000 0.334
1565.000 0.335
1566.000 0.336
1567.000 0.337
1568.000 0.338
1569.000 0.337
1570.000 0.338
1571.000 0.340
1572.000 0.341
1573.000 0.343
1574.000 0.345
1575.000 0.348
1576.000 0.349
1577.000 0.351
1578.000 0.352
1579.000 0.351
1580.000 0.351
1581.000 0.353
1582.000 0.354
1583.000 0.356
1584.000 0.357
1585.000 0.355
1586.000 0.356
1587.000 0.357
1588.000 0.359
1589.000 0.364
1590.000 0.368
1591.000 0.369
1592.000 0.371
1593.000 0.371
1594.000 0.371
1595.000 0.368
1596.000 0.368
1597.000 0.370
1598.000 0.371
1599.000 0.375
1600.000 0.377
1601.000 0.378
1602.000 0.379
1603.000 0.380
1604.000 0.380
1605.000 0.380
1606.000 0.380
1607.000 0.382
1608.000 0.383
1609.000 0.384
1610.000 0.385
1611.000 0.385
1612.000 0.386
1613.000 0.388
1614.000 0.389
1615.000 0.390
1616.000 0.391
1617.000 0.390
1618.000 0.391
1619.000 0.392
1620.000 0.393
1621.000 0.395
1622.000 0.396
1623.000 0.396
1624.000 0.397
1625.000 0.397
1626.000 0.397
1627.000 0.400
1628.000 0.401
1629.000 0.403
1630.000 0.403
1631.000 0.402
1632.000 0.402
1633.000 0.400
1634.000 0.401
1635.000 0.404
1636.000 0.406
1637.000 0.409
1638.000 0.411
1639.000 0.409
1640.000 0.410
1641.000 0.412
1642.000 0.412
1643.000 0.411
1644.000 0.411
1645.000 0.412
1646.000 0.411
1647.000 0.412
1648.000 0.413
1649.000 0.412
1650.000 0.412
1651.000 0.413
1652.000 0.413
1653.000 0.414
1654.000 0.415
1655.000 0.414
1656.000 0.414
1657.000 0.412
1658.000 0.411
1659.000 0.412
1660.000 0.412
1661.000 0.415
1662.000 0.417
1663.000 0.418
1664.000 0.419
1665.000 0.419
1666.000 0.418
1667.000 0.414
1668.000 0.413
1669.000 0.415
1670.000 0.416
1671.000 0.419
1672.000 0.421
1673.000 0.420
1674.000 0.420
1675.000 0.421
1676.000 0.421
1677.000 0.422
1678.000 0.422
1679.000 0.419
1680.000 0.420
1681.000 0.418
1682.000 0.419
1683.000 0.421
1684.000 0.423
1685.000 0.423
1686.000 0.424
1687.000 0.422
1688.000 0.424
1689.000 0.427
1690.000 0.428
1691.000 0.431
1692.000 0.430
1693.000 0.424
1694.000 0.421
1695.000 0.417
1696.000 0.416
1697.000 0.415
1698.000 0.415
1699.000 0.416
1700.000 0.417
1701.000 0.417
1702.000 0.417
1703.000 0.416
1704.000 0.417
1705.000 0.421
1706.000 0.422
1707.000 0.422
1708.000 0.423
1709.000 0.422
1710.000 0.420
1711.000 0.418
1712.000 0.416
1713.000 0.417
1714.000 0.419
1715.000 0.421
1716.000 0.423
1717.000 0.421
1718.000 0.418
1719.000 0.415
1720.000 0.413
1721.000 0.410
1722.000 0.407
1723.000 0.405
1724.000 0.402
1725.000 0.400
1726.000 0.400
1727.000 0.402
1728.000 0.407
1729.000 0.408
1730.000 0.406
1731.000 0.407
1732.000 0.401
1733.000 0.400
1734.000 0.402
1735.000 0.399
1736.000 0.396
1737.000 0.394
1738.000 0.393
1739.000 0.391
1740.000 0.386
1741.000 0.386
1742.000 0.387
1743.000 0.386
1744.000 0.389
1745.000 0.390
1746.000 0.384
1747.000 0.383
1748.000 0.383
1749.000 0.382
1750.000 0.382
1751.000 0.381
1752.000 0.379
1753.000 0.377
1754.000 0.374
1755.000 0.372
1756.000 0.370
1757.000 0.370
1758.000 0.371
1759.000 0.371
1760.000 0.367
1761.000 0.363
1762.000 0.366
1763.000 0.366
1764.000 0.366
1765.000 0.371
1766.000 0.371
1767.000 0.369
1768.000 0.369
1769.000 0.359
1770.000 0.352
1771.000 0.349
1772.000 0.344
1773.000 0.345
1774.000 0.347
1775.000 0.348
1776.000 0.351
1777.000 0.351
1778.000 0.352
1779.000 0.350
1780.000 0.345
1781.000 0.337
1782.000 0.333
1783.000 0.338
1784.000 0.345
1785.000 0.352
1786.000 0.355
1787.000 0.348
1788.000 0.345
1789.000 0.343
1790.000 0.341
1791.000 0.337
1792.000 0.338
1793.000 0.336
1794.000 0.318
1795.000 0.304
1796.000 0.304
1797.000 0.314
1798.000 0.327
1799.000 0.341
1800.000 0.352
1801.000 0.486
1802.000 0.517
1803.000 0.533
1804.000 0.514
1805.000 0.503
1806.000 0.439
1807.000 0.410
1808.000 0.420
1809.000 0.382
1810.000 0.289
1811.000 0.268
1812.000 0.262
1813.000 0.270
1814.000 0.306
1815.000 0.405
1816.000 0.537
1817.000 0.616
1818.000 0.638
1819.000 0.547
1820.000 0.464
1821.000 0.405
1822.000 0.281
1823.000 0.409
1824.000 0.507
1825.000 0.616
1826.000 0.727
1827.000 0.650
1828.000 0.399
1829.000 0.497
1830.000 0.575
1831.000 0.661
1832.000 0.311
1833.000 0.369
1834.000 0.355
1835.000 0.315
1836.000 0.298
1837.000 0.244
1838.000 0.205
1839.000 0.552
1840.000 0.549
1841.000 0.540
1842.000 0.493
1843.000 0.453
1844.000 0.584
1845.000 0.510
1846.000 0.531
1847.000 0.639
1848.000 0.513
1849.000 0.591
1850.000 0.488
1851.000 0.353
1852.000 0.540
1853.000 0.635
1854.000 0.634
1855.000 0.497
1856.000 0.474
1857.000 0.444
1858.000 0.496
1859.000 0.481
1860.000 0.554
1861.000 0.627
1862.000 0.617
1863.000 0.328
1864.000 0.446
1865.000 0.416
1866.000 0.509
1867.000 0.487
1868.000 0.168
1869.000 0.140
1870.000 0.136
1871.000 0.133
1872.000 0.114
1873.000 0.088
1874.000 0.114
1875.000 0.094
1876.000 0.095
1877.000 0.081
1878.000 0.095
1879.000 0.192
1880.000 0.302
1881.000 0.386
1882.000 0.488
1883.000 0.659
1884.000 0.601
1885.000 0.592
1886.000 0.523
1887.000 0.688
1888.000 0.731
1889.000 0.480
1890.000 0.424
1891.000 0.429
1892.000 0.480
1893.000 0.342
1894.000 0.403
1895.000 0.372
1896.000 0.344
1897.000 0.332
1898.000 0.258
1899.000 0.348
1900.000 0.270
1901.000 0.292
1902.000 0.267
1903.000 0.309
1904.000 0.356
1905.000 0.406
1906.000 0.454
1907.000 0.507
1908.000 0.528
1909.000 0.704
1910.000 0.537
1911.000 0.498
1912.000 0.347
1913.000 0.431
1914.000 0.399
1915.000 0.311
1916.000 0.359
1917.000 0.380
1918.000 0.329
1919.000 0.255
1920.000 0.405
1921.000 0.564
1922.000 0.548
1923.000 0.511
1924.000 0.617
1925.000 0.763
1926.000 0.546
1927.000 0.523
1928.000 0.414
1929.000 0.399
1930.000 0.326
1931.000 0.306
1932.000 0.481
1933.000 0.641
1934.000 0.562
1935.000 0.553
1936.000 0.512
1937.000 0.484
1938.000 0.068
1939.000 0.070
1940.000 0.076
1941.000 0.342
1942.000 0.558
1943.000 0.462
1944.000 0.459
1945.000 0.484
1946.000 0.473
1947.000 0.464
1948.000 0.475
1949.000 0.473
1950.000 0.598
1951.000 0.570
1952.000 0.568
1953.000 0.517
1954.000 0.484
1955.000 0.329
1956.000 0.407
1957.000 0.273
1958.000 0.197
1959.000 0.204
1960.000 0.210
1961.000 0.213
1962.000 0.213
1963.000 0.243
1964.000 0.324
1965.000 0.386
1966.000 0.456
1967.000 0.598
1968.000 0.346
1969.000 0.242
1970.000 0.201
1971.000 0.186
1972.000 0.193
1973.000 0.202
1974.000 0.198
1975.000 0.204
1976.000 0.208
1977.000 0.217
1978.000 0.282
1979.000 0.322
1980.000 0.252
1981.000 0.257
1982.000 0.237
1983.000 0.220
1984.000 0.201
1985.000 0.226
1986.000 0.226
1987.000 0.222
1988.000 0.213
1989.000 0.187
1990.000 0.174
1991.000 0.169
1992.000 0.151
1993.000 0.134
1994.000 0.132
1995.000 0.162
1996.000 0.199
1997.000 0.236
1998.000 0.276
1999.000 0.276
2000.000 0.231
2001.000 0.275
2002.000 0.209
2003.000 0.227
2004.000 0.231
2005.000 0.289
2006.000 0.332
2007.000 0.366
2008.000 0.521
2009.000 0.551
2010.000 0.537
2011.000 0.313
2012.000 0.298
2013.000 0.292
2014.000 0.273
2015.000 0.257
2016.000 0.230
2017.000 0.279
2018.000 0.297
2019.000 0.314
2020.000 0.367
2021.000 0.355
2022.000 0.284
2023.000 0.236
2024.000 0.208
2025.000 0.214
2026.000 0.208
2027.000 0.199
2028.000 0.192
2029.000 0.185
2030.000 0.165
2031.000 0.157
2032.000 0.160
2033.000 0.152
2034.000 0.139
2035.000 0.135
2036.000 0.127
2037.000 0.133
2038.000 0.152
2039.000 0.165
2040.000 0.174
2041.000 0.178
2042.000 0.184
2043.000 0.188
2044.000 0.198
2045.000 0.223
2046.000 0.231
2047.000 0.225
2048.000 0.234
2049.000 0.246
2050.000 0.246
2051.000 0.275
2052.000 0.328
2053.000 0.300
2054.000 0.279
2055.000 0.247
2056.000 0.203
2057.000 0.189
2058.000 0.188
2059.000 0.179
2060.000 0.171
2061.000 0.173
2062.000 0.179
2063.000 0.186
2064.000 0.208
2065.000 0.226
2066.000 0.255
2067.000 0.246
2068.000 0.231
2069.000 0.219
2070.000 0.208
2071.000 0.202
2072.000 0.209
2073.000 0.247
2074.000 0.254
2075.000 0.253
2076.000 0.249
2077.000 0.227
2078.000 0.217
2079.000 0.211
2080.000 0.206
2081.000 0.199
2082.000 0.202
2083.000 0.210
2084.000 0.211
2085.000 0.223
2086.000 0.232
2087.000 0.240
2088.000 0.254
2089.000 0.251
2090.000 0.235
2091.000 0.232
2092.000 0.220
2093.000 0.218
2094.000 0.236
2095.000 0.236
2096.000 0.224
2097.000 0.220
2098.000 0.212
2099.000 0.207
2100.000 0.207
2101.000 0.219
2102.000 0.227
2103.000 0.233
2104.000 0.237
2105.000 0.238
2106.000 0.240
2107.000 0.239
2108.000 0.240
2109.000 0.243
2110.000 0.248
2111.000 0.258
2112.000 0.259
2113.000 0.257
2114.000 0.253
2115.000 0.241
2116.000 0.234
2117.000 0.224
2118.000 0.215
2119.000 0.218
2120.000 0.221
2121.000 0.234
2122.000 0.241
2123.000 0.240
2124.000 0.229
2125.000 0.229
2126.000 0.226
2127.000 0.231
2128.000 0.248
2129.000 0.254
2130.000 0.259
2131.000 0.260
2132.000 0.254
2133.000 0.253
2134.000 0.254
2135.000 0.252
2136.000 0.251
2137.000 0.244
2138.000 0.239
2139.000 0.230
2140.000 0.225
2141.000 0.229
2142.000 0.229
2143.000 0.227
2144.000 0.230
2145.000 0.238
2146.000 0.241
2147.000 0.244
2148.000 0.247
2149.000 0.251
2150.000 0.251
2151.000 0.248
2152.000 0.251
2153.000 0.252
2154.000 0.253
2155.000 0.256
2156.000 0.271
2157.000 0.269
2158.000 0.264
2159.000 0.259
2160.000 0.251
2161.000 0.249
2162.000 0.252
2163.000 0.245
2164.000 0.232
2165.000 0.229
2166.000 0.225
2167.000 0.226
2168.000 0.243
2169.000 0.250
2170.000 0.243
2171.000 0.248
2172.000 0.267
2173.000 0.271
2174.000 0.271
2175.000 0.277
2176.000 0.278
2177.000 0.269
2178.000 0.272
2179.000 0.276
2180.000 0.276
2181.000 0.276
2182.000 0.283
2183.000 0.278
2184.000 0.276
2185.000 0.269
2186.000 0.266
2187.000 0.261
2188.000 0.267
2189.000 0.282
2190.000 0.287
2191.000 0.301
2192.000 0.299
2193.000 0.279
2194.000 0.269
2195.000 0.256
2196.000 0.248
2197.000 0.244
2198.000 0.241
2199.000 0.241
2200.000 0.241
2201.000 0.244
2202.000 0.243
2203.000 0.246
2204.000 0.250
2205.000 0.244
2206.000 0.244
2207.000 0.244
2208.000 0.244
2209.000 0.245
2210.000 0.254
2211.000 0.254
2212.000 0.249
2213.000 0.245
2214.000 0.235
2215.000 0.235
2216.000 0.238
2217.000 0.242
2218.000 0.258
2219.000 0.261
2220.000 0.255
2221.000 0.255
2222.000 0.248
2223.000 0.245
2224.000 0.247
2225.000 0.250
2226.000 0.249
2227.000 0.262
2228.000 0.275
2229.000 0.284
2230.000 0.290
2231.000 0.286
2232.000 0.285
2233.000 0.286
2234.000 0.271
2235.000 0.262
2236.000 0.259
2237.000 0.246
2238.000 0.248
2239.000 0.267
2240.000 0.280
2241.000 0.302
2242.000 0.309
2243.000 0.307
2244.000 0.304
2245.000 0.284
2246.000 0.274
2247.000 0.262
2248.000 0.263
2249.000 0.277
2250.000 0.285
2251.000 0.306
2252.000 0.313
2253.000 0.311
2254.000 0.304
2255.000 0.289
2256.000 0.281
2257.000 0.259
2258.000 0.259
2259.000 0.266
2260.000 0.265
2261.000 0.296
2262.000 0.296
2263.000 0.279
2264.000 0.269
2265.000 0.236
2266.000 0.213
2267.000 0.213
2268.000 0.217
2269.000 0.220
2270.000 0.236
2271.000 0.263
2272.000 0.290
2273.000 0.298
2274.000 0.301
2275.000 0.289
2276.000 0.241
2277.000 0.233
2278.000 0.238
2279.000 0.241
2280.000 0.268
2281.000 0.270
2282.000 0.252
2283.000 0.251
2284.000 0.248
2285.000 0.243
2286.000 0.249
2287.000 0.243
2288.000 0.220
2289.000 0.211
2290.000 0.193
2291.000 0.196
2292.000 0.241
2293.000 0.247
2294.000 0.240
2295.000 0.233
2296.000 0.185
2297.000 0.178
2298.000 0.182
2299.000 0.204
2300.000 0.240
2301.000 0.233
2302.000 0.259
2303.000 0.263
2304.000 0.235
2305.000 0.226
2306.000 0.205
2307.000 0.200
2308.000 0.209
2309.000 0.231
2310.000 0.292
2311.000 0.331
2312.000 0.331
2313.000 0.338
2314.000 0.306
2315.000 0.274
2316.000 0.256
2317.000 0.253
2318.000 0.243
2319.000 0.212
2320.000 0.220
2321.000 0.209
2322.000 0.180
2323.000 0.191
2324.000 0.185
2325.000 0.178
2326.000 0.178
2327.000 0.189
2328.000 0.190
2329.000 0.184
2330.000 0.225
2331.000 0.232
2332.000 0.250
2333.000 0.285
2334.000 0.354
2335.000 0.359
2336.000 0.348
2337.000 0.266
2338.000 0.277
2339.000 0.267
2340.000 0.299
2341.000 0.311
2342.000 0.327
2343.000 0.309
2344.000 0.321
2345.000 0.407
2346.000 0.408
2347.000 0.398
2348.000 0.416
2349.000 0.228
2350.000 0.198
2351.000 0.196
2352.000 0.203
2353.000 0.253
2354.000 0.281
2355.000 0.255
2356.000 0.232
2357.000 0.271
2358.000 0.221
2359.000 0.132
2360.000 0.070
2361.000 0.112
2362.000 0.117
2363.000 0.130
2364.000 0.199
2365.000 0.232
2366.000 0.238
2367.000 0.275
2368.000 0.314
2369.000 0.382
2370.000 0.542
2371.000 0.664
2372.000 0.555
2373.000 0.722
2374.000 0.242
2375.000 0.601
2376.000 0.491
2377.000 0.171
2378.000 0.281
2379.000 0.422
2380.000 0.860
2381.000 0.436
2382.000 0.415
2383.000 0.289
2384.000 0.293
2385.000 0.282
2386.000 0.233
2387.000 0.206
2388.000 0.147
2389.000 0.094
2390.000 0.133
2391.000 0.135
2392.000 0.165
2393.000 0.115
2394.000 0.171
2395.000 0.243
2396.000 0.301
2397.000 0.374
2398.000 0.326
2399.000 0.540
2400.000 0.521
2401.000 0.552
2402.000 0.602
2403.000 0.347
2404.000 0.345
2405.000 0.337
2406.000 0.157
2407.000 0.279
2408.000 0.548
2409.000 0.447
2410.000 0.404
2411.000 0.377
2412.000 0.342
2413.000 0.214
2414.000 0.341
2415.000 0.333
2416.000 0.315
2417.000 0.498
2418.000 0.674
2419.000 0.854
2420.000 0.595
2421.000 0.396
2422.000 0.540
2423.000 0.335
2424.000 0.272
2425.000 0.566
2426.000 0.242
2427.000 0.393
2428.000 0.482
2429.000 0.566
2430.000 0.436
2431.000 0.504
2432.000 0.582
2433.000 0.649
2434.000 0.509
2435.000 0.072
2436.000 0.518
2437.000 0.462
2438.000 0.246
2439.000 0.203
2440.000 0.527
2441.000 0.825
2442.000 0.505
2443.000 0.515
2444.000 0.464
2445.000 0.536
2446.000 0.618
2447.000 0.469
2448.000 0.396
2449.000 0.321
2450.000 0.326
2451.000 0.474
2452.000 0.232
2453.000 0.346
2454.000 0.192
2455.000 0.228
2456.000 0.283
2457.000 0.267
2458.000 0.421
2459.000 0.429
2460.000 0.424
2461.000 0.424
2462.000 0.425
2463.000 0.171
2464.000 0.122
2465.000 0.331
2466.000 0.676
2467.000 0.539
2468.000 0.461
2469.000 0.358
2470.000 0.315
2471.000 0.417
2472.000 0.436
2473.000 0.735
2474.000 0.788
2475.000 0.837
2476.000 0.445
2477.000 0.359
2478.000 0.260
2479.000 0.371
2480.000 0.647
2481.000 0.546
2482.000 0.424
2483.000 0.368
2484.000 0.267
2485.000 0.356
2486.000 0.233
2487.000 0.243
2488.000 0.604
2489.000 0.767
2490.000 0.774
2491.000 0.790
2492.000 0.662
2493.000 0.583
2494.000 0.494
2495.000 0.434
2496.000 0.399
2497.000 0.266
2498.000 0.231
2499.000 0.302
2500.000 0.309
