391.000 0.049
392.000 0.051
393.000 0.052
394.000 0.048
395.000 0.044
396.000 0.047
397.000 0.053
398.000 0.053
399.000 0.048
400.000 0.046
401.000 0.048
402.000 0.045
403.000 0.046
404.000 0.049
405.000 0.049
406.000 0.050
407.000 0.049
408.000 0.047
409.000 0.049
410.000 0.049
411.000 0.048
412.000 0.047
413.000 0.049
414.000 0.049
415.000 0.048
416.000 0.048
417.000 0.050
418.000 0.049
419.000 0.046
420.000 0.047
421.000 0.049
422.000 0.050
423.000 0.049
424.000 0.049
425.000 0.049
426.000 0.048
427.000 0.048
428.000 0.049
429.000 0.049
430.000 0.048
431.000 0.050
432.000 0.049
433.000 0.048
434.000 0.049
435.000 0.049
436.000 0.049
437.000 0.049
438.000 0.050
439.000 0.049
440.000 0.048
441.000 0.048
442.000 0.050
443.000 0.050
444.000 0.049
445.000 0.048
446.000 0.048
447.000 0.049
448.000 0.051
449.000 0.051
450.000 0.050
451.000 0.049
452.000 0.049
453.000 0.049
454.000 0.049
455.000 0.050
456.000 0.051
457.000 0.051
458.000 0.051
459.000 0.051
460.000 0.050
461.000 0.051
462.000 0.051
463.000 0.050
464.000 0.051
465.000 0.052
466.000 0.052
467.000 0.051
468.000 0.052
469.000 0.052
470.000 0.051
471.000 0.050
472.000 0.051
473.000 0.052
474.000 0.053
475.000 0.052
476.000 0.052
477.000 0.051
478.000 0.051
479.000 0.051
480.000 0.052
481.000 0.052
482.000 0.053
483.000 0.053
484.000 0.052
485.000 0.052
486.000 0.053
487.000 0.054
488.000 0.053
489.000 0.054
490.000 0.053
491.000 0.054
492.000 0.054
493.000 0.054
494.000 0.054
495.000 0.054
496.000 0.055
497.000 0.056
498.000 0.056
499.000 0.056
500.000 0.056
501.000 0.056
502.000 0.057
503.000 0.059
504.000 0.059
505.000 0.060
506.000 0.061
507.000 0.062
508.000 0.062
509.000 0.064
510.000 0.066
511.000 0.069
512.000 0.070
513.000 0.072
514.000 0.074
515.000 0.077
516.000 0.079
517.000 0.082
518.000 0.084
519.000 0.088
520.000 0.092
521.000 0.096
522.000 0.098
523.000 0.101
524.000 0.104
525.000 0.107
526.000 0.112
527.000 0.115
528.000 0.118
529.000 0.120
530.000 0.122
531.000 0.124
532.000 0.127
533.000 0.129
534.000 0.131
535.000 0.132
536.000 0.134
537.000 0.136
538.000 0.136
539.000 0.137
540.000 0.138
541.000 0.138
542.000 0.139
543.000 0.140
544.000 0.140
545.000 0.141
546.000 0.141
547.000 0.142
548.000 0.142
549.000 0.142
550.000 0.143
551.000 0.143
552.000 0.143
553.000 0.143
554.000 0.143
555.000 0.142
556.000 0.142
557.000 0.141
558.000 0.140
559.000 0.139
560.000 0.138
561.000 0.136
562.000 0.135
563.000 0.133
564.000 0.132
565.000 0.129
566.000 0.127
567.000 0.125
568.000 0.123
569.000 0.120
570.000 0.119
571.000 0.117
572.000 0.114
573.000 0.111
574.000 0.111
575.000 0.110
576.000 0.108
577.000 0.106
578.000 0.104
579.000 0.104
580.000 0.102
581.000 0.100
582.000 0.098
583.000 0.098
584.000 0.097
585.000 0.096
586.000 0.095
587.000 0.095
588.000 0.095
589.000 0.095
590.000 0.092
591.000 0.091
592.000 0.091
593.000 0.090
594.000 0.090
595.000 0.089
596.000 0.089
597.000 0.089
598.000 0.089
599.000 0.088
600.000 0.087
601.000 0.086
602.000 0.087
603.000 0.087
604.000 0.086
605.000 0.085
606.000 0.085
607.000 0.085
608.000 0.085
609.000 0.084
610.000 0.084
611.000 0.083
612.000 0.081
613.000 0.080
614.000 0.079
615.000 0.079
616.000 0.080
617.000 0.079
618.000 0.079
619.000 0.078
620.000 0.077
621.000 0.077
622.000 0.076
623.000 0.077
624.000 0.076
625.000 0.076
626.000 0.075
627.000 0.075
628.000 0.076
629.000 0.076
630.000 0.074
631.000 0.076
632.000 0.076
633.000 0.075
634.000 0.075
635.000 0.075
636.000 0.075
637.000 0.074
638.000 0.073
639.000 0.071
640.000 0.070
641.000 0.070
642.000 0.070
643.000 0.068
644.000 0.067
645.000 0.067
646.000 0.067
647.000 0.066
648.000 0.065
649.000 0.066
650.000 0.066
651.000 0.066
652.000 0.066
653.000 0.065
654.000 0.064
655.000 0.065
656.000 0.065
657.000 0.065
658.000 0.065
659.000 0.066
660.000 0.064
661.000 0.064
662.000 0.064
663.000 0.063
664.000 0.063
665.000 0.063
666.000 0.063
667.000 0.065
668.000 0.066
669.000 0.065
670.000 0.065
671.000 0.064
672.000 0.065
673.000 0.067
674.000 0.067
675.000 0.068
676.000 0.070
677.000 0.071
678.000 0.071
679.000 0.072
680.000 0.072
681.000 0.071
682.000 0.072
683.000 0.074
684.000 0.076
685.000 0.078
686.000 0.081
687.000 0.083
688.000 0.085
689.000 0.088
690.000 0.090
691.000 0.092
692.000 0.095
693.000 0.099
694.000 0.107
695.000 0.115
696.000 0.121
697.000 0.129
698.000 0.140
699.000 0.149
700.000 0.159
701.000 0.169
702.000 0.182
703.000 0.193
704.000 0.203
705.000 0.214
706.000 0.225
707.000 0.236
708.000 0.247
709.000 0.259
710.000 0.270
711.000 0.281
712.000 0.292
713.000 0.305
714.000 0.315
715.000 0.326
716.000 0.338
717.000 0.350
718.000 0.362
719.000 0.374
720.000 0.387
721.000 0.398
722.000 0.408
723.000 0.418
724.000 0.429
725.000 0.440
726.000 0.451
727.000 0.460
728.000 0.470
729.000 0.479
730.000 0.488
731.000 0.496
732.000 0.504
733.000 0.512
734.000 0.519
735.000 0.525
736.000 0.531
737.000 0.532
738.000 0.538
739.000 0.543
740.000 0.548
741.000 0.546
742.000 0.538
743.000 0.542
744.000 0.545
745.000 0.548
746.000 0.553
747.000 0.523
748.000 0.526
749.000 0.528
750.000 0.530
751.000 0.531
752.000 0.533
753.000 0.535
754.000 0.536
755.000 0.537
756.000 0.538
757.000 0.539
758.000 0.539
759.000 0.539
760.000 0.540
761.000 0.542
762.000 0.541
763.000 0.542
764.000 0.542
765.000 0.543
766.000 0.544
767.000 0.545
768.000 0.545
769.000 0.546
770.000 0.546
771.000 0.546
772.000 0.547
773.000 0.547
774.000 0.548
775.000 0.547
776.000 0.548
777.000 0.548
778.000 0.548
779.000 0.549
780.000 0.549
781.000 0.549
782.000 0.549
783.000 0.549
784.000 0.550
785.000 0.550
786.000 0.550
787.000 0.550
788.000 0.550
789.000 0.551
790.000 0.550
791.000 0.551
792.000 0.551
793.000 0.551
794.000 0.551
795.000 0.552
796.000 0.552
797.000 0.552
798.000 0.552
799.000 0.553
800.000 0.553
801.000 0.553
802.000 0.553
803.000 0.554
804.000 0.554
805.000 0.554
806.000 0.555
807.000 0.555
808.000 0.555
809.000 0.555
810.000 0.556
811.000 0.555
812.000 0.555
813.000 0.554
814.000 0.555
815.000 0.555
816.000 0.555
817.000 0.555
818.000 0.555
819.000 0.556
820.000 0.556
821.000 0.556
822.000 0.557
823.000 0.558
824.000 0.558
825.000 0.558
826.000 0.558
827.000 0.559
828.000 0.559
829.000 0.559
830.000 0.559
831.000 0.559
832.000 0.560
833.000 0.560
834.000 0.561
835.000 0.561
836.000 0.561
837.000 0.561
838.000 0.562
839.000 0.562
840.000 0.562
841.000 0.563
842.000 0.563
843.000 0.563
844.000 0.563
845.000 0.564
846.000 0.564
847.000 0.564
848.000 0.564
849.000 0.565
850.000 0.565
851.000 0.565
852.000 0.565
853.000 0.566
854.000 0.566
855.000 0.566
856.000 0.566
857.000 0.566
858.000 0.566
859.000 0.567
860.000 0.567
861.000 0.567
862.000 0.567
863.000 0.567
864.000 0.567
865.000 0.568
866.000 0.568
867.000 0.568
868.000 0.568
869.000 0.569
870.000 0.569
871.000 0.569
872.000 0.569
873.000 0.570
874.000 0.570
875.000 0.570
876.000 0.570
877.000 0.570
878.000 0.571
879.000 0.571
880.000 0.571
881.000 0.571
882.000 0.572
883.000 0.572
884.000 0.572
885.000 0.572
886.000 0.572
887.000 0.573
888.000 0.573
889.000 0.573
890.000 0.573
891.000 0.573
892.000 0.573
893.000 0.573
894.000 0.573
895.000 0.573
896.000 0.573
897.000 0.573
898.000 0.573
899.000 0.573
900.000 0.574
901.000 0.574
902.000 0.574
903.000 0.574
904.000 0.574
905.000 0.574
906.000 0.574
907.000 0.574
908.000 0.575
909.000 0.575
910.000 0.575
911.000 0.575
912.000 0.575
913.000 0.575
914.000 0.574
915.000 0.575
916.000 0.576
917.000 0.576
918.000 0.576
919.000 0.577
920.000 0.577
921.000 0.576
922.000 0.577
923.000 0.577
924.000 0.577
925.000 0.576
926.000 0.576
927.000 0.575
928.000 0.574
929.000 0.574
930.000 0.574
931.000 0.573
932.000 0.572
933.000 0.571
934.000 0.570
935.000 0.568
936.000 0.567
937.000 0.568
938.000 0.569
939.000 0.567
940.000 0.565
941.000 0.566
942.000 0.567
943.000 0.566
944.000 0.567
945.000 0.568
946.000 0.568
947.000 0.566
948.000 0.565
949.000 0.564
950.000 0.563
951.000 0.564
952.000 0.565
953.000 0.565
954.000 0.564
955.000 0.565
956.000 0.568
957.000 0.567
958.000 0.565
959.000 0.565
960.000 0.566
961.000 0.566
962.000 0.568
963.000 0.570
964.000 0.569
965.000 0.568
966.000 0.569
967.000 0.571
968.000 0.569
969.000 0.571
970.000 0.571
971.000 0.569
972.000 0.568
973.000 0.570
974.000 0.570
975.000 0.570
976.000 0.573
977.000 0.573
978.000 0.572
979.000 0.572
980.000 0.573
981.000 0.572
982.000 0.572
983.000 0.572
984.000 0.573
985.000 0.574
986.000 0.575
987.000 0.575
988.000 0.576
989.000 0.578
990.000 0.577
991.000 0.575
992.000 0.577
993.000 0.577
994.000 0.577
995.000 0.578
996.000 0.576
997.000 0.578
998.000 0.581
999.000 0.580
1000.000 0.577
1001.000 0.582
1002.000 0.582
1003.000 0.584
1004.000 0.584
1005.000 0.585
1006.000 0.585
1007.000 0.585
1008.000 0.586
1009.000 0.586
1010.000 0.585
1011.000 0.585
1012.000 0.586
1013.000 0.586
1014.000 0.586
1015.000 0.587
1016.000 0.587
1017.000 0.587
1018.000 0.588
1019.000 0.588
1020.000 0.588
1021.000 0.589
1022.000 0.589
1023.000 0.588
1024.000 0.589
1025.000 0.590
1026.000 0.590
1027.000 0.591
1028.000 0.591
1029.000 0.591
1030.000 0.592
1031.000 0.593
1032.000 0.594
1033.000 0.594
1034.000 0.594
1035.000 0.594
1036.000 0.593
1037.000 0.593
1038.000 0.593
1039.000 0.593
1040.000 0.593
1041.000 0.594
1042.000 0.594
1043.000 0.596
1044.000 0.595
1045.000 0.596
1046.000 0.596
1047.000 0.596
1048.000 0.596
1049.000 0.596
1050.000 0.597
1051.000 0.597
1052.000 0.597
1053.000 0.597
1054.000 0.597
1055.000 0.597
1056.000 0.598
1057.000 0.598
1058.000 0.598
1059.000 0.598
1060.000 0.598
1061.000 0.598
1062.000 0.598
1063.000 0.598
1064.000 0.598
1065.000 0.599
1066.000 0.599
1067.000 0.599
1068.000 0.599
1069.000 0.599
1070.000 0.599
1071.000 0.599
1072.000 0.599
1073.000 0.600
1074.000 0.600
1075.000 0.600
1076.000 0.600
1077.000 0.600
1078.000 0.600
1079.000 0.600
1080.000 0.600
1081.000 0.600
1082.000 0.600
1083.000 0.600
1084.000 0.600
1085.000 0.600
1086.000 0.600
1087.000 0.600
1088.000 0.599
1089.000 0.598
1090.000 0.599
1091.000 0.599
1092.000 0.599
1093.000 0.599
1094.000 0.599
1095.000 0.599
1096.000 0.599
1097.000 0.600
1098.000 0.600
1099.000 0.600
1100.000 0.600
1101.000 0.601
1102.000 0.601
1103.000 0.600
1104.000 0.600
1105.000 0.599
1106.000 0.598
1107.000 0.598
1108.000 0.597
1109.000 0.596
1110.000 0.596
1111.000 0.597
1112.000 0.597
1113.000 0.598
1114.000 0.598
1115.000 0.582
1116.000 0.581
1117.000 0.578
1118.000 0.578
1119.000 0.578
1120.000 0.578
1121.000 0.577
1122.000 0.574
1123.000 0.586
1124.000 0.622
1125.000 0.620
1126.000 0.621
1127.000 0.582
1128.000 0.584
1129.000 0.585
1130.000 0.586
1131.000 0.584
1132.000 0.584
1133.000 0.584
1134.000 0.584
1135.000 0.584
1136.000 0.585
1137.000 0.585
1138.000 0.585
1139.000 0.585
1140.000 0.584
1141.000 0.582
1142.000 0.580
1143.000 0.578
1144.000 0.577
1145.000 0.577
1146.000 0.577
1147.000 0.577
1148.000 0.578
1149.000 0.580
1150.000 0.580
1151.000 0.581
1152.000 0.581
1153.000 0.580
1154.000 0.581
1155.000 0.579
1156.000 0.578
1157.000 0.578
1158.000 0.578
1159.000 0.578
1160.000 0.578
1161.000 0.578
1162.000 0.580
1163.000 0.580
1164.000 0.581
1165.000 0.581
1166.000 0.581
1167.000 0.580
1168.000 0.579
1169.000 0.580
1170.000 0.580
1171.000 0.580
1172.000 0.581
1173.000 0.582
1174.000 0.582
1175.000 0.582
1176.000 0.583
1177.000 0.583
1178.000 0.584
1179.000 0.584
1180.000 0.585
1181.000 0.584
1182.000 0.585
1183.000 0.585
1184.000 0.585
1185.000 0.585
1186.000 0.585
1187.000 0.585
1188.000 0.585
1189.000 0.586
1190.000 0.586
1191.000 0.586
1192.000 0.587
1193.000 0.587
1194.000 0.587
1195.000 0.587
1196.000 0.587
1197.000 0.587
1198.000 0.588
1199.000 0.588
1200.000 0.588
1201.000 0.588
1202.000 0.588
1203.000 0.589
1204.000 0.589
1205.000 0.589
1206.000 0.589
1207.000 0.589
1208.000 0.590
1209.000 0.590
1210.000 0.590
1211.000 0.591
1212.000 0.591
1213.000 0.591
1214.000 0.591
1215.000 0.590
1216.000 0.590
1217.000 0.590
1218.000 0.591
1219.000 0.591
1220.000 0.591
1221.000 0.591
1222.000 0.592
1223.000 0.593
1224.000 0.593
1225.000 0.593
1226.000 0.593
1227.000 0.593
1228.000 0.593
1229.000 0.593
1230.000 0.594
1231.000 0.594
1232.000 0.594
1233.000 0.594
1234.000 0.595
1235.000 0.595
1236.000 0.595
1237.000 0.595
1238.000 0.595
1239.000 0.595
1240.000 0.596
1241.000 0.596
1242.000 0.596
1243.000 0.597
1244.000 0.597
1245.000 0.597
1246.000 0.596
1247.000 0.596
1248.000 0.597
1249.000 0.597
1250.000 0.597
1251.000 0.597
1252.000 0.597
1253.000 0.597
1254.000 0.596
1255.000 0.596
1256.000 0.596
1257.000 0.597
1258.000 0.598
1259.000 0.597
1260.000 0.598
1261.000 0.597
1262.000 0.598
1263.000 0.600
1264.000 0.600
1265.000 0.600
1266.000 0.600
1267.000 0.599
1268.000 0.598
1269.000 0.599
1270.000 0.598
1271.000 0.599
1272.000 0.599
1273.000 0.599
1274.000 0.599
1275.000 0.599
1276.000 0.600
1277.000 0.600
1278.000 0.601
1279.000 0.601
1280.000 0.602
1281.000 0.602
1282.000 0.603
1283.000 0.603
1284.000 0.602
1285.000 0.602
1286.000 0.601
1287.000 0.601
1288.000 0.602
1289.000 0.602
1290.000 0.602
1291.000 0.602
1292.000 0.601
1293.000 0.601
1294.000 0.600
1295.000 0.600
1296.000 0.600
1297.000 0.599
1298.000 0.599
1299.000 0.599
1300.000 0.599
1301.000 0.598
1302.000 0.597
1303.000 0.597
1304.000 0.596
1305.000 0.596
1306.000 0.595
1307.000 0.593
1308.000 0.592
1309.000 0.590
1310.000 0.589
1311.000 0.588
1312.000 0.588
1313.000 0.587
1314.000 0.587
1315.000 0.586
1316.000 0.584
1317.000 0.583
1318.000 0.582
1319.000 0.581
1320.000 0.579
1321.000 0.578
1322.000 0.577
1323.000 0.576
1324.000 0.575
1325.000 0.574
1326.000 0.572
1327.000 0.570
1328.000 0.567
1329.000 0.566
1330.000 0.566
1331.000 0.564
1332.000 0.563
1333.000 0.561
1334.000 0.595
1335.000 0.593
1336.000 0.590
1337.000 0.588
1338.000 0.589
1339.000 0.588
1340.000 0.588
1341.000 0.601
1342.000 0.599
1343.000 0.596
1344.000 0.594
1345.000 0.592
1346.000 0.592
1347.000 0.598
1348.000 0.598
1349.000 0.590
1350.000 0.591
1351.000 0.591
1352.000 0.591
1353.000 0.601
1354.000 0.607
1355.000 0.626
1356.000 0.648
1357.000 0.682
1358.000 0.657
1359.000 0.673
1360.000 0.662
1361.000 0.420
1362.000 0.404
1363.000 0.461
1364.000 0.490
1365.000 0.653
1366.000 0.579
1367.000 0.566
1368.000 0.429
1369.000 0.437
1370.000 0.469
1371.000 0.480
1372.000 0.361
1373.000 0.336
1374.000 0.378
1375.000 0.587
1376.000 0.709
1377.000 0.663
1378.000 0.535
1379.000 0.601
1380.000 0.618
1381.000 0.533
1382.000 0.643
1383.000 0.758
1384.000 0.581
1385.000 0.666
1386.000 0.604
1387.000 0.641
1388.000 0.679
1389.000 0.582
1390.000 0.456
1391.000 0.507
1392.000 0.533
1393.000 0.541
1394.000 0.422
1395.000 0.431
1396.000 0.353
1397.000 0.409
1398.000 0.494
1399.000 0.522
1400.000 0.551
1401.000 0.501
1402.000 0.433
1403.000 0.355
1404.000 0.479
1405.000 0.430
1406.000 0.487
1407.000 0.470
1408.000 0.450
1409.000 0.425
1410.000 0.382
1411.000 0.363
1412.000 0.357
1413.000 0.354
1414.000 0.380
1415.000 0.397
1416.000 0.409
1417.000 0.430
1418.000 0.435
1419.000 0.366
1420.000 0.356
1421.000 0.324
1422.000 0.333
1423.000 0.383
1424.000 0.376
1425.000 0.348
1426.000 0.340
1427.000 0.325
1428.000 0.312
1429.000 0.304
1430.000 0.298
1431.000 0.286
1432.000 0.281
1433.000 0.284
1434.000 0.281
1435.000 0.272
1436.000 0.269
1437.000 0.267
1438.000 0.269
1439.000 0.277
1440.000 0.279
1441.000 0.282
1442.000 0.280
1443.000 0.271
1444.000 0.267
1445.000 0.262
1446.000 0.261
1447.000 0.263
1448.000 0.264
1449.000 0.266
1450.000 0.265
1451.000 0.265
1452.000 0.260
1453.000 0.261
1454.000 0.261
1455.000 0.262
1456.000 0.265
1457.000 0.265
1458.000 0.265
1459.000 0.265
1460.000 0.265
1461.000 0.263
1462.000 0.259
1463.000 0.258
1464.000 0.256
1465.000 0.259
1466.000 0.267
1467.000 0.273
1468.000 0.282
1469.000 0.286
1470.000 0.291
1471.000 0.291
1472.000 0.284
1473.000 0.284
1474.000 0.280
1475.000 0.283
1476.000 0.295
1477.000 0.297
1478.000 0.297
1479.000 0.296
1480.000 0.287
1481.000 0.286
1482.000 0.289
1483.000 0.291
1484.000 0.296
1485.000 0.298
1486.000 0.295
1487.000 0.296
1488.000 0.299
1489.000 0.302
1490.000 0.307
1491.000 0.309
1492.000 0.310
1493.000 0.312
1494.000 0.314
1495.000 0.315
1496.000 0.318
1497.000 0.321
1498.000 0.325
1499.000 0.329
1500.000 0.334
1501.000 0.336
1502.000 0.335
1503.000 0.335
1504.000 0.336
1505.000 0.337
1506.000 0.338
1507.000 0.340
1508.000 0.342
1509.000 0.344
1510.000 0.346
1511.000 0.348
1512.000 0.350
1513.000 0.350
1514.000 0.353
1515.000 0.356
1516.000 0.359
1517.000 0.364
1518.000 0.367
1519.000 0.368
1520.000 0.371
1521.000 0.373
1522.000 0.375
1523.000 0.375
1524.000 0.376
1525.000 0.377
1526.000 0.378
1527.000 0.379
1528.000 0.380
1529.000 0.382
1530.000 0.385
1531.000 0.388
1532.000 0.391
1533.000 0.393
1534.000 0.395
1535.000 0.395
1536.000 0.397
1537.000 0.400
1538.000 0.403
1539.000 0.407
1540.000 0.409
1541.000 0.410
1542.000 0.412
1543.000 0.413
1544.000 0.415
1545.000 0.418
1546.000 0.420
1547.000 0.421
1548.000 0.422
1549.000 0.422
1550.000 0.422
1551.000 0.424
1552.000 0.425
1553.000 0.426
1554.000 0.428
1555.000 0.431
1556.000 0.433
1557.000 0.435
1558.000 0.437
1559.000 0.438
1560.000 0.439
1561.000 0.439
1562.000 0.440
1563.000 0.442
1564.000 0.444
1565.000 0.446
1566.000 0.448
1567.000 0.449
1568.000 0.450
1569.000 0.452
1570.000 0.453
1571.000 0.455
1572.000 0.456
1573.000 0.459
1574.000 0.461
1575.000 0.464
1576.000 0.465
1577.000 0.466
1578.000 0.466
1579.000 0.467
1580.000 0.467
1581.000 0.469
1582.000 0.470
1583.000 0.472
1584.000 0.473
1585.000 0.473
1586.000 0.474
1587.000 0.476
1588.000 0.477
1589.000 0.480
1590.000 0.482
1591.000 0.482
1592.000 0.483
1593.000 0.484
1594.000 0.484
1595.000 0.484
1596.000 0.484
1597.000 0.486
1598.000 0.487
1599.000 0.490
1600.000 0.492
1601.000 0.493
1602.000 0.495
1603.000 0.496
1604.000 0.497
1605.000 0.497
1606.000 0.498
1607.000 0.498
1608.000 0.499
1609.000 0.499
1610.000 0.500
1611.000 0.501
1612.000 0.502
1613.000 0.501
1614.000 0.502
1615.000 0.503
1616.000 0.504
1617.000 0.504
1618.000 0.505
1619.000 0.506
1620.000 0.507
1621.000 0.510
1622.000 0.511
1623.000 0.512
1624.000 0.512
1625.000 0.513
1626.000 0.514
1627.000 0.515
1628.000 0.516
1629.000 0.517
1630.000 0.518
1631.000 0.517
1632.000 0.516
1633.000 0.516
1634.000 0.517
1635.000 0.519
1636.000 0.521
1637.000 0.524
1638.000 0.526
1639.000 0.525
1640.000 0.525
1641.000 0.525
1642.000 0.524
1643.000 0.523
1644.000 0.522
1645.000 0.523
1646.000 0.523
1647.000 0.525
1648.000 0.526
1649.000 0.527
1650.000 0.528
1651.000 0.528
1652.000 0.529
1653.000 0.530
1654.000 0.531
1655.000 0.531
1656.000 0.531
1657.000 0.527
1658.000 0.527
1659.000 0.530
1660.000 0.531
1661.000 0.533
1662.000 0.534
1663.000 0.534
1664.000 0.533
1665.000 0.535
1666.000 0.535
1667.000 0.534
1668.000 0.534
1669.000 0.535
1670.000 0.535
1671.000 0.535
1672.000 0.535
1673.000 0.536
1674.000 0.537
1675.000 0.537
1676.000 0.538
1677.000 0.537
1678.000 0.538
1679.000 0.538
1680.000 0.539
1681.000 0.540
1682.000 0.541
1683.000 0.541
1684.000 0.541
1685.000 0.540
1686.000 0.540
1687.000 0.539
1688.000 0.540
1689.000 0.542
1690.000 0.544
1691.000 0.547
1692.000 0.547
1693.000 0.545
1694.000 0.543
1695.000 0.539
1696.000 0.538
1697.000 0.537
1698.000 0.537
1699.000 0.538
1700.000 0.538
1701.000 0.538
1702.000 0.537
1703.000 0.535
1704.000 0.535
1705.000 0.537
1706.000 0.538
1707.000 0.542
1708.000 0.544
1709.000 0.544
1710.000 0.543
1711.000 0.539
1712.000 0.537
1713.000 0.536
1714.000 0.536
1715.000 0.537
1716.000 0.535
1717.000 0.534
1718.000 0.533
1719.000 0.532
1720.000 0.532
1721.000 0.531
1722.000 0.529
1723.000 0.526
1724.000 0.523
1725.000 0.520
1726.000 0.519
1727.000 0.519
1728.000 0.523
1729.000 0.524
1730.000 0.525
1731.000 0.525
1732.000 0.522
1733.000 0.523
1734.000 0.525
1735.000 0.522
1736.000 0.523
1737.000 0.520
1738.000 0.516
1739.000 0.513
1740.000 0.508
1741.000 0.507
1742.000 0.509
1743.000 0.509
1744.000 0.511
1745.000 0.510
1746.000 0.506
1747.000 0.504
1748.000 0.505
1749.000 0.502
1750.000 0.500
1751.000 0.499
1752.000 0.497
1753.000 0.496
1754.000 0.498
1755.000 0.499
1756.000 0.499
1757.000 0.499
1758.000 0.497
1759.000 0.495
1760.000 0.493
1761.000 0.492
1762.000 0.493
1763.000 0.493
1764.000 0.491
1765.000 0.492
1766.000 0.490
1767.000 0.488
1768.000 0.489
1769.000 0.488
1770.000 0.490
1771.000 0.486
1772.000 0.479
1773.000 0.477
1774.000 0.474
1775.000 0.474
1776.000 0.478
1777.000 0.477
1778.000 0.473
1779.000 0.472
1780.000 0.472
1781.000 0.470
1782.000 0.470
1783.000 0.479
1784.000 0.490
1785.000 0.495
1786.000 0.500
1787.000 0.491
1788.000 0.487
1789.000 0.492
1790.000 0.489
1791.000 0.480
1792.000 0.476
1793.000 0.465
1794.000 0.448
1795.000 0.436
1796.000 0.429
1797.000 0.436
1798.000 0.450
1799.000 0.458
1800.000 0.473
1801.000 0.617
1802.000 0.670
1803.000 0.697
1804.000 0.663
1805.000 0.676
1806.000 0.657
1807.000 0.648
1808.000 0.660
1809.000 0.663
1810.000 0.570
1811.000 0.532
1812.000 0.481
1813.000 0.493
1814.000 0.524
1815.000 0.494
1816.000 0.527
1817.000 0.554
1818.000 0.515
1819.000 0.590
1820.000 0.313
1821.000 0.533
1822.000 0.363
1823.000 0.425
1824.000 0.449
1825.000 0.448
1826.000 0.515
1827.000 0.442
1828.000 0.364
1829.000 0.298
1830.000 0.249
1831.000 0.153
1832.000 0.213
1833.000 0.259
1834.000 0.260
1835.000 0.288
1836.000 0.312
1837.000 0.408
1838.000 0.475
1839.000 0.540
1840.000 0.540
1841.000 0.570
1842.000 0.381
1843.000 0.367
1844.000 0.403
1845.000 0.501
1846.000 0.707
1847.000 0.689
1848.000 0.585
1849.000 0.526
1850.000 0.492
1851.000 0.407
1852.000 0.535
1853.000 0.603
1854.000 0.661
1855.000 0.621
1856.000 0.504
1857.000 0.641
1858.000 0.586
1859.000 0.360
1860.000 0.364
1861.000 0.501
1862.000 0.516
1863.000 0.595
1864.000 0.544
1865.000 0.710
1866.000 0.700
1867.000 0.711
1868.000 0.594
1869.000 0.541
1870.000 0.513
1871.000 0.477
1872.000 0.460
1873.000 0.475
1874.000 0.576
1875.000 0.593
1876.000 0.509
1877.000 0.346
1878.000 0.193
1879.000 0.219
1880.000 0.206
1881.000 0.595
1882.000 0.545
1883.000 0.682
1884.000 0.558
1885.000 0.579
1886.000 0.552
1887.000 0.530
1888.000 0.505
1889.000 0.513
1890.000 0.496
1891.000 0.473
1892.000 0.414
1893.000 0.343
1894.000 0.407
1895.000 0.478
1896.000 0.388
1897.000 0.383
1898.000 0.384
1899.000 0.345
1900.000 0.256
1901.000 0.291
1902.000 0.291
1903.000 0.294
1904.000 0.491
1905.000 0.516
1906.000 0.524
1907.000 0.701
1908.000 0.574
1909.000 0.624
1910.000 0.639
1911.000 0.425
1912.000 0.426
1913.000 0.407
1914.000 0.391
1915.000 0.382
1916.000 0.427
1917.000 0.458
1918.000 0.344
1919.000 0.299
1920.000 0.387
1921.000 0.397
1922.000 0.473
1923.000 0.484
1924.000 0.420
1925.000 0.318
1926.000 0.371
1927.000 0.400
1928.000 0.503
1929.000 0.497
1930.000 0.625
1931.000 0.512
1932.000 0.657
1933.000 0.674
1934.000 0.649
1935.000 0.461
1936.000 0.579
1937.000 0.599
1938.000 0.842
1939.000 0.550
1940.000 0.539
1941.000 0.492
1942.000 0.408
1943.000 0.347
1944.000 0.336
1945.000 0.499
1946.000 0.400
1947.000 0.411
1948.000 0.507
1949.000 0.397
1950.000 0.468
1951.000 0.493
1952.000 0.594
1953.000 0.555
1954.000 0.493
1955.000 0.534
1956.000 0.377
1957.000 0.425
1958.000 0.408
1959.000 0.414
1960.000 0.393
1961.000 0.352
1962.000 0.320
1963.000 0.280
1964.000 0.290
1965.000 0.325
1966.000 0.386
1967.000 0.346
1968.000 0.356
1969.000 0.330
1970.000 0.278
1971.000 0.252
1972.000 0.243
1973.000 0.218
1974.000 0.217
1975.000 0.207
1976.000 0.228
1977.000 0.236
1978.000 0.245
1979.000 0.265
1980.000 0.264
1981.000 0.252
1982.000 0.241
1983.000 0.239
1984.000 0.243
1985.000 0.245
1986.000 0.248
1987.000 0.257
1988.000 0.259
1989.000 0.261
1990.000 0.259
1991.000 0.251
1992.000 0.236
1993.000 0.226
1994.000 0.224
1995.000 0.246
1996.000 0.259
1997.000 0.264
1998.000 0.266
1999.000 0.251
2000.000 0.201
2001.000 0.197
2002.000 0.202
2003.000 0.221
2004.000 0.305
2005.000 0.367
2006.000 0.477
2007.000 0.515
2008.000 0.472
2009.000 0.597
2010.000 0.483
2011.000 0.498
2012.000 0.500
2013.000 0.414
2014.000 0.348
2015.000 0.281
2016.000 0.259
2017.000 0.280
2018.000 0.282
2019.000 0.268
2020.000 0.316
2021.000 0.342
2022.000 0.324
2023.000 0.314
2024.000 0.289
2025.000 0.257
2026.000 0.230
2027.000 0.227
2028.000 0.240
2029.000 0.245
2030.000 0.260
2031.000 0.262
2032.000 0.251
2033.000 0.249
2034.000 0.246
2035.000 0.243
2036.000 0.243
2037.000 0.245
2038.000 0.238
2039.000 0.236
2040.000 0.235
2041.000 0.231
2042.000 0.232
2043.000 0.237
2044.000 0.246
2045.000 0.266
2046.000 0.277
2047.000 0.285
2048.000 0.296
2049.000 0.305
2050.000 0.300
2051.000 0.306
2052.000 0.341
2053.000 0.328
2054.000 0.318
2055.000 0.309
2056.000 0.289
2057.000 0.285
2058.000 0.286
2059.000 0.281
2060.000 0.275
2061.000 0.275
2062.000 0.281
2063.000 0.281
2064.000 0.278
2065.000 0.285
2066.000 0.303
2067.000 0.291
2068.000 0.294
2069.000 0.290
2070.000 0.278
2071.000 0.279
2072.000 0.279
2073.000 0.289
2074.000 0.291
2075.000 0.289
2076.000 0.286
2077.000 0.282
2078.000 0.279
2079.000 0.272
2080.000 0.271
2081.000 0.275
2082.000 0.275
2083.000 0.280
2084.000 0.282
2085.000 0.283
2086.000 0.286
2087.000 0.289
2088.000 0.297
2089.000 0.296
2090.000 0.290
2091.000 0.288
2092.000 0.278
2093.000 0.278
2094.000 0.289
2095.000 0.292
2096.000 0.290
2097.000 0.290
2098.000 0.287
2099.000 0.287
2100.000 0.291
2101.000 0.296
2102.000 0.301
2103.000 0.302
2104.000 0.303
2105.000 0.299
2106.000 0.302
2107.000 0.304
2108.000 0.309
2109.000 0.326
2110.000 0.332
2111.000 0.337
2112.000 0.337
2113.000 0.325
2114.000 0.319
2115.000 0.313
2116.000 0.310
2117.000 0.311
2118.000 0.307
2119.000 0.308
2120.000 0.310
2121.000 0.310
2122.000 0.316
2123.000 0.320
2124.000 0.329
2125.000 0.331
2126.000 0.331
2127.000 0.332
2128.000 0.328
2129.000 0.326
2130.000 0.326
2131.000 0.323
2132.000 0.315
2133.000 0.311
2134.000 0.306
2135.000 0.305
2136.000 0.307
2137.000 0.311
2138.000 0.314
2139.000 0.320
2140.000 0.322
2141.000 0.322
2142.000 0.324
2143.000 0.324
2144.000 0.329
2145.000 0.343
2146.000 0.346
2147.000 0.345
2148.000 0.347
2149.000 0.343
2150.000 0.344
2151.000 0.353
2152.000 0.357
2153.000 0.359
2154.000 0.360
2155.000 0.365
2156.000 0.365
2157.000 0.353
2158.000 0.345
2159.000 0.338
2160.000 0.331
2161.000 0.331
2162.000 0.342
2163.000 0.346
2164.000 0.353
2165.000 0.358
2166.000 0.363
2167.000 0.363
2168.000 0.362
2169.000 0.357
2170.000 0.338
2171.000 0.338
2172.000 0.351
2173.000 0.353
2174.000 0.360
2175.000 0.362
2176.000 0.353
2177.000 0.344
2178.000 0.345
2179.000 0.352
2180.000 0.353
2181.000 0.357
2182.000 0.360
2183.000 0.354
2184.000 0.356
2185.000 0.363
2186.000 0.363
2187.000 0.363
2188.000 0.363
2189.000 0.360
2190.000 0.358
2191.000 0.362
2192.000 0.358
2193.000 0.346
2194.000 0.343
2195.000 0.340
2196.000 0.341
2197.000 0.349
2198.000 0.353
2199.000 0.353
2200.000 0.356
2201.000 0.364
2202.000 0.364
2203.000 0.360
2204.000 0.363
2205.000 0.350
2206.000 0.337
2207.000 0.340
2208.000 0.340
2209.000 0.343
2210.000 0.357
2211.000 0.361
2212.000 0.360
2213.000 0.357
2214.000 0.351
2215.000 0.350
2216.000 0.350
2217.000 0.348
2218.000 0.348
2219.000 0.349
2220.000 0.345
2221.000 0.347
2222.000 0.355
2223.000 0.358
2224.000 0.362
2225.000 0.362
2226.000 0.356
2227.000 0.361
2228.000 0.361
2229.000 0.364
2230.000 0.368
2231.000 0.369
2232.000 0.365
2233.000 0.364
2234.000 0.357
2235.000 0.342
2236.000 0.340
2237.000 0.340
2238.000 0.345
2239.000 0.366
2240.000 0.373
2241.000 0.381
2242.000 0.381
2243.000 0.367
2244.000 0.360
2245.000 0.351
2246.000 0.341
2247.000 0.329
2248.000 0.328
2249.000 0.335
2250.000 0.338
2251.000 0.352
2252.000 0.355
2253.000 0.346
2254.000 0.339
2255.000 0.327
2256.000 0.321
2257.000 0.308
2258.000 0.307
2259.000 0.312
2260.000 0.319
2261.000 0.334
2262.000 0.340
2263.000 0.338
2264.000 0.331
2265.000 0.321
2266.000 0.311
2267.000 0.306
2268.000 0.307
2269.000 0.318
2270.000 0.327
2271.000 0.331
2272.000 0.339
2273.000 0.336
2274.000 0.315
2275.000 0.311
2276.000 0.309
2277.000 0.308
2278.000 0.319
2279.000 0.320
2280.000 0.318
2281.000 0.317
2282.000 0.306
2283.000 0.305
2284.000 0.307
2285.000 0.300
2286.000 0.297
2287.000 0.293
2288.000 0.280
2289.000 0.281
2290.000 0.290
2291.000 0.297
2292.000 0.314
2293.000 0.320
2294.000 0.318
2295.000 0.317
2296.000 0.303
2297.000 0.313
2298.000 0.305
2299.000 0.306
2300.000 0.283
2301.000 0.261
2302.000 0.263
2303.000 0.280
2304.000 0.272
2305.000 0.269
2306.000 0.266
2307.000 0.255
2308.000 0.262
2309.000 0.276
2310.000 0.297
2311.000 0.313
2312.000 0.305
2313.000 0.313
2314.000 0.311
2315.000 0.298
2316.000 0.298
2317.000 0.305
2318.000 0.293
2319.000 0.280
2320.000 0.292
2321.000 0.284
2322.000 0.297
2323.000 0.328
2324.000 0.326
2325.000 0.337
2326.000 0.342
2327.000 0.342
2328.000 0.339
2329.000 0.328
2330.000 0.329
2331.000 0.340
2332.000 0.345
2333.000 0.356
2334.000 0.359
2335.000 0.351
2336.000 0.337
2337.000 0.330
2338.000 0.337
2339.000 0.340
2340.000 0.331
2341.000 0.317
2342.000 0.296
2343.000 0.268
2344.000 0.265
2345.000 0.204
2346.000 0.246
2347.000 0.334
2348.000 0.284
2349.000 0.223
2350.000 0.216
2351.000 0.231
2352.000 0.234
2353.000 0.235
2354.000 0.240
2355.000 0.211
2356.000 0.215
2357.000 0.258
2358.000 0.281
2359.000 0.291
2360.000 0.279
2361.000 0.269
2362.000 0.277
2363.000 0.325
2364.000 0.386
2365.000 0.405
2366.000 0.374
2367.000 0.343
2368.000 0.345
2369.000 0.318
2370.000 0.329
2371.000 0.304
2372.000 0.283
2373.000 0.307
2374.000 0.378
2375.000 0.252
2376.000 0.348
2377.000 0.286
2378.000 0.248
2379.000 0.294
2380.000 0.285
2381.000 0.352
2382.000 0.282
2383.000 0.246
2384.000 0.268
2385.000 0.304
2386.000 0.397
2387.000 0.350
2388.000 0.285
2389.000 0.306
2390.000 0.337
2391.000 0.339
2392.000 0.373
2393.000 0.284
2394.000 0.302
2395.000 0.372
2396.000 0.336
2397.000 0.407
2398.000 0.398
2399.000 0.317
2400.000 0.299
2401.000 0.449
2402.000 0.464
2403.000 0.454
2404.000 0.447
2405.000 0.518
2406.000 0.448
2407.000 0.557
2408.000 0.475
2409.000 0.450
2410.000 0.439
2411.000 0.445
2412.000 0.332
2413.000 0.209
2414.000 0.270
2415.000 0.290
2416.000 0.243
2417.000 0.201
2418.000 0.443
2419.000 0.224
2420.000 0.408
2421.000 0.360
2422.000 0.249
2423.000 0.213
2424.000 0.316
2425.000 0.185
2426.000 0.326
2427.000 0.397
2428.000 0.808
2429.000 0.644
2430.000 0.272
2431.000 0.242
2432.000 0.388
2433.000 0.433
2434.000 0.675
2435.000 0.486
2436.000 0.262
2437.000 0.399
2438.000 0.386
2439.000 0.365
2440.000 0.424
2441.000 0.454
2442.000 0.386
2443.000 0.283
2444.000 0.469
2445.000 0.369
2446.000 0.218
2447.000 0.101
2448.000 0.170
2449.000 0.540
2450.000 0.432
2451.000 0.476
2452.000 0.564
2453.000 0.569
2454.000 0.335
2455.000 0.364
2456.000 0.350
2457.000 0.399
2458.000 0.450
2459.000 0.431
2460.000 0.325
2461.000 0.179
2462.000 0.317
2463.000 0.328
2464.000 0.361
2465.000 0.227
2466.000 0.387
2467.000 0.536
2468.000 0.579
2469.000 0.674
2470.000 0.392
2471.000 0.422
2472.000 0.444
2473.000 0.340
2474.000 0.277
2475.000 0.287
2476.000 0.527
2477.000 0.574
2478.000 0.398
2479.000 0.274
2480.000 0.362
2481.000 0.442
2482.000 0.458
2483.000 0.356
2484.000 0.237
2485.000 0.207
2486.000 0.320
2487.000 0.268
2488.000 0.270
2489.000 0.386
2490.000 0.498
2491.000 0.559
2492.000 0.518
2493.000 0.421
2494.000 0.370
2495.000 0.599
2496.000 0.352
2497.000 0.177
2498.000 0.112
2499.000 0.351
2500.000 0.356
