391.000 0.037
392.000 0.036
393.000 0.032
394.000 0.028
395.000 0.034
396.000 0.039
397.000 0.038
398.000 0.040
399.000 0.042
400.000 0.041
401.000 0.034
402.000 0.038
403.000 0.037
404.000 0.035
405.000 0.041
406.000 0.042
407.000 0.041
408.000 0.037
409.000 0.033
410.000 0.036
411.000 0.040
412.000 0.039
413.000 0.042
414.000 0.039
415.000 0.038
416.000 0.043
417.000 0.040
418.000 0.040
419.000 0.042
420.000 0.034
421.000 0.035
422.000 0.037
423.000 0.037
424.000 0.036
425.000 0.037
426.000 0.039
427.000 0.040
428.000 0.041
429.000 0.041
430.000 0.040
431.000 0.041
432.000 0.040
433.000 0.039
434.000 0.039
435.000 0.039
436.000 0.038
437.000 0.038
438.000 0.040
439.000 0.039
440.000 0.039
441.000 0.039
442.000 0.039
443.000 0.039
444.000 0.039
445.000 0.039
446.000 0.039
447.000 0.037
448.000 0.037
449.000 0.038
450.000 0.038
451.000 0.038
452.000 0.038
453.000 0.037
454.000 0.040
455.000 0.041
456.000 0.041
457.000 0.039
458.000 0.038
459.000 0.037
460.000 0.040
461.000 0.039
462.000 0.038
463.000 0.038
464.000 0.037
465.000 0.039
466.000 0.041
467.000 0.041
468.000 0.041
469.000 0.041
470.000 0.040
471.000 0.039
472.000 0.040
473.000 0.040
474.000 0.039
475.000 0.040
476.000 0.039
477.000 0.039
478.000 0.040
479.000 0.041
480.000 0.040
481.000 0.040
482.000 0.039
483.000 0.040
484.000 0.040
485.000 0.040
486.000 0.040
487.000 0.038
488.000 0.038
489.000 0.040
490.000 0.042
491.000 0.041
492.000 0.039
493.000 0.039
494.000 0.040
495.000 0.040
496.000 0.038
497.000 0.040
498.000 0.040
499.000 0.041
500.000 0.043
501.000 0.042
502.000 0.042
503.000 0.043
504.000 0.045
505.000 0.045
506.000 0.045
507.000 0.046
508.000 0.045
509.000 0.046
510.000 0.048
511.000 0.049
512.000 0.050
513.000 0.052
514.000 0.054
515.000 0.056
516.000 0.057
517.000 0.059
518.000 0.061
519.000 0.064
520.000 0.067
521.000 0.069
522.000 0.071
523.000 0.073
524.000 0.075
525.000 0.078
526.000 0.081
527.000 0.083
528.000 0.085
529.000 0.088
530.000 0.090
531.000 0.091
532.000 0.092
533.000 0.094
534.000 0.096
535.000 0.097
536.000 0.099
537.000 0.098
538.000 0.099
539.000 0.100
540.000 0.101
541.000 0.102
542.000 0.102
543.000 0.102
544.000 0.103
545.000 0.103
546.000 0.103
547.000 0.104
548.000 0.103
549.000 0.104
550.000 0.104
551.000 0.104
552.000 0.104
553.000 0.104
554.000 0.104
555.000 0.103
556.000 0.103
557.000 0.102
558.000 0.101
559.000 0.101
560.000 0.100
561.000 0.098
562.000 0.096
563.000 0.096
564.000 0.094
565.000 0.093
566.000 0.090
567.000 0.088
568.000 0.086
569.000 0.085
570.000 0.084
571.000 0.082
572.000 0.080
573.000 0.079
574.000 0.077
575.000 0.076
576.000 0.074
577.000 0.074
578.000 0.074
579.000 0.071
580.000 0.070
581.000 0.070
582.000 0.070
583.000 0.069
584.000 0.067
585.000 0.066
586.000 0.065
587.000 0.064
588.000 0.063
589.000 0.063
590.000 0.063
591.000 0.062
592.000 0.063
593.000 0.063
594.000 0.062
595.000 0.061
596.000 0.061
597.000 0.060
598.000 0.060
599.000 0.060
600.000 0.060
601.000 0.059
602.000 0.058
603.000 0.058
604.000 0.058
605.000 0.056
606.000 0.057
607.000 0.058
608.000 0.057
609.000 0.056
610.000 0.056
611.000 0.056
612.000 0.056
613.000 0.056
614.000 0.054
615.000 0.053
616.000 0.053
617.000 0.052
618.000 0.052
619.000 0.053
620.000 0.051
621.000 0.051
622.000 0.052
623.000 0.052
624.000 0.050
625.000 0.051
626.000 0.052
627.000 0.052
628.000 0.052
629.000 0.051
630.000 0.052
631.000 0.050
632.000 0.050
633.000 0.050
634.000 0.050
635.000 0.051
636.000 0.051
637.000 0.051
638.000 0.048
639.000 0.047
640.000 0.048
641.000 0.047
642.000 0.045
643.000 0.045
644.000 0.045
645.000 0.046
646.000 0.048
647.000 0.048
648.000 0.045
649.000 0.045
650.000 0.045
651.000 0.045
652.000 0.043
653.000 0.043
654.000 0.045
655.000 0.047
656.000 0.047
657.000 0.044
658.000 0.043
659.000 0.044
660.000 0.045
661.000 0.045
662.000 0.044
663.000 0.043
664.000 0.043
665.000 0.045
666.000 0.045
667.000 0.048
668.000 0.047
669.000 0.044
670.000 0.047
671.000 0.047
672.000 0.048
673.000 0.049
674.000 0.048
675.000 0.048
676.000 0.049
677.000 0.052
678.000 0.053
679.000 0.053
680.000 0.054
681.000 0.055
682.000 0.055
683.000 0.056
684.000 0.059
685.000 0.057
686.000 0.059
687.000 0.061
688.000 0.062
689.000 0.064
690.000 0.065
691.000 0.066
692.000 0.068
693.000 0.073
694.000 0.077
695.000 0.082
696.000 0.089
697.000 0.095
698.000 0.100
699.000 0.108
700.000 0.116
701.000 0.127
702.000 0.137
703.000 0.146
704.000 0.156
705.000 0.166
706.000 0.175
707.000 0.186
708.000 0.197
709.000 0.207
710.000 0.217
711.000 0.228
712.000 0.239
713.000 0.250
714.000 0.262
715.000 0.273
716.000 0.285
717.000 0.297
718.000 0.310
719.000 0.323
720.000 0.337
721.000 0.349
722.000 0.360
723.000 0.371
724.000 0.383
725.000 0.396
726.000 0.408
727.000 0.420
728.000 0.431
729.000 0.442
730.000 0.453
731.000 0.463
732.000 0.473
733.000 0.482
734.000 0.491
735.000 0.499
736.000 0.507
737.000 0.515
738.000 0.523
739.000 0.529
740.000 0.536
741.000 0.542
742.000 0.549
743.000 0.554
744.000 0.559
745.000 0.564
746.000 0.568
747.000 0.573
748.000 0.576
749.000 0.580
750.000 0.583
751.000 0.586
752.000 0.589
753.000 0.591
754.000 0.593
755.000 0.596
756.000 0.597
757.000 0.600
758.000 0.601
759.000 0.603
760.000 0.605
761.000 0.608
762.000 0.609
763.000 0.610
764.000 0.611
765.000 0.611
766.000 0.611
767.000 0.612
768.000 0.612
769.000 0.612
770.000 0.613
771.000 0.614
772.000 0.614
773.000 0.615
774.000 0.615
775.000 0.615
776.000 0.616
777.000 0.616
778.000 0.617
779.000 0.617
780.000 0.618
781.000 0.618
782.000 0.618
783.000 0.619
784.000 0.619
785.000 0.619
786.000 0.620
787.000 0.621
788.000 0.621
789.000 0.622
790.000 0.622
791.000 0.622
792.000 0.623
793.000 0.623
794.000 0.623
795.000 0.624
796.000 0.624
797.000 0.624
798.000 0.625
799.000 0.625
800.000 0.625
801.000 0.626
802.000 0.626
803.000 0.627
804.000 0.627
805.000 0.627
806.000 0.628
807.000 0.628
808.000 0.628
809.000 0.629
810.000 0.629
811.000 0.630
812.000 0.630
813.000 0.631
814.000 0.631
815.000 0.632
816.000 0.632
817.000 0.633
818.000 0.633
819.000 0.633
820.000 0.634
821.000 0.633
822.000 0.634
823.000 0.634
824.000 0.635
825.000 0.635
826.000 0.635
827.000 0.635
828.000 0.635
829.000 0.636
830.000 0.635
831.000 0.636
832.000 0.636
833.000 0.636
834.000 0.636
835.000 0.637
836.000 0.637
837.000 0.637
838.000 0.637
839.000 0.637
840.000 0.637
841.000 0.637
842.000 0.638
843.000 0.638
844.000 0.638
845.000 0.639
846.000 0.639
847.000 0.640
848.000 0.640
849.000 0.640
850.000 0.640
851.000 0.641
852.000 0.641
853.000 0.640
854.000 0.641
855.000 0.641
856.000 0.641
857.000 0.642
858.000 0.642
859.000 0.642
860.000 0.642
861.000 0.642
862.000 0.643
863.000 0.643
864.000 0.643
865.000 0.644
866.000 0.644
867.000 0.644
868.000 0.644
869.000 0.644
870.000 0.644
871.000 0.645
872.000 0.645
873.000 0.645
874.000 0.645
875.000 0.646
876.000 0.646
877.000 0.646
878.000 0.646
879.000 0.646
880.000 0.647
881.000 0.647
882.000 0.647
883.000 0.647
884.000 0.648
885.000 0.648
886.000 0.649
887.000 0.649
888.000 0.649
889.000 0.649
890.000 0.649
891.000 0.650
892.000 0.650
893.000 0.650
894.000 0.651
895.000 0.651
896.000 0.651
897.000 0.653
898.000 0.653
899.000 0.653
900.000 0.652
901.000 0.653
902.000 0.653
903.000 0.653
904.000 0.654
905.000 0.654
906.000 0.654
907.000 0.655
908.000 0.655
909.000 0.655
910.000 0.656
911.000 0.655
912.000 0.655
913.000 0.655
914.000 0.655
915.000 0.655
916.000 0.656
917.000 0.657
918.000 0.657
919.000 0.657
920.000 0.657
921.000 0.657
922.000 0.657
923.000 0.658
924.000 0.657
925.000 0.657
926.000 0.657
927.000 0.657
928.000 0.657
929.000 0.657
930.000 0.657
931.000 0.657
932.000 0.658
933.000 0.656
934.000 0.653
935.000 0.652
936.000 0.654
937.000 0.655
938.000 0.654
939.000 0.654
940.000 0.653
941.000 0.653
942.000 0.654
943.000 0.654
944.000 0.654
945.000 0.651
946.000 0.650
947.000 0.651
948.000 0.648
949.000 0.648
950.000 0.647
951.000 0.646
952.000 0.646
953.000 0.647
954.000 0.646
955.000 0.643
956.000 0.645
957.000 0.644
958.000 0.643
959.000 0.644
960.000 0.642
961.000 0.641
962.000 0.639
963.000 0.639
964.000 0.638
965.000 0.639
966.000 0.640
967.000 0.639
968.000 0.640
969.000 0.640
970.000 0.640
971.000 0.640
972.000 0.640
973.000 0.640
974.000 0.641
975.000 0.640
976.000 0.638
977.000 0.639
978.000 0.641
979.000 0.641
980.000 0.640
981.000 0.639
982.000 0.639
983.000 0.640
984.000 0.642
985.000 0.641
986.000 0.641
987.000 0.643
988.000 0.641
989.000 0.642
990.000 0.642
991.000 0.642
992.000 0.643
993.000 0.643
994.000 0.642
995.000 0.642
996.000 0.644
997.000 0.646
998.000 0.645
999.000 0.645
1000.000 0.645
1001.000 0.645
1002.000 0.646
1003.000 0.647
1004.000 0.647
1005.000 0.647
1006.000 0.649
1007.000 0.650
1008.000 0.652
1009.000 0.653
1010.000 0.653
1011.000 0.653
1012.000 0.653
1013.000 0.652
1014.000 0.652
1015.000 0.652
1016.000 0.654
1017.000 0.655
1018.000 0.656
1019.000 0.657
1020.000 0.659
1021.000 0.659
1022.000 0.658
1023.000 0.659
1024.000 0.659
1025.000 0.659
1026.000 0.660
1027.000 0.661
1028.000 0.663
1029.000 0.663
1030.000 0.664
1031.000 0.664
1032.000 0.664
1033.000 0.663
1034.000 0.662
1035.000 0.662
1036.000 0.662
1037.000 0.662
1038.000 0.663
1039.000 0.664
1040.000 0.665
1041.000 0.666
1042.000 0.666
1043.000 0.667
1044.000 0.666
1045.000 0.666
1046.000 0.667
1047.000 0.667
1048.000 0.669
1049.000 0.669
1050.000 0.669
1051.000 0.669
1052.000 0.669
1053.000 0.670
1054.000 0.671
1055.000 0.673
1056.000 0.674
1057.000 0.674
1058.000 0.674
1059.000 0.674
1060.000 0.674
1061.000 0.675
1062.000 0.675
1063.000 0.676
1064.000 0.676
1065.000 0.675
1066.000 0.675
1067.000 0.674
1068.000 0.675
1069.000 0.674
1070.000 0.674
1071.000 0.675
1072.000 0.675
1073.000 0.676
1074.000 0.676
1075.000 0.676
1076.000 0.676
1077.000 0.676
1078.000 0.676
1079.000 0.676
1080.000 0.676
1081.000 0.676
1082.000 0.676
1083.000 0.676
1084.000 0.676
1085.000 0.675
1086.000 0.676
1087.000 0.676
1088.000 0.676
1089.000 0.676
1090.000 0.675
1091.000 0.676
1092.000 0.677
1093.000 0.678
1094.000 0.678
1095.000 0.677
1096.000 0.677
1097.000 0.676
1098.000 0.675
1099.000 0.676
1100.000 0.677
1101.000 0.678
1102.000 0.678
1103.000 0.678
1104.000 0.677
1105.000 0.676
1106.000 0.676
1107.000 0.676
1108.000 0.675
1109.000 0.676
1110.000 0.677
1111.000 0.677
1112.000 0.678
1113.000 0.678
1114.000 0.678
1115.000 0.676
1116.000 0.672
1117.000 0.669
1118.000 0.667
1119.000 0.667
1120.000 0.666
1121.000 0.665
1122.000 0.662
1123.000 0.661
1124.000 0.664
1125.000 0.665
1126.000 0.667
1127.000 0.666
1128.000 0.661
1129.000 0.657
1130.000 0.654
1131.000 0.650
1132.000 0.651
1133.000 0.652
1134.000 0.653
1135.000 0.652
1136.000 0.651
1137.000 0.650
1138.000 0.649
1139.000 0.650
1140.000 0.651
1141.000 0.651
1142.000 0.650
1143.000 0.644
1144.000 0.643
1145.000 0.641
1146.000 0.639
1147.000 0.638
1148.000 0.638
1149.000 0.635
1150.000 0.629
1151.000 0.626
1152.000 0.624
1153.000 0.622
1154.000 0.620
1155.000 0.620
1156.000 0.619
1157.000 0.619
1158.000 0.619
1159.000 0.619
1160.000 0.619
1161.000 0.619
1162.000 0.619
1163.000 0.619
1164.000 0.619
1165.000 0.618
1166.000 0.618
1167.000 0.617
1168.000 0.616
1169.000 0.615
1170.000 0.614
1171.000 0.615
1172.000 0.614
1173.000 0.614
1174.000 0.614
1175.000 0.614
1176.000 0.614
1177.000 0.614
1178.000 0.614
1179.000 0.614
1180.000 0.614
1181.000 0.613
1182.000 0.613
1183.000 0.613
1184.000 0.613
1185.000 0.611
1186.000 0.611
1187.000 0.611
1188.000 0.611
1189.000 0.611
1190.000 0.612
1191.000 0.612
1192.000 0.612
1193.000 0.612
1194.000 0.612
1195.000 0.612
1196.000 0.612
1197.000 0.611
1198.000 0.611
1199.000 0.611
1200.000 0.611
1201.000 0.611
1202.000 0.611
1203.000 0.612
1204.000 0.612
1205.000 0.613
1206.000 0.614
1207.000 0.615
1208.000 0.615
1209.000 0.615
1210.000 0.615
1211.000 0.615
1212.000 0.615
1213.000 0.616
1214.000 0.616
1215.000 0.616
1216.000 0.616
1217.000 0.616
1218.000 0.617
1219.000 0.618
1220.000 0.619
1221.000 0.619
1222.000 0.620
1223.000 0.621
1224.000 0.621
1225.000 0.622
1226.000 0.622
1227.000 0.622
1228.000 0.623
1229.000 0.623
1230.000 0.623
1231.000 0.623
1232.000 0.623
1233.000 0.623
1234.000 0.624
1235.000 0.624
1236.000 0.624
1237.000 0.624
1238.000 0.624
1239.000 0.624
1240.000 0.625
1241.000 0.626
1242.000 0.626
1243.000 0.626
1244.000 0.625
1245.000 0.626
1246.000 0.626
1247.000 0.627
1248.000 0.628
1249.000 0.627
1250.000 0.628
1251.000 0.628
1252.000 0.629
1253.000 0.630
1254.000 0.631
1255.000 0.631
1256.000 0.631
1257.000 0.632
1258.000 0.632
1259.000 0.632
1260.000 0.632
1261.000 0.632
1262.000 0.633
1263.000 0.634
1264.000 0.634
1265.000 0.634
1266.000 0.634
1267.000 0.634
1268.000 0.635
1269.000 0.635
1270.000 0.635
1271.000 0.635
1272.000 0.635
1273.000 0.635
1274.000 0.635
1275.000 0.635
1276.000 0.635
1277.000 0.635
1278.000 0.635
1279.000 0.635
1280.000 0.635
1281.000 0.634
1282.000 0.633
1283.000 0.632
1284.000 0.632
1285.000 0.632
1286.000 0.632
1287.000 0.632
1288.000 0.632
1289.000 0.632
1290.000 0.631
1291.000 0.630
1292.000 0.630
1293.000 0.629
1294.000 0.628
1295.000 0.628
1296.000 0.627
1297.000 0.628
1298.000 0.627
1299.000 0.626
1300.000 0.626
1301.000 0.624
1302.000 0.623
1303.000 0.622
1304.000 0.622
1305.000 0.620
1306.000 0.620
1307.000 0.618
1308.000 0.617
1309.000 0.617
1310.000 0.616
1311.000 0.615
1312.000 0.613
1313.000 0.611
1314.000 0.609
1315.000 0.607
1316.000 0.605
1317.000 0.603
1318.000 0.602
1319.000 0.600
1320.000 0.599
1321.000 0.597
1322.000 0.596
1323.000 0.594
1324.000 0.593
1325.000 0.591
1326.000 0.588
1327.000 0.587
1328.000 0.586
1329.000 0.583
1330.000 0.581
1331.000 0.579
1332.000 0.576
1333.000 0.572
1334.000 0.569
1335.000 0.567
1336.000 0.562
1337.000 0.559
1338.000 0.557
1339.000 0.555
1340.000 0.552
1341.000 0.551
1342.000 0.551
1343.000 0.549
1344.000 0.548
1345.000 0.545
1346.000 0.537
1347.000 0.531
1348.000 0.524
1349.000 0.514
1350.000 0.504
1351.000 0.502
1352.000 0.489
1353.000 0.475
1354.000 0.450
1355.000 0.419
1356.000 0.426
1357.000 0.387
1358.000 0.406
1359.000 0.339
1360.000 0.345
1361.000 0.272
1362.000 0.283
1363.000 0.338
1364.000 0.362
1365.000 0.286
1366.000 0.300
1367.000 0.297
1368.000 0.319
1369.000 0.308
1370.000 0.254
1371.000 0.236
1372.000 0.170
1373.000 0.137
1374.000 0.170
1375.000 0.139
1376.000 0.130
1377.000 0.171
1378.000 0.251
1379.000 0.291
1380.000 0.272
1381.000 0.261
1382.000 0.240
1383.000 0.208
1384.000 0.185
1385.000 0.204
1386.000 0.264
1387.000 0.334
1388.000 0.513
1389.000 0.498
1390.000 0.277
1391.000 0.196
1392.000 0.243
1393.000 0.294
1394.000 0.349
1395.000 0.347
1396.000 0.331
1397.000 0.332
1398.000 0.328
1399.000 0.324
1400.000 0.547
1401.000 0.362
1402.000 0.182
1403.000 0.198
1404.000 0.239
1405.000 0.252
1406.000 0.392
1407.000 0.404
1408.000 0.467
1409.000 0.469
1410.000 0.388
1411.000 0.357
1412.000 0.311
1413.000 0.197
1414.000 0.150
1415.000 0.169
1416.000 0.248
1417.000 0.203
1418.000 0.246
1419.000 0.286
1420.000 0.224
1421.000 0.160
1422.000 0.162
1423.000 0.191
1424.000 0.147
1425.000 0.158
1426.000 0.155
1427.000 0.184
1428.000 0.175
1429.000 0.163
1430.000 0.162
1431.000 0.182
1432.000 0.197
1433.000 0.164
1434.000 0.159
1435.000 0.153
1436.000 0.172
1437.000 0.195
1438.000 0.203
1439.000 0.189
1440.000 0.168
1441.000 0.162
1442.000 0.140
1443.000 0.136
1444.000 0.146
1445.000 0.156
1446.000 0.173
1447.000 0.203
1448.000 0.215
1449.000 0.205
1450.000 0.207
1451.000 0.207
1452.000 0.207
1453.000 0.207
1454.000 0.208
1455.000 0.179
1456.000 0.186
1457.000 0.179
1458.000 0.167
1459.000 0.160
1460.000 0.143
1461.000 0.161
1462.000 0.163
1463.000 0.162
1464.000 0.143
1465.000 0.144
1466.000 0.146
1467.000 0.147
1468.000 0.147
1469.000 0.144
1470.000 0.132
1471.000 0.134
1472.000 0.142
1473.000 0.146
1474.000 0.157
1475.000 0.165
1476.000 0.169
1477.000 0.174
1478.000 0.185
1479.000 0.190
1480.000 0.192
1481.000 0.193
1482.000 0.192
1483.000 0.193
1484.000 0.192
1485.000 0.194
1486.000 0.194
1487.000 0.199
1488.000 0.206
1489.000 0.209
1490.000 0.213
1491.000 0.214
1492.000 0.210
1493.000 0.210
1494.000 0.211
1495.000 0.213
1496.000 0.216
1497.000 0.218
1498.000 0.219
1499.000 0.222
1500.000 0.222
1501.000 0.223
1502.000 0.224
1503.000 0.224
1504.000 0.228
1505.000 0.231
1506.000 0.234
1507.000 0.237
1508.000 0.240
1509.000 0.242
1510.000 0.244
1511.000 0.245
1512.000 0.247
1513.000 0.249
1514.000 0.252
1515.000 0.256
1516.000 0.257
1517.000 0.258
1518.000 0.259
1519.000 0.260
1520.000 0.261
1521.000 0.263
1522.000 0.264
1523.000 0.265
1524.000 0.267
1525.000 0.268
1526.000 0.271
1527.000 0.273
1528.000 0.276
1529.000 0.279
1530.000 0.281
1531.000 0.282
1532.000 0.284
1533.000 0.287
1534.000 0.289
1535.000 0.292
1536.000 0.294
1537.000 0.293
1538.000 0.294
1539.000 0.295
1540.000 0.296
1541.000 0.300
1542.000 0.303
1543.000 0.305
1544.000 0.307
1545.000 0.305
1546.000 0.307
1547.000 0.310
1548.000 0.312
1549.000 0.314
1550.000 0.316
1551.000 0.317
1552.000 0.319
1553.000 0.321
1554.000 0.323
1555.000 0.327
1556.000 0.329
1557.000 0.331
1558.000 0.332
1559.000 0.333
1560.000 0.334
1561.000 0.334
1562.000 0.335
1563.000 0.335
1564.000 0.336
1565.000 0.338
1566.000 0.339
1567.000 0.342
1568.000 0.344
1569.000 0.344
1570.000 0.344
1571.000 0.344
1572.000 0.346
1573.000 0.347
1574.000 0.349
1575.000 0.351
1576.000 0.354
1577.000 0.356
1578.000 0.359
1579.000 0.362
1580.000 0.364
1581.000 0.366
1582.000 0.367
1583.000 0.366
1584.000 0.366
1585.000 0.366
1586.000 0.367
1587.000 0.368
1588.000 0.368
1589.000 0.367
1590.000 0.368
1591.000 0.369
1592.000 0.370
1593.000 0.371
1594.000 0.373
1595.000 0.375
1596.000 0.377
1597.000 0.382
1598.000 0.384
1599.000 0.385
1600.000 0.387
1601.000 0.386
1602.000 0.386
1603.000 0.387
1604.000 0.388
1605.000 0.390
1606.000 0.391
1607.000 0.392
1608.000 0.393
1609.000 0.392
1610.000 0.393
1611.000 0.395
1612.000 0.396
1613.000 0.398
1614.000 0.399
1615.000 0.401
1616.000 0.402
1617.000 0.401
1618.000 0.402
1619.000 0.401
1620.000 0.401
1621.000 0.402
1622.000 0.403
1623.000 0.403
1624.000 0.403
1625.000 0.405
1626.000 0.405
1627.000 0.406
1628.000 0.407
1629.000 0.407
1630.000 0.407
1631.000 0.409
1632.000 0.409
1633.000 0.409
1634.000 0.410
1635.000 0.411
1636.000 0.412
1637.000 0.415
1638.000 0.416
1639.000 0.417
1640.000 0.417
1641.000 0.416
1642.000 0.416
1643.000 0.417
1644.000 0.417
1645.000 0.418
1646.000 0.419
1647.000 0.419
1648.000 0.419
1649.000 0.419
1650.000 0.420
1651.000 0.421
1652.000 0.423
1653.000 0.425
1654.000 0.426
1655.000 0.427
1656.000 0.427
1657.000 0.428
1658.000 0.428
1659.000 0.428
1660.000 0.428
1661.000 0.429
1662.000 0.429
1663.000 0.428
1664.000 0.428
1665.000 0.427
1666.000 0.427
1667.000 0.427
1668.000 0.428
1669.000 0.430
1670.000 0.430
1671.000 0.430
1672.000 0.430
1673.000 0.427
1674.000 0.427
1675.000 0.427
1676.000 0.426
1677.000 0.428
1678.000 0.428
1679.000 0.427
1680.000 0.427
1681.000 0.427
1682.000 0.426
1683.000 0.426
1684.000 0.425
1685.000 0.425
1686.000 0.424
1687.000 0.424
1688.000 0.423
1689.000 0.422
1690.000 0.422
1691.000 0.423
1692.000 0.423
1693.000 0.424
1694.000 0.425
1695.000 0.425
1696.000 0.425
1697.000 0.426
1698.000 0.427
1699.000 0.428
1700.000 0.427
1701.000 0.424
1702.000 0.423
1703.000 0.422
1704.000 0.420
1705.000 0.418
1706.000 0.417
1707.000 0.415
1708.000 0.415
1709.000 0.418
1710.000 0.416
1711.000 0.413
1712.000 0.410
1713.000 0.408
1714.000 0.407
1715.000 0.407
1716.000 0.404
1717.000 0.402
1718.000 0.404
1719.000 0.405
1720.000 0.405
1721.000 0.407
1722.000 0.407
1723.000 0.403
1724.000 0.401
1725.000 0.400
1726.000 0.397
1727.000 0.398
1728.000 0.399
1729.000 0.398
1730.000 0.398
1731.000 0.398
1732.000 0.396
1733.000 0.396
1734.000 0.400
1735.000 0.401
1736.000 0.399
1737.000 0.397
1738.000 0.390
1739.000 0.388
1740.000 0.391
1741.000 0.390
1742.000 0.390
1743.000 0.390
1744.000 0.387
1745.000 0.387
1746.000 0.389
1747.000 0.388
1748.000 0.384
1749.000 0.382
1750.000 0.382
1751.000 0.380
1752.000 0.383
1753.000 0.381
1754.000 0.373
1755.000 0.371
1756.000 0.368
1757.000 0.367
1758.000 0.370
1759.000 0.373
1760.000 0.375
1761.000 0.375
1762.000 0.378
1763.000 0.376
1764.000 0.372
1765.000 0.371
1766.000 0.366
1767.000 0.364
1768.000 0.363
1769.000 0.361
1770.000 0.358
1771.000 0.352
1772.000 0.354
1773.000 0.360
1774.000 0.363
1775.000 0.368
1776.000 0.367
1777.000 0.357
1778.000 0.353
1779.000 0.355
1780.000 0.359
1781.000 0.368
1782.000 0.370
1783.000 0.373
1784.000 0.370
1785.000 0.367
1786.000 0.366
1787.000 0.364
1788.000 0.357
1789.000 0.341
1790.000 0.338
1791.000 0.334
1792.000 0.338
1793.000 0.347
1794.000 0.347
1795.000 0.359
1796.000 0.369
1797.000 0.373
1798.000 0.377
1799.000 0.381
1800.000 0.368
1801.000 0.543
1802.000 0.533
1803.000 0.492
1804.000 0.455
1805.000 0.472
1806.000 0.602
1807.000 0.613
1808.000 0.649
1809.000 0.651
1810.000 0.676
1811.000 0.729
1812.000 0.673
1813.000 0.402
1814.000 0.473
1815.000 0.567
1816.000 0.579
1817.000 0.774
1818.000 0.711
1819.000 0.645
1820.000 0.584
1821.000 0.520
1822.000 0.428
1823.000 0.605
1824.000 0.742
1825.000 0.716
1826.000 0.611
1827.000 0.413
1828.000 0.454
1829.000 0.579
1830.000 0.727
1831.000 0.593
1832.000 0.681
1833.000 0.696
1834.000 0.720
1835.000 0.614
1836.000 0.560
1837.000 0.547
1838.000 0.525
1839.000 0.440
1840.000 0.378
1841.000 0.419
1842.000 0.528
1843.000 0.322
1844.000 0.377
1845.000 0.354
1846.000 0.594
1847.000 0.492
1848.000 0.440
1849.000 0.445
1850.000 0.456
1851.000 0.436
1852.000 0.568
1853.000 0.442
1854.000 0.380
1855.000 0.422
1856.000 0.473
1857.000 0.461
1858.000 0.437
1859.000 0.379
1860.000 0.402
1861.000 0.317
1862.000 0.634
1863.000 0.525
1864.000 0.427
1865.000 0.387
1866.000 0.545
1867.000 0.394
1868.000 0.453
1869.000 0.655
1870.000 0.693
1871.000 0.732
1872.000 0.758
1873.000 0.569
1874.000 0.556
1875.000 0.530
1876.000 0.493
1877.000 0.409
1878.000 0.501
1879.000 0.651
1880.000 0.616
1881.000 0.569
1882.000 0.584
1883.000 0.546
1884.000 0.386
1885.000 0.332
1886.000 0.475
1887.000 0.479
1888.000 0.449
1889.000 0.483
1890.000 0.442
1891.000 0.524
1892.000 0.591
1893.000 0.598
1894.000 0.453
1895.000 0.658
1896.000 0.723
1897.000 0.659
1898.000 0.647
1899.000 0.670
1900.000 0.660
1901.000 0.680
1902.000 0.677
1903.000 0.657
1904.000 0.654
1905.000 0.601
1906.000 0.669
1907.000 0.641
1908.000 0.615
1909.000 0.585
1910.000 0.611
1911.000 0.623
1912.000 0.607
1913.000 0.618
1914.000 0.640
1915.000 0.649
1916.000 0.618
1917.000 0.577
1918.000 0.545
1919.000 0.509
1920.000 0.478
1921.000 0.706
1922.000 0.722
1923.000 0.730
1924.000 0.663
1925.000 0.614
1926.000 0.598
1927.000 0.628
1928.000 0.660
1929.000 0.610
1930.000 0.563
1931.000 0.525
1932.000 0.483
1933.000 0.562
1934.000 0.523
1935.000 0.530
1936.000 0.570
1937.000 0.290
1938.000 0.287
1939.000 0.455
1940.000 0.398
1941.000 0.350
1942.000 0.391
1943.000 0.594
1944.000 0.595
1945.000 0.702
1946.000 0.659
1947.000 0.617
1948.000 0.582
1949.000 0.487
1950.000 0.508
1951.000 0.508
1952.000 0.389
1953.000 0.393
1954.000 0.399
1955.000 0.356
1956.000 0.344
1957.000 0.229
1958.000 0.293
1959.000 0.283
1960.000 0.312
1961.000 0.306
1962.000 0.302
1963.000 0.232
1964.000 0.250
1965.000 0.346
1966.000 0.424
1967.000 0.444
1968.000 0.490
1969.000 0.344
1970.000 0.262
1971.000 0.239
1972.000 0.239
1973.000 0.261
1974.000 0.266
1975.000 0.282
1976.000 0.316
1977.000 0.302
1978.000 0.296
1979.000 0.275
1980.000 0.204
1981.000 0.169
1982.000 0.155
1983.000 0.163
1984.000 0.169
1985.000 0.177
1986.000 0.181
1987.000 0.187
1988.000 0.188
1989.000 0.181
1990.000 0.169
1991.000 0.143
1992.000 0.136
1993.000 0.157
1994.000 0.184
1995.000 0.223
1996.000 0.263
1997.000 0.231
1998.000 0.203
1999.000 0.200
2000.000 0.236
2001.000 0.275
2002.000 0.424
2003.000 0.442
2004.000 0.297
2005.000 0.282
2006.000 0.233
2007.000 0.222
2008.000 0.259
2009.000 0.315
2010.000 0.397
2011.000 0.326
2012.000 0.309
2013.000 0.364
2014.000 0.339
2015.000 0.368
2016.000 0.352
2017.000 0.356
2018.000 0.333
2019.000 0.296
2020.000 0.238
2021.000 0.223
2022.000 0.213
2023.000 0.212
2024.000 0.209
2025.000 0.194
2026.000 0.171
2027.000 0.164
2028.000 0.156
2029.000 0.161
2030.000 0.186
2031.000 0.194
2032.000 0.202
2033.000 0.208
2034.000 0.206
2035.000 0.207
2036.000 0.211
2037.000 0.201
2038.000 0.186
2039.000 0.185
2040.000 0.182
2041.000 0.176
2042.000 0.174
2043.000 0.171
2044.000 0.168
2045.000 0.168
2046.000 0.168
2047.000 0.167
2048.000 0.170
2049.000 0.181
2050.000 0.181
2051.000 0.180
2052.000 0.180
2053.000 0.183
2054.000 0.184
2055.000 0.181
2056.000 0.186
2057.000 0.192
2058.000 0.200
2059.000 0.200
2060.000 0.206
2061.000 0.204
2062.000 0.188
2063.000 0.183
2064.000 0.186
2065.000 0.182
2066.000 0.172
2067.000 0.177
2068.000 0.174
2069.000 0.182
2070.000 0.204
2071.000 0.218
2072.000 0.231
2073.000 0.252
2074.000 0.256
2075.000 0.249
2076.000 0.242
2077.000 0.226
2078.000 0.215
2079.000 0.202
2080.000 0.199
2081.000 0.199
2082.000 0.208
2083.000 0.232
2084.000 0.246
2085.000 0.257
2086.000 0.249
2087.000 0.242
2088.000 0.219
2089.000 0.214
2090.000 0.218
2091.000 0.216
2092.000 0.214
2093.000 0.209
2094.000 0.195
2095.000 0.191
2096.000 0.190
2097.000 0.190
2098.000 0.196
2099.000 0.207
2100.000 0.204
2101.000 0.201
2102.000 0.198
2103.000 0.201
2104.000 0.210
2105.000 0.238
2106.000 0.239
2107.000 0.229
2108.000 0.220
2109.000 0.193
2110.000 0.187
2111.000 0.190
2112.000 0.192
2113.000 0.200
2114.000 0.206
2115.000 0.212
2116.000 0.218
2117.000 0.224
2118.000 0.229
2119.000 0.233
2120.000 0.231
2121.000 0.229
2122.000 0.227
2123.000 0.226
2124.000 0.226
2125.000 0.224
2126.000 0.221
2127.000 0.219
2128.000 0.215
2129.000 0.215
2130.000 0.221
2131.000 0.223
2132.000 0.226
2133.000 0.227
2134.000 0.224
2135.000 0.224
2136.000 0.225
2137.000 0.219
2138.000 0.227
2139.000 0.232
2140.000 0.230
2141.000 0.237
2142.000 0.240
2143.000 0.239
2144.000 0.242
2145.000 0.250
2146.000 0.257
2147.000 0.268
2148.000 0.272
2149.000 0.270
2150.000 0.269
2151.000 0.263
2152.000 0.257
2153.000 0.249
2154.000 0.246
2155.000 0.242
2156.000 0.235
2157.000 0.237
2158.000 0.240
2159.000 0.244
2160.000 0.250
2161.000 0.248
2162.000 0.242
2163.000 0.240
2164.000 0.234
2165.000 0.232
2166.000 0.238
2167.000 0.238
2168.000 0.233
2169.000 0.234
2170.000 0.240
2171.000 0.242
2172.000 0.244
2173.000 0.243
2174.000 0.237
2175.000 0.236
2176.000 0.233
2177.000 0.236
2178.000 0.245
2179.000 0.253
2180.000 0.254
2181.000 0.257
2182.000 0.262
2183.000 0.258
2184.000 0.255
2185.000 0.256
2186.000 0.255
2187.000 0.247
2188.000 0.245
2189.000 0.245
2190.000 0.243
2191.000 0.239
2192.000 0.239
2193.000 0.243
2194.000 0.248
2195.000 0.257
2196.000 0.261
2197.000 0.264
2198.000 0.264
2199.000 0.262
2200.000 0.260
2201.000 0.261
2202.000 0.255
2203.000 0.248
2204.000 0.241
2205.000 0.241
2206.000 0.250
2207.000 0.263
2208.000 0.272
2209.000 0.272
2210.000 0.262
2211.000 0.257
2212.000 0.246
2213.000 0.243
2214.000 0.244
2215.000 0.246
2216.000 0.248
2217.000 0.253
2218.000 0.261
2219.000 0.265
2220.000 0.272
2221.000 0.272
2222.000 0.267
2223.000 0.262
2224.000 0.251
2225.000 0.247
2226.000 0.245
2227.000 0.243
2228.000 0.246
2229.000 0.252
2230.000 0.247
2231.000 0.244
2232.000 0.243
2233.000 0.240
2234.000 0.244
2235.000 0.250
2236.000 0.251
2237.000 0.258
2238.000 0.257
2239.000 0.248
2240.000 0.244
2241.000 0.237
2242.000 0.232
2243.000 0.229
2244.000 0.230
2245.000 0.232
2246.000 0.235
2247.000 0.246
2248.000 0.247
2249.000 0.239
2250.000 0.238
2251.000 0.237
2252.000 0.234
2253.000 0.236
2254.000 0.234
2255.000 0.223
2256.000 0.221
2257.000 0.226
2258.000 0.229
2259.000 0.243
2260.000 0.242
2261.000 0.228
2262.000 0.227
2263.000 0.230
2264.000 0.242
2265.000 0.261
2266.000 0.273
2267.000 0.267
2268.000 0.255
2269.000 0.241
2270.000 0.228
2271.000 0.220
2272.000 0.211
2273.000 0.208
2274.000 0.215
2275.000 0.217
2276.000 0.221
2277.000 0.227
2278.000 0.231
2279.000 0.235
2280.000 0.250
2281.000 0.255
2282.000 0.250
2283.000 0.248
2284.000 0.239
2285.000 0.238
2286.000 0.242
2287.000 0.238
2288.000 0.232
2289.000 0.226
2290.000 0.248
2291.000 0.251
2292.000 0.267
2293.000 0.231
2294.000 0.255
2295.000 0.263
2296.000 0.249
2297.000 0.248
2298.000 0.264
2299.000 0.259
2300.000 0.259
2301.000 0.252
2302.000 0.234
2303.000 0.225
2304.000 0.210
2305.000 0.226
2306.000 0.204
2307.000 0.188
2308.000 0.205
2309.000 0.221
2310.000 0.259
2311.000 0.348
2312.000 0.318
2313.000 0.272
2314.000 0.233
2315.000 0.210
2316.000 0.217
2317.000 0.252
2318.000 0.264
2319.000 0.296
2320.000 0.290
2321.000 0.276
2322.000 0.233
2323.000 0.240
2324.000 0.245
2325.000 0.223
2326.000 0.212
2327.000 0.193
2328.000 0.187
2329.000 0.182
2330.000 0.175
2331.000 0.171
2332.000 0.166
2333.000 0.165
2334.000 0.169
2335.000 0.186
2336.000 0.223
2337.000 0.294
2338.000 0.335
2339.000 0.301
2340.000 0.295
2341.000 0.286
2342.000 0.258
2343.000 0.282
2344.000 0.240
2345.000 0.209
2346.000 0.215
2347.000 0.290
2348.000 0.211
2349.000 0.163
2350.000 0.169
2351.000 0.160
2352.000 0.170
2353.000 0.240
2354.000 0.272
2355.000 0.292
2356.000 0.241
2357.000 0.240
2358.000 0.238
2359.000 0.247
2360.000 0.239
2361.000 0.198
2362.000 0.158
2363.000 0.162
2364.000 0.166
2365.000 0.167
2366.000 0.170
2367.000 0.217
2368.000 0.200
2369.000 0.151
2370.000 0.118
2371.000 0.143
2372.000 0.200
2373.000 0.166
2374.000 0.202
2375.000 0.256
2376.000 0.238
2377.000 0.276
2378.000 0.180
2379.000 0.195
2380.000 0.246
2381.000 0.199
2382.000 0.189
2383.000 0.363
2384.000 0.530
2385.000 0.341
2386.000 0.284
2387.000 0.308
2388.000 0.295
2389.000 0.325
2390.000 0.303
2391.000 0.198
2392.000 0.214
2393.000 0.090
2394.000 0.517
2395.000 0.506
2396.000 0.465
2397.000 0.389
2398.000 0.338
2399.000 0.387
2400.000 0.360
2401.000 0.360
2402.000 0.580
2403.000 0.261
2404.000 0.298
2405.000 0.610
2406.000 0.552
2407.000 0.480
2408.000 0.490
2409.000 0.582
2410.000 0.445
2411.000 0.341
2412.000 0.354
2413.000 0.238
2414.000 0.651
2415.000 0.250
2416.000 0.290
2417.000 0.092
2418.000 0.056
2419.000 0.129
2420.000 0.173
2421.000 0.205
2422.000 0.173
2423.000 0.232
2424.000 0.213
2425.000 0.197
2426.000 0.200
2427.000 0.224
2428.000 0.242
2429.000 0.351
2430.000 0.322
2431.000 0.251
2432.000 0.686
2433.000 0.606
2434.000 0.398
2435.000 0.314
2436.000 0.482
2437.000 0.481
2438.000 0.579
2439.000 0.509
2440.000 0.484
2441.000 0.500
2442.000 0.497
2443.000 0.508
2444.000 0.504
2445.000 0.491
2446.000 0.168
2447.000 0.170
2448.000 0.139
2449.000 0.165
2450.000 0.321
2451.000 0.547
2452.000 0.301
2453.000 0.369
2454.000 0.312
2455.000 0.221
2456.000 0.170
2457.000 0.264
2458.000 0.118
2459.000 0.343
2460.000 0.259
2461.000 0.250
2462.000 0.313
2463.000 0.363
2464.000 0.318
2465.000 0.313
2466.000 0.265
2467.000 0.305
2468.000 0.217
2469.000 0.412
2470.000 0.531
2471.000 0.499
2472.000 0.454
2473.000 0.509
2474.000 0.494
2475.000 0.455
2476.000 0.506
2477.000 0.662
2478.000 0.517
2479.000 0.517
2480.000 0.522
2481.000 0.305
2482.000 0.328
2483.000 0.412
2484.000 0.382
2485.000 0.376
2486.000 0.449
2487.000 0.378
2488.000 0.399
2489.000 0.411
2490.000 0.492
2491.000 0.452
2492.000 0.435
2493.000 0.449
2494.000 0.294
2495.000 0.335
2496.000 0.447
2497.000 0.408
2498.000 0.398
2499.000 0.309
2500.000 0.395
