391.000 0.028
392.000 0.031
393.000 0.031
394.000 0.027
395.000 0.026
396.000 0.029
397.000 0.033
398.000 0.032
399.000 0.030
400.000 0.029
401.000 0.029
402.000 0.027
403.000 0.026
404.000 0.029
405.000 0.031
406.000 0.031
407.000 0.029
408.000 0.028
409.000 0.030
410.000 0.030
411.000 0.029
412.000 0.028
413.000 0.029
414.000 0.029
415.000 0.029
416.000 0.029
417.000 0.031
418.000 0.030
419.000 0.027
420.000 0.028
421.000 0.030
422.000 0.031
423.000 0.030
424.000 0.030
425.000 0.029
426.000 0.029
427.000 0.029
428.000 0.030
429.000 0.030
430.000 0.029
431.000 0.030
432.000 0.030
433.000 0.029
434.000 0.030
435.000 0.029
436.000 0.029
437.000 0.029
438.000 0.029
439.000 0.029
440.000 0.029
441.000 0.029
442.000 0.030
443.000 0.030
444.000 0.029
445.000 0.028
446.000 0.028
447.000 0.029
448.000 0.031
449.000 0.032
450.000 0.030
451.000 0.029
452.000 0.029
453.000 0.029
454.000 0.030
455.000 0.030
456.000 0.031
457.000 0.030
458.000 0.030
459.000 0.030
460.000 0.030
461.000 0.031
462.000 0.030
463.000 0.029
464.000 0.031
465.000 0.032
466.000 0.032
467.000 0.031
468.000 0.032
469.000 0.031
470.000 0.030
471.000 0.030
472.000 0.030
473.000 0.031
474.000 0.032
475.000 0.031
476.000 0.030
477.000 0.030
478.000 0.030
479.000 0.031
480.000 0.031
481.000 0.030
482.000 0.032
483.000 0.031
484.000 0.031
485.000 0.032
486.000 0.032
487.000 0.031
488.000 0.031
489.000 0.030
490.000 0.031
491.000 0.032
492.000 0.032
493.000 0.033
494.000 0.033
495.000 0.033
496.000 0.033
497.000 0.032
498.000 0.034
499.000 0.034
500.000 0.032
501.000 0.033
502.000 0.034
503.000 0.035
504.000 0.036
505.000 0.037
506.000 0.037
507.000 0.038
508.000 0.038
509.000 0.038
510.000 0.041
511.000 0.043
512.000 0.043
513.000 0.044
514.000 0.046
515.000 0.048
516.000 0.049
517.000 0.050
518.000 0.053
519.000 0.056
520.000 0.060
521.000 0.062
522.000 0.064
523.000 0.066
524.000 0.068
525.000 0.070
526.000 0.073
527.000 0.075
528.000 0.077
529.000 0.079
530.000 0.080
531.000 0.083
532.000 0.085
533.000 0.087
534.000 0.088
535.000 0.088
536.000 0.089
537.000 0.091
538.000 0.091
539.000 0.091
540.000 0.092
541.000 0.092
542.000 0.092
543.000 0.093
544.000 0.094
545.000 0.095
546.000 0.095
547.000 0.095
548.000 0.095
549.000 0.095
550.000 0.096
551.000 0.096
552.000 0.096
553.000 0.096
554.000 0.096
555.000 0.096
556.000 0.096
557.000 0.095
558.000 0.095
559.000 0.094
560.000 0.092
561.000 0.091
562.000 0.090
563.000 0.089
564.000 0.088
565.000 0.086
566.000 0.085
567.000 0.084
568.000 0.082
569.000 0.080
570.000 0.078
571.000 0.077
572.000 0.075
573.000 0.073
574.000 0.072
575.000 0.071
576.000 0.070
577.000 0.069
578.000 0.068
579.000 0.068
580.000 0.066
581.000 0.064
582.000 0.064
583.000 0.063
584.000 0.063
585.000 0.062
586.000 0.061
587.000 0.061
588.000 0.061
589.000 0.061
590.000 0.059
591.000 0.058
592.000 0.058
593.000 0.057
594.000 0.057
595.000 0.057
596.000 0.057
597.000 0.057
598.000 0.056
599.000 0.056
600.000 0.055
601.000 0.056
602.000 0.055
603.000 0.056
604.000 0.055
605.000 0.054
606.000 0.054
607.000 0.054
608.000 0.054
609.000 0.054
610.000 0.053
611.000 0.052
612.000 0.051
613.000 0.050
614.000 0.049
615.000 0.049
616.000 0.050
617.000 0.049
618.000 0.049
619.000 0.049
620.000 0.049
621.000 0.047
622.000 0.047
623.000 0.048
624.000 0.047
625.000 0.047
626.000 0.047
627.000 0.046
628.000 0.047
629.000 0.047
630.000 0.046
631.000 0.047
632.000 0.048
633.000 0.047
634.000 0.047
635.000 0.047
636.000 0.046
637.000 0.045
638.000 0.044
639.000 0.043
640.000 0.043
641.000 0.042
642.000 0.042
643.000 0.041
644.000 0.040
645.000 0.041
646.000 0.040
647.000 0.040
648.000 0.039
649.000 0.040
650.000 0.040
651.000 0.040
652.000 0.040
653.000 0.039
654.000 0.038
655.000 0.038
656.000 0.038
657.000 0.039
658.000 0.040
659.000 0.039
660.000 0.038
661.000 0.037
662.000 0.038
663.000 0.037
664.000 0.038
665.000 0.037
666.000 0.036
667.000 0.038
668.000 0.039
669.000 0.038
670.000 0.038
671.000 0.038
672.000 0.038
673.000 0.039
674.000 0.039
675.000 0.039
676.000 0.040
677.000 0.041
678.000 0.041
679.000 0.042
680.000 0.042
681.000 0.041
682.000 0.041
683.000 0.043
684.000 0.045
685.000 0.046
686.000 0.049
687.000 0.052
688.000 0.052
689.000 0.055
690.000 0.056
691.000 0.057
692.000 0.059
693.000 0.063
694.000 0.069
695.000 0.074
696.000 0.079
697.000 0.086
698.000 0.094
699.000 0.102
700.000 0.109
701.000 0.117
702.000 0.126
703.000 0.136
704.000 0.144
705.000 0.153
706.000 0.162
707.000 0.171
708.000 0.180
709.000 0.189
710.000 0.198
711.000 0.208
712.000 0.217
713.000 0.227
714.000 0.236
715.000 0.245
716.000 0.256
717.000 0.265
718.000 0.276
719.000 0.286
720.000 0.297
721.000 0.307
722.000 0.316
723.000 0.325
724.000 0.334
725.000 0.344
726.000 0.354
727.000 0.362
728.000 0.371
729.000 0.380
730.000 0.388
731.000 0.396
732.000 0.403
733.000 0.410
734.000 0.417
735.000 0.423
736.000 0.429
737.000 0.435
738.000 0.441
739.000 0.446
740.000 0.450
741.000 0.455
742.000 0.459
743.000 0.463
744.000 0.467
745.000 0.470
746.000 0.473
747.000 0.476
748.000 0.478
749.000 0.481
750.000 0.483
751.000 0.486
752.000 0.488
753.000 0.490
754.000 0.491
755.000 0.493
756.000 0.494
757.000 0.495
758.000 0.496
759.000 0.497
760.000 0.497
761.000 0.497
762.000 0.498
763.000 0.499
764.000 0.500
765.000 0.500
766.000 0.502
767.000 0.503
768.000 0.504
769.000 0.504
770.000 0.505
771.000 0.505
772.000 0.506
773.000 0.506
774.000 0.507
775.000 0.507
776.000 0.508
777.000 0.508
778.000 0.508
779.000 0.508
780.000 0.509
781.000 0.509
782.000 0.509
783.000 0.510
784.000 0.510
785.000 0.510
786.000 0.511
787.000 0.511
788.000 0.511
789.000 0.512
790.000 0.512
791.000 0.513
792.000 0.513
793.000 0.513
794.000 0.514
795.000 0.514
796.000 0.514
797.000 0.515
798.000 0.515
799.000 0.516
800.000 0.516
801.000 0.516
802.000 0.516
803.000 0.517
804.000 0.517
805.000 0.517
806.000 0.518
807.000 0.518
808.000 0.519
809.000 0.519
810.000 0.519
811.000 0.519
812.000 0.520
813.000 0.520
814.000 0.521
815.000 0.521
816.000 0.522
817.000 0.521
818.000 0.522
819.000 0.523
820.000 0.523
821.000 0.523
822.000 0.523
823.000 0.524
824.000 0.524
825.000 0.524
826.000 0.525
827.000 0.525
828.000 0.525
829.000 0.525
830.000 0.525
831.000 0.526
832.000 0.526
833.000 0.527
834.000 0.526
835.000 0.527
836.000 0.527
837.000 0.528
838.000 0.528
839.000 0.528
840.000 0.529
841.000 0.529
842.000 0.529
843.000 0.529
844.000 0.529
845.000 0.530
846.000 0.530
847.000 0.530
848.000 0.531
849.000 0.531
850.000 0.531
851.000 0.531
852.000 0.531
853.000 0.531
854.000 0.532
855.000 0.532
856.000 0.532
857.000 0.533
858.000 0.533
859.000 0.533
860.000 0.534
861.000 0.534
862.000 0.534
863.000 0.534
864.000 0.534
865.000 0.535
866.000 0.534
867.000 0.535
868.000 0.535
869.000 0.535
870.000 0.536
871.000 0.536
872.000 0.536
873.000 0.536
874.000 0.537
875.000 0.537
876.000 0.537
877.000 0.537
878.000 0.538
879.000 0.538
880.000 0.538
881.000 0.538
882.000 0.539
883.000 0.540
884.000 0.540
885.000 0.540
886.000 0.540
887.000 0.541
888.000 0.541
889.000 0.541
890.000 0.542
891.000 0.542
892.000 0.542
893.000 0.542
894.000 0.543
895.000 0.543
896.000 0.542
897.000 0.543
898.000 0.543
899.000 0.543
900.000 0.544
901.000 0.544
902.000 0.544
903.000 0.545
904.000 0.545
905.000 0.545
906.000 0.546
907.000 0.546
908.000 0.545
909.000 0.546
910.000 0.547
911.000 0.547
912.000 0.547
913.000 0.547
914.000 0.547
915.000 0.547
916.000 0.547
917.000 0.547
918.000 0.548
919.000 0.549
920.000 0.548
921.000 0.548
922.000 0.549
923.000 0.549
924.000 0.549
925.000 0.548
926.000 0.549
927.000 0.549
928.000 0.548
929.000 0.549
930.000 0.548
931.000 0.548
932.000 0.546
933.000 0.546
934.000 0.545
935.000 0.544
936.000 0.543
937.000 0.545
938.000 0.547
939.000 0.547
940.000 0.543
941.000 0.544
942.000 0.544
943.000 0.544
944.000 0.544
945.000 0.545
946.000 0.544
947.000 0.542
948.000 0.542
949.000 0.542
950.000 0.541
951.000 0.540
952.000 0.540
953.000 0.539
954.000 0.538
955.000 0.538
956.000 0.541
957.000 0.539
958.000 0.536
959.000 0.536
960.000 0.537
961.000 0.537
962.000 0.537
963.000 0.537
964.000 0.537
965.000 0.536
966.000 0.537
967.000 0.538
968.000 0.538
969.000 0.539
970.000 0.539
971.000 0.536
972.000 0.535
973.000 0.535
974.000 0.536
975.000 0.536
976.000 0.538
977.000 0.537
978.000 0.537
979.000 0.539
980.000 0.538
981.000 0.537
982.000 0.537
983.000 0.538
984.000 0.538
985.000 0.539
986.000 0.540
987.000 0.540
988.000 0.541
989.000 0.542
990.000 0.542
991.000 0.540
992.000 0.542
993.000 0.542
994.000 0.543
995.000 0.543
996.000 0.540
997.000 0.544
998.000 0.547
999.000 0.546
1000.000 0.542
1001.000 0.544
1002.000 0.545
1003.000 0.545
1004.000 0.546
1005.000 0.548
1006.000 0.549
1007.000 0.550
1008.000 0.550
1009.000 0.551
1010.000 0.550
1011.000 0.550
1012.000 0.550
1013.000 0.551
1014.000 0.551
1015.000 0.552
1016.000 0.552
1017.000 0.553
1018.000 0.554
1019.000 0.555
1020.000 0.555
1021.000 0.555
1022.000 0.555
1023.000 0.556
1024.000 0.557
1025.000 0.558
1026.000 0.558
1027.000 0.559
1028.000 0.559
1029.000 0.559
1030.000 0.560
1031.000 0.560
1032.000 0.561
1033.000 0.561
1034.000 0.562
1035.000 0.562
1036.000 0.562
1037.000 0.562
1038.000 0.562
1039.000 0.563
1040.000 0.563
1041.000 0.564
1042.000 0.564
1043.000 0.566
1044.000 0.566
1045.000 0.567
1046.000 0.567
1047.000 0.567
1048.000 0.567
1049.000 0.567
1050.000 0.566
1051.000 0.567
1052.000 0.567
1053.000 0.567
1054.000 0.568
1055.000 0.568
1056.000 0.568
1057.000 0.569
1058.000 0.569
1059.000 0.569
1060.000 0.569
1061.000 0.570
1062.000 0.570
1063.000 0.570
1064.000 0.570
1065.000 0.570
1066.000 0.570
1067.000 0.570
1068.000 0.569
1069.000 0.569
1070.000 0.569
1071.000 0.569
1072.000 0.569
1073.000 0.570
1074.000 0.571
1075.000 0.571
1076.000 0.571
1077.000 0.571
1078.000 0.571
1079.000 0.571
1080.000 0.571
1081.000 0.571
1082.000 0.571
1083.000 0.571
1084.000 0.570
1085.000 0.570
1086.000 0.570
1087.000 0.570
1088.000 0.570
1089.000 0.570
1090.000 0.570
1091.000 0.570
1092.000 0.570
1093.000 0.570
1094.000 0.570
1095.000 0.569
1096.000 0.569
1097.000 0.570
1098.000 0.570
1099.000 0.571
1100.000 0.572
1101.000 0.571
1102.000 0.571
1103.000 0.571
1104.000 0.571
1105.000 0.570
1106.000 0.570
1107.000 0.570
1108.000 0.570
1109.000 0.570
1110.000 0.570
1111.000 0.570
1112.000 0.571
1113.000 0.571
1114.000 0.572
1115.000 0.571
1116.000 0.571
1117.000 0.570
1118.000 0.571
1119.000 0.572
1120.000 0.572
1121.000 0.573
1122.000 0.570
1123.000 0.567
1124.000 0.562
1125.000 0.562
1126.000 0.561
1127.000 0.562
1128.000 0.565
1129.000 0.566
1130.000 0.565
1131.000 0.563
1132.000 0.561
1133.000 0.562
1134.000 0.561
1135.000 0.560
1136.000 0.560
1137.000 0.558
1138.000 0.558
1139.000 0.558
1140.000 0.557
1141.000 0.554
1142.000 0.553
1143.000 0.550
1144.000 0.549
1145.000 0.547
1146.000 0.546
1147.000 0.545
1148.000 0.546
1149.000 0.546
1150.000 0.546
1151.000 0.544
1152.000 0.543
1153.000 0.542
1154.000 0.540
1155.000 0.539
1156.000 0.538
1157.000 0.537
1158.000 0.535
1159.000 0.535
1160.000 0.534
1161.000 0.534
1162.000 0.535
1163.000 0.535
1164.000 0.535
1165.000 0.535
1166.000 0.535
1167.000 0.534
1168.000 0.533
1169.000 0.533
1170.000 0.533
1171.000 0.534
1172.000 0.535
1173.000 0.535
1174.000 0.535
1175.000 0.535
1176.000 0.535
1177.000 0.535
1178.000 0.536
1179.000 0.536
1180.000 0.536
1181.000 0.535
1182.000 0.535
1183.000 0.534
1184.000 0.534
1185.000 0.535
1186.000 0.535
1187.000 0.535
1188.000 0.535
1189.000 0.535
1190.000 0.536
1191.000 0.536
1192.000 0.537
1193.000 0.537
1194.000 0.536
1195.000 0.536
1196.000 0.535
1197.000 0.535
1198.000 0.535
1199.000 0.536
1200.000 0.536
1201.000 0.536
1202.000 0.537
1203.000 0.537
1204.000 0.537
1205.000 0.537
1206.000 0.537
1207.000 0.537
1208.000 0.537
1209.000 0.538
1210.000 0.538
1211.000 0.538
1212.000 0.538
1213.000 0.538
1214.000 0.539
1215.000 0.539
1216.000 0.539
1217.000 0.540
1218.000 0.540
1219.000 0.539
1220.000 0.540
1221.000 0.540
1222.000 0.540
1223.000 0.541
1224.000 0.541
1225.000 0.541
1226.000 0.540
1227.000 0.540
1228.000 0.541
1229.000 0.541
1230.000 0.541
1231.000 0.541
1232.000 0.541
1233.000 0.542
1234.000 0.542
1235.000 0.542
1236.000 0.542
1237.000 0.542
1238.000 0.542
1239.000 0.542
1240.000 0.543
1241.000 0.543
1242.000 0.543
1243.000 0.544
1244.000 0.544
1245.000 0.544
1246.000 0.544
1247.000 0.544
1248.000 0.544
1249.000 0.545
1250.000 0.545
1251.000 0.546
1252.000 0.546
1253.000 0.546
1254.000 0.545
1255.000 0.545
1256.000 0.545
1257.000 0.546
1258.000 0.547
1259.000 0.547
1260.000 0.547
1261.000 0.547
1262.000 0.547
1263.000 0.548
1264.000 0.549
1265.000 0.548
1266.000 0.548
1267.000 0.547
1268.000 0.547
1269.000 0.548
1270.000 0.548
1271.000 0.549
1272.000 0.549
1273.000 0.549
1274.000 0.549
1275.000 0.549
1276.000 0.549
1277.000 0.549
1278.000 0.549
1279.000 0.549
1280.000 0.549
1281.000 0.549
1282.000 0.550
1283.000 0.550
1284.000 0.550
1285.000 0.549
1286.000 0.548
1287.000 0.548
1288.000 0.548
1289.000 0.547
1290.000 0.548
1291.000 0.548
1292.000 0.547
1293.000 0.546
1294.000 0.546
1295.000 0.545
1296.000 0.545
1297.000 0.544
1298.000 0.544
1299.000 0.543
1300.000 0.542
1301.000 0.542
1302.000 0.541
1303.000 0.540
1304.000 0.539
1305.000 0.539
1306.000 0.538
1307.000 0.537
1308.000 0.535
1309.000 0.533
1310.000 0.532
1311.000 0.530
1312.000 0.529
1313.000 0.528
1314.000 0.527
1315.000 0.527
1316.000 0.526
1317.000 0.525
1318.000 0.524
1319.000 0.522
1320.000 0.521
1321.000 0.519
1322.000 0.517
1323.000 0.515
1324.000 0.514
1325.000 0.513
1326.000 0.513
1327.000 0.510
1328.000 0.509
1329.000 0.508
1330.000 0.507
1331.000 0.505
1332.000 0.502
1333.000 0.500
1334.000 0.498
1335.000 0.496
1336.000 0.493
1337.000 0.492
1338.000 0.492
1339.000 0.490
1340.000 0.491
1341.000 0.490
1342.000 0.488
1343.000 0.487
1344.000 0.485
1345.000 0.484
1346.000 0.484
1347.000 0.484
1348.000 0.484
1349.000 0.487
1350.000 0.489
1351.000 0.493
1352.000 0.497
1353.000 0.504
1354.000 0.514
1355.000 0.518
1356.000 0.547
1357.000 0.608
1358.000 0.508
1359.000 0.524
1360.000 0.544
1361.000 0.622
1362.000 0.482
1363.000 0.293
1364.000 0.270
1365.000 0.408
1366.000 0.631
1367.000 0.651
1368.000 0.651
1369.000 0.638
1370.000 0.653
1371.000 0.643
1372.000 0.559
1373.000 0.415
1374.000 0.380
1375.000 0.340
1376.000 0.622
1377.000 0.802
1378.000 0.685
1379.000 0.557
1380.000 0.415
1381.000 0.508
1382.000 0.584
1383.000 0.568
1384.000 0.564
1385.000 0.652
1386.000 0.513
1387.000 0.192
1388.000 0.476
1389.000 0.723
1390.000 0.555
1391.000 0.509
1392.000 0.614
1393.000 0.424
1394.000 0.240
1395.000 0.264
1396.000 0.287
1397.000 0.524
1398.000 0.597
1399.000 0.647
1400.000 0.693
1401.000 0.745
1402.000 0.793
1403.000 0.796
1404.000 0.783
1405.000 0.496
1406.000 0.276
1407.000 0.209
1408.000 0.171
1409.000 0.171
1410.000 0.250
1411.000 0.228
1412.000 0.229
1413.000 0.218
1414.000 0.221
1415.000 0.212
1416.000 0.193
1417.000 0.234
1418.000 0.197
1419.000 0.178
1420.000 0.172
1421.000 0.166
1422.000 0.159
1423.000 0.149
1424.000 0.151
1425.000 0.138
1426.000 0.148
1427.000 0.172
1428.000 0.178
1429.000 0.186
1430.000 0.184
1431.000 0.167
1432.000 0.160
1433.000 0.150
1434.000 0.145
1435.000 0.141
1436.000 0.138
1437.000 0.148
1438.000 0.154
1439.000 0.163
1440.000 0.166
1441.000 0.168
1442.000 0.162
1443.000 0.148
1444.000 0.143
1445.000 0.131
1446.000 0.131
1447.000 0.144
1448.000 0.149
1449.000 0.155
1450.000 0.161
1451.000 0.161
1452.000 0.157
1453.000 0.156
1454.000 0.155
1455.000 0.154
1456.000 0.153
1457.000 0.154
1458.000 0.157
1459.000 0.156
1460.000 0.153
1461.000 0.152
1462.000 0.148
1463.000 0.147
1464.000 0.154
1465.000 0.154
1466.000 0.151
1467.000 0.151
1468.000 0.148
1469.000 0.149
1470.000 0.154
1471.000 0.154
1472.000 0.151
1473.000 0.153
1474.000 0.152
1475.000 0.156
1476.000 0.169
1477.000 0.173
1478.000 0.176
1479.000 0.178
1480.000 0.174
1481.000 0.174
1482.000 0.177
1483.000 0.178
1484.000 0.179
1485.000 0.179
1486.000 0.177
1487.000 0.178
1488.000 0.180
1489.000 0.181
1490.000 0.185
1491.000 0.186
1492.000 0.187
1493.000 0.188
1494.000 0.190
1495.000 0.191
1496.000 0.193
1497.000 0.195
1498.000 0.198
1499.000 0.200
1500.000 0.203
1501.000 0.204
1502.000 0.205
1503.000 0.206
1504.000 0.208
1505.000 0.209
1506.000 0.211
1507.000 0.212
1508.000 0.213
1509.000 0.214
1510.000 0.215
1511.000 0.217
1512.000 0.218
1513.000 0.220
1514.000 0.222
1515.000 0.226
1516.000 0.227
1517.000 0.227
1518.000 0.229
1519.000 0.229
1520.000 0.231
1521.000 0.235
1522.000 0.237
1523.000 0.239
1524.000 0.240
1525.000 0.242
1526.000 0.243
1527.000 0.244
1528.000 0.244
1529.000 0.246
1530.000 0.247
1531.000 0.249
1532.000 0.251
1533.000 0.254
1534.000 0.256
1535.000 0.257
1536.000 0.259
1537.000 0.262
1538.000 0.264
1539.000 0.266
1540.000 0.268
1541.000 0.268
1542.000 0.270
1543.000 0.272
1544.000 0.273
1545.000 0.276
1546.000 0.278
1547.000 0.279
1548.000 0.280
1549.000 0.281
1550.000 0.282
1551.000 0.283
1552.000 0.285
1553.000 0.285
1554.000 0.287
1555.000 0.290
1556.000 0.291
1557.000 0.293
1558.000 0.294
1559.000 0.295
1560.000 0.296
1561.000 0.298
1562.000 0.299
1563.000 0.301
1564.000 0.302
1565.000 0.304
1566.000 0.305
1567.000 0.307
1568.000 0.309
1569.000 0.311
1570.000 0.312
1571.000 0.312
1572.000 0.313
1573.000 0.314
1574.000 0.316
1575.000 0.318
1576.000 0.320
1577.000 0.321
1578.000 0.322
1579.000 0.322
1580.000 0.323
1581.000 0.324
1582.000 0.326
1583.000 0.329
1584.000 0.330
1585.000 0.330
1586.000 0.331
1587.000 0.332
1588.000 0.333
1589.000 0.335
1590.000 0.336
1591.000 0.337
1592.000 0.338
1593.000 0.339
1594.000 0.340
1595.000 0.340
1596.000 0.342
1597.000 0.343
1598.000 0.344
1599.000 0.345
1600.000 0.345
1601.000 0.346
1602.000 0.346
1603.000 0.347
1604.000 0.348
1605.000 0.350
1606.000 0.352
1607.000 0.354
1608.000 0.355
1609.000 0.355
1610.000 0.356
1611.000 0.357
1612.000 0.357
1613.000 0.357
1614.000 0.357
1615.000 0.357
1616.000 0.358
1617.000 0.359
1618.000 0.361
1619.000 0.362
1620.000 0.364
1621.000 0.365
1622.000 0.366
1623.000 0.367
1624.000 0.367
1625.000 0.367
1626.000 0.368
1627.000 0.368
1628.000 0.368
1629.000 0.369
1630.000 0.369
1631.000 0.370
1632.000 0.371
1633.000 0.370
1634.000 0.372
1635.000 0.374
1636.000 0.375
1637.000 0.377
1638.000 0.378
1639.000 0.378
1640.000 0.377
1641.000 0.377
1642.000 0.377
1643.000 0.376
1644.000 0.376
1645.000 0.376
1646.000 0.376
1647.000 0.379
1648.000 0.380
1649.000 0.382
1650.000 0.383
1651.000 0.383
1652.000 0.383
1653.000 0.382
1654.000 0.381
1655.000 0.382
1656.000 0.382
1657.000 0.382
1658.000 0.383
1659.000 0.384
1660.000 0.385
1661.000 0.387
1662.000 0.388
1663.000 0.386
1664.000 0.386
1665.000 0.387
1666.000 0.388
1667.000 0.387
1668.000 0.387
1669.000 0.388
1670.000 0.388
1671.000 0.388
1672.000 0.388
1673.000 0.387
1674.000 0.387
1675.000 0.389
1676.000 0.390
1677.000 0.391
1678.000 0.392
1679.000 0.392
1680.000 0.392
1681.000 0.393
1682.000 0.394
1683.000 0.394
1684.000 0.393
1685.000 0.391
1686.000 0.391
1687.000 0.392
1688.000 0.392
1689.000 0.395
1690.000 0.395
1691.000 0.397
1692.000 0.397
1693.000 0.395
1694.000 0.394
1695.000 0.393
1696.000 0.392
1697.000 0.392
1698.000 0.393
1699.000 0.393
1700.000 0.393
1701.000 0.394
1702.000 0.394
1703.000 0.392
1704.000 0.392
1705.000 0.390
1706.000 0.391
1707.000 0.393
1708.000 0.395
1709.000 0.396
1710.000 0.395
1711.000 0.392
1712.000 0.389
1713.000 0.387
1714.000 0.386
1715.000 0.386
1716.000 0.387
1717.000 0.387
1718.000 0.388
1719.000 0.387
1720.000 0.387
1721.000 0.387
1722.000 0.385
1723.000 0.384
1724.000 0.381
1725.000 0.377
1726.000 0.377
1727.000 0.377
1728.000 0.379
1729.000 0.379
1730.000 0.381
1731.000 0.381
1732.000 0.380
1733.000 0.381
1734.000 0.380
1735.000 0.377
1736.000 0.376
1737.000 0.374
1738.000 0.373
1739.000 0.371
1740.000 0.370
1741.000 0.369
1742.000 0.367
1743.000 0.367
1744.000 0.368
1745.000 0.369
1746.000 0.369
1747.000 0.368
1748.000 0.365
1749.000 0.364
1750.000 0.361
1751.000 0.359
1752.000 0.356
1753.000 0.355
1754.000 0.355
1755.000 0.356
1756.000 0.359
1757.000 0.359
1758.000 0.358
1759.000 0.354
1760.000 0.351
1761.000 0.349
1762.000 0.351
1763.000 0.351
1764.000 0.351
1765.000 0.347
1766.000 0.342
1767.000 0.338
1768.000 0.336
1769.000 0.338
1770.000 0.343
1771.000 0.343
1772.000 0.342
1773.000 0.341
1774.000 0.339
1775.000 0.339
1776.000 0.342
1777.000 0.343
1778.000 0.339
1779.000 0.338
1780.000 0.336
1781.000 0.329
1782.000 0.327
1783.000 0.332
1784.000 0.336
1785.000 0.342
1786.000 0.345
1787.000 0.346
1788.000 0.346
1789.000 0.347
1790.000 0.345
1791.000 0.339
1792.000 0.337
1793.000 0.333
1794.000 0.321
1795.000 0.314
1796.000 0.314
1797.000 0.322
1798.000 0.334
1799.000 0.341
1800.000 0.348
1801.000 0.487
1802.000 0.520
1803.000 0.525
1804.000 0.509
1805.000 0.511
1806.000 0.501
1807.000 0.495
1808.000 0.504
1809.000 0.491
1810.000 0.452
1811.000 0.432
1812.000 0.412
1813.000 0.412
1814.000 0.363
1815.000 0.320
1816.000 0.344
1817.000 0.354
1818.000 0.385
1819.000 0.533
1820.000 0.592
1821.000 0.735
1822.000 0.311
1823.000 0.557
1824.000 0.384
1825.000 0.389
1826.000 0.403
1827.000 0.360
1828.000 0.260
1829.000 0.368
1830.000 0.415
1831.000 0.482
1832.000 0.445
1833.000 0.500
1834.000 0.495
1835.000 0.471
1836.000 0.442
1837.000 0.422
1838.000 0.398
1839.000 0.423
1840.000 0.505
1841.000 0.560
1842.000 0.496
1843.000 0.415
1844.000 0.351
1845.000 0.627
1846.000 0.259
1847.000 0.548
1848.000 0.407
1849.000 0.523
1850.000 0.535
1851.000 0.642
1852.000 0.741
1853.000 0.696
1854.000 0.612
1855.000 0.692
1856.000 0.515
1857.000 0.629
1858.000 0.472
1859.000 0.485
1860.000 0.395
1861.000 0.329
1862.000 0.575
1863.000 0.298
1864.000 0.370
1865.000 0.364
1866.000 0.346
1867.000 0.307
1868.000 0.333
1869.000 0.395
1870.000 0.395
1871.000 0.397
1872.000 0.401
1873.000 0.135
1874.000 0.237
1875.000 0.136
1876.000 0.255
1877.000 0.384
1878.000 0.452
1879.000 0.323
1880.000 0.273
1881.000 0.244
1882.000 0.181
1883.000 0.662
1884.000 0.508
1885.000 0.643
1886.000 0.656
1887.000 0.555
1888.000 0.457
1889.000 0.305
1890.000 0.173
1891.000 0.102
1892.000 0.138
1893.000 0.155
1894.000 0.198
1895.000 0.235
1896.000 0.257
1897.000 0.276
1898.000 0.286
1899.000 0.388
1900.000 0.358
1901.000 0.576
1902.000 0.635
1903.000 0.614
1904.000 0.429
1905.000 0.471
1906.000 0.538
1907.000 0.574
1908.000 0.470
1909.000 0.428
1910.000 0.479
1911.000 0.844
1912.000 0.733
1913.000 0.664
1914.000 0.582
1915.000 0.234
1916.000 0.197
1917.000 0.158
1918.000 0.091
1919.000 0.131
1920.000 0.258
1921.000 0.417
1922.000 0.719
1923.000 0.412
1924.000 0.292
1925.000 0.307
1926.000 0.297
1927.000 0.305
1928.000 0.310
1929.000 0.475
1930.000 0.329
1931.000 0.507
1932.000 0.329
1933.000 0.477
1934.000 0.536
1935.000 0.595
1936.000 0.340
1937.000 0.276
1938.000 0.122
1939.000 0.135
1940.000 0.292
1941.000 0.715
1942.000 0.672
1943.000 0.549
1944.000 0.456
1945.000 0.399
1946.000 0.421
1947.000 0.318
1948.000 0.315
1949.000 0.325
1950.000 0.353
1951.000 0.396
1952.000 0.605
1953.000 0.482
1954.000 0.556
1955.000 0.501
1956.000 0.308
1957.000 0.266
1958.000 0.268
1959.000 0.275
1960.000 0.263
1961.000 0.232
1962.000 0.201
1963.000 0.173
1964.000 0.206
1965.000 0.247
1966.000 0.258
1967.000 0.231
1968.000 0.206
1969.000 0.221
1970.000 0.225
1971.000 0.235
1972.000 0.221
1973.000 0.200
1974.000 0.164
1975.000 0.151
1976.000 0.137
1977.000 0.130
1978.000 0.138
1979.000 0.154
1980.000 0.133
1981.000 0.127
1982.000 0.123
1983.000 0.117
1984.000 0.120
1985.000 0.134
1986.000 0.138
1987.000 0.144
1988.000 0.147
1989.000 0.144
1990.000 0.142
1991.000 0.142
1992.000 0.125
1993.000 0.111
1994.000 0.105
1995.000 0.111
1996.000 0.112
1997.000 0.118
1998.000 0.143
1999.000 0.153
2000.000 0.155
2001.000 0.176
2002.000 0.179
2003.000 0.198
2004.000 0.237
2005.000 0.275
2006.000 0.322
2007.000 0.340
2008.000 0.327
2009.000 0.287
2010.000 0.329
2011.000 0.301
2012.000 0.280
2013.000 0.286
2014.000 0.270
2015.000 0.234
2016.000 0.213
2017.000 0.210
2018.000 0.206
2019.000 0.210
2020.000 0.218
2021.000 0.203
2022.000 0.178
2023.000 0.150
2024.000 0.139
2025.000 0.143
2026.000 0.136
2027.000 0.134
2028.000 0.139
2029.000 0.137
2030.000 0.132
2031.000 0.130
2032.000 0.129
2033.000 0.125
2034.000 0.120
2035.000 0.119
2036.000 0.116
2037.000 0.115
2038.000 0.118
2039.000 0.117
2040.000 0.113
2041.000 0.110
2042.000 0.115
2043.000 0.128
2044.000 0.136
2045.000 0.160
2046.000 0.168
2047.000 0.157
2048.000 0.157
2049.000 0.155
2050.000 0.148
2051.000 0.157
2052.000 0.177
2053.000 0.180
2054.000 0.182
2055.000 0.181
2056.000 0.172
2057.000 0.172
2058.000 0.177
2059.000 0.173
2060.000 0.162
2061.000 0.159
2062.000 0.153
2063.000 0.151
2064.000 0.157
2065.000 0.162
2066.000 0.166
2067.000 0.165
2068.000 0.160
2069.000 0.158
2070.000 0.163
2071.000 0.170
2072.000 0.173
2073.000 0.188
2074.000 0.186
2075.000 0.168
2076.000 0.161
2077.000 0.152
2078.000 0.149
2079.000 0.153
2080.000 0.156
2081.000 0.167
2082.000 0.171
2083.000 0.168
2084.000 0.172
2085.000 0.167
2086.000 0.164
2087.000 0.167
2088.000 0.179
2089.000 0.181
2090.000 0.186
2091.000 0.185
2092.000 0.173
2093.000 0.170
2094.000 0.173
2095.000 0.172
2096.000 0.170
2097.000 0.170
2098.000 0.170
2099.000 0.172
2100.000 0.182
2101.000 0.191
2102.000 0.195
2103.000 0.197
2104.000 0.196
2105.000 0.187
2106.000 0.187
2107.000 0.188
2108.000 0.191
2109.000 0.204
2110.000 0.206
2111.000 0.205
2112.000 0.204
2113.000 0.195
2114.000 0.192
2115.000 0.190
2116.000 0.189
2117.000 0.191
2118.000 0.192
2119.000 0.198
2120.000 0.206
2121.000 0.204
2122.000 0.206
2123.000 0.206
2124.000 0.202
2125.000 0.199
2126.000 0.197
2127.000 0.196
2128.000 0.192
2129.000 0.193
2130.000 0.199
2131.000 0.202
2132.000 0.207
2133.000 0.209
2134.000 0.209
2135.000 0.208
2136.000 0.203
2137.000 0.203
2138.000 0.205
2139.000 0.207
2140.000 0.216
2141.000 0.223
2142.000 0.225
2143.000 0.225
2144.000 0.224
2145.000 0.217
2146.000 0.215
2147.000 0.215
2148.000 0.214
2149.000 0.215
2150.000 0.214
2151.000 0.216
2152.000 0.215
2153.000 0.209
2154.000 0.210
2155.000 0.211
2156.000 0.213
2157.000 0.215
2158.000 0.220
2159.000 0.223
2160.000 0.217
2161.000 0.218
2162.000 0.219
2163.000 0.221
2164.000 0.228
2165.000 0.228
2166.000 0.224
2167.000 0.225
2168.000 0.227
2169.000 0.225
2170.000 0.223
2171.000 0.224
2172.000 0.225
2173.000 0.222
2174.000 0.217
2175.000 0.217
2176.000 0.212
2177.000 0.209
2178.000 0.213
2179.000 0.222
2180.000 0.222
2181.000 0.222
2182.000 0.228
2183.000 0.224
2184.000 0.228
2185.000 0.237
2186.000 0.239
2187.000 0.238
2188.000 0.239
2189.000 0.238
2190.000 0.236
2191.000 0.235
2192.000 0.232
2193.000 0.224
2194.000 0.222
2195.000 0.222
2196.000 0.221
2197.000 0.222
2198.000 0.223
2199.000 0.223
2200.000 0.225
2201.000 0.230
2202.000 0.234
2203.000 0.237
2204.000 0.239
2205.000 0.237
2206.000 0.230
2207.000 0.229
2208.000 0.231
2209.000 0.231
2210.000 0.231
2211.000 0.233
2212.000 0.228
2213.000 0.228
2214.000 0.231
2215.000 0.233
2216.000 0.236
2217.000 0.237
2218.000 0.233
2219.000 0.233
2220.000 0.231
2221.000 0.232
2222.000 0.240
2223.000 0.241
2224.000 0.234
2225.000 0.230
2226.000 0.222
2227.000 0.223
2228.000 0.222
2229.000 0.230
2230.000 0.233
2231.000 0.230
2232.000 0.231
2233.000 0.233
2234.000 0.230
2235.000 0.229
2236.000 0.230
2237.000 0.228
2238.000 0.229
2239.000 0.235
2240.000 0.235
2241.000 0.235
2242.000 0.232
2243.000 0.226
2244.000 0.222
2245.000 0.217
2246.000 0.213
2247.000 0.207
2248.000 0.208
2249.000 0.213
2250.000 0.216
2251.000 0.229
2252.000 0.234
2253.000 0.239
2254.000 0.235
2255.000 0.222
2256.000 0.216
2257.000 0.201
2258.000 0.197
2259.000 0.200
2260.000 0.198
2261.000 0.204
2262.000 0.202
2263.000 0.196
2264.000 0.193
2265.000 0.190
2266.000 0.184
2267.000 0.183
2268.000 0.182
2269.000 0.184
2270.000 0.190
2271.000 0.192
2272.000 0.205
2273.000 0.207
2274.000 0.199
2275.000 0.200
2276.000 0.199
2277.000 0.198
2278.000 0.206
2279.000 0.207
2280.000 0.204
2281.000 0.203
2282.000 0.198
2283.000 0.196
2284.000 0.194
2285.000 0.192
2286.000 0.193
2287.000 0.190
2288.000 0.180
2289.000 0.177
2290.000 0.172
2291.000 0.171
2292.000 0.176
2293.000 0.177
2294.000 0.177
2295.000 0.178
2296.000 0.174
2297.000 0.178
2298.000 0.179
2299.000 0.175
2300.000 0.184
2301.000 0.180
2302.000 0.183
2303.000 0.184
2304.000 0.170
2305.000 0.165
2306.000 0.160
2307.000 0.155
2308.000 0.151
2309.000 0.156
2310.000 0.171
2311.000 0.180
2312.000 0.185
2313.000 0.188
2314.000 0.180
2315.000 0.182
2316.000 0.198
2317.000 0.217
2318.000 0.245
2319.000 0.252
2320.000 0.252
2321.000 0.249
2322.000 0.242
2323.000 0.241
2324.000 0.233
2325.000 0.228
2326.000 0.223
2327.000 0.217
2328.000 0.208
2329.000 0.193
2330.000 0.194
2331.000 0.203
2332.000 0.191
2333.000 0.164
2334.000 0.165
2335.000 0.156
2336.000 0.150
2337.000 0.148
2338.000 0.169
2339.000 0.209
2340.000 0.232
2341.000 0.235
2342.000 0.241
2343.000 0.186
2344.000 0.184
2345.000 0.222
2346.000 0.223
2347.000 0.234
2348.000 0.240
2349.000 0.185
2350.000 0.170
2351.000 0.147
2352.000 0.134
2353.000 0.141
2354.000 0.133
2355.000 0.115
2356.000 0.107
2357.000 0.147
2358.000 0.119
2359.000 0.100
2360.000 0.143
2361.000 0.184
2362.000 0.195
2363.000 0.217
2364.000 0.242
2365.000 0.247
2366.000 0.184
2367.000 0.136
2368.000 0.122
2369.000 0.125
2370.000 0.141
2371.000 0.213
2372.000 0.212
2373.000 0.244
2374.000 0.214
2375.000 0.281
2376.000 0.264
2377.000 0.230
2378.000 0.253
2379.000 0.252
2380.000 0.422
2381.000 0.296
2382.000 0.200
2383.000 0.170
2384.000 0.181
2385.000 0.174
2386.000 0.164
2387.000 0.168
2388.000 0.173
2389.000 0.289
2390.000 0.256
2391.000 0.241
2392.000 0.298
2393.000 0.318
2394.000 0.253
2395.000 0.549
2396.000 0.396
2397.000 0.368
2398.000 0.271
2399.000 0.238
2400.000 0.179
2401.000 0.258
2402.000 0.571
2403.000 0.473
2404.000 0.494
2405.000 0.508
2406.000 0.072
2407.000 0.272
2408.000 0.578
2409.000 0.287
2410.000 0.267
2411.000 0.328
2412.000 0.324
2413.000 0.201
2414.000 0.319
2415.000 0.321
2416.000 0.341
2417.000 0.544
2418.000 0.410
2419.000 0.619
2420.000 0.625
2421.000 0.433
2422.000 0.418
2423.000 0.354
2424.000 0.321
2425.000 0.296
2426.000 0.284
2427.000 0.330
2428.000 0.389
2429.000 0.458
2430.000 0.484
2431.000 0.565
2432.000 0.618
2433.000 0.876
2434.000 0.417
2435.000 0.508
2436.000 0.458
2437.000 0.377
2438.000 0.190
2439.000 0.182
2440.000 0.383
2441.000 0.284
2442.000 0.256
2443.000 0.391
2444.000 0.513
2445.000 0.445
2446.000 0.290
2447.000 0.355
2448.000 0.306
2449.000 0.437
2450.000 0.395
2451.000 0.352
2452.000 0.303
2453.000 0.295
2454.000 0.326
2455.000 0.339
2456.000 0.377
2457.000 0.398
2458.000 0.400
2459.000 0.396
2460.000 0.236
2461.000 0.377
2462.000 0.518
2463.000 0.423
2464.000 0.376
2465.000 0.359
2466.000 0.715
2467.000 0.669
2468.000 0.615
2469.000 0.530
2470.000 0.540
2471.000 0.518
2472.000 0.483
2473.000 0.487
2474.000 0.435
2475.000 0.527
2476.000 0.467
2477.000 0.432
2478.000 0.406
2479.000 0.358
2480.000 0.712
2481.000 0.610
2482.000 0.175
2483.000 0.434
2484.000 0.316
2485.000 0.343
2486.000 0.212
2487.000 0.119
2488.000 0.187
2489.000 0.362
2490.000 0.523
2491.000 0.583
2492.000 0.637
2493.000 0.649
2494.000 0.484
2495.000 0.439
2496.000 0.449
2497.000 0.235
2498.000 0.568
2499.000 0.304
2500.000 0.301
