391.000 0.033
392.000 0.034
393.000 0.032
394.000 0.030
395.000 0.031
396.000 0.036
397.000 0.039
398.000 0.035
399.000 0.033
400.000 0.034
401.000 0.033
402.000 0.032
403.000 0.032
404.000 0.034
405.000 0.036
406.000 0.038
407.000 0.036
408.000 0.033
409.000 0.036
410.000 0.034
411.000 0.033
412.000 0.034
413.000 0.037
414.000 0.038
415.000 0.038
416.000 0.038
417.000 0.038
418.000 0.035
419.000 0.033
420.000 0.034
421.000 0.036
422.000 0.037
423.000 0.036
424.000 0.036
425.000 0.036
426.000 0.036
427.000 0.036
428.000 0.037
429.000 0.038
430.000 0.037
431.000 0.038
432.000 0.037
433.000 0.036
434.000 0.036
435.000 0.035
436.000 0.036
437.000 0.037
438.000 0.036
439.000 0.037
440.000 0.037
441.000 0.038
442.000 0.039
443.000 0.039
444.000 0.038
445.000 0.037
446.000 0.036
447.000 0.037
448.000 0.039
449.000 0.040
450.000 0.038
451.000 0.037
452.000 0.037
453.000 0.038
454.000 0.038
455.000 0.038
456.000 0.039
457.000 0.038
458.000 0.039
459.000 0.039
460.000 0.038
461.000 0.039
462.000 0.039
463.000 0.037
464.000 0.040
465.000 0.041
466.000 0.041
467.000 0.040
468.000 0.041
469.000 0.040
470.000 0.039
471.000 0.039
472.000 0.039
473.000 0.040
474.000 0.041
475.000 0.040
476.000 0.039
477.000 0.039
478.000 0.039
479.000 0.040
480.000 0.040
481.000 0.040
482.000 0.041
483.000 0.040
484.000 0.041
485.000 0.042
486.000 0.040
487.000 0.039
488.000 0.039
489.000 0.039
490.000 0.041
491.000 0.042
492.000 0.042
493.000 0.043
494.000 0.043
495.000 0.043
496.000 0.043
497.000 0.042
498.000 0.042
499.000 0.042
500.000 0.043
501.000 0.044
502.000 0.045
503.000 0.046
504.000 0.047
505.000 0.047
506.000 0.047
507.000 0.050
508.000 0.049
509.000 0.050
510.000 0.052
511.000 0.055
512.000 0.056
513.000 0.058
514.000 0.059
515.000 0.062
516.000 0.064
517.000 0.066
518.000 0.068
519.000 0.071
520.000 0.075
521.000 0.078
522.000 0.081
523.000 0.083
524.000 0.085
525.000 0.089
526.000 0.092
527.000 0.095
528.000 0.097
529.000 0.100
530.000 0.102
531.000 0.104
532.000 0.106
533.000 0.108
534.000 0.109
535.000 0.110
536.000 0.111
537.000 0.113
538.000 0.114
539.000 0.114
540.000 0.115
541.000 0.115
542.000 0.116
543.000 0.116
544.000 0.117
545.000 0.117
546.000 0.118
547.000 0.118
548.000 0.118
549.000 0.118
550.000 0.119
551.000 0.120
552.000 0.120
553.000 0.120
554.000 0.119
555.000 0.118
556.000 0.118
557.000 0.118
558.000 0.117
559.000 0.116
560.000 0.115
561.000 0.114
562.000 0.112
563.000 0.111
564.000 0.110
565.000 0.108
566.000 0.107
567.000 0.105
568.000 0.103
569.000 0.100
570.000 0.098
571.000 0.096
572.000 0.095
573.000 0.093
574.000 0.091
575.000 0.090
576.000 0.088
577.000 0.087
578.000 0.086
579.000 0.086
580.000 0.084
581.000 0.082
582.000 0.081
583.000 0.080
584.000 0.080
585.000 0.079
586.000 0.078
587.000 0.077
588.000 0.077
589.000 0.077
590.000 0.075
591.000 0.075
592.000 0.074
593.000 0.074
594.000 0.074
595.000 0.073
596.000 0.072
597.000 0.072
598.000 0.072
599.000 0.072
600.000 0.071
601.000 0.071
602.000 0.070
603.000 0.070
604.000 0.070
605.000 0.069
606.000 0.069
607.000 0.069
608.000 0.069
609.000 0.068
610.000 0.068
611.000 0.067
612.000 0.065
613.000 0.065
614.000 0.064
615.000 0.064
616.000 0.064
617.000 0.063
618.000 0.063
619.000 0.063
620.000 0.063
621.000 0.062
622.000 0.061
623.000 0.061
624.000 0.060
625.000 0.060
626.000 0.061
627.000 0.060
628.000 0.060
629.000 0.061
630.000 0.061
631.000 0.062
632.000 0.061
633.000 0.060
634.000 0.060
635.000 0.060
636.000 0.059
637.000 0.058
638.000 0.056
639.000 0.056
640.000 0.056
641.000 0.055
642.000 0.055
643.000 0.054
644.000 0.051
645.000 0.051
646.000 0.052
647.000 0.052
648.000 0.051
649.000 0.052
650.000 0.052
651.000 0.052
652.000 0.052
653.000 0.051
654.000 0.050
655.000 0.051
656.000 0.051
657.000 0.051
658.000 0.051
659.000 0.051
660.000 0.050
661.000 0.050
662.000 0.050
663.000 0.049
664.000 0.050
665.000 0.049
666.000 0.048
667.000 0.051
668.000 0.051
669.000 0.050
670.000 0.050
671.000 0.051
672.000 0.053
673.000 0.054
674.000 0.053
675.000 0.054
676.000 0.055
677.000 0.056
678.000 0.057
679.000 0.058
680.000 0.058
681.000 0.057
682.000 0.058
683.000 0.060
684.000 0.061
685.000 0.062
686.000 0.066
687.000 0.070
688.000 0.072
689.000 0.075
690.000 0.075
691.000 0.075
692.000 0.079
693.000 0.083
694.000 0.088
695.000 0.095
696.000 0.102
697.000 0.110
698.000 0.118
699.000 0.128
700.000 0.136
701.000 0.145
702.000 0.156
703.000 0.166
704.000 0.174
705.000 0.184
706.000 0.194
707.000 0.204
708.000 0.214
709.000 0.224
710.000 0.233
711.000 0.243
712.000 0.253
713.000 0.264
714.000 0.274
715.000 0.283
716.000 0.294
717.000 0.305
718.000 0.317
719.000 0.329
720.000 0.340
721.000 0.348
722.000 0.357
723.000 0.366
724.000 0.377
725.000 0.386
726.000 0.396
727.000 0.404
728.000 0.413
729.000 0.421
730.000 0.429
731.000 0.436
732.000 0.443
733.000 0.448
734.000 0.454
735.000 0.460
736.000 0.466
737.000 0.472
738.000 0.477
739.000 0.481
740.000 0.485
741.000 0.489
742.000 0.493
743.000 0.497
744.000 0.500
745.000 0.503
746.000 0.505
747.000 0.509
748.000 0.511
749.000 0.513
750.000 0.515
751.000 0.518
752.000 0.519
753.000 0.521
754.000 0.522
755.000 0.524
756.000 0.525
757.000 0.526
758.000 0.527
759.000 0.528
760.000 0.530
761.000 0.533
762.000 0.534
763.000 0.535
764.000 0.535
765.000 0.535
766.000 0.535
767.000 0.534
768.000 0.534
769.000 0.534
770.000 0.535
771.000 0.535
772.000 0.536
773.000 0.536
774.000 0.536
775.000 0.537
776.000 0.537
777.000 0.537
778.000 0.538
779.000 0.538
780.000 0.538
781.000 0.539
782.000 0.539
783.000 0.540
784.000 0.540
785.000 0.540
786.000 0.541
787.000 0.541
788.000 0.541
789.000 0.542
790.000 0.542
791.000 0.543
792.000 0.543
793.000 0.543
794.000 0.543
795.000 0.544
796.000 0.544
797.000 0.545
798.000 0.545
799.000 0.546
800.000 0.546
801.000 0.547
802.000 0.547
803.000 0.547
804.000 0.548
805.000 0.548
806.000 0.548
807.000 0.548
808.000 0.549
809.000 0.549
810.000 0.550
811.000 0.551
812.000 0.552
813.000 0.553
814.000 0.554
815.000 0.555
816.000 0.556
817.000 0.556
818.000 0.556
819.000 0.557
820.000 0.556
821.000 0.556
822.000 0.557
823.000 0.557
824.000 0.557
825.000 0.557
826.000 0.557
827.000 0.558
828.000 0.558
829.000 0.558
830.000 0.558
831.000 0.559
832.000 0.559
833.000 0.559
834.000 0.559
835.000 0.558
836.000 0.559
837.000 0.559
838.000 0.559
839.000 0.559
840.000 0.559
841.000 0.560
842.000 0.560
843.000 0.560
844.000 0.559
845.000 0.560
846.000 0.560
847.000 0.560
848.000 0.561
849.000 0.561
850.000 0.561
851.000 0.561
852.000 0.562
853.000 0.562
854.000 0.562
855.000 0.562
856.000 0.562
857.000 0.563
858.000 0.563
859.000 0.563
860.000 0.563
861.000 0.563
862.000 0.564
863.000 0.564
864.000 0.564
865.000 0.564
866.000 0.565
867.000 0.565
868.000 0.565
869.000 0.565
870.000 0.566
871.000 0.566
872.000 0.566
873.000 0.567
874.000 0.567
875.000 0.567
876.000 0.567
877.000 0.568
878.000 0.568
879.000 0.568
880.000 0.568
881.000 0.569
882.000 0.569
883.000 0.570
884.000 0.570
885.000 0.570
886.000 0.571
887.000 0.571
888.000 0.571
889.000 0.572
890.000 0.573
891.000 0.573
892.000 0.573
893.000 0.573
894.000 0.575
895.000 0.576
896.000 0.576
897.000 0.577
898.000 0.578
899.000 0.579
900.000 0.580
901.000 0.579
902.000 0.580
903.000 0.580
904.000 0.580
905.000 0.580
906.000 0.580
907.000 0.580
908.000 0.581
909.000 0.582
910.000 0.583
911.000 0.583
912.000 0.583
913.000 0.583
914.000 0.583
915.000 0.583
916.000 0.584
917.000 0.583
918.000 0.584
919.000 0.585
920.000 0.584
921.000 0.584
922.000 0.584
923.000 0.584
924.000 0.584
925.000 0.584
926.000 0.585
927.000 0.586
928.000 0.585
929.000 0.587
930.000 0.589
931.000 0.589
932.000 0.589
933.000 0.589
934.000 0.590
935.000 0.588
936.000 0.589
937.000 0.591
938.000 0.592
939.000 0.590
940.000 0.588
941.000 0.588
942.000 0.588
943.000 0.588
944.000 0.589
945.000 0.590
946.000 0.589
947.000 0.586
948.000 0.588
949.000 0.587
950.000 0.585
951.000 0.584
952.000 0.586
953.000 0.583
954.000 0.581
955.000 0.582
956.000 0.585
957.000 0.582
958.000 0.579
959.000 0.581
960.000 0.580
961.000 0.579
962.000 0.578
963.000 0.577
964.000 0.577
965.000 0.577
966.000 0.577
967.000 0.578
968.000 0.577
969.000 0.578
970.000 0.577
971.000 0.575
972.000 0.573
973.000 0.574
974.000 0.574
975.000 0.575
976.000 0.576
977.000 0.576
978.000 0.576
979.000 0.576
980.000 0.575
981.000 0.574
982.000 0.573
983.000 0.574
984.000 0.574
985.000 0.574
986.000 0.575
987.000 0.576
988.000 0.575
989.000 0.576
990.000 0.575
991.000 0.573
992.000 0.576
993.000 0.576
994.000 0.577
995.000 0.576
996.000 0.573
997.000 0.577
998.000 0.581
999.000 0.579
1000.000 0.576
1001.000 0.577
1002.000 0.578
1003.000 0.579
1004.000 0.580
1005.000 0.582
1006.000 0.583
1007.000 0.583
1008.000 0.584
1009.000 0.584
1010.000 0.584
1011.000 0.584
1012.000 0.585
1013.000 0.586
1014.000 0.586
1015.000 0.587
1016.000 0.587
1017.000 0.588
1018.000 0.588
1019.000 0.588
1020.000 0.588
1021.000 0.588
1022.000 0.588
1023.000 0.589
1024.000 0.590
1025.000 0.591
1026.000 0.591
1027.000 0.592
1028.000 0.593
1029.000 0.593
1030.000 0.594
1031.000 0.595
1032.000 0.595
1033.000 0.595
1034.000 0.595
1035.000 0.595
1036.000 0.595
1037.000 0.596
1038.000 0.596
1039.000 0.597
1040.000 0.597
1041.000 0.597
1042.000 0.598
1043.000 0.599
1044.000 0.600
1045.000 0.600
1046.000 0.601
1047.000 0.601
1048.000 0.601
1049.000 0.601
1050.000 0.601
1051.000 0.601
1052.000 0.601
1053.000 0.602
1054.000 0.603
1055.000 0.603
1056.000 0.602
1057.000 0.603
1058.000 0.603
1059.000 0.603
1060.000 0.603
1061.000 0.603
1062.000 0.604
1063.000 0.604
1064.000 0.604
1065.000 0.604
1066.000 0.604
1067.000 0.603
1068.000 0.603
1069.000 0.603
1070.000 0.603
1071.000 0.604
1072.000 0.604
1073.000 0.605
1074.000 0.606
1075.000 0.606
1076.000 0.606
1077.000 0.606
1078.000 0.607
1079.000 0.607
1080.000 0.607
1081.000 0.607
1082.000 0.607
1083.000 0.606
1084.000 0.606
1085.000 0.605
1086.000 0.605
1087.000 0.606
1088.000 0.607
1089.000 0.607
1090.000 0.607
1091.000 0.607
1092.000 0.608
1093.000 0.607
1094.000 0.607
1095.000 0.607
1096.000 0.608
1097.000 0.609
1098.000 0.609
1099.000 0.610
1100.000 0.611
1101.000 0.611
1102.000 0.611
1103.000 0.611
1104.000 0.612
1105.000 0.612
1106.000 0.612
1107.000 0.612
1108.000 0.612
1109.000 0.611
1110.000 0.612
1111.000 0.613
1112.000 0.616
1113.000 0.618
1114.000 0.620
1115.000 0.621
1116.000 0.621
1117.000 0.622
1118.000 0.623
1119.000 0.625
1120.000 0.627
1121.000 0.628
1122.000 0.625
1123.000 0.623
1124.000 0.617
1125.000 0.616
1126.000 0.617
1127.000 0.618
1128.000 0.621
1129.000 0.621
1130.000 0.621
1131.000 0.618
1132.000 0.616
1133.000 0.616
1134.000 0.615
1135.000 0.614
1136.000 0.614
1137.000 0.613
1138.000 0.613
1139.000 0.612
1140.000 0.611
1141.000 0.610
1142.000 0.609
1143.000 0.606
1144.000 0.605
1145.000 0.602
1146.000 0.601
1147.000 0.600
1148.000 0.600
1149.000 0.601
1150.000 0.600
1151.000 0.599
1152.000 0.597
1153.000 0.596
1154.000 0.594
1155.000 0.592
1156.000 0.591
1157.000 0.589
1158.000 0.587
1159.000 0.585
1160.000 0.585
1161.000 0.584
1162.000 0.584
1163.000 0.583
1164.000 0.583
1165.000 0.583
1166.000 0.582
1167.000 0.581
1168.000 0.580
1169.000 0.580
1170.000 0.580
1171.000 0.580
1172.000 0.581
1173.000 0.582
1174.000 0.582
1175.000 0.582
1176.000 0.582
1177.000 0.582
1178.000 0.583
1179.000 0.583
1180.000 0.583
1181.000 0.583
1182.000 0.583
1183.000 0.582
1184.000 0.582
1185.000 0.581
1186.000 0.581
1187.000 0.581
1188.000 0.582
1189.000 0.583
1190.000 0.583
1191.000 0.583
1192.000 0.584
1193.000 0.584
1194.000 0.584
1195.000 0.583
1196.000 0.583
1197.000 0.582
1198.000 0.582
1199.000 0.582
1200.000 0.583
1201.000 0.583
1202.000 0.583
1203.000 0.584
1204.000 0.584
1205.000 0.583
1206.000 0.583
1207.000 0.583
1208.000 0.583
1209.000 0.583
1210.000 0.584
1211.000 0.584
1212.000 0.584
1213.000 0.584
1214.000 0.584
1215.000 0.584
1216.000 0.584
1217.000 0.584
1218.000 0.584
1219.000 0.584
1220.000 0.584
1221.000 0.584
1222.000 0.584
1223.000 0.585
1224.000 0.585
1225.000 0.585
1226.000 0.585
1227.000 0.585
1228.000 0.585
1229.000 0.585
1230.000 0.585
1231.000 0.585
1232.000 0.585
1233.000 0.585
1234.000 0.585
1235.000 0.585
1236.000 0.585
1237.000 0.585
1238.000 0.585
1239.000 0.585
1240.000 0.586
1241.000 0.586
1242.000 0.586
1243.000 0.587
1244.000 0.587
1245.000 0.587
1246.000 0.587
1247.000 0.587
1248.000 0.587
1249.000 0.588
1250.000 0.589
1251.000 0.589
1252.000 0.589
1253.000 0.588
1254.000 0.588
1255.000 0.588
1256.000 0.588
1257.000 0.590
1258.000 0.590
1259.000 0.590
1260.000 0.591
1261.000 0.591
1262.000 0.591
1263.000 0.593
1264.000 0.594
1265.000 0.594
1266.000 0.594
1267.000 0.593
1268.000 0.593
1269.000 0.593
1270.000 0.593
1271.000 0.594
1272.000 0.594
1273.000 0.593
1274.000 0.593
1275.000 0.592
1276.000 0.593
1277.000 0.592
1278.000 0.592
1279.000 0.592
1280.000 0.592
1281.000 0.592
1282.000 0.593
1283.000 0.593
1284.000 0.593
1285.000 0.593
1286.000 0.593
1287.000 0.593
1288.000 0.593
1289.000 0.592
1290.000 0.593
1291.000 0.592
1292.000 0.592
1293.000 0.591
1294.000 0.591
1295.000 0.591
1296.000 0.591
1297.000 0.590
1298.000 0.591
1299.000 0.590
1300.000 0.589
1301.000 0.589
1302.000 0.588
1303.000 0.588
1304.000 0.588
1305.000 0.587
1306.000 0.587
1307.000 0.585
1308.000 0.584
1309.000 0.583
1310.000 0.581
1311.000 0.580
1312.000 0.580
1313.000 0.579
1314.000 0.578
1315.000 0.578
1316.000 0.578
1317.000 0.577
1318.000 0.577
1319.000 0.576
1320.000 0.574
1321.000 0.573
1322.000 0.571
1323.000 0.569
1324.000 0.568
1325.000 0.568
1326.000 0.568
1327.000 0.567
1328.000 0.565
1329.000 0.565
1330.000 0.564
1331.000 0.563
1332.000 0.561
1333.000 0.559
1334.000 0.555
1335.000 0.552
1336.000 0.551
1337.000 0.550
1338.000 0.551
1339.000 0.550
1340.000 0.552
1341.000 0.552
1342.000 0.550
1343.000 0.549
1344.000 0.548
1345.000 0.548
1346.000 0.549
1347.000 0.551
1348.000 0.553
1349.000 0.561
1350.000 0.566
1351.000 0.571
1352.000 0.580
1353.000 0.591
1354.000 0.612
1355.000 0.633
1356.000 0.696
1357.000 0.785
1358.000 0.777
1359.000 0.844
1360.000 0.854
1361.000 0.864
1362.000 0.844
1363.000 0.551
1364.000 0.510
1365.000 0.644
1366.000 0.615
1367.000 0.547
1368.000 0.476
1369.000 0.415
1370.000 0.357
1371.000 0.296
1372.000 0.697
1373.000 0.583
1374.000 0.491
1375.000 0.497
1376.000 0.333
1377.000 0.411
1378.000 0.429
1379.000 0.452
1380.000 0.432
1381.000 0.512
1382.000 0.537
1383.000 0.567
1384.000 0.604
1385.000 0.638
1386.000 0.639
1387.000 0.604
1388.000 0.710
1389.000 0.612
1390.000 0.352
1391.000 0.510
1392.000 0.543
1393.000 0.341
1394.000 0.592
1395.000 0.642
1396.000 0.579
1397.000 0.843
1398.000 0.855
1399.000 0.861
1400.000 0.862
1401.000 0.872
1402.000 0.880
1403.000 0.885
1404.000 0.889
1405.000 0.818
1406.000 0.443
1407.000 0.352
1408.000 0.337
1409.000 0.331
1410.000 0.339
1411.000 0.348
1412.000 0.346
1413.000 0.336
1414.000 0.334
1415.000 0.323
1416.000 0.327
1417.000 0.354
1418.000 0.346
1419.000 0.351
1420.000 0.339
1421.000 0.302
1422.000 0.295
1423.000 0.289
1424.000 0.297
1425.000 0.322
1426.000 0.336
1427.000 0.365
1428.000 0.359
1429.000 0.331
1430.000 0.316
1431.000 0.287
1432.000 0.271
1433.000 0.262
1434.000 0.253
1435.000 0.239
1436.000 0.234
1437.000 0.240
1438.000 0.244
1439.000 0.254
1440.000 0.260
1441.000 0.274
1442.000 0.268
1443.000 0.239
1444.000 0.232
1445.000 0.220
1446.000 0.219
1447.000 0.241
1448.000 0.249
1449.000 0.251
1450.000 0.254
1451.000 0.249
1452.000 0.243
1453.000 0.240
1454.000 0.239
1455.000 0.235
1456.000 0.232
1457.000 0.232
1458.000 0.232
1459.000 0.232
1460.000 0.237
1461.000 0.238
1462.000 0.235
1463.000 0.236
1464.000 0.239
1465.000 0.243
1466.000 0.246
1467.000 0.250
1468.000 0.252
1469.000 0.254
1470.000 0.255
1471.000 0.254
1472.000 0.251
1473.000 0.252
1474.000 0.254
1475.000 0.257
1476.000 0.268
1477.000 0.270
1478.000 0.270
1479.000 0.270
1480.000 0.264
1481.000 0.263
1482.000 0.265
1483.000 0.265
1484.000 0.265
1485.000 0.264
1486.000 0.259
1487.000 0.258
1488.000 0.257
1489.000 0.257
1490.000 0.261
1491.000 0.262
1492.000 0.261
1493.000 0.261
1494.000 0.263
1495.000 0.264
1496.000 0.265
1497.000 0.268
1498.000 0.271
1499.000 0.274
1500.000 0.277
1501.000 0.279
1502.000 0.279
1503.000 0.278
1504.000 0.280
1505.000 0.280
1506.000 0.282
1507.000 0.283
1508.000 0.284
1509.000 0.285
1510.000 0.287
1511.000 0.288
1512.000 0.290
1513.000 0.292
1514.000 0.294
1515.000 0.298
1516.000 0.299
1517.000 0.301
1518.000 0.302
1519.000 0.301
1520.000 0.302
1521.000 0.305
1522.000 0.307
1523.000 0.309
1524.000 0.311
1525.000 0.313
1526.000 0.314
1527.000 0.313
1528.000 0.314
1529.000 0.315
1530.000 0.317
1531.000 0.318
1532.000 0.320
1533.000 0.321
1534.000 0.323
1535.000 0.325
1536.000 0.328
1537.000 0.332
1538.000 0.335
1539.000 0.336
1540.000 0.338
1541.000 0.337
1542.000 0.338
1543.000 0.340
1544.000 0.341
1545.000 0.344
1546.000 0.346
1547.000 0.347
1548.000 0.347
1549.000 0.347
1550.000 0.348
1551.000 0.349
1552.000 0.350
1553.000 0.351
1554.000 0.353
1555.000 0.355
1556.000 0.358
1557.000 0.361
1558.000 0.362
1559.000 0.363
1560.000 0.364
1561.000 0.363
1562.000 0.363
1563.000 0.366
1564.000 0.368
1565.000 0.371
1566.000 0.373
1567.000 0.375
1568.000 0.377
1569.000 0.379
1570.000 0.381
1571.000 0.381
1572.000 0.382
1573.000 0.384
1574.000 0.386
1575.000 0.388
1576.000 0.390
1577.000 0.389
1578.000 0.390
1579.000 0.391
1580.000 0.391
1581.000 0.392
1582.000 0.394
1583.000 0.396
1584.000 0.397
1585.000 0.399
1586.000 0.400
1587.000 0.400
1588.000 0.400
1589.000 0.401
1590.000 0.402
1591.000 0.402
1592.000 0.403
1593.000 0.405
1594.000 0.406
1595.000 0.407
1596.000 0.409
1597.000 0.410
1598.000 0.411
1599.000 0.411
1600.000 0.412
1601.000 0.411
1602.000 0.412
1603.000 0.413
1604.000 0.414
1605.000 0.417
1606.000 0.419
1607.000 0.421
1608.000 0.422
1609.000 0.421
1610.000 0.421
1611.000 0.422
1612.000 0.423
1613.000 0.422
1614.000 0.422
1615.000 0.422
1616.000 0.422
1617.000 0.423
1618.000 0.423
1619.000 0.424
1620.000 0.425
1621.000 0.428
1622.000 0.429
1623.000 0.429
1624.000 0.430
1625.000 0.431
1626.000 0.432
1627.000 0.432
1628.000 0.433
1629.000 0.433
1630.000 0.433
1631.000 0.434
1632.000 0.434
1633.000 0.433
1634.000 0.434
1635.000 0.436
1636.000 0.437
1637.000 0.439
1638.000 0.440
1639.000 0.440
1640.000 0.440
1641.000 0.439
1642.000 0.439
1643.000 0.438
1644.000 0.438
1645.000 0.438
1646.000 0.439
1647.000 0.442
1648.000 0.443
1649.000 0.447
1650.000 0.448
1651.000 0.447
1652.000 0.447
1653.000 0.444
1654.000 0.444
1655.000 0.443
1656.000 0.443
1657.000 0.443
1658.000 0.444
1659.000 0.448
1660.000 0.449
1661.000 0.449
1662.000 0.449
1663.000 0.448
1664.000 0.448
1665.000 0.449
1666.000 0.449
1667.000 0.449
1668.000 0.449
1669.000 0.449
1670.000 0.449
1671.000 0.448
1672.000 0.448
1673.000 0.449
1674.000 0.450
1675.000 0.453
1676.000 0.454
1677.000 0.455
1678.000 0.455
1679.000 0.456
1680.000 0.456
1681.000 0.457
1682.000 0.457
1683.000 0.457
1684.000 0.457
1685.000 0.454
1686.000 0.453
1687.000 0.454
1688.000 0.455
1689.000 0.458
1690.000 0.459
1691.000 0.461
1692.000 0.461
1693.000 0.460
1694.000 0.459
1695.000 0.457
1696.000 0.457
1697.000 0.458
1698.000 0.458
1699.000 0.457
1700.000 0.457
1701.000 0.457
1702.000 0.456
1703.000 0.455
1704.000 0.454
1705.000 0.452
1706.000 0.452
1707.000 0.456
1708.000 0.458
1709.000 0.460
1710.000 0.459
1711.000 0.456
1712.000 0.453
1713.000 0.450
1714.000 0.448
1715.000 0.448
1716.000 0.448
1717.000 0.449
1718.000 0.452
1719.000 0.453
1720.000 0.452
1721.000 0.453
1722.000 0.452
1723.000 0.451
1724.000 0.449
1725.000 0.445
1726.000 0.444
1727.000 0.444
1728.000 0.444
1729.000 0.445
1730.000 0.446
1731.000 0.445
1732.000 0.444
1733.000 0.444
1734.000 0.442
1735.000 0.440
1736.000 0.440
1737.000 0.440
1738.000 0.439
1739.000 0.438
1740.000 0.439
1741.000 0.438
1742.000 0.436
1743.000 0.436
1744.000 0.434
1745.000 0.436
1746.000 0.438
1747.000 0.436
1748.000 0.434
1749.000 0.432
1750.000 0.428
1751.000 0.425
1752.000 0.421
1753.000 0.420
1754.000 0.420
1755.000 0.422
1756.000 0.427
1757.000 0.427
1758.000 0.425
1759.000 0.420
1760.000 0.415
1761.000 0.416
1762.000 0.417
1763.000 0.415
1764.000 0.415
1765.000 0.409
1766.000 0.402
1767.000 0.403
1768.000 0.404
1769.000 0.409
1770.000 0.418
1771.000 0.415
1772.000 0.413
1773.000 0.413
1774.000 0.408
1775.000 0.407
1776.000 0.407
1777.000 0.408
1778.000 0.404
1779.000 0.409
1780.000 0.414
1781.000 0.410
1782.000 0.410
1783.000 0.411
1784.000 0.414
1785.000 0.419
1786.000 0.424
1787.000 0.424
1788.000 0.425
1789.000 0.432
1790.000 0.429
1791.000 0.418
1792.000 0.418
1793.000 0.416
1794.000 0.411
1795.000 0.408
1796.000 0.407
1797.000 0.408
1798.000 0.428
1799.000 0.441
1800.000 0.447
1801.000 0.547
1802.000 0.585
1803.000 0.580
1804.000 0.565
1805.000 0.571
1806.000 0.574
1807.000 0.572
1808.000 0.578
1809.000 0.576
1810.000 0.537
1811.000 0.524
1812.000 0.516
1813.000 0.560
1814.000 0.563
1815.000 0.502
1816.000 0.510
1817.000 0.404
1818.000 0.416
1819.000 0.668
1820.000 0.708
1821.000 0.715
1822.000 0.629
1823.000 0.651
1824.000 0.505
1825.000 0.447
1826.000 0.375
1827.000 0.451
1828.000 0.417
1829.000 0.424
1830.000 0.476
1831.000 0.528
1832.000 0.572
1833.000 0.625
1834.000 0.664
1835.000 0.700
1836.000 0.736
1837.000 0.779
1838.000 0.815
1839.000 0.609
1840.000 0.410
1841.000 0.344
1842.000 0.478
1843.000 0.292
1844.000 0.104
1845.000 0.332
1846.000 0.425
1847.000 0.698
1848.000 0.451
1849.000 0.473
1850.000 0.701
1851.000 0.716
1852.000 0.584
1853.000 0.399
1854.000 0.372
1855.000 0.618
1856.000 0.455
1857.000 0.636
1858.000 0.613
1859.000 0.532
1860.000 0.502
1861.000 0.339
1862.000 0.354
1863.000 0.324
1864.000 0.700
1865.000 0.192
1866.000 0.185
1867.000 0.172
1868.000 0.181
1869.000 0.208
1870.000 0.302
1871.000 0.395
1872.000 0.489
1873.000 0.523
1874.000 0.346
1875.000 0.270
1876.000 0.525
1877.000 0.780
1878.000 0.717
1879.000 0.617
1880.000 0.535
1881.000 0.470
1882.000 0.587
1883.000 0.825
1884.000 0.366
1885.000 0.392
1886.000 0.343
1887.000 0.262
1888.000 0.189
1889.000 0.200
1890.000 0.209
1891.000 0.231
1892.000 0.275
1893.000 0.323
1894.000 0.360
1895.000 0.399
1896.000 0.441
1897.000 0.492
1898.000 0.540
1899.000 0.720
1900.000 0.410
1901.000 0.333
1902.000 0.292
1903.000 0.414
1904.000 0.477
1905.000 0.327
1906.000 0.401
1907.000 0.428
1908.000 0.593
1909.000 0.462
1910.000 0.415
1911.000 0.435
1912.000 0.420
1913.000 0.413
1914.000 0.400
1915.000 0.330
1916.000 0.322
1917.000 0.320
1918.000 0.317
1919.000 0.326
1920.000 0.356
1921.000 0.393
1922.000 0.461
1923.000 0.579
1924.000 0.734
1925.000 0.451
1926.000 0.243
1927.000 0.253
1928.000 0.416
1929.000 0.504
1930.000 0.824
1931.000 0.436
1932.000 0.422
1933.000 0.594
1934.000 0.580
1935.000 0.642
1936.000 0.569
1937.000 0.535
1938.000 0.783
1939.000 0.520
1940.000 0.494
1941.000 0.500
1942.000 0.414
1943.000 0.321
1944.000 0.229
1945.000 0.167
1946.000 0.429
1947.000 0.309
1948.000 0.289
1949.000 0.313
1950.000 0.280
1951.000 0.354
1952.000 0.514
1953.000 0.579
1954.000 0.658
1955.000 0.510
1956.000 0.422
1957.000 0.375
1958.000 0.421
1959.000 0.387
1960.000 0.375
1961.000 0.348
1962.000 0.299
1963.000 0.236
1964.000 0.215
1965.000 0.171
1966.000 0.163
1967.000 0.180
1968.000 0.203
1969.000 0.198
1970.000 0.196
1971.000 0.203
1972.000 0.200
1973.000 0.163
1974.000 0.141
1975.000 0.141
1976.000 0.145
1977.000 0.148
1978.000 0.170
1979.000 0.190
1980.000 0.165
1981.000 0.145
1982.000 0.132
1983.000 0.128
1984.000 0.144
1985.000 0.160
1986.000 0.168
1987.000 0.174
1988.000 0.179
1989.000 0.176
1990.000 0.180
1991.000 0.188
1992.000 0.183
1993.000 0.180
1994.000 0.176
1995.000 0.177
1996.000 0.171
1997.000 0.177
1998.000 0.203
1999.000 0.213
2000.000 0.215
2001.000 0.225
2002.000 0.225
2003.000 0.236
2004.000 0.269
2005.000 0.298
2006.000 0.350
2007.000 0.357
2008.000 0.342
2009.000 0.407
2010.000 0.402
2011.000 0.403
2012.000 0.409
2013.000 0.320
2014.000 0.274
2015.000 0.213
2016.000 0.198
2017.000 0.206
2018.000 0.208
2019.000 0.216
2020.000 0.230
2021.000 0.227
2022.000 0.222
2023.000 0.206
2024.000 0.198
2025.000 0.193
2026.000 0.181
2027.000 0.181
2028.000 0.189
2029.000 0.193
2030.000 0.202
2031.000 0.204
2032.000 0.205
2033.000 0.205
2034.000 0.199
2035.000 0.196
2036.000 0.206
2037.000 0.201
2038.000 0.198
2039.000 0.199
2040.000 0.185
2041.000 0.184
2042.000 0.183
2043.000 0.187
2044.000 0.187
2045.000 0.190
2046.000 0.191
2047.000 0.191
2048.000 0.191
2049.000 0.192
2050.000 0.190
2051.000 0.191
2052.000 0.190
2053.000 0.194
2054.000 0.205
2055.000 0.217
2056.000 0.225
2057.000 0.234
2058.000 0.248
2059.000 0.244
2060.000 0.226
2061.000 0.218
2062.000 0.200
2063.000 0.195
2064.000 0.202
2065.000 0.206
2066.000 0.212
2067.000 0.218
2068.000 0.211
2069.000 0.209
2070.000 0.215
2071.000 0.220
2072.000 0.225
2073.000 0.244
2074.000 0.244
2075.000 0.229
2076.000 0.226
2077.000 0.222
2078.000 0.222
2079.000 0.228
2080.000 0.231
2081.000 0.235
2082.000 0.233
2083.000 0.231
2084.000 0.233
2085.000 0.229
2086.000 0.230
2087.000 0.233
2088.000 0.237
2089.000 0.240
2090.000 0.251
2091.000 0.252
2092.000 0.245
2093.000 0.241
2094.000 0.231
2095.000 0.225
2096.000 0.217
2097.000 0.216
2098.000 0.221
2099.000 0.227
2100.000 0.239
2101.000 0.246
2102.000 0.248
2103.000 0.247
2104.000 0.248
2105.000 0.246
2106.000 0.250
2107.000 0.258
2108.000 0.265
2109.000 0.283
2110.000 0.284
2111.000 0.277
2112.000 0.273
2113.000 0.255
2114.000 0.251
2115.000 0.255
2116.000 0.258
2117.000 0.265
2118.000 0.269
2119.000 0.272
2120.000 0.280
2121.000 0.279
2122.000 0.280
2123.000 0.280
2124.000 0.276
2125.000 0.275
2126.000 0.279
2127.000 0.276
2128.000 0.269
2129.000 0.266
2130.000 0.261
2131.000 0.260
2132.000 0.262
2133.000 0.260
2134.000 0.254
2135.000 0.251
2136.000 0.243
2137.000 0.245
2138.000 0.256
2139.000 0.262
2140.000 0.278
2141.000 0.287
2142.000 0.291
2143.000 0.288
2144.000 0.289
2145.000 0.283
2146.000 0.283
2147.000 0.288
2148.000 0.290
2149.000 0.295
2150.000 0.295
2151.000 0.295
2152.000 0.294
2153.000 0.286
2154.000 0.284
2155.000 0.287
2156.000 0.280
2157.000 0.276
2158.000 0.273
2159.000 0.271
2160.000 0.269
2161.000 0.273
2162.000 0.284
2163.000 0.291
2164.000 0.304
2165.000 0.310
2166.000 0.311
2167.000 0.312
2168.000 0.311
2169.000 0.304
2170.000 0.292
2171.000 0.288
2172.000 0.289
2173.000 0.284
2174.000 0.279
2175.000 0.278
2176.000 0.275
2177.000 0.274
2178.000 0.282
2179.000 0.296
2180.000 0.294
2181.000 0.294
2182.000 0.297
2183.000 0.298
2184.000 0.303
2185.000 0.317
2186.000 0.319
2187.000 0.316
2188.000 0.313
2189.000 0.307
2190.000 0.300
2191.000 0.288
2192.000 0.282
2193.000 0.274
2194.000 0.271
2195.000 0.278
2196.000 0.279
2197.000 0.281
2198.000 0.283
2199.000 0.281
2200.000 0.283
2201.000 0.294
2202.000 0.298
2203.000 0.297
2204.000 0.299
2205.000 0.292
2206.000 0.285
2207.000 0.290
2208.000 0.296
2209.000 0.298
2210.000 0.306
2211.000 0.305
2212.000 0.295
2213.000 0.291
2214.000 0.286
2215.000 0.286
2216.000 0.290
2217.000 0.288
2218.000 0.282
2219.000 0.282
2220.000 0.281
2221.000 0.283
2222.000 0.296
2223.000 0.300
2224.000 0.297
2225.000 0.293
2226.000 0.283
2227.000 0.278
2228.000 0.268
2229.000 0.268
2230.000 0.273
2231.000 0.279
2232.000 0.287
2233.000 0.294
2234.000 0.292
2235.000 0.285
2236.000 0.285
2237.000 0.291
2238.000 0.292
2239.000 0.298
2240.000 0.294
2241.000 0.282
2242.000 0.277
2243.000 0.273
2244.000 0.269
2245.000 0.267
2246.000 0.265
2247.000 0.260
2248.000 0.261
2249.000 0.272
2250.000 0.278
2251.000 0.290
2252.000 0.294
2253.000 0.292
2254.000 0.287
2255.000 0.270
2256.000 0.261
2257.000 0.249
2258.000 0.250
2259.000 0.254
2260.000 0.262
2261.000 0.270
2262.000 0.268
2263.000 0.275
2264.000 0.279
2265.000 0.277
2266.000 0.281
2267.000 0.270
2268.000 0.254
2269.000 0.254
2270.000 0.249
2271.000 0.245
2272.000 0.258
2273.000 0.259
2274.000 0.256
2275.000 0.258
2276.000 0.263
2277.000 0.260
2278.000 0.260
2279.000 0.255
2280.000 0.242
2281.000 0.235
2282.000 0.231
2283.000 0.230
2284.000 0.234
2285.000 0.232
2286.000 0.234
2287.000 0.228
2288.000 0.215
2289.000 0.212
2290.000 0.212
2291.000 0.213
2292.000 0.219
2293.000 0.223
2294.000 0.225
2295.000 0.228
2296.000 0.233
2297.000 0.238
2298.000 0.240
2299.000 0.230
2300.000 0.231
2301.000 0.226
2302.000 0.223
2303.000 0.230
2304.000 0.228
2305.000 0.220
2306.000 0.221
2307.000 0.214
2308.000 0.200
2309.000 0.213
2310.000 0.221
2311.000 0.220
2312.000 0.228
2313.000 0.220
2314.000 0.220
2315.000 0.232
2316.000 0.245
2317.000 0.270
2318.000 0.300
2319.000 0.299
2320.000 0.277
2321.000 0.268
2322.000 0.251
2323.000 0.244
2324.000 0.266
2325.000 0.277
2326.000 0.283
2327.000 0.290
2328.000 0.278
2329.000 0.238
2330.000 0.228
2331.000 0.230
2332.000 0.229
2333.000 0.240
2334.000 0.243
2335.000 0.236
2336.000 0.226
2337.000 0.217
2338.000 0.222
2339.000 0.239
2340.000 0.239
2341.000 0.244
2342.000 0.275
2343.000 0.198
2344.000 0.191
2345.000 0.192
2346.000 0.194
2347.000 0.207
2348.000 0.223
2349.000 0.215
2350.000 0.210
2351.000 0.225
2352.000 0.207
2353.000 0.148
2354.000 0.126
2355.000 0.101
2356.000 0.105
2357.000 0.147
2358.000 0.189
2359.000 0.228
2360.000 0.263
2361.000 0.243
2362.000 0.253
2363.000 0.292
2364.000 0.311
2365.000 0.347
2366.000 0.342
2367.000 0.249
2368.000 0.198
2369.000 0.140
2370.000 0.139
2371.000 0.186
2372.000 0.180
2373.000 0.221
2374.000 0.288
2375.000 0.255
2376.000 0.288
2377.000 0.343
2378.000 0.302
2379.000 0.298
2380.000 0.256
2381.000 0.267
2382.000 0.216
2383.000 0.242
2384.000 0.329
2385.000 0.339
2386.000 0.336
2387.000 0.451
2388.000 0.387
2389.000 0.719
2390.000 0.295
2391.000 0.342
2392.000 0.408
2393.000 0.448
2394.000 0.394
2395.000 0.367
2396.000 0.305
2397.000 0.239
2398.000 0.232
2399.000 0.199
2400.000 0.185
2401.000 0.256
2402.000 0.464
2403.000 0.427
2404.000 0.470
2405.000 0.504
2406.000 0.454
2407.000 0.200
2408.000 0.491
2409.000 0.430
2410.000 0.373
2411.000 0.378
2412.000 0.320
2413.000 0.240
2414.000 0.352
2415.000 0.421
2416.000 0.379
2417.000 0.527
2418.000 0.551
2419.000 0.265
2420.000 0.395
2421.000 0.644
2422.000 0.356
2423.000 0.407
2424.000 0.380
2425.000 0.214
2426.000 0.325
2427.000 0.369
2428.000 0.429
2429.000 0.484
2430.000 0.527
2431.000 0.595
2432.000 0.643
2433.000 0.741
2434.000 0.724
2435.000 0.872
2436.000 0.478
2437.000 0.512
2438.000 0.467
2439.000 0.443
2440.000 0.769
2441.000 0.334
2442.000 0.417
2443.000 0.479
2444.000 0.480
2445.000 0.430
2446.000 0.633
2447.000 0.608
2448.000 0.553
2449.000 0.864
2450.000 0.610
2451.000 0.334
2452.000 0.268
2453.000 0.200
2454.000 0.544
2455.000 0.566
2456.000 0.646
2457.000 0.723
2458.000 0.456
2459.000 0.334
2460.000 0.185
2461.000 0.109
2462.000 0.420
2463.000 0.570
2464.000 0.722
2465.000 0.360
2466.000 0.614
2467.000 0.611
2468.000 0.599
2469.000 0.273
2470.000 0.684
2471.000 0.641
2472.000 0.599
2473.000 0.620
2474.000 0.632
2475.000 0.665
2476.000 0.603
2477.000 0.523
2478.000 0.436
2479.000 0.445
2480.000 0.535
2481.000 0.548
2482.000 0.497
2483.000 0.358
2484.000 0.380
2485.000 0.460
2486.000 0.364
2487.000 0.263
2488.000 0.303
2489.000 0.586
2490.000 0.405
2491.000 0.454
2492.000 0.781
2493.000 0.458
2494.000 0.283
2495.000 0.148
2496.000 0.198
2497.000 0.403
2498.000 0.339
2499.000 0.570
2500.000 0.569
