391.000 0.031
392.000 0.034
393.000 0.034
394.000 0.030
395.000 0.028
396.000 0.031
397.000 0.036
398.000 0.035
399.000 0.031
400.000 0.030
401.000 0.032
402.000 0.029
403.000 0.028
404.000 0.031
405.000 0.033
406.000 0.033
407.000 0.032
408.000 0.030
409.000 0.031
410.000 0.032
411.000 0.031
412.000 0.030
413.000 0.032
414.000 0.032
415.000 0.032
416.000 0.031
417.000 0.034
418.000 0.033
419.000 0.030
420.000 0.031
421.000 0.033
422.000 0.033
423.000 0.032
424.000 0.033
425.000 0.032
426.000 0.031
427.000 0.032
428.000 0.034
429.000 0.033
430.000 0.032
431.000 0.034
432.000 0.033
433.000 0.033
434.000 0.034
435.000 0.033
436.000 0.033
437.000 0.033
438.000 0.033
439.000 0.033
440.000 0.033
441.000 0.033
442.000 0.034
443.000 0.034
444.000 0.032
445.000 0.032
446.000 0.032
447.000 0.033
448.000 0.035
449.000 0.036
450.000 0.034
451.000 0.033
452.000 0.032
453.000 0.033
454.000 0.034
455.000 0.034
456.000 0.035
457.000 0.034
458.000 0.035
459.000 0.034
460.000 0.034
461.000 0.035
462.000 0.035
463.000 0.034
464.000 0.035
465.000 0.036
466.000 0.036
467.000 0.035
468.000 0.036
469.000 0.036
470.000 0.035
471.000 0.034
472.000 0.035
473.000 0.036
474.000 0.037
475.000 0.036
476.000 0.035
477.000 0.035
478.000 0.035
479.000 0.036
480.000 0.036
481.000 0.036
482.000 0.037
483.000 0.036
484.000 0.035
485.000 0.036
486.000 0.037
487.000 0.037
488.000 0.036
489.000 0.036
490.000 0.036
491.000 0.038
492.000 0.038
493.000 0.038
494.000 0.038
495.000 0.038
496.000 0.038
497.000 0.038
498.000 0.040
499.000 0.040
500.000 0.039
501.000 0.040
502.000 0.041
503.000 0.041
504.000 0.043
505.000 0.043
506.000 0.043
507.000 0.045
508.000 0.044
509.000 0.045
510.000 0.048
511.000 0.050
512.000 0.051
513.000 0.052
514.000 0.054
515.000 0.057
516.000 0.058
517.000 0.060
518.000 0.062
519.000 0.066
520.000 0.070
521.000 0.072
522.000 0.074
523.000 0.077
524.000 0.079
525.000 0.082
526.000 0.085
527.000 0.088
528.000 0.090
529.000 0.093
530.000 0.094
531.000 0.096
532.000 0.099
533.000 0.101
534.000 0.102
535.000 0.103
536.000 0.103
537.000 0.105
538.000 0.106
539.000 0.106
540.000 0.107
541.000 0.107
542.000 0.108
543.000 0.108
544.000 0.109
545.000 0.110
546.000 0.110
547.000 0.111
548.000 0.110
549.000 0.110
550.000 0.111
551.000 0.112
552.000 0.112
553.000 0.111
554.000 0.111
555.000 0.111
556.000 0.111
557.000 0.110
558.000 0.110
559.000 0.109
560.000 0.107
561.000 0.106
562.000 0.105
563.000 0.104
564.000 0.102
565.000 0.100
566.000 0.099
567.000 0.097
568.000 0.095
569.000 0.093
570.000 0.092
571.000 0.090
572.000 0.088
573.000 0.086
574.000 0.085
575.000 0.084
576.000 0.083
577.000 0.081
578.000 0.080
579.000 0.080
580.000 0.078
581.000 0.076
582.000 0.075
583.000 0.074
584.000 0.074
585.000 0.073
586.000 0.072
587.000 0.072
588.000 0.072
589.000 0.072
590.000 0.070
591.000 0.069
592.000 0.068
593.000 0.068
594.000 0.068
595.000 0.067
596.000 0.067
597.000 0.067
598.000 0.067
599.000 0.067
600.000 0.066
601.000 0.065
602.000 0.065
603.000 0.066
604.000 0.065
605.000 0.064
606.000 0.064
607.000 0.064
608.000 0.064
609.000 0.064
610.000 0.063
611.000 0.062
612.000 0.061
613.000 0.060
614.000 0.059
615.000 0.060
616.000 0.060
617.000 0.059
618.000 0.059
619.000 0.059
620.000 0.058
621.000 0.056
622.000 0.057
623.000 0.057
624.000 0.057
625.000 0.056
626.000 0.057
627.000 0.056
628.000 0.056
629.000 0.056
630.000 0.055
631.000 0.056
632.000 0.057
633.000 0.056
634.000 0.056
635.000 0.056
636.000 0.055
637.000 0.055
638.000 0.053
639.000 0.052
640.000 0.051
641.000 0.051
642.000 0.051
643.000 0.050
644.000 0.049
645.000 0.049
646.000 0.049
647.000 0.049
648.000 0.048
649.000 0.048
650.000 0.048
651.000 0.047
652.000 0.048
653.000 0.046
654.000 0.046
655.000 0.047
656.000 0.047
657.000 0.048
658.000 0.048
659.000 0.048
660.000 0.046
661.000 0.046
662.000 0.047
663.000 0.046
664.000 0.045
665.000 0.046
666.000 0.046
667.000 0.048
668.000 0.048
669.000 0.047
670.000 0.047
671.000 0.046
672.000 0.047
673.000 0.049
674.000 0.048
675.000 0.049
676.000 0.051
677.000 0.051
678.000 0.052
679.000 0.053
680.000 0.053
681.000 0.052
682.000 0.053
683.000 0.055
684.000 0.056
685.000 0.058
686.000 0.061
687.000 0.064
688.000 0.065
689.000 0.068
690.000 0.069
691.000 0.070
692.000 0.073
693.000 0.077
694.000 0.084
695.000 0.090
696.000 0.095
697.000 0.103
698.000 0.112
699.000 0.120
700.000 0.129
701.000 0.137
702.000 0.148
703.000 0.158
704.000 0.166
705.000 0.176
706.000 0.185
707.000 0.195
708.000 0.205
709.000 0.215
710.000 0.224
711.000 0.234
712.000 0.244
713.000 0.255
714.000 0.265
715.000 0.275
716.000 0.285
717.000 0.296
718.000 0.307
719.000 0.319
720.000 0.330
721.000 0.340
722.000 0.349
723.000 0.359
724.000 0.369
725.000 0.379
726.000 0.389
727.000 0.398
728.000 0.407
729.000 0.416
730.000 0.425
731.000 0.433
732.000 0.440
733.000 0.447
734.000 0.454
735.000 0.460
736.000 0.467
737.000 0.473
738.000 0.478
739.000 0.483
740.000 0.488
741.000 0.493
742.000 0.497
743.000 0.501
744.000 0.505
745.000 0.508
746.000 0.511
747.000 0.515
748.000 0.517
749.000 0.519
750.000 0.522
751.000 0.524
752.000 0.526
753.000 0.528
754.000 0.529
755.000 0.531
756.000 0.532
757.000 0.534
758.000 0.535
759.000 0.536
760.000 0.537
761.000 0.539
762.000 0.541
763.000 0.542
764.000 0.542
765.000 0.542
766.000 0.543
767.000 0.543
768.000 0.543
769.000 0.543
770.000 0.543
771.000 0.544
772.000 0.544
773.000 0.545
774.000 0.545
775.000 0.546
776.000 0.546
777.000 0.546
778.000 0.547
779.000 0.547
780.000 0.547
781.000 0.548
782.000 0.548
783.000 0.549
784.000 0.549
785.000 0.549
786.000 0.550
787.000 0.550
788.000 0.551
789.000 0.551
790.000 0.552
791.000 0.552
792.000 0.552
793.000 0.553
794.000 0.553
795.000 0.554
796.000 0.554
797.000 0.555
798.000 0.555
799.000 0.556
800.000 0.556
801.000 0.556
802.000 0.557
803.000 0.557
804.000 0.558
805.000 0.558
806.000 0.558
807.000 0.558
808.000 0.559
809.000 0.559
810.000 0.560
811.000 0.560
812.000 0.561
813.000 0.561
814.000 0.562
815.000 0.563
816.000 0.563
817.000 0.563
818.000 0.563
819.000 0.564
820.000 0.564
821.000 0.564
822.000 0.565
823.000 0.565
824.000 0.566
825.000 0.566
826.000 0.566
827.000 0.567
828.000 0.567
829.000 0.567
830.000 0.567
831.000 0.568
832.000 0.568
833.000 0.568
834.000 0.568
835.000 0.568
836.000 0.569
837.000 0.569
838.000 0.569
839.000 0.570
840.000 0.570
841.000 0.571
842.000 0.571
843.000 0.571
844.000 0.571
845.000 0.571
846.000 0.572
847.000 0.572
848.000 0.573
849.000 0.573
850.000 0.573
851.000 0.573
852.000 0.573
853.000 0.573
854.000 0.574
855.000 0.574
856.000 0.574
857.000 0.575
858.000 0.575
859.000 0.575
860.000 0.575
861.000 0.575
862.000 0.576
863.000 0.576
864.000 0.576
865.000 0.576
866.000 0.577
867.000 0.577
868.000 0.577
869.000 0.578
870.000 0.579
871.000 0.579
872.000 0.579
873.000 0.579
874.000 0.579
875.000 0.579
876.000 0.580
877.000 0.580
878.000 0.581
879.000 0.581
880.000 0.581
881.000 0.581
882.000 0.582
883.000 0.583
884.000 0.583
885.000 0.583
886.000 0.583
887.000 0.584
888.000 0.584
889.000 0.584
890.000 0.585
891.000 0.585
892.000 0.586
893.000 0.586
894.000 0.587
895.000 0.587
896.000 0.587
897.000 0.588
898.000 0.588
899.000 0.589
900.000 0.590
901.000 0.589
902.000 0.590
903.000 0.590
904.000 0.590
905.000 0.590
906.000 0.591
907.000 0.591
908.000 0.591
909.000 0.592
910.000 0.592
911.000 0.593
912.000 0.593
913.000 0.593
914.000 0.593
915.000 0.592
916.000 0.593
917.000 0.593
918.000 0.594
919.000 0.595
920.000 0.595
921.000 0.595
922.000 0.595
923.000 0.595
924.000 0.595
925.000 0.595
926.000 0.595
927.000 0.595
928.000 0.595
929.000 0.595
930.000 0.595
931.000 0.594
932.000 0.593
933.000 0.592
934.000 0.592
935.000 0.591
936.000 0.591
937.000 0.593
938.000 0.594
939.000 0.593
940.000 0.591
941.000 0.591
942.000 0.592
943.000 0.592
944.000 0.591
945.000 0.592
946.000 0.591
947.000 0.589
948.000 0.590
949.000 0.589
950.000 0.588
951.000 0.588
952.000 0.588
953.000 0.586
954.000 0.585
955.000 0.586
956.000 0.588
957.000 0.587
958.000 0.584
959.000 0.585
960.000 0.585
961.000 0.584
962.000 0.585
963.000 0.586
964.000 0.585
965.000 0.584
966.000 0.585
967.000 0.586
968.000 0.585
969.000 0.586
970.000 0.586
971.000 0.583
972.000 0.582
973.000 0.583
974.000 0.584
975.000 0.583
976.000 0.585
977.000 0.585
978.000 0.585
979.000 0.585
980.000 0.585
981.000 0.584
982.000 0.584
983.000 0.585
984.000 0.586
985.000 0.586
986.000 0.587
987.000 0.587
988.000 0.587
989.000 0.589
990.000 0.588
991.000 0.587
992.000 0.589
993.000 0.589
994.000 0.590
995.000 0.589
996.000 0.587
997.000 0.590
998.000 0.593
999.000 0.593
1000.000 0.590
1001.000 0.592
1002.000 0.593
1003.000 0.593
1004.000 0.595
1005.000 0.597
1006.000 0.598
1007.000 0.598
1008.000 0.598
1009.000 0.599
1010.000 0.598
1011.000 0.598
1012.000 0.599
1013.000 0.600
1014.000 0.600
1015.000 0.600
1016.000 0.601
1017.000 0.601
1018.000 0.603
1019.000 0.603
1020.000 0.603
1021.000 0.604
1022.000 0.604
1023.000 0.605
1024.000 0.606
1025.000 0.606
1026.000 0.607
1027.000 0.607
1028.000 0.608
1029.000 0.607
1030.000 0.608
1031.000 0.610
1032.000 0.610
1033.000 0.611
1034.000 0.612
1035.000 0.611
1036.000 0.611
1037.000 0.612
1038.000 0.612
1039.000 0.612
1040.000 0.613
1041.000 0.613
1042.000 0.614
1043.000 0.615
1044.000 0.615
1045.000 0.616
1046.000 0.616
1047.000 0.616
1048.000 0.616
1049.000 0.617
1050.000 0.616
1051.000 0.617
1052.000 0.617
1053.000 0.617
1054.000 0.618
1055.000 0.618
1056.000 0.618
1057.000 0.619
1058.000 0.619
1059.000 0.619
1060.000 0.619
1061.000 0.619
1062.000 0.620
1063.000 0.620
1064.000 0.620
1065.000 0.620
1066.000 0.620
1067.000 0.619
1068.000 0.619
1069.000 0.619
1070.000 0.620
1071.000 0.620
1072.000 0.620
1073.000 0.621
1074.000 0.621
1075.000 0.621
1076.000 0.621
1077.000 0.621
1078.000 0.621
1079.000 0.622
1080.000 0.621
1081.000 0.622
1082.000 0.622
1083.000 0.621
1084.000 0.621
1085.000 0.621
1086.000 0.620
1087.000 0.621
1088.000 0.621
1089.000 0.621
1090.000 0.621
1091.000 0.621
1092.000 0.621
1093.000 0.621
1094.000 0.621
1095.000 0.620
1096.000 0.620
1097.000 0.621
1098.000 0.621
1099.000 0.622
1100.000 0.622
1101.000 0.623
1102.000 0.623
1103.000 0.623
1104.000 0.623
1105.000 0.622
1106.000 0.622
1107.000 0.622
1108.000 0.622
1109.000 0.621
1110.000 0.621
1111.000 0.621
1112.000 0.622
1113.000 0.622
1114.000 0.623
1115.000 0.623
1116.000 0.622
1117.000 0.621
1118.000 0.622
1119.000 0.623
1120.000 0.623
1121.000 0.623
1122.000 0.620
1123.000 0.617
1124.000 0.613
1125.000 0.612
1126.000 0.613
1127.000 0.613
1128.000 0.615
1129.000 0.616
1130.000 0.616
1131.000 0.613
1132.000 0.611
1133.000 0.612
1134.000 0.611
1135.000 0.610
1136.000 0.611
1137.000 0.610
1138.000 0.610
1139.000 0.610
1140.000 0.608
1141.000 0.606
1142.000 0.605
1143.000 0.602
1144.000 0.601
1145.000 0.599
1146.000 0.598
1147.000 0.596
1148.000 0.596
1149.000 0.597
1150.000 0.596
1151.000 0.596
1152.000 0.595
1153.000 0.594
1154.000 0.592
1155.000 0.591
1156.000 0.590
1157.000 0.589
1158.000 0.587
1159.000 0.586
1160.000 0.586
1161.000 0.586
1162.000 0.586
1163.000 0.586
1164.000 0.586
1165.000 0.586
1166.000 0.585
1167.000 0.584
1168.000 0.584
1169.000 0.584
1170.000 0.584
1171.000 0.584
1172.000 0.584
1173.000 0.585
1174.000 0.585
1175.000 0.586
1176.000 0.586
1177.000 0.586
1178.000 0.587
1179.000 0.587
1180.000 0.587
1181.000 0.586
1182.000 0.586
1183.000 0.586
1184.000 0.586
1185.000 0.586
1186.000 0.586
1187.000 0.586
1188.000 0.587
1189.000 0.587
1190.000 0.587
1191.000 0.587
1192.000 0.587
1193.000 0.587
1194.000 0.587
1195.000 0.586
1196.000 0.586
1197.000 0.586
1198.000 0.586
1199.000 0.587
1200.000 0.588
1201.000 0.588
1202.000 0.588
1203.000 0.588
1204.000 0.588
1205.000 0.588
1206.000 0.588
1207.000 0.588
1208.000 0.588
1209.000 0.588
1210.000 0.589
1211.000 0.589
1212.000 0.589
1213.000 0.589
1214.000 0.590
1215.000 0.590
1216.000 0.590
1217.000 0.590
1218.000 0.590
1219.000 0.590
1220.000 0.590
1221.000 0.590
1222.000 0.591
1223.000 0.591
1224.000 0.591
1225.000 0.591
1226.000 0.591
1227.000 0.591
1228.000 0.591
1229.000 0.591
1230.000 0.592
1231.000 0.592
1232.000 0.592
1233.000 0.592
1234.000 0.593
1235.000 0.593
1236.000 0.593
1237.000 0.593
1238.000 0.593
1239.000 0.593
1240.000 0.594
1241.000 0.594
1242.000 0.594
1243.000 0.595
1244.000 0.595
1245.000 0.595
1246.000 0.595
1247.000 0.595
1248.000 0.595
1249.000 0.596
1250.000 0.597
1251.000 0.597
1252.000 0.597
1253.000 0.597
1254.000 0.596
1255.000 0.597
1256.000 0.597
1257.000 0.598
1258.000 0.598
1259.000 0.598
1260.000 0.599
1261.000 0.599
1262.000 0.600
1263.000 0.601
1264.000 0.602
1265.000 0.601
1266.000 0.601
1267.000 0.600
1268.000 0.600
1269.000 0.600
1270.000 0.600
1271.000 0.601
1272.000 0.601
1273.000 0.601
1274.000 0.601
1275.000 0.600
1276.000 0.601
1277.000 0.600
1278.000 0.601
1279.000 0.601
1280.000 0.601
1281.000 0.601
1282.000 0.602
1283.000 0.602
1284.000 0.601
1285.000 0.601
1286.000 0.599
1287.000 0.599
1288.000 0.599
1289.000 0.599
1290.000 0.599
1291.000 0.598
1292.000 0.598
1293.000 0.597
1294.000 0.597
1295.000 0.596
1296.000 0.596
1297.000 0.595
1298.000 0.595
1299.000 0.594
1300.000 0.593
1301.000 0.593
1302.000 0.592
1303.000 0.591
1304.000 0.591
1305.000 0.590
1306.000 0.589
1307.000 0.588
1308.000 0.586
1309.000 0.584
1310.000 0.583
1311.000 0.581
1312.000 0.580
1313.000 0.579
1314.000 0.578
1315.000 0.577
1316.000 0.577
1317.000 0.575
1318.000 0.574
1319.000 0.572
1320.000 0.571
1321.000 0.569
1322.000 0.568
1323.000 0.566
1324.000 0.565
1325.000 0.564
1326.000 0.563
1327.000 0.561
1328.000 0.559
1329.000 0.557
1330.000 0.556
1331.000 0.554
1332.000 0.553
1333.000 0.551
1334.000 0.548
1335.000 0.545
1336.000 0.543
1337.000 0.541
1338.000 0.541
1339.000 0.540
1340.000 0.540
1341.000 0.539
1342.000 0.536
1343.000 0.535
1344.000 0.534
1345.000 0.533
1346.000 0.533
1347.000 0.534
1348.000 0.534
1349.000 0.538
1350.000 0.540
1351.000 0.546
1352.000 0.549
1353.000 0.549
1354.000 0.555
1355.000 0.557
1356.000 0.583
1357.000 0.646
1358.000 0.604
1359.000 0.636
1360.000 0.638
1361.000 0.676
1362.000 0.623
1363.000 0.383
1364.000 0.340
1365.000 0.433
1366.000 0.503
1367.000 0.520
1368.000 0.496
1369.000 0.430
1370.000 0.434
1371.000 0.360
1372.000 0.514
1373.000 0.453
1374.000 0.417
1375.000 0.462
1376.000 0.467
1377.000 0.500
1378.000 0.456
1379.000 0.422
1380.000 0.320
1381.000 0.411
1382.000 0.519
1383.000 0.542
1384.000 0.581
1385.000 0.637
1386.000 0.512
1387.000 0.378
1388.000 0.525
1389.000 0.551
1390.000 0.364
1391.000 0.429
1392.000 0.506
1393.000 0.325
1394.000 0.410
1395.000 0.462
1396.000 0.423
1397.000 0.625
1398.000 0.725
1399.000 0.729
1400.000 0.725
1401.000 0.734
1402.000 0.738
1403.000 0.809
1404.000 0.786
1405.000 0.595
1406.000 0.369
1407.000 0.296
1408.000 0.264
1409.000 0.205
1410.000 0.252
1411.000 0.253
1412.000 0.272
1413.000 0.287
1414.000 0.307
1415.000 0.322
1416.000 0.330
1417.000 0.377
1418.000 0.334
1419.000 0.284
1420.000 0.267
1421.000 0.239
1422.000 0.231
1423.000 0.239
1424.000 0.237
1425.000 0.225
1426.000 0.231
1427.000 0.244
1428.000 0.241
1429.000 0.236
1430.000 0.230
1431.000 0.211
1432.000 0.203
1433.000 0.202
1434.000 0.198
1435.000 0.188
1436.000 0.183
1437.000 0.185
1438.000 0.189
1439.000 0.203
1440.000 0.209
1441.000 0.219
1442.000 0.216
1443.000 0.201
1444.000 0.196
1445.000 0.185
1446.000 0.183
1447.000 0.194
1448.000 0.198
1449.000 0.202
1450.000 0.206
1451.000 0.203
1452.000 0.198
1453.000 0.197
1454.000 0.195
1455.000 0.193
1456.000 0.193
1457.000 0.194
1458.000 0.195
1459.000 0.195
1460.000 0.196
1461.000 0.195
1462.000 0.191
1463.000 0.191
1464.000 0.195
1465.000 0.197
1466.000 0.201
1467.000 0.204
1468.000 0.205
1469.000 0.209
1470.000 0.214
1471.000 0.216
1472.000 0.216
1473.000 0.217
1474.000 0.215
1475.000 0.218
1476.000 0.227
1477.000 0.228
1478.000 0.228
1479.000 0.227
1480.000 0.221
1481.000 0.221
1482.000 0.225
1483.000 0.226
1484.000 0.227
1485.000 0.227
1486.000 0.225
1487.000 0.225
1488.000 0.227
1489.000 0.228
1490.000 0.231
1491.000 0.232
1492.000 0.232
1493.000 0.233
1494.000 0.235
1495.000 0.237
1496.000 0.239
1497.000 0.242
1498.000 0.245
1499.000 0.248
1500.000 0.251
1501.000 0.252
1502.000 0.251
1503.000 0.251
1504.000 0.252
1505.000 0.253
1506.000 0.255
1507.000 0.257
1508.000 0.259
1509.000 0.260
1510.000 0.261
1511.000 0.262
1512.000 0.264
1513.000 0.266
1514.000 0.268
1515.000 0.271
1516.000 0.273
1517.000 0.275
1518.000 0.276
1519.000 0.276
1520.000 0.278
1521.000 0.281
1522.000 0.283
1523.000 0.285
1524.000 0.286
1525.000 0.287
1526.000 0.288
1527.000 0.289
1528.000 0.290
1529.000 0.292
1530.000 0.293
1531.000 0.295
1532.000 0.297
1533.000 0.299
1534.000 0.301
1535.000 0.302
1536.000 0.305
1537.000 0.308
1538.000 0.311
1539.000 0.313
1540.000 0.315
1541.000 0.316
1542.000 0.317
1543.000 0.319
1544.000 0.320
1545.000 0.323
1546.000 0.325
1547.000 0.326
1548.000 0.327
1549.000 0.327
1550.000 0.328
1551.000 0.328
1552.000 0.329
1553.000 0.330
1554.000 0.332
1555.000 0.335
1556.000 0.337
1557.000 0.340
1558.000 0.342
1559.000 0.343
1560.000 0.344
1561.000 0.344
1562.000 0.345
1563.000 0.347
1564.000 0.349
1565.000 0.351
1566.000 0.352
1567.000 0.353
1568.000 0.354
1569.000 0.356
1570.000 0.358
1571.000 0.359
1572.000 0.360
1573.000 0.362
1574.000 0.364
1575.000 0.366
1576.000 0.368
1577.000 0.369
1578.000 0.370
1579.000 0.370
1580.000 0.370
1581.000 0.371
1582.000 0.373
1583.000 0.375
1584.000 0.376
1585.000 0.377
1586.000 0.378
1587.000 0.379
1588.000 0.380
1589.000 0.383
1590.000 0.384
1591.000 0.385
1592.000 0.386
1593.000 0.387
1594.000 0.388
1595.000 0.387
1596.000 0.389
1597.000 0.390
1598.000 0.391
1599.000 0.393
1600.000 0.394
1601.000 0.394
1602.000 0.395
1603.000 0.396
1604.000 0.396
1605.000 0.398
1606.000 0.399
1607.000 0.401
1608.000 0.402
1609.000 0.402
1610.000 0.403
1611.000 0.404
1612.000 0.404
1613.000 0.405
1614.000 0.405
1615.000 0.405
1616.000 0.406
1617.000 0.405
1618.000 0.406
1619.000 0.407
1620.000 0.409
1621.000 0.411
1622.000 0.412
1623.000 0.413
1624.000 0.414
1625.000 0.414
1626.000 0.415
1627.000 0.416
1628.000 0.417
1629.000 0.417
1630.000 0.418
1631.000 0.417
1632.000 0.418
1633.000 0.417
1634.000 0.418
1635.000 0.420
1636.000 0.422
1637.000 0.424
1638.000 0.425
1639.000 0.424
1640.000 0.424
1641.000 0.424
1642.000 0.424
1643.000 0.423
1644.000 0.423
1645.000 0.424
1646.000 0.424
1647.000 0.427
1648.000 0.428
1649.000 0.430
1650.000 0.431
1651.000 0.431
1652.000 0.431
1653.000 0.430
1654.000 0.429
1655.000 0.429
1656.000 0.429
1657.000 0.428
1658.000 0.428
1659.000 0.431
1660.000 0.432
1661.000 0.434
1662.000 0.435
1663.000 0.434
1664.000 0.434
1665.000 0.435
1666.000 0.434
1667.000 0.433
1668.000 0.432
1669.000 0.432
1670.000 0.433
1671.000 0.434
1672.000 0.435
1673.000 0.435
1674.000 0.435
1675.000 0.437
1676.000 0.437
1677.000 0.439
1678.000 0.439
1679.000 0.439
1680.000 0.439
1681.000 0.439
1682.000 0.439
1683.000 0.440
1684.000 0.441
1685.000 0.440
1686.000 0.440
1687.000 0.440
1688.000 0.440
1689.000 0.443
1690.000 0.444
1691.000 0.446
1692.000 0.446
1693.000 0.443
1694.000 0.441
1695.000 0.439
1696.000 0.438
1697.000 0.438
1698.000 0.438
1699.000 0.437
1700.000 0.437
1701.000 0.438
1702.000 0.438
1703.000 0.438
1704.000 0.438
1705.000 0.437
1706.000 0.438
1707.000 0.441
1708.000 0.442
1709.000 0.442
1710.000 0.441
1711.000 0.438
1712.000 0.434
1713.000 0.433
1714.000 0.433
1715.000 0.433
1716.000 0.434
1717.000 0.434
1718.000 0.434
1719.000 0.434
1720.000 0.433
1721.000 0.433
1722.000 0.431
1723.000 0.429
1724.000 0.426
1725.000 0.423
1726.000 0.422
1727.000 0.424
1728.000 0.426
1729.000 0.427
1730.000 0.427
1731.000 0.427
1732.000 0.424
1733.000 0.423
1734.000 0.423
1735.000 0.421
1736.000 0.420
1737.000 0.419
1738.000 0.416
1739.000 0.414
1740.000 0.412
1741.000 0.411
1742.000 0.411
1743.000 0.412
1744.000 0.413
1745.000 0.413
1746.000 0.412
1747.000 0.410
1748.000 0.410
1749.000 0.408
1750.000 0.407
1751.000 0.405
1752.000 0.401
1753.000 0.401
1754.000 0.401
1755.000 0.402
1756.000 0.405
1757.000 0.404
1758.000 0.402
1759.000 0.398
1760.000 0.394
1761.000 0.393
1762.000 0.396
1763.000 0.394
1764.000 0.393
1765.000 0.390
1766.000 0.384
1767.000 0.385
1768.000 0.385
1769.000 0.386
1770.000 0.388
1771.000 0.385
1772.000 0.381
1773.000 0.381
1774.000 0.379
1775.000 0.379
1776.000 0.381
1777.000 0.382
1778.000 0.378
1779.000 0.378
1780.000 0.378
1781.000 0.373
1782.000 0.372
1783.000 0.375
1784.000 0.381
1785.000 0.386
1786.000 0.390
1787.000 0.389
1788.000 0.389
1789.000 0.393
1790.000 0.392
1791.000 0.386
1792.000 0.386
1793.000 0.382
1794.000 0.369
1795.000 0.361
1796.000 0.360
1797.000 0.365
1798.000 0.381
1799.000 0.393
1800.000 0.402
1801.000 0.509
1802.000 0.540
1803.000 0.544
1804.000 0.525
1805.000 0.523
1806.000 0.506
1807.000 0.493
1808.000 0.494
1809.000 0.478
1810.000 0.422
1811.000 0.406
1812.000 0.401
1813.000 0.434
1814.000 0.446
1815.000 0.449
1816.000 0.493
1817.000 0.396
1818.000 0.411
1819.000 0.660
1820.000 0.669
1821.000 0.654
1822.000 0.445
1823.000 0.513
1824.000 0.370
1825.000 0.442
1826.000 0.437
1827.000 0.373
1828.000 0.330
1829.000 0.423
1830.000 0.448
1831.000 0.570
1832.000 0.495
1833.000 0.603
1834.000 0.482
1835.000 0.483
1836.000 0.470
1837.000 0.478
1838.000 0.479
1839.000 0.462
1840.000 0.410
1841.000 0.401
1842.000 0.423
1843.000 0.351
1844.000 0.235
1845.000 0.427
1846.000 0.313
1847.000 0.577
1848.000 0.420
1849.000 0.490
1850.000 0.626
1851.000 0.624
1852.000 0.587
1853.000 0.484
1854.000 0.440
1855.000 0.561
1856.000 0.433
1857.000 0.564
1858.000 0.538
1859.000 0.521
1860.000 0.499
1861.000 0.423
1862.000 0.536
1863.000 0.359
1864.000 0.529
1865.000 0.270
1866.000 0.277
1867.000 0.261
1868.000 0.225
1869.000 0.304
1870.000 0.326
1871.000 0.355
1872.000 0.382
1873.000 0.300
1874.000 0.217
1875.000 0.134
1876.000 0.305
1877.000 0.515
1878.000 0.478
1879.000 0.417
1880.000 0.390
1881.000 0.357
1882.000 0.431
1883.000 0.721
1884.000 0.499
1885.000 0.536
1886.000 0.526
1887.000 0.460
1888.000 0.407
1889.000 0.330
1890.000 0.247
1891.000 0.295
1892.000 0.297
1893.000 0.304
1894.000 0.315
1895.000 0.376
1896.000 0.365
1897.000 0.351
1898.000 0.341
1899.000 0.577
1900.000 0.415
1901.000 0.450
1902.000 0.468
1903.000 0.529
1904.000 0.500
1905.000 0.450
1906.000 0.502
1907.000 0.522
1908.000 0.578
1909.000 0.445
1910.000 0.435
1911.000 0.566
1912.000 0.506
1913.000 0.469
1914.000 0.450
1915.000 0.297
1916.000 0.295
1917.000 0.312
1918.000 0.258
1919.000 0.289
1920.000 0.372
1921.000 0.408
1922.000 0.493
1923.000 0.460
1924.000 0.574
1925.000 0.533
1926.000 0.351
1927.000 0.311
1928.000 0.404
1929.000 0.455
1930.000 0.536
1931.000 0.404
1932.000 0.403
1933.000 0.584
1934.000 0.601
1935.000 0.550
1936.000 0.423
1937.000 0.372
1938.000 0.388
1939.000 0.305
1940.000 0.349
1941.000 0.536
1942.000 0.534
1943.000 0.401
1944.000 0.336
1945.000 0.324
1946.000 0.441
1947.000 0.346
1948.000 0.318
1949.000 0.323
1950.000 0.319
1951.000 0.350
1952.000 0.460
1953.000 0.442
1954.000 0.492
1955.000 0.487
1956.000 0.386
1957.000 0.315
1958.000 0.316
1959.000 0.300
1960.000 0.288
1961.000 0.274
1962.000 0.250
1963.000 0.227
1964.000 0.247
1965.000 0.263
1966.000 0.291
1967.000 0.304
1968.000 0.282
1969.000 0.250
1970.000 0.227
1971.000 0.214
1972.000 0.207
1973.000 0.187
1974.000 0.164
1975.000 0.163
1976.000 0.169
1977.000 0.172
1978.000 0.192
1979.000 0.219
1980.000 0.188
1981.000 0.175
1982.000 0.170
1983.000 0.165
1984.000 0.169
1985.000 0.182
1986.000 0.183
1987.000 0.175
1988.000 0.173
1989.000 0.168
1990.000 0.165
1991.000 0.165
1992.000 0.151
1993.000 0.138
1994.000 0.129
1995.000 0.132
1996.000 0.134
1997.000 0.148
1998.000 0.185
1999.000 0.200
2000.000 0.201
2001.000 0.220
2002.000 0.205
2003.000 0.217
2004.000 0.235
2005.000 0.267
2006.000 0.323
2007.000 0.438
2008.000 0.374
2009.000 0.317
2010.000 0.457
2011.000 0.377
2012.000 0.351
2013.000 0.307
2014.000 0.275
2015.000 0.232
2016.000 0.208
2017.000 0.244
2018.000 0.257
2019.000 0.267
2020.000 0.302
2021.000 0.293
2022.000 0.249
2023.000 0.215
2024.000 0.187
2025.000 0.179
2026.000 0.166
2027.000 0.161
2028.000 0.164
2029.000 0.165
2030.000 0.167
2031.000 0.168
2032.000 0.173
2033.000 0.170
2034.000 0.160
2035.000 0.156
2036.000 0.158
2037.000 0.161
2038.000 0.171
2039.000 0.178
2040.000 0.173
2041.000 0.169
2042.000 0.170
2043.000 0.173
2044.000 0.179
2045.000 0.197
2046.000 0.204
2047.000 0.201
2048.000 0.205
2049.000 0.209
2050.000 0.203
2051.000 0.215
2052.000 0.236
2053.000 0.226
2054.000 0.221
2055.000 0.212
2056.000 0.202
2057.000 0.202
2058.000 0.214
2059.000 0.209
2060.000 0.197
2061.000 0.193
2062.000 0.186
2063.000 0.185
2064.000 0.195
2065.000 0.201
2066.000 0.207
2067.000 0.204
2068.000 0.193
2069.000 0.188
2070.000 0.194
2071.000 0.200
2072.000 0.207
2073.000 0.233
2074.000 0.234
2075.000 0.217
2076.000 0.212
2077.000 0.200
2078.000 0.197
2079.000 0.205
2080.000 0.208
2081.000 0.214
2082.000 0.217
2083.000 0.218
2084.000 0.217
2085.000 0.213
2086.000 0.215
2087.000 0.218
2088.000 0.226
2089.000 0.226
2090.000 0.227
2091.000 0.226
2092.000 0.217
2093.000 0.213
2094.000 0.214
2095.000 0.212
2096.000 0.207
2097.000 0.206
2098.000 0.208
2099.000 0.210
2100.000 0.218
2101.000 0.225
2102.000 0.228
2103.000 0.229
2104.000 0.230
2105.000 0.229
2106.000 0.232
2107.000 0.237
2108.000 0.243
2109.000 0.258
2110.000 0.262
2111.000 0.263
2112.000 0.261
2113.000 0.247
2114.000 0.242
2115.000 0.239
2116.000 0.237
2117.000 0.238
2118.000 0.237
2119.000 0.237
2120.000 0.241
2121.000 0.244
2122.000 0.248
2123.000 0.249
2124.000 0.250
2125.000 0.249
2126.000 0.247
2127.000 0.245
2128.000 0.241
2129.000 0.240
2130.000 0.240
2131.000 0.240
2132.000 0.242
2133.000 0.242
2134.000 0.241
2135.000 0.238
2136.000 0.232
2137.000 0.232
2138.000 0.236
2139.000 0.239
2140.000 0.248
2141.000 0.255
2142.000 0.257
2143.000 0.252
2144.000 0.253
2145.000 0.251
2146.000 0.253
2147.000 0.259
2148.000 0.262
2149.000 0.267
2150.000 0.267
2151.000 0.264
2152.000 0.265
2153.000 0.261
2154.000 0.260
2155.000 0.264
2156.000 0.264
2157.000 0.259
2158.000 0.257
2159.000 0.255
2160.000 0.249
2161.000 0.250
2162.000 0.255
2163.000 0.257
2164.000 0.263
2165.000 0.267
2166.000 0.269
2167.000 0.271
2168.000 0.275
2169.000 0.273
2170.000 0.262
2171.000 0.261
2172.000 0.266
2173.000 0.265
2174.000 0.265
2175.000 0.266
2176.000 0.263
2177.000 0.259
2178.000 0.260
2179.000 0.266
2180.000 0.264
2181.000 0.263
2182.000 0.269
2183.000 0.271
2184.000 0.276
2185.000 0.288
2186.000 0.290
2187.000 0.286
2188.000 0.286
2189.000 0.284
2190.000 0.281
2191.000 0.281
2192.000 0.277
2193.000 0.267
2194.000 0.262
2195.000 0.261
2196.000 0.259
2197.000 0.257
2198.000 0.257
2199.000 0.257
2200.000 0.258
2201.000 0.265
2202.000 0.268
2203.000 0.269
2204.000 0.271
2205.000 0.267
2206.000 0.262
2207.000 0.266
2208.000 0.271
2209.000 0.273
2210.000 0.282
2211.000 0.284
2212.000 0.278
2213.000 0.274
2214.000 0.269
2215.000 0.267
2216.000 0.266
2217.000 0.266
2218.000 0.268
2219.000 0.269
2220.000 0.267
2221.000 0.269
2222.000 0.274
2223.000 0.275
2224.000 0.273
2225.000 0.270
2226.000 0.263
2227.000 0.264
2228.000 0.260
2229.000 0.265
2230.000 0.268
2231.000 0.269
2232.000 0.272
2233.000 0.276
2234.000 0.273
2235.000 0.267
2236.000 0.267
2237.000 0.266
2238.000 0.267
2239.000 0.276
2240.000 0.277
2241.000 0.275
2242.000 0.274
2243.000 0.271
2244.000 0.269
2245.000 0.266
2246.000 0.262
2247.000 0.255
2248.000 0.254
2249.000 0.258
2250.000 0.260
2251.000 0.273
2252.000 0.275
2253.000 0.275
2254.000 0.269
2255.000 0.251
2256.000 0.243
2257.000 0.232
2258.000 0.234
2259.000 0.241
2260.000 0.248
2261.000 0.259
2262.000 0.256
2263.000 0.254
2264.000 0.249
2265.000 0.238
2266.000 0.236
2267.000 0.227
2268.000 0.218
2269.000 0.221
2270.000 0.221
2271.000 0.226
2272.000 0.245
2273.000 0.248
2274.000 0.242
2275.000 0.241
2276.000 0.233
2277.000 0.228
2278.000 0.229
2279.000 0.230
2280.000 0.231
2281.000 0.232
2282.000 0.233
2283.000 0.234
2284.000 0.234
2285.000 0.229
2286.000 0.225
2287.000 0.218
2288.000 0.201
2289.000 0.195
2290.000 0.188
2291.000 0.188
2292.000 0.205
2293.000 0.210
2294.000 0.215
2295.000 0.219
2296.000 0.211
2297.000 0.214
2298.000 0.217
2299.000 0.214
2300.000 0.223
2301.000 0.215
2302.000 0.221
2303.000 0.224
2304.000 0.212
2305.000 0.200
2306.000 0.189
2307.000 0.182
2308.000 0.174
2309.000 0.183
2310.000 0.205
2311.000 0.215
2312.000 0.221
2313.000 0.228
2314.000 0.226
2315.000 0.232
2316.000 0.240
2317.000 0.253
2318.000 0.266
2319.000 0.256
2320.000 0.245
2321.000 0.237
2322.000 0.223
2323.000 0.217
2324.000 0.222
2325.000 0.227
2326.000 0.229
2327.000 0.235
2328.000 0.229
2329.000 0.210
2330.000 0.216
2331.000 0.223
2332.000 0.225
2333.000 0.235
2334.000 0.249
2335.000 0.243
2336.000 0.234
2337.000 0.216
2338.000 0.228
2339.000 0.250
2340.000 0.266
2341.000 0.279
2342.000 0.314
2343.000 0.242
2344.000 0.234
2345.000 0.254
2346.000 0.243
2347.000 0.233
2348.000 0.235
2349.000 0.191
2350.000 0.189
2351.000 0.179
2352.000 0.169
2353.000 0.148
2354.000 0.140
2355.000 0.120
2356.000 0.114
2357.000 0.152
2358.000 0.150
2359.000 0.152
2360.000 0.173
2361.000 0.174
2362.000 0.192
2363.000 0.225
2364.000 0.266
2365.000 0.293
2366.000 0.262
2367.000 0.200
2368.000 0.173
2369.000 0.146
2370.000 0.182
2371.000 0.310
2372.000 0.299
2373.000 0.337
2374.000 0.303
2375.000 0.364
2376.000 0.352
2377.000 0.373
2378.000 0.368
2379.000 0.313
2380.000 0.470
2381.000 0.348
2382.000 0.275
2383.000 0.260
2384.000 0.304
2385.000 0.310
2386.000 0.252
2387.000 0.283
2388.000 0.267
2389.000 0.429
2390.000 0.214
2391.000 0.234
2392.000 0.291
2393.000 0.335
2394.000 0.302
2395.000 0.378
2396.000 0.299
2397.000 0.265
2398.000 0.242
2399.000 0.265
2400.000 0.200
2401.000 0.425
2402.000 0.509
2403.000 0.405
2404.000 0.425
2405.000 0.437
2406.000 0.257
2407.000 0.219
2408.000 0.529
2409.000 0.409
2410.000 0.373
2411.000 0.389
2412.000 0.358
2413.000 0.251
2414.000 0.382
2415.000 0.419
2416.000 0.423
2417.000 0.617
2418.000 0.542
2419.000 0.553
2420.000 0.486
2421.000 0.482
2422.000 0.352
2423.000 0.359
2424.000 0.375
2425.000 0.399
2426.000 0.327
2427.000 0.300
2428.000 0.338
2429.000 0.407
2430.000 0.477
2431.000 0.616
2432.000 0.630
2433.000 0.725
2434.000 0.547
2435.000 0.584
2436.000 0.455
2437.000 0.411
2438.000 0.272
2439.000 0.259
2440.000 0.524
2441.000 0.369
2442.000 0.331
2443.000 0.447
2444.000 0.505
2445.000 0.463
2446.000 0.496
2447.000 0.459
2448.000 0.392
2449.000 0.582
2450.000 0.457
2451.000 0.287
2452.000 0.266
2453.000 0.213
2454.000 0.369
2455.000 0.369
2456.000 0.444
2457.000 0.510
2458.000 0.382
2459.000 0.324
2460.000 0.204
2461.000 0.213
2462.000 0.387
2463.000 0.396
2464.000 0.456
2465.000 0.367
2466.000 0.671
2467.000 0.671
2468.000 0.665
2469.000 0.442
2470.000 0.618
2471.000 0.593
2472.000 0.553
2473.000 0.621
2474.000 0.629
2475.000 0.703
2476.000 0.594
2477.000 0.383
2478.000 0.418
2479.000 0.383
2480.000 0.635
2481.000 0.633
2482.000 0.414
2483.000 0.402
2484.000 0.325
2485.000 0.372
2486.000 0.297
2487.000 0.204
2488.000 0.309
2489.000 0.521
2490.000 0.498
2491.000 0.561
2492.000 0.673
2493.000 0.620
2494.000 0.374
2495.000 0.261
2496.000 0.282
2497.000 0.294
2498.000 0.389
2499.000 0.436
2500.000 0.410
