391.000 0.038
392.000 0.038
393.000 0.038
394.000 0.036
395.000 0.031
396.000 0.031
397.000 0.036
398.000 0.039
399.000 0.033
400.000 0.030
401.000 0.039
402.000 0.035
403.000 0.032
404.000 0.033
405.000 0.036
406.000 0.034
407.000 0.034
408.000 0.035
409.000 0.033
410.000 0.034
411.000 0.036
412.000 0.034
413.000 0.034
414.000 0.034
415.000 0.033
416.000 0.032
417.000 0.036
418.000 0.037
419.000 0.035
420.000 0.035
421.000 0.037
422.000 0.038
423.000 0.036
424.000 0.037
425.000 0.036
426.000 0.034
427.000 0.035
428.000 0.037
429.000 0.036
430.000 0.034
431.000 0.036
432.000 0.036
433.000 0.036
434.000 0.037
435.000 0.037
436.000 0.036
437.000 0.036
438.000 0.037
439.000 0.037
440.000 0.035
441.000 0.035
442.000 0.036
443.000 0.036
444.000 0.035
445.000 0.035
446.000 0.035
447.000 0.037
448.000 0.038
449.000 0.038
450.000 0.037
451.000 0.036
452.000 0.036
453.000 0.036
454.000 0.037
455.000 0.038
456.000 0.038
457.000 0.038
458.000 0.038
459.000 0.037
460.000 0.037
461.000 0.038
462.000 0.039
463.000 0.038
464.000 0.037
465.000 0.037
466.000 0.037
467.000 0.037
468.000 0.039
469.000 0.040
470.000 0.038
471.000 0.037
472.000 0.038
473.000 0.039
474.000 0.039
475.000 0.039
476.000 0.039
477.000 0.038
478.000 0.038
479.000 0.038
480.000 0.039
481.000 0.040
482.000 0.040
483.000 0.039
484.000 0.037
485.000 0.037
486.000 0.041
487.000 0.042
488.000 0.041
489.000 0.040
490.000 0.039
491.000 0.040
492.000 0.040
493.000 0.039
494.000 0.039
495.000 0.040
496.000 0.040
497.000 0.042
498.000 0.044
499.000 0.044
500.000 0.044
501.000 0.043
502.000 0.043
503.000 0.044
504.000 0.046
505.000 0.045
506.000 0.045
507.000 0.046
508.000 0.045
509.000 0.047
510.000 0.050
511.000 0.052
512.000 0.053
513.000 0.053
514.000 0.055
515.000 0.058
516.000 0.059
517.000 0.060
518.000 0.062
519.000 0.066
520.000 0.069
521.000 0.071
522.000 0.073
523.000 0.076
524.000 0.078
525.000 0.079
526.000 0.083
527.000 0.086
528.000 0.088
529.000 0.090
530.000 0.091
531.000 0.093
532.000 0.096
533.000 0.097
534.000 0.098
535.000 0.099
536.000 0.100
537.000 0.101
538.000 0.102
539.000 0.102
540.000 0.103
541.000 0.103
542.000 0.104
543.000 0.105
544.000 0.106
545.000 0.106
546.000 0.106
547.000 0.106
548.000 0.106
549.000 0.107
550.000 0.107
551.000 0.107
552.000 0.107
553.000 0.107
554.000 0.107
555.000 0.107
556.000 0.107
557.000 0.106
558.000 0.105
559.000 0.105
560.000 0.104
561.000 0.102
562.000 0.101
563.000 0.099
564.000 0.098
565.000 0.097
566.000 0.095
567.000 0.094
568.000 0.092
569.000 0.091
570.000 0.090
571.000 0.088
572.000 0.085
573.000 0.083
574.000 0.083
575.000 0.082
576.000 0.082
577.000 0.080
578.000 0.079
579.000 0.077
580.000 0.076
581.000 0.075
582.000 0.073
583.000 0.073
584.000 0.073
585.000 0.073
586.000 0.072
587.000 0.071
588.000 0.072
589.000 0.071
590.000 0.069
591.000 0.067
592.000 0.067
593.000 0.067
594.000 0.068
595.000 0.067
596.000 0.066
597.000 0.067
598.000 0.066
599.000 0.067
600.000 0.066
601.000 0.064
602.000 0.065
603.000 0.065
604.000 0.065
605.000 0.064
606.000 0.064
607.000 0.064
608.000 0.064
609.000 0.064
610.000 0.063
611.000 0.062
612.000 0.063
613.000 0.061
614.000 0.060
615.000 0.061
616.000 0.061
617.000 0.060
618.000 0.060
619.000 0.060
620.000 0.058
621.000 0.057
622.000 0.058
623.000 0.059
624.000 0.058
625.000 0.058
626.000 0.058
627.000 0.056
628.000 0.057
629.000 0.057
630.000 0.055
631.000 0.057
632.000 0.057
633.000 0.057
634.000 0.058
635.000 0.057
636.000 0.058
637.000 0.059
638.000 0.057
639.000 0.054
640.000 0.053
641.000 0.054
642.000 0.053
643.000 0.053
644.000 0.053
645.000 0.053
646.000 0.052
647.000 0.051
648.000 0.050
649.000 0.050
650.000 0.050
651.000 0.051
652.000 0.050
653.000 0.049
654.000 0.049
655.000 0.051
656.000 0.051
657.000 0.050
658.000 0.050
659.000 0.051
660.000 0.050
661.000 0.050
662.000 0.050
663.000 0.048
664.000 0.047
665.000 0.049
666.000 0.051
667.000 0.053
668.000 0.052
669.000 0.051
670.000 0.051
671.000 0.050
672.000 0.049
673.000 0.052
674.000 0.053
675.000 0.054
676.000 0.055
677.000 0.056
678.000 0.056
679.000 0.056
680.000 0.055
681.000 0.056
682.000 0.057
683.000 0.058
684.000 0.059
685.000 0.063
686.000 0.065
687.000 0.065
688.000 0.066
689.000 0.067
690.000 0.069
691.000 0.072
692.000 0.074
693.000 0.079
694.000 0.084
695.000 0.090
696.000 0.093
697.000 0.099
698.000 0.108
699.000 0.116
700.000 0.124
701.000 0.132
702.000 0.141
703.000 0.150
704.000 0.159
705.000 0.167
706.000 0.176
707.000 0.184
708.000 0.194
709.000 0.204
710.000 0.213
711.000 0.222
712.000 0.232
713.000 0.242
714.000 0.252
715.000 0.261
716.000 0.271
717.000 0.280
718.000 0.290
719.000 0.301
720.000 0.312
721.000 0.322
722.000 0.332
723.000 0.340
724.000 0.351
725.000 0.361
726.000 0.370
727.000 0.379
728.000 0.388
729.000 0.397
730.000 0.405
731.000 0.413
732.000 0.422
733.000 0.430
734.000 0.437
735.000 0.443
736.000 0.450
737.000 0.456
738.000 0.462
739.000 0.468
740.000 0.473
741.000 0.478
742.000 0.485
743.000 0.489
744.000 0.493
745.000 0.496
746.000 0.500
747.000 0.507
748.000 0.510
749.000 0.512
750.000 0.515
751.000 0.517
752.000 0.519
753.000 0.521
754.000 0.523
755.000 0.524
756.000 0.526
757.000 0.528
758.000 0.529
759.000 0.529
760.000 0.530
761.000 0.530
762.000 0.531
763.000 0.532
764.000 0.533
765.000 0.534
766.000 0.535
767.000 0.536
768.000 0.537
769.000 0.537
770.000 0.538
771.000 0.538
772.000 0.539
773.000 0.539
774.000 0.540
775.000 0.540
776.000 0.540
777.000 0.541
778.000 0.541
779.000 0.542
780.000 0.542
781.000 0.542
782.000 0.543
783.000 0.543
784.000 0.544
785.000 0.544
786.000 0.544
787.000 0.545
788.000 0.544
789.000 0.545
790.000 0.545
791.000 0.546
792.000 0.547
793.000 0.547
794.000 0.547
795.000 0.548
796.000 0.548
797.000 0.548
798.000 0.549
799.000 0.549
800.000 0.550
801.000 0.550
802.000 0.550
803.000 0.551
804.000 0.551
805.000 0.552
806.000 0.553
807.000 0.553
808.000 0.553
809.000 0.554
810.000 0.554
811.000 0.554
812.000 0.554
813.000 0.553
814.000 0.553
815.000 0.553
816.000 0.553
817.000 0.553
818.000 0.554
819.000 0.555
820.000 0.556
821.000 0.557
822.000 0.557
823.000 0.557
824.000 0.558
825.000 0.559
826.000 0.559
827.000 0.560
828.000 0.560
829.000 0.560
830.000 0.560
831.000 0.561
832.000 0.561
833.000 0.562
834.000 0.563
835.000 0.563
836.000 0.564
837.000 0.564
838.000 0.565
839.000 0.566
840.000 0.566
841.000 0.566
842.000 0.566
843.000 0.567
844.000 0.567
845.000 0.568
846.000 0.568
847.000 0.569
848.000 0.569
849.000 0.569
850.000 0.570
851.000 0.570
852.000 0.570
853.000 0.571
854.000 0.571
855.000 0.571
856.000 0.572
857.000 0.572
858.000 0.573
859.000 0.573
860.000 0.574
861.000 0.574
862.000 0.573
863.000 0.574
864.000 0.574
865.000 0.575
866.000 0.575
867.000 0.575
868.000 0.576
869.000 0.576
870.000 0.577
871.000 0.577
872.000 0.577
873.000 0.578
874.000 0.578
875.000 0.578
876.000 0.578
877.000 0.579
878.000 0.580
879.000 0.580
880.000 0.580
881.000 0.580
882.000 0.581
883.000 0.582
884.000 0.582
885.000 0.582
886.000 0.582
887.000 0.583
888.000 0.583
889.000 0.584
890.000 0.584
891.000 0.584
892.000 0.584
893.000 0.584
894.000 0.584
895.000 0.584
896.000 0.583
897.000 0.583
898.000 0.583
899.000 0.584
900.000 0.584
901.000 0.583
902.000 0.585
903.000 0.585
904.000 0.586
905.000 0.586
906.000 0.587
907.000 0.587
908.000 0.587
909.000 0.587
910.000 0.586
911.000 0.587
912.000 0.587
913.000 0.587
914.000 0.587
915.000 0.587
916.000 0.588
917.000 0.588
918.000 0.589
919.000 0.590
920.000 0.592
921.000 0.591
922.000 0.591
923.000 0.592
924.000 0.592
925.000 0.591
926.000 0.591
927.000 0.590
928.000 0.589
929.000 0.588
930.000 0.585
931.000 0.582
932.000 0.580
933.000 0.578
934.000 0.576
935.000 0.576
936.000 0.576
937.000 0.576
938.000 0.578
939.000 0.578
940.000 0.578
941.000 0.578
942.000 0.578
943.000 0.578
944.000 0.576
945.000 0.577
946.000 0.577
947.000 0.575
948.000 0.574
949.000 0.574
950.000 0.575
951.000 0.576
952.000 0.574
953.000 0.574
954.000 0.575
955.000 0.575
956.000 0.575
957.000 0.576
958.000 0.575
959.000 0.574
960.000 0.575
961.000 0.575
962.000 0.578
963.000 0.582
964.000 0.579
965.000 0.579
966.000 0.580
967.000 0.581
968.000 0.580
969.000 0.582
970.000 0.583
971.000 0.583
972.000 0.582
973.000 0.582
974.000 0.583
975.000 0.582
976.000 0.583
977.000 0.584
978.000 0.584
979.000 0.583
980.000 0.585
981.000 0.586
982.000 0.587
983.000 0.587
984.000 0.587
985.000 0.588
986.000 0.588
987.000 0.589
988.000 0.590
989.000 0.591
990.000 0.591
991.000 0.592
992.000 0.594
993.000 0.593
994.000 0.593
995.000 0.595
996.000 0.594
997.000 0.593
998.000 0.595
999.000 0.597
1000.000 0.596
1001.000 0.594
1002.000 0.595
1003.000 0.596
1004.000 0.598
1005.000 0.599
1006.000 0.600
1007.000 0.599
1008.000 0.599
1009.000 0.599
1010.000 0.599
1011.000 0.599
1012.000 0.599
1013.000 0.600
1014.000 0.601
1015.000 0.602
1016.000 0.602
1017.000 0.603
1018.000 0.604
1019.000 0.605
1020.000 0.605
1021.000 0.607
1022.000 0.606
1023.000 0.606
1024.000 0.608
1025.000 0.608
1026.000 0.608
1027.000 0.609
1028.000 0.609
1029.000 0.607
1030.000 0.608
1031.000 0.610
1032.000 0.611
1033.000 0.613
1034.000 0.614
1035.000 0.614
1036.000 0.614
1037.000 0.614
1038.000 0.614
1039.000 0.614
1040.000 0.614
1041.000 0.615
1042.000 0.616
1043.000 0.616
1044.000 0.616
1045.000 0.617
1046.000 0.617
1047.000 0.616
1048.000 0.617
1049.000 0.617
1050.000 0.618
1051.000 0.619
1052.000 0.619
1053.000 0.619
1054.000 0.620
1055.000 0.619
1056.000 0.620
1057.000 0.620
1058.000 0.621
1059.000 0.621
1060.000 0.621
1061.000 0.621
1062.000 0.621
1063.000 0.620
1064.000 0.620
1065.000 0.620
1066.000 0.620
1067.000 0.621
1068.000 0.621
1069.000 0.622
1070.000 0.622
1071.000 0.622
1072.000 0.622
1073.000 0.622
1074.000 0.622
1075.000 0.622
1076.000 0.622
1077.000 0.621
1078.000 0.621
1079.000 0.621
1080.000 0.621
1081.000 0.622
1082.000 0.622
1083.000 0.621
1084.000 0.622
1085.000 0.621
1086.000 0.621
1087.000 0.620
1088.000 0.619
1089.000 0.619
1090.000 0.619
1091.000 0.619
1092.000 0.618
1093.000 0.618
1094.000 0.618
1095.000 0.618
1096.000 0.617
1097.000 0.618
1098.000 0.617
1099.000 0.617
1100.000 0.617
1101.000 0.618
1102.000 0.618
1103.000 0.618
1104.000 0.618
1105.000 0.616
1106.000 0.615
1107.000 0.615
1108.000 0.614
1109.000 0.612
1110.000 0.612
1111.000 0.611
1112.000 0.610
1113.000 0.608
1114.000 0.608
1115.000 0.608
1116.000 0.605
1117.000 0.604
1118.000 0.603
1119.000 0.602
1120.000 0.600
1121.000 0.598
1122.000 0.596
1123.000 0.595
1124.000 0.590
1125.000 0.590
1126.000 0.590
1127.000 0.594
1128.000 0.592
1129.000 0.591
1130.000 0.591
1131.000 0.589
1132.000 0.589
1133.000 0.589
1134.000 0.589
1135.000 0.589
1136.000 0.591
1137.000 0.592
1138.000 0.592
1139.000 0.592
1140.000 0.591
1141.000 0.588
1142.000 0.587
1143.000 0.587
1144.000 0.585
1145.000 0.584
1146.000 0.582
1147.000 0.580
1148.000 0.579
1149.000 0.579
1150.000 0.578
1151.000 0.579
1152.000 0.580
1153.000 0.580
1154.000 0.580
1155.000 0.580
1156.000 0.580
1157.000 0.580
1158.000 0.580
1159.000 0.580
1160.000 0.580
1161.000 0.580
1162.000 0.581
1163.000 0.581
1164.000 0.581
1165.000 0.582
1166.000 0.582
1167.000 0.582
1168.000 0.582
1169.000 0.582
1170.000 0.581
1171.000 0.581
1172.000 0.580
1173.000 0.581
1174.000 0.581
1175.000 0.582
1176.000 0.583
1177.000 0.584
1178.000 0.584
1179.000 0.584
1180.000 0.585
1181.000 0.585
1182.000 0.585
1183.000 0.585
1184.000 0.585
1185.000 0.585
1186.000 0.585
1187.000 0.586
1188.000 0.586
1189.000 0.586
1190.000 0.585
1191.000 0.586
1192.000 0.585
1193.000 0.585
1194.000 0.584
1195.000 0.584
1196.000 0.585
1197.000 0.586
1198.000 0.586
1199.000 0.587
1200.000 0.587
1201.000 0.588
1202.000 0.587
1203.000 0.588
1204.000 0.588
1205.000 0.589
1206.000 0.589
1207.000 0.589
1208.000 0.589
1209.000 0.589
1210.000 0.589
1211.000 0.590
1212.000 0.590
1213.000 0.590
1214.000 0.591
1215.000 0.591
1216.000 0.591
1217.000 0.591
1218.000 0.591
1219.000 0.592
1220.000 0.592
1221.000 0.592
1222.000 0.593
1223.000 0.593
1224.000 0.593
1225.000 0.593
1226.000 0.593
1227.000 0.593
1228.000 0.594
1229.000 0.594
1230.000 0.595
1231.000 0.595
1232.000 0.595
1233.000 0.595
1234.000 0.596
1235.000 0.596
1236.000 0.596
1237.000 0.596
1238.000 0.597
1239.000 0.597
1240.000 0.598
1241.000 0.598
1242.000 0.599
1243.000 0.599
1244.000 0.599
1245.000 0.599
1246.000 0.599
1247.000 0.599
1248.000 0.599
1249.000 0.600
1250.000 0.601
1251.000 0.601
1252.000 0.600
1253.000 0.600
1254.000 0.600
1255.000 0.601
1256.000 0.601
1257.000 0.602
1258.000 0.602
1259.000 0.602
1260.000 0.602
1261.000 0.603
1262.000 0.603
1263.000 0.604
1264.000 0.604
1265.000 0.603
1266.000 0.603
1267.000 0.603
1268.000 0.603
1269.000 0.603
1270.000 0.603
1271.000 0.604
1272.000 0.605
1273.000 0.605
1274.000 0.605
1275.000 0.605
1276.000 0.605
1277.000 0.605
1278.000 0.606
1279.000 0.607
1280.000 0.607
1281.000 0.607
1282.000 0.607
1283.000 0.607
1284.000 0.605
1285.000 0.605
1286.000 0.604
1287.000 0.603
1288.000 0.603
1289.000 0.602
1290.000 0.602
1291.000 0.601
1292.000 0.600
1293.000 0.600
1294.000 0.599
1295.000 0.599
1296.000 0.598
1297.000 0.597
1298.000 0.596
1299.000 0.595
1300.000 0.595
1301.000 0.595
1302.000 0.594
1303.000 0.593
1304.000 0.591
1305.000 0.590
1306.000 0.588
1307.000 0.588
1308.000 0.586
1309.000 0.585
1310.000 0.584
1311.000 0.583
1312.000 0.581
1313.000 0.581
1314.000 0.579
1315.000 0.578
1316.000 0.576
1317.000 0.573
1318.000 0.572
1319.000 0.570
1320.000 0.568
1321.000 0.567
1322.000 0.566
1323.000 0.565
1324.000 0.565
1325.000 0.562
1326.000 0.559
1327.000 0.557
1328.000 0.553
1329.000 0.551
1330.000 0.550
1331.000 0.549
1332.000 0.548
1333.000 0.547
1334.000 0.540
1335.000 0.538
1336.000 0.535
1337.000 0.533
1338.000 0.531
1339.000 0.528
1340.000 0.526
1341.000 0.521
1342.000 0.519
1343.000 0.516
1344.000 0.516
1345.000 0.515
1346.000 0.514
1347.000 0.513
1348.000 0.511
1349.000 0.506
1350.000 0.505
1351.000 0.512
1352.000 0.512
1353.000 0.510
1354.000 0.510
1355.000 0.501
1356.000 0.497
1357.000 0.498
1358.000 0.549
1359.000 0.595
1360.000 0.557
1361.000 0.476
1362.000 0.431
1363.000 0.346
1364.000 0.279
1365.000 0.230
1366.000 0.209
1367.000 0.310
1368.000 0.312
1369.000 0.227
1370.000 0.236
1371.000 0.131
1372.000 0.152
1373.000 0.276
1374.000 0.409
1375.000 0.497
1376.000 0.504
1377.000 0.398
1378.000 0.408
1379.000 0.457
1380.000 0.368
1381.000 0.360
1382.000 0.551
1383.000 0.611
1384.000 0.381
1385.000 0.540
1386.000 0.474
1387.000 0.358
1388.000 0.387
1389.000 0.351
1390.000 0.379
1391.000 0.260
1392.000 0.416
1393.000 0.401
1394.000 0.622
1395.000 0.630
1396.000 0.356
1397.000 0.346
1398.000 0.555
1399.000 0.614
1400.000 0.614
1401.000 0.491
1402.000 0.420
1403.000 0.507
1404.000 0.229
1405.000 0.252
1406.000 0.330
1407.000 0.378
1408.000 0.387
1409.000 0.282
1410.000 0.305
1411.000 0.279
1412.000 0.325
1413.000 0.370
1414.000 0.410
1415.000 0.523
1416.000 0.527
1417.000 0.512
1418.000 0.423
1419.000 0.310
1420.000 0.280
1421.000 0.245
1422.000 0.245
1423.000 0.300
1424.000 0.288
1425.000 0.255
1426.000 0.246
1427.000 0.224
1428.000 0.216
1429.000 0.220
1430.000 0.218
1431.000 0.207
1432.000 0.205
1433.000 0.213
1434.000 0.211
1435.000 0.201
1436.000 0.198
1437.000 0.190
1438.000 0.190
1439.000 0.202
1440.000 0.207
1441.000 0.212
1442.000 0.214
1443.000 0.210
1444.000 0.207
1445.000 0.206
1446.000 0.203
1447.000 0.197
1448.000 0.196
1449.000 0.199
1450.000 0.198
1451.000 0.198
1452.000 0.198
1453.000 0.197
1454.000 0.194
1455.000 0.194
1456.000 0.196
1457.000 0.197
1458.000 0.197
1459.000 0.197
1460.000 0.200
1461.000 0.198
1462.000 0.194
1463.000 0.191
1464.000 0.181
1465.000 0.181
1466.000 0.187
1467.000 0.190
1468.000 0.197
1469.000 0.205
1470.000 0.214
1471.000 0.219
1472.000 0.224
1473.000 0.225
1474.000 0.216
1475.000 0.215
1476.000 0.222
1477.000 0.220
1478.000 0.216
1479.000 0.215
1480.000 0.207
1481.000 0.207
1482.000 0.214
1483.000 0.217
1484.000 0.222
1485.000 0.224
1486.000 0.221
1487.000 0.222
1488.000 0.225
1489.000 0.227
1490.000 0.232
1491.000 0.234
1492.000 0.236
1493.000 0.237
1494.000 0.238
1495.000 0.240
1496.000 0.242
1497.000 0.245
1498.000 0.249
1499.000 0.253
1500.000 0.257
1501.000 0.258
1502.000 0.256
1503.000 0.256
1504.000 0.255
1505.000 0.256
1506.000 0.256
1507.000 0.259
1508.000 0.261
1509.000 0.262
1510.000 0.264
1511.000 0.265
1512.000 0.267
1513.000 0.268
1514.000 0.271
1515.000 0.273
1516.000 0.276
1517.000 0.280
1518.000 0.283
1519.000 0.284
1520.000 0.286
1521.000 0.289
1522.000 0.289
1523.000 0.289
1524.000 0.289
1525.000 0.288
1526.000 0.289
1527.000 0.291
1528.000 0.293
1529.000 0.296
1530.000 0.298
1531.000 0.300
1532.000 0.302
1533.000 0.303
1534.000 0.305
1535.000 0.306
1536.000 0.307
1537.000 0.310
1538.000 0.313
1539.000 0.317
1540.000 0.319
1541.000 0.320
1542.000 0.322
1543.000 0.322
1544.000 0.323
1545.000 0.326
1546.000 0.328
1547.000 0.329
1548.000 0.331
1549.000 0.331
1550.000 0.332
1551.000 0.332
1552.000 0.333
1553.000 0.333
1554.000 0.335
1555.000 0.337
1556.000 0.339
1557.000 0.343
1558.000 0.344
1559.000 0.345
1560.000 0.346
1561.000 0.347
1562.000 0.348
1563.000 0.350
1564.000 0.351
1565.000 0.352
1566.000 0.353
1567.000 0.352
1568.000 0.352
1569.000 0.352
1570.000 0.354
1571.000 0.357
1572.000 0.359
1573.000 0.361
1574.000 0.364
1575.000 0.366
1576.000 0.368
1577.000 0.369
1578.000 0.370
1579.000 0.370
1580.000 0.370
1581.000 0.371
1582.000 0.372
1583.000 0.375
1584.000 0.375
1585.000 0.376
1586.000 0.377
1587.000 0.378
1588.000 0.380
1589.000 0.383
1590.000 0.385
1591.000 0.386
1592.000 0.387
1593.000 0.387
1594.000 0.386
1595.000 0.384
1596.000 0.385
1597.000 0.385
1598.000 0.386
1599.000 0.391
1600.000 0.393
1601.000 0.396
1602.000 0.397
1603.000 0.397
1604.000 0.396
1605.000 0.394
1606.000 0.394
1607.000 0.395
1608.000 0.396
1609.000 0.397
1610.000 0.399
1611.000 0.400
1612.000 0.401
1613.000 0.403
1614.000 0.404
1615.000 0.405
1616.000 0.405
1617.000 0.404
1618.000 0.405
1619.000 0.405
1620.000 0.406
1621.000 0.408
1622.000 0.409
1623.000 0.410
1624.000 0.411
1625.000 0.411
1626.000 0.412
1627.000 0.414
1628.000 0.415
1629.000 0.416
1630.000 0.416
1631.000 0.414
1632.000 0.414
1633.000 0.414
1634.000 0.415
1635.000 0.418
1636.000 0.420
1637.000 0.422
1638.000 0.423
1639.000 0.423
1640.000 0.422
1641.000 0.423
1642.000 0.423
1643.000 0.422
1644.000 0.423
1645.000 0.424
1646.000 0.425
1647.000 0.426
1648.000 0.426
1649.000 0.426
1650.000 0.426
1651.000 0.427
1652.000 0.428
1653.000 0.430
1654.000 0.431
1655.000 0.429
1656.000 0.428
1657.000 0.424
1658.000 0.423
1659.000 0.425
1660.000 0.426
1661.000 0.429
1662.000 0.430
1663.000 0.430
1664.000 0.430
1665.000 0.432
1666.000 0.432
1667.000 0.429
1668.000 0.429
1669.000 0.428
1670.000 0.429
1671.000 0.432
1672.000 0.433
1673.000 0.434
1674.000 0.434
1675.000 0.432
1676.000 0.432
1677.000 0.431
1678.000 0.431
1679.000 0.432
1680.000 0.432
1681.000 0.433
1682.000 0.434
1683.000 0.436
1684.000 0.437
1685.000 0.438
1686.000 0.439
1687.000 0.438
1688.000 0.438
1689.000 0.440
1690.000 0.439
1691.000 0.440
1692.000 0.439
1693.000 0.436
1694.000 0.434
1695.000 0.431
1696.000 0.430
1697.000 0.430
1698.000 0.430
1699.000 0.431
1700.000 0.432
1701.000 0.432
1702.000 0.432
1703.000 0.433
1704.000 0.434
1705.000 0.436
1706.000 0.437
1707.000 0.438
1708.000 0.438
1709.000 0.436
1710.000 0.434
1711.000 0.431
1712.000 0.428
1713.000 0.429
1714.000 0.430
1715.000 0.430
1716.000 0.430
1717.000 0.428
1718.000 0.426
1719.000 0.424
1720.000 0.424
1721.000 0.423
1722.000 0.421
1723.000 0.420
1724.000 0.418
1725.000 0.416
1726.000 0.415
1727.000 0.417
1728.000 0.420
1729.000 0.420
1730.000 0.420
1731.000 0.421
1732.000 0.417
1733.000 0.416
1734.000 0.418
1735.000 0.416
1736.000 0.415
1737.000 0.412
1738.000 0.407
1739.000 0.404
1740.000 0.402
1741.000 0.401
1742.000 0.403
1743.000 0.402
1744.000 0.402
1745.000 0.401
1746.000 0.396
1747.000 0.396
1748.000 0.400
1749.000 0.400
1750.000 0.401
1751.000 0.401
1752.000 0.396
1753.000 0.395
1754.000 0.398
1755.000 0.398
1756.000 0.397
1757.000 0.396
1758.000 0.392
1759.000 0.390
1760.000 0.388
1761.000 0.385
1762.000 0.387
1763.000 0.386
1764.000 0.385
1765.000 0.389
1766.000 0.390
1767.000 0.393
1768.000 0.396
1769.000 0.389
1770.000 0.383
1771.000 0.377
1772.000 0.368
1773.000 0.366
1774.000 0.366
1775.000 0.367
1776.000 0.369
1777.000 0.370
1778.000 0.369
1779.000 0.366
1780.000 0.362
1781.000 0.363
1782.000 0.362
1783.000 0.367
1784.000 0.374
1785.000 0.373
1786.000 0.375
1787.000 0.371
1788.000 0.370
1789.000 0.375
1790.000 0.375
1791.000 0.373
1792.000 0.374
1793.000 0.367
1794.000 0.352
1795.000 0.343
1796.000 0.343
1797.000 0.352
1798.000 0.361
1799.000 0.371
1800.000 0.386
1801.000 0.447
1802.000 0.458
1803.000 0.472
1804.000 0.450
1805.000 0.445
1806.000 0.406
1807.000 0.386
1808.000 0.393
1809.000 0.377
1810.000 0.328
1811.000 0.313
1812.000 0.296
1813.000 0.309
1814.000 0.380
1815.000 0.429
1816.000 0.494
1817.000 0.497
1818.000 0.673
1819.000 0.769
1820.000 0.630
1821.000 0.449
1822.000 0.290
1823.000 0.268
1824.000 0.293
1825.000 0.473
1826.000 0.549
1827.000 0.398
1828.000 0.402
1829.000 0.400
1830.000 0.299
1831.000 0.331
1832.000 0.343
1833.000 0.424
1834.000 0.274
1835.000 0.309
1836.000 0.278
1837.000 0.230
1838.000 0.237
1839.000 0.372
1840.000 0.464
1841.000 0.496
1842.000 0.336
1843.000 0.477
1844.000 0.414
1845.000 0.575
1846.000 0.575
1847.000 0.563
1848.000 0.642
1849.000 0.490
1850.000 0.587
1851.000 0.386
1852.000 0.420
1853.000 0.442
1854.000 0.381
1855.000 0.429
1856.000 0.358
1857.000 0.349
1858.000 0.401
1859.000 0.488
1860.000 0.557
1861.000 0.595
1862.000 0.664
1863.000 0.611
1864.000 0.509
1865.000 0.427
1866.000 0.490
1867.000 0.590
1868.000 0.467
1869.000 0.553
1870.000 0.513
1871.000 0.455
1872.000 0.279
1873.000 0.301
1874.000 0.252
1875.000 0.321
1876.000 0.319
1877.000 0.368
1878.000 0.269
1879.000 0.395
1880.000 0.450
1881.000 0.612
1882.000 0.701
1883.000 0.697
1884.000 0.737
1885.000 0.650
1886.000 0.644
1887.000 0.617
1888.000 0.599
1889.000 0.605
1890.000 0.564
1891.000 0.682
1892.000 0.673
1893.000 0.544
1894.000 0.505
1895.000 0.714
1896.000 0.603
1897.000 0.404
1898.000 0.296
1899.000 0.409
1900.000 0.293
1901.000 0.379
1902.000 0.385
1903.000 0.501
1904.000 0.482
1905.000 0.435
1906.000 0.387
1907.000 0.514
1908.000 0.608
1909.000 0.476
1910.000 0.468
1911.000 0.501
1912.000 0.457
1913.000 0.382
1914.000 0.428
1915.000 0.550
1916.000 0.551
1917.000 0.581
1918.000 0.461
1919.000 0.476
1920.000 0.430
1921.000 0.358
1922.000 0.316
1923.000 0.292
1924.000 0.365
1925.000 0.456
1926.000 0.533
1927.000 0.488
1928.000 0.468
1929.000 0.390
1930.000 0.373
1931.000 0.385
1932.000 0.593
1933.000 0.641
1934.000 0.751
1935.000 0.595
1936.000 0.508
1937.000 0.442
1938.000 0.486
1939.000 0.493
1940.000 0.517
1941.000 0.516
1942.000 0.527
1943.000 0.389
1944.000 0.379
1945.000 0.479
1946.000 0.280
1947.000 0.367
1948.000 0.517
1949.000 0.269
1950.000 0.286
1951.000 0.332
1952.000 0.425
1953.000 0.448
1954.000 0.510
1955.000 0.463
1956.000 0.324
1957.000 0.315
1958.000 0.245
1959.000 0.236
1960.000 0.256
1961.000 0.288
1962.000 0.298
1963.000 0.279
1964.000 0.284
1965.000 0.342
1966.000 0.414
1967.000 0.360
1968.000 0.359
1969.000 0.294
1970.000 0.225
1971.000 0.205
1972.000 0.200
1973.000 0.186
1974.000 0.226
1975.000 0.213
1976.000 0.242
1977.000 0.249
1978.000 0.242
1979.000 0.242
1980.000 0.234
1981.000 0.218
1982.000 0.219
1983.000 0.227
1984.000 0.228
1985.000 0.220
1986.000 0.212
1987.000 0.191
1988.000 0.185
1989.000 0.192
1990.000 0.188
1991.000 0.185
1992.000 0.172
1993.000 0.161
1994.000 0.160
1995.000 0.172
1996.000 0.181
1997.000 0.182
1998.000 0.193
1999.000 0.191
2000.000 0.179
2001.000 0.181
2002.000 0.176
2003.000 0.181
2004.000 0.212
2005.000 0.238
2006.000 0.367
2007.000 0.543
2008.000 0.314
2009.000 0.322
2010.000 0.426
2011.000 0.432
2012.000 0.335
2013.000 0.273
2014.000 0.250
2015.000 0.209
2016.000 0.183
2017.000 0.250
2018.000 0.273
2019.000 0.271
2020.000 0.338
2021.000 0.358
2022.000 0.301
2023.000 0.281
2024.000 0.235
2025.000 0.186
2026.000 0.164
2027.000 0.160
2028.000 0.169
2029.000 0.175
2030.000 0.197
2031.000 0.198
2032.000 0.183
2033.000 0.176
2034.000 0.161
2035.000 0.159
2036.000 0.162
2037.000 0.184
2038.000 0.199
2039.000 0.202
2040.000 0.208
2041.000 0.195
2042.000 0.192
2043.000 0.189
2044.000 0.193
2045.000 0.209
2046.000 0.216
2047.000 0.220
2048.000 0.228
2049.000 0.238
2050.000 0.228
2051.000 0.247
2052.000 0.281
2053.000 0.256
2054.000 0.243
2055.000 0.212
2056.000 0.189
2057.000 0.183
2058.000 0.185
2059.000 0.186
2060.000 0.193
2061.000 0.200
2062.000 0.214
2063.000 0.222
2064.000 0.233
2065.000 0.241
2066.000 0.248
2067.000 0.230
2068.000 0.220
2069.000 0.212
2070.000 0.212
2071.000 0.216
2072.000 0.219
2073.000 0.234
2074.000 0.234
2075.000 0.222
2076.000 0.217
2077.000 0.208
2078.000 0.207
2079.000 0.214
2080.000 0.219
2081.000 0.229
2082.000 0.233
2083.000 0.239
2084.000 0.233
2085.000 0.229
2086.000 0.231
2087.000 0.232
2088.000 0.240
2089.000 0.236
2090.000 0.222
2091.000 0.219
2092.000 0.212
2093.000 0.211
2094.000 0.224
2095.000 0.228
2096.000 0.225
2097.000 0.227
2098.000 0.230
2099.000 0.228
2100.000 0.230
2101.000 0.236
2102.000 0.236
2103.000 0.237
2104.000 0.239
2105.000 0.240
2106.000 0.245
2107.000 0.250
2108.000 0.255
2109.000 0.265
2110.000 0.269
2111.000 0.270
2112.000 0.269
2113.000 0.262
2114.000 0.258
2115.000 0.254
2116.000 0.249
2117.000 0.245
2118.000 0.238
2119.000 0.231
2120.000 0.225
2121.000 0.229
2122.000 0.234
2123.000 0.242
2124.000 0.263
2125.000 0.266
2126.000 0.265
2127.000 0.263
2128.000 0.253
2129.000 0.248
2130.000 0.244
2131.000 0.240
2132.000 0.234
2133.000 0.234
2134.000 0.239
2135.000 0.241
2136.000 0.245
2137.000 0.249
2138.000 0.249
2139.000 0.254
2140.000 0.251
2141.000 0.249
2142.000 0.247
2143.000 0.235
2144.000 0.238
2145.000 0.253
2146.000 0.259
2147.000 0.273
2148.000 0.276
2149.000 0.268
2150.000 0.266
2151.000 0.257
2152.000 0.259
2153.000 0.269
2154.000 0.275
2155.000 0.290
2156.000 0.301
2157.000 0.288
2158.000 0.283
2159.000 0.278
2160.000 0.264
2161.000 0.259
2162.000 0.260
2163.000 0.259
2164.000 0.255
2165.000 0.259
2166.000 0.271
2167.000 0.273
2168.000 0.273
2169.000 0.272
2170.000 0.261
2171.000 0.262
2172.000 0.276
2173.000 0.280
2174.000 0.288
2175.000 0.291
2176.000 0.288
2177.000 0.280
2178.000 0.275
2179.000 0.269
2180.000 0.263
2181.000 0.260
2182.000 0.260
2183.000 0.259
2184.000 0.264
2185.000 0.278
2186.000 0.281
2187.000 0.284
2188.000 0.287
2189.000 0.283
2190.000 0.283
2191.000 0.294
2192.000 0.292
2193.000 0.283
2194.000 0.280
2195.000 0.274
2196.000 0.270
2197.000 0.269
2198.000 0.269
2199.000 0.270
2200.000 0.270
2201.000 0.274
2202.000 0.276
2203.000 0.270
2204.000 0.268
2205.000 0.260
2206.000 0.255
2207.000 0.265
2208.000 0.270
2209.000 0.274
2210.000 0.285
2211.000 0.291
2212.000 0.293
2213.000 0.290
2214.000 0.285
2215.000 0.281
2216.000 0.265
2217.000 0.264
2218.000 0.276
2219.000 0.278
2220.000 0.278
2221.000 0.279
2222.000 0.271
2223.000 0.270
2224.000 0.275
2225.000 0.276
2226.000 0.272
2227.000 0.275
2228.000 0.276
2229.000 0.279
2230.000 0.279
2231.000 0.281
2232.000 0.280
2233.000 0.278
2234.000 0.277
2235.000 0.269
2236.000 0.269
2237.000 0.268
2238.000 0.273
2239.000 0.291
2240.000 0.299
2241.000 0.309
2242.000 0.310
2243.000 0.294
2244.000 0.290
2245.000 0.291
2246.000 0.285
2247.000 0.281
2248.000 0.280
2249.000 0.274
2250.000 0.270
2251.000 0.273
2252.000 0.270
2253.000 0.260
2254.000 0.255
2255.000 0.250
2256.000 0.249
2257.000 0.248
2258.000 0.257
2259.000 0.266
2260.000 0.274
2261.000 0.288
2262.000 0.284
2263.000 0.281
2264.000 0.266
2265.000 0.244
2266.000 0.231
2267.000 0.213
2268.000 0.208
2269.000 0.212
2270.000 0.212
2271.000 0.220
2272.000 0.240
2273.000 0.242
2274.000 0.231
2275.000 0.227
2276.000 0.215
2277.000 0.213
2278.000 0.219
2279.000 0.224
2280.000 0.239
2281.000 0.244
2282.000 0.243
2283.000 0.247
2284.000 0.249
2285.000 0.239
2286.000 0.225
2287.000 0.218
2288.000 0.200
2289.000 0.195
2290.000 0.201
2291.000 0.209
2292.000 0.234
2293.000 0.247
2294.000 0.262
2295.000 0.270
2296.000 0.258
2297.000 0.259
2298.000 0.250
2299.000 0.239
2300.000 0.233
2301.000 0.217
2302.000 0.225
2303.000 0.222
2304.000 0.203
2305.000 0.182
2306.000 0.162
2307.000 0.160
2308.000 0.165
2309.000 0.174
2310.000 0.199
2311.000 0.216
2312.000 0.220
2313.000 0.247
2314.000 0.260
2315.000 0.254
2316.000 0.245
2317.000 0.233
2318.000 0.207
2319.000 0.184
2320.000 0.190
2321.000 0.194
2322.000 0.194
2323.000 0.212
2324.000 0.210
2325.000 0.201
2326.000 0.202
2327.000 0.207
2328.000 0.207
2329.000 0.212
2330.000 0.230
2331.000 0.257
2332.000 0.281
2333.000 0.323
2334.000 0.340
2335.000 0.334
2336.000 0.324
2337.000 0.319
2338.000 0.317
2339.000 0.310
2340.000 0.296
2341.000 0.276
2342.000 0.288
2343.000 0.236
2344.000 0.235
2345.000 0.229
2346.000 0.237
2347.000 0.310
2348.000 0.274
2349.000 0.176
2350.000 0.174
2351.000 0.150
2352.000 0.161
2353.000 0.195
2354.000 0.216
2355.000 0.191
2356.000 0.192
2357.000 0.219
2358.000 0.185
2359.000 0.176
2360.000 0.162
2361.000 0.141
2362.000 0.155
2363.000 0.170
2364.000 0.223
2365.000 0.255
2366.000 0.229
2367.000 0.199
2368.000 0.198
2369.000 0.158
2370.000 0.263
2371.000 0.333
2372.000 0.326
2373.000 0.277
2374.000 0.501
2375.000 0.341
2376.000 0.390
2377.000 0.365
2378.000 0.369
2379.000 0.453
2380.000 0.516
2381.000 0.453
2382.000 0.291
2383.000 0.283
2384.000 0.224
2385.000 0.241
2386.000 0.231
2387.000 0.215
2388.000 0.231
2389.000 0.266
2390.000 0.191
2391.000 0.178
2392.000 0.257
2393.000 0.341
2394.000 0.389
2395.000 0.356
2396.000 0.300
2397.000 0.309
2398.000 0.332
2399.000 0.270
2400.000 0.130
2401.000 0.529
2402.000 0.361
2403.000 0.249
2404.000 0.210
2405.000 0.262
2406.000 0.241
2407.000 0.291
2408.000 0.475
2409.000 0.322
2410.000 0.341
2411.000 0.377
2412.000 0.392
2413.000 0.328
2414.000 0.428
2415.000 0.416
2416.000 0.414
2417.000 0.490
2418.000 0.560
2419.000 0.424
2420.000 0.321
2421.000 0.298
2422.000 0.117
2423.000 0.230
2424.000 0.441
2425.000 0.362
2426.000 0.239
2427.000 0.142
2428.000 0.439
2429.000 0.387
2430.000 0.385
2431.000 0.271
2432.000 0.330
2433.000 0.385
2434.000 0.515
2435.000 0.260
2436.000 0.122
2437.000 0.202
2438.000 0.218
2439.000 0.300
2440.000 0.424
2441.000 0.502
2442.000 0.447
2443.000 0.468
2444.000 0.368
2445.000 0.350
2446.000 0.402
2447.000 0.221
2448.000 0.194
2449.000 0.301
2450.000 0.146
2451.000 0.154
2452.000 0.222
2453.000 0.186
2454.000 0.180
2455.000 0.164
2456.000 0.164
2457.000 0.249
2458.000 0.260
2459.000 0.314
2460.000 0.364
2461.000 0.150
2462.000 0.118
2463.000 0.171
2464.000 0.131
2465.000 0.217
2466.000 0.301
2467.000 0.373
2468.000 0.566
2469.000 0.635
2470.000 0.657
2471.000 0.537
2472.000 0.439
2473.000 0.370
2474.000 0.380
2475.000 0.535
2476.000 0.527
2477.000 0.222
2478.000 0.463
2479.000 0.370
2480.000 0.625
2481.000 0.596
2482.000 0.449
2483.000 0.360
2484.000 0.216
2485.000 0.292
2486.000 0.402
2487.000 0.321
2488.000 0.464
2489.000 0.473
2490.000 0.508
2491.000 0.621
2492.000 0.447
2493.000 0.523
2494.000 0.373
2495.000 0.352
2496.000 0.369
2497.000 0.277
2498.000 0.264
2499.000 0.246
2500.000 0.176
