391.000 0.046
392.000 0.046
393.000 0.045
394.000 0.044
395.000 0.036
396.000 0.036
397.000 0.044
398.000 0.047
399.000 0.040
400.000 0.037
401.000 0.044
402.000 0.041
403.000 0.039
404.000 0.040
405.000 0.041
406.000 0.040
407.000 0.041
408.000 0.042
409.000 0.040
410.000 0.041
411.000 0.043
412.000 0.041
413.000 0.041
414.000 0.041
415.000 0.039
416.000 0.038
417.000 0.042
418.000 0.043
419.000 0.042
420.000 0.042
421.000 0.043
422.000 0.044
423.000 0.043
424.000 0.043
425.000 0.042
426.000 0.040
427.000 0.040
428.000 0.043
429.000 0.042
430.000 0.040
431.000 0.042
432.000 0.041
433.000 0.041
434.000 0.043
435.000 0.043
436.000 0.042
437.000 0.042
438.000 0.044
439.000 0.042
440.000 0.040
441.000 0.040
442.000 0.042
443.000 0.042
444.000 0.041
445.000 0.040
446.000 0.041
447.000 0.043
448.000 0.043
449.000 0.043
450.000 0.043
451.000 0.042
452.000 0.042
453.000 0.042
454.000 0.042
455.000 0.043
456.000 0.043
457.000 0.043
458.000 0.043
459.000 0.042
460.000 0.043
461.000 0.044
462.000 0.044
463.000 0.043
464.000 0.042
465.000 0.042
466.000 0.042
467.000 0.042
468.000 0.044
469.000 0.045
470.000 0.044
471.000 0.042
472.000 0.043
473.000 0.044
474.000 0.044
475.000 0.044
476.000 0.044
477.000 0.044
478.000 0.042
479.000 0.043
480.000 0.044
481.000 0.044
482.000 0.045
483.000 0.043
484.000 0.042
485.000 0.042
486.000 0.046
487.000 0.047
488.000 0.046
489.000 0.045
490.000 0.044
491.000 0.045
492.000 0.046
493.000 0.044
494.000 0.044
495.000 0.044
496.000 0.045
497.000 0.048
498.000 0.049
499.000 0.049
500.000 0.049
501.000 0.048
502.000 0.048
503.000 0.049
504.000 0.050
505.000 0.050
506.000 0.049
507.000 0.050
508.000 0.050
509.000 0.052
510.000 0.055
511.000 0.057
512.000 0.057
513.000 0.058
514.000 0.060
515.000 0.062
516.000 0.064
517.000 0.066
518.000 0.067
519.000 0.071
520.000 0.074
521.000 0.076
522.000 0.079
523.000 0.081
524.000 0.084
525.000 0.085
526.000 0.089
527.000 0.093
528.000 0.095
529.000 0.096
530.000 0.097
531.000 0.099
532.000 0.103
533.000 0.104
534.000 0.105
535.000 0.106
536.000 0.107
537.000 0.109
538.000 0.109
539.000 0.109
540.000 0.110
541.000 0.111
542.000 0.111
543.000 0.112
544.000 0.113
545.000 0.113
546.000 0.113
547.000 0.113
548.000 0.113
549.000 0.114
550.000 0.114
551.000 0.114
552.000 0.114
553.000 0.114
554.000 0.114
555.000 0.114
556.000 0.114
557.000 0.113
558.000 0.112
559.000 0.111
560.000 0.110
561.000 0.109
562.000 0.107
563.000 0.106
564.000 0.105
565.000 0.103
566.000 0.101
567.000 0.100
568.000 0.097
569.000 0.096
570.000 0.095
571.000 0.093
572.000 0.090
573.000 0.088
574.000 0.088
575.000 0.087
576.000 0.087
577.000 0.085
578.000 0.083
579.000 0.082
580.000 0.080
581.000 0.080
582.000 0.078
583.000 0.077
584.000 0.077
585.000 0.077
586.000 0.076
587.000 0.075
588.000 0.076
589.000 0.075
590.000 0.073
591.000 0.071
592.000 0.071
593.000 0.071
594.000 0.072
595.000 0.070
596.000 0.070
597.000 0.070
598.000 0.070
599.000 0.070
600.000 0.069
601.000 0.067
602.000 0.068
603.000 0.069
604.000 0.068
605.000 0.068
606.000 0.068
607.000 0.068
608.000 0.068
609.000 0.067
610.000 0.066
611.000 0.066
612.000 0.066
613.000 0.064
614.000 0.063
615.000 0.064
616.000 0.064
617.000 0.064
618.000 0.063
619.000 0.063
620.000 0.061
621.000 0.060
622.000 0.061
623.000 0.062
624.000 0.061
625.000 0.060
626.000 0.061
627.000 0.059
628.000 0.060
629.000 0.059
630.000 0.058
631.000 0.059
632.000 0.060
633.000 0.060
634.000 0.060
635.000 0.060
636.000 0.060
637.000 0.061
638.000 0.060
639.000 0.057
640.000 0.056
641.000 0.057
642.000 0.056
643.000 0.055
644.000 0.056
645.000 0.056
646.000 0.055
647.000 0.054
648.000 0.053
649.000 0.053
650.000 0.053
651.000 0.054
652.000 0.053
653.000 0.051
654.000 0.051
655.000 0.054
656.000 0.053
657.000 0.053
658.000 0.053
659.000 0.053
660.000 0.052
661.000 0.052
662.000 0.052
663.000 0.050
664.000 0.050
665.000 0.051
666.000 0.053
667.000 0.056
668.000 0.055
669.000 0.054
670.000 0.054
671.000 0.052
672.000 0.053
673.000 0.055
674.000 0.057
675.000 0.057
676.000 0.058
677.000 0.059
678.000 0.060
679.000 0.059
680.000 0.058
681.000 0.059
682.000 0.060
683.000 0.060
684.000 0.062
685.000 0.066
686.000 0.068
687.000 0.068
688.000 0.069
689.000 0.070
690.000 0.072
691.000 0.075
692.000 0.077
693.000 0.082
694.000 0.087
695.000 0.093
696.000 0.096
697.000 0.102
698.000 0.111
699.000 0.120
700.000 0.128
701.000 0.136
702.000 0.146
703.000 0.156
704.000 0.165
705.000 0.174
706.000 0.183
707.000 0.192
708.000 0.202
709.000 0.212
710.000 0.222
711.000 0.232
712.000 0.242
713.000 0.254
714.000 0.264
715.000 0.274
716.000 0.284
717.000 0.294
718.000 0.304
719.000 0.315
720.000 0.327
721.000 0.339
722.000 0.349
723.000 0.358
724.000 0.369
725.000 0.380
726.000 0.390
727.000 0.400
728.000 0.409
729.000 0.418
730.000 0.428
731.000 0.437
732.000 0.446
733.000 0.455
734.000 0.463
735.000 0.470
736.000 0.477
737.000 0.483
738.000 0.490
739.000 0.496
740.000 0.502
741.000 0.507
742.000 0.512
743.000 0.517
744.000 0.521
745.000 0.525
746.000 0.529
747.000 0.533
748.000 0.536
749.000 0.539
750.000 0.542
751.000 0.544
752.000 0.546
753.000 0.548
754.000 0.550
755.000 0.551
756.000 0.553
757.000 0.555
758.000 0.556
759.000 0.556
760.000 0.556
761.000 0.554
762.000 0.555
763.000 0.556
764.000 0.557
765.000 0.559
766.000 0.560
767.000 0.562
768.000 0.563
769.000 0.564
770.000 0.565
771.000 0.565
772.000 0.566
773.000 0.566
774.000 0.567
775.000 0.567
776.000 0.567
777.000 0.567
778.000 0.567
779.000 0.568
780.000 0.568
781.000 0.569
782.000 0.569
783.000 0.570
784.000 0.570
785.000 0.570
786.000 0.570
787.000 0.571
788.000 0.570
789.000 0.570
790.000 0.571
791.000 0.571
792.000 0.572
793.000 0.572
794.000 0.573
795.000 0.573
796.000 0.573
797.000 0.573
798.000 0.573
799.000 0.574
800.000 0.574
801.000 0.575
802.000 0.575
803.000 0.575
804.000 0.576
805.000 0.576
806.000 0.577
807.000 0.577
808.000 0.578
809.000 0.578
810.000 0.578
811.000 0.578
812.000 0.577
813.000 0.576
814.000 0.575
815.000 0.575
816.000 0.575
817.000 0.575
818.000 0.576
819.000 0.577
820.000 0.578
821.000 0.578
822.000 0.578
823.000 0.579
824.000 0.579
825.000 0.580
826.000 0.581
827.000 0.581
828.000 0.581
829.000 0.582
830.000 0.582
831.000 0.583
832.000 0.583
833.000 0.584
834.000 0.585
835.000 0.585
836.000 0.586
837.000 0.586
838.000 0.587
839.000 0.588
840.000 0.588
841.000 0.588
842.000 0.588
843.000 0.589
844.000 0.590
845.000 0.590
846.000 0.591
847.000 0.591
848.000 0.591
849.000 0.591
850.000 0.592
851.000 0.592
852.000 0.592
853.000 0.592
854.000 0.593
855.000 0.593
856.000 0.594
857.000 0.594
858.000 0.594
859.000 0.594
860.000 0.595
861.000 0.595
862.000 0.594
863.000 0.595
864.000 0.595
865.000 0.596
866.000 0.596
867.000 0.596
868.000 0.596
869.000 0.597
870.000 0.598
871.000 0.598
872.000 0.598
873.000 0.598
874.000 0.598
875.000 0.598
876.000 0.599
877.000 0.599
878.000 0.600
879.000 0.600
880.000 0.600
881.000 0.600
882.000 0.601
883.000 0.602
884.000 0.602
885.000 0.602
886.000 0.602
887.000 0.603
888.000 0.603
889.000 0.603
890.000 0.603
891.000 0.603
892.000 0.603
893.000 0.603
894.000 0.602
895.000 0.602
896.000 0.601
897.000 0.600
898.000 0.600
899.000 0.600
900.000 0.600
901.000 0.599
902.000 0.601
903.000 0.602
904.000 0.603
905.000 0.603
906.000 0.603
907.000 0.603
908.000 0.603
909.000 0.602
910.000 0.602
911.000 0.602
912.000 0.602
913.000 0.602
914.000 0.602
915.000 0.602
916.000 0.603
917.000 0.603
918.000 0.603
919.000 0.605
920.000 0.607
921.000 0.606
922.000 0.607
923.000 0.607
924.000 0.607
925.000 0.606
926.000 0.605
927.000 0.604
928.000 0.603
929.000 0.601
930.000 0.598
931.000 0.594
932.000 0.592
933.000 0.588
934.000 0.586
935.000 0.585
936.000 0.585
937.000 0.586
938.000 0.587
939.000 0.588
940.000 0.588
941.000 0.587
942.000 0.588
943.000 0.588
944.000 0.586
945.000 0.586
946.000 0.586
947.000 0.585
948.000 0.583
949.000 0.584
950.000 0.585
951.000 0.586
952.000 0.584
953.000 0.584
954.000 0.585
955.000 0.585
956.000 0.585
957.000 0.586
958.000 0.586
959.000 0.585
960.000 0.585
961.000 0.587
962.000 0.590
963.000 0.594
964.000 0.591
965.000 0.591
966.000 0.592
967.000 0.594
968.000 0.593
969.000 0.594
970.000 0.596
971.000 0.596
972.000 0.596
973.000 0.596
974.000 0.596
975.000 0.595
976.000 0.596
977.000 0.598
978.000 0.598
979.000 0.597
980.000 0.599
981.000 0.600
982.000 0.601
983.000 0.601
984.000 0.602
985.000 0.602
986.000 0.602
987.000 0.604
988.000 0.605
989.000 0.607
990.000 0.606
991.000 0.607
992.000 0.610
993.000 0.609
994.000 0.608
995.000 0.610
996.000 0.609
997.000 0.608
998.000 0.610
999.000 0.612
1000.000 0.610
1001.000 0.609
1002.000 0.610
1003.000 0.611
1004.000 0.612
1005.000 0.614
1006.000 0.614
1007.000 0.614
1008.000 0.614
1009.000 0.614
1010.000 0.614
1011.000 0.614
1012.000 0.613
1013.000 0.614
1014.000 0.616
1015.000 0.616
1016.000 0.617
1017.000 0.618
1018.000 0.619
1019.000 0.619
1020.000 0.620
1021.000 0.621
1022.000 0.621
1023.000 0.620
1024.000 0.621
1025.000 0.622
1026.000 0.622
1027.000 0.622
1028.000 0.623
1029.000 0.621
1030.000 0.622
1031.000 0.623
1032.000 0.625
1033.000 0.627
1034.000 0.627
1035.000 0.627
1036.000 0.627
1037.000 0.627
1038.000 0.627
1039.000 0.627
1040.000 0.627
1041.000 0.627
1042.000 0.628
1043.000 0.629
1044.000 0.629
1045.000 0.629
1046.000 0.629
1047.000 0.629
1048.000 0.629
1049.000 0.630
1050.000 0.630
1051.000 0.631
1052.000 0.631
1053.000 0.632
1054.000 0.632
1055.000 0.631
1056.000 0.632
1057.000 0.632
1058.000 0.632
1059.000 0.632
1060.000 0.632
1061.000 0.632
1062.000 0.632
1063.000 0.631
1064.000 0.631
1065.000 0.632
1066.000 0.631
1067.000 0.632
1068.000 0.633
1069.000 0.633
1070.000 0.633
1071.000 0.634
1072.000 0.634
1073.000 0.634
1074.000 0.633
1075.000 0.633
1076.000 0.633
1077.000 0.632
1078.000 0.632
1079.000 0.631
1080.000 0.631
1081.000 0.632
1082.000 0.632
1083.000 0.632
1084.000 0.632
1085.000 0.631
1086.000 0.631
1087.000 0.630
1088.000 0.629
1089.000 0.628
1090.000 0.628
1091.000 0.628
1092.000 0.627
1093.000 0.626
1094.000 0.627
1095.000 0.626
1096.000 0.626
1097.000 0.626
1098.000 0.625
1099.000 0.625
1100.000 0.625
1101.000 0.626
1102.000 0.626
1103.000 0.625
1104.000 0.625
1105.000 0.623
1106.000 0.621
1107.000 0.621
1108.000 0.620
1109.000 0.618
1110.000 0.617
1111.000 0.616
1112.000 0.615
1113.000 0.613
1114.000 0.612
1115.000 0.611
1116.000 0.608
1117.000 0.606
1118.000 0.605
1119.000 0.603
1120.000 0.601
1121.000 0.599
1122.000 0.597
1123.000 0.595
1124.000 0.594
1125.000 0.594
1126.000 0.594
1127.000 0.594
1128.000 0.592
1129.000 0.591
1130.000 0.591
1131.000 0.590
1132.000 0.589
1133.000 0.590
1134.000 0.590
1135.000 0.591
1136.000 0.593
1137.000 0.594
1138.000 0.594
1139.000 0.594
1140.000 0.593
1141.000 0.590
1142.000 0.589
1143.000 0.588
1144.000 0.587
1145.000 0.586
1146.000 0.584
1147.000 0.583
1148.000 0.581
1149.000 0.582
1150.000 0.581
1151.000 0.582
1152.000 0.583
1153.000 0.583
1154.000 0.585
1155.000 0.585
1156.000 0.585
1157.000 0.585
1158.000 0.586
1159.000 0.586
1160.000 0.586
1161.000 0.587
1162.000 0.588
1163.000 0.588
1164.000 0.589
1165.000 0.590
1166.000 0.590
1167.000 0.589
1168.000 0.589
1169.000 0.589
1170.000 0.589
1171.000 0.588
1172.000 0.588
1173.000 0.589
1174.000 0.589
1175.000 0.590
1176.000 0.591
1177.000 0.592
1178.000 0.592
1179.000 0.592
1180.000 0.593
1181.000 0.593
1182.000 0.593
1183.000 0.593
1184.000 0.593
1185.000 0.593
1186.000 0.593
1187.000 0.594
1188.000 0.594
1189.000 0.594
1190.000 0.594
1191.000 0.594
1192.000 0.594
1193.000 0.593
1194.000 0.592
1195.000 0.592
1196.000 0.593
1197.000 0.594
1198.000 0.595
1199.000 0.596
1200.000 0.596
1201.000 0.596
1202.000 0.596
1203.000 0.597
1204.000 0.597
1205.000 0.597
1206.000 0.598
1207.000 0.597
1208.000 0.598
1209.000 0.598
1210.000 0.598
1211.000 0.599
1212.000 0.599
1213.000 0.599
1214.000 0.599
1215.000 0.599
1216.000 0.599
1217.000 0.600
1218.000 0.600
1219.000 0.600
1220.000 0.600
1221.000 0.601
1222.000 0.602
1223.000 0.601
1224.000 0.601
1225.000 0.601
1226.000 0.601
1227.000 0.601
1228.000 0.603
1229.000 0.603
1230.000 0.604
1231.000 0.604
1232.000 0.604
1233.000 0.604
1234.000 0.604
1235.000 0.604
1236.000 0.605
1237.000 0.605
1238.000 0.605
1239.000 0.606
1240.000 0.606
1241.000 0.606
1242.000 0.607
1243.000 0.607
1244.000 0.607
1245.000 0.607
1246.000 0.607
1247.000 0.607
1248.000 0.607
1249.000 0.608
1250.000 0.608
1251.000 0.608
1252.000 0.608
1253.000 0.608
1254.000 0.608
1255.000 0.609
1256.000 0.609
1257.000 0.609
1258.000 0.609
1259.000 0.609
1260.000 0.609
1261.000 0.610
1262.000 0.610
1263.000 0.610
1264.000 0.610
1265.000 0.610
1266.000 0.610
1267.000 0.609
1268.000 0.608
1269.000 0.609
1270.000 0.609
1271.000 0.610
1272.000 0.610
1273.000 0.611
1274.000 0.611
1275.000 0.611
1276.000 0.612
1277.000 0.612
1278.000 0.613
1279.000 0.614
1280.000 0.614
1281.000 0.614
1282.000 0.614
1283.000 0.614
1284.000 0.612
1285.000 0.611
1286.000 0.610
1287.000 0.609
1288.000 0.609
1289.000 0.609
1290.000 0.608
1291.000 0.607
1292.000 0.607
1293.000 0.606
1294.000 0.605
1295.000 0.604
1296.000 0.604
1297.000 0.603
1298.000 0.602
1299.000 0.601
1300.000 0.600
1301.000 0.600
1302.000 0.599
1303.000 0.598
1304.000 0.596
1305.000 0.595
1306.000 0.593
1307.000 0.592
1308.000 0.591
1309.000 0.589
1310.000 0.589
1311.000 0.587
1312.000 0.586
1313.000 0.585
1314.000 0.583
1315.000 0.582
1316.000 0.580
1317.000 0.577
1318.000 0.575
1319.000 0.573
1320.000 0.571
1321.000 0.570
1322.000 0.569
1323.000 0.568
1324.000 0.567
1325.000 0.565
1326.000 0.562
1327.000 0.559
1328.000 0.556
1329.000 0.553
1330.000 0.552
1331.000 0.551
1332.000 0.550
1333.000 0.549
1334.000 0.546
1335.000 0.544
1336.000 0.541
1337.000 0.538
1338.000 0.535
1339.000 0.533
1340.000 0.530
1341.000 0.527
1342.000 0.524
1343.000 0.522
1344.000 0.521
1345.000 0.520
1346.000 0.519
1347.000 0.518
1348.000 0.517
1349.000 0.511
1350.000 0.509
1351.000 0.515
1352.000 0.516
1353.000 0.514
1354.000 0.514
1355.000 0.506
1356.000 0.501
1357.000 0.495
1358.000 0.553
1359.000 0.611
1360.000 0.565
1361.000 0.501
1362.000 0.438
1363.000 0.310
1364.000 0.249
1365.000 0.230
1366.000 0.219
1367.000 0.341
1368.000 0.356
1369.000 0.276
1370.000 0.262
1371.000 0.171
1372.000 0.170
1373.000 0.259
1374.000 0.373
1375.000 0.481
1376.000 0.517
1377.000 0.403
1378.000 0.437
1379.000 0.490
1380.000 0.410
1381.000 0.389
1382.000 0.664
1383.000 0.747
1384.000 0.306
1385.000 0.494
1386.000 0.530
1387.000 0.380
1388.000 0.357
1389.000 0.322
1390.000 0.349
1391.000 0.244
1392.000 0.428
1393.000 0.444
1394.000 0.666
1395.000 0.659
1396.000 0.333
1397.000 0.357
1398.000 0.549
1399.000 0.654
1400.000 0.723
1401.000 0.561
1402.000 0.457
1403.000 0.433
1404.000 0.078
1405.000 0.225
1406.000 0.336
1407.000 0.438
1408.000 0.467
1409.000 0.347
1410.000 0.376
1411.000 0.308
1412.000 0.328
1413.000 0.392
1414.000 0.431
1415.000 0.581
1416.000 0.562
1417.000 0.507
1418.000 0.413
1419.000 0.295
1420.000 0.264
1421.000 0.238
1422.000 0.242
1423.000 0.302
1424.000 0.292
1425.000 0.263
1426.000 0.257
1427.000 0.235
1428.000 0.227
1429.000 0.234
1430.000 0.233
1431.000 0.223
1432.000 0.219
1433.000 0.226
1434.000 0.221
1435.000 0.207
1436.000 0.201
1437.000 0.191
1438.000 0.190
1439.000 0.201
1440.000 0.205
1441.000 0.209
1442.000 0.210
1443.000 0.202
1444.000 0.199
1445.000 0.199
1446.000 0.197
1447.000 0.195
1448.000 0.196
1449.000 0.199
1450.000 0.196
1451.000 0.196
1452.000 0.197
1453.000 0.197
1454.000 0.196
1455.000 0.197
1456.000 0.199
1457.000 0.200
1458.000 0.199
1459.000 0.199
1460.000 0.202
1461.000 0.200
1462.000 0.196
1463.000 0.192
1464.000 0.179
1465.000 0.177
1466.000 0.182
1467.000 0.184
1468.000 0.191
1469.000 0.199
1470.000 0.210
1471.000 0.215
1472.000 0.222
1473.000 0.222
1474.000 0.209
1475.000 0.209
1476.000 0.217
1477.000 0.215
1478.000 0.210
1479.000 0.208
1480.000 0.198
1481.000 0.198
1482.000 0.207
1483.000 0.212
1484.000 0.218
1485.000 0.220
1486.000 0.216
1487.000 0.218
1488.000 0.221
1489.000 0.224
1490.000 0.230
1491.000 0.233
1492.000 0.235
1493.000 0.237
1494.000 0.237
1495.000 0.239
1496.000 0.240
1497.000 0.243
1498.000 0.248
1499.000 0.252
1500.000 0.257
1501.000 0.258
1502.000 0.256
1503.000 0.257
1504.000 0.256
1505.000 0.257
1506.000 0.258
1507.000 0.261
1508.000 0.262
1509.000 0.262
1510.000 0.264
1511.000 0.266
1512.000 0.267
1513.000 0.268
1514.000 0.271
1515.000 0.273
1516.000 0.276
1517.000 0.281
1518.000 0.285
1519.000 0.286
1520.000 0.289
1521.000 0.292
1522.000 0.292
1523.000 0.291
1524.000 0.291
1525.000 0.289
1526.000 0.290
1527.000 0.292
1528.000 0.294
1529.000 0.297
1530.000 0.300
1531.000 0.302
1532.000 0.304
1533.000 0.306
1534.000 0.307
1535.000 0.308
1536.000 0.310
1537.000 0.313
1538.000 0.316
1539.000 0.320
1540.000 0.322
1541.000 0.323
1542.000 0.325
1543.000 0.324
1544.000 0.325
1545.000 0.328
1546.000 0.331
1547.000 0.332
1548.000 0.334
1549.000 0.335
1550.000 0.335
1551.000 0.336
1552.000 0.337
1553.000 0.337
1554.000 0.339
1555.000 0.342
1556.000 0.344
1557.000 0.347
1558.000 0.349
1559.000 0.349
1560.000 0.350
1561.000 0.351
1562.000 0.352
1563.000 0.354
1564.000 0.356
1565.000 0.356
1566.000 0.357
1567.000 0.356
1568.000 0.356
1569.000 0.356
1570.000 0.358
1571.000 0.361
1572.000 0.363
1573.000 0.365
1574.000 0.368
1575.000 0.370
1576.000 0.372
1577.000 0.373
1578.000 0.375
1579.000 0.375
1580.000 0.375
1581.000 0.376
1582.000 0.377
1583.000 0.380
1584.000 0.380
1585.000 0.380
1586.000 0.381
1587.000 0.383
1588.000 0.384
1589.000 0.388
1590.000 0.389
1591.000 0.390
1592.000 0.391
1593.000 0.391
1594.000 0.391
1595.000 0.389
1596.000 0.389
1597.000 0.389
1598.000 0.391
1599.000 0.395
1600.000 0.397
1601.000 0.401
1602.000 0.402
1603.000 0.402
1604.000 0.402
1605.000 0.399
1606.000 0.398
1607.000 0.399
1608.000 0.401
1609.000 0.402
1610.000 0.404
1611.000 0.404
1612.000 0.405
1613.000 0.407
1614.000 0.408
1615.000 0.410
1616.000 0.411
1617.000 0.410
1618.000 0.411
1619.000 0.411
1620.000 0.412
1621.000 0.413
1622.000 0.415
1623.000 0.416
1624.000 0.417
1625.000 0.417
1626.000 0.418
1627.000 0.420
1628.000 0.421
1629.000 0.422
1630.000 0.423
1631.000 0.420
1632.000 0.419
1633.000 0.419
1634.000 0.420
1635.000 0.424
1636.000 0.426
1637.000 0.428
1638.000 0.430
1639.000 0.429
1640.000 0.429
1641.000 0.430
1642.000 0.430
1643.000 0.429
1644.000 0.429
1645.000 0.431
1646.000 0.431
1647.000 0.432
1648.000 0.433
1649.000 0.431
1650.000 0.431
1651.000 0.433
1652.000 0.435
1653.000 0.437
1654.000 0.438
1655.000 0.436
1656.000 0.436
1657.000 0.430
1658.000 0.429
1659.000 0.431
1660.000 0.432
1661.000 0.435
1662.000 0.436
1663.000 0.437
1664.000 0.437
1665.000 0.439
1666.000 0.439
1667.000 0.436
1668.000 0.436
1669.000 0.435
1670.000 0.436
1671.000 0.439
1672.000 0.440
1673.000 0.441
1674.000 0.442
1675.000 0.440
1676.000 0.439
1677.000 0.438
1678.000 0.438
1679.000 0.438
1680.000 0.439
1681.000 0.441
1682.000 0.442
1683.000 0.444
1684.000 0.445
1685.000 0.445
1686.000 0.445
1687.000 0.445
1688.000 0.445
1689.000 0.446
1690.000 0.446
1691.000 0.447
1692.000 0.446
1693.000 0.444
1694.000 0.442
1695.000 0.438
1696.000 0.438
1697.000 0.438
1698.000 0.438
1699.000 0.440
1700.000 0.440
1701.000 0.439
1702.000 0.440
1703.000 0.440
1704.000 0.440
1705.000 0.443
1706.000 0.445
1707.000 0.445
1708.000 0.446
1709.000 0.444
1710.000 0.441
1711.000 0.438
1712.000 0.435
1713.000 0.437
1714.000 0.438
1715.000 0.439
1716.000 0.438
1717.000 0.436
1718.000 0.433
1719.000 0.432
1720.000 0.432
1721.000 0.430
1722.000 0.429
1723.000 0.427
1724.000 0.426
1725.000 0.424
1726.000 0.423
1727.000 0.423
1728.000 0.427
1729.000 0.426
1730.000 0.427
1731.000 0.429
1732.000 0.425
1733.000 0.424
1734.000 0.426
1735.000 0.423
1736.000 0.421
1737.000 0.418
1738.000 0.413
1739.000 0.410
1740.000 0.408
1741.000 0.407
1742.000 0.410
1743.000 0.409
1744.000 0.409
1745.000 0.407
1746.000 0.402
1747.000 0.402
1748.000 0.406
1749.000 0.406
1750.000 0.407
1751.000 0.407
1752.000 0.402
1753.000 0.401
1754.000 0.403
1755.000 0.403
1756.000 0.402
1757.000 0.400
1758.000 0.397
1759.000 0.395
1760.000 0.393
1761.000 0.389
1762.000 0.390
1763.000 0.390
1764.000 0.390
1765.000 0.397
1766.000 0.400
1767.000 0.402
1768.000 0.405
1769.000 0.395
1770.000 0.388
1771.000 0.382
1772.000 0.372
1773.000 0.370
1774.000 0.368
1775.000 0.368
1776.000 0.369
1777.000 0.371
1778.000 0.373
1779.000 0.370
1780.000 0.367
1781.000 0.369
1782.000 0.367
1783.000 0.373
1784.000 0.381
1785.000 0.379
1786.000 0.381
1787.000 0.374
1788.000 0.371
1789.000 0.376
1790.000 0.376
1791.000 0.374
1792.000 0.376
1793.000 0.368
1794.000 0.353
1795.000 0.347
1796.000 0.348
1797.000 0.360
1798.000 0.372
1799.000 0.385
1800.000 0.402
1801.000 0.468
1802.000 0.481
1803.000 0.495
1804.000 0.463
1805.000 0.458
1806.000 0.410
1807.000 0.388
1808.000 0.416
1809.000 0.405
1810.000 0.344
1811.000 0.325
1812.000 0.309
1813.000 0.306
1814.000 0.364
1815.000 0.421
1816.000 0.502
1817.000 0.573
1818.000 0.801
1819.000 0.747
1820.000 0.583
1821.000 0.331
1822.000 0.155
1823.000 0.237
1824.000 0.348
1825.000 0.495
1826.000 0.608
1827.000 0.508
1828.000 0.417
1829.000 0.342
1830.000 0.248
1831.000 0.195
1832.000 0.280
1833.000 0.299
1834.000 0.238
1835.000 0.273
1836.000 0.237
1837.000 0.216
1838.000 0.230
1839.000 0.391
1840.000 0.523
1841.000 0.612
1842.000 0.386
1843.000 0.477
1844.000 0.461
1845.000 0.644
1846.000 0.739
1847.000 0.628
1848.000 0.697
1849.000 0.455
1850.000 0.541
1851.000 0.303
1852.000 0.389
1853.000 0.424
1854.000 0.388
1855.000 0.459
1856.000 0.397
1857.000 0.343
1858.000 0.372
1859.000 0.427
1860.000 0.522
1861.000 0.581
1862.000 0.649
1863.000 0.642
1864.000 0.553
1865.000 0.491
1866.000 0.567
1867.000 0.713
1868.000 0.556
1869.000 0.469
1870.000 0.472
1871.000 0.373
1872.000 0.187
1873.000 0.224
1874.000 0.239
1875.000 0.308
1876.000 0.298
1877.000 0.297
1878.000 0.265
1879.000 0.363
1880.000 0.406
1881.000 0.603
1882.000 0.754
1883.000 0.782
1884.000 0.790
1885.000 0.664
1886.000 0.636
1887.000 0.649
1888.000 0.629
1889.000 0.629
1890.000 0.614
1891.000 0.702
1892.000 0.714
1893.000 0.544
1894.000 0.553
1895.000 0.788
1896.000 0.691
1897.000 0.470
1898.000 0.359
1899.000 0.343
1900.000 0.202
1901.000 0.303
1902.000 0.343
1903.000 0.409
1904.000 0.403
1905.000 0.351
1906.000 0.306
1907.000 0.441
1908.000 0.505
1909.000 0.480
1910.000 0.461
1911.000 0.509
1912.000 0.468
1913.000 0.401
1914.000 0.435
1915.000 0.564
1916.000 0.573
1917.000 0.561
1918.000 0.462
1919.000 0.415
1920.000 0.448
1921.000 0.393
1922.000 0.409
1923.000 0.325
1924.000 0.321
1925.000 0.353
1926.000 0.540
1927.000 0.555
1928.000 0.471
1929.000 0.398
1930.000 0.365
1931.000 0.409
1932.000 0.673
1933.000 0.678
1934.000 0.840
1935.000 0.771
1936.000 0.665
1937.000 0.584
1938.000 0.574
1939.000 0.562
1940.000 0.558
1941.000 0.517
1942.000 0.488
1943.000 0.338
1944.000 0.378
1945.000 0.500
1946.000 0.215
1947.000 0.394
1948.000 0.639
1949.000 0.261
1950.000 0.319
1951.000 0.415
1952.000 0.537
1953.000 0.606
1954.000 0.714
1955.000 0.455
1956.000 0.300
1957.000 0.315
1958.000 0.213
1959.000 0.210
1960.000 0.248
1961.000 0.290
1962.000 0.310
1963.000 0.291
1964.000 0.298
1965.000 0.375
1966.000 0.469
1967.000 0.386
1968.000 0.358
1969.000 0.276
1970.000 0.200
1971.000 0.199
1972.000 0.200
1973.000 0.184
1974.000 0.243
1975.000 0.218
1976.000 0.250
1977.000 0.258
1978.000 0.250
1979.000 0.241
1980.000 0.237
1981.000 0.223
1982.000 0.218
1983.000 0.227
1984.000 0.229
1985.000 0.219
1986.000 0.211
1987.000 0.198
1988.000 0.194
1989.000 0.196
1990.000 0.193
1991.000 0.193
1992.000 0.183
1993.000 0.178
1994.000 0.188
1995.000 0.213
1996.000 0.226
1997.000 0.218
1998.000 0.211
1999.000 0.191
2000.000 0.158
2001.000 0.156
2002.000 0.159
2003.000 0.165
2004.000 0.219
2005.000 0.255
2006.000 0.419
2007.000 0.512
2008.000 0.306
2009.000 0.474
2010.000 0.403
2011.000 0.458
2012.000 0.334
2013.000 0.248
2014.000 0.228
2015.000 0.181
2016.000 0.157
2017.000 0.221
2018.000 0.243
2019.000 0.237
2020.000 0.307
2021.000 0.338
2022.000 0.292
2023.000 0.289
2024.000 0.249
2025.000 0.191
2026.000 0.167
2027.000 0.165
2028.000 0.176
2029.000 0.183
2030.000 0.211
2031.000 0.211
2032.000 0.186
2033.000 0.176
2034.000 0.160
2035.000 0.162
2036.000 0.161
2037.000 0.185
2038.000 0.198
2039.000 0.195
2040.000 0.206
2041.000 0.194
2042.000 0.192
2043.000 0.191
2044.000 0.195
2045.000 0.207
2046.000 0.210
2047.000 0.210
2048.000 0.216
2049.000 0.224
2050.000 0.213
2051.000 0.237
2052.000 0.274
2053.000 0.250
2054.000 0.239
2055.000 0.205
2056.000 0.177
2057.000 0.170
2058.000 0.168
2059.000 0.171
2060.000 0.188
2061.000 0.199
2062.000 0.220
2063.000 0.232
2064.000 0.241
2065.000 0.251
2066.000 0.267
2067.000 0.247
2068.000 0.242
2069.000 0.233
2070.000 0.226
2071.000 0.227
2072.000 0.226
2073.000 0.233
2074.000 0.231
2075.000 0.218
2076.000 0.212
2077.000 0.204
2078.000 0.203
2079.000 0.208
2080.000 0.214
2081.000 0.226
2082.000 0.231
2083.000 0.238
2084.000 0.234
2085.000 0.235
2086.000 0.236
2087.000 0.237
2088.000 0.246
2089.000 0.242
2090.000 0.226
2091.000 0.224
2092.000 0.217
2093.000 0.217
2094.000 0.234
2095.000 0.237
2096.000 0.231
2097.000 0.232
2098.000 0.233
2099.000 0.231
2100.000 0.236
2101.000 0.245
2102.000 0.246
2103.000 0.246
2104.000 0.247
2105.000 0.247
2106.000 0.250
2107.000 0.254
2108.000 0.256
2109.000 0.262
2110.000 0.265
2111.000 0.266
2112.000 0.266
2113.000 0.265
2114.000 0.263
2115.000 0.261
2116.000 0.257
2117.000 0.250
2118.000 0.242
2119.000 0.235
2120.000 0.229
2121.000 0.235
2122.000 0.239
2123.000 0.247
2124.000 0.269
2125.000 0.273
2126.000 0.274
2127.000 0.273
2128.000 0.263
2129.000 0.257
2130.000 0.251
2131.000 0.246
2132.000 0.237
2133.000 0.236
2134.000 0.241
2135.000 0.245
2136.000 0.254
2137.000 0.259
2138.000 0.257
2139.000 0.261
2140.000 0.254
2141.000 0.250
2142.000 0.247
2143.000 0.237
2144.000 0.242
2145.000 0.263
2146.000 0.270
2147.000 0.285
2148.000 0.288
2149.000 0.273
2150.000 0.267
2151.000 0.258
2152.000 0.259
2153.000 0.270
2154.000 0.278
2155.000 0.298
2156.000 0.312
2157.000 0.300
2158.000 0.295
2159.000 0.291
2160.000 0.277
2161.000 0.271
2162.000 0.271
2163.000 0.268
2164.000 0.260
2165.000 0.263
2166.000 0.277
2167.000 0.279
2168.000 0.278
2169.000 0.278
2170.000 0.266
2171.000 0.268
2172.000 0.284
2173.000 0.290
2174.000 0.300
2175.000 0.303
2176.000 0.299
2177.000 0.288
2178.000 0.284
2179.000 0.279
2180.000 0.273
2181.000 0.271
2182.000 0.270
2183.000 0.265
2184.000 0.268
2185.000 0.281
2186.000 0.284
2187.000 0.290
2188.000 0.294
2189.000 0.291
2190.000 0.293
2191.000 0.308
2192.000 0.306
2193.000 0.294
2194.000 0.290
2195.000 0.281
2196.000 0.277
2197.000 0.280
2198.000 0.281
2199.000 0.283
2200.000 0.283
2201.000 0.287
2202.000 0.289
2203.000 0.280
2204.000 0.279
2205.000 0.266
2206.000 0.257
2207.000 0.266
2208.000 0.270
2209.000 0.273
2210.000 0.283
2211.000 0.289
2212.000 0.293
2213.000 0.291
2214.000 0.289
2215.000 0.286
2216.000 0.270
2217.000 0.269
2218.000 0.283
2219.000 0.284
2220.000 0.281
2221.000 0.281
2222.000 0.271
2223.000 0.269
2224.000 0.275
2225.000 0.276
2226.000 0.273
2227.000 0.279
2228.000 0.285
2229.000 0.290
2230.000 0.289
2231.000 0.292
2232.000 0.290
2233.000 0.287
2234.000 0.287
2235.000 0.278
2236.000 0.277
2237.000 0.277
2238.000 0.285
2239.000 0.312
2240.000 0.324
2241.000 0.341
2242.000 0.341
2243.000 0.313
2244.000 0.305
2245.000 0.297
2246.000 0.287
2247.000 0.282
2248.000 0.282
2249.000 0.281
2250.000 0.279
2251.000 0.287
2252.000 0.286
2253.000 0.273
2254.000 0.268
2255.000 0.269
2256.000 0.269
2257.000 0.263
2258.000 0.272
2259.000 0.277
2260.000 0.281
2261.000 0.301
2262.000 0.301
2263.000 0.298
2264.000 0.284
2265.000 0.260
2266.000 0.240
2267.000 0.218
2268.000 0.214
2269.000 0.217
2270.000 0.218
2271.000 0.229
2272.000 0.251
2273.000 0.254
2274.000 0.241
2275.000 0.237
2276.000 0.219
2277.000 0.219
2278.000 0.234
2279.000 0.239
2280.000 0.254
2281.000 0.258
2282.000 0.245
2283.000 0.247
2284.000 0.254
2285.000 0.245
2286.000 0.230
2287.000 0.225
2288.000 0.209
2289.000 0.205
2290.000 0.217
2291.000 0.227
2292.000 0.246
2293.000 0.260
2294.000 0.278
2295.000 0.286
2296.000 0.274
2297.000 0.278
2298.000 0.258
2299.000 0.243
2300.000 0.230
2301.000 0.210
2302.000 0.222
2303.000 0.221
2304.000 0.197
2305.000 0.178
2306.000 0.160
2307.000 0.159
2308.000 0.173
2309.000 0.186
2310.000 0.212
2311.000 0.239
2312.000 0.248
2313.000 0.279
2314.000 0.291
2315.000 0.270
2316.000 0.251
2317.000 0.233
2318.000 0.205
2319.000 0.184
2320.000 0.197
2321.000 0.206
2322.000 0.206
2323.000 0.231
2324.000 0.227
2325.000 0.212
2326.000 0.212
2327.000 0.219
2328.000 0.220
2329.000 0.226
2330.000 0.249
2331.000 0.281
2332.000 0.309
2333.000 0.357
2334.000 0.379
2335.000 0.375
2336.000 0.365
2337.000 0.358
2338.000 0.358
2339.000 0.344
2340.000 0.322
2341.000 0.291
2342.000 0.277
2343.000 0.230
2344.000 0.236
2345.000 0.214
2346.000 0.248
2347.000 0.400
2348.000 0.352
2349.000 0.194
2350.000 0.171
2351.000 0.151
2352.000 0.170
2353.000 0.232
2354.000 0.266
2355.000 0.227
2356.000 0.227
2357.000 0.269
2358.000 0.214
2359.000 0.191
2360.000 0.169
2361.000 0.153
2362.000 0.164
2363.000 0.177
2364.000 0.234
2365.000 0.271
2366.000 0.250
2367.000 0.225
2368.000 0.233
2369.000 0.206
2370.000 0.352
2371.000 0.333
2372.000 0.320
2373.000 0.267
2374.000 0.580
2375.000 0.311
2376.000 0.405
2377.000 0.253
2378.000 0.286
2379.000 0.558
2380.000 0.547
2381.000 0.507
2382.000 0.283
2383.000 0.249
2384.000 0.151
2385.000 0.163
2386.000 0.226
2387.000 0.232
2388.000 0.245
2389.000 0.325
2390.000 0.264
2391.000 0.226
2392.000 0.293
2393.000 0.369
2394.000 0.447
2395.000 0.408
2396.000 0.334
2397.000 0.400
2398.000 0.404
2399.000 0.289
2400.000 0.155
2401.000 0.483
2402.000 0.414
2403.000 0.237
2404.000 0.196
2405.000 0.290
2406.000 0.267
2407.000 0.353
2408.000 0.584
2409.000 0.325
2410.000 0.351
2411.000 0.386
2412.000 0.378
2413.000 0.296
2414.000 0.379
2415.000 0.356
2416.000 0.313
2417.000 0.390
2418.000 0.646
2419.000 0.392
2420.000 0.326
2421.000 0.273
2422.000 0.080
2423.000 0.198
2424.000 0.437
2425.000 0.197
2426.000 0.161
2427.000 0.151
2428.000 0.616
2429.000 0.585
2430.000 0.444
2431.000 0.147
2432.000 0.331
2433.000 0.486
2434.000 0.632
2435.000 0.260
2436.000 0.073
2437.000 0.209
2438.000 0.287
2439.000 0.392
2440.000 0.503
2441.000 0.597
2442.000 0.539
2443.000 0.509
2444.000 0.367
2445.000 0.375
2446.000 0.354
2447.000 0.137
2448.000 0.207
2449.000 0.336
2450.000 0.070
2451.000 0.181
2452.000 0.212
2453.000 0.192
2454.000 0.218
2455.000 0.225
2456.000 0.160
2457.000 0.242
2458.000 0.290
2459.000 0.372
2460.000 0.465
2461.000 0.156
2462.000 0.118
2463.000 0.150
2464.000 0.090
2465.000 0.177
2466.000 0.238
2467.000 0.293
2468.000 0.506
2469.000 0.636
2470.000 0.719
2471.000 0.540
2472.000 0.380
2473.000 0.291
2474.000 0.321
2475.000 0.509
2476.000 0.467
2477.000 0.281
2478.000 0.466
2479.000 0.383
2480.000 0.652
2481.000 0.532
2482.000 0.377
2483.000 0.299
2484.000 0.187
2485.000 0.292
2486.000 0.417
2487.000 0.325
2488.000 0.506
2489.000 0.479
2490.000 0.512
2491.000 0.637
2492.000 0.500
2493.000 0.492
2494.000 0.448
2495.000 0.365
2496.000 0.411
2497.000 0.281
2498.000 0.238
2499.000 0.168
2500.000 0.120
