391.000 0.022
392.000 0.023
393.000 0.022
394.000 0.021
395.000 0.022
396.000 0.023
397.000 0.023
398.000 0.023
399.000 0.022
400.000 0.022
401.000 0.022
402.000 0.022
403.000 0.022
404.000 0.023
405.000 0.021
406.000 0.023
407.000 0.025
408.000 0.024
409.000 0.024
410.000 0.022
411.000 0.021
412.000 0.022
413.000 0.022
414.000 0.022
415.000 0.022
416.000 0.022
417.000 0.022
418.000 0.021
419.000 0.022
420.000 0.023
421.000 0.023
422.000 0.023
423.000 0.022
424.000 0.022
425.000 0.021
426.000 0.021
427.000 0.023
428.000 0.023
429.000 0.023
430.000 0.023
431.000 0.023
432.000 0.023
433.000 0.022
434.000 0.023
435.000 0.024
436.000 0.023
437.000 0.023
438.000 0.022
439.000 0.023
440.000 0.023
441.000 0.024
442.000 0.023
443.000 0.024
444.000 0.023
445.000 0.023
446.000 0.023
447.000 0.023
448.000 0.023
449.000 0.024
450.000 0.022
451.000 0.023
452.000 0.024
453.000 0.022
454.000 0.022
455.000 0.023
456.000 0.023
457.000 0.024
458.000 0.024
459.000 0.024
460.000 0.025
461.000 0.024
462.000 0.023
463.000 0.023
464.000 0.025
465.000 0.024
466.000 0.023
467.000 0.024
468.000 0.023
469.000 0.024
470.000 0.024
471.000 0.023
472.000 0.023
473.000 0.024
474.000 0.024
475.000 0.024
476.000 0.023
477.000 0.024
478.000 0.025
479.000 0.024
480.000 0.024
481.000 0.024
482.000 0.024
483.000 0.024
484.000 0.024
485.000 0.025
486.000 0.025
487.000 0.025
488.000 0.025
489.000 0.026
490.000 0.025
491.000 0.025
492.000 0.026
493.000 0.025
494.000 0.025
495.000 0.026
496.000 0.025
497.000 0.026
498.000 0.026
499.000 0.026
500.000 0.026
501.000 0.026
502.000 0.027
503.000 0.028
504.000 0.028
505.000 0.029
506.000 0.029
507.000 0.028
508.000 0.029
509.000 0.030
510.000 0.031
511.000 0.032
512.000 0.031
513.000 0.033
514.000 0.034
515.000 0.035
516.000 0.036
517.000 0.037
518.000 0.038
519.000 0.039
520.000 0.041
521.000 0.043
522.000 0.045
523.000 0.046
524.000 0.047
525.000 0.048
526.000 0.049
527.000 0.050
528.000 0.052
529.000 0.053
530.000 0.054
531.000 0.055
532.000 0.057
533.000 0.057
534.000 0.057
535.000 0.059
536.000 0.059
537.000 0.059
538.000 0.060
539.000 0.061
540.000 0.061
541.000 0.061
542.000 0.062
543.000 0.062
544.000 0.062
545.000 0.062
546.000 0.062
547.000 0.062
548.000 0.063
549.000 0.063
550.000 0.063
551.000 0.064
552.000 0.063
553.000 0.063
554.000 0.063
555.000 0.062
556.000 0.062
557.000 0.062
558.000 0.062
559.000 0.061
560.000 0.061
561.000 0.060
562.000 0.060
563.000 0.059
564.000 0.058
565.000 0.058
566.000 0.057
567.000 0.056
568.000 0.055
569.000 0.054
570.000 0.053
571.000 0.052
572.000 0.051
573.000 0.051
574.000 0.050
575.000 0.050
576.000 0.049
577.000 0.048
578.000 0.047
579.000 0.046
580.000 0.046
581.000 0.046
582.000 0.045
583.000 0.044
584.000 0.044
585.000 0.044
586.000 0.044
587.000 0.043
588.000 0.042
589.000 0.042
590.000 0.042
591.000 0.042
592.000 0.041
593.000 0.040
594.000 0.041
595.000 0.041
596.000 0.041
597.000 0.041
598.000 0.041
599.000 0.040
600.000 0.041
601.000 0.041
602.000 0.040
603.000 0.040
604.000 0.040
605.000 0.040
606.000 0.039
607.000 0.039
608.000 0.039
609.000 0.039
610.000 0.039
611.000 0.038
612.000 0.038
613.000 0.038
614.000 0.038
615.000 0.038
616.000 0.038
617.000 0.037
618.000 0.037
619.000 0.037
620.000 0.037
621.000 0.036
622.000 0.036
623.000 0.036
624.000 0.036
625.000 0.037
626.000 0.037
627.000 0.037
628.000 0.036
629.000 0.036
630.000 0.036
631.000 0.037
632.000 0.036
633.000 0.036
634.000 0.037
635.000 0.036
636.000 0.036
637.000 0.036
638.000 0.036
639.000 0.035
640.000 0.034
641.000 0.035
642.000 0.035
643.000 0.034
644.000 0.033
645.000 0.033
646.000 0.033
647.000 0.034
648.000 0.033
649.000 0.033
650.000 0.033
651.000 0.032
652.000 0.031
653.000 0.032
654.000 0.032
655.000 0.033
656.000 0.032
657.000 0.032
658.000 0.032
659.000 0.034
660.000 0.032
661.000 0.031
662.000 0.032
663.000 0.032
664.000 0.032
665.000 0.033
666.000 0.032
667.000 0.033
668.000 0.033
669.000 0.033
670.000 0.033
671.000 0.033
672.000 0.033
673.000 0.032
674.000 0.033
675.000 0.034
676.000 0.033
677.000 0.033
678.000 0.034
679.000 0.035
680.000 0.035
681.000 0.037
682.000 0.037
683.000 0.037
684.000 0.038
685.000 0.038
686.000 0.039
687.000 0.040
688.000 0.042
689.000 0.042
690.000 0.042
691.000 0.044
692.000 0.046
693.000 0.048
694.000 0.051
695.000 0.054
696.000 0.057
697.000 0.060
698.000 0.064
699.000 0.068
700.000 0.072
701.000 0.078
702.000 0.083
703.000 0.087
704.000 0.092
705.000 0.097
706.000 0.102
707.000 0.107
708.000 0.112
709.000 0.117
710.000 0.123
711.000 0.128
712.000 0.134
713.000 0.140
714.000 0.145
715.000 0.151
716.000 0.157
717.000 0.164
718.000 0.171
719.000 0.179
720.000 0.186
721.000 0.192
722.000 0.198
723.000 0.204
724.000 0.211
725.000 0.218
726.000 0.225
727.000 0.232
728.000 0.238
729.000 0.245
730.000 0.251
731.000 0.257
732.000 0.262
733.000 0.268
734.000 0.273
735.000 0.278
736.000 0.283
737.000 0.288
738.000 0.293
739.000 0.297
740.000 0.301
741.000 0.305
742.000 0.309
743.000 0.313
744.000 0.316
745.000 0.319
746.000 0.323
747.000 0.325
748.000 0.328
749.000 0.330
750.000 0.332
751.000 0.335
752.000 0.337
753.000 0.339
754.000 0.340
755.000 0.342
756.000 0.344
757.000 0.345
758.000 0.346
759.000 0.347
760.000 0.350
761.000 0.355
762.000 0.357
763.000 0.357
764.000 0.358
765.000 0.357
766.000 0.356
767.000 0.356
768.000 0.356
769.000 0.356
770.000 0.356
771.000 0.357
772.000 0.358
773.000 0.358
774.000 0.359
775.000 0.359
776.000 0.360
777.000 0.360
778.000 0.361
779.000 0.361
780.000 0.362
781.000 0.362
782.000 0.363
783.000 0.363
784.000 0.364
785.000 0.364
786.000 0.364
787.000 0.365
788.000 0.366
789.000 0.366
790.000 0.367
791.000 0.367
792.000 0.367
793.000 0.367
794.000 0.368
795.000 0.368
796.000 0.369
797.000 0.370
798.000 0.370
799.000 0.370
800.000 0.371
801.000 0.371
802.000 0.372
803.000 0.372
804.000 0.372
805.000 0.373
806.000 0.373
807.000 0.373
808.000 0.374
809.000 0.374
810.000 0.375
811.000 0.375
812.000 0.376
813.000 0.377
814.000 0.377
815.000 0.378
816.000 0.378
817.000 0.378
818.000 0.379
819.000 0.379
820.000 0.379
821.000 0.379
822.000 0.380
823.000 0.380
824.000 0.381
825.000 0.381
826.000 0.381
827.000 0.381
828.000 0.382
829.000 0.382
830.000 0.382
831.000 0.382
832.000 0.383
833.000 0.383
834.000 0.383
835.000 0.383
836.000 0.384
837.000 0.384
838.000 0.384
839.000 0.385
840.000 0.384
841.000 0.385
842.000 0.385
843.000 0.385
844.000 0.386
845.000 0.386
846.000 0.386
847.000 0.387
848.000 0.387
849.000 0.387
850.000 0.388
851.000 0.388
852.000 0.388
853.000 0.389
854.000 0.389
855.000 0.389
856.000 0.389
857.000 0.389
858.000 0.389
859.000 0.390
860.000 0.390
861.000 0.390
862.000 0.390
863.000 0.390
864.000 0.391
865.000 0.391
866.000 0.392
867.000 0.392
868.000 0.392
869.000 0.392
870.000 0.393
871.000 0.393
872.000 0.393
873.000 0.393
874.000 0.394
875.000 0.394
876.000 0.394
877.000 0.395
878.000 0.395
879.000 0.395
880.000 0.396
881.000 0.396
882.000 0.396
883.000 0.396
884.000 0.396
885.000 0.397
886.000 0.397
887.000 0.397
888.000 0.398
889.000 0.398
890.000 0.398
891.000 0.398
892.000 0.398
893.000 0.399
894.000 0.400
895.000 0.400
896.000 0.400
897.000 0.401
898.000 0.401
899.000 0.402
900.000 0.402
901.000 0.402
902.000 0.403
903.000 0.403
904.000 0.402
905.000 0.402
906.000 0.403
907.000 0.404
908.000 0.403
909.000 0.403
910.000 0.404
911.000 0.404
912.000 0.405
913.000 0.404
914.000 0.404
915.000 0.405
916.000 0.406
917.000 0.406
918.000 0.406
919.000 0.406
920.000 0.405
921.000 0.405
922.000 0.405
923.000 0.406
924.000 0.406
925.000 0.406
926.000 0.405
927.000 0.405
928.000 0.405
929.000 0.404
930.000 0.404
931.000 0.404
932.000 0.401
933.000 0.400
934.000 0.400
935.000 0.399
936.000 0.400
937.000 0.398
938.000 0.397
939.000 0.397
940.000 0.399
941.000 0.397
942.000 0.397
943.000 0.399
944.000 0.397
945.000 0.397
946.000 0.397
947.000 0.396
948.000 0.397
949.000 0.395
950.000 0.393
951.000 0.393
952.000 0.394
953.000 0.396
954.000 0.395
955.000 0.391
956.000 0.393
957.000 0.396
958.000 0.395
959.000 0.391
960.000 0.391
961.000 0.393
962.000 0.392
963.000 0.390
964.000 0.393
965.000 0.394
966.000 0.394
967.000 0.393
968.000 0.393
969.000 0.393
970.000 0.393
971.000 0.393
972.000 0.394
973.000 0.394
974.000 0.393
975.000 0.393
976.000 0.394
977.000 0.394
978.000 0.394
979.000 0.394
980.000 0.394
981.000 0.394
982.000 0.395
983.000 0.396
984.000 0.395
985.000 0.395
986.000 0.395
987.000 0.396
988.000 0.396
989.000 0.395
990.000 0.395
991.000 0.396
992.000 0.396
993.000 0.397
994.000 0.398
995.000 0.398
996.000 0.398
997.000 0.399
998.000 0.399
999.000 0.399
1000.000 0.399
1001.000 0.405
1002.000 0.406
1003.000 0.407
1004.000 0.408
1005.000 0.409
1006.000 0.410
1007.000 0.410
1008.000 0.410
1009.000 0.410
1010.000 0.410
1011.000 0.411
1012.000 0.412
1013.000 0.412
1014.000 0.412
1015.000 0.412
1016.000 0.413
1017.000 0.413
1018.000 0.414
1019.000 0.414
1020.000 0.414
1021.000 0.415
1022.000 0.415
1023.000 0.416
1024.000 0.417
1025.000 0.418
1026.000 0.418
1027.000 0.419
1028.000 0.420
1029.000 0.420
1030.000 0.421
1031.000 0.421
1032.000 0.422
1033.000 0.423
1034.000 0.424
1035.000 0.424
1036.000 0.424
1037.000 0.424
1038.000 0.425
1039.000 0.425
1040.000 0.426
1041.000 0.427
1042.000 0.428
1043.000 0.428
1044.000 0.428
1045.000 0.428
1046.000 0.429
1047.000 0.429
1048.000 0.430
1049.000 0.431
1050.000 0.431
1051.000 0.431
1052.000 0.431
1053.000 0.431
1054.000 0.431
1055.000 0.432
1056.000 0.432
1057.000 0.433
1058.000 0.434
1059.000 0.434
1060.000 0.434
1061.000 0.435
1062.000 0.436
1063.000 0.436
1064.000 0.436
1065.000 0.437
1066.000 0.437
1067.000 0.437
1068.000 0.437
1069.000 0.437
1070.000 0.438
1071.000 0.438
1072.000 0.439
1073.000 0.439
1074.000 0.440
1075.000 0.440
1076.000 0.440
1077.000 0.440
1078.000 0.439
1079.000 0.440
1080.000 0.440
1081.000 0.440
1082.000 0.441
1083.000 0.441
1084.000 0.441
1085.000 0.441
1086.000 0.441
1087.000 0.441
1088.000 0.442
1089.000 0.442
1090.000 0.443
1091.000 0.443
1092.000 0.444
1093.000 0.444
1094.000 0.444
1095.000 0.444
1096.000 0.444
1097.000 0.444
1098.000 0.444
1099.000 0.444
1100.000 0.444
1101.000 0.444
1102.000 0.443
1103.000 0.443
1104.000 0.443
1105.000 0.443
1106.000 0.443
1107.000 0.444
1108.000 0.445
1109.000 0.445
1110.000 0.445
1111.000 0.445
1112.000 0.444
1113.000 0.444
1114.000 0.443
1115.000 0.442
1116.000 0.441
1117.000 0.440
1118.000 0.439
1119.000 0.438
1120.000 0.437
1121.000 0.437
1122.000 0.437
1123.000 0.436
1124.000 0.437
1125.000 0.435
1126.000 0.430
1127.000 0.430
1128.000 0.429
1129.000 0.429
1130.000 0.429
1131.000 0.429
1132.000 0.425
1133.000 0.423
1134.000 0.422
1135.000 0.422
1136.000 0.424
1137.000 0.425
1138.000 0.424
1139.000 0.422
1140.000 0.421
1141.000 0.418
1142.000 0.417
1143.000 0.417
1144.000 0.416
1145.000 0.415
1146.000 0.414
1147.000 0.412
1148.000 0.410
1149.000 0.407
1150.000 0.404
1151.000 0.403
1152.000 0.400
1153.000 0.399
1154.000 0.398
1155.000 0.396
1156.000 0.396
1157.000 0.395
1158.000 0.395
1159.000 0.396
1160.000 0.396
1161.000 0.396
1162.000 0.394
1163.000 0.394
1164.000 0.394
1165.000 0.394
1166.000 0.394
1167.000 0.394
1168.000 0.395
1169.000 0.394
1170.000 0.394
1171.000 0.393
1172.000 0.392
1173.000 0.393
1174.000 0.392
1175.000 0.392
1176.000 0.392
1177.000 0.392
1178.000 0.392
1179.000 0.392
1180.000 0.392
1181.000 0.393
1182.000 0.392
1183.000 0.391
1184.000 0.391
1185.000 0.391
1186.000 0.391
1187.000 0.392
1188.000 0.392
1189.000 0.391
1190.000 0.391
1191.000 0.391
1192.000 0.391
1193.000 0.391
1194.000 0.392
1195.000 0.392
1196.000 0.391
1197.000 0.392
1198.000 0.393
1199.000 0.393
1200.000 0.393
1201.000 0.393
1202.000 0.393
1203.000 0.393
1204.000 0.393
1205.000 0.393
1206.000 0.393
1207.000 0.394
1208.000 0.394
1209.000 0.394
1210.000 0.394
1211.000 0.395
1212.000 0.395
1213.000 0.395
1214.000 0.395
1215.000 0.396
1216.000 0.396
1217.000 0.397
1218.000 0.397
1219.000 0.397
1220.000 0.398
1221.000 0.399
1222.000 0.399
1223.000 0.399
1224.000 0.399
1225.000 0.400
1226.000 0.401
1227.000 0.401
1228.000 0.401
1229.000 0.401
1230.000 0.402
1231.000 0.402
1232.000 0.402
1233.000 0.403
1234.000 0.404
1235.000 0.405
1236.000 0.405
1237.000 0.405
1238.000 0.405
1239.000 0.406
1240.000 0.406
1241.000 0.407
1242.000 0.407
1243.000 0.407
1244.000 0.408
1245.000 0.408
1246.000 0.409
1247.000 0.409
1248.000 0.410
1249.000 0.410
1250.000 0.410
1251.000 0.411
1252.000 0.412
1253.000 0.412
1254.000 0.413
1255.000 0.413
1256.000 0.413
1257.000 0.414
1258.000 0.414
1259.000 0.414
1260.000 0.416
1261.000 0.416
1262.000 0.417
1263.000 0.417
1264.000 0.418
1265.000 0.418
1266.000 0.418
1267.000 0.418
1268.000 0.418
1269.000 0.419
1270.000 0.419
1271.000 0.418
1272.000 0.418
1273.000 0.417
1274.000 0.417
1275.000 0.417
1276.000 0.417
1277.000 0.417
1278.000 0.417
1279.000 0.417
1280.000 0.417
1281.000 0.417
1282.000 0.417
1283.000 0.417
1284.000 0.417
1285.000 0.416
1286.000 0.416
1287.000 0.416
1288.000 0.416
1289.000 0.417
1290.000 0.416
1291.000 0.416
1292.000 0.416
1293.000 0.415
1294.000 0.415
1295.000 0.415
1296.000 0.414
1297.000 0.413
1298.000 0.413
1299.000 0.413
1300.000 0.413
1301.000 0.412
1302.000 0.411
1303.000 0.411
1304.000 0.410
1305.000 0.409
1306.000 0.409
1307.000 0.407
1308.000 0.406
1309.000 0.405
1310.000 0.405
1311.000 0.404
1312.000 0.403
1313.000 0.402
1314.000 0.401
1315.000 0.399
1316.000 0.398
1317.000 0.397
1318.000 0.396
1319.000 0.395
1320.000 0.395
1321.000 0.394
1322.000 0.394
1323.000 0.393
1324.000 0.391
1325.000 0.391
1326.000 0.389
1327.000 0.387
1328.000 0.386
1329.000 0.384
1330.000 0.382
1331.000 0.381
1332.000 0.381
1333.000 0.379
1334.000 0.375
1335.000 0.373
1336.000 0.370
1337.000 0.369
1338.000 0.368
1339.000 0.367
1340.000 0.367
1341.000 0.366
1342.000 0.365
1343.000 0.363
1344.000 0.361
1345.000 0.360
1346.000 0.357
1347.000 0.355
1348.000 0.354
1349.000 0.356
1350.000 0.355
1351.000 0.354
1352.000 0.354
1353.000 0.341
1354.000 0.339
1355.000 0.395
1356.000 0.452
1357.000 0.449
1358.000 0.559
1359.000 0.588
1360.000 0.592
1361.000 0.629
1362.000 0.586
1363.000 0.562
1364.000 0.557
1365.000 0.327
1366.000 0.481
1367.000 0.627
1368.000 0.771
1369.000 0.567
1370.000 0.624
1371.000 0.495
1372.000 0.363
1373.000 0.283
1374.000 0.371
1375.000 0.477
1376.000 0.578
1377.000 0.627
1378.000 0.552
1379.000 0.623
1380.000 0.545
1381.000 0.371
1382.000 0.556
1383.000 0.361
1384.000 0.432
1385.000 0.368
1386.000 0.246
1387.000 0.281
1388.000 0.358
1389.000 0.241
1390.000 0.208
1391.000 0.209
1392.000 0.404
1393.000 0.309
1394.000 0.361
1395.000 0.427
1396.000 0.440
1397.000 0.308
1398.000 0.292
1399.000 0.324
1400.000 0.377
1401.000 0.550
1402.000 0.568
1403.000 0.469
1404.000 0.432
1405.000 0.386
1406.000 0.368
1407.000 0.374
1408.000 0.367
1409.000 0.281
1410.000 0.310
1411.000 0.331
1412.000 0.356
1413.000 0.427
1414.000 0.395
1415.000 0.339
1416.000 0.338
1417.000 0.370
1418.000 0.318
1419.000 0.344
1420.000 0.334
1421.000 0.254
1422.000 0.228
1423.000 0.263
1424.000 0.244
1425.000 0.207
1426.000 0.198
1427.000 0.232
1428.000 0.206
1429.000 0.221
1430.000 0.234
1431.000 0.186
1432.000 0.178
1433.000 0.197
1434.000 0.207
1435.000 0.234
1436.000 0.228
1437.000 0.239
1438.000 0.246
1439.000 0.210
1440.000 0.191
1441.000 0.177
1442.000 0.159
1443.000 0.140
1444.000 0.145
1445.000 0.150
1446.000 0.151
1447.000 0.154
1448.000 0.156
1449.000 0.146
1450.000 0.147
1451.000 0.149
1452.000 0.136
1453.000 0.136
1454.000 0.137
1455.000 0.133
1456.000 0.125
1457.000 0.128
1458.000 0.129
1459.000 0.127
1460.000 0.134
1461.000 0.136
1462.000 0.143
1463.000 0.142
1464.000 0.140
1465.000 0.143
1466.000 0.144
1467.000 0.148
1468.000 0.150
1469.000 0.151
1470.000 0.149
1471.000 0.146
1472.000 0.145
1473.000 0.142
1474.000 0.138
1475.000 0.136
1476.000 0.137
1477.000 0.134
1478.000 0.134
1479.000 0.135
1480.000 0.133
1481.000 0.133
1482.000 0.136
1483.000 0.138
1484.000 0.139
1485.000 0.140
1486.000 0.142
1487.000 0.142
1488.000 0.140
1489.000 0.139
1490.000 0.138
1491.000 0.138
1492.000 0.140
1493.000 0.142
1494.000 0.143
1495.000 0.145
1496.000 0.146
1497.000 0.148
1498.000 0.150
1499.000 0.153
1500.000 0.153
1501.000 0.153
1502.000 0.153
1503.000 0.151
1504.000 0.152
1505.000 0.154
1506.000 0.156
1507.000 0.160
1508.000 0.162
1509.000 0.164
1510.000 0.165
1511.000 0.165
1512.000 0.166
1513.000 0.166
1514.000 0.167
1515.000 0.168
1516.000 0.169
1517.000 0.171
1518.000 0.172
1519.000 0.174
1520.000 0.175
1521.000 0.175
1522.000 0.176
1523.000 0.177
1524.000 0.179
1525.000 0.180
1526.000 0.181
1527.000 0.181
1528.000 0.182
1529.000 0.184
1530.000 0.185
1531.000 0.186
1532.000 0.187
1533.000 0.187
1534.000 0.188
1535.000 0.189
1536.000 0.190
1537.000 0.192
1538.000 0.193
1539.000 0.194
1540.000 0.194
1541.000 0.195
1542.000 0.195
1543.000 0.197
1544.000 0.198
1545.000 0.199
1546.000 0.200
1547.000 0.201
1548.000 0.202
1549.000 0.203
1550.000 0.204
1551.000 0.205
1552.000 0.206
1553.000 0.208
1554.000 0.210
1555.000 0.210
1556.000 0.211
1557.000 0.212
1558.000 0.213
1559.000 0.215
1560.000 0.216
1561.000 0.217
1562.000 0.218
1563.000 0.218
1564.000 0.218
1565.000 0.219
1566.000 0.219
1567.000 0.220
1568.000 0.221
1569.000 0.222
1570.000 0.223
1571.000 0.224
1572.000 0.225
1573.000 0.225
1574.000 0.226
1575.000 0.227
1576.000 0.228
1577.000 0.230
1578.000 0.231
1579.000 0.231
1580.000 0.232
1581.000 0.232
1582.000 0.232
1583.000 0.234
1584.000 0.234
1585.000 0.235
1586.000 0.236
1587.000 0.237
1588.000 0.238
1589.000 0.239
1590.000 0.239
1591.000 0.240
1592.000 0.240
1593.000 0.241
1594.000 0.242
1595.000 0.244
1596.000 0.245
1597.000 0.245
1598.000 0.246
1599.000 0.245
1600.000 0.245
1601.000 0.245
1602.000 0.246
1603.000 0.247
1604.000 0.248
1605.000 0.251
1606.000 0.251
1607.000 0.251
1608.000 0.251
1609.000 0.251
1610.000 0.252
1611.000 0.253
1612.000 0.253
1613.000 0.254
1614.000 0.255
1615.000 0.257
1616.000 0.257
1617.000 0.257
1618.000 0.258
1619.000 0.258
1620.000 0.259
1621.000 0.260
1622.000 0.261
1623.000 0.260
1624.000 0.259
1625.000 0.259
1626.000 0.260
1627.000 0.261
1628.000 0.262
1629.000 0.263
1630.000 0.264
1631.000 0.264
1632.000 0.265
1633.000 0.266
1634.000 0.267
1635.000 0.266
1636.000 0.266
1637.000 0.266
1638.000 0.266
1639.000 0.267
1640.000 0.267
1641.000 0.268
1642.000 0.268
1643.000 0.270
1644.000 0.270
1645.000 0.271
1646.000 0.271
1647.000 0.271
1648.000 0.271
1649.000 0.271
1650.000 0.271
1651.000 0.271
1652.000 0.272
1653.000 0.271
1654.000 0.272
1655.000 0.271
1656.000 0.271
1657.000 0.272
1658.000 0.272
1659.000 0.272
1660.000 0.272
1661.000 0.271
1662.000 0.271
1663.000 0.272
1664.000 0.272
1665.000 0.273
1666.000 0.273
1667.000 0.272
1668.000 0.272
1669.000 0.273
1670.000 0.273
1671.000 0.273
1672.000 0.273
1673.000 0.272
1674.000 0.272
1675.000 0.273
1676.000 0.274
1677.000 0.274
1678.000 0.274
1679.000 0.274
1680.000 0.274
1681.000 0.273
1682.000 0.273
1683.000 0.272
1684.000 0.271
1685.000 0.272
1686.000 0.272
1687.000 0.270
1688.000 0.270
1689.000 0.271
1690.000 0.271
1691.000 0.271
1692.000 0.271
1693.000 0.271
1694.000 0.270
1695.000 0.270
1696.000 0.269
1697.000 0.268
1698.000 0.267
1699.000 0.266
1700.000 0.266
1701.000 0.266
1702.000 0.267
1703.000 0.266
1704.000 0.266
1705.000 0.267
1706.000 0.267
1707.000 0.267
1708.000 0.267
1709.000 0.266
1710.000 0.264
1711.000 0.262
1712.000 0.262
1713.000 0.261
1714.000 0.261
1715.000 0.263
1716.000 0.264
1717.000 0.264
1718.000 0.265
1719.000 0.266
1720.000 0.266
1721.000 0.266
1722.000 0.263
1723.000 0.262
1724.000 0.261
1725.000 0.260
1726.000 0.259
1727.000 0.258
1728.000 0.259
1729.000 0.258
1730.000 0.257
1731.000 0.257
1732.000 0.255
1733.000 0.253
1734.000 0.254
1735.000 0.255
1736.000 0.257
1737.000 0.257
1738.000 0.255
1739.000 0.253
1740.000 0.249
1741.000 0.248
1742.000 0.249
1743.000 0.250
1744.000 0.253
1745.000 0.253
1746.000 0.251
1747.000 0.250
1748.000 0.248
1749.000 0.246
1750.000 0.246
1751.000 0.245
1752.000 0.243
1753.000 0.243
1754.000 0.242
1755.000 0.242
1756.000 0.242
1757.000 0.242
1758.000 0.239
1759.000 0.241
1760.000 0.239
1761.000 0.237
1762.000 0.238
1763.000 0.236
1764.000 0.235
1765.000 0.238
1766.000 0.239
1767.000 0.239
1768.000 0.238
1769.000 0.236
1770.000 0.232
1771.000 0.229
1772.000 0.229
1773.000 0.229
1774.000 0.232
1775.000 0.234
1776.000 0.237
1777.000 0.240
1778.000 0.239
1779.000 0.238
1780.000 0.235
1781.000 0.231
1782.000 0.229
1783.000 0.226
1784.000 0.226
1785.000 0.223
1786.000 0.221
1787.000 0.224
1788.000 0.221
1789.000 0.217
1790.000 0.213
1791.000 0.199
1792.000 0.201
1793.000 0.208
1794.000 0.208
1795.000 0.219
1796.000 0.221
1797.000 0.209
1798.000 0.194
1799.000 0.184
1800.000 0.190
1801.000 0.340
1802.000 0.374
1803.000 0.389
1804.000 0.440
1805.000 0.502
1806.000 0.543
1807.000 0.593
1808.000 0.728
1809.000 0.592
1810.000 0.557
1811.000 0.482
1812.000 0.583
1813.000 0.461
1814.000 0.447
1815.000 0.507
1816.000 0.602
1817.000 0.659
1818.000 0.684
1819.000 0.579
1820.000 0.511
1821.000 0.483
1822.000 0.497
1823.000 0.446
1824.000 0.498
1825.000 0.512
1826.000 0.566
1827.000 0.624
1828.000 0.573
1829.000 0.434
1830.000 0.309
1831.000 0.252
1832.000 0.188
1833.000 0.276
1834.000 0.329
1835.000 0.146
1836.000 0.091
1837.000 0.073
1838.000 0.088
1839.000 0.190
1840.000 0.055
1841.000 0.266
1842.000 0.484
1843.000 0.355
1844.000 0.317
1845.000 0.318
1846.000 0.273
1847.000 0.275
1848.000 0.298
1849.000 0.344
1850.000 0.394
1851.000 0.595
1852.000 0.377
1853.000 0.544
1854.000 0.541
1855.000 0.444
1856.000 0.569
1857.000 0.561
1858.000 0.389
1859.000 0.543
1860.000 0.515
1861.000 0.393
1862.000 0.288
1863.000 0.273
1864.000 0.232
1865.000 0.205
1866.000 0.292
1867.000 0.428
1868.000 0.584
1869.000 0.430
1870.000 0.492
1871.000 0.582
1872.000 0.466
1873.000 0.413
1874.000 0.398
1875.000 0.461
1876.000 0.527
1877.000 0.638
1878.000 0.701
1879.000 0.663
1880.000 0.615
1881.000 0.576
1882.000 0.623
1883.000 0.588
1884.000 0.574
1885.000 0.619
1886.000 0.579
1887.000 0.406
1888.000 0.462
1889.000 0.387
1890.000 0.460
1891.000 0.674
1892.000 0.620
1893.000 0.576
1894.000 0.543
1895.000 0.406
1896.000 0.637
1897.000 0.572
1898.000 0.532
1899.000 0.680
1900.000 0.486
1901.000 0.337
1902.000 0.574
1903.000 0.474
1904.000 0.451
1905.000 0.354
1906.000 0.253
1907.000 0.264
1908.000 0.293
1909.000 0.335
1910.000 0.412
1911.000 0.443
1912.000 0.538
1913.000 0.586
1914.000 0.643
1915.000 0.795
1916.000 0.637
1917.000 0.495
1918.000 0.450
1919.000 0.466
1920.000 0.590
1921.000 0.570
1922.000 0.458
1923.000 0.382
1924.000 0.434
1925.000 0.516
1926.000 0.504
1927.000 0.653
1928.000 0.577
1929.000 0.567
1930.000 0.483
1931.000 0.504
1932.000 0.568
1933.000 0.512
1934.000 0.457
1935.000 0.399
1936.000 0.499
1937.000 0.507
1938.000 0.502
1939.000 0.399
1940.000 0.506
1941.000 0.463
1942.000 0.414
1943.000 0.406
1944.000 0.321
1945.000 0.342
1946.000 0.449
1947.000 0.401
1948.000 0.229
1949.000 0.250
1950.000 0.201
1951.000 0.283
1952.000 0.404
1953.000 0.602
1954.000 0.465
1955.000 0.488
1956.000 0.480
1957.000 0.497
1958.000 0.590
1959.000 0.464
1960.000 0.312
1961.000 0.323
1962.000 0.330
1963.000 0.288
1964.000 0.317
1965.000 0.265
1966.000 0.288
1967.000 0.277
1968.000 0.258
1969.000 0.269
1970.000 0.212
1971.000 0.143
1972.000 0.112
1973.000 0.104
1974.000 0.084
1975.000 0.081
1976.000 0.084
1977.000 0.091
1978.000 0.101
1979.000 0.103
1980.000 0.114
1981.000 0.110
1982.000 0.100
1983.000 0.092
1984.000 0.082
1985.000 0.083
1986.000 0.088
1987.000 0.085
1988.000 0.081
1989.000 0.084
1990.000 0.082
1991.000 0.077
1992.000 0.083
1993.000 0.090
1994.000 0.114
1995.000 0.129
1996.000 0.131
1997.000 0.141
1998.000 0.134
1999.000 0.143
2000.000 0.215
2001.000 0.223
2002.000 0.193
2003.000 0.228
2004.000 0.186
2005.000 0.185
2006.000 0.199
2007.000 0.285
2008.000 0.302
2009.000 0.241
2010.000 0.180
2011.000 0.255
2012.000 0.281
2013.000 0.216
2014.000 0.183
2015.000 0.148
2016.000 0.150
2017.000 0.151
2018.000 0.149
2019.000 0.151
2020.000 0.143
2021.000 0.128
2022.000 0.128
2023.000 0.123
2024.000 0.115
2025.000 0.113
2026.000 0.108
2027.000 0.105
2028.000 0.103
2029.000 0.099
2030.000 0.092
2031.000 0.092
2032.000 0.105
2033.000 0.104
2034.000 0.107
2035.000 0.106
2036.000 0.098
2037.000 0.089
2038.000 0.086
2039.000 0.091
2040.000 0.095
2041.000 0.108
2042.000 0.112
2043.000 0.120
2044.000 0.129
2045.000 0.128
2046.000 0.134
2047.000 0.143
2048.000 0.146
2049.000 0.154
2050.000 0.149
2051.000 0.141
2052.000 0.134
2053.000 0.120
2054.000 0.127
2055.000 0.139
2056.000 0.138
2057.000 0.141
2058.000 0.141
2059.000 0.143
2060.000 0.151
2061.000 0.147
2062.000 0.137
2063.000 0.131
2064.000 0.120
2065.000 0.116
2066.000 0.113
2067.000 0.118
2068.000 0.121
2069.000 0.126
2070.000 0.135
2071.000 0.136
2072.000 0.135
2073.000 0.132
2074.000 0.132
2075.000 0.129
2076.000 0.131
2077.000 0.143
2078.000 0.148
2079.000 0.151
2080.000 0.153
2081.000 0.152
2082.000 0.147
2083.000 0.144
2084.000 0.139
2085.000 0.129
2086.000 0.117
2087.000 0.112
2088.000 0.111
2089.000 0.112
2090.000 0.120
2091.000 0.126
2092.000 0.131
2093.000 0.135
2094.000 0.136
2095.000 0.137
2096.000 0.137
2097.000 0.140
2098.000 0.143
2099.000 0.146
2100.000 0.147
2101.000 0.150
2102.000 0.146
2103.000 0.142
2104.000 0.138
2105.000 0.133
2106.000 0.131
2107.000 0.131
2108.000 0.134
2109.000 0.143
2110.000 0.149
2111.000 0.155
2112.000 0.154
2113.000 0.143
2114.000 0.140
2115.000 0.143
2116.000 0.143
2117.000 0.147
2118.000 0.155
2119.000 0.154
2120.000 0.150
2121.000 0.154
2122.000 0.156
2123.000 0.157
2124.000 0.155
2125.000 0.155
2126.000 0.155
2127.000 0.154
2128.000 0.151
2129.000 0.150
2130.000 0.144
2131.000 0.143
2132.000 0.145
2133.000 0.148
2134.000 0.156
2135.000 0.159
2136.000 0.162
2137.000 0.164
2138.000 0.166
2139.000 0.164
2140.000 0.163
2141.000 0.153
2142.000 0.152
2143.000 0.153
2144.000 0.154
2145.000 0.160
2146.000 0.161
2147.000 0.163
2148.000 0.163
2149.000 0.163
2150.000 0.164
2151.000 0.166
2152.000 0.165
2153.000 0.165
2154.000 0.163
2155.000 0.160
2156.000 0.155
2157.000 0.157
2158.000 0.162
2159.000 0.171
2160.000 0.174
2161.000 0.173
2162.000 0.172
2163.000 0.173
2164.000 0.171
2165.000 0.165
2166.000 0.163
2167.000 0.165
2168.000 0.165
2169.000 0.164
2170.000 0.161
2171.000 0.162
2172.000 0.157
2173.000 0.161
2174.000 0.165
2175.000 0.166
2176.000 0.165
2177.000 0.165
2178.000 0.163
2179.000 0.155
2180.000 0.157
2181.000 0.162
2182.000 0.162
2183.000 0.167
2184.000 0.168
2185.000 0.174
2186.000 0.176
2187.000 0.177
2188.000 0.174
2189.000 0.174
2190.000 0.176
2191.000 0.179
2192.000 0.177
2193.000 0.173
2194.000 0.174
2195.000 0.177
2196.000 0.176
2197.000 0.176
2198.000 0.178
2199.000 0.177
2200.000 0.175
2201.000 0.172
2202.000 0.176
2203.000 0.168
2204.000 0.166
2205.000 0.167
2206.000 0.167
2207.000 0.167
2208.000 0.165
2209.000 0.163
2210.000 0.159
2211.000 0.156
2212.000 0.153
2213.000 0.152
2214.000 0.152
2215.000 0.155
2216.000 0.161
2217.000 0.163
2218.000 0.166
2219.000 0.167
2220.000 0.166
2221.000 0.166
2222.000 0.166
2223.000 0.166
2224.000 0.167
2225.000 0.169
2226.000 0.174
2227.000 0.172
2228.000 0.171
2229.000 0.167
2230.000 0.159
2231.000 0.155
2232.000 0.159
2233.000 0.158
2234.000 0.158
2235.000 0.159
2236.000 0.155
2237.000 0.155
2238.000 0.158
2239.000 0.161
2240.000 0.163
2241.000 0.171
2242.000 0.171
2243.000 0.165
2244.000 0.166
2245.000 0.167
2246.000 0.168
2247.000 0.173
2248.000 0.173
2249.000 0.171
2250.000 0.169
2251.000 0.165
2252.000 0.161
2253.000 0.154
2254.000 0.150
2255.000 0.154
2256.000 0.154
2257.000 0.152
2258.000 0.164
2259.000 0.170
2260.000 0.164
2261.000 0.165
2262.000 0.162
2263.000 0.156
2264.000 0.151
2265.000 0.149
2266.000 0.143
2267.000 0.144
2268.000 0.150
2269.000 0.151
2270.000 0.154
2271.000 0.148
2272.000 0.141
2273.000 0.140
2274.000 0.142
2275.000 0.144
2276.000 0.150
2277.000 0.155
2278.000 0.157
2279.000 0.158
2280.000 0.161
2281.000 0.160
2282.000 0.155
2283.000 0.155
2284.000 0.156
2285.000 0.155
2286.000 0.157
2287.000 0.154
2288.000 0.142
2289.000 0.139
2290.000 0.139
2291.000 0.137
2292.000 0.145
2293.000 0.146
2294.000 0.144
2295.000 0.139
2296.000 0.128
2297.000 0.120
2298.000 0.113
2299.000 0.132
2300.000 0.141
2301.000 0.121
2302.000 0.127
2303.000 0.118
2304.000 0.109
2305.000 0.108
2306.000 0.108
2307.000 0.126
2308.000 0.148
2309.000 0.160
2310.000 0.152
2311.000 0.143
2312.000 0.127
2313.000 0.126
2314.000 0.141
2315.000 0.152
2316.000 0.160
2317.000 0.159
2318.000 0.151
2319.000 0.173
2320.000 0.176
2321.000 0.197
2322.000 0.199
2323.000 0.174
2324.000 0.162
2325.000 0.150
2326.000 0.142
2327.000 0.150
2328.000 0.141
2329.000 0.131
2330.000 0.137
2331.000 0.144
2332.000 0.141
2333.000 0.129
2334.000 0.124
2335.000 0.115
2336.000 0.107
2337.000 0.104
2338.000 0.109
2339.000 0.125
2340.000 0.127
2341.000 0.151
2342.000 0.152
2343.000 0.125
2344.000 0.128
2345.000 0.125
2346.000 0.111
2347.000 0.097
2348.000 0.106
2349.000 0.109
2350.000 0.141
2351.000 0.156
2352.000 0.167
2353.000 0.148
2354.000 0.146
2355.000 0.170
2356.000 0.162
2357.000 0.157
2358.000 0.172
2359.000 0.138
2360.000 0.134
2361.000 0.178
2362.000 0.213
2363.000 0.157
2364.000 0.148
2365.000 0.129
2366.000 0.101
2367.000 0.158
2368.000 0.202
2369.000 0.207
2370.000 0.201
2371.000 0.248
2372.000 0.238
2373.000 0.236
2374.000 0.261
2375.000 0.142
2376.000 0.313
2377.000 0.311
2378.000 0.300
2379.000 0.251
2380.000 0.195
2381.000 0.158
2382.000 0.179
2383.000 0.129
2384.000 0.189
2385.000 0.283
2386.000 0.327
2387.000 0.077
2388.000 0.312
2389.000 0.187
2390.000 0.189
2391.000 0.178
2392.000 0.263
2393.000 0.254
2394.000 0.264
2395.000 0.230
2396.000 0.154
2397.000 0.100
2398.000 0.070
2399.000 0.131
2400.000 0.195
2401.000 0.094
2402.000 0.120
2403.000 0.213
2404.000 0.233
2405.000 0.226
2406.000 0.242
2407.000 0.334
2408.000 0.370
2409.000 0.333
2410.000 0.322
2411.000 0.395
2412.000 0.483
2413.000 0.389
2414.000 0.441
2415.000 0.486
2416.000 0.542
2417.000 0.310
2418.000 0.394
2419.000 0.305
2420.000 0.349
2421.000 0.375
2422.000 0.363
2423.000 0.318
2424.000 0.299
2425.000 0.295
2426.000 0.210
2427.000 0.272
2428.000 0.195
2429.000 0.205
2430.000 0.154
2431.000 0.213
2432.000 0.231
2433.000 0.199
2434.000 0.222
2435.000 0.220
2436.000 0.431
2437.000 0.640
2438.000 0.521
2439.000 0.222
2440.000 0.354
2441.000 0.354
2442.000 0.375
2443.000 0.294
2444.000 0.238
2445.000 0.187
2446.000 0.360
2447.000 0.445
2448.000 0.424
2449.000 0.211
2450.000 0.365
2451.000 0.294
2452.000 0.292
2453.000 0.425
2454.000 0.442
2455.000 0.423
2456.000 0.340
2457.000 0.365
2458.000 0.382
2459.000 0.388
2460.000 0.747
2461.000 0.501
2462.000 0.494
2463.000 0.332
2464.000 0.356
2465.000 0.386
2466.000 0.249
2467.000 0.370
2468.000 0.186
2469.000 0.108
2470.000 0.182
2471.000 0.576
2472.000 0.563
2473.000 0.416
2474.000 0.214
2475.000 0.366
2476.000 0.458
2477.000 0.378
2478.000 0.437
2479.000 0.376
2480.000 0.333
2481.000 0.400
2482.000 0.235
2483.000 0.388
2484.000 0.286
2485.000 0.225
2486.000 0.189
2487.000 0.167
2488.000 0.170
2489.000 0.287
2490.000 0.273
2491.000 0.585
2492.000 0.746
2493.000 0.393
2494.000 0.172
2495.000 0.249
2496.000 0.246
2497.000 0.277
2498.000 0.354
2499.000 0.578
2500.000 0.543
