391.000 0.056
392.000 0.055
393.000 0.043
394.000 0.044
395.000 0.053
396.000 0.054
397.000 0.047
398.000 0.048
399.000 0.048
400.000 0.047
401.000 0.046
402.000 0.047
403.000 0.048
404.000 0.047
405.000 0.044
406.000 0.048
407.000 0.047
408.000 0.043
409.000 0.044
410.000 0.046
411.000 0.048
412.000 0.047
413.000 0.048
414.000 0.047
415.000 0.045
416.000 0.046
417.000 0.045
418.000 0.045
419.000 0.046
420.000 0.046
421.000 0.044
422.000 0.044
423.000 0.044
424.000 0.045
425.000 0.044
426.000 0.043
427.000 0.047
428.000 0.046
429.000 0.043
430.000 0.042
431.000 0.044
432.000 0.045
433.000 0.045
434.000 0.043
435.000 0.043
436.000 0.043
437.000 0.044
438.000 0.046
439.000 0.045
440.000 0.044
441.000 0.044
442.000 0.044
443.000 0.042
444.000 0.042
445.000 0.044
446.000 0.042
447.000 0.043
448.000 0.044
449.000 0.044
450.000 0.044
451.000 0.044
452.000 0.043
453.000 0.042
454.000 0.043
455.000 0.044
456.000 0.043
457.000 0.045
458.000 0.044
459.000 0.043
460.000 0.042
461.000 0.043
462.000 0.045
463.000 0.046
464.000 0.043
465.000 0.041
466.000 0.043
467.000 0.044
468.000 0.044
469.000 0.044
470.000 0.044
471.000 0.045
472.000 0.044
473.000 0.043
474.000 0.043
475.000 0.043
476.000 0.044
477.000 0.044
478.000 0.042
479.000 0.043
480.000 0.044
481.000 0.045
482.000 0.044
483.000 0.043
484.000 0.043
485.000 0.043
486.000 0.044
487.000 0.044
488.000 0.045
489.000 0.046
490.000 0.046
491.000 0.045
492.000 0.043
493.000 0.043
494.000 0.043
495.000 0.044
496.000 0.045
497.000 0.045
498.000 0.045
499.000 0.047
500.000 0.048
501.000 0.046
502.000 0.047
503.000 0.050
504.000 0.051
505.000 0.051
506.000 0.051
507.000 0.053
508.000 0.054
509.000 0.054
510.000 0.055
511.000 0.058
512.000 0.060
513.000 0.060
514.000 0.061
515.000 0.065
516.000 0.067
517.000 0.069
518.000 0.071
519.000 0.074
520.000 0.077
521.000 0.081
522.000 0.082
523.000 0.085
524.000 0.088
525.000 0.091
526.000 0.093
527.000 0.095
528.000 0.097
529.000 0.100
530.000 0.103
531.000 0.105
532.000 0.106
533.000 0.107
534.000 0.109
535.000 0.110
536.000 0.112
537.000 0.113
538.000 0.114
539.000 0.115
540.000 0.115
541.000 0.116
542.000 0.116
543.000 0.116
544.000 0.117
545.000 0.117
546.000 0.117
547.000 0.117
548.000 0.118
549.000 0.118
550.000 0.118
551.000 0.118
552.000 0.118
553.000 0.118
554.000 0.118
555.000 0.117
556.000 0.117
557.000 0.117
558.000 0.116
559.000 0.115
560.000 0.114
561.000 0.113
562.000 0.111
563.000 0.110
564.000 0.109
565.000 0.107
566.000 0.105
567.000 0.103
568.000 0.101
569.000 0.099
570.000 0.097
571.000 0.096
572.000 0.094
573.000 0.093
574.000 0.091
575.000 0.089
576.000 0.088
577.000 0.087
578.000 0.086
579.000 0.084
580.000 0.083
581.000 0.082
582.000 0.081
583.000 0.080
584.000 0.080
585.000 0.079
586.000 0.078
587.000 0.077
588.000 0.076
589.000 0.076
590.000 0.075
591.000 0.074
592.000 0.074
593.000 0.074
594.000 0.073
595.000 0.072
596.000 0.072
597.000 0.071
598.000 0.072
599.000 0.072
600.000 0.072
601.000 0.071
602.000 0.071
603.000 0.071
604.000 0.070
605.000 0.068
606.000 0.069
607.000 0.069
608.000 0.068
609.000 0.068
610.000 0.068
611.000 0.068
612.000 0.067
613.000 0.067
614.000 0.065
615.000 0.064
616.000 0.064
617.000 0.064
618.000 0.064
619.000 0.063
620.000 0.062
621.000 0.062
622.000 0.062
623.000 0.062
624.000 0.062
625.000 0.061
626.000 0.062
627.000 0.062
628.000 0.062
629.000 0.062
630.000 0.061
631.000 0.062
632.000 0.062
633.000 0.061
634.000 0.061
635.000 0.061
636.000 0.061
637.000 0.060
638.000 0.061
639.000 0.059
640.000 0.057
641.000 0.056
642.000 0.055
643.000 0.055
644.000 0.054
645.000 0.055
646.000 0.055
647.000 0.055
648.000 0.053
649.000 0.054
650.000 0.055
651.000 0.053
652.000 0.051
653.000 0.051
654.000 0.053
655.000 0.055
656.000 0.054
657.000 0.053
658.000 0.053
659.000 0.053
660.000 0.052
661.000 0.052
662.000 0.053
663.000 0.052
664.000 0.052
665.000 0.051
666.000 0.050
667.000 0.053
668.000 0.054
669.000 0.053
670.000 0.056
671.000 0.054
672.000 0.053
673.000 0.053
674.000 0.055
675.000 0.057
676.000 0.057
677.000 0.057
678.000 0.058
679.000 0.059
680.000 0.061
681.000 0.060
682.000 0.061
683.000 0.063
684.000 0.065
685.000 0.066
686.000 0.068
687.000 0.070
688.000 0.072
689.000 0.075
690.000 0.076
691.000 0.078
692.000 0.081
693.000 0.085
694.000 0.090
695.000 0.096
696.000 0.102
697.000 0.108
698.000 0.115
699.000 0.125
700.000 0.133
701.000 0.143
702.000 0.152
703.000 0.161
704.000 0.171
705.000 0.181
706.000 0.190
707.000 0.200
708.000 0.210
709.000 0.219
710.000 0.229
711.000 0.239
712.000 0.249
713.000 0.260
714.000 0.270
715.000 0.280
716.000 0.290
717.000 0.301
718.000 0.312
719.000 0.323
720.000 0.335
721.000 0.345
722.000 0.354
723.000 0.363
724.000 0.373
725.000 0.383
726.000 0.393
727.000 0.402
728.000 0.410
729.000 0.419
730.000 0.427
731.000 0.434
732.000 0.441
733.000 0.448
734.000 0.455
735.000 0.461
736.000 0.467
737.000 0.472
738.000 0.477
739.000 0.482
740.000 0.487
741.000 0.491
742.000 0.495
743.000 0.499
744.000 0.502
745.000 0.505
746.000 0.508
747.000 0.511
748.000 0.514
749.000 0.516
750.000 0.518
751.000 0.520
752.000 0.522
753.000 0.524
754.000 0.526
755.000 0.527
756.000 0.528
757.000 0.530
758.000 0.531
759.000 0.532
760.000 0.533
761.000 0.535
762.000 0.536
763.000 0.537
764.000 0.538
765.000 0.538
766.000 0.539
767.000 0.540
768.000 0.540
769.000 0.541
770.000 0.541
771.000 0.542
772.000 0.543
773.000 0.543
774.000 0.544
775.000 0.544
776.000 0.545
777.000 0.545
778.000 0.546
779.000 0.547
780.000 0.547
781.000 0.547
782.000 0.548
783.000 0.548
784.000 0.549
785.000 0.549
786.000 0.550
787.000 0.550
788.000 0.551
789.000 0.551
790.000 0.552
791.000 0.553
792.000 0.553
793.000 0.553
794.000 0.554
795.000 0.554
796.000 0.554
797.000 0.555
798.000 0.555
799.000 0.556
800.000 0.556
801.000 0.557
802.000 0.557
803.000 0.558
804.000 0.558
805.000 0.558
806.000 0.559
807.000 0.559
808.000 0.559
809.000 0.560
810.000 0.561
811.000 0.561
812.000 0.562
813.000 0.562
814.000 0.563
815.000 0.563
816.000 0.564
817.000 0.564
818.000 0.565
819.000 0.565
820.000 0.565
821.000 0.565
822.000 0.566
823.000 0.566
824.000 0.567
825.000 0.567
826.000 0.567
827.000 0.567
828.000 0.568
829.000 0.569
830.000 0.568
831.000 0.569
832.000 0.569
833.000 0.570
834.000 0.570
835.000 0.570
836.000 0.570
837.000 0.571
838.000 0.571
839.000 0.571
840.000 0.572
841.000 0.572
842.000 0.573
843.000 0.573
844.000 0.573
845.000 0.573
846.000 0.574
847.000 0.574
848.000 0.575
849.000 0.575
850.000 0.575
851.000 0.575
852.000 0.576
853.000 0.576
854.000 0.577
855.000 0.577
856.000 0.577
857.000 0.577
858.000 0.578
859.000 0.578
860.000 0.579
861.000 0.579
862.000 0.579
863.000 0.579
864.000 0.579
865.000 0.580
866.000 0.580
867.000 0.580
868.000 0.580
869.000 0.581
870.000 0.581
871.000 0.581
872.000 0.582
873.000 0.582
874.000 0.582
875.000 0.583
876.000 0.583
877.000 0.583
878.000 0.584
879.000 0.584
880.000 0.584
881.000 0.585
882.000 0.585
883.000 0.585
884.000 0.586
885.000 0.586
886.000 0.587
887.000 0.587
888.000 0.587
889.000 0.588
890.000 0.588
891.000 0.589
892.000 0.589
893.000 0.589
894.000 0.590
895.000 0.591
896.000 0.591
897.000 0.592
898.000 0.592
899.000 0.592
900.000 0.593
901.000 0.593
902.000 0.593
903.000 0.593
904.000 0.593
905.000 0.594
906.000 0.595
907.000 0.595
908.000 0.595
909.000 0.596
910.000 0.596
911.000 0.596
912.000 0.597
913.000 0.597
914.000 0.597
915.000 0.597
916.000 0.597
917.000 0.598
918.000 0.598
919.000 0.598
920.000 0.598
921.000 0.599
922.000 0.599
923.000 0.599
924.000 0.599
925.000 0.599
926.000 0.600
927.000 0.600
928.000 0.600
929.000 0.600
930.000 0.600
931.000 0.600
932.000 0.600
933.000 0.599
934.000 0.599
935.000 0.599
936.000 0.599
937.000 0.600
938.000 0.600
939.000 0.599
940.000 0.601
941.000 0.599
942.000 0.599
943.000 0.602
944.000 0.603
945.000 0.602
946.000 0.599
947.000 0.598
948.000 0.601
949.000 0.600
950.000 0.598
951.000 0.599
952.000 0.599
953.000 0.598
954.000 0.597
955.000 0.596
956.000 0.596
957.000 0.594
958.000 0.594
959.000 0.597
960.000 0.595
961.000 0.595
962.000 0.595
963.000 0.594
964.000 0.593
965.000 0.595
966.000 0.595
967.000 0.593
968.000 0.595
969.000 0.595
970.000 0.595
971.000 0.596
972.000 0.597
973.000 0.596
974.000 0.596
975.000 0.596
976.000 0.595
977.000 0.596
978.000 0.597
979.000 0.598
980.000 0.596
981.000 0.596
982.000 0.596
983.000 0.597
984.000 0.597
985.000 0.597
986.000 0.598
987.000 0.599
988.000 0.600
989.000 0.600
990.000 0.600
991.000 0.599
992.000 0.600
993.000 0.600
994.000 0.601
995.000 0.602
996.000 0.602
997.000 0.602
998.000 0.602
999.000 0.603
1000.000 0.602
1001.000 0.609
1002.000 0.609
1003.000 0.610
1004.000 0.610
1005.000 0.609
1006.000 0.609
1007.000 0.610
1008.000 0.611
1009.000 0.611
1010.000 0.611
1011.000 0.612
1012.000 0.612
1013.000 0.612
1014.000 0.612
1015.000 0.612
1016.000 0.613
1017.000 0.614
1018.000 0.614
1019.000 0.615
1020.000 0.616
1021.000 0.617
1022.000 0.618
1023.000 0.619
1024.000 0.620
1025.000 0.620
1026.000 0.621
1027.000 0.622
1028.000 0.622
1029.000 0.621
1030.000 0.621
1031.000 0.621
1032.000 0.621
1033.000 0.621
1034.000 0.622
1035.000 0.623
1036.000 0.623
1037.000 0.623
1038.000 0.623
1039.000 0.624
1040.000 0.624
1041.000 0.625
1042.000 0.625
1043.000 0.625
1044.000 0.625
1045.000 0.625
1046.000 0.625
1047.000 0.626
1048.000 0.626
1049.000 0.626
1050.000 0.627
1051.000 0.627
1052.000 0.627
1053.000 0.628
1054.000 0.629
1055.000 0.629
1056.000 0.629
1057.000 0.630
1058.000 0.629
1059.000 0.629
1060.000 0.629
1061.000 0.629
1062.000 0.630
1063.000 0.630
1064.000 0.630
1065.000 0.631
1066.000 0.631
1067.000 0.631
1068.000 0.631
1069.000 0.631
1070.000 0.632
1071.000 0.631
1072.000 0.631
1073.000 0.631
1074.000 0.631
1075.000 0.631
1076.000 0.632
1077.000 0.632
1078.000 0.632
1079.000 0.633
1080.000 0.633
1081.000 0.633
1082.000 0.633
1083.000 0.634
1084.000 0.633
1085.000 0.634
1086.000 0.633
1087.000 0.633
1088.000 0.632
1089.000 0.633
1090.000 0.633
1091.000 0.633
1092.000 0.634
1093.000 0.634
1094.000 0.635
1095.000 0.636
1096.000 0.636
1097.000 0.636
1098.000 0.636
1099.000 0.636
1100.000 0.636
1101.000 0.637
1102.000 0.637
1103.000 0.637
1104.000 0.637
1105.000 0.636
1106.000 0.635
1107.000 0.634
1108.000 0.635
1109.000 0.634
1110.000 0.634
1111.000 0.635
1112.000 0.636
1113.000 0.636
1114.000 0.637
1115.000 0.637
1116.000 0.636
1117.000 0.637
1118.000 0.638
1119.000 0.637
1120.000 0.638
1121.000 0.638
1122.000 0.636
1123.000 0.636
1124.000 0.637
1125.000 0.637
1126.000 0.636
1127.000 0.635
1128.000 0.634
1129.000 0.633
1130.000 0.631
1131.000 0.630
1132.000 0.627
1133.000 0.627
1134.000 0.626
1135.000 0.625
1136.000 0.625
1137.000 0.626
1138.000 0.626
1139.000 0.626
1140.000 0.626
1141.000 0.625
1142.000 0.623
1143.000 0.621
1144.000 0.619
1145.000 0.616
1146.000 0.614
1147.000 0.614
1148.000 0.612
1149.000 0.610
1150.000 0.610
1151.000 0.609
1152.000 0.607
1153.000 0.605
1154.000 0.604
1155.000 0.604
1156.000 0.603
1157.000 0.602
1158.000 0.601
1159.000 0.601
1160.000 0.600
1161.000 0.599
1162.000 0.599
1163.000 0.599
1164.000 0.598
1165.000 0.598
1166.000 0.598
1167.000 0.597
1168.000 0.597
1169.000 0.597
1170.000 0.597
1171.000 0.597
1172.000 0.596
1173.000 0.596
1174.000 0.596
1175.000 0.596
1176.000 0.596
1177.000 0.596
1178.000 0.596
1179.000 0.596
1180.000 0.596
1181.000 0.596
1182.000 0.596
1183.000 0.596
1184.000 0.596
1185.000 0.595
1186.000 0.596
1187.000 0.596
1188.000 0.596
1189.000 0.596
1190.000 0.596
1191.000 0.596
1192.000 0.595
1193.000 0.595
1194.000 0.595
1195.000 0.595
1196.000 0.595
1197.000 0.596
1198.000 0.596
1199.000 0.596
1200.000 0.597
1201.000 0.597
1202.000 0.597
1203.000 0.597
1204.000 0.596
1205.000 0.596
1206.000 0.597
1207.000 0.597
1208.000 0.597
1209.000 0.597
1210.000 0.597
1211.000 0.598
1212.000 0.598
1213.000 0.600
1214.000 0.600
1215.000 0.600
1216.000 0.600
1217.000 0.600
1218.000 0.601
1219.000 0.601
1220.000 0.602
1221.000 0.602
1222.000 0.602
1223.000 0.602
1224.000 0.602
1225.000 0.602
1226.000 0.602
1227.000 0.602
1228.000 0.603
1229.000 0.603
1230.000 0.604
1231.000 0.605
1232.000 0.605
1233.000 0.605
1234.000 0.605
1235.000 0.605
1236.000 0.605
1237.000 0.605
1238.000 0.605
1239.000 0.605
1240.000 0.605
1241.000 0.606
1242.000 0.606
1243.000 0.607
1244.000 0.607
1245.000 0.607
1246.000 0.608
1247.000 0.608
1248.000 0.609
1249.000 0.609
1250.000 0.609
1251.000 0.609
1252.000 0.610
1253.000 0.610
1254.000 0.610
1255.000 0.611
1256.000 0.611
1257.000 0.611
1258.000 0.611
1259.000 0.612
1260.000 0.612
1261.000 0.612
1262.000 0.612
1263.000 0.612
1264.000 0.612
1265.000 0.613
1266.000 0.613
1267.000 0.613
1268.000 0.613
1269.000 0.613
1270.000 0.613
1271.000 0.613
1272.000 0.613
1273.000 0.613
1274.000 0.614
1275.000 0.614
1276.000 0.614
1277.000 0.614
1278.000 0.614
1279.000 0.614
1280.000 0.614
1281.000 0.613
1282.000 0.612
1283.000 0.612
1284.000 0.612
1285.000 0.612
1286.000 0.613
1287.000 0.613
1288.000 0.613
1289.000 0.613
1290.000 0.612
1291.000 0.611
1292.000 0.610
1293.000 0.609
1294.000 0.609
1295.000 0.609
1296.000 0.609
1297.000 0.609
1298.000 0.609
1299.000 0.608
1300.000 0.608
1301.000 0.607
1302.000 0.607
1303.000 0.606
1304.000 0.606
1305.000 0.605
1306.000 0.605
1307.000 0.604
1308.000 0.603
1309.000 0.603
1310.000 0.602
1311.000 0.602
1312.000 0.601
1313.000 0.599
1314.000 0.598
1315.000 0.597
1316.000 0.595
1317.000 0.595
1318.000 0.594
1319.000 0.593
1320.000 0.591
1321.000 0.589
1322.000 0.587
1323.000 0.585
1324.000 0.584
1325.000 0.582
1326.000 0.581
1327.000 0.580
1328.000 0.578
1329.000 0.576
1330.000 0.576
1331.000 0.575
1332.000 0.575
1333.000 0.573
1334.000 0.570
1335.000 0.569
1336.000 0.567
1337.000 0.566
1338.000 0.568
1339.000 0.567
1340.000 0.566
1341.000 0.566
1342.000 0.564
1343.000 0.562
1344.000 0.562
1345.000 0.561
1346.000 0.560
1347.000 0.559
1348.000 0.559
1349.000 0.559
1350.000 0.557
1351.000 0.561
1352.000 0.555
1353.000 0.520
1354.000 0.507
1355.000 0.506
1356.000 0.501
1357.000 0.577
1358.000 0.652
1359.000 0.592
1360.000 0.592
1361.000 0.516
1362.000 0.533
1363.000 0.490
1364.000 0.545
1365.000 0.589
1366.000 0.646
1367.000 0.592
1368.000 0.562
1369.000 0.225
1370.000 0.165
1371.000 0.480
1372.000 0.273
1373.000 0.216
1374.000 0.141
1375.000 0.124
1376.000 0.184
1377.000 0.241
1378.000 0.267
1379.000 0.240
1380.000 0.329
1381.000 0.466
1382.000 0.431
1383.000 0.507
1384.000 0.581
1385.000 0.616
1386.000 0.309
1387.000 0.445
1388.000 0.537
1389.000 0.477
1390.000 0.388
1391.000 0.377
1392.000 0.362
1393.000 0.474
1394.000 0.621
1395.000 0.655
1396.000 0.567
1397.000 0.599
1398.000 0.616
1399.000 0.611
1400.000 0.611
1401.000 0.603
1402.000 0.472
1403.000 0.515
1404.000 0.549
1405.000 0.621
1406.000 0.682
1407.000 0.412
1408.000 0.303
1409.000 0.359
1410.000 0.414
1411.000 0.450
1412.000 0.410
1413.000 0.342
1414.000 0.292
1415.000 0.256
1416.000 0.323
1417.000 0.418
1418.000 0.501
1419.000 0.632
1420.000 0.505
1421.000 0.452
1422.000 0.405
1423.000 0.536
1424.000 0.466
1425.000 0.516
1426.000 0.458
1427.000 0.418
1428.000 0.384
1429.000 0.344
1430.000 0.331
1431.000 0.339
1432.000 0.375
1433.000 0.417
1434.000 0.372
1435.000 0.489
1436.000 0.432
1437.000 0.367
1438.000 0.360
1439.000 0.329
1440.000 0.328
1441.000 0.427
1442.000 0.425
1443.000 0.388
1444.000 0.379
1445.000 0.368
1446.000 0.353
1447.000 0.330
1448.000 0.326
1449.000 0.316
1450.000 0.311
1451.000 0.306
1452.000 0.292
1453.000 0.277
1454.000 0.254
1455.000 0.248
1456.000 0.245
1457.000 0.246
1458.000 0.254
1459.000 0.251
1460.000 0.242
1461.000 0.243
1462.000 0.243
1463.000 0.242
1464.000 0.246
1465.000 0.248
1466.000 0.246
1467.000 0.247
1468.000 0.254
1469.000 0.254
1470.000 0.248
1471.000 0.246
1472.000 0.247
1473.000 0.248
1474.000 0.248
1475.000 0.253
1476.000 0.263
1477.000 0.266
1478.000 0.271
1479.000 0.273
1480.000 0.266
1481.000 0.266
1482.000 0.267
1483.000 0.270
1484.000 0.278
1485.000 0.279
1486.000 0.274
1487.000 0.273
1488.000 0.270
1489.000 0.269
1490.000 0.273
1491.000 0.275
1492.000 0.276
1493.000 0.277
1494.000 0.279
1495.000 0.281
1496.000 0.284
1497.000 0.286
1498.000 0.287
1499.000 0.288
1500.000 0.290
1501.000 0.292
1502.000 0.293
1503.000 0.295
1504.000 0.298
1505.000 0.299
1506.000 0.301
1507.000 0.302
1508.000 0.304
1509.000 0.307
1510.000 0.309
1511.000 0.311
1512.000 0.313
1513.000 0.313
1514.000 0.314
1515.000 0.317
1516.000 0.319
1517.000 0.319
1518.000 0.321
1519.000 0.324
1520.000 0.326
1521.000 0.328
1522.000 0.330
1523.000 0.331
1524.000 0.333
1525.000 0.334
1526.000 0.335
1527.000 0.335
1528.000 0.337
1529.000 0.339
1530.000 0.341
1531.000 0.342
1532.000 0.344
1533.000 0.345
1534.000 0.346
1535.000 0.347
1536.000 0.349
1537.000 0.349
1538.000 0.349
1539.000 0.351
1540.000 0.352
1541.000 0.354
1542.000 0.355
1543.000 0.356
1544.000 0.358
1545.000 0.359
1546.000 0.361
1547.000 0.364
1548.000 0.366
1549.000 0.368
1550.000 0.369
1551.000 0.369
1552.000 0.370
1553.000 0.373
1554.000 0.375
1555.000 0.378
1556.000 0.380
1557.000 0.381
1558.000 0.382
1559.000 0.383
1560.000 0.383
1561.000 0.385
1562.000 0.387
1563.000 0.388
1564.000 0.390
1565.000 0.392
1566.000 0.393
1567.000 0.396
1568.000 0.397
1569.000 0.396
1570.000 0.397
1571.000 0.398
1572.000 0.399
1573.000 0.401
1574.000 0.402
1575.000 0.403
1576.000 0.404
1577.000 0.403
1578.000 0.403
1579.000 0.404
1580.000 0.405
1581.000 0.408
1582.000 0.410
1583.000 0.412
1584.000 0.413
1585.000 0.412
1586.000 0.412
1587.000 0.412
1588.000 0.413
1589.000 0.413
1590.000 0.414
1591.000 0.416
1592.000 0.418
1593.000 0.420
1594.000 0.421
1595.000 0.423
1596.000 0.424
1597.000 0.426
1598.000 0.427
1599.000 0.428
1600.000 0.429
1601.000 0.428
1602.000 0.428
1603.000 0.428
1604.000 0.429
1605.000 0.431
1606.000 0.432
1607.000 0.433
1608.000 0.434
1609.000 0.433
1610.000 0.434
1611.000 0.435
1612.000 0.436
1613.000 0.437
1614.000 0.438
1615.000 0.438
1616.000 0.439
1617.000 0.439
1618.000 0.440
1619.000 0.442
1620.000 0.443
1621.000 0.443
1622.000 0.444
1623.000 0.443
1624.000 0.443
1625.000 0.443
1626.000 0.444
1627.000 0.444
1628.000 0.445
1629.000 0.445
1630.000 0.446
1631.000 0.448
1632.000 0.448
1633.000 0.450
1634.000 0.451
1635.000 0.450
1636.000 0.450
1637.000 0.451
1638.000 0.452
1639.000 0.454
1640.000 0.455
1641.000 0.456
1642.000 0.457
1643.000 0.458
1644.000 0.458
1645.000 0.458
1646.000 0.459
1647.000 0.459
1648.000 0.459
1649.000 0.458
1650.000 0.457
1651.000 0.458
1652.000 0.458
1653.000 0.459
1654.000 0.460
1655.000 0.459
1656.000 0.458
1657.000 0.459
1658.000 0.459
1659.000 0.461
1660.000 0.462
1661.000 0.462
1662.000 0.463
1663.000 0.464
1664.000 0.465
1665.000 0.465
1666.000 0.465
1667.000 0.464
1668.000 0.465
1669.000 0.465
1670.000 0.465
1671.000 0.466
1672.000 0.465
1673.000 0.463
1674.000 0.462
1675.000 0.461
1676.000 0.460
1677.000 0.462
1678.000 0.464
1679.000 0.467
1680.000 0.467
1681.000 0.466
1682.000 0.466
1683.000 0.462
1684.000 0.462
1685.000 0.464
1686.000 0.464
1687.000 0.464
1688.000 0.464
1689.000 0.462
1690.000 0.462
1691.000 0.462
1692.000 0.462
1693.000 0.463
1694.000 0.462
1695.000 0.459
1696.000 0.458
1697.000 0.457
1698.000 0.456
1699.000 0.460
1700.000 0.461
1701.000 0.461
1702.000 0.461
1703.000 0.460
1704.000 0.460
1705.000 0.460
1706.000 0.460
1707.000 0.460
1708.000 0.459
1709.000 0.458
1710.000 0.456
1711.000 0.455
1712.000 0.454
1713.000 0.454
1714.000 0.452
1715.000 0.451
1716.000 0.452
1717.000 0.452
1718.000 0.453
1719.000 0.455
1720.000 0.454
1721.000 0.453
1722.000 0.453
1723.000 0.451
1724.000 0.449
1725.000 0.448
1726.000 0.447
1727.000 0.446
1728.000 0.445
1729.000 0.444
1730.000 0.442
1731.000 0.440
1732.000 0.439
1733.000 0.439
1734.000 0.440
1735.000 0.441
1736.000 0.442
1737.000 0.440
1738.000 0.436
1739.000 0.434
1740.000 0.433
1741.000 0.433
1742.000 0.437
1743.000 0.438
1744.000 0.436
1745.000 0.435
1746.000 0.434
1747.000 0.432
1748.000 0.428
1749.000 0.428
1750.000 0.425
1751.000 0.425
1752.000 0.430
1753.000 0.430
1754.000 0.430
1755.000 0.429
1756.000 0.425
1757.000 0.425
1758.000 0.427
1759.000 0.428
1760.000 0.432
1761.000 0.431
1762.000 0.430
1763.000 0.428
1764.000 0.426
1765.000 0.426
1766.000 0.425
1767.000 0.424
1768.000 0.421
1769.000 0.416
1770.000 0.412
1771.000 0.415
1772.000 0.417
1773.000 0.420
1774.000 0.421
1775.000 0.420
1776.000 0.416
1777.000 0.414
1778.000 0.413
1779.000 0.410
1780.000 0.415
1781.000 0.423
1782.000 0.429
1783.000 0.439
1784.000 0.441
1785.000 0.432
1786.000 0.430
1787.000 0.422
1788.000 0.419
1789.000 0.422
1790.000 0.424
1791.000 0.428
1792.000 0.420
1793.000 0.404
1794.000 0.390
1795.000 0.384
1796.000 0.407
1797.000 0.429
1798.000 0.451
1799.000 0.490
1800.000 0.448
1801.000 0.388
1802.000 0.361
1803.000 0.332
1804.000 0.331
1805.000 0.341
1806.000 0.492
1807.000 0.513
1808.000 0.415
1809.000 0.376
1810.000 0.383
1811.000 0.394
1812.000 0.477
1813.000 0.526
1814.000 0.585
1815.000 0.583
1816.000 0.587
1817.000 0.649
1818.000 0.664
1819.000 0.566
1820.000 0.516
1821.000 0.522
1822.000 0.542
1823.000 0.471
1824.000 0.499
1825.000 0.469
1826.000 0.394
1827.000 0.334
1828.000 0.407
1829.000 0.524
1830.000 0.439
1831.000 0.526
1832.000 0.603
1833.000 0.519
1834.000 0.486
1835.000 0.522
1836.000 0.471
1837.000 0.401
1838.000 0.558
1839.000 0.594
1840.000 0.438
1841.000 0.500
1842.000 0.443
1843.000 0.756
1844.000 0.705
1845.000 0.730
1846.000 0.637
1847.000 0.701
1848.000 0.726
1849.000 0.662
1850.000 0.603
1851.000 0.675
1852.000 0.523
1853.000 0.533
1854.000 0.683
1855.000 0.691
1856.000 0.652
1857.000 0.613
1858.000 0.717
1859.000 0.705
1860.000 0.571
1861.000 0.660
1862.000 0.583
1863.000 0.518
1864.000 0.355
1865.000 0.546
1866.000 0.622
1867.000 0.616
1868.000 0.657
1869.000 0.574
1870.000 0.283
1871.000 0.318
1872.000 0.451
1873.000 0.413
1874.000 0.417
1875.000 0.385
1876.000 0.360
1877.000 0.256
1878.000 0.395
1879.000 0.620
1880.000 0.418
1881.000 0.416
1882.000 0.282
1883.000 0.274
1884.000 0.410
1885.000 0.322
1886.000 0.300
1887.000 0.266
1888.000 0.233
1889.000 0.308
1890.000 0.369
1891.000 0.401
1892.000 0.534
1893.000 0.419
1894.000 0.458
1895.000 0.403
1896.000 0.324
1897.000 0.358
1898.000 0.317
1899.000 0.343
1900.000 0.381
1901.000 0.357
1902.000 0.350
1903.000 0.312
1904.000 0.342
1905.000 0.310
1906.000 0.385
1907.000 0.382
1908.000 0.423
1909.000 0.484
1910.000 0.382
1911.000 0.526
1912.000 0.459
1913.000 0.470
1914.000 0.541
1915.000 0.510
1916.000 0.634
1917.000 0.623
1918.000 0.485
1919.000 0.385
1920.000 0.666
1921.000 0.538
1922.000 0.507
1923.000 0.435
1924.000 0.281
1925.000 0.437
1926.000 0.437
1927.000 0.519
1928.000 0.741
1929.000 0.767
1930.000 0.609
1931.000 0.670
1932.000 0.583
1933.000 0.594
1934.000 0.636
1935.000 0.648
1936.000 0.582
1937.000 0.543
1938.000 0.457
1939.000 0.400
1940.000 0.545
1941.000 0.544
1942.000 0.510
1943.000 0.421
1944.000 0.514
1945.000 0.579
1946.000 0.651
1947.000 0.740
1948.000 0.685
1949.000 0.620
1950.000 0.582
1951.000 0.477
1952.000 0.407
1953.000 0.354
1954.000 0.363
1955.000 0.354
1956.000 0.439
1957.000 0.432
1958.000 0.407
1959.000 0.364
1960.000 0.280
1961.000 0.227
1962.000 0.196
1963.000 0.170
1964.000 0.172
1965.000 0.187
1966.000 0.224
1967.000 0.230
1968.000 0.267
1969.000 0.251
1970.000 0.221
1971.000 0.219
1972.000 0.218
1973.000 0.239
1974.000 0.269
1975.000 0.279
1976.000 0.270
1977.000 0.252
1978.000 0.215
1979.000 0.201
1980.000 0.190
1981.000 0.174
1982.000 0.171
1983.000 0.168
1984.000 0.161
1985.000 0.161
1986.000 0.156
1987.000 0.147
1988.000 0.142
1989.000 0.133
1990.000 0.129
1991.000 0.129
1992.000 0.134
1993.000 0.140
1994.000 0.149
1995.000 0.149
1996.000 0.145
1997.000 0.159
1998.000 0.169
1999.000 0.182
2000.000 0.211
2001.000 0.229
2002.000 0.230
2003.000 0.245
2004.000 0.239
2005.000 0.242
2006.000 0.249
2007.000 0.258
2008.000 0.236
2009.000 0.259
2010.000 0.244
2011.000 0.221
2012.000 0.209
2013.000 0.204
2014.000 0.193
2015.000 0.174
2016.000 0.178
2017.000 0.202
2018.000 0.209
2019.000 0.213
2020.000 0.220
2021.000 0.203
2022.000 0.188
2023.000 0.184
2024.000 0.171
2025.000 0.168
2026.000 0.170
2027.000 0.174
2028.000 0.183
2029.000 0.186
2030.000 0.188
2031.000 0.192
2032.000 0.198
2033.000 0.198
2034.000 0.194
2035.000 0.199
2036.000 0.197
2037.000 0.190
2038.000 0.190
2039.000 0.191
2040.000 0.196
2041.000 0.202
2042.000 0.208
2043.000 0.222
2044.000 0.225
2045.000 0.220
2046.000 0.219
2047.000 0.212
2048.000 0.210
2049.000 0.211
2050.000 0.212
2051.000 0.210
2052.000 0.219
2053.000 0.224
2054.000 0.225
2055.000 0.226
2056.000 0.216
2057.000 0.215
2058.000 0.214
2059.000 0.218
2060.000 0.229
2061.000 0.236
2062.000 0.247
2063.000 0.252
2064.000 0.256
2065.000 0.254
2066.000 0.244
2067.000 0.244
2068.000 0.231
2069.000 0.224
2070.000 0.226
2071.000 0.221
2072.000 0.225
2073.000 0.238
2074.000 0.243
2075.000 0.248
2076.000 0.249
2077.000 0.247
2078.000 0.244
2079.000 0.239
2080.000 0.235
2081.000 0.229
2082.000 0.225
2083.000 0.227
2084.000 0.224
2085.000 0.224
2086.000 0.223
2087.000 0.226
2088.000 0.230
2089.000 0.230
2090.000 0.234
2091.000 0.235
2092.000 0.228
2093.000 0.227
2094.000 0.229
2095.000 0.231
2096.000 0.239
2097.000 0.242
2098.000 0.242
2099.000 0.247
2100.000 0.249
2101.000 0.248
2102.000 0.250
2103.000 0.252
2104.000 0.259
2105.000 0.272
2106.000 0.274
2107.000 0.276
2108.000 0.272
2109.000 0.250
2110.000 0.247
2111.000 0.253
2112.000 0.255
2113.000 0.265
2114.000 0.266
2115.000 0.255
2116.000 0.254
2117.000 0.255
2118.000 0.258
2119.000 0.257
2120.000 0.263
2121.000 0.263
2122.000 0.256
2123.000 0.256
2124.000 0.260
2125.000 0.265
2126.000 0.279
2127.000 0.287
2128.000 0.298
2129.000 0.301
2130.000 0.297
2131.000 0.291
2132.000 0.280
2133.000 0.273
2134.000 0.263
2135.000 0.260
2136.000 0.259
2137.000 0.260
2138.000 0.265
2139.000 0.270
2140.000 0.274
2141.000 0.280
2142.000 0.284
2143.000 0.287
2144.000 0.286
2145.000 0.279
2146.000 0.278
2147.000 0.278
2148.000 0.278
2149.000 0.280
2150.000 0.282
2151.000 0.283
2152.000 0.285
2153.000 0.295
2154.000 0.299
2155.000 0.299
2156.000 0.299
2157.000 0.295
2158.000 0.290
2159.000 0.290
2160.000 0.289
2161.000 0.287
2162.000 0.287
2163.000 0.286
2164.000 0.283
2165.000 0.283
2166.000 0.288
2167.000 0.289
2168.000 0.295
2169.000 0.295
2170.000 0.290
2171.000 0.288
2172.000 0.281
2173.000 0.280
2174.000 0.283
2175.000 0.283
2176.000 0.286
2177.000 0.286
2178.000 0.276
2179.000 0.279
2180.000 0.279
2181.000 0.275
2182.000 0.283
2183.000 0.286
2184.000 0.291
2185.000 0.301
2186.000 0.303
2187.000 0.299
2188.000 0.300
2189.000 0.294
2190.000 0.292
2191.000 0.296
2192.000 0.295
2193.000 0.293
2194.000 0.292
2195.000 0.290
2196.000 0.290
2197.000 0.294
2198.000 0.296
2199.000 0.299
2200.000 0.299
2201.000 0.302
2202.000 0.292
2203.000 0.281
2204.000 0.280
2205.000 0.276
2206.000 0.280
2207.000 0.295
2208.000 0.300
2209.000 0.301
2210.000 0.301
2211.000 0.298
2212.000 0.286
2213.000 0.283
2214.000 0.281
2215.000 0.283
2216.000 0.289
2217.000 0.293
2218.000 0.301
2219.000 0.304
2220.000 0.303
2221.000 0.303
2222.000 0.304
2223.000 0.301
2224.000 0.293
2225.000 0.292
2226.000 0.292
2227.000 0.289
2228.000 0.291
2229.000 0.286
2230.000 0.275
2231.000 0.268
2232.000 0.263
2233.000 0.264
2234.000 0.271
2235.000 0.271
2236.000 0.268
2237.000 0.273
2238.000 0.273
2239.000 0.270
2240.000 0.272
2241.000 0.278
2242.000 0.278
2243.000 0.278
2244.000 0.279
2245.000 0.273
2246.000 0.274
2247.000 0.285
2248.000 0.288
2249.000 0.285
2250.000 0.289
2251.000 0.290
2252.000 0.292
2253.000 0.308
2254.000 0.307
2255.000 0.296
2256.000 0.288
2257.000 0.270
2258.000 0.260
2259.000 0.263
2260.000 0.257
2261.000 0.267
2262.000 0.278
2263.000 0.280
2264.000 0.279
2265.000 0.269
2266.000 0.258
2267.000 0.258
2268.000 0.262
2269.000 0.265
2270.000 0.272
2271.000 0.269
2272.000 0.265
2273.000 0.266
2274.000 0.263
2275.000 0.266
2276.000 0.284
2277.000 0.284
2278.000 0.274
2279.000 0.270
2280.000 0.262
2281.000 0.254
2282.000 0.247
2283.000 0.245
2284.000 0.239
2285.000 0.236
2286.000 0.238
2287.000 0.237
2288.000 0.232
2289.000 0.233
2290.000 0.244
2291.000 0.249
2292.000 0.259
2293.000 0.261
2294.000 0.251
2295.000 0.248
2296.000 0.243
2297.000 0.238
2298.000 0.248
2299.000 0.251
2300.000 0.254
2301.000 0.255
2302.000 0.241
2303.000 0.235
2304.000 0.220
2305.000 0.212
2306.000 0.208
2307.000 0.208
2308.000 0.213
2309.000 0.219
2310.000 0.232
2311.000 0.234
2312.000 0.229
2313.000 0.225
2314.000 0.215
2315.000 0.213
2316.000 0.226
2317.000 0.249
2318.000 0.241
2319.000 0.235
2320.000 0.228
2321.000 0.215
2322.000 0.210
2323.000 0.209
2324.000 0.208
2325.000 0.194
2326.000 0.202
2327.000 0.216
2328.000 0.240
2329.000 0.265
2330.000 0.252
2331.000 0.235
2332.000 0.231
2333.000 0.223
2334.000 0.213
2335.000 0.215
2336.000 0.212
2337.000 0.205
2338.000 0.220
2339.000 0.258
2340.000 0.277
2341.000 0.338
2342.000 0.324
2343.000 0.350
2344.000 0.330
2345.000 0.237
2346.000 0.230
2347.000 0.263
2348.000 0.260
2349.000 0.237
2350.000 0.224
2351.000 0.190
2352.000 0.177
2353.000 0.194
2354.000 0.210
2355.000 0.249
2356.000 0.296
2357.000 0.363
2358.000 0.458
2359.000 0.446
2360.000 0.403
2361.000 0.297
2362.000 0.266
2363.000 0.232
2364.000 0.225
2365.000 0.262
2366.000 0.366
2367.000 0.314
2368.000 0.347
2369.000 0.377
2370.000 0.377
2371.000 0.301
2372.000 0.271
2373.000 0.264
2374.000 0.230
2375.000 0.262
2376.000 0.276
2377.000 0.263
2378.000 0.278
2379.000 0.297
2380.000 0.259
2381.000 0.314
2382.000 0.328
2383.000 0.224
2384.000 0.266
2385.000 0.218
2386.000 0.167
2387.000 0.202
2388.000 0.271
2389.000 0.220
2390.000 0.324
2391.000 0.283
2392.000 0.258
2393.000 0.200
2394.000 0.214
2395.000 0.259
2396.000 0.209
2397.000 0.195
2398.000 0.192
2399.000 0.433
2400.000 0.186
2401.000 0.154
2402.000 0.212
2403.000 0.254
2404.000 0.266
2405.000 0.211
2406.000 0.182
2407.000 0.244
2408.000 0.161
2409.000 0.114
2410.000 0.157
2411.000 0.270
2412.000 0.377
2413.000 0.284
2414.000 0.415
2415.000 0.336
2416.000 0.359
2417.000 0.512
2418.000 0.477
2419.000 0.435
2420.000 0.384
2421.000 0.253
2422.000 0.157
2423.000 0.355
2424.000 0.340
2425.000 0.360
2426.000 0.372
2427.000 0.454
2428.000 0.637
2429.000 0.636
2430.000 0.609
2431.000 0.548
2432.000 0.379
2433.000 0.249
2434.000 0.299
2435.000 0.629
2436.000 0.649
2437.000 0.419
2438.000 0.401
2439.000 0.521
2440.000 0.419
2441.000 0.455
2442.000 0.433
2443.000 0.271
2444.000 0.313
2445.000 0.364
2446.000 0.370
2447.000 0.377
2448.000 0.339
2449.000 0.340
2450.000 0.440
2451.000 0.513
2452.000 0.488
2453.000 0.603
2454.000 0.679
2455.000 0.436
2456.000 0.595
2457.000 0.485
2458.000 0.507
2459.000 0.471
2460.000 0.503
2461.000 0.517
2462.000 0.523
2463.000 0.497
2464.000 0.511
2465.000 0.388
2466.000 0.394
2467.000 0.369
2468.000 0.402
2469.000 0.243
2470.000 0.286
2471.000 0.179
2472.000 0.207
2473.000 0.369
2474.000 0.401
2475.000 0.402
2476.000 0.519
2477.000 0.496
2478.000 0.560
2479.000 0.587
2480.000 0.480
2481.000 0.400
2482.000 0.311
2483.000 0.383
2484.000 0.447
2485.000 0.512
2486.000 0.466
2487.000 0.787
2488.000 0.585
2489.000 0.298
2490.000 0.376
2491.000 0.337
2492.000 0.341
2493.000 0.276
2494.000 0.248
2495.000 0.574
2496.000 0.519
2497.000 0.302
2498.000 0.366
2499.000 0.120
2500.000 0.390
