391.000 0.082
392.000 0.082
393.000 0.070
394.000 0.071
395.000 0.078
396.000 0.079
397.000 0.074
398.000 0.076
399.000 0.075
400.000 0.073
401.000 0.074
402.000 0.075
403.000 0.077
404.000 0.077
405.000 0.075
406.000 0.080
407.000 0.079
408.000 0.073
409.000 0.076
410.000 0.075
411.000 0.076
412.000 0.079
413.000 0.077
414.000 0.076
415.000 0.076
416.000 0.075
417.000 0.072
418.000 0.073
419.000 0.076
420.000 0.078
421.000 0.075
422.000 0.074
423.000 0.078
424.000 0.078
425.000 0.077
426.000 0.077
427.000 0.080
428.000 0.078
429.000 0.074
430.000 0.074
431.000 0.079
432.000 0.078
433.000 0.077
434.000 0.079
435.000 0.076
436.000 0.076
437.000 0.077
438.000 0.079
439.000 0.075
440.000 0.075
441.000 0.077
442.000 0.077
443.000 0.075
444.000 0.075
445.000 0.077
446.000 0.074
447.000 0.074
448.000 0.076
449.000 0.076
450.000 0.077
451.000 0.077
452.000 0.076
453.000 0.074
454.000 0.075
455.000 0.076
456.000 0.076
457.000 0.077
458.000 0.077
459.000 0.076
460.000 0.075
461.000 0.076
462.000 0.078
463.000 0.079
464.000 0.075
465.000 0.074
466.000 0.076
467.000 0.077
468.000 0.077
469.000 0.077
470.000 0.078
471.000 0.079
472.000 0.075
473.000 0.074
474.000 0.076
475.000 0.076
476.000 0.076
477.000 0.076
478.000 0.075
479.000 0.076
480.000 0.076
481.000 0.077
482.000 0.078
483.000 0.077
484.000 0.075
485.000 0.076
486.000 0.078
487.000 0.078
488.000 0.077
489.000 0.076
490.000 0.077
491.000 0.077
492.000 0.076
493.000 0.076
494.000 0.076
495.000 0.076
496.000 0.078
497.000 0.078
498.000 0.078
499.000 0.079
500.000 0.081
501.000 0.078
502.000 0.077
503.000 0.082
504.000 0.082
505.000 0.081
506.000 0.082
507.000 0.083
508.000 0.083
509.000 0.084
510.000 0.085
511.000 0.086
512.000 0.089
513.000 0.090
514.000 0.090
515.000 0.095
516.000 0.097
517.000 0.098
518.000 0.099
519.000 0.103
520.000 0.106
521.000 0.109
522.000 0.111
523.000 0.114
524.000 0.117
525.000 0.120
526.000 0.123
527.000 0.125
528.000 0.126
529.000 0.130
530.000 0.132
531.000 0.134
532.000 0.135
533.000 0.138
534.000 0.139
535.000 0.141
536.000 0.143
537.000 0.144
538.000 0.144
539.000 0.144
540.000 0.145
541.000 0.146
542.000 0.147
543.000 0.147
544.000 0.148
545.000 0.147
546.000 0.147
547.000 0.148
548.000 0.148
549.000 0.149
550.000 0.149
551.000 0.148
552.000 0.147
553.000 0.148
554.000 0.148
555.000 0.148
556.000 0.147
557.000 0.147
558.000 0.146
559.000 0.144
560.000 0.143
561.000 0.142
562.000 0.140
563.000 0.139
564.000 0.138
565.000 0.136
566.000 0.134
567.000 0.132
568.000 0.129
569.000 0.127
570.000 0.125
571.000 0.123
572.000 0.121
573.000 0.121
574.000 0.119
575.000 0.118
576.000 0.116
577.000 0.115
578.000 0.114
579.000 0.113
580.000 0.111
581.000 0.109
582.000 0.108
583.000 0.107
584.000 0.107
585.000 0.107
586.000 0.105
587.000 0.104
588.000 0.103
589.000 0.102
590.000 0.102
591.000 0.101
592.000 0.102
593.000 0.102
594.000 0.100
595.000 0.100
596.000 0.099
597.000 0.098
598.000 0.100
599.000 0.099
600.000 0.099
601.000 0.100
602.000 0.099
603.000 0.099
604.000 0.097
605.000 0.095
606.000 0.096
607.000 0.096
608.000 0.095
609.000 0.095
610.000 0.095
611.000 0.095
612.000 0.094
613.000 0.093
614.000 0.093
615.000 0.091
616.000 0.090
617.000 0.091
618.000 0.092
619.000 0.090
620.000 0.090
621.000 0.090
622.000 0.091
623.000 0.090
624.000 0.089
625.000 0.088
626.000 0.089
627.000 0.090
628.000 0.090
629.000 0.089
630.000 0.087
631.000 0.088
632.000 0.089
633.000 0.089
634.000 0.088
635.000 0.088
636.000 0.088
637.000 0.088
638.000 0.088
639.000 0.086
640.000 0.083
641.000 0.082
642.000 0.082
643.000 0.082
644.000 0.082
645.000 0.083
646.000 0.083
647.000 0.082
648.000 0.081
649.000 0.082
650.000 0.083
651.000 0.081
652.000 0.079
653.000 0.080
654.000 0.082
655.000 0.085
656.000 0.083
657.000 0.082
658.000 0.081
659.000 0.081
660.000 0.082
661.000 0.083
662.000 0.084
663.000 0.084
664.000 0.085
665.000 0.085
666.000 0.084
667.000 0.085
668.000 0.085
669.000 0.085
670.000 0.088
671.000 0.087
672.000 0.086
673.000 0.088
674.000 0.090
675.000 0.091
676.000 0.091
677.000 0.094
678.000 0.093
679.000 0.093
680.000 0.095
681.000 0.095
682.000 0.097
683.000 0.099
684.000 0.099
685.000 0.100
686.000 0.102
687.000 0.105
688.000 0.106
689.000 0.106
690.000 0.107
691.000 0.109
692.000 0.111
693.000 0.116
694.000 0.121
695.000 0.125
696.000 0.130
697.000 0.137
698.000 0.144
699.000 0.152
700.000 0.162
701.000 0.171
702.000 0.180
703.000 0.189
704.000 0.199
705.000 0.209
706.000 0.218
707.000 0.229
708.000 0.239
709.000 0.248
710.000 0.258
711.000 0.267
712.000 0.277
713.000 0.287
714.000 0.297
715.000 0.306
716.000 0.316
717.000 0.325
718.000 0.334
719.000 0.345
720.000 0.357
721.000 0.368
722.000 0.376
723.000 0.384
724.000 0.393
725.000 0.403
726.000 0.412
727.000 0.421
728.000 0.429
729.000 0.437
730.000 0.444
731.000 0.452
732.000 0.461
733.000 0.468
734.000 0.475
735.000 0.481
736.000 0.487
737.000 0.493
738.000 0.498
739.000 0.503
740.000 0.508
741.000 0.513
742.000 0.516
743.000 0.521
744.000 0.525
745.000 0.528
746.000 0.531
747.000 0.534
748.000 0.537
749.000 0.539
750.000 0.542
751.000 0.544
752.000 0.546
753.000 0.547
754.000 0.549
755.000 0.551
756.000 0.552
757.000 0.553
758.000 0.554
759.000 0.553
760.000 0.552
761.000 0.551
762.000 0.551
763.000 0.552
764.000 0.553
765.000 0.555
766.000 0.558
767.000 0.560
768.000 0.561
769.000 0.561
770.000 0.562
771.000 0.562
772.000 0.563
773.000 0.564
774.000 0.564
775.000 0.564
776.000 0.564
777.000 0.564
778.000 0.565
779.000 0.565
780.000 0.566
781.000 0.566
782.000 0.566
783.000 0.566
784.000 0.566
785.000 0.566
786.000 0.566
787.000 0.566
788.000 0.566
789.000 0.566
790.000 0.566
791.000 0.566
792.000 0.567
793.000 0.567
794.000 0.568
795.000 0.568
796.000 0.568
797.000 0.567
798.000 0.568
799.000 0.568
800.000 0.568
801.000 0.568
802.000 0.568
803.000 0.569
804.000 0.569
805.000 0.569
806.000 0.570
807.000 0.570
808.000 0.570
809.000 0.570
810.000 0.569
811.000 0.569
812.000 0.568
813.000 0.568
814.000 0.567
815.000 0.566
816.000 0.566
817.000 0.566
818.000 0.566
819.000 0.567
820.000 0.568
821.000 0.569
822.000 0.569
823.000 0.569
824.000 0.569
825.000 0.569
826.000 0.569
827.000 0.570
828.000 0.570
829.000 0.569
830.000 0.570
831.000 0.570
832.000 0.570
833.000 0.571
834.000 0.572
835.000 0.572
836.000 0.572
837.000 0.573
838.000 0.573
839.000 0.573
840.000 0.574
841.000 0.574
842.000 0.574
843.000 0.574
844.000 0.575
845.000 0.576
846.000 0.576
847.000 0.576
848.000 0.576
849.000 0.576
850.000 0.576
851.000 0.576
852.000 0.576
853.000 0.576
854.000 0.576
855.000 0.576
856.000 0.576
857.000 0.577
858.000 0.577
859.000 0.577
860.000 0.577
861.000 0.578
862.000 0.578
863.000 0.578
864.000 0.578
865.000 0.578
866.000 0.578
867.000 0.578
868.000 0.578
869.000 0.578
870.000 0.578
871.000 0.578
872.000 0.578
873.000 0.579
874.000 0.579
875.000 0.579
876.000 0.579
877.000 0.579
878.000 0.578
879.000 0.579
880.000 0.579
881.000 0.579
882.000 0.580
883.000 0.580
884.000 0.579
885.000 0.580
886.000 0.580
887.000 0.579
888.000 0.580
889.000 0.580
890.000 0.579
891.000 0.579
892.000 0.579
893.000 0.579
894.000 0.578
895.000 0.577
896.000 0.577
897.000 0.576
898.000 0.575
899.000 0.575
900.000 0.575
901.000 0.576
902.000 0.575
903.000 0.575
904.000 0.576
905.000 0.577
906.000 0.577
907.000 0.577
908.000 0.576
909.000 0.575
910.000 0.575
911.000 0.574
912.000 0.574
913.000 0.574
914.000 0.575
915.000 0.574
916.000 0.574
917.000 0.575
918.000 0.575
919.000 0.576
920.000 0.577
921.000 0.577
922.000 0.577
923.000 0.577
924.000 0.576
925.000 0.576
926.000 0.575
927.000 0.573
928.000 0.572
929.000 0.572
930.000 0.571
931.000 0.569
932.000 0.564
933.000 0.562
934.000 0.562
935.000 0.561
936.000 0.555
937.000 0.557
938.000 0.560
939.000 0.560
940.000 0.559
941.000 0.557
942.000 0.558
943.000 0.562
944.000 0.559
945.000 0.558
946.000 0.557
947.000 0.557
948.000 0.559
949.000 0.558
950.000 0.557
951.000 0.558
952.000 0.561
953.000 0.561
954.000 0.558
955.000 0.554
956.000 0.553
957.000 0.555
958.000 0.557
959.000 0.559
960.000 0.558
961.000 0.559
962.000 0.561
963.000 0.560
964.000 0.560
965.000 0.561
966.000 0.563
967.000 0.562
968.000 0.565
969.000 0.565
970.000 0.564
971.000 0.565
972.000 0.563
973.000 0.565
974.000 0.567
975.000 0.566
976.000 0.566
977.000 0.565
978.000 0.566
979.000 0.568
980.000 0.566
981.000 0.566
982.000 0.568
983.000 0.570
984.000 0.567
985.000 0.569
986.000 0.571
987.000 0.571
988.000 0.574
989.000 0.573
990.000 0.571
991.000 0.573
992.000 0.574
993.000 0.574
994.000 0.575
995.000 0.577
996.000 0.576
997.000 0.575
998.000 0.576
999.000 0.577
1000.000 0.575
1001.000 0.583
1002.000 0.584
1003.000 0.584
1004.000 0.584
1005.000 0.583
1006.000 0.584
1007.000 0.584
1008.000 0.585
1009.000 0.585
1010.000 0.585
1011.000 0.586
1012.000 0.586
1013.000 0.587
1014.000 0.587
1015.000 0.587
1016.000 0.586
1017.000 0.587
1018.000 0.588
1019.000 0.589
1020.000 0.590
1021.000 0.590
1022.000 0.590
1023.000 0.590
1024.000 0.591
1025.000 0.592
1026.000 0.592
1027.000 0.593
1028.000 0.592
1029.000 0.592
1030.000 0.592
1031.000 0.593
1032.000 0.593
1033.000 0.594
1034.000 0.595
1035.000 0.594
1036.000 0.594
1037.000 0.593
1038.000 0.593
1039.000 0.593
1040.000 0.594
1041.000 0.595
1042.000 0.595
1043.000 0.595
1044.000 0.595
1045.000 0.594
1046.000 0.595
1047.000 0.595
1048.000 0.595
1049.000 0.595
1050.000 0.596
1051.000 0.596
1052.000 0.596
1053.000 0.598
1054.000 0.600
1055.000 0.599
1056.000 0.599
1057.000 0.599
1058.000 0.598
1059.000 0.598
1060.000 0.598
1061.000 0.598
1062.000 0.599
1063.000 0.598
1064.000 0.599
1065.000 0.600
1066.000 0.600
1067.000 0.599
1068.000 0.599
1069.000 0.599
1070.000 0.599
1071.000 0.599
1072.000 0.598
1073.000 0.597
1074.000 0.597
1075.000 0.598
1076.000 0.598
1077.000 0.598
1078.000 0.599
1079.000 0.598
1080.000 0.598
1081.000 0.598
1082.000 0.597
1083.000 0.598
1084.000 0.597
1085.000 0.597
1086.000 0.598
1087.000 0.597
1088.000 0.598
1089.000 0.598
1090.000 0.597
1091.000 0.596
1092.000 0.597
1093.000 0.596
1094.000 0.596
1095.000 0.597
1096.000 0.597
1097.000 0.596
1098.000 0.594
1099.000 0.594
1100.000 0.593
1101.000 0.593
1102.000 0.593
1103.000 0.592
1104.000 0.592
1105.000 0.591
1106.000 0.591
1107.000 0.589
1108.000 0.588
1109.000 0.584
1110.000 0.583
1111.000 0.582
1112.000 0.582
1113.000 0.584
1114.000 0.585
1115.000 0.585
1116.000 0.583
1117.000 0.581
1118.000 0.576
1119.000 0.572
1120.000 0.568
1121.000 0.569
1122.000 0.564
1123.000 0.561
1124.000 0.556
1125.000 0.556
1126.000 0.559
1127.000 0.559
1128.000 0.562
1129.000 0.561
1130.000 0.557
1131.000 0.554
1132.000 0.555
1133.000 0.559
1134.000 0.559
1135.000 0.560
1136.000 0.562
1137.000 0.563
1138.000 0.562
1139.000 0.560
1140.000 0.558
1141.000 0.554
1142.000 0.552
1143.000 0.551
1144.000 0.550
1145.000 0.549
1146.000 0.549
1147.000 0.551
1148.000 0.551
1149.000 0.551
1150.000 0.550
1151.000 0.548
1152.000 0.546
1153.000 0.545
1154.000 0.545
1155.000 0.544
1156.000 0.545
1157.000 0.546
1158.000 0.548
1159.000 0.549
1160.000 0.551
1161.000 0.552
1162.000 0.553
1163.000 0.554
1164.000 0.554
1165.000 0.554
1166.000 0.554
1167.000 0.553
1168.000 0.555
1169.000 0.555
1170.000 0.555
1171.000 0.556
1172.000 0.556
1173.000 0.556
1174.000 0.556
1175.000 0.557
1176.000 0.558
1177.000 0.558
1178.000 0.558
1179.000 0.558
1180.000 0.557
1181.000 0.556
1182.000 0.555
1183.000 0.555
1184.000 0.555
1185.000 0.555
1186.000 0.556
1187.000 0.557
1188.000 0.557
1189.000 0.556
1190.000 0.556
1191.000 0.557
1192.000 0.556
1193.000 0.556
1194.000 0.557
1195.000 0.557
1196.000 0.557
1197.000 0.557
1198.000 0.557
1199.000 0.557
1200.000 0.558
1201.000 0.558
1202.000 0.559
1203.000 0.560
1204.000 0.560
1205.000 0.560
1206.000 0.559
1207.000 0.559
1208.000 0.560
1209.000 0.560
1210.000 0.561
1211.000 0.561
1212.000 0.562
1213.000 0.562
1214.000 0.562
1215.000 0.563
1216.000 0.563
1217.000 0.564
1218.000 0.564
1219.000 0.566
1220.000 0.565
1221.000 0.565
1222.000 0.565
1223.000 0.564
1224.000 0.564
1225.000 0.564
1226.000 0.565
1227.000 0.565
1228.000 0.566
1229.000 0.567
1230.000 0.568
1231.000 0.568
1232.000 0.568
1233.000 0.568
1234.000 0.568
1235.000 0.569
1236.000 0.568
1237.000 0.569
1238.000 0.570
1239.000 0.570
1240.000 0.571
1241.000 0.571
1242.000 0.572
1243.000 0.572
1244.000 0.572
1245.000 0.572
1246.000 0.572
1247.000 0.572
1248.000 0.573
1249.000 0.572
1250.000 0.572
1251.000 0.572
1252.000 0.572
1253.000 0.573
1254.000 0.573
1255.000 0.574
1256.000 0.574
1257.000 0.573
1258.000 0.572
1259.000 0.572
1260.000 0.572
1261.000 0.572
1262.000 0.572
1263.000 0.572
1264.000 0.572
1265.000 0.572
1266.000 0.573
1267.000 0.574
1268.000 0.574
1269.000 0.574
1270.000 0.574
1271.000 0.575
1272.000 0.575
1273.000 0.575
1274.000 0.577
1275.000 0.578
1276.000 0.578
1277.000 0.577
1278.000 0.577
1279.000 0.576
1280.000 0.575
1281.000 0.575
1282.000 0.575
1283.000 0.574
1284.000 0.574
1285.000 0.575
1286.000 0.574
1287.000 0.573
1288.000 0.573
1289.000 0.573
1290.000 0.572
1291.000 0.572
1292.000 0.571
1293.000 0.571
1294.000 0.571
1295.000 0.570
1296.000 0.570
1297.000 0.570
1298.000 0.568
1299.000 0.568
1300.000 0.567
1301.000 0.567
1302.000 0.566
1303.000 0.566
1304.000 0.565
1305.000 0.563
1306.000 0.561
1307.000 0.562
1308.000 0.561
1309.000 0.561
1310.000 0.560
1311.000 0.558
1312.000 0.557
1313.000 0.554
1314.000 0.552
1315.000 0.550
1316.000 0.548
1317.000 0.548
1318.000 0.547
1319.000 0.547
1320.000 0.545
1321.000 0.543
1322.000 0.541
1323.000 0.539
1324.000 0.538
1325.000 0.536
1326.000 0.535
1327.000 0.533
1328.000 0.531
1329.000 0.529
1330.000 0.526
1331.000 0.524
1332.000 0.522
1333.000 0.521
1334.000 0.519
1335.000 0.518
1336.000 0.513
1337.000 0.511
1338.000 0.511
1339.000 0.510
1340.000 0.509
1341.000 0.508
1342.000 0.506
1343.000 0.504
1344.000 0.502
1345.000 0.500
1346.000 0.496
1347.000 0.492
1348.000 0.487
1349.000 0.481
1350.000 0.475
1351.000 0.473
1352.000 0.454
1353.000 0.406
1354.000 0.401
1355.000 0.410
1356.000 0.334
1357.000 0.378
1358.000 0.476
1359.000 0.399
1360.000 0.291
1361.000 0.285
1362.000 0.381
1363.000 0.392
1364.000 0.391
1365.000 0.265
1366.000 0.364
1367.000 0.477
1368.000 0.618
1369.000 0.734
1370.000 0.770
1371.000 0.081
1372.000 0.197
1373.000 0.225
1374.000 0.237
1375.000 0.586
1376.000 0.482
1377.000 0.337
1378.000 0.325
1379.000 0.366
1380.000 0.245
1381.000 0.317
1382.000 0.308
1383.000 0.384
1384.000 0.398
1385.000 0.436
1386.000 0.569
1387.000 0.423
1388.000 0.518
1389.000 0.439
1390.000 0.401
1391.000 0.384
1392.000 0.380
1393.000 0.240
1394.000 0.405
1395.000 0.607
1396.000 0.250
1397.000 0.311
1398.000 0.454
1399.000 0.362
1400.000 0.335
1401.000 0.200
1402.000 0.474
1403.000 0.540
1404.000 0.484
1405.000 0.535
1406.000 0.697
1407.000 0.842
1408.000 0.471
1409.000 0.465
1410.000 0.423
1411.000 0.487
1412.000 0.434
1413.000 0.300
1414.000 0.295
1415.000 0.293
1416.000 0.311
1417.000 0.677
1418.000 0.738
1419.000 0.630
1420.000 0.775
1421.000 0.512
1422.000 0.143
1423.000 0.233
1424.000 0.340
1425.000 0.426
1426.000 0.353
1427.000 0.342
1428.000 0.172
1429.000 0.210
1430.000 0.242
1431.000 0.369
1432.000 0.266
1433.000 0.462
1434.000 0.489
1435.000 0.430
1436.000 0.337
1437.000 0.276
1438.000 0.220
1439.000 0.258
1440.000 0.236
1441.000 0.290
1442.000 0.293
1443.000 0.252
1444.000 0.235
1445.000 0.185
1446.000 0.171
1447.000 0.202
1448.000 0.213
1449.000 0.224
1450.000 0.216
1451.000 0.201
1452.000 0.208
1453.000 0.214
1454.000 0.219
1455.000 0.221
1456.000 0.219
1457.000 0.220
1458.000 0.223
1459.000 0.221
1460.000 0.214
1461.000 0.215
1462.000 0.216
1463.000 0.212
1464.000 0.206
1465.000 0.207
1466.000 0.201
1467.000 0.197
1468.000 0.199
1469.000 0.203
1470.000 0.204
1471.000 0.203
1472.000 0.212
1473.000 0.221
1474.000 0.232
1475.000 0.236
1476.000 0.247
1477.000 0.242
1478.000 0.222
1479.000 0.217
1480.000 0.206
1481.000 0.207
1482.000 0.217
1483.000 0.224
1484.000 0.240
1485.000 0.244
1486.000 0.240
1487.000 0.240
1488.000 0.235
1489.000 0.235
1490.000 0.244
1491.000 0.245
1492.000 0.242
1493.000 0.242
1494.000 0.242
1495.000 0.243
1496.000 0.247
1497.000 0.251
1498.000 0.256
1499.000 0.259
1500.000 0.266
1501.000 0.270
1502.000 0.272
1503.000 0.276
1504.000 0.275
1505.000 0.276
1506.000 0.277
1507.000 0.278
1508.000 0.280
1509.000 0.284
1510.000 0.286
1511.000 0.288
1512.000 0.290
1513.000 0.293
1514.000 0.294
1515.000 0.297
1516.000 0.298
1517.000 0.298
1518.000 0.298
1519.000 0.298
1520.000 0.298
1521.000 0.298
1522.000 0.300
1523.000 0.305
1524.000 0.308
1525.000 0.311
1526.000 0.313
1527.000 0.312
1528.000 0.312
1529.000 0.312
1530.000 0.312
1531.000 0.313
1532.000 0.314
1533.000 0.316
1534.000 0.318
1535.000 0.319
1536.000 0.321
1537.000 0.322
1538.000 0.324
1539.000 0.326
1540.000 0.327
1541.000 0.330
1542.000 0.331
1543.000 0.332
1544.000 0.333
1545.000 0.335
1546.000 0.337
1547.000 0.341
1548.000 0.342
1549.000 0.344
1550.000 0.345
1551.000 0.345
1552.000 0.346
1553.000 0.348
1554.000 0.350
1555.000 0.353
1556.000 0.356
1557.000 0.360
1558.000 0.362
1559.000 0.363
1560.000 0.364
1561.000 0.361
1562.000 0.363
1563.000 0.364
1564.000 0.365
1565.000 0.369
1566.000 0.371
1567.000 0.372
1568.000 0.372
1569.000 0.371
1570.000 0.371
1571.000 0.372
1572.000 0.373
1573.000 0.375
1574.000 0.376
1575.000 0.377
1576.000 0.378
1577.000 0.381
1578.000 0.383
1579.000 0.383
1580.000 0.385
1581.000 0.386
1582.000 0.387
1583.000 0.389
1584.000 0.388
1585.000 0.385
1586.000 0.384
1587.000 0.385
1588.000 0.386
1589.000 0.388
1590.000 0.390
1591.000 0.392
1592.000 0.393
1593.000 0.395
1594.000 0.395
1595.000 0.395
1596.000 0.396
1597.000 0.398
1598.000 0.399
1599.000 0.401
1600.000 0.402
1601.000 0.405
1602.000 0.406
1603.000 0.407
1604.000 0.407
1605.000 0.407
1606.000 0.407
1607.000 0.408
1608.000 0.409
1609.000 0.410
1610.000 0.411
1611.000 0.413
1612.000 0.414
1613.000 0.414
1614.000 0.414
1615.000 0.415
1616.000 0.414
1617.000 0.414
1618.000 0.415
1619.000 0.417
1620.000 0.419
1621.000 0.422
1622.000 0.423
1623.000 0.421
1624.000 0.420
1625.000 0.419
1626.000 0.418
1627.000 0.418
1628.000 0.419
1629.000 0.421
1630.000 0.422
1631.000 0.425
1632.000 0.426
1633.000 0.427
1634.000 0.429
1635.000 0.428
1636.000 0.429
1637.000 0.431
1638.000 0.432
1639.000 0.433
1640.000 0.434
1641.000 0.433
1642.000 0.433
1643.000 0.435
1644.000 0.435
1645.000 0.439
1646.000 0.439
1647.000 0.437
1648.000 0.436
1649.000 0.434
1650.000 0.434
1651.000 0.434
1652.000 0.434
1653.000 0.434
1654.000 0.434
1655.000 0.434
1656.000 0.434
1657.000 0.435
1658.000 0.436
1659.000 0.438
1660.000 0.438
1661.000 0.437
1662.000 0.438
1663.000 0.440
1664.000 0.441
1665.000 0.443
1666.000 0.444
1667.000 0.443
1668.000 0.444
1669.000 0.445
1670.000 0.446
1671.000 0.446
1672.000 0.446
1673.000 0.445
1674.000 0.445
1675.000 0.444
1676.000 0.444
1677.000 0.445
1678.000 0.446
1679.000 0.448
1680.000 0.449
1681.000 0.446
1682.000 0.445
1683.000 0.441
1684.000 0.440
1685.000 0.443
1686.000 0.443
1687.000 0.444
1688.000 0.444
1689.000 0.442
1690.000 0.442
1691.000 0.442
1692.000 0.442
1693.000 0.444
1694.000 0.443
1695.000 0.438
1696.000 0.437
1697.000 0.434
1698.000 0.434
1699.000 0.438
1700.000 0.439
1701.000 0.439
1702.000 0.438
1703.000 0.435
1704.000 0.435
1705.000 0.436
1706.000 0.435
1707.000 0.435
1708.000 0.434
1709.000 0.432
1710.000 0.432
1711.000 0.433
1712.000 0.434
1713.000 0.435
1714.000 0.432
1715.000 0.433
1716.000 0.433
1717.000 0.431
1718.000 0.431
1719.000 0.429
1720.000 0.428
1721.000 0.428
1722.000 0.432
1723.000 0.436
1724.000 0.436
1725.000 0.436
1726.000 0.435
1727.000 0.431
1728.000 0.429
1729.000 0.427
1730.000 0.422
1731.000 0.422
1732.000 0.419
1733.000 0.417
1734.000 0.420
1735.000 0.419
1736.000 0.420
1737.000 0.420
1738.000 0.415
1739.000 0.414
1740.000 0.413
1741.000 0.412
1742.000 0.415
1743.000 0.416
1744.000 0.418
1745.000 0.417
1746.000 0.416
1747.000 0.414
1748.000 0.407
1749.000 0.406
1750.000 0.407
1751.000 0.409
1752.000 0.418
1753.000 0.418
1754.000 0.415
1755.000 0.410
1756.000 0.399
1757.000 0.397
1758.000 0.399
1759.000 0.402
1760.000 0.402
1761.000 0.401
1762.000 0.398
1763.000 0.394
1764.000 0.395
1765.000 0.398
1766.000 0.398
1767.000 0.396
1768.000 0.393
1769.000 0.389
1770.000 0.382
1771.000 0.385
1772.000 0.387
1773.000 0.385
1774.000 0.387
1775.000 0.386
1776.000 0.387
1777.000 0.388
1778.000 0.377
1779.000 0.369
1780.000 0.364
1781.000 0.363
1782.000 0.372
1783.000 0.382
1784.000 0.389
1785.000 0.389
1786.000 0.388
1787.000 0.381
1788.000 0.378
1789.000 0.371
1790.000 0.370
1791.000 0.380
1792.000 0.367
1793.000 0.370
1794.000 0.377
1795.000 0.395
1796.000 0.440
1797.000 0.492
1798.000 0.499
1799.000 0.494
1800.000 0.452
1801.000 0.433
1802.000 0.420
1803.000 0.464
1804.000 0.474
1805.000 0.489
1806.000 0.545
1807.000 0.599
1808.000 0.585
1809.000 0.547
1810.000 0.501
1811.000 0.454
1812.000 0.387
1813.000 0.370
1814.000 0.535
1815.000 0.461
1816.000 0.490
1817.000 0.407
1818.000 0.383
1819.000 0.491
1820.000 0.535
1821.000 0.555
1822.000 0.664
1823.000 0.558
1824.000 0.167
1825.000 0.281
1826.000 0.445
1827.000 0.483
1828.000 0.619
1829.000 0.489
1830.000 0.577
1831.000 0.600
1832.000 0.561
1833.000 0.510
1834.000 0.383
1835.000 0.505
1836.000 0.343
1837.000 0.607
1838.000 0.583
1839.000 0.483
1840.000 0.604
1841.000 0.544
1842.000 0.466
1843.000 0.436
1844.000 0.643
1845.000 0.761
1846.000 0.634
1847.000 0.642
1848.000 0.604
1849.000 0.621
1850.000 0.613
1851.000 0.574
1852.000 0.677
1853.000 0.638
1854.000 0.608
1855.000 0.560
1856.000 0.637
1857.000 0.557
1858.000 0.597
1859.000 0.505
1860.000 0.476
1861.000 0.552
1862.000 0.550
1863.000 0.603
1864.000 0.813
1865.000 0.731
1866.000 0.651
1867.000 0.634
1868.000 0.567
1869.000 0.545
1870.000 0.274
1871.000 0.400
1872.000 0.622
1873.000 0.632
1874.000 0.628
1875.000 0.655
1876.000 0.635
1877.000 0.619
1878.000 0.638
1879.000 0.266
1880.000 0.412
1881.000 0.549
1882.000 0.479
1883.000 0.483
1884.000 0.428
1885.000 0.364
1886.000 0.438
1887.000 0.471
1888.000 0.388
1889.000 0.475
1890.000 0.636
1891.000 0.608
1892.000 0.607
1893.000 0.657
1894.000 0.564
1895.000 0.570
1896.000 0.575
1897.000 0.506
1898.000 0.506
1899.000 0.447
1900.000 0.423
1901.000 0.434
1902.000 0.469
1903.000 0.447
1904.000 0.356
1905.000 0.391
1906.000 0.389
1907.000 0.532
1908.000 0.591
1909.000 0.753
1910.000 0.776
1911.000 0.698
1912.000 0.594
1913.000 0.569
1914.000 0.516
1915.000 0.514
1916.000 0.658
1917.000 0.571
1918.000 0.604
1919.000 0.708
1920.000 0.697
1921.000 0.728
1922.000 0.644
1923.000 0.426
1924.000 0.271
1925.000 0.403
1926.000 0.391
1927.000 0.428
1928.000 0.355
1929.000 0.288
1930.000 0.266
1931.000 0.162
1932.000 0.279
1933.000 0.374
1934.000 0.450
1935.000 0.584
1936.000 0.352
1937.000 0.313
1938.000 0.322
1939.000 0.408
1940.000 0.392
1941.000 0.517
1942.000 0.638
1943.000 0.639
1944.000 0.699
1945.000 0.769
1946.000 0.481
1947.000 0.506
1948.000 0.520
1949.000 0.469
1950.000 0.708
1951.000 0.609
1952.000 0.560
1953.000 0.386
1954.000 0.342
1955.000 0.311
1956.000 0.265
1957.000 0.239
1958.000 0.274
1959.000 0.278
1960.000 0.383
1961.000 0.430
1962.000 0.475
1963.000 0.393
1964.000 0.428
1965.000 0.375
1966.000 0.374
1967.000 0.373
1968.000 0.303
1969.000 0.278
1970.000 0.236
1971.000 0.205
1972.000 0.232
1973.000 0.235
1974.000 0.238
1975.000 0.253
1976.000 0.266
1977.000 0.263
1978.000 0.246
1979.000 0.252
1980.000 0.247
1981.000 0.221
1982.000 0.212
1983.000 0.204
1984.000 0.198
1985.000 0.210
1986.000 0.214
1987.000 0.216
1988.000 0.217
1989.000 0.222
1990.000 0.228
1991.000 0.235
1992.000 0.259
1993.000 0.248
1994.000 0.211
1995.000 0.177
1996.000 0.171
1997.000 0.178
1998.000 0.200
1999.000 0.225
2000.000 0.254
2001.000 0.283
2002.000 0.311
2003.000 0.337
2004.000 0.253
2005.000 0.231
2006.000 0.240
2007.000 0.253
2008.000 0.228
2009.000 0.255
2010.000 0.285
2011.000 0.302
2012.000 0.293
2013.000 0.272
2014.000 0.262
2015.000 0.240
2016.000 0.223
2017.000 0.233
2018.000 0.216
2019.000 0.197
2020.000 0.167
2021.000 0.144
2022.000 0.145
2023.000 0.167
2024.000 0.180
2025.000 0.187
2026.000 0.187
2027.000 0.190
2028.000 0.184
2029.000 0.181
2030.000 0.174
2031.000 0.175
2032.000 0.174
2033.000 0.177
2034.000 0.182
2035.000 0.198
2036.000 0.207
2037.000 0.215
2038.000 0.221
2039.000 0.217
2040.000 0.216
2041.000 0.214
2042.000 0.212
2043.000 0.213
2044.000 0.217
2045.000 0.230
2046.000 0.231
2047.000 0.229
2048.000 0.227
2049.000 0.221
2050.000 0.210
2051.000 0.209
2052.000 0.220
2053.000 0.222
2054.000 0.222
2055.000 0.221
2056.000 0.218
2057.000 0.220
2058.000 0.225
2059.000 0.231
2060.000 0.241
2061.000 0.249
2062.000 0.263
2063.000 0.266
2064.000 0.258
2065.000 0.253
2066.000 0.235
2067.000 0.235
2068.000 0.232
2069.000 0.235
2070.000 0.236
2071.000 0.232
2072.000 0.236
2073.000 0.245
2074.000 0.251
2075.000 0.264
2076.000 0.270
2077.000 0.282
2078.000 0.272
2079.000 0.245
2080.000 0.232
2081.000 0.213
2082.000 0.193
2083.000 0.202
2084.000 0.207
2085.000 0.207
2086.000 0.214
2087.000 0.221
2088.000 0.227
2089.000 0.232
2090.000 0.246
2091.000 0.248
2092.000 0.236
2093.000 0.232
2094.000 0.222
2095.000 0.220
2096.000 0.223
2097.000 0.225
2098.000 0.226
2099.000 0.235
2100.000 0.237
2101.000 0.246
2102.000 0.255
2103.000 0.252
2104.000 0.259
2105.000 0.272
2106.000 0.270
2107.000 0.264
2108.000 0.258
2109.000 0.239
2110.000 0.234
2111.000 0.239
2112.000 0.240
2113.000 0.244
2114.000 0.240
2115.000 0.224
2116.000 0.221
2117.000 0.218
2118.000 0.222
2119.000 0.230
2120.000 0.246
2121.000 0.264
2122.000 0.269
2123.000 0.272
2124.000 0.268
2125.000 0.274
2126.000 0.283
2127.000 0.290
2128.000 0.315
2129.000 0.316
2130.000 0.297
2131.000 0.290
2132.000 0.273
2133.000 0.267
2134.000 0.277
2135.000 0.275
2136.000 0.273
2137.000 0.266
2138.000 0.254
2139.000 0.241
2140.000 0.247
2141.000 0.261
2142.000 0.264
2143.000 0.271
2144.000 0.271
2145.000 0.259
2146.000 0.256
2147.000 0.257
2148.000 0.257
2149.000 0.249
2150.000 0.250
2151.000 0.255
2152.000 0.263
2153.000 0.279
2154.000 0.291
2155.000 0.305
2156.000 0.311
2157.000 0.312
2158.000 0.305
2159.000 0.289
2160.000 0.277
2161.000 0.275
2162.000 0.282
2163.000 0.285
2164.000 0.296
2165.000 0.303
2166.000 0.313
2167.000 0.309
2168.000 0.297
2169.000 0.291
2170.000 0.270
2171.000 0.264
2172.000 0.268
2173.000 0.271
2174.000 0.283
2175.000 0.289
2176.000 0.293
2177.000 0.291
2178.000 0.282
2179.000 0.284
2180.000 0.288
2181.000 0.287
2182.000 0.280
2183.000 0.271
2184.000 0.267
2185.000 0.259
2186.000 0.260
2187.000 0.270
2188.000 0.273
2189.000 0.280
2190.000 0.285
2191.000 0.287
2192.000 0.286
2193.000 0.279
2194.000 0.275
2195.000 0.266
2196.000 0.266
2197.000 0.265
2198.000 0.274
2199.000 0.304
2200.000 0.313
2201.000 0.318
2202.000 0.316
2203.000 0.302
2204.000 0.277
2205.000 0.268
2206.000 0.276
2207.000 0.278
2208.000 0.278
2209.000 0.278
2210.000 0.273
2211.000 0.272
2212.000 0.270
2213.000 0.272
2214.000 0.275
2215.000 0.276
2216.000 0.278
2217.000 0.280
2218.000 0.281
2219.000 0.288
2220.000 0.307
2221.000 0.311
2222.000 0.313
2223.000 0.313
2224.000 0.294
2225.000 0.288
2226.000 0.283
2227.000 0.284
2228.000 0.297
2229.000 0.301
2230.000 0.308
2231.000 0.310
2232.000 0.295
2233.000 0.287
2234.000 0.281
2235.000 0.273
2236.000 0.277
2237.000 0.290
2238.000 0.292
2239.000 0.291
2240.000 0.289
2241.000 0.282
2242.000 0.279
2243.000 0.281
2244.000 0.279
2245.000 0.272
2246.000 0.271
2247.000 0.275
2248.000 0.276
2249.000 0.277
2250.000 0.283
2251.000 0.292
2252.000 0.297
2253.000 0.308
2254.000 0.308
2255.000 0.298
2256.000 0.292
2257.000 0.274
2258.000 0.279
2259.000 0.275
2260.000 0.285
2261.000 0.314
2262.000 0.315
2263.000 0.333
2264.000 0.328
2265.000 0.291
2266.000 0.279
2267.000 0.273
2268.000 0.263
2269.000 0.291
2270.000 0.311
2271.000 0.292
2272.000 0.290
2273.000 0.284
2274.000 0.251
2275.000 0.250
2276.000 0.278
2277.000 0.290
2278.000 0.321
2279.000 0.333
2280.000 0.316
2281.000 0.304
2282.000 0.278
2283.000 0.271
2284.000 0.270
2285.000 0.268
2286.000 0.285
2287.000 0.286
2288.000 0.270
2289.000 0.263
2290.000 0.244
2291.000 0.235
2292.000 0.249
2293.000 0.248
2294.000 0.241
2295.000 0.272
2296.000 0.232
2297.000 0.215
2298.000 0.221
2299.000 0.231
2300.000 0.241
2301.000 0.260
2302.000 0.255
2303.000 0.268
2304.000 0.287
2305.000 0.274
2306.000 0.255
2307.000 0.231
2308.000 0.223
2309.000 0.216
2310.000 0.229
2311.000 0.252
2312.000 0.236
2313.000 0.221
2314.000 0.202
2315.000 0.198
2316.000 0.260
2317.000 0.293
2318.000 0.289
2319.000 0.245
2320.000 0.246
2321.000 0.226
2322.000 0.257
2323.000 0.246
2324.000 0.280
2325.000 0.264
2326.000 0.249
2327.000 0.216
2328.000 0.213
2329.000 0.213
2330.000 0.212
2331.000 0.214
2332.000 0.213
2333.000 0.209
2334.000 0.209
2335.000 0.229
2336.000 0.246
2337.000 0.228
2338.000 0.215
2339.000 0.250
2340.000 0.323
2341.000 0.418
2342.000 0.423
2343.000 0.387
2344.000 0.312
2345.000 0.324
2346.000 0.327
2347.000 0.301
2348.000 0.301
2349.000 0.276
2350.000 0.283
2351.000 0.271
2352.000 0.268
2353.000 0.380
2354.000 0.402
2355.000 0.282
2356.000 0.289
2357.000 0.383
2358.000 0.371
2359.000 0.397
2360.000 0.432
2361.000 0.433
2362.000 0.345
2363.000 0.298
2364.000 0.370
2365.000 0.367
2366.000 0.310
2367.000 0.376
2368.000 0.365
2369.000 0.299
2370.000 0.390
2371.000 0.301
2372.000 0.325
2373.000 0.212
2374.000 0.210
2375.000 0.366
2376.000 0.320
2377.000 0.303
2378.000 0.269
2379.000 0.206
2380.000 0.292
2381.000 0.280
2382.000 0.275
2383.000 0.338
2384.000 0.248
2385.000 0.360
2386.000 0.375
2387.000 0.408
2388.000 0.320
2389.000 0.194
2390.000 0.382
2391.000 0.487
2392.000 0.396
2393.000 0.272
2394.000 0.314
2395.000 0.236
2396.000 0.427
2397.000 0.688
2398.000 0.537
2399.000 0.504
2400.000 0.266
2401.000 0.207
2402.000 0.161
2403.000 0.185
2404.000 0.215
2405.000 0.409
2406.000 0.257
2407.000 0.233
2408.000 0.317
2409.000 0.306
2410.000 0.339
2411.000 0.406
2412.000 0.408
2413.000 0.480
2414.000 0.536
2415.000 0.587
2416.000 0.520
2417.000 0.304
2418.000 0.540
2419.000 0.564
2420.000 0.447
2421.000 0.352
2422.000 0.362
2423.000 0.414
2424.000 0.475
2425.000 0.559
2426.000 0.671
2427.000 0.440
2428.000 0.496
2429.000 0.402
2430.000 0.296
2431.000 0.214
2432.000 0.177
2433.000 0.535
2434.000 0.462
2435.000 0.357
2436.000 0.316
2437.000 0.292
2438.000 0.284
2439.000 0.271
2440.000 0.301
2441.000 0.356
2442.000 0.373
2443.000 0.285
2444.000 0.511
2445.000 0.707
2446.000 0.451
2447.000 0.513
2448.000 0.509
2449.000 0.234
2450.000 0.144
2451.000 0.247
2452.000 0.338
2453.000 0.328
2454.000 0.618
2455.000 0.662
2456.000 0.633
2457.000 0.648
2458.000 0.730
2459.000 0.387
2460.000 0.460
2461.000 0.342
2462.000 0.215
2463.000 0.164
2464.000 0.333
2465.000 0.327
2466.000 0.258
2467.000 0.247
2468.000 0.433
2469.000 0.424
2470.000 0.435
2471.000 0.465
2472.000 0.489
2473.000 0.506
2474.000 0.442
2475.000 0.394
2476.000 0.680
2477.000 0.534
2478.000 0.565
2479.000 0.472
2480.000 0.382
2481.000 0.572
2482.000 0.105
2483.000 0.253
2484.000 0.451
2485.000 0.476
2486.000 0.447
2487.000 0.404
2488.000 0.424
2489.000 0.364
2490.000 0.060
2491.000 0.202
2492.000 0.232
2493.000 0.311
2494.000 0.408
2495.000 0.454
2496.000 0.431
2497.000 0.363
2498.000 0.426
2499.000 0.481
2500.000 0.168
