391.000 0.026
392.000 0.028
393.000 0.031
394.000 0.029
395.000 0.029
396.000 0.030
397.000 0.030
398.000 0.034
399.000 0.034
400.000 0.032
401.000 0.031
402.000 0.028
403.000 0.029
404.000 0.029
405.000 0.029
406.000 0.030
407.000 0.031
408.000 0.033
409.000 0.033
410.000 0.033
411.000 0.033
412.000 0.033
413.000 0.032
414.000 0.033
415.000 0.033
416.000 0.032
417.000 0.033
418.000 0.033
419.000 0.032
420.000 0.033
421.000 0.034
422.000 0.033
423.000 0.033
424.000 0.033
425.000 0.033
426.000 0.033
427.000 0.034
428.000 0.034
429.000 0.033
430.000 0.033
431.000 0.035
432.000 0.035
433.000 0.035
434.000 0.034
435.000 0.032
436.000 0.034
437.000 0.036
438.000 0.035
439.000 0.035
440.000 0.035
441.000 0.034
442.000 0.035
443.000 0.035
444.000 0.036
445.000 0.036
446.000 0.035
447.000 0.035
448.000 0.035
449.000 0.035
450.000 0.034
451.000 0.035
452.000 0.036
453.000 0.034
454.000 0.035
455.000 0.037
456.000 0.038
457.000 0.036
458.000 0.036
459.000 0.037
460.000 0.038
461.000 0.036
462.000 0.036
463.000 0.037
464.000 0.036
465.000 0.036
466.000 0.036
467.000 0.036
468.000 0.038
469.000 0.037
470.000 0.036
471.000 0.036
472.000 0.037
473.000 0.037
474.000 0.036
475.000 0.036
476.000 0.038
477.000 0.038
478.000 0.036
479.000 0.037
480.000 0.037
481.000 0.038
482.000 0.038
483.000 0.038
484.000 0.037
485.000 0.037
486.000 0.037
487.000 0.037
488.000 0.038
489.000 0.037
490.000 0.037
491.000 0.037
492.000 0.038
493.000 0.040
494.000 0.039
495.000 0.039
496.000 0.041
497.000 0.040
498.000 0.040
499.000 0.040
500.000 0.040
501.000 0.041
502.000 0.040
503.000 0.041
504.000 0.043
505.000 0.042
506.000 0.042
507.000 0.044
508.000 0.044
509.000 0.045
510.000 0.046
511.000 0.047
512.000 0.048
513.000 0.049
514.000 0.050
515.000 0.051
516.000 0.053
517.000 0.055
518.000 0.056
519.000 0.058
520.000 0.059
521.000 0.061
522.000 0.063
523.000 0.065
524.000 0.066
525.000 0.068
526.000 0.070
527.000 0.072
528.000 0.073
529.000 0.074
530.000 0.075
531.000 0.077
532.000 0.079
533.000 0.079
534.000 0.080
535.000 0.081
536.000 0.082
537.000 0.082
538.000 0.082
539.000 0.083
540.000 0.083
541.000 0.084
542.000 0.085
543.000 0.084
544.000 0.085
545.000 0.085
546.000 0.086
547.000 0.086
548.000 0.086
549.000 0.086
550.000 0.086
551.000 0.087
552.000 0.086
553.000 0.086
554.000 0.086
555.000 0.086
556.000 0.086
557.000 0.085
558.000 0.084
559.000 0.084
560.000 0.084
561.000 0.083
562.000 0.083
563.000 0.081
564.000 0.080
565.000 0.079
566.000 0.078
567.000 0.078
568.000 0.076
569.000 0.076
570.000 0.074
571.000 0.072
572.000 0.071
573.000 0.071
574.000 0.071
575.000 0.069
576.000 0.068
577.000 0.067
578.000 0.067
579.000 0.066
580.000 0.066
581.000 0.065
582.000 0.064
583.000 0.063
584.000 0.063
585.000 0.063
586.000 0.063
587.000 0.062
588.000 0.061
589.000 0.061
590.000 0.060
591.000 0.060
592.000 0.060
593.000 0.060
594.000 0.059
595.000 0.060
596.000 0.060
597.000 0.059
598.000 0.059
599.000 0.059
600.000 0.059
601.000 0.058
602.000 0.059
603.000 0.058
604.000 0.058
605.000 0.059
606.000 0.058
607.000 0.058
608.000 0.058
609.000 0.058
610.000 0.057
611.000 0.057
612.000 0.056
613.000 0.055
614.000 0.055
615.000 0.055
616.000 0.054
617.000 0.054
618.000 0.054
619.000 0.054
620.000 0.054
621.000 0.053
622.000 0.053
623.000 0.054
624.000 0.054
625.000 0.054
626.000 0.054
627.000 0.053
628.000 0.053
629.000 0.054
630.000 0.053
631.000 0.053
632.000 0.054
633.000 0.055
634.000 0.054
635.000 0.053
636.000 0.052
637.000 0.053
638.000 0.054
639.000 0.053
640.000 0.051
641.000 0.052
642.000 0.051
643.000 0.050
644.000 0.051
645.000 0.051
646.000 0.049
647.000 0.048
648.000 0.049
649.000 0.049
650.000 0.049
651.000 0.048
652.000 0.049
653.000 0.049
654.000 0.049
655.000 0.049
656.000 0.049
657.000 0.050
658.000 0.049
659.000 0.049
660.000 0.050
661.000 0.051
662.000 0.051
663.000 0.049
664.000 0.049
665.000 0.050
666.000 0.049
667.000 0.050
668.000 0.049
669.000 0.050
670.000 0.052
671.000 0.053
672.000 0.052
673.000 0.052
674.000 0.055
675.000 0.053
676.000 0.052
677.000 0.053
678.000 0.056
679.000 0.057
680.000 0.056
681.000 0.057
682.000 0.057
683.000 0.058
684.000 0.059
685.000 0.060
686.000 0.061
687.000 0.063
688.000 0.064
689.000 0.065
690.000 0.065
691.000 0.066
692.000 0.067
693.000 0.071
694.000 0.076
695.000 0.080
696.000 0.083
697.000 0.087
698.000 0.092
699.000 0.097
700.000 0.102
701.000 0.108
702.000 0.114
703.000 0.120
704.000 0.125
705.000 0.131
706.000 0.137
707.000 0.143
708.000 0.149
709.000 0.155
710.000 0.162
711.000 0.168
712.000 0.174
713.000 0.180
714.000 0.186
715.000 0.192
716.000 0.198
717.000 0.204
718.000 0.210
719.000 0.217
720.000 0.224
721.000 0.232
722.000 0.238
723.000 0.243
724.000 0.249
725.000 0.255
726.000 0.262
727.000 0.268
728.000 0.274
729.000 0.280
730.000 0.286
731.000 0.293
732.000 0.299
733.000 0.305
734.000 0.311
735.000 0.316
736.000 0.320
737.000 0.326
738.000 0.330
739.000 0.335
740.000 0.339
741.000 0.343
742.000 0.347
743.000 0.350
744.000 0.354
745.000 0.357
746.000 0.360
747.000 0.363
748.000 0.365
749.000 0.367
750.000 0.370
751.000 0.371
752.000 0.373
753.000 0.375
754.000 0.376
755.000 0.378
756.000 0.379
757.000 0.380
758.000 0.380
759.000 0.379
760.000 0.377
761.000 0.375
762.000 0.373
763.000 0.373
764.000 0.376
765.000 0.379
766.000 0.382
767.000 0.385
768.000 0.387
769.000 0.389
770.000 0.390
771.000 0.391
772.000 0.391
773.000 0.392
774.000 0.393
775.000 0.393
776.000 0.394
777.000 0.395
778.000 0.395
779.000 0.395
780.000 0.396
781.000 0.396
782.000 0.396
783.000 0.396
784.000 0.396
785.000 0.396
786.000 0.396
787.000 0.396
788.000 0.396
789.000 0.396
790.000 0.396
791.000 0.397
792.000 0.397
793.000 0.398
794.000 0.398
795.000 0.398
796.000 0.399
797.000 0.399
798.000 0.399
799.000 0.399
800.000 0.399
801.000 0.399
802.000 0.399
803.000 0.400
804.000 0.400
805.000 0.401
806.000 0.402
807.000 0.402
808.000 0.402
809.000 0.402
810.000 0.401
811.000 0.400
812.000 0.399
813.000 0.398
814.000 0.396
815.000 0.395
816.000 0.395
817.000 0.395
818.000 0.396
819.000 0.397
820.000 0.399
821.000 0.398
822.000 0.399
823.000 0.401
824.000 0.401
825.000 0.401
826.000 0.402
827.000 0.402
828.000 0.403
829.000 0.403
830.000 0.403
831.000 0.404
832.000 0.405
833.000 0.406
834.000 0.407
835.000 0.408
836.000 0.409
837.000 0.409
838.000 0.410
839.000 0.411
840.000 0.411
841.000 0.412
842.000 0.413
843.000 0.414
844.000 0.414
845.000 0.415
846.000 0.415
847.000 0.416
848.000 0.416
849.000 0.417
850.000 0.417
851.000 0.417
852.000 0.417
853.000 0.418
854.000 0.418
855.000 0.419
856.000 0.419
857.000 0.419
858.000 0.419
859.000 0.419
860.000 0.420
861.000 0.420
862.000 0.420
863.000 0.421
864.000 0.421
865.000 0.422
866.000 0.423
867.000 0.423
868.000 0.423
869.000 0.423
870.000 0.423
871.000 0.423
872.000 0.423
873.000 0.424
874.000 0.424
875.000 0.424
876.000 0.424
877.000 0.424
878.000 0.424
879.000 0.424
880.000 0.425
881.000 0.425
882.000 0.425
883.000 0.425
884.000 0.425
885.000 0.426
886.000 0.426
887.000 0.426
888.000 0.426
889.000 0.426
890.000 0.425
891.000 0.424
892.000 0.423
893.000 0.423
894.000 0.421
895.000 0.420
896.000 0.419
897.000 0.418
898.000 0.417
899.000 0.416
900.000 0.415
901.000 0.416
902.000 0.416
903.000 0.416
904.000 0.416
905.000 0.416
906.000 0.417
907.000 0.417
908.000 0.416
909.000 0.416
910.000 0.416
911.000 0.414
912.000 0.414
913.000 0.414
914.000 0.414
915.000 0.414
916.000 0.415
917.000 0.416
918.000 0.417
919.000 0.418
920.000 0.417
921.000 0.417
922.000 0.419
923.000 0.419
924.000 0.418
925.000 0.416
926.000 0.414
927.000 0.413
928.000 0.412
929.000 0.410
930.000 0.407
931.000 0.403
932.000 0.399
933.000 0.399
934.000 0.396
935.000 0.390
936.000 0.389
937.000 0.390
938.000 0.389
939.000 0.388
940.000 0.388
941.000 0.389
942.000 0.388
943.000 0.389
944.000 0.390
945.000 0.392
946.000 0.391
947.000 0.388
948.000 0.389
949.000 0.388
950.000 0.388
951.000 0.390
952.000 0.390
953.000 0.388
954.000 0.389
955.000 0.392
956.000 0.390
957.000 0.391
958.000 0.393
959.000 0.395
960.000 0.394
961.000 0.393
962.000 0.393
963.000 0.397
964.000 0.402
965.000 0.403
966.000 0.403
967.000 0.406
968.000 0.406
969.000 0.406
970.000 0.407
971.000 0.408
972.000 0.410
973.000 0.409
974.000 0.409
975.000 0.411
976.000 0.411
977.000 0.411
978.000 0.412
979.000 0.414
980.000 0.414
981.000 0.415
982.000 0.416
983.000 0.418
984.000 0.419
985.000 0.420
986.000 0.420
987.000 0.420
988.000 0.423
989.000 0.424
990.000 0.424
991.000 0.425
992.000 0.426
993.000 0.426
994.000 0.427
995.000 0.428
996.000 0.429
997.000 0.428
998.000 0.429
999.000 0.430
1000.000 0.430
1001.000 0.436
1002.000 0.436
1003.000 0.437
1004.000 0.438
1005.000 0.438
1006.000 0.439
1007.000 0.440
1008.000 0.440
1009.000 0.440
1010.000 0.440
1011.000 0.441
1012.000 0.441
1013.000 0.441
1014.000 0.442
1015.000 0.442
1016.000 0.444
1017.000 0.444
1018.000 0.445
1019.000 0.445
1020.000 0.445
1021.000 0.444
1022.000 0.444
1023.000 0.445
1024.000 0.446
1025.000 0.446
1026.000 0.447
1027.000 0.447
1028.000 0.447
1029.000 0.448
1030.000 0.448
1031.000 0.449
1032.000 0.450
1033.000 0.450
1034.000 0.450
1035.000 0.450
1036.000 0.450
1037.000 0.451
1038.000 0.452
1039.000 0.452
1040.000 0.453
1041.000 0.453
1042.000 0.452
1043.000 0.452
1044.000 0.453
1045.000 0.453
1046.000 0.454
1047.000 0.454
1048.000 0.455
1049.000 0.455
1050.000 0.455
1051.000 0.455
1052.000 0.456
1053.000 0.457
1054.000 0.457
1055.000 0.457
1056.000 0.457
1057.000 0.457
1058.000 0.457
1059.000 0.457
1060.000 0.457
1061.000 0.458
1062.000 0.458
1063.000 0.458
1064.000 0.457
1065.000 0.457
1066.000 0.457
1067.000 0.458
1068.000 0.458
1069.000 0.459
1070.000 0.459
1071.000 0.458
1072.000 0.458
1073.000 0.458
1074.000 0.458
1075.000 0.458
1076.000 0.459
1077.000 0.459
1078.000 0.459
1079.000 0.459
1080.000 0.459
1081.000 0.459
1082.000 0.459
1083.000 0.460
1084.000 0.459
1085.000 0.459
1086.000 0.458
1087.000 0.458
1088.000 0.457
1089.000 0.456
1090.000 0.456
1091.000 0.456
1092.000 0.456
1093.000 0.456
1094.000 0.455
1095.000 0.455
1096.000 0.453
1097.000 0.452
1098.000 0.451
1099.000 0.450
1100.000 0.450
1101.000 0.449
1102.000 0.448
1103.000 0.447
1104.000 0.445
1105.000 0.444
1106.000 0.443
1107.000 0.443
1108.000 0.442
1109.000 0.441
1110.000 0.440
1111.000 0.438
1112.000 0.434
1113.000 0.432
1114.000 0.431
1115.000 0.429
1116.000 0.427
1117.000 0.425
1118.000 0.422
1119.000 0.420
1120.000 0.418
1121.000 0.418
1122.000 0.418
1123.000 0.416
1124.000 0.412
1125.000 0.409
1126.000 0.403
1127.000 0.402
1128.000 0.405
1129.000 0.409
1130.000 0.410
1131.000 0.412
1132.000 0.411
1133.000 0.409
1134.000 0.408
1135.000 0.407
1136.000 0.409
1137.000 0.410
1138.000 0.411
1139.000 0.412
1140.000 0.410
1141.000 0.406
1142.000 0.406
1143.000 0.404
1144.000 0.403
1145.000 0.405
1146.000 0.404
1147.000 0.402
1148.000 0.400
1149.000 0.398
1150.000 0.398
1151.000 0.399
1152.000 0.400
1153.000 0.401
1154.000 0.402
1155.000 0.403
1156.000 0.403
1157.000 0.404
1158.000 0.405
1159.000 0.406
1160.000 0.407
1161.000 0.409
1162.000 0.410
1163.000 0.412
1164.000 0.412
1165.000 0.413
1166.000 0.413
1167.000 0.414
1168.000 0.414
1169.000 0.414
1170.000 0.415
1171.000 0.416
1172.000 0.416
1173.000 0.417
1174.000 0.417
1175.000 0.417
1176.000 0.417
1177.000 0.416
1178.000 0.416
1179.000 0.417
1180.000 0.417
1181.000 0.417
1182.000 0.417
1183.000 0.416
1184.000 0.416
1185.000 0.416
1186.000 0.416
1187.000 0.416
1188.000 0.417
1189.000 0.417
1190.000 0.418
1191.000 0.418
1192.000 0.417
1193.000 0.418
1194.000 0.419
1195.000 0.419
1196.000 0.420
1197.000 0.420
1198.000 0.420
1199.000 0.420
1200.000 0.420
1201.000 0.421
1202.000 0.421
1203.000 0.421
1204.000 0.421
1205.000 0.422
1206.000 0.422
1207.000 0.423
1208.000 0.423
1209.000 0.424
1210.000 0.424
1211.000 0.424
1212.000 0.425
1213.000 0.425
1214.000 0.426
1215.000 0.426
1216.000 0.426
1217.000 0.427
1218.000 0.428
1219.000 0.428
1220.000 0.429
1221.000 0.429
1222.000 0.430
1223.000 0.430
1224.000 0.431
1225.000 0.432
1226.000 0.432
1227.000 0.433
1228.000 0.434
1229.000 0.434
1230.000 0.435
1231.000 0.435
1232.000 0.436
1233.000 0.437
1234.000 0.437
1235.000 0.438
1236.000 0.438
1237.000 0.438
1238.000 0.439
1239.000 0.440
1240.000 0.440
1241.000 0.440
1242.000 0.441
1243.000 0.441
1244.000 0.441
1245.000 0.442
1246.000 0.442
1247.000 0.443
1248.000 0.443
1249.000 0.443
1250.000 0.443
1251.000 0.443
1252.000 0.443
1253.000 0.443
1254.000 0.443
1255.000 0.442
1256.000 0.442
1257.000 0.442
1258.000 0.442
1259.000 0.442
1260.000 0.442
1261.000 0.442
1262.000 0.441
1263.000 0.441
1264.000 0.440
1265.000 0.441
1266.000 0.441
1267.000 0.441
1268.000 0.441
1269.000 0.441
1270.000 0.442
1271.000 0.442
1272.000 0.442
1273.000 0.443
1274.000 0.443
1275.000 0.444
1276.000 0.445
1277.000 0.445
1278.000 0.446
1279.000 0.446
1280.000 0.446
1281.000 0.446
1282.000 0.447
1283.000 0.447
1284.000 0.446
1285.000 0.447
1286.000 0.447
1287.000 0.447
1288.000 0.447
1289.000 0.447
1290.000 0.446
1291.000 0.445
1292.000 0.444
1293.000 0.444
1294.000 0.443
1295.000 0.442
1296.000 0.441
1297.000 0.440
1298.000 0.440
1299.000 0.439
1300.000 0.438
1301.000 0.438
1302.000 0.437
1303.000 0.436
1304.000 0.435
1305.000 0.435
1306.000 0.434
1307.000 0.432
1308.000 0.432
1309.000 0.430
1310.000 0.429
1311.000 0.428
1312.000 0.427
1313.000 0.426
1314.000 0.425
1315.000 0.423
1316.000 0.422
1317.000 0.420
1318.000 0.419
1319.000 0.419
1320.000 0.419
1321.000 0.417
1322.000 0.415
1323.000 0.413
1324.000 0.410
1325.000 0.408
1326.000 0.407
1327.000 0.405
1328.000 0.402
1329.000 0.400
1330.000 0.397
1331.000 0.395
1332.000 0.395
1333.000 0.393
1334.000 0.390
1335.000 0.388
1336.000 0.385
1337.000 0.384
1338.000 0.384
1339.000 0.383
1340.000 0.381
1341.000 0.381
1342.000 0.382
1343.000 0.383
1344.000 0.385
1345.000 0.387
1346.000 0.384
1347.000 0.382
1348.000 0.380
1349.000 0.374
1350.000 0.371
1351.000 0.372
1352.000 0.380
1353.000 0.415
1354.000 0.476
1355.000 0.535
1356.000 0.418
1357.000 0.371
1358.000 0.419
1359.000 0.531
1360.000 0.518
1361.000 0.408
1362.000 0.377
1363.000 0.233
1364.000 0.244
1365.000 0.307
1366.000 0.349
1367.000 0.414
1368.000 0.472
1369.000 0.436
1370.000 0.411
1371.000 0.165
1372.000 0.180
1373.000 0.130
1374.000 0.339
1375.000 0.435
1376.000 0.506
1377.000 0.387
1378.000 0.519
1379.000 0.611
1380.000 0.622
1381.000 0.579
1382.000 0.461
1383.000 0.518
1384.000 0.414
1385.000 0.344
1386.000 0.195
1387.000 0.203
1388.000 0.193
1389.000 0.386
1390.000 0.540
1391.000 0.701
1392.000 0.584
1393.000 0.759
1394.000 0.374
1395.000 0.353
1396.000 0.462
1397.000 0.494
1398.000 0.648
1399.000 0.880
1400.000 0.713
1401.000 0.562
1402.000 0.401
1403.000 0.323
1404.000 0.338
1405.000 0.481
1406.000 0.445
1407.000 0.338
1408.000 0.391
1409.000 0.425
1410.000 0.520
1411.000 0.509
1412.000 0.320
1413.000 0.249
1414.000 0.083
1415.000 0.047
1416.000 0.080
1417.000 0.394
1418.000 0.412
1419.000 0.344
1420.000 0.336
1421.000 0.184
1422.000 0.187
1423.000 0.191
1424.000 0.202
1425.000 0.287
1426.000 0.251
1427.000 0.278
1428.000 0.322
1429.000 0.321
1430.000 0.270
1431.000 0.262
1432.000 0.229
1433.000 0.235
1434.000 0.210
1435.000 0.200
1436.000 0.197
1437.000 0.166
1438.000 0.156
1439.000 0.208
1440.000 0.217
1441.000 0.175
1442.000 0.168
1443.000 0.138
1444.000 0.124
1445.000 0.125
1446.000 0.133
1447.000 0.137
1448.000 0.141
1449.000 0.140
1450.000 0.148
1451.000 0.156
1452.000 0.155
1453.000 0.157
1454.000 0.160
1455.000 0.160
1456.000 0.162
1457.000 0.157
1458.000 0.154
1459.000 0.151
1460.000 0.143
1461.000 0.145
1462.000 0.151
1463.000 0.158
1464.000 0.176
1465.000 0.187
1466.000 0.200
1467.000 0.204
1468.000 0.193
1469.000 0.193
1470.000 0.194
1471.000 0.194
1472.000 0.200
1473.000 0.201
1474.000 0.197
1475.000 0.192
1476.000 0.187
1477.000 0.182
1478.000 0.178
1479.000 0.175
1480.000 0.170
1481.000 0.170
1482.000 0.172
1483.000 0.173
1484.000 0.177
1485.000 0.178
1486.000 0.175
1487.000 0.175
1488.000 0.175
1489.000 0.177
1490.000 0.181
1491.000 0.184
1492.000 0.188
1493.000 0.189
1494.000 0.186
1495.000 0.186
1496.000 0.186
1497.000 0.187
1498.000 0.190
1499.000 0.194
1500.000 0.195
1501.000 0.195
1502.000 0.194
1503.000 0.194
1504.000 0.196
1505.000 0.197
1506.000 0.199
1507.000 0.201
1508.000 0.203
1509.000 0.202
1510.000 0.204
1511.000 0.207
1512.000 0.209
1513.000 0.213
1514.000 0.215
1515.000 0.215
1516.000 0.216
1517.000 0.216
1518.000 0.216
1519.000 0.213
1520.000 0.214
1521.000 0.215
1522.000 0.217
1523.000 0.220
1524.000 0.223
1525.000 0.225
1526.000 0.227
1527.000 0.230
1528.000 0.231
1529.000 0.232
1530.000 0.233
1531.000 0.234
1532.000 0.234
1533.000 0.235
1534.000 0.236
1535.000 0.237
1536.000 0.238
1537.000 0.239
1538.000 0.241
1539.000 0.243
1540.000 0.245
1541.000 0.246
1542.000 0.247
1543.000 0.249
1544.000 0.250
1545.000 0.250
1546.000 0.251
1547.000 0.253
1548.000 0.253
1549.000 0.255
1550.000 0.257
1551.000 0.256
1552.000 0.257
1553.000 0.259
1554.000 0.261
1555.000 0.263
1556.000 0.264
1557.000 0.264
1558.000 0.264
1559.000 0.264
1560.000 0.264
1561.000 0.265
1562.000 0.265
1563.000 0.265
1564.000 0.265
1565.000 0.265
1566.000 0.266
1567.000 0.269
1568.000 0.270
1569.000 0.272
1570.000 0.273
1571.000 0.272
1572.000 0.273
1573.000 0.274
1574.000 0.275
1575.000 0.278
1576.000 0.280
1577.000 0.281
1578.000 0.283
1579.000 0.285
1580.000 0.285
1581.000 0.285
1582.000 0.286
1583.000 0.286
1584.000 0.285
1585.000 0.287
1586.000 0.288
1587.000 0.288
1588.000 0.289
1589.000 0.291
1590.000 0.292
1591.000 0.294
1592.000 0.295
1593.000 0.295
1594.000 0.295
1595.000 0.295
1596.000 0.296
1597.000 0.295
1598.000 0.296
1599.000 0.299
1600.000 0.300
1601.000 0.302
1602.000 0.302
1603.000 0.301
1604.000 0.300
1605.000 0.300
1606.000 0.300
1607.000 0.301
1608.000 0.302
1609.000 0.304
1610.000 0.305
1611.000 0.306
1612.000 0.306
1613.000 0.307
1614.000 0.308
1615.000 0.308
1616.000 0.309
1617.000 0.308
1618.000 0.309
1619.000 0.312
1620.000 0.313
1621.000 0.314
1622.000 0.316
1623.000 0.315
1624.000 0.315
1625.000 0.315
1626.000 0.314
1627.000 0.315
1628.000 0.315
1629.000 0.315
1630.000 0.315
1631.000 0.316
1632.000 0.316
1633.000 0.317
1634.000 0.317
1635.000 0.317
1636.000 0.317
1637.000 0.318
1638.000 0.319
1639.000 0.320
1640.000 0.321
1641.000 0.320
1642.000 0.320
1643.000 0.320
1644.000 0.319
1645.000 0.320
1646.000 0.320
1647.000 0.322
1648.000 0.322
1649.000 0.323
1650.000 0.323
1651.000 0.325
1652.000 0.325
1653.000 0.325
1654.000 0.325
1655.000 0.325
1656.000 0.324
1657.000 0.324
1658.000 0.324
1659.000 0.323
1660.000 0.323
1661.000 0.325
1662.000 0.325
1663.000 0.326
1664.000 0.327
1665.000 0.326
1666.000 0.326
1667.000 0.325
1668.000 0.325
1669.000 0.324
1670.000 0.324
1671.000 0.324
1672.000 0.325
1673.000 0.327
1674.000 0.327
1675.000 0.327
1676.000 0.328
1677.000 0.327
1678.000 0.326
1679.000 0.326
1680.000 0.326
1681.000 0.324
1682.000 0.324
1683.000 0.324
1684.000 0.325
1685.000 0.326
1686.000 0.326
1687.000 0.328
1688.000 0.327
1689.000 0.323
1690.000 0.322
1691.000 0.323
1692.000 0.322
1693.000 0.324
1694.000 0.324
1695.000 0.324
1696.000 0.324
1697.000 0.325
1698.000 0.325
1699.000 0.324
1700.000 0.323
1701.000 0.323
1702.000 0.322
1703.000 0.321
1704.000 0.321
1705.000 0.321
1706.000 0.321
1707.000 0.322
1708.000 0.321
1709.000 0.319
1710.000 0.318
1711.000 0.317
1712.000 0.318
1713.000 0.319
1714.000 0.321
1715.000 0.321
1716.000 0.320
1717.000 0.318
1718.000 0.315
1719.000 0.313
1720.000 0.312
1721.000 0.311
1722.000 0.311
1723.000 0.312
1724.000 0.310
1725.000 0.310
1726.000 0.310
1727.000 0.308
1728.000 0.309
1729.000 0.309
1730.000 0.308
1731.000 0.309
1732.000 0.307
1733.000 0.309
1734.000 0.309
1735.000 0.307
1736.000 0.307
1737.000 0.307
1738.000 0.308
1739.000 0.307
1740.000 0.305
1741.000 0.305
1742.000 0.303
1743.000 0.302
1744.000 0.303
1745.000 0.303
1746.000 0.303
1747.000 0.304
1748.000 0.305
1749.000 0.303
1750.000 0.300
1751.000 0.299
1752.000 0.296
1753.000 0.294
1754.000 0.295
1755.000 0.294
1756.000 0.294
1757.000 0.294
1758.000 0.296
1759.000 0.294
1760.000 0.291
1761.000 0.288
1762.000 0.287
1763.000 0.287
1764.000 0.284
1765.000 0.282
1766.000 0.282
1767.000 0.282
1768.000 0.285
1769.000 0.285
1770.000 0.286
1771.000 0.289
1772.000 0.286
1773.000 0.284
1774.000 0.284
1775.000 0.279
1776.000 0.278
1777.000 0.277
1778.000 0.273
1779.000 0.272
1780.000 0.274
1781.000 0.278
1782.000 0.281
1783.000 0.280
1784.000 0.280
1785.000 0.280
1786.000 0.280
1787.000 0.282
1788.000 0.282
1789.000 0.283
1790.000 0.284
1791.000 0.287
1792.000 0.292
1793.000 0.283
1794.000 0.280
1795.000 0.279
1796.000 0.282
1797.000 0.293
1798.000 0.306
1799.000 0.329
1800.000 0.321
1801.000 0.393
1802.000 0.409
1803.000 0.444
1804.000 0.451
1805.000 0.473
1806.000 0.499
1807.000 0.462
1808.000 0.428
1809.000 0.405
1810.000 0.455
1811.000 0.458
1812.000 0.473
1813.000 0.468
1814.000 0.554
1815.000 0.607
1816.000 0.573
1817.000 0.586
1818.000 0.510
1819.000 0.476
1820.000 0.563
1821.000 0.712
1822.000 0.759
1823.000 0.661
1824.000 0.630
1825.000 0.649
1826.000 0.764
1827.000 0.739
1828.000 0.725
1829.000 0.696
1830.000 0.722
1831.000 0.711
1832.000 0.484
1833.000 0.696
1834.000 0.633
1835.000 0.645
1836.000 0.650
1837.000 0.493
1838.000 0.433
1839.000 0.489
1840.000 0.497
1841.000 0.526
1842.000 0.443
1843.000 0.456
1844.000 0.454
1845.000 0.364
1846.000 0.370
1847.000 0.460
1848.000 0.424
1849.000 0.500
1850.000 0.430
1851.000 0.456
1852.000 0.494
1853.000 0.475
1854.000 0.476
1855.000 0.476
1856.000 0.454
1857.000 0.436
1858.000 0.449
1859.000 0.516
1860.000 0.548
1861.000 0.540
1862.000 0.304
1863.000 0.274
1864.000 0.265
1865.000 0.265
1866.000 0.341
1867.000 0.509
1868.000 0.595
1869.000 0.470
1870.000 0.472
1871.000 0.489
1872.000 0.455
1873.000 0.621
1874.000 0.514
1875.000 0.518
1876.000 0.450
1877.000 0.246
1878.000 0.424
1879.000 0.353
1880.000 0.403
1881.000 0.402
1882.000 0.412
1883.000 0.571
1884.000 0.523
1885.000 0.534
1886.000 0.564
1887.000 0.585
1888.000 0.528
1889.000 0.583
1890.000 0.396
1891.000 0.511
1892.000 0.488
1893.000 0.406
1894.000 0.654
1895.000 0.588
1896.000 0.671
1897.000 0.702
1898.000 0.682
1899.000 0.718
1900.000 0.737
1901.000 0.758
1902.000 0.571
1903.000 0.637
1904.000 0.550
1905.000 0.509
1906.000 0.442
1907.000 0.511
1908.000 0.251
1909.000 0.460
1910.000 0.326
1911.000 0.620
1912.000 0.478
1913.000 0.443
1914.000 0.448
1915.000 0.479
1916.000 0.453
1917.000 0.518
1918.000 0.597
1919.000 0.645
1920.000 0.595
1921.000 0.610
1922.000 0.653
1923.000 0.661
1924.000 0.608
1925.000 0.536
1926.000 0.519
1927.000 0.459
1928.000 0.438
1929.000 0.486
1930.000 0.381
1931.000 0.326
1932.000 0.662
1933.000 0.574
1934.000 0.551
1935.000 0.533
1936.000 0.519
1937.000 0.527
1938.000 0.537
1939.000 0.560
1940.000 0.528
1941.000 0.539
1942.000 0.553
1943.000 0.493
1944.000 0.530
1945.000 0.427
1946.000 0.508
1947.000 0.414
1948.000 0.412
1949.000 0.483
1950.000 0.548
1951.000 0.356
1952.000 0.277
1953.000 0.366
1954.000 0.413
1955.000 0.473
1956.000 0.586
1957.000 0.760
1958.000 0.423
1959.000 0.530
1960.000 0.438
1961.000 0.440
1962.000 0.404
1963.000 0.491
1964.000 0.490
1965.000 0.510
1966.000 0.446
1967.000 0.428
1968.000 0.389
1969.000 0.321
1970.000 0.325
1971.000 0.282
1972.000 0.276
1973.000 0.290
1974.000 0.287
1975.000 0.284
1976.000 0.307
1977.000 0.307
1978.000 0.274
1979.000 0.264
1980.000 0.251
1981.000 0.225
1982.000 0.227
1983.000 0.212
1984.000 0.205
1985.000 0.187
1986.000 0.197
1987.000 0.200
1988.000 0.200
1989.000 0.240
1990.000 0.247
1991.000 0.250
1992.000 0.249
1993.000 0.243
1994.000 0.267
1995.000 0.288
1996.000 0.286
1997.000 0.270
1998.000 0.216
1999.000 0.200
2000.000 0.238
2001.000 0.247
2002.000 0.267
2003.000 0.289
2004.000 0.314
2005.000 0.320
2006.000 0.282
2007.000 0.297
2008.000 0.291
2009.000 0.302
2010.000 0.356
2011.000 0.334
2012.000 0.335
2013.000 0.238
2014.000 0.222
2015.000 0.228
2016.000 0.186
2017.000 0.231
2018.000 0.236
2019.000 0.223
2020.000 0.230
2021.000 0.219
2022.000 0.195
2023.000 0.198
2024.000 0.199
2025.000 0.174
2026.000 0.169
2027.000 0.164
2028.000 0.157
2029.000 0.154
2030.000 0.149
2031.000 0.151
2032.000 0.163
2033.000 0.163
2034.000 0.161
2035.000 0.161
2036.000 0.148
2037.000 0.145
2038.000 0.149
2039.000 0.140
2040.000 0.143
2041.000 0.137
2042.000 0.137
2043.000 0.143
2044.000 0.147
2045.000 0.151
2046.000 0.160
2047.000 0.178
2048.000 0.186
2049.000 0.190
2050.000 0.203
2051.000 0.201
2052.000 0.190
2053.000 0.201
2054.000 0.203
2055.000 0.211
2056.000 0.206
2057.000 0.181
2058.000 0.158
2059.000 0.150
2060.000 0.145
2061.000 0.146
2062.000 0.154
2063.000 0.160
2064.000 0.176
2065.000 0.187
2066.000 0.180
2067.000 0.187
2068.000 0.192
2069.000 0.197
2070.000 0.203
2071.000 0.196
2072.000 0.192
2073.000 0.178
2074.000 0.174
2075.000 0.175
2076.000 0.176
2077.000 0.176
2078.000 0.177
2079.000 0.183
2080.000 0.185
2081.000 0.184
2082.000 0.190
2083.000 0.190
2084.000 0.186
2085.000 0.188
2086.000 0.185
2087.000 0.184
2088.000 0.183
2089.000 0.182
2090.000 0.182
2091.000 0.180
2092.000 0.177
2093.000 0.175
2094.000 0.169
2095.000 0.167
2096.000 0.170
2097.000 0.172
2098.000 0.175
2099.000 0.183
2100.000 0.192
2101.000 0.192
2102.000 0.188
2103.000 0.187
2104.000 0.187
2105.000 0.183
2106.000 0.185
2107.000 0.193
2108.000 0.193
2109.000 0.189
2110.000 0.188
2111.000 0.182
2112.000 0.183
2113.000 0.191
2114.000 0.193
2115.000 0.194
2116.000 0.194
2117.000 0.189
2118.000 0.184
2119.000 0.182
2120.000 0.172
2121.000 0.168
2122.000 0.167
2123.000 0.168
2124.000 0.172
2125.000 0.176
2126.000 0.182
2127.000 0.185
2128.000 0.188
2129.000 0.188
2130.000 0.184
2131.000 0.183
2132.000 0.182
2133.000 0.184
2134.000 0.191
2135.000 0.195
2136.000 0.200
2137.000 0.204
2138.000 0.207
2139.000 0.210
2140.000 0.209
2141.000 0.208
2142.000 0.206
2143.000 0.199
2144.000 0.194
2145.000 0.191
2146.000 0.190
2147.000 0.188
2148.000 0.191
2149.000 0.205
2150.000 0.211
2151.000 0.219
2152.000 0.221
2153.000 0.209
2154.000 0.207
2155.000 0.206
2156.000 0.210
2157.000 0.223
2158.000 0.232
2159.000 0.234
2160.000 0.228
2161.000 0.223
2162.000 0.211
2163.000 0.208
2164.000 0.206
2165.000 0.206
2166.000 0.209
2167.000 0.212
2168.000 0.220
2169.000 0.224
2170.000 0.230
2171.000 0.231
2172.000 0.226
2173.000 0.222
2174.000 0.210
2175.000 0.205
2176.000 0.201
2177.000 0.204
2178.000 0.204
2179.000 0.208
2180.000 0.203
2181.000 0.200
2182.000 0.201
2183.000 0.198
2184.000 0.202
2185.000 0.217
2186.000 0.220
2187.000 0.218
2188.000 0.218
2189.000 0.210
2190.000 0.209
2191.000 0.214
2192.000 0.217
2193.000 0.219
2194.000 0.223
2195.000 0.230
2196.000 0.234
2197.000 0.239
2198.000 0.238
2199.000 0.229
2200.000 0.222
2201.000 0.212
2202.000 0.208
2203.000 0.203
2204.000 0.198
2205.000 0.197
2206.000 0.200
2207.000 0.203
2208.000 0.209
2209.000 0.211
2210.000 0.212
2211.000 0.212
2212.000 0.209
2213.000 0.212
2214.000 0.218
2215.000 0.219
2216.000 0.222
2217.000 0.221
2218.000 0.213
2219.000 0.208
2220.000 0.198
2221.000 0.197
2222.000 0.200
2223.000 0.204
2224.000 0.220
2225.000 0.227
2226.000 0.229
2227.000 0.230
2228.000 0.227
2229.000 0.226
2230.000 0.225
2231.000 0.222
2232.000 0.219
2233.000 0.214
2234.000 0.216
2235.000 0.218
2236.000 0.218
2237.000 0.220
2238.000 0.219
2239.000 0.213
2240.000 0.213
2241.000 0.215
2242.000 0.213
2243.000 0.211
2244.000 0.208
2245.000 0.204
2246.000 0.202
2247.000 0.206
2248.000 0.205
2249.000 0.202
2250.000 0.200
2251.000 0.193
2252.000 0.188
2253.000 0.179
2254.000 0.177
2255.000 0.180
2256.000 0.180
2257.000 0.183
2258.000 0.185
2259.000 0.181
2260.000 0.184
2261.000 0.191
2262.000 0.197
2263.000 0.199
2264.000 0.202
2265.000 0.210
2266.000 0.210
2267.000 0.215
2268.000 0.222
2269.000 0.217
2270.000 0.229
2271.000 0.230
2272.000 0.221
2273.000 0.220
2274.000 0.215
2275.000 0.209
2276.000 0.211
2277.000 0.206
2278.000 0.195
2279.000 0.193
2280.000 0.200
2281.000 0.199
2282.000 0.201
2283.000 0.207
2284.000 0.193
2285.000 0.191
2286.000 0.196
2287.000 0.194
2288.000 0.191
2289.000 0.188
2290.000 0.170
2291.000 0.163
2292.000 0.164
2293.000 0.167
2294.000 0.189
2295.000 0.203
2296.000 0.219
2297.000 0.227
2298.000 0.226
2299.000 0.214
2300.000 0.201
2301.000 0.208
2302.000 0.199
2303.000 0.194
2304.000 0.193
2305.000 0.203
2306.000 0.209
2307.000 0.207
2308.000 0.181
2309.000 0.179
2310.000 0.163
2311.000 0.162
2312.000 0.178
2313.000 0.190
2314.000 0.189
2315.000 0.205
2316.000 0.213
2317.000 0.210
2318.000 0.207
2319.000 0.203
2320.000 0.196
2321.000 0.178
2322.000 0.182
2323.000 0.169
2324.000 0.164
2325.000 0.155
2326.000 0.137
2327.000 0.098
2328.000 0.100
2329.000 0.161
2330.000 0.182
2331.000 0.207
2332.000 0.218
2333.000 0.191
2334.000 0.203
2335.000 0.231
2336.000 0.235
2337.000 0.207
2338.000 0.203
2339.000 0.186
2340.000 0.187
2341.000 0.192
2342.000 0.198
2343.000 0.151
2344.000 0.119
2345.000 0.110
2346.000 0.110
2347.000 0.155
2348.000 0.174
2349.000 0.191
2350.000 0.212
2351.000 0.229
2352.000 0.227
2353.000 0.228
2354.000 0.277
2355.000 0.271
2356.000 0.295
2357.000 0.319
2358.000 0.368
2359.000 0.344
2360.000 0.377
2361.000 0.346
2362.000 0.330
2363.000 0.238
2364.000 0.202
2365.000 0.185
2366.000 0.167
2367.000 0.193
2368.000 0.177
2369.000 0.170
2370.000 0.170
2371.000 0.129
2372.000 0.152
2373.000 0.193
2374.000 0.353
2375.000 0.267
2376.000 0.351
2377.000 0.246
2378.000 0.269
2379.000 0.375
2380.000 0.230
2381.000 0.270
2382.000 0.297
2383.000 0.465
2384.000 0.468
2385.000 0.302
2386.000 0.229
2387.000 0.226
2388.000 0.177
2389.000 0.194
2390.000 0.233
2391.000 0.208
2392.000 0.146
2393.000 0.128
2394.000 0.181
2395.000 0.171
2396.000 0.275
2397.000 0.225
2398.000 0.356
2399.000 0.276
2400.000 0.265
2401.000 0.220
2402.000 0.340
2403.000 0.314
2404.000 0.305
2405.000 0.246
2406.000 0.215
2407.000 0.279
2408.000 0.274
2409.000 0.383
2410.000 0.286
2411.000 0.217
2412.000 0.395
2413.000 0.291
2414.000 0.322
2415.000 0.256
2416.000 0.342
2417.000 0.395
2418.000 0.403
2419.000 0.311
2420.000 0.409
2421.000 0.421
2422.000 0.467
2423.000 0.457
2424.000 0.270
2425.000 0.320
2426.000 0.441
2427.000 0.356
2428.000 0.293
2429.000 0.283
2430.000 0.330
2431.000 0.385
2432.000 0.322
2433.000 0.359
2434.000 0.466
2435.000 0.435
2436.000 0.471
2437.000 0.370
2438.000 0.396
2439.000 0.352
2440.000 0.405
2441.000 0.574
2442.000 0.572
2443.000 0.358
2444.000 0.428
2445.000 0.410
2446.000 0.243
2447.000 0.297
2448.000 0.564
2449.000 0.303
2450.000 0.412
2451.000 0.414
2452.000 0.461
2453.000 0.447
2454.000 0.530
2455.000 0.536
2456.000 0.382
2457.000 0.628
2458.000 0.705
2459.000 0.576
2460.000 0.368
2461.000 0.178
2462.000 0.268
2463.000 0.374
2464.000 0.455
2465.000 0.491
2466.000 0.363
2467.000 0.590
2468.000 0.401
2469.000 0.404
2470.000 0.497
2471.000 0.280
2472.000 0.153
2473.000 0.185
2474.000 0.248
2475.000 0.356
2476.000 0.383
2477.000 0.553
2478.000 0.332
2479.000 0.485
2480.000 0.317
2481.000 0.231
2482.000 0.286
2483.000 0.175
2484.000 0.092
2485.000 0.193
2486.000 0.187
2487.000 0.148
2488.000 0.159
2489.000 0.191
2490.000 0.184
2491.000 0.316
2492.000 0.724
2493.000 0.507
2494.000 0.364
2495.000 0.446
2496.000 0.449
2497.000 0.215
2498.000 0.244
2499.000 0.502
2500.000 0.483
