391.000 0.024
392.000 0.026
393.000 0.027
394.000 0.025
395.000 0.026
396.000 0.026
397.000 0.027
398.000 0.033
399.000 0.032
400.000 0.032
401.000 0.033
402.000 0.029
403.000 0.029
404.000 0.030
405.000 0.028
406.000 0.029
407.000 0.031
408.000 0.032
409.000 0.032
410.000 0.033
411.000 0.032
412.000 0.031
413.000 0.031
414.000 0.033
415.000 0.033
416.000 0.032
417.000 0.033
418.000 0.033
419.000 0.031
420.000 0.033
421.000 0.035
422.000 0.034
423.000 0.033
424.000 0.032
425.000 0.032
426.000 0.032
427.000 0.035
428.000 0.035
429.000 0.033
430.000 0.033
431.000 0.035
432.000 0.035
433.000 0.035
434.000 0.035
435.000 0.032
436.000 0.034
437.000 0.036
438.000 0.035
439.000 0.035
440.000 0.035
441.000 0.035
442.000 0.037
443.000 0.036
444.000 0.036
445.000 0.036
446.000 0.036
447.000 0.036
448.000 0.037
449.000 0.035
450.000 0.035
451.000 0.036
452.000 0.037
453.000 0.035
454.000 0.036
455.000 0.039
456.000 0.039
457.000 0.037
458.000 0.037
459.000 0.039
460.000 0.039
461.000 0.038
462.000 0.038
463.000 0.039
464.000 0.038
465.000 0.037
466.000 0.036
467.000 0.038
468.000 0.039
469.000 0.038
470.000 0.037
471.000 0.037
472.000 0.037
473.000 0.038
474.000 0.038
475.000 0.037
476.000 0.038
477.000 0.039
478.000 0.038
479.000 0.038
480.000 0.039
481.000 0.040
482.000 0.039
483.000 0.039
484.000 0.038
485.000 0.038
486.000 0.039
487.000 0.039
488.000 0.039
489.000 0.039
490.000 0.039
491.000 0.038
492.000 0.038
493.000 0.040
494.000 0.040
495.000 0.040
496.000 0.042
497.000 0.042
498.000 0.042
499.000 0.043
500.000 0.042
501.000 0.042
502.000 0.042
503.000 0.042
504.000 0.044
505.000 0.044
506.000 0.044
507.000 0.046
508.000 0.045
509.000 0.046
510.000 0.048
511.000 0.049
512.000 0.050
513.000 0.050
514.000 0.051
515.000 0.051
516.000 0.053
517.000 0.055
518.000 0.056
519.000 0.058
520.000 0.059
521.000 0.061
522.000 0.064
523.000 0.064
524.000 0.066
525.000 0.068
526.000 0.069
527.000 0.071
528.000 0.072
529.000 0.073
530.000 0.074
531.000 0.075
532.000 0.077
533.000 0.078
534.000 0.078
535.000 0.079
536.000 0.080
537.000 0.080
538.000 0.080
539.000 0.081
540.000 0.081
541.000 0.082
542.000 0.082
543.000 0.082
544.000 0.082
545.000 0.083
546.000 0.083
547.000 0.084
548.000 0.084
549.000 0.084
550.000 0.084
551.000 0.084
552.000 0.084
553.000 0.084
554.000 0.084
555.000 0.084
556.000 0.083
557.000 0.083
558.000 0.082
559.000 0.082
560.000 0.082
561.000 0.081
562.000 0.081
563.000 0.080
564.000 0.078
565.000 0.078
566.000 0.077
567.000 0.076
568.000 0.075
569.000 0.075
570.000 0.074
571.000 0.072
572.000 0.071
573.000 0.071
574.000 0.070
575.000 0.070
576.000 0.069
577.000 0.068
578.000 0.067
579.000 0.066
580.000 0.067
581.000 0.066
582.000 0.065
583.000 0.064
584.000 0.064
585.000 0.064
586.000 0.064
587.000 0.063
588.000 0.062
589.000 0.061
590.000 0.061
591.000 0.061
592.000 0.061
593.000 0.061
594.000 0.061
595.000 0.061
596.000 0.062
597.000 0.061
598.000 0.061
599.000 0.061
600.000 0.061
601.000 0.060
602.000 0.061
603.000 0.061
604.000 0.060
605.000 0.062
606.000 0.060
607.000 0.060
608.000 0.061
609.000 0.061
610.000 0.061
611.000 0.060
612.000 0.059
613.000 0.058
614.000 0.058
615.000 0.059
616.000 0.057
617.000 0.057
618.000 0.058
619.000 0.057
620.000 0.058
621.000 0.057
622.000 0.056
623.000 0.057
624.000 0.057
625.000 0.057
626.000 0.057
627.000 0.057
628.000 0.057
629.000 0.057
630.000 0.056
631.000 0.057
632.000 0.058
633.000 0.059
634.000 0.058
635.000 0.056
636.000 0.056
637.000 0.057
638.000 0.058
639.000 0.057
640.000 0.055
641.000 0.057
642.000 0.056
643.000 0.055
644.000 0.056
645.000 0.056
646.000 0.054
647.000 0.053
648.000 0.054
649.000 0.053
650.000 0.054
651.000 0.054
652.000 0.054
653.000 0.054
654.000 0.053
655.000 0.054
656.000 0.055
657.000 0.055
658.000 0.055
659.000 0.056
660.000 0.058
661.000 0.058
662.000 0.057
663.000 0.055
664.000 0.056
665.000 0.057
666.000 0.056
667.000 0.056
668.000 0.056
669.000 0.058
670.000 0.060
671.000 0.061
672.000 0.059
673.000 0.059
674.000 0.063
675.000 0.062
676.000 0.059
677.000 0.061
678.000 0.064
679.000 0.065
680.000 0.064
681.000 0.066
682.000 0.065
683.000 0.065
684.000 0.066
685.000 0.067
686.000 0.068
687.000 0.069
688.000 0.070
689.000 0.071
690.000 0.071
691.000 0.071
692.000 0.071
693.000 0.074
694.000 0.079
695.000 0.082
696.000 0.084
697.000 0.087
698.000 0.091
699.000 0.094
700.000 0.098
701.000 0.103
702.000 0.109
703.000 0.113
704.000 0.117
705.000 0.123
706.000 0.127
707.000 0.132
708.000 0.137
709.000 0.141
710.000 0.147
711.000 0.151
712.000 0.156
713.000 0.161
714.000 0.166
715.000 0.171
716.000 0.175
717.000 0.179
718.000 0.183
719.000 0.188
720.000 0.194
721.000 0.200
722.000 0.206
723.000 0.210
724.000 0.214
725.000 0.219
726.000 0.224
727.000 0.229
728.000 0.233
729.000 0.238
730.000 0.242
731.000 0.247
732.000 0.253
733.000 0.258
734.000 0.262
735.000 0.266
736.000 0.270
737.000 0.274
738.000 0.277
739.000 0.281
740.000 0.285
741.000 0.288
742.000 0.291
743.000 0.294
744.000 0.297
745.000 0.299
746.000 0.301
747.000 0.303
748.000 0.305
749.000 0.307
750.000 0.309
751.000 0.310
752.000 0.312
753.000 0.313
754.000 0.314
755.000 0.315
756.000 0.316
757.000 0.317
758.000 0.317
759.000 0.315
760.000 0.311
761.000 0.307
762.000 0.305
763.000 0.306
764.000 0.308
765.000 0.313
766.000 0.317
767.000 0.319
768.000 0.322
769.000 0.324
770.000 0.325
771.000 0.327
772.000 0.327
773.000 0.328
774.000 0.329
775.000 0.329
776.000 0.329
777.000 0.330
778.000 0.330
779.000 0.331
780.000 0.331
781.000 0.331
782.000 0.332
783.000 0.332
784.000 0.333
785.000 0.332
786.000 0.332
787.000 0.332
788.000 0.331
789.000 0.331
790.000 0.331
791.000 0.331
792.000 0.332
793.000 0.333
794.000 0.334
795.000 0.334
796.000 0.334
797.000 0.334
798.000 0.334
799.000 0.334
800.000 0.334
801.000 0.334
802.000 0.334
803.000 0.335
804.000 0.336
805.000 0.337
806.000 0.337
807.000 0.338
808.000 0.338
809.000 0.337
810.000 0.336
811.000 0.335
812.000 0.333
813.000 0.331
814.000 0.329
815.000 0.327
816.000 0.327
817.000 0.326
818.000 0.328
819.000 0.330
820.000 0.331
821.000 0.332
822.000 0.333
823.000 0.333
824.000 0.334
825.000 0.335
826.000 0.335
827.000 0.336
828.000 0.336
829.000 0.336
830.000 0.337
831.000 0.338
832.000 0.339
833.000 0.339
834.000 0.341
835.000 0.342
836.000 0.343
837.000 0.344
838.000 0.345
839.000 0.346
840.000 0.347
841.000 0.348
842.000 0.348
843.000 0.349
844.000 0.350
845.000 0.351
846.000 0.351
847.000 0.352
848.000 0.352
849.000 0.353
850.000 0.353
851.000 0.353
852.000 0.353
853.000 0.353
854.000 0.354
855.000 0.354
856.000 0.355
857.000 0.355
858.000 0.356
859.000 0.356
860.000 0.356
861.000 0.357
862.000 0.357
863.000 0.357
864.000 0.357
865.000 0.358
866.000 0.359
867.000 0.359
868.000 0.359
869.000 0.359
870.000 0.359
871.000 0.360
872.000 0.360
873.000 0.360
874.000 0.360
875.000 0.360
876.000 0.361
877.000 0.361
878.000 0.361
879.000 0.361
880.000 0.361
881.000 0.361
882.000 0.362
883.000 0.361
884.000 0.362
885.000 0.362
886.000 0.362
887.000 0.362
888.000 0.362
889.000 0.362
890.000 0.361
891.000 0.360
892.000 0.359
893.000 0.358
894.000 0.355
895.000 0.353
896.000 0.351
897.000 0.349
898.000 0.347
899.000 0.346
900.000 0.346
901.000 0.347
902.000 0.348
903.000 0.348
904.000 0.348
905.000 0.349
906.000 0.349
907.000 0.348
908.000 0.347
909.000 0.346
910.000 0.346
911.000 0.344
912.000 0.343
913.000 0.343
914.000 0.343
915.000 0.343
916.000 0.344
917.000 0.345
918.000 0.347
919.000 0.348
920.000 0.349
921.000 0.350
922.000 0.350
923.000 0.350
924.000 0.349
925.000 0.347
926.000 0.345
927.000 0.343
928.000 0.339
929.000 0.337
930.000 0.332
931.000 0.326
932.000 0.319
933.000 0.315
934.000 0.311
935.000 0.307
936.000 0.306
937.000 0.308
938.000 0.308
939.000 0.307
940.000 0.308
941.000 0.309
942.000 0.308
943.000 0.308
944.000 0.308
945.000 0.307
946.000 0.306
947.000 0.306
948.000 0.308
949.000 0.308
950.000 0.308
951.000 0.309
952.000 0.309
953.000 0.308
954.000 0.309
955.000 0.311
956.000 0.310
957.000 0.312
958.000 0.315
959.000 0.316
960.000 0.317
961.000 0.317
962.000 0.317
963.000 0.321
964.000 0.327
965.000 0.329
966.000 0.330
967.000 0.333
968.000 0.335
969.000 0.335
970.000 0.336
971.000 0.338
972.000 0.339
973.000 0.338
974.000 0.338
975.000 0.340
976.000 0.340
977.000 0.339
978.000 0.341
979.000 0.343
980.000 0.344
981.000 0.345
982.000 0.348
983.000 0.349
984.000 0.349
985.000 0.352
986.000 0.354
987.000 0.354
988.000 0.356
989.000 0.357
990.000 0.357
991.000 0.359
992.000 0.360
993.000 0.360
994.000 0.360
995.000 0.361
996.000 0.363
997.000 0.363
998.000 0.363
999.000 0.364
1000.000 0.363
1001.000 0.373
1002.000 0.374
1003.000 0.375
1004.000 0.376
1005.000 0.376
1006.000 0.376
1007.000 0.377
1008.000 0.377
1009.000 0.377
1010.000 0.377
1011.000 0.377
1012.000 0.378
1013.000 0.378
1014.000 0.379
1015.000 0.379
1016.000 0.381
1017.000 0.381
1018.000 0.382
1019.000 0.382
1020.000 0.382
1021.000 0.382
1022.000 0.382
1023.000 0.382
1024.000 0.383
1025.000 0.383
1026.000 0.384
1027.000 0.384
1028.000 0.385
1029.000 0.385
1030.000 0.386
1031.000 0.386
1032.000 0.387
1033.000 0.387
1034.000 0.388
1035.000 0.389
1036.000 0.389
1037.000 0.390
1038.000 0.390
1039.000 0.391
1040.000 0.391
1041.000 0.390
1042.000 0.390
1043.000 0.391
1044.000 0.391
1045.000 0.392
1046.000 0.393
1047.000 0.393
1048.000 0.394
1049.000 0.394
1050.000 0.394
1051.000 0.395
1052.000 0.395
1053.000 0.395
1054.000 0.395
1055.000 0.395
1056.000 0.395
1057.000 0.395
1058.000 0.395
1059.000 0.395
1060.000 0.396
1061.000 0.397
1062.000 0.396
1063.000 0.397
1064.000 0.396
1065.000 0.396
1066.000 0.396
1067.000 0.396
1068.000 0.396
1069.000 0.396
1070.000 0.396
1071.000 0.395
1072.000 0.396
1073.000 0.396
1074.000 0.396
1075.000 0.396
1076.000 0.396
1077.000 0.396
1078.000 0.396
1079.000 0.396
1080.000 0.396
1081.000 0.396
1082.000 0.396
1083.000 0.396
1084.000 0.396
1085.000 0.396
1086.000 0.395
1087.000 0.394
1088.000 0.393
1089.000 0.392
1090.000 0.391
1091.000 0.390
1092.000 0.390
1093.000 0.389
1094.000 0.389
1095.000 0.387
1096.000 0.387
1097.000 0.385
1098.000 0.384
1099.000 0.382
1100.000 0.381
1101.000 0.379
1102.000 0.377
1103.000 0.376
1104.000 0.374
1105.000 0.373
1106.000 0.371
1107.000 0.370
1108.000 0.369
1109.000 0.367
1110.000 0.365
1111.000 0.363
1112.000 0.360
1113.000 0.357
1114.000 0.355
1115.000 0.352
1116.000 0.349
1117.000 0.346
1118.000 0.343
1119.000 0.338
1120.000 0.334
1121.000 0.330
1122.000 0.326
1123.000 0.323
1124.000 0.320
1125.000 0.318
1126.000 0.315
1127.000 0.314
1128.000 0.315
1129.000 0.318
1130.000 0.319
1131.000 0.321
1132.000 0.321
1133.000 0.321
1134.000 0.321
1135.000 0.322
1136.000 0.324
1137.000 0.325
1138.000 0.326
1139.000 0.326
1140.000 0.324
1141.000 0.321
1142.000 0.321
1143.000 0.321
1144.000 0.320
1145.000 0.320
1146.000 0.319
1147.000 0.318
1148.000 0.316
1149.000 0.315
1150.000 0.316
1151.000 0.317
1152.000 0.319
1153.000 0.321
1154.000 0.322
1155.000 0.324
1156.000 0.325
1157.000 0.327
1158.000 0.328
1159.000 0.331
1160.000 0.332
1161.000 0.334
1162.000 0.335
1163.000 0.337
1164.000 0.338
1165.000 0.340
1166.000 0.341
1167.000 0.342
1168.000 0.342
1169.000 0.343
1170.000 0.344
1171.000 0.344
1172.000 0.345
1173.000 0.345
1174.000 0.345
1175.000 0.345
1176.000 0.345
1177.000 0.346
1178.000 0.346
1179.000 0.346
1180.000 0.346
1181.000 0.346
1182.000 0.346
1183.000 0.345
1184.000 0.345
1185.000 0.345
1186.000 0.345
1187.000 0.346
1188.000 0.346
1189.000 0.346
1190.000 0.347
1191.000 0.347
1192.000 0.347
1193.000 0.347
1194.000 0.349
1195.000 0.349
1196.000 0.349
1197.000 0.349
1198.000 0.349
1199.000 0.349
1200.000 0.350
1201.000 0.350
1202.000 0.350
1203.000 0.350
1204.000 0.351
1205.000 0.352
1206.000 0.352
1207.000 0.353
1208.000 0.353
1209.000 0.354
1210.000 0.354
1211.000 0.355
1212.000 0.355
1213.000 0.356
1214.000 0.356
1215.000 0.357
1216.000 0.357
1217.000 0.358
1218.000 0.358
1219.000 0.358
1220.000 0.359
1221.000 0.360
1222.000 0.361
1223.000 0.361
1224.000 0.362
1225.000 0.363
1226.000 0.363
1227.000 0.364
1228.000 0.364
1229.000 0.365
1230.000 0.365
1231.000 0.365
1232.000 0.367
1233.000 0.367
1234.000 0.368
1235.000 0.369
1236.000 0.369
1237.000 0.370
1238.000 0.371
1239.000 0.371
1240.000 0.372
1241.000 0.372
1242.000 0.372
1243.000 0.372
1244.000 0.373
1245.000 0.373
1246.000 0.374
1247.000 0.374
1248.000 0.374
1249.000 0.375
1250.000 0.374
1251.000 0.374
1252.000 0.374
1253.000 0.374
1254.000 0.374
1255.000 0.373
1256.000 0.373
1257.000 0.373
1258.000 0.372
1259.000 0.372
1260.000 0.372
1261.000 0.372
1262.000 0.371
1263.000 0.371
1264.000 0.371
1265.000 0.371
1266.000 0.371
1267.000 0.371
1268.000 0.371
1269.000 0.371
1270.000 0.371
1271.000 0.371
1272.000 0.372
1273.000 0.372
1274.000 0.373
1275.000 0.373
1276.000 0.374
1277.000 0.375
1278.000 0.375
1279.000 0.375
1280.000 0.375
1281.000 0.376
1282.000 0.376
1283.000 0.376
1284.000 0.376
1285.000 0.376
1286.000 0.376
1287.000 0.375
1288.000 0.375
1289.000 0.375
1290.000 0.373
1291.000 0.373
1292.000 0.372
1293.000 0.371
1294.000 0.370
1295.000 0.369
1296.000 0.368
1297.000 0.368
1298.000 0.367
1299.000 0.365
1300.000 0.365
1301.000 0.364
1302.000 0.363
1303.000 0.361
1304.000 0.360
1305.000 0.359
1306.000 0.357
1307.000 0.356
1308.000 0.355
1309.000 0.353
1310.000 0.351
1311.000 0.351
1312.000 0.349
1313.000 0.348
1314.000 0.347
1315.000 0.344
1316.000 0.343
1317.000 0.341
1318.000 0.341
1319.000 0.339
1320.000 0.339
1321.000 0.337
1322.000 0.336
1323.000 0.334
1324.000 0.331
1325.000 0.329
1326.000 0.327
1327.000 0.324
1328.000 0.321
1329.000 0.319
1330.000 0.316
1331.000 0.314
1332.000 0.314
1333.000 0.312
1334.000 0.309
1335.000 0.307
1336.000 0.305
1337.000 0.303
1338.000 0.302
1339.000 0.302
1340.000 0.301
1341.000 0.300
1342.000 0.299
1343.000 0.298
1344.000 0.298
1345.000 0.297
1346.000 0.296
1347.000 0.295
1348.000 0.294
1349.000 0.292
1350.000 0.291
1351.000 0.292
1352.000 0.297
1353.000 0.320
1354.000 0.344
1355.000 0.348
1356.000 0.333
1357.000 0.346
1358.000 0.383
1359.000 0.402
1360.000 0.514
1361.000 0.420
1362.000 0.296
1363.000 0.288
1364.000 0.266
1365.000 0.303
1366.000 0.316
1367.000 0.408
1368.000 0.404
1369.000 0.300
1370.000 0.324
1371.000 0.268
1372.000 0.325
1373.000 0.338
1374.000 0.454
1375.000 0.434
1376.000 0.488
1377.000 0.603
1378.000 0.591
1379.000 0.660
1380.000 0.694
1381.000 0.739
1382.000 0.303
1383.000 0.226
1384.000 0.260
1385.000 0.294
1386.000 0.272
1387.000 0.285
1388.000 0.256
1389.000 0.394
1390.000 0.441
1391.000 0.607
1392.000 0.256
1393.000 0.544
1394.000 0.236
1395.000 0.315
1396.000 0.361
1397.000 0.426
1398.000 0.375
1399.000 0.614
1400.000 0.541
1401.000 0.507
1402.000 0.406
1403.000 0.364
1404.000 0.410
1405.000 0.402
1406.000 0.431
1407.000 0.274
1408.000 0.353
1409.000 0.391
1410.000 0.617
1411.000 0.671
1412.000 0.509
1413.000 0.437
1414.000 0.317
1415.000 0.233
1416.000 0.241
1417.000 0.337
1418.000 0.359
1419.000 0.370
1420.000 0.291
1421.000 0.275
1422.000 0.250
1423.000 0.221
1424.000 0.226
1425.000 0.284
1426.000 0.256
1427.000 0.280
1428.000 0.279
1429.000 0.250
1430.000 0.215
1431.000 0.228
1432.000 0.221
1433.000 0.213
1434.000 0.212
1435.000 0.187
1436.000 0.175
1437.000 0.208
1438.000 0.208
1439.000 0.273
1440.000 0.305
1441.000 0.305
1442.000 0.271
1443.000 0.205
1444.000 0.164
1445.000 0.151
1446.000 0.148
1447.000 0.143
1448.000 0.140
1449.000 0.135
1450.000 0.135
1451.000 0.140
1452.000 0.135
1453.000 0.135
1454.000 0.136
1455.000 0.134
1456.000 0.135
1457.000 0.132
1458.000 0.136
1459.000 0.137
1460.000 0.145
1461.000 0.149
1462.000 0.148
1463.000 0.152
1464.000 0.162
1465.000 0.169
1466.000 0.179
1467.000 0.182
1468.000 0.171
1469.000 0.167
1470.000 0.161
1471.000 0.155
1472.000 0.144
1473.000 0.144
1474.000 0.148
1475.000 0.149
1476.000 0.153
1477.000 0.153
1478.000 0.152
1479.000 0.153
1480.000 0.153
1481.000 0.154
1482.000 0.157
1483.000 0.157
1484.000 0.154
1485.000 0.152
1486.000 0.148
1487.000 0.147
1488.000 0.148
1489.000 0.149
1490.000 0.155
1491.000 0.158
1492.000 0.162
1493.000 0.163
1494.000 0.160
1495.000 0.160
1496.000 0.161
1497.000 0.162
1498.000 0.166
1499.000 0.170
1500.000 0.172
1501.000 0.172
1502.000 0.171
1503.000 0.170
1504.000 0.169
1505.000 0.169
1506.000 0.171
1507.000 0.174
1508.000 0.175
1509.000 0.177
1510.000 0.178
1511.000 0.179
1512.000 0.181
1513.000 0.184
1514.000 0.185
1515.000 0.186
1516.000 0.187
1517.000 0.187
1518.000 0.187
1519.000 0.186
1520.000 0.187
1521.000 0.188
1522.000 0.189
1523.000 0.192
1524.000 0.194
1525.000 0.196
1526.000 0.197
1527.000 0.199
1528.000 0.200
1529.000 0.200
1530.000 0.201
1531.000 0.202
1532.000 0.203
1533.000 0.203
1534.000 0.204
1535.000 0.203
1536.000 0.203
1537.000 0.205
1538.000 0.207
1539.000 0.209
1540.000 0.210
1541.000 0.211
1542.000 0.212
1543.000 0.212
1544.000 0.213
1545.000 0.214
1546.000 0.215
1547.000 0.217
1548.000 0.217
1549.000 0.219
1550.000 0.220
1551.000 0.220
1552.000 0.221
1553.000 0.222
1554.000 0.222
1555.000 0.224
1556.000 0.225
1557.000 0.226
1558.000 0.226
1559.000 0.227
1560.000 0.227
1561.000 0.228
1562.000 0.228
1563.000 0.228
1564.000 0.228
1565.000 0.228
1566.000 0.228
1567.000 0.230
1568.000 0.230
1569.000 0.231
1570.000 0.231
1571.000 0.231
1572.000 0.232
1573.000 0.233
1574.000 0.234
1575.000 0.236
1576.000 0.237
1577.000 0.239
1578.000 0.241
1579.000 0.243
1580.000 0.244
1581.000 0.243
1582.000 0.243
1583.000 0.243
1584.000 0.243
1585.000 0.244
1586.000 0.245
1587.000 0.246
1588.000 0.246
1589.000 0.248
1590.000 0.248
1591.000 0.249
1592.000 0.250
1593.000 0.249
1594.000 0.249
1595.000 0.249
1596.000 0.249
1597.000 0.249
1598.000 0.250
1599.000 0.252
1600.000 0.253
1601.000 0.255
1602.000 0.255
1603.000 0.255
1604.000 0.254
1605.000 0.254
1606.000 0.254
1607.000 0.254
1608.000 0.255
1609.000 0.256
1610.000 0.256
1611.000 0.256
1612.000 0.257
1613.000 0.257
1614.000 0.258
1615.000 0.259
1616.000 0.259
1617.000 0.258
1618.000 0.259
1619.000 0.261
1620.000 0.261
1621.000 0.263
1622.000 0.264
1623.000 0.264
1624.000 0.265
1625.000 0.265
1626.000 0.264
1627.000 0.265
1628.000 0.265
1629.000 0.264
1630.000 0.264
1631.000 0.264
1632.000 0.264
1633.000 0.264
1634.000 0.264
1635.000 0.264
1636.000 0.265
1637.000 0.266
1638.000 0.266
1639.000 0.266
1640.000 0.267
1641.000 0.267
1642.000 0.267
1643.000 0.267
1644.000 0.268
1645.000 0.267
1646.000 0.267
1647.000 0.267
1648.000 0.267
1649.000 0.269
1650.000 0.270
1651.000 0.272
1652.000 0.272
1653.000 0.271
1654.000 0.271
1655.000 0.271
1656.000 0.271
1657.000 0.271
1658.000 0.272
1659.000 0.271
1660.000 0.270
1661.000 0.271
1662.000 0.271
1663.000 0.271
1664.000 0.272
1665.000 0.272
1666.000 0.273
1667.000 0.272
1668.000 0.272
1669.000 0.271
1670.000 0.270
1671.000 0.271
1672.000 0.271
1673.000 0.273
1674.000 0.273
1675.000 0.273
1676.000 0.274
1677.000 0.274
1678.000 0.274
1679.000 0.273
1680.000 0.273
1681.000 0.271
1682.000 0.271
1683.000 0.270
1684.000 0.271
1685.000 0.272
1686.000 0.272
1687.000 0.272
1688.000 0.272
1689.000 0.270
1690.000 0.270
1691.000 0.271
1692.000 0.271
1693.000 0.270
1694.000 0.270
1695.000 0.269
1696.000 0.269
1697.000 0.271
1698.000 0.271
1699.000 0.270
1700.000 0.269
1701.000 0.269
1702.000 0.268
1703.000 0.268
1704.000 0.268
1705.000 0.269
1706.000 0.269
1707.000 0.268
1708.000 0.267
1709.000 0.265
1710.000 0.264
1711.000 0.264
1712.000 0.265
1713.000 0.266
1714.000 0.268
1715.000 0.268
1716.000 0.268
1717.000 0.266
1718.000 0.264
1719.000 0.262
1720.000 0.261
1721.000 0.259
1722.000 0.260
1723.000 0.261
1724.000 0.259
1725.000 0.258
1726.000 0.258
1727.000 0.256
1728.000 0.257
1729.000 0.256
1730.000 0.255
1731.000 0.256
1732.000 0.254
1733.000 0.256
1734.000 0.257
1735.000 0.255
1736.000 0.257
1737.000 0.257
1738.000 0.256
1739.000 0.256
1740.000 0.253
1741.000 0.253
1742.000 0.253
1743.000 0.253
1744.000 0.255
1745.000 0.255
1746.000 0.254
1747.000 0.253
1748.000 0.252
1749.000 0.251
1750.000 0.250
1751.000 0.249
1752.000 0.249
1753.000 0.247
1754.000 0.247
1755.000 0.246
1756.000 0.245
1757.000 0.246
1758.000 0.246
1759.000 0.246
1760.000 0.243
1761.000 0.241
1762.000 0.240
1763.000 0.238
1764.000 0.236
1765.000 0.234
1766.000 0.234
1767.000 0.234
1768.000 0.236
1769.000 0.237
1770.000 0.237
1771.000 0.241
1772.000 0.241
1773.000 0.240
1774.000 0.240
1775.000 0.237
1776.000 0.235
1777.000 0.237
1778.000 0.234
1779.000 0.232
1780.000 0.232
1781.000 0.231
1782.000 0.232
1783.000 0.232
1784.000 0.232
1785.000 0.230
1786.000 0.230
1787.000 0.236
1788.000 0.235
1789.000 0.233
1790.000 0.231
1791.000 0.225
1792.000 0.228
1793.000 0.226
1794.000 0.229
1795.000 0.228
1796.000 0.222
1797.000 0.226
1798.000 0.230
1799.000 0.254
1800.000 0.266
1801.000 0.293
1802.000 0.310
1803.000 0.336
1804.000 0.359
1805.000 0.391
1806.000 0.457
1807.000 0.466
1808.000 0.464
1809.000 0.432
1810.000 0.376
1811.000 0.344
1812.000 0.415
1813.000 0.364
1814.000 0.397
1815.000 0.392
1816.000 0.432
1817.000 0.471
1818.000 0.493
1819.000 0.495
1820.000 0.685
1821.000 0.686
1822.000 0.643
1823.000 0.595
1824.000 0.574
1825.000 0.604
1826.000 0.590
1827.000 0.637
1828.000 0.596
1829.000 0.568
1830.000 0.569
1831.000 0.605
1832.000 0.463
1833.000 0.651
1834.000 0.578
1835.000 0.607
1836.000 0.593
1837.000 0.506
1838.000 0.511
1839.000 0.560
1840.000 0.525
1841.000 0.410
1842.000 0.400
1843.000 0.422
1844.000 0.438
1845.000 0.298
1846.000 0.371
1847.000 0.374
1848.000 0.335
1849.000 0.370
1850.000 0.526
1851.000 0.485
1852.000 0.496
1853.000 0.509
1854.000 0.386
1855.000 0.364
1856.000 0.381
1857.000 0.332
1858.000 0.384
1859.000 0.566
1860.000 0.552
1861.000 0.425
1862.000 0.318
1863.000 0.299
1864.000 0.260
1865.000 0.225
1866.000 0.378
1867.000 0.629
1868.000 0.736
1869.000 0.519
1870.000 0.610
1871.000 0.685
1872.000 0.554
1873.000 0.743
1874.000 0.500
1875.000 0.529
1876.000 0.616
1877.000 0.373
1878.000 0.341
1879.000 0.474
1880.000 0.559
1881.000 0.677
1882.000 0.611
1883.000 0.518
1884.000 0.441
1885.000 0.587
1886.000 0.726
1887.000 0.660
1888.000 0.644
1889.000 0.604
1890.000 0.635
1891.000 0.647
1892.000 0.572
1893.000 0.424
1894.000 0.478
1895.000 0.436
1896.000 0.705
1897.000 0.605
1898.000 0.542
1899.000 0.521
1900.000 0.602
1901.000 0.682
1902.000 0.425
1903.000 0.568
1904.000 0.669
1905.000 0.599
1906.000 0.386
1907.000 0.458
1908.000 0.493
1909.000 0.304
1910.000 0.357
1911.000 0.424
1912.000 0.493
1913.000 0.453
1914.000 0.485
1915.000 0.487
1916.000 0.394
1917.000 0.376
1918.000 0.587
1919.000 0.596
1920.000 0.558
1921.000 0.594
1922.000 0.624
1923.000 0.683
1924.000 0.626
1925.000 0.608
1926.000 0.600
1927.000 0.560
1928.000 0.478
1929.000 0.581
1930.000 0.247
1931.000 0.245
1932.000 0.627
1933.000 0.504
1934.000 0.585
1935.000 0.557
1936.000 0.569
1937.000 0.613
1938.000 0.705
1939.000 0.613
1940.000 0.485
1941.000 0.405
1942.000 0.459
1943.000 0.435
1944.000 0.491
1945.000 0.366
1946.000 0.471
1947.000 0.403
1948.000 0.432
1949.000 0.561
1950.000 0.461
1951.000 0.302
1952.000 0.297
1953.000 0.329
1954.000 0.362
1955.000 0.392
1956.000 0.480
1957.000 0.701
1958.000 0.593
1959.000 0.392
1960.000 0.322
1961.000 0.391
1962.000 0.374
1963.000 0.415
1964.000 0.410
1965.000 0.358
1966.000 0.288
1967.000 0.296
1968.000 0.290
1969.000 0.243
1970.000 0.245
1971.000 0.201
1972.000 0.165
1973.000 0.190
1974.000 0.177
1975.000 0.174
1976.000 0.198
1977.000 0.204
1978.000 0.196
1979.000 0.193
1980.000 0.191
1981.000 0.172
1982.000 0.172
1983.000 0.147
1984.000 0.147
1985.000 0.141
1986.000 0.163
1987.000 0.172
1988.000 0.161
1989.000 0.173
1990.000 0.171
1991.000 0.173
1992.000 0.164
1993.000 0.172
1994.000 0.189
1995.000 0.193
1996.000 0.193
1997.000 0.189
1998.000 0.193
1999.000 0.194
2000.000 0.232
2001.000 0.244
2002.000 0.233
2003.000 0.235
2004.000 0.218
2005.000 0.211
2006.000 0.212
2007.000 0.219
2008.000 0.232
2009.000 0.258
2010.000 0.282
2011.000 0.282
2012.000 0.332
2013.000 0.246
2014.000 0.213
2015.000 0.164
2016.000 0.142
2017.000 0.185
2018.000 0.188
2019.000 0.174
2020.000 0.176
2021.000 0.161
2022.000 0.154
2023.000 0.151
2024.000 0.146
2025.000 0.136
2026.000 0.134
2027.000 0.138
2028.000 0.146
2029.000 0.146
2030.000 0.146
2031.000 0.145
2032.000 0.142
2033.000 0.135
2034.000 0.135
2035.000 0.127
2036.000 0.118
2037.000 0.116
2038.000 0.117
2039.000 0.120
2040.000 0.125
2041.000 0.131
2042.000 0.133
2043.000 0.133
2044.000 0.137
2045.000 0.140
2046.000 0.145
2047.000 0.156
2048.000 0.156
2049.000 0.153
2050.000 0.147
2051.000 0.133
2052.000 0.123
2053.000 0.131
2054.000 0.137
2055.000 0.142
2056.000 0.145
2057.000 0.145
2058.000 0.131
2059.000 0.130
2060.000 0.133
2061.000 0.136
2062.000 0.143
2063.000 0.147
2064.000 0.155
2065.000 0.167
2066.000 0.153
2067.000 0.156
2068.000 0.157
2069.000 0.165
2070.000 0.178
2071.000 0.177
2072.000 0.177
2073.000 0.173
2074.000 0.169
2075.000 0.162
2076.000 0.158
2077.000 0.146
2078.000 0.144
2079.000 0.147
2080.000 0.150
2081.000 0.155
2082.000 0.164
2083.000 0.168
2084.000 0.165
2085.000 0.164
2086.000 0.163
2087.000 0.162
2088.000 0.163
2089.000 0.163
2090.000 0.160
2091.000 0.161
2092.000 0.161
2093.000 0.162
2094.000 0.164
2095.000 0.164
2096.000 0.161
2097.000 0.163
2098.000 0.167
2099.000 0.169
2100.000 0.173
2101.000 0.177
2102.000 0.171
2103.000 0.169
2104.000 0.166
2105.000 0.162
2106.000 0.162
2107.000 0.167
2108.000 0.166
2109.000 0.165
2110.000 0.165
2111.000 0.159
2112.000 0.159
2113.000 0.164
2114.000 0.164
2115.000 0.167
2116.000 0.167
2117.000 0.163
2118.000 0.158
2119.000 0.156
2120.000 0.153
2121.000 0.151
2122.000 0.154
2123.000 0.154
2124.000 0.155
2125.000 0.158
2126.000 0.162
2127.000 0.166
2128.000 0.170
2129.000 0.174
2130.000 0.174
2131.000 0.175
2132.000 0.176
2133.000 0.178
2134.000 0.181
2135.000 0.182
2136.000 0.181
2137.000 0.183
2138.000 0.184
2139.000 0.178
2140.000 0.177
2141.000 0.174
2142.000 0.174
2143.000 0.173
2144.000 0.170
2145.000 0.165
2146.000 0.165
2147.000 0.162
2148.000 0.162
2149.000 0.172
2150.000 0.176
2151.000 0.180
2152.000 0.180
2153.000 0.177
2154.000 0.177
2155.000 0.175
2156.000 0.174
2157.000 0.182
2158.000 0.190
2159.000 0.194
2160.000 0.190
2161.000 0.187
2162.000 0.175
2163.000 0.175
2164.000 0.175
2165.000 0.173
2166.000 0.180
2167.000 0.184
2168.000 0.185
2169.000 0.186
2170.000 0.183
2171.000 0.183
2172.000 0.180
2173.000 0.179
2174.000 0.172
2175.000 0.169
2176.000 0.164
2177.000 0.166
2178.000 0.167
2179.000 0.167
2180.000 0.165
2181.000 0.164
2182.000 0.163
2183.000 0.162
2184.000 0.165
2185.000 0.176
2186.000 0.179
2187.000 0.174
2188.000 0.175
2189.000 0.177
2190.000 0.179
2191.000 0.189
2192.000 0.191
2193.000 0.184
2194.000 0.185
2195.000 0.184
2196.000 0.184
2197.000 0.189
2198.000 0.190
2199.000 0.185
2200.000 0.182
2201.000 0.175
2202.000 0.174
2203.000 0.172
2204.000 0.169
2205.000 0.170
2206.000 0.177
2207.000 0.186
2208.000 0.190
2209.000 0.189
2210.000 0.181
2211.000 0.177
2212.000 0.168
2213.000 0.168
2214.000 0.175
2215.000 0.175
2216.000 0.170
2217.000 0.168
2218.000 0.164
2219.000 0.162
2220.000 0.164
2221.000 0.166
2222.000 0.166
2223.000 0.170
2224.000 0.178
2225.000 0.185
2226.000 0.195
2227.000 0.202
2228.000 0.203
2229.000 0.203
2230.000 0.200
2231.000 0.193
2232.000 0.188
2233.000 0.183
2234.000 0.183
2235.000 0.184
2236.000 0.184
2237.000 0.186
2238.000 0.185
2239.000 0.177
2240.000 0.175
2241.000 0.173
2242.000 0.171
2243.000 0.172
2244.000 0.170
2245.000 0.168
2246.000 0.166
2247.000 0.164
2248.000 0.163
2249.000 0.164
2250.000 0.163
2251.000 0.159
2252.000 0.158
2253.000 0.155
2254.000 0.157
2255.000 0.168
2256.000 0.171
2257.000 0.171
2258.000 0.177
2259.000 0.176
2260.000 0.173
2261.000 0.183
2262.000 0.184
2263.000 0.184
2264.000 0.182
2265.000 0.178
2266.000 0.169
2267.000 0.169
2268.000 0.171
2269.000 0.166
2270.000 0.170
2271.000 0.167
2272.000 0.158
2273.000 0.158
2274.000 0.165
2275.000 0.166
2276.000 0.172
2277.000 0.170
2278.000 0.159
2279.000 0.156
2280.000 0.159
2281.000 0.159
2282.000 0.167
2283.000 0.182
2284.000 0.163
2285.000 0.161
2286.000 0.157
2287.000 0.152
2288.000 0.146
2289.000 0.146
2290.000 0.135
2291.000 0.135
2292.000 0.152
2293.000 0.161
2294.000 0.182
2295.000 0.198
2296.000 0.205
2297.000 0.208
2298.000 0.212
2299.000 0.195
2300.000 0.174
2301.000 0.181
2302.000 0.168
2303.000 0.179
2304.000 0.178
2305.000 0.197
2306.000 0.201
2307.000 0.202
2308.000 0.161
2309.000 0.171
2310.000 0.143
2311.000 0.139
2312.000 0.136
2313.000 0.136
2314.000 0.126
2315.000 0.140
2316.000 0.138
2317.000 0.130
2318.000 0.136
2319.000 0.155
2320.000 0.161
2321.000 0.163
2322.000 0.174
2323.000 0.152
2324.000 0.138
2325.000 0.122
2326.000 0.106
2327.000 0.088
2328.000 0.098
2329.000 0.126
2330.000 0.140
2331.000 0.150
2332.000 0.163
2333.000 0.162
2334.000 0.171
2335.000 0.209
2336.000 0.214
2337.000 0.177
2338.000 0.178
2339.000 0.141
2340.000 0.138
2341.000 0.170
2342.000 0.174
2343.000 0.143
2344.000 0.144
2345.000 0.104
2346.000 0.105
2347.000 0.133
2348.000 0.163
2349.000 0.215
2350.000 0.246
2351.000 0.260
2352.000 0.245
2353.000 0.168
2354.000 0.169
2355.000 0.131
2356.000 0.116
2357.000 0.141
2358.000 0.173
2359.000 0.233
2360.000 0.274
2361.000 0.409
2362.000 0.311
2363.000 0.200
2364.000 0.147
2365.000 0.135
2366.000 0.124
2367.000 0.181
2368.000 0.197
2369.000 0.190
2370.000 0.185
2371.000 0.149
2372.000 0.121
2373.000 0.084
2374.000 0.164
2375.000 0.141
2376.000 0.217
2377.000 0.195
2378.000 0.343
2379.000 0.525
2380.000 0.415
2381.000 0.355
2382.000 0.311
2383.000 0.314
2384.000 0.280
2385.000 0.260
2386.000 0.254
2387.000 0.192
2388.000 0.170
2389.000 0.196
2390.000 0.232
2391.000 0.166
2392.000 0.142
2393.000 0.108
2394.000 0.150
2395.000 0.203
2396.000 0.251
2397.000 0.221
2398.000 0.252
2399.000 0.208
2400.000 0.267
2401.000 0.234
2402.000 0.413
2403.000 0.363
2404.000 0.383
2405.000 0.401
2406.000 0.294
2407.000 0.215
2408.000 0.249
2409.000 0.246
2410.000 0.197
2411.000 0.098
2412.000 0.152
2413.000 0.141
2414.000 0.193
2415.000 0.229
2416.000 0.244
2417.000 0.233
2418.000 0.229
2419.000 0.284
2420.000 0.440
2421.000 0.440
2422.000 0.493
2423.000 0.387
2424.000 0.319
2425.000 0.341
2426.000 0.448
2427.000 0.426
2428.000 0.380
2429.000 0.371
2430.000 0.270
2431.000 0.378
2432.000 0.252
2433.000 0.333
2434.000 0.293
2435.000 0.233
2436.000 0.264
2437.000 0.264
2438.000 0.277
2439.000 0.277
2440.000 0.154
2441.000 0.239
2442.000 0.552
2443.000 0.499
2444.000 0.484
2445.000 0.355
2446.000 0.139
2447.000 0.307
2448.000 0.281
2449.000 0.117
2450.000 0.266
2451.000 0.277
2452.000 0.252
2453.000 0.377
2454.000 0.364
2455.000 0.416
2456.000 0.359
2457.000 0.541
2458.000 0.430
2459.000 0.417
2460.000 0.400
2461.000 0.351
2462.000 0.459
2463.000 0.358
2464.000 0.546
2465.000 0.649
2466.000 0.493
2467.000 0.331
2468.000 0.165
2469.000 0.241
2470.000 0.321
2471.000 0.372
2472.000 0.253
2473.000 0.237
2474.000 0.288
2475.000 0.419
2476.000 0.508
2477.000 0.520
2478.000 0.471
2479.000 0.447
2480.000 0.524
2481.000 0.312
2482.000 0.304
2483.000 0.237
2484.000 0.141
2485.000 0.259
2486.000 0.319
2487.000 0.245
2488.000 0.228
2489.000 0.304
2490.000 0.214
2491.000 0.343
2492.000 0.579
2493.000 0.691
2494.000 0.762
2495.000 0.414
2496.000 0.371
2497.000 0.348
2498.000 0.455
2499.000 0.630
2500.000 0.754
