391.000 0.033
392.000 0.034
393.000 0.037
394.000 0.035
395.000 0.037
396.000 0.038
397.000 0.036
398.000 0.039
399.000 0.039
400.000 0.036
401.000 0.034
402.000 0.033
403.000 0.034
404.000 0.036
405.000 0.035
406.000 0.035
407.000 0.036
408.000 0.038
409.000 0.037
410.000 0.037
411.000 0.038
412.000 0.039
413.000 0.038
414.000 0.038
415.000 0.037
416.000 0.036
417.000 0.037
418.000 0.038
419.000 0.037
420.000 0.037
421.000 0.037
422.000 0.037
423.000 0.037
424.000 0.039
425.000 0.039
426.000 0.038
427.000 0.038
428.000 0.037
429.000 0.037
430.000 0.037
431.000 0.038
432.000 0.039
433.000 0.038
434.000 0.038
435.000 0.037
436.000 0.038
437.000 0.039
438.000 0.039
439.000 0.039
440.000 0.039
441.000 0.038
442.000 0.039
443.000 0.039
444.000 0.039
445.000 0.040
446.000 0.039
447.000 0.038
448.000 0.039
449.000 0.039
450.000 0.039
451.000 0.039
452.000 0.040
453.000 0.038
454.000 0.039
455.000 0.040
456.000 0.040
457.000 0.040
458.000 0.040
459.000 0.040
460.000 0.040
461.000 0.040
462.000 0.040
463.000 0.041
464.000 0.040
465.000 0.040
466.000 0.040
467.000 0.039
468.000 0.041
469.000 0.040
470.000 0.040
471.000 0.041
472.000 0.041
473.000 0.041
474.000 0.040
475.000 0.040
476.000 0.041
477.000 0.041
478.000 0.040
479.000 0.040
480.000 0.041
481.000 0.041
482.000 0.041
483.000 0.041
484.000 0.041
485.000 0.040
486.000 0.040
487.000 0.041
488.000 0.042
489.000 0.041
490.000 0.040
491.000 0.041
492.000 0.042
493.000 0.044
494.000 0.042
495.000 0.042
496.000 0.043
497.000 0.043
498.000 0.042
499.000 0.042
500.000 0.044
501.000 0.044
502.000 0.044
503.000 0.044
504.000 0.046
505.000 0.046
506.000 0.046
507.000 0.047
508.000 0.047
509.000 0.048
510.000 0.049
511.000 0.050
512.000 0.050
513.000 0.052
514.000 0.053
515.000 0.055
516.000 0.057
517.000 0.059
518.000 0.060
519.000 0.062
520.000 0.063
521.000 0.065
522.000 0.067
523.000 0.069
524.000 0.070
525.000 0.072
526.000 0.074
527.000 0.077
528.000 0.078
529.000 0.079
530.000 0.080
531.000 0.082
532.000 0.084
533.000 0.085
534.000 0.085
535.000 0.087
536.000 0.088
537.000 0.088
538.000 0.088
539.000 0.089
540.000 0.089
541.000 0.090
542.000 0.091
543.000 0.091
544.000 0.091
545.000 0.091
546.000 0.092
547.000 0.092
548.000 0.092
549.000 0.092
550.000 0.093
551.000 0.093
552.000 0.093
553.000 0.092
554.000 0.092
555.000 0.092
556.000 0.092
557.000 0.092
558.000 0.091
559.000 0.090
560.000 0.090
561.000 0.089
562.000 0.088
563.000 0.087
564.000 0.085
565.000 0.084
566.000 0.083
567.000 0.082
568.000 0.081
569.000 0.080
570.000 0.079
571.000 0.077
572.000 0.075
573.000 0.075
574.000 0.074
575.000 0.073
576.000 0.071
577.000 0.071
578.000 0.070
579.000 0.070
580.000 0.070
581.000 0.068
582.000 0.067
583.000 0.066
584.000 0.066
585.000 0.066
586.000 0.065
587.000 0.065
588.000 0.064
589.000 0.064
590.000 0.064
591.000 0.063
592.000 0.062
593.000 0.062
594.000 0.062
595.000 0.062
596.000 0.062
597.000 0.061
598.000 0.061
599.000 0.061
600.000 0.061
601.000 0.061
602.000 0.061
603.000 0.060
604.000 0.060
605.000 0.061
606.000 0.060
607.000 0.060
608.000 0.060
609.000 0.060
610.000 0.059
611.000 0.059
612.000 0.058
613.000 0.057
614.000 0.057
615.000 0.057
616.000 0.056
617.000 0.056
618.000 0.056
619.000 0.056
620.000 0.056
621.000 0.055
622.000 0.054
623.000 0.055
624.000 0.056
625.000 0.055
626.000 0.055
627.000 0.055
628.000 0.055
629.000 0.056
630.000 0.055
631.000 0.055
632.000 0.056
633.000 0.056
634.000 0.055
635.000 0.055
636.000 0.054
637.000 0.055
638.000 0.055
639.000 0.054
640.000 0.052
641.000 0.053
642.000 0.052
643.000 0.052
644.000 0.052
645.000 0.052
646.000 0.051
647.000 0.050
648.000 0.050
649.000 0.051
650.000 0.051
651.000 0.050
652.000 0.050
653.000 0.050
654.000 0.051
655.000 0.051
656.000 0.051
657.000 0.051
658.000 0.051
659.000 0.050
660.000 0.051
661.000 0.052
662.000 0.052
663.000 0.050
664.000 0.050
665.000 0.051
666.000 0.051
667.000 0.052
668.000 0.051
669.000 0.051
670.000 0.053
671.000 0.053
672.000 0.053
673.000 0.053
674.000 0.055
675.000 0.055
676.000 0.054
677.000 0.055
678.000 0.056
679.000 0.057
680.000 0.057
681.000 0.058
682.000 0.058
683.000 0.059
684.000 0.060
685.000 0.061
686.000 0.062
687.000 0.064
688.000 0.066
689.000 0.066
690.000 0.066
691.000 0.068
692.000 0.070
693.000 0.073
694.000 0.077
695.000 0.082
696.000 0.085
697.000 0.089
698.000 0.094
699.000 0.101
700.000 0.106
701.000 0.113
702.000 0.120
703.000 0.126
704.000 0.133
705.000 0.140
706.000 0.146
707.000 0.153
708.000 0.160
709.000 0.167
710.000 0.175
711.000 0.182
712.000 0.189
713.000 0.196
714.000 0.203
715.000 0.211
716.000 0.218
717.000 0.224
718.000 0.232
719.000 0.240
720.000 0.248
721.000 0.257
722.000 0.264
723.000 0.270
724.000 0.277
725.000 0.284
726.000 0.292
727.000 0.299
728.000 0.306
729.000 0.313
730.000 0.319
731.000 0.326
732.000 0.333
733.000 0.339
734.000 0.345
735.000 0.351
736.000 0.356
737.000 0.361
738.000 0.367
739.000 0.371
740.000 0.376
741.000 0.380
742.000 0.384
743.000 0.388
744.000 0.392
745.000 0.395
746.000 0.398
747.000 0.401
748.000 0.404
749.000 0.406
750.000 0.408
751.000 0.410
752.000 0.412
753.000 0.414
754.000 0.415
755.000 0.417
756.000 0.418
757.000 0.419
758.000 0.419
759.000 0.419
760.000 0.417
761.000 0.415
762.000 0.413
763.000 0.414
764.000 0.416
765.000 0.419
766.000 0.422
767.000 0.425
768.000 0.427
769.000 0.428
770.000 0.429
771.000 0.430
772.000 0.431
773.000 0.432
774.000 0.432
775.000 0.432
776.000 0.433
777.000 0.434
778.000 0.434
779.000 0.435
780.000 0.435
781.000 0.435
782.000 0.436
783.000 0.436
784.000 0.436
785.000 0.436
786.000 0.436
787.000 0.436
788.000 0.436
789.000 0.435
790.000 0.435
791.000 0.436
792.000 0.436
793.000 0.437
794.000 0.438
795.000 0.438
796.000 0.438
797.000 0.438
798.000 0.438
799.000 0.438
800.000 0.439
801.000 0.438
802.000 0.439
803.000 0.439
804.000 0.440
805.000 0.441
806.000 0.441
807.000 0.442
808.000 0.442
809.000 0.442
810.000 0.441
811.000 0.440
812.000 0.439
813.000 0.438
814.000 0.436
815.000 0.436
816.000 0.435
817.000 0.435
818.000 0.436
819.000 0.437
820.000 0.439
821.000 0.438
822.000 0.439
823.000 0.441
824.000 0.441
825.000 0.441
826.000 0.442
827.000 0.442
828.000 0.443
829.000 0.443
830.000 0.443
831.000 0.444
832.000 0.444
833.000 0.445
834.000 0.446
835.000 0.447
836.000 0.448
837.000 0.449
838.000 0.450
839.000 0.450
840.000 0.451
841.000 0.452
842.000 0.452
843.000 0.453
844.000 0.453
845.000 0.454
846.000 0.455
847.000 0.455
848.000 0.455
849.000 0.456
850.000 0.456
851.000 0.456
852.000 0.456
853.000 0.457
854.000 0.457
855.000 0.458
856.000 0.458
857.000 0.458
858.000 0.458
859.000 0.458
860.000 0.459
861.000 0.459
862.000 0.459
863.000 0.460
864.000 0.460
865.000 0.461
866.000 0.461
867.000 0.461
868.000 0.461
869.000 0.461
870.000 0.462
871.000 0.462
872.000 0.462
873.000 0.462
874.000 0.462
875.000 0.463
876.000 0.463
877.000 0.463
878.000 0.463
879.000 0.463
880.000 0.464
881.000 0.464
882.000 0.464
883.000 0.464
884.000 0.464
885.000 0.464
886.000 0.465
887.000 0.465
888.000 0.465
889.000 0.465
890.000 0.464
891.000 0.463
892.000 0.462
893.000 0.462
894.000 0.460
895.000 0.459
896.000 0.459
897.000 0.458
898.000 0.457
899.000 0.456
900.000 0.455
901.000 0.456
902.000 0.456
903.000 0.456
904.000 0.456
905.000 0.456
906.000 0.457
907.000 0.457
908.000 0.456
909.000 0.456
910.000 0.456
911.000 0.455
912.000 0.455
913.000 0.454
914.000 0.454
915.000 0.454
916.000 0.455
917.000 0.455
918.000 0.457
919.000 0.458
920.000 0.457
921.000 0.457
922.000 0.458
923.000 0.458
924.000 0.458
925.000 0.456
926.000 0.454
927.000 0.453
928.000 0.452
929.000 0.451
930.000 0.448
931.000 0.444
932.000 0.441
933.000 0.441
934.000 0.438
935.000 0.432
936.000 0.432
937.000 0.432
938.000 0.431
939.000 0.429
940.000 0.431
941.000 0.431
942.000 0.431
943.000 0.432
944.000 0.432
945.000 0.435
946.000 0.434
947.000 0.430
948.000 0.432
949.000 0.430
950.000 0.430
951.000 0.433
952.000 0.432
953.000 0.430
954.000 0.430
955.000 0.434
956.000 0.432
957.000 0.432
958.000 0.435
959.000 0.438
960.000 0.435
961.000 0.434
962.000 0.435
963.000 0.438
964.000 0.443
965.000 0.443
966.000 0.443
967.000 0.446
968.000 0.445
969.000 0.445
970.000 0.447
971.000 0.448
972.000 0.450
973.000 0.449
974.000 0.448
975.000 0.450
976.000 0.451
977.000 0.451
978.000 0.451
979.000 0.453
980.000 0.454
981.000 0.455
982.000 0.455
983.000 0.457
984.000 0.458
985.000 0.458
986.000 0.459
987.000 0.459
988.000 0.462
989.000 0.462
990.000 0.462
991.000 0.463
992.000 0.464
993.000 0.465
994.000 0.466
995.000 0.467
996.000 0.467
997.000 0.466
998.000 0.467
999.000 0.469
1000.000 0.469
1001.000 0.472
1002.000 0.472
1003.000 0.473
1004.000 0.474
1005.000 0.475
1006.000 0.476
1007.000 0.477
1008.000 0.478
1009.000 0.477
1010.000 0.478
1011.000 0.478
1012.000 0.478
1013.000 0.478
1014.000 0.479
1015.000 0.479
1016.000 0.481
1017.000 0.481
1018.000 0.482
1019.000 0.483
1020.000 0.482
1021.000 0.482
1022.000 0.481
1023.000 0.482
1024.000 0.483
1025.000 0.483
1026.000 0.484
1027.000 0.484
1028.000 0.485
1029.000 0.486
1030.000 0.486
1031.000 0.487
1032.000 0.488
1033.000 0.487
1034.000 0.488
1035.000 0.488
1036.000 0.488
1037.000 0.489
1038.000 0.489
1039.000 0.490
1040.000 0.490
1041.000 0.490
1042.000 0.490
1043.000 0.490
1044.000 0.490
1045.000 0.490
1046.000 0.491
1047.000 0.491
1048.000 0.492
1049.000 0.492
1050.000 0.492
1051.000 0.492
1052.000 0.493
1053.000 0.493
1054.000 0.494
1055.000 0.494
1056.000 0.494
1057.000 0.494
1058.000 0.493
1059.000 0.494
1060.000 0.494
1061.000 0.494
1062.000 0.494
1063.000 0.495
1064.000 0.494
1065.000 0.494
1066.000 0.494
1067.000 0.495
1068.000 0.495
1069.000 0.496
1070.000 0.496
1071.000 0.495
1072.000 0.495
1073.000 0.495
1074.000 0.495
1075.000 0.495
1076.000 0.496
1077.000 0.496
1078.000 0.496
1079.000 0.496
1080.000 0.496
1081.000 0.496
1082.000 0.496
1083.000 0.497
1084.000 0.496
1085.000 0.496
1086.000 0.495
1087.000 0.495
1088.000 0.494
1089.000 0.494
1090.000 0.494
1091.000 0.494
1092.000 0.494
1093.000 0.494
1094.000 0.493
1095.000 0.492
1096.000 0.491
1097.000 0.490
1098.000 0.489
1099.000 0.487
1100.000 0.487
1101.000 0.487
1102.000 0.486
1103.000 0.485
1104.000 0.484
1105.000 0.482
1106.000 0.482
1107.000 0.481
1108.000 0.480
1109.000 0.480
1110.000 0.479
1111.000 0.476
1112.000 0.473
1113.000 0.472
1114.000 0.470
1115.000 0.468
1116.000 0.466
1117.000 0.464
1118.000 0.461
1119.000 0.459
1120.000 0.458
1121.000 0.459
1122.000 0.460
1123.000 0.459
1124.000 0.455
1125.000 0.452
1126.000 0.444
1127.000 0.443
1128.000 0.447
1129.000 0.452
1130.000 0.453
1131.000 0.456
1132.000 0.454
1133.000 0.451
1134.000 0.450
1135.000 0.449
1136.000 0.450
1137.000 0.450
1138.000 0.451
1139.000 0.452
1140.000 0.451
1141.000 0.447
1142.000 0.446
1143.000 0.444
1144.000 0.443
1145.000 0.445
1146.000 0.444
1147.000 0.441
1148.000 0.439
1149.000 0.437
1150.000 0.438
1151.000 0.439
1152.000 0.439
1153.000 0.440
1154.000 0.441
1155.000 0.441
1156.000 0.442
1157.000 0.442
1158.000 0.442
1159.000 0.443
1160.000 0.444
1161.000 0.446
1162.000 0.448
1163.000 0.449
1164.000 0.450
1165.000 0.450
1166.000 0.450
1167.000 0.450
1168.000 0.450
1169.000 0.450
1170.000 0.451
1171.000 0.452
1172.000 0.453
1173.000 0.454
1174.000 0.454
1175.000 0.453
1176.000 0.453
1177.000 0.452
1178.000 0.452
1179.000 0.452
1180.000 0.452
1181.000 0.453
1182.000 0.453
1183.000 0.452
1184.000 0.452
1185.000 0.452
1186.000 0.452
1187.000 0.453
1188.000 0.453
1189.000 0.453
1190.000 0.454
1191.000 0.454
1192.000 0.454
1193.000 0.454
1194.000 0.455
1195.000 0.455
1196.000 0.456
1197.000 0.456
1198.000 0.456
1199.000 0.456
1200.000 0.456
1201.000 0.457
1202.000 0.457
1203.000 0.457
1204.000 0.457
1205.000 0.458
1206.000 0.458
1207.000 0.458
1208.000 0.459
1209.000 0.459
1210.000 0.459
1211.000 0.459
1212.000 0.460
1213.000 0.460
1214.000 0.461
1215.000 0.461
1216.000 0.462
1217.000 0.463
1218.000 0.463
1219.000 0.464
1220.000 0.465
1221.000 0.465
1222.000 0.465
1223.000 0.466
1224.000 0.466
1225.000 0.467
1226.000 0.467
1227.000 0.468
1228.000 0.469
1229.000 0.470
1230.000 0.470
1231.000 0.471
1232.000 0.472
1233.000 0.472
1234.000 0.472
1235.000 0.473
1236.000 0.473
1237.000 0.474
1238.000 0.475
1239.000 0.475
1240.000 0.475
1241.000 0.476
1242.000 0.476
1243.000 0.476
1244.000 0.476
1245.000 0.477
1246.000 0.477
1247.000 0.477
1248.000 0.477
1249.000 0.478
1250.000 0.478
1251.000 0.478
1252.000 0.478
1253.000 0.478
1254.000 0.478
1255.000 0.478
1256.000 0.478
1257.000 0.477
1258.000 0.477
1259.000 0.477
1260.000 0.477
1261.000 0.477
1262.000 0.477
1263.000 0.476
1264.000 0.475
1265.000 0.476
1266.000 0.476
1267.000 0.477
1268.000 0.477
1269.000 0.477
1270.000 0.477
1271.000 0.477
1272.000 0.478
1273.000 0.478
1274.000 0.478
1275.000 0.479
1276.000 0.480
1277.000 0.481
1278.000 0.481
1279.000 0.481
1280.000 0.482
1281.000 0.482
1282.000 0.482
1283.000 0.482
1284.000 0.481
1285.000 0.482
1286.000 0.482
1287.000 0.482
1288.000 0.482
1289.000 0.482
1290.000 0.481
1291.000 0.481
1292.000 0.480
1293.000 0.479
1294.000 0.478
1295.000 0.477
1296.000 0.476
1297.000 0.475
1298.000 0.475
1299.000 0.475
1300.000 0.474
1301.000 0.473
1302.000 0.472
1303.000 0.471
1304.000 0.471
1305.000 0.470
1306.000 0.470
1307.000 0.468
1308.000 0.467
1309.000 0.466
1310.000 0.465
1311.000 0.464
1312.000 0.463
1313.000 0.462
1314.000 0.461
1315.000 0.458
1316.000 0.457
1317.000 0.456
1318.000 0.455
1319.000 0.454
1320.000 0.454
1321.000 0.453
1322.000 0.450
1323.000 0.448
1324.000 0.445
1325.000 0.443
1326.000 0.443
1327.000 0.441
1328.000 0.438
1329.000 0.435
1330.000 0.432
1331.000 0.430
1332.000 0.430
1333.000 0.428
1334.000 0.425
1335.000 0.423
1336.000 0.421
1337.000 0.420
1338.000 0.420
1339.000 0.419
1340.000 0.417
1341.000 0.416
1342.000 0.419
1343.000 0.420
1344.000 0.423
1345.000 0.425
1346.000 0.421
1347.000 0.419
1348.000 0.416
1349.000 0.410
1350.000 0.406
1351.000 0.402
1352.000 0.409
1353.000 0.451
1354.000 0.524
1355.000 0.609
1356.000 0.457
1357.000 0.384
1358.000 0.399
1359.000 0.563
1360.000 0.509
1361.000 0.433
1362.000 0.364
1363.000 0.190
1364.000 0.207
1365.000 0.312
1366.000 0.384
1367.000 0.412
1368.000 0.460
1369.000 0.453
1370.000 0.433
1371.000 0.173
1372.000 0.195
1373.000 0.127
1374.000 0.314
1375.000 0.361
1376.000 0.414
1377.000 0.370
1378.000 0.438
1379.000 0.479
1380.000 0.586
1381.000 0.619
1382.000 0.525
1383.000 0.609
1384.000 0.506
1385.000 0.450
1386.000 0.192
1387.000 0.215
1388.000 0.218
1389.000 0.453
1390.000 0.590
1391.000 0.711
1392.000 0.647
1393.000 0.751
1394.000 0.384
1395.000 0.331
1396.000 0.430
1397.000 0.473
1398.000 0.636
1399.000 0.811
1400.000 0.657
1401.000 0.530
1402.000 0.441
1403.000 0.369
1404.000 0.366
1405.000 0.579
1406.000 0.428
1407.000 0.314
1408.000 0.356
1409.000 0.389
1410.000 0.431
1411.000 0.411
1412.000 0.299
1413.000 0.274
1414.000 0.063
1415.000 0.063
1416.000 0.098
1417.000 0.506
1418.000 0.541
1419.000 0.472
1420.000 0.460
1421.000 0.262
1422.000 0.264
1423.000 0.247
1424.000 0.265
1425.000 0.373
1426.000 0.334
1427.000 0.369
1428.000 0.423
1429.000 0.401
1430.000 0.333
1431.000 0.319
1432.000 0.276
1433.000 0.274
1434.000 0.251
1435.000 0.240
1436.000 0.227
1437.000 0.202
1438.000 0.186
1439.000 0.226
1440.000 0.232
1441.000 0.177
1442.000 0.159
1443.000 0.149
1444.000 0.149
1445.000 0.150
1446.000 0.160
1447.000 0.162
1448.000 0.165
1449.000 0.163
1450.000 0.171
1451.000 0.180
1452.000 0.178
1453.000 0.180
1454.000 0.185
1455.000 0.183
1456.000 0.179
1457.000 0.173
1458.000 0.165
1459.000 0.162
1460.000 0.154
1461.000 0.156
1462.000 0.165
1463.000 0.173
1464.000 0.193
1465.000 0.206
1466.000 0.225
1467.000 0.229
1468.000 0.213
1469.000 0.211
1470.000 0.206
1471.000 0.205
1472.000 0.214
1473.000 0.215
1474.000 0.215
1475.000 0.211
1476.000 0.205
1477.000 0.200
1478.000 0.195
1479.000 0.191
1480.000 0.186
1481.000 0.185
1482.000 0.188
1483.000 0.190
1484.000 0.195
1485.000 0.196
1486.000 0.192
1487.000 0.192
1488.000 0.192
1489.000 0.193
1490.000 0.197
1491.000 0.199
1492.000 0.202
1493.000 0.203
1494.000 0.200
1495.000 0.201
1496.000 0.201
1497.000 0.202
1498.000 0.206
1499.000 0.211
1500.000 0.212
1501.000 0.212
1502.000 0.211
1503.000 0.211
1504.000 0.214
1505.000 0.215
1506.000 0.217
1507.000 0.220
1508.000 0.221
1509.000 0.220
1510.000 0.222
1511.000 0.224
1512.000 0.226
1513.000 0.230
1514.000 0.232
1515.000 0.233
1516.000 0.234
1517.000 0.235
1518.000 0.235
1519.000 0.233
1520.000 0.234
1521.000 0.235
1522.000 0.237
1523.000 0.240
1524.000 0.243
1525.000 0.245
1526.000 0.247
1527.000 0.249
1528.000 0.250
1529.000 0.250
1530.000 0.251
1531.000 0.253
1532.000 0.253
1533.000 0.255
1534.000 0.256
1535.000 0.257
1536.000 0.259
1537.000 0.259
1538.000 0.261
1539.000 0.264
1540.000 0.266
1541.000 0.267
1542.000 0.269
1543.000 0.270
1544.000 0.272
1545.000 0.272
1546.000 0.273
1547.000 0.274
1548.000 0.275
1549.000 0.277
1550.000 0.278
1551.000 0.278
1552.000 0.278
1553.000 0.281
1554.000 0.283
1555.000 0.286
1556.000 0.287
1557.000 0.286
1558.000 0.286
1559.000 0.286
1560.000 0.287
1561.000 0.288
1562.000 0.289
1563.000 0.289
1564.000 0.289
1565.000 0.288
1566.000 0.289
1567.000 0.292
1568.000 0.294
1569.000 0.296
1570.000 0.297
1571.000 0.295
1572.000 0.296
1573.000 0.298
1574.000 0.300
1575.000 0.303
1576.000 0.305
1577.000 0.305
1578.000 0.306
1579.000 0.308
1580.000 0.309
1581.000 0.309
1582.000 0.310
1583.000 0.310
1584.000 0.310
1585.000 0.311
1586.000 0.312
1587.000 0.312
1588.000 0.313
1589.000 0.315
1590.000 0.317
1591.000 0.318
1592.000 0.319
1593.000 0.319
1594.000 0.319
1595.000 0.319
1596.000 0.320
1597.000 0.320
1598.000 0.321
1599.000 0.324
1600.000 0.325
1601.000 0.326
1602.000 0.327
1603.000 0.325
1604.000 0.325
1605.000 0.325
1606.000 0.326
1607.000 0.326
1608.000 0.328
1609.000 0.329
1610.000 0.330
1611.000 0.330
1612.000 0.331
1613.000 0.332
1614.000 0.333
1615.000 0.333
1616.000 0.334
1617.000 0.334
1618.000 0.335
1619.000 0.338
1620.000 0.340
1621.000 0.341
1622.000 0.343
1623.000 0.342
1624.000 0.342
1625.000 0.341
1626.000 0.340
1627.000 0.340
1628.000 0.340
1629.000 0.341
1630.000 0.342
1631.000 0.343
1632.000 0.343
1633.000 0.343
1634.000 0.344
1635.000 0.343
1636.000 0.343
1637.000 0.345
1638.000 0.345
1639.000 0.347
1640.000 0.348
1641.000 0.347
1642.000 0.347
1643.000 0.346
1644.000 0.346
1645.000 0.347
1646.000 0.347
1647.000 0.348
1648.000 0.349
1649.000 0.349
1650.000 0.350
1651.000 0.351
1652.000 0.352
1653.000 0.351
1654.000 0.351
1655.000 0.351
1656.000 0.351
1657.000 0.351
1658.000 0.351
1659.000 0.350
1660.000 0.350
1661.000 0.352
1662.000 0.352
1663.000 0.352
1664.000 0.353
1665.000 0.352
1666.000 0.352
1667.000 0.352
1668.000 0.351
1669.000 0.351
1670.000 0.350
1671.000 0.350
1672.000 0.351
1673.000 0.353
1674.000 0.353
1675.000 0.354
1676.000 0.354
1677.000 0.353
1678.000 0.353
1679.000 0.352
1680.000 0.352
1681.000 0.351
1682.000 0.350
1683.000 0.351
1684.000 0.352
1685.000 0.352
1686.000 0.352
1687.000 0.354
1688.000 0.352
1689.000 0.348
1690.000 0.348
1691.000 0.347
1692.000 0.347
1693.000 0.349
1694.000 0.349
1695.000 0.350
1696.000 0.350
1697.000 0.351
1698.000 0.351
1699.000 0.349
1700.000 0.349
1701.000 0.349
1702.000 0.348
1703.000 0.348
1704.000 0.348
1705.000 0.348
1706.000 0.348
1707.000 0.349
1708.000 0.348
1709.000 0.347
1710.000 0.346
1711.000 0.343
1712.000 0.344
1713.000 0.344
1714.000 0.345
1715.000 0.346
1716.000 0.346
1717.000 0.343
1718.000 0.340
1719.000 0.339
1720.000 0.337
1721.000 0.336
1722.000 0.336
1723.000 0.337
1724.000 0.336
1725.000 0.335
1726.000 0.334
1727.000 0.334
1728.000 0.335
1729.000 0.334
1730.000 0.334
1731.000 0.335
1732.000 0.333
1733.000 0.334
1734.000 0.334
1735.000 0.332
1736.000 0.332
1737.000 0.332
1738.000 0.333
1739.000 0.332
1740.000 0.329
1741.000 0.328
1742.000 0.327
1743.000 0.326
1744.000 0.328
1745.000 0.328
1746.000 0.329
1747.000 0.330
1748.000 0.332
1749.000 0.330
1750.000 0.325
1751.000 0.324
1752.000 0.321
1753.000 0.319
1754.000 0.320
1755.000 0.320
1756.000 0.318
1757.000 0.319
1758.000 0.321
1759.000 0.322
1760.000 0.319
1761.000 0.316
1762.000 0.315
1763.000 0.313
1764.000 0.310
1765.000 0.308
1766.000 0.306
1767.000 0.306
1768.000 0.309
1769.000 0.310
1770.000 0.310
1771.000 0.313
1772.000 0.309
1773.000 0.306
1774.000 0.305
1775.000 0.298
1776.000 0.296
1777.000 0.297
1778.000 0.295
1779.000 0.295
1780.000 0.298
1781.000 0.303
1782.000 0.304
1783.000 0.302
1784.000 0.303
1785.000 0.305
1786.000 0.304
1787.000 0.306
1788.000 0.305
1789.000 0.304
1790.000 0.305
1791.000 0.310
1792.000 0.316
1793.000 0.303
1794.000 0.295
1795.000 0.296
1796.000 0.300
1797.000 0.310
1798.000 0.332
1799.000 0.358
1800.000 0.346
1801.000 0.442
1802.000 0.455
1803.000 0.485
1804.000 0.459
1805.000 0.465
1806.000 0.470
1807.000 0.410
1808.000 0.394
1809.000 0.378
1810.000 0.460
1811.000 0.478
1812.000 0.490
1813.000 0.524
1814.000 0.588
1815.000 0.625
1816.000 0.625
1817.000 0.650
1818.000 0.567
1819.000 0.521
1820.000 0.571
1821.000 0.697
1822.000 0.719
1823.000 0.564
1824.000 0.558
1825.000 0.609
1826.000 0.763
1827.000 0.726
1828.000 0.705
1829.000 0.648
1830.000 0.604
1831.000 0.586
1832.000 0.484
1833.000 0.736
1834.000 0.671
1835.000 0.680
1836.000 0.690
1837.000 0.420
1838.000 0.426
1839.000 0.533
1840.000 0.521
1841.000 0.506
1842.000 0.395
1843.000 0.474
1844.000 0.438
1845.000 0.411
1846.000 0.434
1847.000 0.589
1848.000 0.559
1849.000 0.621
1850.000 0.502
1851.000 0.505
1852.000 0.520
1853.000 0.520
1854.000 0.567
1855.000 0.554
1856.000 0.503
1857.000 0.462
1858.000 0.487
1859.000 0.509
1860.000 0.503
1861.000 0.540
1862.000 0.305
1863.000 0.308
1864.000 0.319
1865.000 0.382
1866.000 0.433
1867.000 0.533
1868.000 0.546
1869.000 0.527
1870.000 0.483
1871.000 0.481
1872.000 0.413
1873.000 0.604
1874.000 0.499
1875.000 0.513
1876.000 0.434
1877.000 0.300
1878.000 0.525
1879.000 0.287
1880.000 0.371
1881.000 0.367
1882.000 0.390
1883.000 0.486
1884.000 0.514
1885.000 0.495
1886.000 0.496
1887.000 0.497
1888.000 0.414
1889.000 0.532
1890.000 0.323
1891.000 0.470
1892.000 0.469
1893.000 0.371
1894.000 0.663
1895.000 0.612
1896.000 0.682
1897.000 0.710
1898.000 0.695
1899.000 0.695
1900.000 0.685
1901.000 0.677
1902.000 0.617
1903.000 0.645
1904.000 0.453
1905.000 0.472
1906.000 0.473
1907.000 0.433
1908.000 0.240
1909.000 0.453
1910.000 0.283
1911.000 0.641
1912.000 0.452
1913.000 0.452
1914.000 0.477
1915.000 0.485
1916.000 0.473
1917.000 0.483
1918.000 0.541
1919.000 0.585
1920.000 0.578
1921.000 0.559
1922.000 0.578
1923.000 0.571
1924.000 0.503
1925.000 0.459
1926.000 0.425
1927.000 0.345
1928.000 0.345
1929.000 0.440
1930.000 0.388
1931.000 0.361
1932.000 0.571
1933.000 0.538
1934.000 0.574
1935.000 0.487
1936.000 0.456
1937.000 0.502
1938.000 0.548
1939.000 0.580
1940.000 0.585
1941.000 0.627
1942.000 0.598
1943.000 0.514
1944.000 0.480
1945.000 0.377
1946.000 0.491
1947.000 0.369
1948.000 0.326
1949.000 0.468
1950.000 0.602
1951.000 0.453
1952.000 0.389
1953.000 0.402
1954.000 0.450
1955.000 0.503
1956.000 0.623
1957.000 0.734
1958.000 0.457
1959.000 0.535
1960.000 0.448
1961.000 0.413
1962.000 0.363
1963.000 0.430
1964.000 0.430
1965.000 0.462
1966.000 0.424
1967.000 0.411
1968.000 0.381
1969.000 0.323
1970.000 0.348
1971.000 0.315
1972.000 0.310
1973.000 0.323
1974.000 0.315
1975.000 0.305
1976.000 0.314
1977.000 0.308
1978.000 0.268
1979.000 0.258
1980.000 0.251
1981.000 0.227
1982.000 0.230
1983.000 0.216
1984.000 0.206
1985.000 0.189
1986.000 0.193
1987.000 0.194
1988.000 0.198
1989.000 0.242
1990.000 0.252
1991.000 0.258
1992.000 0.264
1993.000 0.261
1994.000 0.289
1995.000 0.316
1996.000 0.304
1997.000 0.282
1998.000 0.212
1999.000 0.187
2000.000 0.193
2001.000 0.191
2002.000 0.221
2003.000 0.247
2004.000 0.298
2005.000 0.313
2006.000 0.274
2007.000 0.296
2008.000 0.292
2009.000 0.317
2010.000 0.393
2011.000 0.354
2012.000 0.337
2013.000 0.239
2014.000 0.221
2015.000 0.241
2016.000 0.186
2017.000 0.228
2018.000 0.231
2019.000 0.212
2020.000 0.219
2021.000 0.214
2022.000 0.187
2023.000 0.194
2024.000 0.203
2025.000 0.176
2026.000 0.169
2027.000 0.163
2028.000 0.153
2029.000 0.149
2030.000 0.144
2031.000 0.147
2032.000 0.161
2033.000 0.163
2034.000 0.160
2035.000 0.162
2036.000 0.151
2037.000 0.147
2038.000 0.155
2039.000 0.147
2040.000 0.153
2041.000 0.147
2042.000 0.148
2043.000 0.154
2044.000 0.160
2045.000 0.164
2046.000 0.174
2047.000 0.192
2048.000 0.201
2049.000 0.204
2050.000 0.218
2051.000 0.216
2052.000 0.207
2053.000 0.217
2054.000 0.219
2055.000 0.230
2056.000 0.223
2057.000 0.193
2058.000 0.173
2059.000 0.166
2060.000 0.161
2061.000 0.163
2062.000 0.171
2063.000 0.176
2064.000 0.194
2065.000 0.201
2066.000 0.191
2067.000 0.191
2068.000 0.192
2069.000 0.192
2070.000 0.199
2071.000 0.193
2072.000 0.190
2073.000 0.178
2074.000 0.175
2075.000 0.174
2076.000 0.175
2077.000 0.177
2078.000 0.179
2079.000 0.186
2080.000 0.188
2081.000 0.186
2082.000 0.191
2083.000 0.189
2084.000 0.186
2085.000 0.187
2086.000 0.184
2087.000 0.183
2088.000 0.184
2089.000 0.184
2090.000 0.189
2091.000 0.188
2092.000 0.185
2093.000 0.182
2094.000 0.173
2095.000 0.172
2096.000 0.176
2097.000 0.179
2098.000 0.181
2099.000 0.190
2100.000 0.198
2101.000 0.194
2102.000 0.190
2103.000 0.187
2104.000 0.187
2105.000 0.187
2106.000 0.189
2107.000 0.196
2108.000 0.197
2109.000 0.191
2110.000 0.190
2111.000 0.186
2112.000 0.188
2113.000 0.197
2114.000 0.201
2115.000 0.206
2116.000 0.207
2117.000 0.202
2118.000 0.197
2119.000 0.193
2120.000 0.181
2121.000 0.177
2122.000 0.176
2123.000 0.177
2124.000 0.185
2125.000 0.188
2126.000 0.190
2127.000 0.192
2128.000 0.193
2129.000 0.192
2130.000 0.189
2131.000 0.187
2132.000 0.183
2133.000 0.184
2134.000 0.191
2135.000 0.196
2136.000 0.202
2137.000 0.208
2138.000 0.212
2139.000 0.220
2140.000 0.222
2141.000 0.222
2142.000 0.220
2143.000 0.210
2144.000 0.204
2145.000 0.196
2146.000 0.194
2147.000 0.191
2148.000 0.194
2149.000 0.208
2150.000 0.216
2151.000 0.226
2152.000 0.230
2153.000 0.220
2154.000 0.220
2155.000 0.222
2156.000 0.227
2157.000 0.242
2158.000 0.251
2159.000 0.250
2160.000 0.241
2161.000 0.236
2162.000 0.226
2163.000 0.223
2164.000 0.223
2165.000 0.223
2166.000 0.223
2167.000 0.227
2168.000 0.237
2169.000 0.240
2170.000 0.245
2171.000 0.246
2172.000 0.239
2173.000 0.233
2174.000 0.223
2175.000 0.219
2176.000 0.215
2177.000 0.220
2178.000 0.217
2179.000 0.221
2180.000 0.213
2181.000 0.206
2182.000 0.209
2183.000 0.207
2184.000 0.214
2185.000 0.236
2186.000 0.241
2187.000 0.240
2188.000 0.240
2189.000 0.228
2190.000 0.227
2191.000 0.232
2192.000 0.234
2193.000 0.239
2194.000 0.243
2195.000 0.252
2196.000 0.255
2197.000 0.258
2198.000 0.255
2199.000 0.243
2200.000 0.235
2201.000 0.224
2202.000 0.219
2203.000 0.211
2204.000 0.207
2205.000 0.207
2206.000 0.210
2207.000 0.214
2208.000 0.220
2209.000 0.222
2210.000 0.222
2211.000 0.222
2212.000 0.221
2213.000 0.224
2214.000 0.229
2215.000 0.231
2216.000 0.235
2217.000 0.235
2218.000 0.231
2219.000 0.227
2220.000 0.218
2221.000 0.217
2222.000 0.218
2223.000 0.221
2224.000 0.235
2225.000 0.240
2226.000 0.242
2227.000 0.242
2228.000 0.240
2229.000 0.240
2230.000 0.239
2231.000 0.234
2232.000 0.228
2233.000 0.223
2234.000 0.223
2235.000 0.227
2236.000 0.229
2237.000 0.231
2238.000 0.232
2239.000 0.228
2240.000 0.229
2241.000 0.234
2242.000 0.231
2243.000 0.225
2244.000 0.221
2245.000 0.215
2246.000 0.211
2247.000 0.212
2248.000 0.210
2249.000 0.206
2250.000 0.203
2251.000 0.201
2252.000 0.197
2253.000 0.188
2254.000 0.187
2255.000 0.189
2256.000 0.190
2257.000 0.199
2258.000 0.202
2259.000 0.199
2260.000 0.198
2261.000 0.198
2262.000 0.199
2263.000 0.200
2264.000 0.203
2265.000 0.212
2266.000 0.215
2267.000 0.224
2268.000 0.231
2269.000 0.226
2270.000 0.234
2271.000 0.229
2272.000 0.218
2273.000 0.218
2274.000 0.217
2275.000 0.217
2276.000 0.231
2277.000 0.230
2278.000 0.218
2279.000 0.216
2280.000 0.217
2281.000 0.214
2282.000 0.211
2283.000 0.211
2284.000 0.199
2285.000 0.197
2286.000 0.205
2287.000 0.205
2288.000 0.204
2289.000 0.203
2290.000 0.187
2291.000 0.180
2292.000 0.177
2293.000 0.180
2294.000 0.197
2295.000 0.209
2296.000 0.227
2297.000 0.241
2298.000 0.240
2299.000 0.229
2300.000 0.218
2301.000 0.216
2302.000 0.199
2303.000 0.190
2304.000 0.183
2305.000 0.179
2306.000 0.186
2307.000 0.188
2308.000 0.171
2309.000 0.167
2310.000 0.159
2311.000 0.159
2312.000 0.175
2313.000 0.192
2314.000 0.195
2315.000 0.210
2316.000 0.218
2317.000 0.223
2318.000 0.219
2319.000 0.206
2320.000 0.198
2321.000 0.170
2322.000 0.174
2323.000 0.167
2324.000 0.162
2325.000 0.156
2326.000 0.145
2327.000 0.119
2328.000 0.124
2329.000 0.198
2330.000 0.223
2331.000 0.244
2332.000 0.250
2333.000 0.202
2334.000 0.213
2335.000 0.235
2336.000 0.233
2337.000 0.216
2338.000 0.219
2339.000 0.210
2340.000 0.210
2341.000 0.216
2342.000 0.215
2343.000 0.185
2344.000 0.156
2345.000 0.141
2346.000 0.143
2347.000 0.189
2348.000 0.204
2349.000 0.202
2350.000 0.218
2351.000 0.218
2352.000 0.218
2353.000 0.268
2354.000 0.315
2355.000 0.322
2356.000 0.350
2357.000 0.373
2358.000 0.408
2359.000 0.339
2360.000 0.344
2361.000 0.292
2362.000 0.290
2363.000 0.247
2364.000 0.219
2365.000 0.220
2366.000 0.205
2367.000 0.212
2368.000 0.194
2369.000 0.194
2370.000 0.185
2371.000 0.150
2372.000 0.171
2373.000 0.239
2374.000 0.440
2375.000 0.327
2376.000 0.417
2377.000 0.271
2378.000 0.228
2379.000 0.268
2380.000 0.207
2381.000 0.300
2382.000 0.325
2383.000 0.474
2384.000 0.458
2385.000 0.336
2386.000 0.223
2387.000 0.243
2388.000 0.222
2389.000 0.184
2390.000 0.235
2391.000 0.211
2392.000 0.153
2393.000 0.136
2394.000 0.146
2395.000 0.147
2396.000 0.280
2397.000 0.217
2398.000 0.392
2399.000 0.296
2400.000 0.253
2401.000 0.252
2402.000 0.335
2403.000 0.271
2404.000 0.335
2405.000 0.245
2406.000 0.223
2407.000 0.327
2408.000 0.309
2409.000 0.420
2410.000 0.326
2411.000 0.164
2412.000 0.361
2413.000 0.345
2414.000 0.338
2415.000 0.295
2416.000 0.367
2417.000 0.393
2418.000 0.479
2419.000 0.325
2420.000 0.420
2421.000 0.422
2422.000 0.452
2423.000 0.451
2424.000 0.237
2425.000 0.264
2426.000 0.439
2427.000 0.385
2428.000 0.418
2429.000 0.425
2430.000 0.428
2431.000 0.413
2432.000 0.335
2433.000 0.381
2434.000 0.469
2435.000 0.482
2436.000 0.529
2437.000 0.420
2438.000 0.450
2439.000 0.362
2440.000 0.419
2441.000 0.672
2442.000 0.565
2443.000 0.333
2444.000 0.366
2445.000 0.350
2446.000 0.294
2447.000 0.355
2448.000 0.735
2449.000 0.406
2450.000 0.540
2451.000 0.476
2452.000 0.475
2453.000 0.532
2454.000 0.674
2455.000 0.592
2456.000 0.503
2457.000 0.515
2458.000 0.752
2459.000 0.608
2460.000 0.369
2461.000 0.214
2462.000 0.254
2463.000 0.355
2464.000 0.426
2465.000 0.426
2466.000 0.266
2467.000 0.566
2468.000 0.408
2469.000 0.461
2470.000 0.539
2471.000 0.267
2472.000 0.196
2473.000 0.238
2474.000 0.271
2475.000 0.289
2476.000 0.306
2477.000 0.404
2478.000 0.343
2479.000 0.360
2480.000 0.270
2481.000 0.250
2482.000 0.273
2483.000 0.125
2484.000 0.085
2485.000 0.184
2486.000 0.185
2487.000 0.231
2488.000 0.196
2489.000 0.168
2490.000 0.178
2491.000 0.286
2492.000 0.701
2493.000 0.579
2494.000 0.278
2495.000 0.504
2496.000 0.424
2497.000 0.185
2498.000 0.222
2499.000 0.524
2500.000 0.494
