391.000 0.034
392.000 0.035
393.000 0.031
394.000 0.028
395.000 0.030
396.000 0.033
397.000 0.033
398.000 0.029
399.000 0.033
400.000 0.037
401.000 0.038
402.000 0.037
403.000 0.036
404.000 0.034
405.000 0.034
406.000 0.034
407.000 0.037
408.000 0.041
409.000 0.035
410.000 0.033
411.000 0.035
412.000 0.038
413.000 0.034
414.000 0.035
415.000 0.039
416.000 0.037
417.000 0.038
418.000 0.036
419.000 0.036
420.000 0.040
421.000 0.038
422.000 0.036
423.000 0.037
424.000 0.037
425.000 0.037
426.000 0.037
427.000 0.039
428.000 0.037
429.000 0.037
430.000 0.038
431.000 0.038
432.000 0.037
433.000 0.038
434.000 0.038
435.000 0.038
436.000 0.038
437.000 0.039
438.000 0.038
439.000 0.038
440.000 0.039
441.000 0.039
442.000 0.040
443.000 0.041
444.000 0.040
445.000 0.037
446.000 0.040
447.000 0.040
448.000 0.040
449.000 0.039
450.000 0.040
451.000 0.040
452.000 0.040
453.000 0.040
454.000 0.041
455.000 0.042
456.000 0.043
457.000 0.041
458.000 0.041
459.000 0.042
460.000 0.043
461.000 0.040
462.000 0.040
463.000 0.042
464.000 0.043
465.000 0.042
466.000 0.041
467.000 0.043
468.000 0.042
469.000 0.042
470.000 0.042
471.000 0.042
472.000 0.043
473.000 0.043
474.000 0.043
475.000 0.043
476.000 0.042
477.000 0.042
478.000 0.043
479.000 0.043
480.000 0.045
481.000 0.044
482.000 0.044
483.000 0.044
484.000 0.044
485.000 0.043
486.000 0.042
487.000 0.043
488.000 0.043
489.000 0.042
490.000 0.044
491.000 0.045
492.000 0.043
493.000 0.043
494.000 0.044
495.000 0.046
496.000 0.045
497.000 0.045
498.000 0.046
499.000 0.047
500.000 0.045
501.000 0.047
502.000 0.048
503.000 0.048
504.000 0.049
505.000 0.049
506.000 0.050
507.000 0.052
508.000 0.052
509.000 0.053
510.000 0.054
511.000 0.056
512.000 0.057
513.000 0.058
514.000 0.059
515.000 0.061
516.000 0.061
517.000 0.063
518.000 0.067
519.000 0.069
520.000 0.071
521.000 0.073
522.000 0.077
523.000 0.079
524.000 0.081
525.000 0.083
526.000 0.085
527.000 0.087
528.000 0.088
529.000 0.090
530.000 0.091
531.000 0.094
532.000 0.096
533.000 0.097
534.000 0.097
535.000 0.098
536.000 0.100
537.000 0.100
538.000 0.101
539.000 0.102
540.000 0.101
541.000 0.103
542.000 0.104
543.000 0.103
544.000 0.104
545.000 0.104
546.000 0.105
547.000 0.105
548.000 0.105
549.000 0.105
550.000 0.106
551.000 0.106
552.000 0.105
553.000 0.106
554.000 0.105
555.000 0.106
556.000 0.106
557.000 0.104
558.000 0.103
559.000 0.103
560.000 0.103
561.000 0.102
562.000 0.102
563.000 0.100
564.000 0.098
565.000 0.097
566.000 0.097
567.000 0.096
568.000 0.094
569.000 0.092
570.000 0.091
571.000 0.090
572.000 0.089
573.000 0.088
574.000 0.087
575.000 0.087
576.000 0.085
577.000 0.084
578.000 0.083
579.000 0.082
580.000 0.082
581.000 0.080
582.000 0.079
583.000 0.079
584.000 0.078
585.000 0.078
586.000 0.078
587.000 0.078
588.000 0.077
589.000 0.076
590.000 0.076
591.000 0.075
592.000 0.075
593.000 0.075
594.000 0.075
595.000 0.076
596.000 0.075
597.000 0.074
598.000 0.075
599.000 0.074
600.000 0.073
601.000 0.073
602.000 0.073
603.000 0.073
604.000 0.073
605.000 0.072
606.000 0.071
607.000 0.071
608.000 0.072
609.000 0.071
610.000 0.071
611.000 0.070
612.000 0.070
613.000 0.069
614.000 0.070
615.000 0.071
616.000 0.070
617.000 0.069
618.000 0.069
619.000 0.069
620.000 0.067
621.000 0.066
622.000 0.067
623.000 0.068
624.000 0.068
625.000 0.067
626.000 0.067
627.000 0.066
628.000 0.067
629.000 0.068
630.000 0.067
631.000 0.068
632.000 0.069
633.000 0.069
634.000 0.067
635.000 0.067
636.000 0.066
637.000 0.066
638.000 0.068
639.000 0.067
640.000 0.065
641.000 0.066
642.000 0.064
643.000 0.063
644.000 0.063
645.000 0.063
646.000 0.060
647.000 0.060
648.000 0.062
649.000 0.062
650.000 0.062
651.000 0.062
652.000 0.062
653.000 0.060
654.000 0.060
655.000 0.063
656.000 0.062
657.000 0.062
658.000 0.063
659.000 0.062
660.000 0.062
661.000 0.063
662.000 0.063
663.000 0.063
664.000 0.063
665.000 0.063
666.000 0.062
667.000 0.063
668.000 0.063
669.000 0.062
670.000 0.064
671.000 0.064
672.000 0.064
673.000 0.065
674.000 0.068
675.000 0.067
676.000 0.066
677.000 0.068
678.000 0.069
679.000 0.070
680.000 0.071
681.000 0.072
682.000 0.073
683.000 0.073
684.000 0.073
685.000 0.075
686.000 0.076
687.000 0.079
688.000 0.082
689.000 0.084
690.000 0.084
691.000 0.084
692.000 0.087
693.000 0.091
694.000 0.095
695.000 0.100
696.000 0.106
697.000 0.111
698.000 0.116
699.000 0.124
700.000 0.130
701.000 0.137
702.000 0.144
703.000 0.151
704.000 0.157
705.000 0.163
706.000 0.171
707.000 0.178
708.000 0.185
709.000 0.191
710.000 0.198
711.000 0.204
712.000 0.211
713.000 0.218
714.000 0.225
715.000 0.231
716.000 0.237
717.000 0.244
718.000 0.252
719.000 0.258
720.000 0.266
721.000 0.272
722.000 0.278
723.000 0.283
724.000 0.289
725.000 0.295
726.000 0.301
727.000 0.307
728.000 0.313
729.000 0.318
730.000 0.323
731.000 0.328
732.000 0.332
733.000 0.336
734.000 0.340
735.000 0.344
736.000 0.348
737.000 0.352
738.000 0.355
739.000 0.358
740.000 0.361
741.000 0.364
742.000 0.367
743.000 0.369
744.000 0.372
745.000 0.374
746.000 0.376
747.000 0.378
748.000 0.380
749.000 0.381
750.000 0.383
751.000 0.384
752.000 0.386
753.000 0.387
754.000 0.387
755.000 0.389
756.000 0.390
757.000 0.391
758.000 0.391
759.000 0.392
760.000 0.394
761.000 0.395
762.000 0.396
763.000 0.396
764.000 0.397
765.000 0.397
766.000 0.397
767.000 0.398
768.000 0.398
769.000 0.399
770.000 0.399
771.000 0.399
772.000 0.400
773.000 0.401
774.000 0.401
775.000 0.401
776.000 0.402
777.000 0.403
778.000 0.403
779.000 0.403
780.000 0.404
781.000 0.404
782.000 0.404
783.000 0.405
784.000 0.405
785.000 0.405
786.000 0.405
787.000 0.406
788.000 0.407
789.000 0.407
790.000 0.408
791.000 0.408
792.000 0.409
793.000 0.409
794.000 0.409
795.000 0.409
796.000 0.410
797.000 0.410
798.000 0.411
799.000 0.411
800.000 0.411
801.000 0.412
802.000 0.412
803.000 0.413
804.000 0.413
805.000 0.413
806.000 0.414
807.000 0.414
808.000 0.414
809.000 0.415
810.000 0.415
811.000 0.415
812.000 0.415
813.000 0.416
814.000 0.415
815.000 0.416
816.000 0.417
817.000 0.417
818.000 0.417
819.000 0.418
820.000 0.418
821.000 0.418
822.000 0.419
823.000 0.419
824.000 0.419
825.000 0.420
826.000 0.420
827.000 0.420
828.000 0.421
829.000 0.421
830.000 0.421
831.000 0.422
832.000 0.422
833.000 0.423
834.000 0.423
835.000 0.423
836.000 0.424
837.000 0.424
838.000 0.424
839.000 0.424
840.000 0.425
841.000 0.425
842.000 0.426
843.000 0.426
844.000 0.426
845.000 0.427
846.000 0.427
847.000 0.427
848.000 0.428
849.000 0.428
850.000 0.428
851.000 0.428
852.000 0.429
853.000 0.429
854.000 0.430
855.000 0.430
856.000 0.430
857.000 0.430
858.000 0.430
859.000 0.431
860.000 0.431
861.000 0.431
862.000 0.431
863.000 0.432
864.000 0.432
865.000 0.433
866.000 0.433
867.000 0.433
868.000 0.434
869.000 0.433
870.000 0.434
871.000 0.434
872.000 0.434
873.000 0.434
874.000 0.435
875.000 0.435
876.000 0.435
877.000 0.436
878.000 0.436
879.000 0.436
880.000 0.436
881.000 0.437
882.000 0.437
883.000 0.437
884.000 0.437
885.000 0.438
886.000 0.438
887.000 0.438
888.000 0.438
889.000 0.439
890.000 0.439
891.000 0.439
892.000 0.439
893.000 0.439
894.000 0.439
895.000 0.440
896.000 0.439
897.000 0.439
898.000 0.440
899.000 0.441
900.000 0.440
901.000 0.441
902.000 0.441
903.000 0.441
904.000 0.442
905.000 0.441
906.000 0.441
907.000 0.442
908.000 0.443
909.000 0.443
910.000 0.443
911.000 0.443
912.000 0.443
913.000 0.443
914.000 0.443
915.000 0.444
916.000 0.445
917.000 0.446
918.000 0.445
919.000 0.446
920.000 0.445
921.000 0.445
922.000 0.445
923.000 0.445
924.000 0.445
925.000 0.446
926.000 0.446
927.000 0.446
928.000 0.445
929.000 0.445
930.000 0.445
931.000 0.445
932.000 0.443
933.000 0.445
934.000 0.446
935.000 0.443
936.000 0.444
937.000 0.442
938.000 0.441
939.000 0.441
940.000 0.439
941.000 0.439
942.000 0.440
943.000 0.441
944.000 0.442
945.000 0.442
946.000 0.440
947.000 0.440
948.000 0.439
949.000 0.438
950.000 0.438
951.000 0.439
952.000 0.441
953.000 0.439
954.000 0.440
955.000 0.444
956.000 0.439
957.000 0.439
958.000 0.440
959.000 0.438
960.000 0.441
961.000 0.440
962.000 0.439
963.000 0.440
964.000 0.442
965.000 0.442
966.000 0.441
967.000 0.441
968.000 0.442
969.000 0.442
970.000 0.442
971.000 0.441
972.000 0.443
973.000 0.443
974.000 0.442
975.000 0.442
976.000 0.444
977.000 0.443
978.000 0.443
979.000 0.444
980.000 0.444
981.000 0.445
982.000 0.446
983.000 0.445
984.000 0.442
985.000 0.444
986.000 0.445
987.000 0.446
988.000 0.448
989.000 0.448
990.000 0.447
991.000 0.448
992.000 0.449
993.000 0.449
994.000 0.448
995.000 0.449
996.000 0.449
997.000 0.451
998.000 0.452
999.000 0.450
1000.000 0.450
1001.000 0.457
1002.000 0.458
1003.000 0.458
1004.000 0.459
1005.000 0.459
1006.000 0.457
1007.000 0.458
1008.000 0.457
1009.000 0.457
1010.000 0.458
1011.000 0.458
1012.000 0.458
1013.000 0.458
1014.000 0.459
1015.000 0.460
1016.000 0.461
1017.000 0.462
1018.000 0.463
1019.000 0.462
1020.000 0.463
1021.000 0.463
1022.000 0.463
1023.000 0.464
1024.000 0.464
1025.000 0.464
1026.000 0.465
1027.000 0.465
1028.000 0.465
1029.000 0.465
1030.000 0.466
1031.000 0.466
1032.000 0.467
1033.000 0.468
1034.000 0.469
1035.000 0.470
1036.000 0.470
1037.000 0.470
1038.000 0.470
1039.000 0.470
1040.000 0.470
1041.000 0.471
1042.000 0.471
1043.000 0.472
1044.000 0.472
1045.000 0.473
1046.000 0.473
1047.000 0.474
1048.000 0.474
1049.000 0.476
1050.000 0.476
1051.000 0.476
1052.000 0.477
1053.000 0.477
1054.000 0.477
1055.000 0.477
1056.000 0.477
1057.000 0.479
1058.000 0.479
1059.000 0.480
1060.000 0.481
1061.000 0.481
1062.000 0.482
1063.000 0.482
1064.000 0.481
1065.000 0.481
1066.000 0.481
1067.000 0.481
1068.000 0.480
1069.000 0.480
1070.000 0.481
1071.000 0.481
1072.000 0.482
1073.000 0.483
1074.000 0.483
1075.000 0.483
1076.000 0.483
1077.000 0.483
1078.000 0.484
1079.000 0.484
1080.000 0.484
1081.000 0.484
1082.000 0.485
1083.000 0.485
1084.000 0.485
1085.000 0.486
1086.000 0.486
1087.000 0.486
1088.000 0.486
1089.000 0.486
1090.000 0.485
1091.000 0.486
1092.000 0.487
1093.000 0.488
1094.000 0.488
1095.000 0.488
1096.000 0.488
1097.000 0.487
1098.000 0.487
1099.000 0.488
1100.000 0.489
1101.000 0.488
1102.000 0.488
1103.000 0.487
1104.000 0.487
1105.000 0.487
1106.000 0.487
1107.000 0.487
1108.000 0.488
1109.000 0.489
1110.000 0.489
1111.000 0.488
1112.000 0.488
1113.000 0.487
1114.000 0.486
1115.000 0.488
1116.000 0.488
1117.000 0.487
1118.000 0.489
1119.000 0.492
1120.000 0.490
1121.000 0.492
1122.000 0.493
1123.000 0.493
1124.000 0.489
1125.000 0.488
1126.000 0.487
1127.000 0.486
1128.000 0.484
1129.000 0.484
1130.000 0.483
1131.000 0.483
1132.000 0.485
1133.000 0.487
1134.000 0.486
1135.000 0.485
1136.000 0.484
1137.000 0.481
1138.000 0.482
1139.000 0.482
1140.000 0.481
1141.000 0.479
1142.000 0.480
1143.000 0.481
1144.000 0.481
1145.000 0.485
1146.000 0.485
1147.000 0.483
1148.000 0.480
1149.000 0.479
1150.000 0.477
1151.000 0.474
1152.000 0.472
1153.000 0.469
1154.000 0.467
1155.000 0.468
1156.000 0.469
1157.000 0.470
1158.000 0.471
1159.000 0.471
1160.000 0.469
1161.000 0.468
1162.000 0.467
1163.000 0.466
1164.000 0.466
1165.000 0.466
1166.000 0.467
1167.000 0.468
1168.000 0.469
1169.000 0.469
1170.000 0.468
1171.000 0.466
1172.000 0.467
1173.000 0.468
1174.000 0.468
1175.000 0.469
1176.000 0.470
1177.000 0.470
1178.000 0.470
1179.000 0.471
1180.000 0.470
1181.000 0.469
1182.000 0.469
1183.000 0.468
1184.000 0.468
1185.000 0.469
1186.000 0.469
1187.000 0.469
1188.000 0.470
1189.000 0.470
1190.000 0.470
1191.000 0.470
1192.000 0.470
1193.000 0.470
1194.000 0.471
1195.000 0.472
1196.000 0.472
1197.000 0.473
1198.000 0.473
1199.000 0.473
1200.000 0.473
1201.000 0.473
1202.000 0.473
1203.000 0.473
1204.000 0.473
1205.000 0.473
1206.000 0.474
1207.000 0.474
1208.000 0.475
1209.000 0.476
1210.000 0.477
1211.000 0.477
1212.000 0.477
1213.000 0.477
1214.000 0.478
1215.000 0.478
1216.000 0.478
1217.000 0.479
1218.000 0.479
1219.000 0.479
1220.000 0.479
1221.000 0.481
1222.000 0.481
1223.000 0.482
1224.000 0.482
1225.000 0.483
1226.000 0.483
1227.000 0.483
1228.000 0.483
1229.000 0.484
1230.000 0.484
1231.000 0.484
1232.000 0.485
1233.000 0.484
1234.000 0.484
1235.000 0.485
1236.000 0.486
1237.000 0.486
1238.000 0.488
1239.000 0.489
1240.000 0.488
1241.000 0.489
1242.000 0.489
1243.000 0.490
1244.000 0.491
1245.000 0.491
1246.000 0.492
1247.000 0.492
1248.000 0.493
1249.000 0.493
1250.000 0.493
1251.000 0.492
1252.000 0.492
1253.000 0.492
1254.000 0.493
1255.000 0.493
1256.000 0.493
1257.000 0.494
1258.000 0.494
1259.000 0.494
1260.000 0.495
1261.000 0.495
1262.000 0.496
1263.000 0.496
1264.000 0.496
1265.000 0.496
1266.000 0.497
1267.000 0.498
1268.000 0.498
1269.000 0.498
1270.000 0.499
1271.000 0.500
1272.000 0.500
1273.000 0.501
1274.000 0.501
1275.000 0.501
1276.000 0.500
1277.000 0.500
1278.000 0.501
1279.000 0.501
1280.000 0.502
1281.000 0.502
1282.000 0.501
1283.000 0.502
1284.000 0.502
1285.000 0.502
1286.000 0.502
1287.000 0.502
1288.000 0.503
1289.000 0.503
1290.000 0.502
1291.000 0.502
1292.000 0.502
1293.000 0.503
1294.000 0.502
1295.000 0.503
1296.000 0.502
1297.000 0.501
1298.000 0.500
1299.000 0.500
1300.000 0.500
1301.000 0.500
1302.000 0.500
1303.000 0.501
1304.000 0.501
1305.000 0.501
1306.000 0.500
1307.000 0.498
1308.000 0.498
1309.000 0.497
1310.000 0.497
1311.000 0.497
1312.000 0.497
1313.000 0.498
1314.000 0.498
1315.000 0.497
1316.000 0.496
1317.000 0.494
1318.000 0.494
1319.000 0.493
1320.000 0.491
1321.000 0.490
1322.000 0.488
1323.000 0.487
1324.000 0.484
1325.000 0.483
1326.000 0.484
1327.000 0.484
1328.000 0.484
1329.000 0.483
1330.000 0.482
1331.000 0.481
1332.000 0.478
1333.000 0.476
1334.000 0.475
1335.000 0.474
1336.000 0.475
1337.000 0.474
1338.000 0.473
1339.000 0.472
1340.000 0.467
1341.000 0.465
1342.000 0.463
1343.000 0.463
1344.000 0.465
1345.000 0.466
1346.000 0.466
1347.000 0.468
1348.000 0.472
1349.000 0.478
1350.000 0.487
1351.000 0.512
1352.000 0.515
1353.000 0.462
1354.000 0.440
1355.000 0.384
1356.000 0.377
1357.000 0.456
1358.000 0.464
1359.000 0.354
1360.000 0.448
1361.000 0.454
1362.000 0.619
1363.000 0.521
1364.000 0.507
1365.000 0.492
1366.000 0.497
1367.000 0.516
1368.000 0.484
1369.000 0.389
1370.000 0.321
1371.000 0.288
1372.000 0.250
1373.000 0.274
1374.000 0.363
1375.000 0.456
1376.000 0.512
1377.000 0.366
1378.000 0.309
1379.000 0.727
1380.000 0.597
1381.000 0.487
1382.000 0.565
1383.000 0.420
1384.000 0.260
1385.000 0.308
1386.000 0.292
1387.000 0.324
1388.000 0.250
1389.000 0.151
1390.000 0.426
1391.000 0.480
1392.000 0.580
1393.000 0.509
1394.000 0.504
1395.000 0.498
1396.000 0.505
1397.000 0.415
1398.000 0.587
1399.000 0.700
1400.000 0.754
1401.000 0.520
1402.000 0.419
1403.000 0.437
1404.000 0.423
1405.000 0.412
1406.000 0.480
1407.000 0.524
1408.000 0.563
1409.000 0.564
1410.000 0.550
1411.000 0.506
1412.000 0.319
1413.000 0.286
1414.000 0.308
1415.000 0.290
1416.000 0.275
1417.000 0.288
1418.000 0.307
1419.000 0.378
1420.000 0.230
1421.000 0.251
1422.000 0.306
1423.000 0.264
1424.000 0.269
1425.000 0.228
1426.000 0.190
1427.000 0.187
1428.000 0.193
1429.000 0.238
1430.000 0.250
1431.000 0.259
1432.000 0.276
1433.000 0.313
1434.000 0.247
1435.000 0.303
1436.000 0.455
1437.000 0.164
1438.000 0.130
1439.000 0.401
1440.000 0.390
1441.000 0.155
1442.000 0.242
1443.000 0.452
1444.000 0.328
1445.000 0.310
1446.000 0.274
1447.000 0.241
1448.000 0.236
1449.000 0.220
1450.000 0.213
1451.000 0.209
1452.000 0.205
1453.000 0.205
1454.000 0.212
1455.000 0.217
1456.000 0.228
1457.000 0.230
1458.000 0.232
1459.000 0.226
1460.000 0.213
1461.000 0.210
1462.000 0.200
1463.000 0.203
1464.000 0.219
1465.000 0.225
1466.000 0.233
1467.000 0.239
1468.000 0.235
1469.000 0.241
1470.000 0.264
1471.000 0.258
1472.000 0.245
1473.000 0.234
1474.000 0.205
1475.000 0.200
1476.000 0.203
1477.000 0.208
1478.000 0.229
1479.000 0.237
1480.000 0.248
1481.000 0.252
1482.000 0.242
1483.000 0.240
1484.000 0.236
1485.000 0.234
1486.000 0.235
1487.000 0.233
1488.000 0.227
1489.000 0.229
1490.000 0.230
1491.000 0.235
1492.000 0.251
1493.000 0.258
1494.000 0.266
1495.000 0.268
1496.000 0.262
1497.000 0.259
1498.000 0.260
1499.000 0.258
1500.000 0.257
1501.000 0.256
1502.000 0.255
1503.000 0.254
1504.000 0.256
1505.000 0.259
1506.000 0.260
1507.000 0.261
1508.000 0.263
1509.000 0.265
1510.000 0.266
1511.000 0.268
1512.000 0.269
1513.000 0.270
1514.000 0.270
1515.000 0.270
1516.000 0.270
1517.000 0.268
1518.000 0.269
1519.000 0.270
1520.000 0.273
1521.000 0.278
1522.000 0.280
1523.000 0.283
1524.000 0.285
1525.000 0.285
1526.000 0.287
1527.000 0.289
1528.000 0.293
1529.000 0.296
1530.000 0.298
1531.000 0.302
1532.000 0.304
1533.000 0.303
1534.000 0.304
1535.000 0.305
1536.000 0.306
1537.000 0.307
1538.000 0.309
1539.000 0.311
1540.000 0.313
1541.000 0.316
1542.000 0.317
1543.000 0.317
1544.000 0.317
1545.000 0.317
1546.000 0.318
1547.000 0.318
1548.000 0.318
1549.000 0.321
1550.000 0.323
1551.000 0.324
1552.000 0.325
1553.000 0.324
1554.000 0.325
1555.000 0.327
1556.000 0.328
1557.000 0.331
1558.000 0.333
1559.000 0.332
1560.000 0.332
1561.000 0.332
1562.000 0.332
1563.000 0.334
1564.000 0.335
1565.000 0.335
1566.000 0.337
1567.000 0.338
1568.000 0.341
1569.000 0.346
1570.000 0.349
1571.000 0.351
1572.000 0.353
1573.000 0.353
1574.000 0.355
1575.000 0.354
1576.000 0.356
1577.000 0.359
1578.000 0.359
1579.000 0.360
1580.000 0.360
1581.000 0.357
1582.000 0.357
1583.000 0.356
1584.000 0.356
1585.000 0.356
1586.000 0.357
1587.000 0.360
1588.000 0.362
1589.000 0.364
1590.000 0.366
1591.000 0.366
1592.000 0.367
1593.000 0.369
1594.000 0.371
1595.000 0.374
1596.000 0.376
1597.000 0.377
1598.000 0.378
1599.000 0.378
1600.000 0.378
1601.000 0.381
1602.000 0.381
1603.000 0.381
1604.000 0.381
1605.000 0.379
1606.000 0.380
1607.000 0.383
1608.000 0.385
1609.000 0.387
1610.000 0.388
1611.000 0.387
1612.000 0.386
1613.000 0.385
1614.000 0.384
1615.000 0.386
1616.000 0.386
1617.000 0.386
1618.000 0.386
1619.000 0.388
1620.000 0.389
1621.000 0.390
1622.000 0.392
1623.000 0.394
1624.000 0.395
1625.000 0.396
1626.000 0.397
1627.000 0.398
1628.000 0.399
1629.000 0.401
1630.000 0.402
1631.000 0.403
1632.000 0.403
1633.000 0.404
1634.000 0.403
1635.000 0.402
1636.000 0.402
1637.000 0.403
1638.000 0.403
1639.000 0.405
1640.000 0.406
1641.000 0.406
1642.000 0.406
1643.000 0.405
1644.000 0.405
1645.000 0.405
1646.000 0.406
1647.000 0.409
1648.000 0.410
1649.000 0.409
1650.000 0.409
1651.000 0.410
1652.000 0.411
1653.000 0.413
1654.000 0.414
1655.000 0.411
1656.000 0.411
1657.000 0.412
1658.000 0.411
1659.000 0.410
1660.000 0.411
1661.000 0.412
1662.000 0.414
1663.000 0.416
1664.000 0.418
1665.000 0.417
1666.000 0.417
1667.000 0.418
1668.000 0.419
1669.000 0.418
1670.000 0.419
1671.000 0.419
1672.000 0.419
1673.000 0.421
1674.000 0.421
1675.000 0.419
1676.000 0.419
1677.000 0.417
1678.000 0.417
1679.000 0.420
1680.000 0.420
1681.000 0.422
1682.000 0.423
1683.000 0.421
1684.000 0.420
1685.000 0.419
1686.000 0.418
1687.000 0.419
1688.000 0.417
1689.000 0.414
1690.000 0.414
1691.000 0.415
1692.000 0.415
1693.000 0.416
1694.000 0.417
1695.000 0.415
1696.000 0.416
1697.000 0.417
1698.000 0.418
1699.000 0.418
1700.000 0.418
1701.000 0.418
1702.000 0.417
1703.000 0.415
1704.000 0.414
1705.000 0.412
1706.000 0.412
1707.000 0.413
1708.000 0.413
1709.000 0.413
1710.000 0.414
1711.000 0.416
1712.000 0.415
1713.000 0.415
1714.000 0.415
1715.000 0.414
1716.000 0.413
1717.000 0.412
1718.000 0.411
1719.000 0.409
1720.000 0.411
1721.000 0.414
1722.000 0.413
1723.000 0.412
1724.000 0.409
1725.000 0.405
1726.000 0.407
1727.000 0.406
1728.000 0.405
1729.000 0.405
1730.000 0.401
1731.000 0.397
1732.000 0.396
1733.000 0.392
1734.000 0.391
1735.000 0.391
1736.000 0.391
1737.000 0.393
1738.000 0.397
1739.000 0.399
1740.000 0.400
1741.000 0.400
1742.000 0.399
1743.000 0.397
1744.000 0.396
1745.000 0.393
1746.000 0.387
1747.000 0.387
1748.000 0.392
1749.000 0.393
1750.000 0.396
1751.000 0.396
1752.000 0.390
1753.000 0.389
1754.000 0.390
1755.000 0.393
1756.000 0.399
1757.000 0.401
1758.000 0.404
1759.000 0.397
1760.000 0.392
1761.000 0.390
1762.000 0.388
1763.000 0.390
1764.000 0.389
1765.000 0.389
1766.000 0.394
1767.000 0.395
1768.000 0.398
1769.000 0.393
1770.000 0.383
1771.000 0.378
1772.000 0.376
1773.000 0.377
1774.000 0.380
1775.000 0.383
1776.000 0.377
1777.000 0.373
1778.000 0.369
1779.000 0.364
1780.000 0.367
1781.000 0.370
1782.000 0.382
1783.000 0.405
1784.000 0.415
1785.000 0.410
1786.000 0.403
1787.000 0.372
1788.000 0.363
1789.000 0.369
1790.000 0.376
1791.000 0.398
1792.000 0.434
1793.000 0.446
1794.000 0.440
1795.000 0.421
1796.000 0.429
1797.000 0.471
1798.000 0.487
1799.000 0.479
1800.000 0.388
1801.000 0.438
1802.000 0.511
1803.000 0.529
1804.000 0.722
1805.000 0.744
1806.000 0.774
1807.000 0.787
1808.000 0.755
1809.000 0.638
1810.000 0.465
1811.000 0.388
1812.000 0.425
1813.000 0.478
1814.000 0.631
1815.000 0.757
1816.000 0.792
1817.000 0.780
1818.000 0.698
1819.000 0.491
1820.000 0.507
1821.000 0.553
1822.000 0.650
1823.000 0.652
1824.000 0.680
1825.000 0.707
1826.000 0.693
1827.000 0.588
1828.000 0.562
1829.000 0.618
1830.000 0.709
1831.000 0.722
1832.000 0.677
1833.000 0.601
1834.000 0.578
1835.000 0.604
1836.000 0.530
1837.000 0.636
1838.000 0.508
1839.000 0.233
1840.000 0.333
1841.000 0.595
1842.000 0.758
1843.000 0.568
1844.000 0.484
1845.000 0.443
1846.000 0.445
1847.000 0.373
1848.000 0.325
1849.000 0.367
1850.000 0.403
1851.000 0.434
1852.000 0.476
1853.000 0.415
1854.000 0.375
1855.000 0.437
1856.000 0.497
1857.000 0.667
1858.000 0.514
1859.000 0.420
1860.000 0.496
1861.000 0.499
1862.000 0.421
1863.000 0.406
1864.000 0.410
1865.000 0.415
1866.000 0.429
1867.000 0.553
1868.000 0.663
1869.000 0.638
1870.000 0.597
1871.000 0.509
1872.000 0.388
1873.000 0.288
1874.000 0.348
1875.000 0.437
1876.000 0.291
1877.000 0.111
1878.000 0.383
1879.000 0.668
1880.000 0.554
1881.000 0.358
1882.000 0.366
1883.000 0.633
1884.000 0.656
1885.000 0.539
1886.000 0.774
1887.000 0.826
1888.000 0.730
1889.000 0.637
1890.000 0.625
1891.000 0.551
1892.000 0.666
1893.000 0.316
1894.000 0.568
1895.000 0.769
1896.000 0.727
1897.000 0.682
1898.000 0.437
1899.000 0.613
1900.000 0.441
1901.000 0.473
1902.000 0.366
1903.000 0.377
1904.000 0.422
1905.000 0.305
1906.000 0.397
1907.000 0.617
1908.000 0.329
1909.000 0.390
1910.000 0.426
1911.000 0.466
1912.000 0.415
1913.000 0.416
1914.000 0.447
1915.000 0.479
1916.000 0.495
1917.000 0.666
1918.000 0.695
1919.000 0.667
1920.000 0.675
1921.000 0.718
1922.000 0.676
1923.000 0.634
1924.000 0.565
1925.000 0.559
1926.000 0.586
1927.000 0.716
1928.000 0.752
1929.000 0.681
1930.000 0.631
1931.000 0.676
1932.000 0.688
1933.000 0.736
1934.000 0.410
1935.000 0.554
1936.000 0.483
1937.000 0.449
1938.000 0.437
1939.000 0.573
1940.000 0.736
1941.000 0.626
1942.000 0.588
1943.000 0.606
1944.000 0.708
1945.000 0.676
1946.000 0.654
1947.000 0.666
1948.000 0.681
1949.000 0.588
1950.000 0.483
1951.000 0.373
1952.000 0.412
1953.000 0.500
1954.000 0.497
1955.000 0.503
1956.000 0.504
1957.000 0.495
1958.000 0.451
1959.000 0.674
1960.000 0.454
1961.000 0.495
1962.000 0.479
1963.000 0.442
1964.000 0.439
1965.000 0.451
1966.000 0.402
1967.000 0.420
1968.000 0.379
1969.000 0.344
1970.000 0.344
1971.000 0.345
1972.000 0.330
1973.000 0.319
1974.000 0.286
1975.000 0.265
1976.000 0.275
1977.000 0.273
1978.000 0.256
1979.000 0.280
1980.000 0.343
1981.000 0.331
1982.000 0.337
1983.000 0.348
1984.000 0.303
1985.000 0.243
1986.000 0.221
1987.000 0.190
1988.000 0.185
1989.000 0.197
1990.000 0.198
1991.000 0.190
1992.000 0.202
1993.000 0.194
1994.000 0.190
1995.000 0.203
1996.000 0.221
1997.000 0.257
1998.000 0.276
1999.000 0.287
2000.000 0.299
2001.000 0.330
2002.000 0.350
2003.000 0.327
2004.000 0.249
2005.000 0.263
2006.000 0.329
2007.000 0.522
2008.000 0.429
2009.000 0.385
2010.000 0.399
2011.000 0.419
2012.000 0.449
2013.000 0.406
2014.000 0.404
2015.000 0.405
2016.000 0.387
2017.000 0.397
2018.000 0.349
2019.000 0.302
2020.000 0.261
2021.000 0.225
2022.000 0.211
2023.000 0.213
2024.000 0.214
2025.000 0.230
2026.000 0.239
2027.000 0.240
2028.000 0.235
2029.000 0.236
2030.000 0.229
2031.000 0.228
2032.000 0.244
2033.000 0.243
2034.000 0.236
2035.000 0.237
2036.000 0.222
2037.000 0.212
2038.000 0.209
2039.000 0.199
2040.000 0.199
2041.000 0.216
2042.000 0.223
2043.000 0.224
2044.000 0.222
2045.000 0.209
2046.000 0.212
2047.000 0.218
2048.000 0.231
2049.000 0.278
2050.000 0.292
2051.000 0.301
2052.000 0.310
2053.000 0.284
2054.000 0.285
2055.000 0.292
2056.000 0.268
2057.000 0.256
2058.000 0.237
2059.000 0.228
2060.000 0.220
2061.000 0.220
2062.000 0.234
2063.000 0.239
2064.000 0.239
2065.000 0.242
2066.000 0.245
2067.000 0.245
2068.000 0.259
2069.000 0.272
2070.000 0.272
2071.000 0.270
2072.000 0.263
2073.000 0.244
2074.000 0.235
2075.000 0.227
2076.000 0.223
2077.000 0.215
2078.000 0.217
2079.000 0.232
2080.000 0.238
2081.000 0.246
2082.000 0.252
2083.000 0.255
2084.000 0.253
2085.000 0.240
2086.000 0.230
2087.000 0.225
2088.000 0.214
2089.000 0.213
2090.000 0.227
2091.000 0.230
2092.000 0.229
2093.000 0.230
2094.000 0.223
2095.000 0.226
2096.000 0.239
2097.000 0.248
2098.000 0.258
2099.000 0.268
2100.000 0.270
2101.000 0.261
2102.000 0.253
2103.000 0.246
2104.000 0.244
2105.000 0.245
2106.000 0.252
2107.000 0.274
2108.000 0.281
2109.000 0.289
2110.000 0.291
2111.000 0.273
2112.000 0.269
2113.000 0.270
2114.000 0.268
2115.000 0.265
2116.000 0.267
2117.000 0.266
2118.000 0.271
2119.000 0.290
2120.000 0.300
2121.000 0.291
2122.000 0.285
2123.000 0.277
2124.000 0.252
2125.000 0.247
2126.000 0.254
2127.000 0.260
2128.000 0.277
2129.000 0.282
2130.000 0.283
2131.000 0.284
2132.000 0.279
2133.000 0.277
2134.000 0.279
2135.000 0.280
2136.000 0.282
2137.000 0.276
2138.000 0.280
2139.000 0.282
2140.000 0.285
2141.000 0.292
2142.000 0.293
2143.000 0.294
2144.000 0.290
2145.000 0.281
2146.000 0.276
2147.000 0.268
2148.000 0.262
2149.000 0.258
2150.000 0.256
2151.000 0.252
2152.000 0.255
2153.000 0.267
2154.000 0.273
2155.000 0.279
2156.000 0.287
2157.000 0.295
2158.000 0.291
2159.000 0.284
2160.000 0.279
2161.000 0.276
2162.000 0.264
2163.000 0.264
2164.000 0.273
2165.000 0.278
2166.000 0.285
2167.000 0.290
2168.000 0.292
2169.000 0.298
2170.000 0.304
2171.000 0.311
2172.000 0.330
2173.000 0.329
2174.000 0.310
2175.000 0.304
2176.000 0.299
2177.000 0.287
2178.000 0.286
2179.000 0.290
2180.000 0.283
2181.000 0.282
2182.000 0.282
2183.000 0.279
2184.000 0.281
2185.000 0.289
2186.000 0.294
2187.000 0.305
2188.000 0.305
2189.000 0.294
2190.000 0.292
2191.000 0.284
2192.000 0.283
2193.000 0.292
2194.000 0.294
2195.000 0.294
2196.000 0.293
2197.000 0.288
2198.000 0.288
2199.000 0.288
2200.000 0.290
2201.000 0.299
2202.000 0.302
2203.000 0.308
2204.000 0.301
2205.000 0.282
2206.000 0.273
2207.000 0.268
2208.000 0.273
2209.000 0.280
2210.000 0.301
2211.000 0.305
2212.000 0.301
2213.000 0.303
2214.000 0.302
2215.000 0.305
2216.000 0.318
2217.000 0.317
2218.000 0.307
2219.000 0.301
2220.000 0.283
2221.000 0.277
2222.000 0.280
2223.000 0.282
2224.000 0.297
2225.000 0.298
2226.000 0.295
2227.000 0.285
2228.000 0.275
2229.000 0.275
2230.000 0.270
2231.000 0.274
2232.000 0.265
2233.000 0.254
2234.000 0.262
2235.000 0.259
2236.000 0.261
2237.000 0.276
2238.000 0.278
2239.000 0.270
2240.000 0.270
2241.000 0.270
2242.000 0.269
2243.000 0.267
2244.000 0.270
2245.000 0.271
2246.000 0.282
2247.000 0.302
2248.000 0.309
2249.000 0.310
2250.000 0.308
2251.000 0.288
2252.000 0.280
2253.000 0.276
2254.000 0.273
2255.000 0.274
2256.000 0.271
2257.000 0.271
2258.000 0.256
2259.000 0.248
2260.000 0.250
2261.000 0.251
2262.000 0.264
2263.000 0.274
2264.000 0.289
2265.000 0.303
2266.000 0.292
2267.000 0.287
2268.000 0.275
2269.000 0.267
2270.000 0.273
2271.000 0.279
2272.000 0.277
2273.000 0.274
2274.000 0.266
2275.000 0.261
2276.000 0.257
2277.000 0.249
2278.000 0.240
2279.000 0.238
2280.000 0.231
2281.000 0.232
2282.000 0.249
2283.000 0.257
2284.000 0.267
2285.000 0.271
2286.000 0.264
2287.000 0.260
2288.000 0.254
2289.000 0.253
2290.000 0.263
2291.000 0.264
2292.000 0.254
2293.000 0.254
2294.000 0.257
2295.000 0.255
2296.000 0.257
2297.000 0.255
2298.000 0.275
2299.000 0.276
2300.000 0.241
2301.000 0.254
2302.000 0.254
2303.000 0.237
2304.000 0.239
2305.000 0.254
2306.000 0.272
2307.000 0.284
2308.000 0.273
2309.000 0.265
2310.000 0.273
2311.000 0.267
2312.000 0.271
2313.000 0.299
2314.000 0.306
2315.000 0.312
2316.000 0.380
2317.000 0.375
2318.000 0.328
2319.000 0.310
2320.000 0.259
2321.000 0.257
2322.000 0.237
2323.000 0.261
2324.000 0.291
2325.000 0.320
2326.000 0.298
2327.000 0.212
2328.000 0.197
2329.000 0.172
2330.000 0.172
2331.000 0.228
2332.000 0.250
2333.000 0.263
2334.000 0.272
2335.000 0.296
2336.000 0.292
2337.000 0.247
2338.000 0.221
2339.000 0.206
2340.000 0.210
2341.000 0.219
2342.000 0.243
2343.000 0.243
2344.000 0.223
2345.000 0.221
2346.000 0.216
2347.000 0.237
2348.000 0.240
2349.000 0.216
2350.000 0.235
2351.000 0.310
2352.000 0.330
2353.000 0.372
2354.000 0.374
2355.000 0.374
2356.000 0.451
2357.000 0.393
2358.000 0.479
2359.000 0.364
2360.000 0.355
2361.000 0.289
2362.000 0.266
2363.000 0.203
2364.000 0.181
2365.000 0.167
2366.000 0.149
2367.000 0.189
2368.000 0.146
2369.000 0.130
2370.000 0.166
2371.000 0.165
2372.000 0.230
2373.000 0.243
2374.000 0.206
2375.000 0.190
2376.000 0.185
2377.000 0.210
2378.000 0.313
2379.000 0.469
2380.000 0.413
2381.000 0.328
2382.000 0.417
2383.000 0.364
2384.000 0.416
2385.000 0.246
2386.000 0.281
2387.000 0.407
2388.000 0.407
2389.000 0.422
2390.000 0.359
2391.000 0.534
2392.000 0.354
2393.000 0.271
2394.000 0.274
2395.000 0.255
2396.000 0.294
2397.000 0.435
2398.000 0.591
2399.000 0.383
2400.000 0.239
2401.000 0.234
2402.000 0.281
2403.000 0.388
2404.000 0.319
2405.000 0.380
2406.000 0.379
2407.000 0.196
2408.000 0.171
2409.000 0.244
2410.000 0.226
2411.000 0.473
2412.000 0.550
2413.000 0.381
2414.000 0.365
2415.000 0.207
2416.000 0.397
2417.000 0.627
2418.000 0.315
2419.000 0.326
2420.000 0.403
2421.000 0.276
2422.000 0.399
2423.000 0.538
2424.000 0.532
2425.000 0.505
2426.000 0.417
2427.000 0.295
2428.000 0.215
2429.000 0.118
2430.000 0.142
2431.000 0.344
2432.000 0.360
2433.000 0.385
2434.000 0.468
2435.000 0.423
2436.000 0.312
2437.000 0.244
2438.000 0.230
2439.000 0.265
2440.000 0.412
2441.000 0.400
2442.000 0.416
2443.000 0.429
2444.000 0.366
2445.000 0.459
2446.000 0.383
2447.000 0.413
2448.000 0.362
2449.000 0.397
2450.000 0.456
2451.000 0.585
2452.000 0.541
2453.000 0.204
2454.000 0.383
2455.000 0.423
2456.000 0.447
2457.000 0.535
2458.000 0.512
2459.000 0.430
2460.000 0.398
2461.000 0.396
2462.000 0.437
2463.000 0.489
2464.000 0.401
2465.000 0.319
2466.000 0.380
2467.000 0.465
2468.000 0.396
2469.000 0.357
2470.000 0.466
2471.000 0.487
2472.000 0.503
2473.000 0.220
2474.000 0.172
2475.000 0.327
2476.000 0.420
2477.000 0.552
2478.000 0.208
2479.000 0.617
2480.000 0.553
2481.000 0.519
2482.000 0.608
2483.000 0.537
2484.000 0.551
2485.000 0.646
2486.000 0.533
2487.000 0.534
2488.000 0.415
2489.000 0.277
2490.000 0.418
2491.000 0.548
2492.000 0.678
2493.000 0.319
2494.000 0.457
2495.000 0.565
2496.000 0.533
2497.000 0.324
2498.000 0.292
2499.000 0.383
2500.000 0.378
