391.000 0.039
392.000 0.039
393.000 0.041
394.000 0.040
395.000 0.044
396.000 0.044
397.000 0.041
398.000 0.044
399.000 0.043
400.000 0.041
401.000 0.039
402.000 0.038
403.000 0.040
404.000 0.041
405.000 0.040
406.000 0.039
407.000 0.040
408.000 0.042
409.000 0.042
410.000 0.042
411.000 0.042
412.000 0.043
413.000 0.042
414.000 0.042
415.000 0.041
416.000 0.040
417.000 0.041
418.000 0.042
419.000 0.042
420.000 0.040
421.000 0.042
422.000 0.042
423.000 0.040
424.000 0.043
425.000 0.044
426.000 0.043
427.000 0.042
428.000 0.041
429.000 0.041
430.000 0.041
431.000 0.042
432.000 0.043
433.000 0.042
434.000 0.042
435.000 0.041
436.000 0.042
437.000 0.043
438.000 0.044
439.000 0.043
440.000 0.042
441.000 0.042
442.000 0.044
443.000 0.043
444.000 0.043
445.000 0.044
446.000 0.043
447.000 0.043
448.000 0.043
449.000 0.043
450.000 0.043
451.000 0.043
452.000 0.044
453.000 0.043
454.000 0.043
455.000 0.044
456.000 0.044
457.000 0.044
458.000 0.044
459.000 0.044
460.000 0.045
461.000 0.044
462.000 0.044
463.000 0.045
464.000 0.044
465.000 0.045
466.000 0.045
467.000 0.044
468.000 0.044
469.000 0.044
470.000 0.044
471.000 0.045
472.000 0.046
473.000 0.045
474.000 0.044
475.000 0.044
476.000 0.045
477.000 0.046
478.000 0.044
479.000 0.045
480.000 0.045
481.000 0.046
482.000 0.046
483.000 0.046
484.000 0.046
485.000 0.045
486.000 0.045
487.000 0.046
488.000 0.047
489.000 0.046
490.000 0.046
491.000 0.046
492.000 0.047
493.000 0.048
494.000 0.048
495.000 0.048
496.000 0.048
497.000 0.048
498.000 0.047
499.000 0.047
500.000 0.048
501.000 0.049
502.000 0.049
503.000 0.049
504.000 0.052
505.000 0.051
506.000 0.051
507.000 0.052
508.000 0.053
509.000 0.054
510.000 0.055
511.000 0.055
512.000 0.057
513.000 0.058
514.000 0.059
515.000 0.061
516.000 0.064
517.000 0.066
518.000 0.067
519.000 0.069
520.000 0.071
521.000 0.073
522.000 0.074
523.000 0.077
524.000 0.079
525.000 0.081
526.000 0.084
527.000 0.086
528.000 0.088
529.000 0.089
530.000 0.090
531.000 0.092
532.000 0.094
533.000 0.095
534.000 0.096
535.000 0.097
536.000 0.098
537.000 0.099
538.000 0.099
539.000 0.100
540.000 0.100
541.000 0.101
542.000 0.101
543.000 0.101
544.000 0.101
545.000 0.102
546.000 0.102
547.000 0.103
548.000 0.103
549.000 0.103
550.000 0.103
551.000 0.103
552.000 0.103
553.000 0.103
554.000 0.103
555.000 0.103
556.000 0.102
557.000 0.102
558.000 0.101
559.000 0.101
560.000 0.100
561.000 0.099
562.000 0.098
563.000 0.097
564.000 0.095
565.000 0.094
566.000 0.093
567.000 0.092
568.000 0.090
569.000 0.090
570.000 0.088
571.000 0.086
572.000 0.085
573.000 0.084
574.000 0.083
575.000 0.081
576.000 0.080
577.000 0.080
578.000 0.079
579.000 0.078
580.000 0.078
581.000 0.077
582.000 0.076
583.000 0.075
584.000 0.075
585.000 0.074
586.000 0.073
587.000 0.073
588.000 0.073
589.000 0.072
590.000 0.072
591.000 0.071
592.000 0.071
593.000 0.071
594.000 0.070
595.000 0.071
596.000 0.070
597.000 0.069
598.000 0.070
599.000 0.070
600.000 0.069
601.000 0.069
602.000 0.069
603.000 0.068
604.000 0.068
605.000 0.068
606.000 0.068
607.000 0.068
608.000 0.068
609.000 0.067
610.000 0.066
611.000 0.066
612.000 0.066
613.000 0.064
614.000 0.065
615.000 0.064
616.000 0.063
617.000 0.063
618.000 0.063
619.000 0.063
620.000 0.063
621.000 0.062
622.000 0.061
623.000 0.063
624.000 0.062
625.000 0.062
626.000 0.062
627.000 0.062
628.000 0.063
629.000 0.063
630.000 0.062
631.000 0.062
632.000 0.062
633.000 0.062
634.000 0.062
635.000 0.062
636.000 0.062
637.000 0.062
638.000 0.061
639.000 0.060
640.000 0.059
641.000 0.059
642.000 0.059
643.000 0.059
644.000 0.059
645.000 0.058
646.000 0.058
647.000 0.057
648.000 0.057
649.000 0.058
650.000 0.057
651.000 0.057
652.000 0.057
653.000 0.057
654.000 0.057
655.000 0.057
656.000 0.057
657.000 0.057
658.000 0.057
659.000 0.057
660.000 0.057
661.000 0.058
662.000 0.059
663.000 0.058
664.000 0.057
665.000 0.057
666.000 0.057
667.000 0.059
668.000 0.058
669.000 0.058
670.000 0.060
671.000 0.060
672.000 0.060
673.000 0.061
674.000 0.062
675.000 0.062
676.000 0.062
677.000 0.062
678.000 0.063
679.000 0.064
680.000 0.065
681.000 0.066
682.000 0.066
683.000 0.066
684.000 0.068
685.000 0.068
686.000 0.070
687.000 0.072
688.000 0.074
689.000 0.074
690.000 0.074
691.000 0.076
692.000 0.078
693.000 0.081
694.000 0.086
695.000 0.091
696.000 0.094
697.000 0.098
698.000 0.104
699.000 0.111
700.000 0.117
701.000 0.123
702.000 0.130
703.000 0.136
704.000 0.144
705.000 0.150
706.000 0.156
707.000 0.163
708.000 0.170
709.000 0.177
710.000 0.185
711.000 0.191
712.000 0.198
713.000 0.205
714.000 0.212
715.000 0.219
716.000 0.225
717.000 0.232
718.000 0.239
719.000 0.246
720.000 0.254
721.000 0.261
722.000 0.267
723.000 0.272
724.000 0.278
725.000 0.285
726.000 0.291
727.000 0.296
728.000 0.302
729.000 0.307
730.000 0.312
731.000 0.317
732.000 0.323
733.000 0.327
734.000 0.331
735.000 0.336
736.000 0.339
737.000 0.343
738.000 0.347
739.000 0.350
740.000 0.353
741.000 0.356
742.000 0.359
743.000 0.362
744.000 0.364
745.000 0.367
746.000 0.368
747.000 0.370
748.000 0.372
749.000 0.373
750.000 0.375
751.000 0.376
752.000 0.377
753.000 0.379
754.000 0.380
755.000 0.381
756.000 0.382
757.000 0.383
758.000 0.384
759.000 0.383
760.000 0.382
761.000 0.380
762.000 0.380
763.000 0.380
764.000 0.382
765.000 0.384
766.000 0.385
767.000 0.387
768.000 0.389
769.000 0.390
770.000 0.390
771.000 0.391
772.000 0.391
773.000 0.392
774.000 0.392
775.000 0.393
776.000 0.393
777.000 0.394
778.000 0.394
779.000 0.395
780.000 0.395
781.000 0.395
782.000 0.396
783.000 0.396
784.000 0.396
785.000 0.396
786.000 0.396
787.000 0.396
788.000 0.396
789.000 0.396
790.000 0.396
791.000 0.397
792.000 0.397
793.000 0.397
794.000 0.398
795.000 0.398
796.000 0.399
797.000 0.398
798.000 0.398
799.000 0.399
800.000 0.399
801.000 0.399
802.000 0.400
803.000 0.400
804.000 0.401
805.000 0.401
806.000 0.402
807.000 0.402
808.000 0.402
809.000 0.402
810.000 0.402
811.000 0.402
812.000 0.401
813.000 0.400
814.000 0.399
815.000 0.398
816.000 0.398
817.000 0.399
818.000 0.399
819.000 0.400
820.000 0.401
821.000 0.402
822.000 0.402
823.000 0.402
824.000 0.403
825.000 0.404
826.000 0.404
827.000 0.404
828.000 0.405
829.000 0.405
830.000 0.405
831.000 0.406
832.000 0.406
833.000 0.407
834.000 0.408
835.000 0.408
836.000 0.409
837.000 0.410
838.000 0.410
839.000 0.411
840.000 0.411
841.000 0.412
842.000 0.412
843.000 0.413
844.000 0.413
845.000 0.413
846.000 0.414
847.000 0.414
848.000 0.415
849.000 0.415
850.000 0.415
851.000 0.415
852.000 0.416
853.000 0.416
854.000 0.416
855.000 0.417
856.000 0.417
857.000 0.417
858.000 0.417
859.000 0.418
860.000 0.418
861.000 0.418
862.000 0.419
863.000 0.419
864.000 0.419
865.000 0.419
866.000 0.420
867.000 0.420
868.000 0.420
869.000 0.420
870.000 0.421
871.000 0.421
872.000 0.421
873.000 0.421
874.000 0.421
875.000 0.422
876.000 0.422
877.000 0.422
878.000 0.423
879.000 0.423
880.000 0.423
881.000 0.423
882.000 0.423
883.000 0.423
884.000 0.423
885.000 0.423
886.000 0.424
887.000 0.424
888.000 0.425
889.000 0.425
890.000 0.425
891.000 0.423
892.000 0.423
893.000 0.423
894.000 0.422
895.000 0.421
896.000 0.421
897.000 0.420
898.000 0.419
899.000 0.418
900.000 0.418
901.000 0.419
902.000 0.419
903.000 0.420
904.000 0.420
905.000 0.421
906.000 0.421
907.000 0.421
908.000 0.420
909.000 0.420
910.000 0.419
911.000 0.419
912.000 0.419
913.000 0.419
914.000 0.419
915.000 0.418
916.000 0.419
917.000 0.419
918.000 0.420
919.000 0.422
920.000 0.422
921.000 0.422
922.000 0.423
923.000 0.423
924.000 0.422
925.000 0.421
926.000 0.421
927.000 0.419
928.000 0.419
929.000 0.417
930.000 0.414
931.000 0.409
932.000 0.406
933.000 0.405
934.000 0.402
935.000 0.398
936.000 0.397
937.000 0.399
938.000 0.400
939.000 0.399
940.000 0.402
941.000 0.402
942.000 0.402
943.000 0.402
944.000 0.402
945.000 0.404
946.000 0.403
947.000 0.399
948.000 0.402
949.000 0.401
950.000 0.400
951.000 0.402
952.000 0.402
953.000 0.401
954.000 0.401
955.000 0.404
956.000 0.401
957.000 0.402
958.000 0.406
959.000 0.409
960.000 0.405
961.000 0.405
962.000 0.406
963.000 0.409
964.000 0.414
965.000 0.413
966.000 0.413
967.000 0.416
968.000 0.414
969.000 0.416
970.000 0.417
971.000 0.419
972.000 0.421
973.000 0.419
974.000 0.418
975.000 0.419
976.000 0.419
977.000 0.419
978.000 0.420
979.000 0.422
980.000 0.423
981.000 0.423
982.000 0.424
983.000 0.424
984.000 0.426
985.000 0.426
986.000 0.426
987.000 0.426
988.000 0.429
989.000 0.429
990.000 0.429
991.000 0.429
992.000 0.430
993.000 0.431
994.000 0.431
995.000 0.432
996.000 0.433
997.000 0.432
998.000 0.432
999.000 0.434
1000.000 0.435
1001.000 0.438
1002.000 0.437
1003.000 0.438
1004.000 0.438
1005.000 0.439
1006.000 0.440
1007.000 0.441
1008.000 0.441
1009.000 0.441
1010.000 0.442
1011.000 0.442
1012.000 0.443
1013.000 0.443
1014.000 0.443
1015.000 0.444
1016.000 0.445
1017.000 0.445
1018.000 0.446
1019.000 0.446
1020.000 0.446
1021.000 0.446
1022.000 0.446
1023.000 0.446
1024.000 0.447
1025.000 0.447
1026.000 0.448
1027.000 0.448
1028.000 0.449
1029.000 0.449
1030.000 0.449
1031.000 0.451
1032.000 0.451
1033.000 0.450
1034.000 0.451
1035.000 0.451
1036.000 0.451
1037.000 0.453
1038.000 0.453
1039.000 0.453
1040.000 0.453
1041.000 0.454
1042.000 0.453
1043.000 0.453
1044.000 0.453
1045.000 0.454
1046.000 0.454
1047.000 0.455
1048.000 0.456
1049.000 0.456
1050.000 0.455
1051.000 0.456
1052.000 0.456
1053.000 0.457
1054.000 0.457
1055.000 0.457
1056.000 0.457
1057.000 0.457
1058.000 0.457
1059.000 0.457
1060.000 0.457
1061.000 0.458
1062.000 0.457
1063.000 0.457
1064.000 0.457
1065.000 0.457
1066.000 0.458
1067.000 0.458
1068.000 0.459
1069.000 0.459
1070.000 0.459
1071.000 0.459
1072.000 0.458
1073.000 0.459
1074.000 0.459
1075.000 0.459
1076.000 0.459
1077.000 0.459
1078.000 0.459
1079.000 0.459
1080.000 0.460
1081.000 0.460
1082.000 0.460
1083.000 0.460
1084.000 0.460
1085.000 0.459
1086.000 0.459
1087.000 0.459
1088.000 0.458
1089.000 0.458
1090.000 0.458
1091.000 0.458
1092.000 0.458
1093.000 0.458
1094.000 0.457
1095.000 0.457
1096.000 0.456
1097.000 0.455
1098.000 0.455
1099.000 0.454
1100.000 0.454
1101.000 0.453
1102.000 0.453
1103.000 0.453
1104.000 0.452
1105.000 0.450
1106.000 0.450
1107.000 0.450
1108.000 0.449
1109.000 0.449
1110.000 0.448
1111.000 0.446
1112.000 0.444
1113.000 0.443
1114.000 0.442
1115.000 0.440
1116.000 0.438
1117.000 0.437
1118.000 0.435
1119.000 0.433
1120.000 0.431
1121.000 0.432
1122.000 0.430
1123.000 0.428
1124.000 0.425
1125.000 0.423
1126.000 0.418
1127.000 0.418
1128.000 0.423
1129.000 0.428
1130.000 0.429
1131.000 0.431
1132.000 0.430
1133.000 0.428
1134.000 0.429
1135.000 0.428
1136.000 0.430
1137.000 0.430
1138.000 0.431
1139.000 0.431
1140.000 0.430
1141.000 0.427
1142.000 0.427
1143.000 0.426
1144.000 0.426
1145.000 0.426
1146.000 0.425
1147.000 0.423
1148.000 0.420
1149.000 0.418
1150.000 0.419
1151.000 0.420
1152.000 0.421
1153.000 0.422
1154.000 0.423
1155.000 0.424
1156.000 0.425
1157.000 0.425
1158.000 0.424
1159.000 0.425
1160.000 0.426
1161.000 0.427
1162.000 0.430
1163.000 0.431
1164.000 0.431
1165.000 0.432
1166.000 0.432
1167.000 0.431
1168.000 0.431
1169.000 0.431
1170.000 0.432
1171.000 0.433
1172.000 0.434
1173.000 0.434
1174.000 0.434
1175.000 0.434
1176.000 0.434
1177.000 0.434
1178.000 0.434
1179.000 0.434
1180.000 0.434
1181.000 0.434
1182.000 0.434
1183.000 0.433
1184.000 0.434
1185.000 0.434
1186.000 0.434
1187.000 0.435
1188.000 0.435
1189.000 0.435
1190.000 0.435
1191.000 0.435
1192.000 0.435
1193.000 0.435
1194.000 0.436
1195.000 0.437
1196.000 0.437
1197.000 0.437
1198.000 0.438
1199.000 0.438
1200.000 0.438
1201.000 0.438
1202.000 0.439
1203.000 0.439
1204.000 0.439
1205.000 0.439
1206.000 0.439
1207.000 0.440
1208.000 0.440
1209.000 0.440
1210.000 0.440
1211.000 0.441
1212.000 0.441
1213.000 0.442
1214.000 0.442
1215.000 0.443
1216.000 0.443
1217.000 0.444
1218.000 0.444
1219.000 0.445
1220.000 0.446
1221.000 0.446
1222.000 0.446
1223.000 0.446
1224.000 0.446
1225.000 0.447
1226.000 0.447
1227.000 0.448
1228.000 0.448
1229.000 0.449
1230.000 0.449
1231.000 0.450
1232.000 0.450
1233.000 0.451
1234.000 0.451
1235.000 0.451
1236.000 0.451
1237.000 0.452
1238.000 0.453
1239.000 0.453
1240.000 0.454
1241.000 0.454
1242.000 0.454
1243.000 0.454
1244.000 0.455
1245.000 0.455
1246.000 0.455
1247.000 0.455
1248.000 0.455
1249.000 0.456
1250.000 0.456
1251.000 0.456
1252.000 0.456
1253.000 0.457
1254.000 0.457
1255.000 0.457
1256.000 0.457
1257.000 0.456
1258.000 0.456
1259.000 0.457
1260.000 0.457
1261.000 0.457
1262.000 0.457
1263.000 0.456
1264.000 0.456
1265.000 0.456
1266.000 0.456
1267.000 0.457
1268.000 0.457
1269.000 0.457
1270.000 0.458
1271.000 0.458
1272.000 0.458
1273.000 0.458
1274.000 0.458
1275.000 0.459
1276.000 0.460
1277.000 0.461
1278.000 0.461
1279.000 0.461
1280.000 0.461
1281.000 0.461
1282.000 0.461
1283.000 0.461
1284.000 0.461
1285.000 0.461
1286.000 0.461
1287.000 0.461
1288.000 0.461
1289.000 0.461
1290.000 0.461
1291.000 0.460
1292.000 0.459
1293.000 0.458
1294.000 0.458
1295.000 0.457
1296.000 0.456
1297.000 0.456
1298.000 0.455
1299.000 0.455
1300.000 0.454
1301.000 0.454
1302.000 0.453
1303.000 0.452
1304.000 0.452
1305.000 0.451
1306.000 0.451
1307.000 0.450
1308.000 0.450
1309.000 0.448
1310.000 0.448
1311.000 0.447
1312.000 0.447
1313.000 0.446
1314.000 0.445
1315.000 0.443
1316.000 0.441
1317.000 0.440
1318.000 0.440
1319.000 0.439
1320.000 0.439
1321.000 0.438
1322.000 0.436
1323.000 0.434
1324.000 0.432
1325.000 0.430
1326.000 0.430
1327.000 0.429
1328.000 0.427
1329.000 0.425
1330.000 0.423
1331.000 0.422
1332.000 0.422
1333.000 0.421
1334.000 0.417
1335.000 0.416
1336.000 0.415
1337.000 0.413
1338.000 0.413
1339.000 0.413
1340.000 0.411
1341.000 0.409
1342.000 0.412
1343.000 0.412
1344.000 0.414
1345.000 0.415
1346.000 0.413
1347.000 0.411
1348.000 0.410
1349.000 0.409
1350.000 0.409
1351.000 0.409
1352.000 0.420
1353.000 0.465
1354.000 0.516
1355.000 0.507
1356.000 0.387
1357.000 0.354
1358.000 0.392
1359.000 0.415
1360.000 0.631
1361.000 0.533
1362.000 0.458
1363.000 0.258
1364.000 0.258
1365.000 0.359
1366.000 0.446
1367.000 0.587
1368.000 0.539
1369.000 0.411
1370.000 0.473
1371.000 0.330
1372.000 0.414
1373.000 0.544
1374.000 0.533
1375.000 0.478
1376.000 0.558
1377.000 0.498
1378.000 0.486
1379.000 0.506
1380.000 0.557
1381.000 0.635
1382.000 0.599
1383.000 0.458
1384.000 0.550
1385.000 0.561
1386.000 0.475
1387.000 0.491
1388.000 0.482
1389.000 0.714
1390.000 0.751
1391.000 0.714
1392.000 0.378
1393.000 0.485
1394.000 0.370
1395.000 0.361
1396.000 0.459
1397.000 0.541
1398.000 0.474
1399.000 0.686
1400.000 0.637
1401.000 0.576
1402.000 0.496
1403.000 0.507
1404.000 0.578
1405.000 0.571
1406.000 0.369
1407.000 0.478
1408.000 0.497
1409.000 0.519
1410.000 0.559
1411.000 0.542
1412.000 0.578
1413.000 0.694
1414.000 0.438
1415.000 0.439
1416.000 0.440
1417.000 0.709
1418.000 0.742
1419.000 0.782
1420.000 0.643
1421.000 0.495
1422.000 0.490
1423.000 0.434
1424.000 0.424
1425.000 0.522
1426.000 0.458
1427.000 0.550
1428.000 0.552
1429.000 0.528
1430.000 0.458
1431.000 0.447
1432.000 0.431
1433.000 0.407
1434.000 0.369
1435.000 0.317
1436.000 0.265
1437.000 0.312
1438.000 0.293
1439.000 0.279
1440.000 0.299
1441.000 0.252
1442.000 0.226
1443.000 0.235
1444.000 0.237
1445.000 0.224
1446.000 0.228
1447.000 0.222
1448.000 0.218
1449.000 0.208
1450.000 0.212
1451.000 0.219
1452.000 0.217
1453.000 0.223
1454.000 0.239
1455.000 0.235
1456.000 0.224
1457.000 0.222
1458.000 0.216
1459.000 0.214
1460.000 0.221
1461.000 0.223
1462.000 0.220
1463.000 0.229
1464.000 0.253
1465.000 0.268
1466.000 0.300
1467.000 0.305
1468.000 0.277
1469.000 0.267
1470.000 0.247
1471.000 0.238
1472.000 0.231
1473.000 0.233
1474.000 0.246
1475.000 0.244
1476.000 0.239
1477.000 0.238
1478.000 0.230
1479.000 0.229
1480.000 0.234
1481.000 0.237
1482.000 0.241
1483.000 0.240
1484.000 0.239
1485.000 0.238
1486.000 0.234
1487.000 0.234
1488.000 0.236
1489.000 0.238
1490.000 0.241
1491.000 0.243
1492.000 0.246
1493.000 0.246
1494.000 0.241
1495.000 0.241
1496.000 0.242
1497.000 0.244
1498.000 0.249
1499.000 0.254
1500.000 0.255
1501.000 0.254
1502.000 0.253
1503.000 0.251
1504.000 0.254
1505.000 0.255
1506.000 0.257
1507.000 0.261
1508.000 0.262
1509.000 0.261
1510.000 0.262
1511.000 0.264
1512.000 0.266
1513.000 0.270
1514.000 0.271
1515.000 0.272
1516.000 0.273
1517.000 0.273
1518.000 0.273
1519.000 0.273
1520.000 0.275
1521.000 0.276
1522.000 0.277
1523.000 0.280
1524.000 0.282
1525.000 0.283
1526.000 0.284
1527.000 0.286
1528.000 0.286
1529.000 0.286
1530.000 0.288
1531.000 0.289
1532.000 0.291
1533.000 0.294
1534.000 0.295
1535.000 0.296
1536.000 0.297
1537.000 0.297
1538.000 0.298
1539.000 0.301
1540.000 0.303
1541.000 0.303
1542.000 0.305
1543.000 0.306
1544.000 0.307
1545.000 0.308
1546.000 0.310
1547.000 0.311
1548.000 0.312
1549.000 0.313
1550.000 0.313
1551.000 0.313
1552.000 0.313
1553.000 0.315
1554.000 0.316
1555.000 0.318
1556.000 0.319
1557.000 0.318
1558.000 0.318
1559.000 0.319
1560.000 0.319
1561.000 0.321
1562.000 0.321
1563.000 0.321
1564.000 0.322
1565.000 0.320
1566.000 0.321
1567.000 0.323
1568.000 0.324
1569.000 0.326
1570.000 0.327
1571.000 0.326
1572.000 0.327
1573.000 0.330
1574.000 0.332
1575.000 0.336
1576.000 0.338
1577.000 0.337
1578.000 0.337
1579.000 0.338
1580.000 0.338
1581.000 0.339
1582.000 0.340
1583.000 0.340
1584.000 0.340
1585.000 0.341
1586.000 0.341
1587.000 0.342
1588.000 0.343
1589.000 0.345
1590.000 0.346
1591.000 0.347
1592.000 0.349
1593.000 0.349
1594.000 0.349
1595.000 0.348
1596.000 0.349
1597.000 0.348
1598.000 0.349
1599.000 0.352
1600.000 0.353
1601.000 0.354
1602.000 0.354
1603.000 0.353
1604.000 0.353
1605.000 0.353
1606.000 0.354
1607.000 0.354
1608.000 0.355
1609.000 0.356
1610.000 0.356
1611.000 0.356
1612.000 0.356
1613.000 0.356
1614.000 0.357
1615.000 0.358
1616.000 0.358
1617.000 0.359
1618.000 0.360
1619.000 0.364
1620.000 0.365
1621.000 0.368
1622.000 0.369
1623.000 0.368
1624.000 0.367
1625.000 0.365
1626.000 0.365
1627.000 0.365
1628.000 0.365
1629.000 0.366
1630.000 0.367
1631.000 0.367
1632.000 0.367
1633.000 0.367
1634.000 0.368
1635.000 0.367
1636.000 0.368
1637.000 0.370
1638.000 0.371
1639.000 0.373
1640.000 0.374
1641.000 0.372
1642.000 0.372
1643.000 0.370
1644.000 0.370
1645.000 0.370
1646.000 0.371
1647.000 0.371
1648.000 0.372
1649.000 0.373
1650.000 0.374
1651.000 0.377
1652.000 0.377
1653.000 0.376
1654.000 0.377
1655.000 0.377
1656.000 0.377
1657.000 0.377
1658.000 0.377
1659.000 0.376
1660.000 0.375
1661.000 0.376
1662.000 0.375
1663.000 0.376
1664.000 0.377
1665.000 0.378
1666.000 0.378
1667.000 0.377
1668.000 0.377
1669.000 0.377
1670.000 0.376
1671.000 0.375
1672.000 0.376
1673.000 0.376
1674.000 0.376
1675.000 0.377
1676.000 0.378
1677.000 0.378
1678.000 0.377
1679.000 0.376
1680.000 0.376
1681.000 0.376
1682.000 0.376
1683.000 0.376
1684.000 0.377
1685.000 0.375
1686.000 0.376
1687.000 0.378
1688.000 0.377
1689.000 0.374
1690.000 0.373
1691.000 0.372
1692.000 0.371
1693.000 0.372
1694.000 0.373
1695.000 0.373
1696.000 0.373
1697.000 0.375
1698.000 0.376
1699.000 0.375
1700.000 0.374
1701.000 0.374
1702.000 0.373
1703.000 0.372
1704.000 0.373
1705.000 0.373
1706.000 0.375
1707.000 0.377
1708.000 0.377
1709.000 0.376
1710.000 0.374
1711.000 0.371
1712.000 0.371
1713.000 0.370
1714.000 0.371
1715.000 0.372
1716.000 0.372
1717.000 0.371
1718.000 0.369
1719.000 0.366
1720.000 0.364
1721.000 0.363
1722.000 0.363
1723.000 0.364
1724.000 0.362
1725.000 0.362
1726.000 0.362
1727.000 0.363
1728.000 0.364
1729.000 0.363
1730.000 0.361
1731.000 0.360
1732.000 0.357
1733.000 0.359
1734.000 0.360
1735.000 0.359
1736.000 0.361
1737.000 0.361
1738.000 0.362
1739.000 0.362
1740.000 0.357
1741.000 0.356
1742.000 0.357
1743.000 0.357
1744.000 0.359
1745.000 0.361
1746.000 0.362
1747.000 0.363
1748.000 0.363
1749.000 0.362
1750.000 0.357
1751.000 0.355
1752.000 0.355
1753.000 0.354
1754.000 0.354
1755.000 0.353
1756.000 0.352
1757.000 0.354
1758.000 0.359
1759.000 0.361
1760.000 0.359
1761.000 0.355
1762.000 0.352
1763.000 0.350
1764.000 0.347
1765.000 0.345
1766.000 0.345
1767.000 0.344
1768.000 0.346
1769.000 0.347
1770.000 0.345
1771.000 0.349
1772.000 0.346
1773.000 0.342
1774.000 0.341
1775.000 0.334
1776.000 0.333
1777.000 0.336
1778.000 0.338
1779.000 0.339
1780.000 0.338
1781.000 0.337
1782.000 0.337
1783.000 0.335
1784.000 0.337
1785.000 0.340
1786.000 0.341
1787.000 0.349
1788.000 0.348
1789.000 0.343
1790.000 0.344
1791.000 0.350
1792.000 0.364
1793.000 0.363
1794.000 0.360
1795.000 0.349
1796.000 0.339
1797.000 0.347
1798.000 0.368
1799.000 0.420
1800.000 0.424
1801.000 0.444
1802.000 0.454
1803.000 0.478
1804.000 0.425
1805.000 0.425
1806.000 0.461
1807.000 0.455
1808.000 0.551
1809.000 0.554
1810.000 0.584
1811.000 0.536
1812.000 0.559
1813.000 0.587
1814.000 0.605
1815.000 0.590
1816.000 0.583
1817.000 0.577
1818.000 0.527
1819.000 0.562
1820.000 0.592
1821.000 0.669
1822.000 0.638
1823.000 0.513
1824.000 0.569
1825.000 0.686
1826.000 0.811
1827.000 0.750
1828.000 0.684
1829.000 0.559
1830.000 0.525
1831.000 0.493
1832.000 0.443
1833.000 0.794
1834.000 0.733
1835.000 0.778
1836.000 0.744
1837.000 0.464
1838.000 0.370
1839.000 0.503
1840.000 0.483
1841.000 0.382
1842.000 0.315
1843.000 0.338
1844.000 0.357
1845.000 0.317
1846.000 0.665
1847.000 0.714
1848.000 0.629
1849.000 0.637
1850.000 0.684
1851.000 0.684
1852.000 0.704
1853.000 0.566
1854.000 0.465
1855.000 0.387
1856.000 0.302
1857.000 0.434
1858.000 0.496
1859.000 0.474
1860.000 0.519
1861.000 0.508
1862.000 0.502
1863.000 0.510
1864.000 0.594
1865.000 0.475
1866.000 0.412
1867.000 0.616
1868.000 0.474
1869.000 0.547
1870.000 0.513
1871.000 0.498
1872.000 0.481
1873.000 0.464
1874.000 0.363
1875.000 0.442
1876.000 0.417
1877.000 0.288
1878.000 0.376
1879.000 0.525
1880.000 0.769
1881.000 0.761
1882.000 0.669
1883.000 0.605
1884.000 0.601
1885.000 0.645
1886.000 0.734
1887.000 0.734
1888.000 0.561
1889.000 0.533
1890.000 0.392
1891.000 0.523
1892.000 0.553
1893.000 0.504
1894.000 0.426
1895.000 0.407
1896.000 0.634
1897.000 0.547
1898.000 0.472
1899.000 0.460
1900.000 0.590
1901.000 0.634
1902.000 0.560
1903.000 0.634
1904.000 0.469
1905.000 0.473
1906.000 0.496
1907.000 0.534
1908.000 0.524
1909.000 0.450
1910.000 0.475
1911.000 0.562
1912.000 0.586
1913.000 0.580
1914.000 0.502
1915.000 0.555
1916.000 0.587
1917.000 0.368
1918.000 0.522
1919.000 0.556
1920.000 0.545
1921.000 0.594
1922.000 0.547
1923.000 0.592
1924.000 0.542
1925.000 0.610
1926.000 0.611
1927.000 0.546
1928.000 0.428
1929.000 0.476
1930.000 0.343
1931.000 0.326
1932.000 0.493
1933.000 0.564
1934.000 0.678
1935.000 0.531
1936.000 0.484
1937.000 0.489
1938.000 0.690
1939.000 0.684
1940.000 0.626
1941.000 0.578
1942.000 0.594
1943.000 0.523
1944.000 0.443
1945.000 0.315
1946.000 0.480
1947.000 0.378
1948.000 0.409
1949.000 0.530
1950.000 0.503
1951.000 0.502
1952.000 0.413
1953.000 0.356
1954.000 0.380
1955.000 0.423
1956.000 0.548
1957.000 0.500
1958.000 0.351
1959.000 0.373
1960.000 0.425
1961.000 0.373
1962.000 0.346
1963.000 0.428
1964.000 0.415
1965.000 0.304
1966.000 0.297
1967.000 0.310
1968.000 0.337
1969.000 0.324
1970.000 0.356
1971.000 0.329
1972.000 0.261
1973.000 0.303
1974.000 0.272
1975.000 0.256
1976.000 0.255
1977.000 0.248
1978.000 0.228
1979.000 0.234
1980.000 0.240
1981.000 0.202
1982.000 0.201
1983.000 0.189
1984.000 0.180
1985.000 0.186
1986.000 0.194
1987.000 0.203
1988.000 0.212
1989.000 0.226
1990.000 0.230
1991.000 0.228
1992.000 0.227
1993.000 0.249
1994.000 0.267
1995.000 0.293
1996.000 0.276
1997.000 0.265
1998.000 0.243
1999.000 0.226
2000.000 0.194
2001.000 0.183
2002.000 0.188
2003.000 0.210
2004.000 0.263
2005.000 0.291
2006.000 0.279
2007.000 0.292
2008.000 0.309
2009.000 0.356
2010.000 0.420
2011.000 0.391
2012.000 0.382
2013.000 0.282
2014.000 0.256
2015.000 0.284
2016.000 0.216
2017.000 0.253
2018.000 0.244
2019.000 0.204
2020.000 0.199
2021.000 0.194
2022.000 0.183
2023.000 0.196
2024.000 0.199
2025.000 0.187
2026.000 0.182
2027.000 0.183
2028.000 0.185
2029.000 0.184
2030.000 0.185
2031.000 0.186
2032.000 0.186
2033.000 0.185
2034.000 0.189
2035.000 0.192
2036.000 0.189
2037.000 0.185
2038.000 0.184
2039.000 0.174
2040.000 0.173
2041.000 0.173
2042.000 0.173
2043.000 0.183
2044.000 0.188
2045.000 0.190
2046.000 0.195
2047.000 0.201
2048.000 0.204
2049.000 0.206
2050.000 0.211
2051.000 0.202
2052.000 0.204
2053.000 0.214
2054.000 0.219
2055.000 0.223
2056.000 0.221
2057.000 0.221
2058.000 0.211
2059.000 0.210
2060.000 0.213
2061.000 0.217
2062.000 0.227
2063.000 0.231
2064.000 0.240
2065.000 0.241
2066.000 0.234
2067.000 0.224
2068.000 0.215
2069.000 0.214
2070.000 0.223
2071.000 0.227
2072.000 0.227
2073.000 0.229
2074.000 0.225
2075.000 0.208
2076.000 0.205
2077.000 0.204
2078.000 0.204
2079.000 0.213
2080.000 0.213
2081.000 0.208
2082.000 0.209
2083.000 0.204
2084.000 0.201
2085.000 0.206
2086.000 0.201
2087.000 0.203
2088.000 0.209
2089.000 0.214
2090.000 0.221
2091.000 0.224
2092.000 0.226
2093.000 0.227
2094.000 0.223
2095.000 0.222
2096.000 0.223
2097.000 0.223
2098.000 0.220
2099.000 0.224
2100.000 0.228
2101.000 0.225
2102.000 0.222
2103.000 0.223
2104.000 0.226
2105.000 0.231
2106.000 0.235
2107.000 0.244
2108.000 0.243
2109.000 0.234
2110.000 0.231
2111.000 0.221
2112.000 0.221
2113.000 0.230
2114.000 0.232
2115.000 0.235
2116.000 0.235
2117.000 0.227
2118.000 0.223
2119.000 0.224
2120.000 0.222
2121.000 0.225
2122.000 0.226
2123.000 0.225
2124.000 0.221
2125.000 0.222
2126.000 0.221
2127.000 0.224
2128.000 0.231
2129.000 0.234
2130.000 0.233
2131.000 0.232
2132.000 0.230
2133.000 0.231
2134.000 0.237
2135.000 0.239
2136.000 0.241
2137.000 0.243
2138.000 0.244
2139.000 0.250
2140.000 0.255
2141.000 0.257
2142.000 0.258
2143.000 0.254
2144.000 0.248
2145.000 0.238
2146.000 0.233
2147.000 0.224
2148.000 0.224
2149.000 0.235
2150.000 0.242
2151.000 0.256
2152.000 0.262
2153.000 0.263
2154.000 0.267
2155.000 0.268
2156.000 0.271
2157.000 0.282
2158.000 0.287
2159.000 0.284
2160.000 0.274
2161.000 0.268
2162.000 0.254
2163.000 0.253
2164.000 0.259
2165.000 0.260
2166.000 0.262
2167.000 0.267
2168.000 0.279
2169.000 0.282
2170.000 0.282
2171.000 0.281
2172.000 0.270
2173.000 0.264
2174.000 0.257
2175.000 0.255
2176.000 0.253
2177.000 0.256
2178.000 0.256
2179.000 0.257
2180.000 0.243
2181.000 0.233
2182.000 0.236
2183.000 0.236
2184.000 0.241
2185.000 0.267
2186.000 0.274
2187.000 0.269
2188.000 0.271
2189.000 0.269
2190.000 0.272
2191.000 0.283
2192.000 0.286
2193.000 0.285
2194.000 0.288
2195.000 0.291
2196.000 0.291
2197.000 0.294
2198.000 0.290
2199.000 0.274
2200.000 0.265
2201.000 0.257
2202.000 0.252
2203.000 0.244
2204.000 0.244
2205.000 0.242
2206.000 0.245
2207.000 0.252
2208.000 0.254
2209.000 0.256
2210.000 0.256
2211.000 0.256
2212.000 0.255
2213.000 0.256
2214.000 0.258
2215.000 0.259
2216.000 0.261
2217.000 0.261
2218.000 0.259
2219.000 0.258
2220.000 0.258
2221.000 0.258
2222.000 0.259
2223.000 0.262
2224.000 0.270
2225.000 0.274
2226.000 0.279
2227.000 0.284
2228.000 0.289
2229.000 0.294
2230.000 0.299
2231.000 0.293
2232.000 0.275
2233.000 0.261
2234.000 0.252
2235.000 0.250
2236.000 0.254
2237.000 0.255
2238.000 0.257
2239.000 0.256
2240.000 0.258
2241.000 0.263
2242.000 0.263
2243.000 0.260
2244.000 0.256
2245.000 0.250
2246.000 0.244
2247.000 0.235
2248.000 0.229
2249.000 0.225
2250.000 0.223
2251.000 0.222
2252.000 0.221
2253.000 0.218
2254.000 0.219
2255.000 0.225
2256.000 0.230
2257.000 0.240
2258.000 0.242
2259.000 0.239
2260.000 0.232
2261.000 0.232
2262.000 0.235
2263.000 0.246
2264.000 0.256
2265.000 0.260
2266.000 0.258
2267.000 0.252
2268.000 0.248
2269.000 0.243
2270.000 0.246
2271.000 0.247
2272.000 0.243
2273.000 0.242
2274.000 0.239
2275.000 0.239
2276.000 0.245
2277.000 0.246
2278.000 0.246
2279.000 0.246
2280.000 0.245
2281.000 0.238
2282.000 0.226
2283.000 0.221
2284.000 0.207
2285.000 0.204
2286.000 0.214
2287.000 0.218
2288.000 0.221
2289.000 0.224
2290.000 0.215
2291.000 0.213
2292.000 0.215
2293.000 0.218
2294.000 0.234
2295.000 0.246
2296.000 0.260
2297.000 0.276
2298.000 0.275
2299.000 0.253
2300.000 0.244
2301.000 0.235
2302.000 0.210
2303.000 0.208
2304.000 0.192
2305.000 0.176
2306.000 0.191
2307.000 0.199
2308.000 0.192
2309.000 0.186
2310.000 0.177
2311.000 0.175
2312.000 0.191
2313.000 0.213
2314.000 0.206
2315.000 0.215
2316.000 0.208
2317.000 0.192
2318.000 0.198
2319.000 0.192
2320.000 0.195
2321.000 0.181
2322.000 0.201
2323.000 0.207
2324.000 0.182
2325.000 0.173
2326.000 0.169
2327.000 0.158
2328.000 0.165
2329.000 0.198
2330.000 0.223
2331.000 0.263
2332.000 0.278
2333.000 0.259
2334.000 0.265
2335.000 0.305
2336.000 0.285
2337.000 0.255
2338.000 0.238
2339.000 0.196
2340.000 0.195
2341.000 0.212
2342.000 0.204
2343.000 0.231
2344.000 0.226
2345.000 0.148
2346.000 0.150
2347.000 0.177
2348.000 0.193
2349.000 0.208
2350.000 0.229
2351.000 0.227
2352.000 0.222
2353.000 0.224
2354.000 0.240
2355.000 0.231
2356.000 0.230
2357.000 0.289
2358.000 0.316
2359.000 0.219
2360.000 0.250
2361.000 0.267
2362.000 0.272
2363.000 0.246
2364.000 0.193
2365.000 0.190
2366.000 0.173
2367.000 0.209
2368.000 0.230
2369.000 0.217
2370.000 0.185
2371.000 0.180
2372.000 0.185
2373.000 0.194
2374.000 0.298
2375.000 0.359
2376.000 0.322
2377.000 0.270
2378.000 0.215
2379.000 0.222
2380.000 0.211
2381.000 0.253
2382.000 0.277
2383.000 0.262
2384.000 0.242
2385.000 0.202
2386.000 0.166
2387.000 0.233
2388.000 0.227
2389.000 0.189
2390.000 0.225
2391.000 0.245
2392.000 0.196
2393.000 0.141
2394.000 0.192
2395.000 0.248
2396.000 0.397
2397.000 0.386
2398.000 0.470
2399.000 0.406
2400.000 0.312
2401.000 0.331
2402.000 0.344
2403.000 0.268
2404.000 0.314
2405.000 0.239
2406.000 0.274
2407.000 0.295
2408.000 0.322
2409.000 0.474
2410.000 0.418
2411.000 0.206
2412.000 0.189
2413.000 0.239
2414.000 0.189
2415.000 0.269
2416.000 0.347
2417.000 0.398
2418.000 0.418
2419.000 0.311
2420.000 0.437
2421.000 0.422
2422.000 0.428
2423.000 0.330
2424.000 0.390
2425.000 0.431
2426.000 0.385
2427.000 0.308
2428.000 0.424
2429.000 0.337
2430.000 0.266
2431.000 0.552
2432.000 0.385
2433.000 0.506
2434.000 0.412
2435.000 0.271
2436.000 0.293
2437.000 0.408
2438.000 0.379
2439.000 0.335
2440.000 0.388
2441.000 0.728
2442.000 0.659
2443.000 0.560
2444.000 0.285
2445.000 0.203
2446.000 0.263
2447.000 0.548
2448.000 0.536
2449.000 0.325
2450.000 0.493
2451.000 0.391
2452.000 0.274
2453.000 0.306
2454.000 0.594
2455.000 0.536
2456.000 0.541
2457.000 0.537
2458.000 0.543
2459.000 0.474
2460.000 0.441
2461.000 0.294
2462.000 0.393
2463.000 0.549
2464.000 0.483
2465.000 0.561
2466.000 0.480
2467.000 0.399
2468.000 0.351
2469.000 0.344
2470.000 0.338
2471.000 0.263
2472.000 0.250
2473.000 0.333
2474.000 0.394
2475.000 0.355
2476.000 0.225
2477.000 0.305
2478.000 0.362
2479.000 0.303
2480.000 0.379
2481.000 0.450
2482.000 0.407
2483.000 0.255
2484.000 0.263
2485.000 0.376
2486.000 0.422
2487.000 0.345
2488.000 0.328
2489.000 0.289
2490.000 0.258
2491.000 0.326
2492.000 0.656
2493.000 0.595
2494.000 0.464
2495.000 0.454
2496.000 0.389
2497.000 0.233
2498.000 0.337
2499.000 0.615
2500.000 0.777
