391.000 0.077
392.000 0.077
393.000 0.069
394.000 0.073
395.000 0.076
396.000 0.077
397.000 0.076
398.000 0.074
399.000 0.074
400.000 0.073
401.000 0.071
402.000 0.073
403.000 0.074
404.000 0.074
405.000 0.074
406.000 0.077
407.000 0.076
408.000 0.072
409.000 0.075
410.000 0.073
411.000 0.073
412.000 0.076
413.000 0.074
414.000 0.074
415.000 0.075
416.000 0.073
417.000 0.070
418.000 0.072
419.000 0.075
420.000 0.076
421.000 0.074
422.000 0.073
423.000 0.077
424.000 0.076
425.000 0.075
426.000 0.076
427.000 0.077
428.000 0.075
429.000 0.073
430.000 0.074
431.000 0.078
432.000 0.077
433.000 0.076
434.000 0.078
435.000 0.076
436.000 0.075
437.000 0.076
438.000 0.076
439.000 0.074
440.000 0.074
441.000 0.076
442.000 0.076
443.000 0.074
444.000 0.074
445.000 0.075
446.000 0.073
447.000 0.073
448.000 0.075
449.000 0.076
450.000 0.076
451.000 0.076
452.000 0.075
453.000 0.074
454.000 0.075
455.000 0.076
456.000 0.076
457.000 0.077
458.000 0.076
459.000 0.075
460.000 0.075
461.000 0.076
462.000 0.078
463.000 0.079
464.000 0.075
465.000 0.074
466.000 0.075
467.000 0.077
468.000 0.077
469.000 0.076
470.000 0.077
471.000 0.078
472.000 0.075
473.000 0.074
474.000 0.076
475.000 0.076
476.000 0.077
477.000 0.077
478.000 0.077
479.000 0.077
480.000 0.077
481.000 0.077
482.000 0.078
483.000 0.078
484.000 0.076
485.000 0.076
486.000 0.078
487.000 0.078
488.000 0.077
489.000 0.076
490.000 0.077
491.000 0.077
492.000 0.076
493.000 0.078
494.000 0.077
495.000 0.078
496.000 0.079
497.000 0.079
498.000 0.079
499.000 0.080
500.000 0.081
501.000 0.079
502.000 0.079
503.000 0.082
504.000 0.082
505.000 0.082
506.000 0.083
507.000 0.084
508.000 0.084
509.000 0.085
510.000 0.086
511.000 0.087
512.000 0.089
513.000 0.090
514.000 0.091
515.000 0.095
516.000 0.098
517.000 0.099
518.000 0.100
519.000 0.104
520.000 0.107
521.000 0.110
522.000 0.113
523.000 0.115
524.000 0.118
525.000 0.121
526.000 0.124
527.000 0.126
528.000 0.127
529.000 0.131
530.000 0.133
531.000 0.135
532.000 0.136
533.000 0.139
534.000 0.140
535.000 0.142
536.000 0.143
537.000 0.144
538.000 0.144
539.000 0.145
540.000 0.146
541.000 0.147
542.000 0.148
543.000 0.147
544.000 0.148
545.000 0.147
546.000 0.148
547.000 0.148
548.000 0.149
549.000 0.149
550.000 0.149
551.000 0.149
552.000 0.148
553.000 0.148
554.000 0.149
555.000 0.149
556.000 0.148
557.000 0.147
558.000 0.146
559.000 0.145
560.000 0.144
561.000 0.143
562.000 0.142
563.000 0.140
564.000 0.139
565.000 0.137
566.000 0.135
567.000 0.133
568.000 0.131
569.000 0.128
570.000 0.126
571.000 0.125
572.000 0.123
573.000 0.122
574.000 0.121
575.000 0.119
576.000 0.118
577.000 0.116
578.000 0.115
579.000 0.115
580.000 0.113
581.000 0.111
582.000 0.110
583.000 0.108
584.000 0.109
585.000 0.108
586.000 0.107
587.000 0.106
588.000 0.105
589.000 0.104
590.000 0.104
591.000 0.103
592.000 0.104
593.000 0.104
594.000 0.103
595.000 0.102
596.000 0.101
597.000 0.101
598.000 0.101
599.000 0.100
600.000 0.101
601.000 0.101
602.000 0.101
603.000 0.100
604.000 0.099
605.000 0.098
606.000 0.098
607.000 0.098
608.000 0.098
609.000 0.097
610.000 0.097
611.000 0.097
612.000 0.096
613.000 0.095
614.000 0.095
615.000 0.093
616.000 0.093
617.000 0.093
618.000 0.093
619.000 0.092
620.000 0.092
621.000 0.092
622.000 0.092
623.000 0.092
624.000 0.091
625.000 0.091
626.000 0.091
627.000 0.092
628.000 0.092
629.000 0.091
630.000 0.090
631.000 0.091
632.000 0.092
633.000 0.091
634.000 0.090
635.000 0.090
636.000 0.090
637.000 0.090
638.000 0.090
639.000 0.089
640.000 0.086
641.000 0.085
642.000 0.085
643.000 0.085
644.000 0.084
645.000 0.085
646.000 0.085
647.000 0.084
648.000 0.083
649.000 0.084
650.000 0.084
651.000 0.083
652.000 0.082
653.000 0.083
654.000 0.084
655.000 0.086
656.000 0.085
657.000 0.084
658.000 0.083
659.000 0.083
660.000 0.084
661.000 0.085
662.000 0.086
663.000 0.087
664.000 0.088
665.000 0.088
666.000 0.086
667.000 0.088
668.000 0.087
669.000 0.086
670.000 0.090
671.000 0.089
672.000 0.089
673.000 0.091
674.000 0.093
675.000 0.093
676.000 0.094
677.000 0.096
678.000 0.095
679.000 0.095
680.000 0.097
681.000 0.097
682.000 0.099
683.000 0.101
684.000 0.101
685.000 0.103
686.000 0.104
687.000 0.106
688.000 0.108
689.000 0.108
690.000 0.109
691.000 0.112
692.000 0.113
693.000 0.118
694.000 0.124
695.000 0.128
696.000 0.133
697.000 0.139
698.000 0.147
699.000 0.154
700.000 0.163
701.000 0.172
702.000 0.181
703.000 0.190
704.000 0.199
705.000 0.208
706.000 0.217
707.000 0.227
708.000 0.237
709.000 0.246
710.000 0.256
711.000 0.264
712.000 0.273
713.000 0.283
714.000 0.292
715.000 0.301
716.000 0.310
717.000 0.319
718.000 0.328
719.000 0.338
720.000 0.349
721.000 0.359
722.000 0.367
723.000 0.374
724.000 0.383
725.000 0.392
726.000 0.401
727.000 0.409
728.000 0.417
729.000 0.424
730.000 0.432
731.000 0.439
732.000 0.447
733.000 0.454
734.000 0.460
735.000 0.466
736.000 0.472
737.000 0.477
738.000 0.482
739.000 0.487
740.000 0.492
741.000 0.497
742.000 0.500
743.000 0.505
744.000 0.508
745.000 0.511
746.000 0.514
747.000 0.517
748.000 0.520
749.000 0.522
750.000 0.524
751.000 0.526
752.000 0.528
753.000 0.530
754.000 0.532
755.000 0.533
756.000 0.534
757.000 0.535
758.000 0.536
759.000 0.536
760.000 0.535
761.000 0.533
762.000 0.533
763.000 0.534
764.000 0.535
765.000 0.537
766.000 0.540
767.000 0.542
768.000 0.543
769.000 0.544
770.000 0.544
771.000 0.545
772.000 0.545
773.000 0.546
774.000 0.547
775.000 0.547
776.000 0.547
777.000 0.547
778.000 0.548
779.000 0.548
780.000 0.549
781.000 0.549
782.000 0.549
783.000 0.549
784.000 0.549
785.000 0.549
786.000 0.549
787.000 0.549
788.000 0.549
789.000 0.549
790.000 0.550
791.000 0.550
792.000 0.550
793.000 0.551
794.000 0.551
795.000 0.551
796.000 0.551
797.000 0.550
798.000 0.551
799.000 0.551
800.000 0.552
801.000 0.552
802.000 0.552
803.000 0.552
804.000 0.552
805.000 0.552
806.000 0.553
807.000 0.554
808.000 0.554
809.000 0.554
810.000 0.553
811.000 0.553
812.000 0.552
813.000 0.552
814.000 0.551
815.000 0.550
816.000 0.550
817.000 0.550
818.000 0.550
819.000 0.551
820.000 0.552
821.000 0.553
822.000 0.553
823.000 0.553
824.000 0.554
825.000 0.553
826.000 0.554
827.000 0.554
828.000 0.554
829.000 0.554
830.000 0.555
831.000 0.555
832.000 0.555
833.000 0.556
834.000 0.556
835.000 0.557
836.000 0.557
837.000 0.558
838.000 0.558
839.000 0.558
840.000 0.559
841.000 0.559
842.000 0.560
843.000 0.560
844.000 0.560
845.000 0.561
846.000 0.561
847.000 0.561
848.000 0.561
849.000 0.562
850.000 0.562
851.000 0.562
852.000 0.562
853.000 0.562
854.000 0.562
855.000 0.562
856.000 0.562
857.000 0.563
858.000 0.563
859.000 0.563
860.000 0.563
861.000 0.564
862.000 0.564
863.000 0.564
864.000 0.564
865.000 0.564
866.000 0.564
867.000 0.564
868.000 0.565
869.000 0.565
870.000 0.565
871.000 0.565
872.000 0.565
873.000 0.566
874.000 0.565
875.000 0.565
876.000 0.566
877.000 0.566
878.000 0.565
879.000 0.566
880.000 0.566
881.000 0.566
882.000 0.566
883.000 0.567
884.000 0.566
885.000 0.567
886.000 0.567
887.000 0.566
888.000 0.566
889.000 0.567
890.000 0.567
891.000 0.566
892.000 0.566
893.000 0.566
894.000 0.565
895.000 0.564
896.000 0.564
897.000 0.563
898.000 0.562
899.000 0.562
900.000 0.562
901.000 0.563
902.000 0.563
903.000 0.563
904.000 0.563
905.000 0.564
906.000 0.565
907.000 0.564
908.000 0.563
909.000 0.562
910.000 0.562
911.000 0.562
912.000 0.561
913.000 0.561
914.000 0.562
915.000 0.562
916.000 0.561
917.000 0.562
918.000 0.563
919.000 0.564
920.000 0.564
921.000 0.565
922.000 0.565
923.000 0.564
924.000 0.564
925.000 0.564
926.000 0.563
927.000 0.561
928.000 0.559
929.000 0.559
930.000 0.559
931.000 0.556
932.000 0.551
933.000 0.549
934.000 0.548
935.000 0.547
936.000 0.541
937.000 0.543
938.000 0.546
939.000 0.546
940.000 0.544
941.000 0.543
942.000 0.545
943.000 0.548
944.000 0.544
945.000 0.544
946.000 0.544
947.000 0.544
948.000 0.545
949.000 0.545
950.000 0.544
951.000 0.544
952.000 0.547
953.000 0.547
954.000 0.544
955.000 0.541
956.000 0.540
957.000 0.541
958.000 0.543
959.000 0.545
960.000 0.544
961.000 0.546
962.000 0.547
963.000 0.547
964.000 0.548
965.000 0.548
966.000 0.550
967.000 0.551
968.000 0.553
969.000 0.552
970.000 0.552
971.000 0.553
972.000 0.550
973.000 0.552
974.000 0.554
975.000 0.554
976.000 0.553
977.000 0.553
978.000 0.553
979.000 0.556
980.000 0.554
981.000 0.554
982.000 0.557
983.000 0.558
984.000 0.555
985.000 0.558
986.000 0.559
987.000 0.559
988.000 0.562
989.000 0.561
990.000 0.559
991.000 0.561
992.000 0.562
993.000 0.562
994.000 0.564
995.000 0.566
996.000 0.565
997.000 0.564
998.000 0.565
999.000 0.566
1000.000 0.565
1001.000 0.570
1002.000 0.570
1003.000 0.570
1004.000 0.570
1005.000 0.570
1006.000 0.571
1007.000 0.571
1008.000 0.572
1009.000 0.572
1010.000 0.572
1011.000 0.573
1012.000 0.574
1013.000 0.575
1014.000 0.575
1015.000 0.576
1016.000 0.575
1017.000 0.575
1018.000 0.576
1019.000 0.577
1020.000 0.578
1021.000 0.578
1022.000 0.578
1023.000 0.578
1024.000 0.579
1025.000 0.580
1026.000 0.580
1027.000 0.580
1028.000 0.580
1029.000 0.579
1030.000 0.579
1031.000 0.581
1032.000 0.582
1033.000 0.582
1034.000 0.583
1035.000 0.583
1036.000 0.583
1037.000 0.582
1038.000 0.582
1039.000 0.582
1040.000 0.583
1041.000 0.584
1042.000 0.584
1043.000 0.584
1044.000 0.583
1045.000 0.583
1046.000 0.584
1047.000 0.585
1048.000 0.585
1049.000 0.584
1050.000 0.585
1051.000 0.585
1052.000 0.585
1053.000 0.587
1054.000 0.589
1055.000 0.588
1056.000 0.588
1057.000 0.588
1058.000 0.587
1059.000 0.587
1060.000 0.587
1061.000 0.588
1062.000 0.588
1063.000 0.587
1064.000 0.588
1065.000 0.589
1066.000 0.589
1067.000 0.589
1068.000 0.589
1069.000 0.588
1070.000 0.589
1071.000 0.588
1072.000 0.587
1073.000 0.587
1074.000 0.587
1075.000 0.587
1076.000 0.588
1077.000 0.588
1078.000 0.589
1079.000 0.588
1080.000 0.588
1081.000 0.588
1082.000 0.587
1083.000 0.587
1084.000 0.586
1085.000 0.587
1086.000 0.588
1087.000 0.587
1088.000 0.588
1089.000 0.588
1090.000 0.587
1091.000 0.587
1092.000 0.587
1093.000 0.586
1094.000 0.586
1095.000 0.587
1096.000 0.586
1097.000 0.585
1098.000 0.584
1099.000 0.583
1100.000 0.582
1101.000 0.582
1102.000 0.582
1103.000 0.581
1104.000 0.581
1105.000 0.581
1106.000 0.581
1107.000 0.579
1108.000 0.578
1109.000 0.574
1110.000 0.572
1111.000 0.572
1112.000 0.571
1113.000 0.573
1114.000 0.574
1115.000 0.574
1116.000 0.573
1117.000 0.570
1118.000 0.565
1119.000 0.561
1120.000 0.556
1121.000 0.557
1122.000 0.553
1123.000 0.549
1124.000 0.543
1125.000 0.542
1126.000 0.546
1127.000 0.546
1128.000 0.552
1129.000 0.551
1130.000 0.548
1131.000 0.544
1132.000 0.544
1133.000 0.548
1134.000 0.549
1135.000 0.549
1136.000 0.551
1137.000 0.551
1138.000 0.550
1139.000 0.547
1140.000 0.544
1141.000 0.540
1142.000 0.539
1143.000 0.537
1144.000 0.536
1145.000 0.535
1146.000 0.535
1147.000 0.538
1148.000 0.538
1149.000 0.538
1150.000 0.537
1151.000 0.534
1152.000 0.532
1153.000 0.531
1154.000 0.531
1155.000 0.530
1156.000 0.531
1157.000 0.532
1158.000 0.534
1159.000 0.535
1160.000 0.538
1161.000 0.539
1162.000 0.541
1163.000 0.542
1164.000 0.542
1165.000 0.542
1166.000 0.542
1167.000 0.541
1168.000 0.542
1169.000 0.542
1170.000 0.542
1171.000 0.543
1172.000 0.543
1173.000 0.543
1174.000 0.544
1175.000 0.545
1176.000 0.546
1177.000 0.546
1178.000 0.546
1179.000 0.546
1180.000 0.545
1181.000 0.544
1182.000 0.544
1183.000 0.543
1184.000 0.543
1185.000 0.543
1186.000 0.544
1187.000 0.545
1188.000 0.545
1189.000 0.545
1190.000 0.544
1191.000 0.545
1192.000 0.544
1193.000 0.544
1194.000 0.545
1195.000 0.545
1196.000 0.545
1197.000 0.545
1198.000 0.545
1199.000 0.545
1200.000 0.545
1201.000 0.546
1202.000 0.547
1203.000 0.548
1204.000 0.548
1205.000 0.548
1206.000 0.547
1207.000 0.547
1208.000 0.548
1209.000 0.548
1210.000 0.549
1211.000 0.549
1212.000 0.550
1213.000 0.550
1214.000 0.550
1215.000 0.551
1216.000 0.551
1217.000 0.552
1218.000 0.553
1219.000 0.554
1220.000 0.554
1221.000 0.553
1222.000 0.554
1223.000 0.552
1224.000 0.552
1225.000 0.552
1226.000 0.553
1227.000 0.554
1228.000 0.555
1229.000 0.556
1230.000 0.556
1231.000 0.556
1232.000 0.556
1233.000 0.556
1234.000 0.557
1235.000 0.557
1236.000 0.557
1237.000 0.558
1238.000 0.559
1239.000 0.559
1240.000 0.560
1241.000 0.560
1242.000 0.561
1243.000 0.561
1244.000 0.561
1245.000 0.561
1246.000 0.561
1247.000 0.561
1248.000 0.561
1249.000 0.561
1250.000 0.561
1251.000 0.561
1252.000 0.562
1253.000 0.563
1254.000 0.563
1255.000 0.563
1256.000 0.563
1257.000 0.561
1258.000 0.561
1259.000 0.561
1260.000 0.561
1261.000 0.561
1262.000 0.562
1263.000 0.561
1264.000 0.561
1265.000 0.562
1266.000 0.562
1267.000 0.563
1268.000 0.563
1269.000 0.563
1270.000 0.563
1271.000 0.564
1272.000 0.565
1273.000 0.565
1274.000 0.566
1275.000 0.567
1276.000 0.567
1277.000 0.567
1278.000 0.566
1279.000 0.566
1280.000 0.565
1281.000 0.564
1282.000 0.564
1283.000 0.564
1284.000 0.564
1285.000 0.564
1286.000 0.563
1287.000 0.563
1288.000 0.562
1289.000 0.562
1290.000 0.561
1291.000 0.561
1292.000 0.561
1293.000 0.561
1294.000 0.560
1295.000 0.560
1296.000 0.559
1297.000 0.559
1298.000 0.558
1299.000 0.557
1300.000 0.556
1301.000 0.556
1302.000 0.555
1303.000 0.555
1304.000 0.554
1305.000 0.551
1306.000 0.550
1307.000 0.550
1308.000 0.549
1309.000 0.549
1310.000 0.548
1311.000 0.547
1312.000 0.545
1313.000 0.543
1314.000 0.540
1315.000 0.539
1316.000 0.537
1317.000 0.537
1318.000 0.536
1319.000 0.535
1320.000 0.533
1321.000 0.531
1322.000 0.529
1323.000 0.528
1324.000 0.526
1325.000 0.525
1326.000 0.524
1327.000 0.522
1328.000 0.520
1329.000 0.517
1330.000 0.514
1331.000 0.511
1332.000 0.509
1333.000 0.507
1334.000 0.506
1335.000 0.504
1336.000 0.501
1337.000 0.500
1338.000 0.498
1339.000 0.497
1340.000 0.496
1341.000 0.494
1342.000 0.494
1343.000 0.492
1344.000 0.491
1345.000 0.488
1346.000 0.484
1347.000 0.479
1348.000 0.474
1349.000 0.469
1350.000 0.462
1351.000 0.458
1352.000 0.437
1353.000 0.384
1354.000 0.381
1355.000 0.407
1356.000 0.309
1357.000 0.309
1358.000 0.393
1359.000 0.359
1360.000 0.294
1361.000 0.359
1362.000 0.468
1363.000 0.417
1364.000 0.369
1365.000 0.266
1366.000 0.339
1367.000 0.428
1368.000 0.589
1369.000 0.686
1370.000 0.705
1371.000 0.106
1372.000 0.197
1373.000 0.236
1374.000 0.249
1375.000 0.557
1376.000 0.546
1377.000 0.382
1378.000 0.353
1379.000 0.412
1380.000 0.242
1381.000 0.338
1382.000 0.393
1383.000 0.477
1384.000 0.452
1385.000 0.430
1386.000 0.530
1387.000 0.437
1388.000 0.511
1389.000 0.441
1390.000 0.439
1391.000 0.446
1392.000 0.482
1393.000 0.298
1394.000 0.405
1395.000 0.554
1396.000 0.302
1397.000 0.360
1398.000 0.456
1399.000 0.418
1400.000 0.356
1401.000 0.154
1402.000 0.476
1403.000 0.491
1404.000 0.457
1405.000 0.556
1406.000 0.661
1407.000 0.753
1408.000 0.426
1409.000 0.473
1410.000 0.407
1411.000 0.489
1412.000 0.448
1413.000 0.340
1414.000 0.338
1415.000 0.367
1416.000 0.387
1417.000 0.609
1418.000 0.653
1419.000 0.483
1420.000 0.654
1421.000 0.497
1422.000 0.199
1423.000 0.233
1424.000 0.300
1425.000 0.434
1426.000 0.380
1427.000 0.354
1428.000 0.171
1429.000 0.226
1430.000 0.257
1431.000 0.385
1432.000 0.250
1433.000 0.366
1434.000 0.377
1435.000 0.392
1436.000 0.307
1437.000 0.284
1438.000 0.246
1439.000 0.272
1440.000 0.238
1441.000 0.281
1442.000 0.290
1443.000 0.253
1444.000 0.235
1445.000 0.188
1446.000 0.171
1447.000 0.196
1448.000 0.204
1449.000 0.210
1450.000 0.195
1451.000 0.180
1452.000 0.193
1453.000 0.200
1454.000 0.204
1455.000 0.206
1456.000 0.201
1457.000 0.202
1458.000 0.206
1459.000 0.205
1460.000 0.203
1461.000 0.204
1462.000 0.206
1463.000 0.202
1464.000 0.193
1465.000 0.197
1466.000 0.194
1467.000 0.190
1468.000 0.194
1469.000 0.198
1470.000 0.192
1471.000 0.188
1472.000 0.199
1473.000 0.208
1474.000 0.225
1475.000 0.230
1476.000 0.240
1477.000 0.234
1478.000 0.214
1479.000 0.209
1480.000 0.197
1481.000 0.199
1482.000 0.210
1483.000 0.215
1484.000 0.224
1485.000 0.227
1486.000 0.222
1487.000 0.223
1488.000 0.222
1489.000 0.225
1490.000 0.236
1491.000 0.238
1492.000 0.234
1493.000 0.235
1494.000 0.234
1495.000 0.235
1496.000 0.241
1497.000 0.245
1498.000 0.249
1499.000 0.253
1500.000 0.260
1501.000 0.261
1502.000 0.263
1503.000 0.266
1504.000 0.264
1505.000 0.264
1506.000 0.265
1507.000 0.265
1508.000 0.267
1509.000 0.272
1510.000 0.274
1511.000 0.277
1512.000 0.279
1513.000 0.281
1514.000 0.283
1515.000 0.285
1516.000 0.287
1517.000 0.288
1518.000 0.287
1519.000 0.286
1520.000 0.286
1521.000 0.286
1522.000 0.288
1523.000 0.293
1524.000 0.296
1525.000 0.299
1526.000 0.301
1527.000 0.301
1528.000 0.301
1529.000 0.300
1530.000 0.300
1531.000 0.301
1532.000 0.303
1533.000 0.305
1534.000 0.306
1535.000 0.308
1536.000 0.309
1537.000 0.311
1538.000 0.313
1539.000 0.314
1540.000 0.315
1541.000 0.318
1542.000 0.319
1543.000 0.320
1544.000 0.321
1545.000 0.323
1546.000 0.325
1547.000 0.328
1548.000 0.330
1549.000 0.331
1550.000 0.332
1551.000 0.333
1552.000 0.334
1553.000 0.335
1554.000 0.337
1555.000 0.339
1556.000 0.342
1557.000 0.346
1558.000 0.348
1559.000 0.351
1560.000 0.352
1561.000 0.350
1562.000 0.351
1563.000 0.350
1564.000 0.351
1565.000 0.355
1566.000 0.357
1567.000 0.358
1568.000 0.359
1569.000 0.358
1570.000 0.359
1571.000 0.360
1572.000 0.360
1573.000 0.361
1574.000 0.362
1575.000 0.363
1576.000 0.364
1577.000 0.367
1578.000 0.369
1579.000 0.369
1580.000 0.371
1581.000 0.372
1582.000 0.373
1583.000 0.375
1584.000 0.375
1585.000 0.372
1586.000 0.371
1587.000 0.372
1588.000 0.372
1589.000 0.375
1590.000 0.377
1591.000 0.379
1592.000 0.380
1593.000 0.380
1594.000 0.381
1595.000 0.380
1596.000 0.381
1597.000 0.383
1598.000 0.384
1599.000 0.385
1600.000 0.387
1601.000 0.389
1602.000 0.390
1603.000 0.391
1604.000 0.392
1605.000 0.392
1606.000 0.392
1607.000 0.394
1608.000 0.395
1609.000 0.396
1610.000 0.398
1611.000 0.399
1612.000 0.400
1613.000 0.400
1614.000 0.400
1615.000 0.400
1616.000 0.400
1617.000 0.400
1618.000 0.401
1619.000 0.403
1620.000 0.405
1621.000 0.408
1622.000 0.409
1623.000 0.408
1624.000 0.406
1625.000 0.405
1626.000 0.404
1627.000 0.404
1628.000 0.405
1629.000 0.408
1630.000 0.409
1631.000 0.411
1632.000 0.412
1633.000 0.413
1634.000 0.414
1635.000 0.413
1636.000 0.414
1637.000 0.416
1638.000 0.417
1639.000 0.419
1640.000 0.419
1641.000 0.418
1642.000 0.417
1643.000 0.418
1644.000 0.419
1645.000 0.422
1646.000 0.422
1647.000 0.421
1648.000 0.420
1649.000 0.418
1650.000 0.417
1651.000 0.418
1652.000 0.417
1653.000 0.417
1654.000 0.417
1655.000 0.418
1656.000 0.418
1657.000 0.420
1658.000 0.421
1659.000 0.421
1660.000 0.422
1661.000 0.420
1662.000 0.421
1663.000 0.422
1664.000 0.423
1665.000 0.426
1666.000 0.427
1667.000 0.427
1668.000 0.427
1669.000 0.429
1670.000 0.429
1671.000 0.428
1672.000 0.428
1673.000 0.429
1674.000 0.428
1675.000 0.429
1676.000 0.428
1677.000 0.429
1678.000 0.429
1679.000 0.431
1680.000 0.431
1681.000 0.428
1682.000 0.427
1683.000 0.425
1684.000 0.424
1685.000 0.426
1686.000 0.427
1687.000 0.427
1688.000 0.427
1689.000 0.426
1690.000 0.426
1691.000 0.426
1692.000 0.426
1693.000 0.427
1694.000 0.426
1695.000 0.421
1696.000 0.420
1697.000 0.418
1698.000 0.417
1699.000 0.421
1700.000 0.422
1701.000 0.422
1702.000 0.422
1703.000 0.418
1704.000 0.418
1705.000 0.419
1706.000 0.418
1707.000 0.419
1708.000 0.418
1709.000 0.417
1710.000 0.417
1711.000 0.417
1712.000 0.418
1713.000 0.418
1714.000 0.416
1715.000 0.418
1716.000 0.418
1717.000 0.415
1718.000 0.414
1719.000 0.411
1720.000 0.410
1721.000 0.410
1722.000 0.413
1723.000 0.417
1724.000 0.419
1725.000 0.420
1726.000 0.419
1727.000 0.416
1728.000 0.415
1729.000 0.414
1730.000 0.409
1731.000 0.408
1732.000 0.405
1733.000 0.402
1734.000 0.404
1735.000 0.405
1736.000 0.406
1737.000 0.406
1738.000 0.402
1739.000 0.400
1740.000 0.398
1741.000 0.396
1742.000 0.397
1743.000 0.398
1744.000 0.401
1745.000 0.401
1746.000 0.402
1747.000 0.401
1748.000 0.395
1749.000 0.394
1750.000 0.393
1751.000 0.395
1752.000 0.404
1753.000 0.405
1754.000 0.403
1755.000 0.398
1756.000 0.386
1757.000 0.383
1758.000 0.383
1759.000 0.385
1760.000 0.384
1761.000 0.383
1762.000 0.379
1763.000 0.375
1764.000 0.377
1765.000 0.379
1766.000 0.381
1767.000 0.380
1768.000 0.379
1769.000 0.376
1770.000 0.370
1771.000 0.371
1772.000 0.372
1773.000 0.368
1774.000 0.370
1775.000 0.371
1776.000 0.373
1777.000 0.375
1778.000 0.363
1779.000 0.355
1780.000 0.350
1781.000 0.346
1782.000 0.354
1783.000 0.360
1784.000 0.368
1785.000 0.374
1786.000 0.376
1787.000 0.372
1788.000 0.371
1789.000 0.362
1790.000 0.362
1791.000 0.373
1792.000 0.360
1793.000 0.365
1794.000 0.377
1795.000 0.403
1796.000 0.441
1797.000 0.491
1798.000 0.497
1799.000 0.468
1800.000 0.436
1801.000 0.435
1802.000 0.431
1803.000 0.479
1804.000 0.496
1805.000 0.504
1806.000 0.509
1807.000 0.549
1808.000 0.560
1809.000 0.541
1810.000 0.511
1811.000 0.471
1812.000 0.411
1813.000 0.386
1814.000 0.495
1815.000 0.444
1816.000 0.476
1817.000 0.399
1818.000 0.375
1819.000 0.480
1820.000 0.541
1821.000 0.536
1822.000 0.616
1823.000 0.518
1824.000 0.211
1825.000 0.316
1826.000 0.425
1827.000 0.510
1828.000 0.619
1829.000 0.409
1830.000 0.499
1831.000 0.522
1832.000 0.505
1833.000 0.477
1834.000 0.329
1835.000 0.518
1836.000 0.418
1837.000 0.587
1838.000 0.571
1839.000 0.529
1840.000 0.630
1841.000 0.566
1842.000 0.502
1843.000 0.480
1844.000 0.589
1845.000 0.648
1846.000 0.600
1847.000 0.607
1848.000 0.540
1849.000 0.547
1850.000 0.588
1851.000 0.528
1852.000 0.578
1853.000 0.576
1854.000 0.594
1855.000 0.563
1856.000 0.602
1857.000 0.507
1858.000 0.547
1859.000 0.519
1860.000 0.489
1861.000 0.580
1862.000 0.577
1863.000 0.582
1864.000 0.775
1865.000 0.685
1866.000 0.605
1867.000 0.597
1868.000 0.558
1869.000 0.523
1870.000 0.334
1871.000 0.414
1872.000 0.572
1873.000 0.571
1874.000 0.564
1875.000 0.589
1876.000 0.548
1877.000 0.523
1878.000 0.559
1879.000 0.317
1880.000 0.396
1881.000 0.552
1882.000 0.496
1883.000 0.543
1884.000 0.478
1885.000 0.367
1886.000 0.411
1887.000 0.473
1888.000 0.417
1889.000 0.481
1890.000 0.601
1891.000 0.567
1892.000 0.564
1893.000 0.631
1894.000 0.504
1895.000 0.516
1896.000 0.529
1897.000 0.454
1898.000 0.484
1899.000 0.427
1900.000 0.420
1901.000 0.431
1902.000 0.444
1903.000 0.445
1904.000 0.389
1905.000 0.408
1906.000 0.399
1907.000 0.489
1908.000 0.556
1909.000 0.661
1910.000 0.723
1911.000 0.672
1912.000 0.592
1913.000 0.604
1914.000 0.588
1915.000 0.531
1916.000 0.701
1917.000 0.565
1918.000 0.596
1919.000 0.706
1920.000 0.674
1921.000 0.709
1922.000 0.645
1923.000 0.443
1924.000 0.308
1925.000 0.453
1926.000 0.448
1927.000 0.458
1928.000 0.411
1929.000 0.345
1930.000 0.311
1931.000 0.241
1932.000 0.337
1933.000 0.415
1934.000 0.427
1935.000 0.536
1936.000 0.425
1937.000 0.381
1938.000 0.388
1939.000 0.483
1940.000 0.447
1941.000 0.546
1942.000 0.638
1943.000 0.584
1944.000 0.607
1945.000 0.650
1946.000 0.437
1947.000 0.475
1948.000 0.481
1949.000 0.424
1950.000 0.665
1951.000 0.585
1952.000 0.589
1953.000 0.421
1954.000 0.379
1955.000 0.342
1956.000 0.295
1957.000 0.262
1958.000 0.306
1959.000 0.329
1960.000 0.452
1961.000 0.467
1962.000 0.513
1963.000 0.457
1964.000 0.516
1965.000 0.425
1966.000 0.434
1967.000 0.443
1968.000 0.347
1969.000 0.317
1970.000 0.269
1971.000 0.235
1972.000 0.260
1973.000 0.251
1974.000 0.248
1975.000 0.263
1976.000 0.287
1977.000 0.286
1978.000 0.263
1979.000 0.260
1980.000 0.244
1981.000 0.212
1982.000 0.204
1983.000 0.202
1984.000 0.208
1985.000 0.225
1986.000 0.231
1987.000 0.225
1988.000 0.228
1989.000 0.238
1990.000 0.252
1991.000 0.271
1992.000 0.305
1993.000 0.294
1994.000 0.247
1995.000 0.204
1996.000 0.182
1997.000 0.187
1998.000 0.208
1999.000 0.234
2000.000 0.271
2001.000 0.301
2002.000 0.341
2003.000 0.350
2004.000 0.266
2005.000 0.258
2006.000 0.264
2007.000 0.281
2008.000 0.257
2009.000 0.265
2010.000 0.304
2011.000 0.354
2012.000 0.343
2013.000 0.318
2014.000 0.304
2015.000 0.267
2016.000 0.244
2017.000 0.250
2018.000 0.223
2019.000 0.208
2020.000 0.179
2021.000 0.164
2022.000 0.157
2023.000 0.171
2024.000 0.189
2025.000 0.195
2026.000 0.202
2027.000 0.205
2028.000 0.198
2029.000 0.191
2030.000 0.174
2031.000 0.172
2032.000 0.170
2033.000 0.174
2034.000 0.183
2035.000 0.202
2036.000 0.217
2037.000 0.226
2038.000 0.227
2039.000 0.219
2040.000 0.212
2041.000 0.205
2042.000 0.199
2043.000 0.197
2044.000 0.201
2045.000 0.212
2046.000 0.215
2047.000 0.220
2048.000 0.222
2049.000 0.219
2050.000 0.214
2051.000 0.210
2052.000 0.215
2053.000 0.211
2054.000 0.200
2055.000 0.197
2056.000 0.197
2057.000 0.199
2058.000 0.206
2059.000 0.214
2060.000 0.226
2061.000 0.235
2062.000 0.250
2063.000 0.253
2064.000 0.245
2065.000 0.239
2066.000 0.221
2067.000 0.219
2068.000 0.218
2069.000 0.221
2070.000 0.226
2071.000 0.225
2072.000 0.230
2073.000 0.240
2074.000 0.245
2075.000 0.256
2076.000 0.262
2077.000 0.274
2078.000 0.266
2079.000 0.242
2080.000 0.232
2081.000 0.213
2082.000 0.194
2083.000 0.203
2084.000 0.206
2085.000 0.207
2086.000 0.216
2087.000 0.221
2088.000 0.226
2089.000 0.231
2090.000 0.240
2091.000 0.239
2092.000 0.227
2093.000 0.223
2094.000 0.215
2095.000 0.213
2096.000 0.216
2097.000 0.217
2098.000 0.217
2099.000 0.227
2100.000 0.229
2101.000 0.239
2102.000 0.245
2103.000 0.240
2104.000 0.246
2105.000 0.258
2106.000 0.257
2107.000 0.254
2108.000 0.251
2109.000 0.238
2110.000 0.234
2111.000 0.239
2112.000 0.240
2113.000 0.240
2114.000 0.236
2115.000 0.224
2116.000 0.220
2117.000 0.217
2118.000 0.220
2119.000 0.226
2120.000 0.239
2121.000 0.255
2122.000 0.261
2123.000 0.266
2124.000 0.266
2125.000 0.272
2126.000 0.276
2127.000 0.281
2128.000 0.299
2129.000 0.299
2130.000 0.282
2131.000 0.277
2132.000 0.265
2133.000 0.263
2134.000 0.281
2135.000 0.282
2136.000 0.280
2137.000 0.273
2138.000 0.256
2139.000 0.237
2140.000 0.240
2141.000 0.249
2142.000 0.250
2143.000 0.258
2144.000 0.261
2145.000 0.254
2146.000 0.253
2147.000 0.259
2148.000 0.259
2149.000 0.249
2150.000 0.248
2151.000 0.250
2152.000 0.256
2153.000 0.271
2154.000 0.281
2155.000 0.293
2156.000 0.301
2157.000 0.302
2158.000 0.295
2159.000 0.277
2160.000 0.264
2161.000 0.263
2162.000 0.267
2163.000 0.271
2164.000 0.286
2165.000 0.295
2166.000 0.310
2167.000 0.309
2168.000 0.300
2169.000 0.296
2170.000 0.281
2171.000 0.274
2172.000 0.277
2173.000 0.277
2174.000 0.280
2175.000 0.280
2176.000 0.282
2177.000 0.277
2178.000 0.272
2179.000 0.276
2180.000 0.282
2181.000 0.285
2182.000 0.277
2183.000 0.268
2184.000 0.261
2185.000 0.248
2186.000 0.247
2187.000 0.257
2188.000 0.261
2189.000 0.273
2190.000 0.278
2191.000 0.279
2192.000 0.278
2193.000 0.273
2194.000 0.269
2195.000 0.260
2196.000 0.258
2197.000 0.254
2198.000 0.261
2199.000 0.291
2200.000 0.301
2201.000 0.309
2202.000 0.311
2203.000 0.303
2204.000 0.279
2205.000 0.274
2206.000 0.280
2207.000 0.276
2208.000 0.275
2209.000 0.273
2210.000 0.269
2211.000 0.266
2212.000 0.263
2213.000 0.263
2214.000 0.265
2215.000 0.266
2216.000 0.268
2217.000 0.270
2218.000 0.269
2219.000 0.274
2220.000 0.289
2221.000 0.295
2222.000 0.301
2223.000 0.303
2224.000 0.291
2225.000 0.286
2226.000 0.281
2227.000 0.283
2228.000 0.291
2229.000 0.293
2230.000 0.300
2231.000 0.300
2232.000 0.287
2233.000 0.281
2234.000 0.276
2235.000 0.271
2236.000 0.276
2237.000 0.288
2238.000 0.291
2239.000 0.290
2240.000 0.288
2241.000 0.281
2242.000 0.277
2243.000 0.275
2244.000 0.272
2245.000 0.265
2246.000 0.264
2247.000 0.267
2248.000 0.267
2249.000 0.266
2250.000 0.272
2251.000 0.280
2252.000 0.286
2253.000 0.300
2254.000 0.303
2255.000 0.299
2256.000 0.294
2257.000 0.278
2258.000 0.281
2259.000 0.283
2260.000 0.292
2261.000 0.321
2262.000 0.321
2263.000 0.329
2264.000 0.318
2265.000 0.284
2266.000 0.276
2267.000 0.276
2268.000 0.270
2269.000 0.302
2270.000 0.317
2271.000 0.292
2272.000 0.291
2273.000 0.284
2274.000 0.253
2275.000 0.251
2276.000 0.274
2277.000 0.286
2278.000 0.322
2279.000 0.338
2280.000 0.323
2281.000 0.311
2282.000 0.281
2283.000 0.273
2284.000 0.275
2285.000 0.271
2286.000 0.286
2287.000 0.286
2288.000 0.265
2289.000 0.256
2290.000 0.240
2291.000 0.233
2292.000 0.250
2293.000 0.255
2294.000 0.252
2295.000 0.273
2296.000 0.245
2297.000 0.227
2298.000 0.223
2299.000 0.225
2300.000 0.234
2301.000 0.254
2302.000 0.256
2303.000 0.278
2304.000 0.301
2305.000 0.284
2306.000 0.264
2307.000 0.240
2308.000 0.231
2309.000 0.228
2310.000 0.238
2311.000 0.254
2312.000 0.243
2313.000 0.231
2314.000 0.207
2315.000 0.205
2316.000 0.254
2317.000 0.279
2318.000 0.284
2319.000 0.246
2320.000 0.246
2321.000 0.227
2322.000 0.256
2323.000 0.241
2324.000 0.289
2325.000 0.270
2326.000 0.259
2327.000 0.235
2328.000 0.216
2329.000 0.203
2330.000 0.201
2331.000 0.199
2332.000 0.195
2333.000 0.193
2334.000 0.195
2335.000 0.216
2336.000 0.233
2337.000 0.243
2338.000 0.214
2339.000 0.249
2340.000 0.338
2341.000 0.404
2342.000 0.389
2343.000 0.374
2344.000 0.305
2345.000 0.297
2346.000 0.318
2347.000 0.322
2348.000 0.320
2349.000 0.287
2350.000 0.288
2351.000 0.257
2352.000 0.268
2353.000 0.369
2354.000 0.385
2355.000 0.251
2356.000 0.255
2357.000 0.344
2358.000 0.323
2359.000 0.348
2360.000 0.393
2361.000 0.420
2362.000 0.344
2363.000 0.314
2364.000 0.384
2365.000 0.332
2366.000 0.276
2367.000 0.310
2368.000 0.310
2369.000 0.277
2370.000 0.336
2371.000 0.288
2372.000 0.301
2373.000 0.216
2374.000 0.230
2375.000 0.366
2376.000 0.343
2377.000 0.343
2378.000 0.333
2379.000 0.236
2380.000 0.388
2381.000 0.357
2382.000 0.310
2383.000 0.370
2384.000 0.221
2385.000 0.360
2386.000 0.364
2387.000 0.389
2388.000 0.287
2389.000 0.171
2390.000 0.333
2391.000 0.454
2392.000 0.394
2393.000 0.285
2394.000 0.322
2395.000 0.263
2396.000 0.420
2397.000 0.637
2398.000 0.472
2399.000 0.391
2400.000 0.317
2401.000 0.250
2402.000 0.177
2403.000 0.189
2404.000 0.209
2405.000 0.357
2406.000 0.265
2407.000 0.267
2408.000 0.375
2409.000 0.342
2410.000 0.379
2411.000 0.334
2412.000 0.346
2413.000 0.450
2414.000 0.487
2415.000 0.520
2416.000 0.435
2417.000 0.296
2418.000 0.575
2419.000 0.601
2420.000 0.521
2421.000 0.381
2422.000 0.387
2423.000 0.412
2424.000 0.427
2425.000 0.488
2426.000 0.571
2427.000 0.427
2428.000 0.421
2429.000 0.414
2430.000 0.326
2431.000 0.276
2432.000 0.213
2433.000 0.510
2434.000 0.421
2435.000 0.300
2436.000 0.277
2437.000 0.261
2438.000 0.269
2439.000 0.273
2440.000 0.345
2441.000 0.415
2442.000 0.410
2443.000 0.304
2444.000 0.577
2445.000 0.644
2446.000 0.389
2447.000 0.482
2448.000 0.562
2449.000 0.232
2450.000 0.168
2451.000 0.240
2452.000 0.385
2453.000 0.384
2454.000 0.573
2455.000 0.591
2456.000 0.508
2457.000 0.531
2458.000 0.630
2459.000 0.400
2460.000 0.536
2461.000 0.406
2462.000 0.257
2463.000 0.238
2464.000 0.423
2465.000 0.361
2466.000 0.310
2467.000 0.252
2468.000 0.486
2469.000 0.359
2470.000 0.352
2471.000 0.364
2472.000 0.373
2473.000 0.370
2474.000 0.369
2475.000 0.392
2476.000 0.598
2477.000 0.458
2478.000 0.547
2479.000 0.482
2480.000 0.425
2481.000 0.535
2482.000 0.144
2483.000 0.252
2484.000 0.386
2485.000 0.368
2486.000 0.358
2487.000 0.300
2488.000 0.437
2489.000 0.317
2490.000 0.083
2491.000 0.154
2492.000 0.210
2493.000 0.304
2494.000 0.439
2495.000 0.509
2496.000 0.513
2497.000 0.406
2498.000 0.460
2499.000 0.465
2500.000 0.262
