391.000 0.062
392.000 0.063
393.000 0.050
394.000 0.048
395.000 0.059
396.000 0.061
397.000 0.051
398.000 0.052
399.000 0.053
400.000 0.053
401.000 0.052
402.000 0.054
403.000 0.055
404.000 0.053
405.000 0.049
406.000 0.053
407.000 0.053
408.000 0.047
409.000 0.049
410.000 0.052
411.000 0.053
412.000 0.052
413.000 0.053
414.000 0.052
415.000 0.050
416.000 0.051
417.000 0.049
418.000 0.049
419.000 0.051
420.000 0.051
421.000 0.049
422.000 0.048
423.000 0.049
424.000 0.051
425.000 0.049
426.000 0.049
427.000 0.053
428.000 0.051
429.000 0.047
430.000 0.047
431.000 0.050
432.000 0.051
433.000 0.050
434.000 0.048
435.000 0.049
436.000 0.048
437.000 0.049
438.000 0.051
439.000 0.049
440.000 0.048
441.000 0.048
442.000 0.049
443.000 0.047
444.000 0.047
445.000 0.049
446.000 0.047
447.000 0.047
448.000 0.049
449.000 0.049
450.000 0.049
451.000 0.049
452.000 0.048
453.000 0.046
454.000 0.047
455.000 0.048
456.000 0.048
457.000 0.050
458.000 0.049
459.000 0.048
460.000 0.047
461.000 0.048
462.000 0.050
463.000 0.051
464.000 0.047
465.000 0.046
466.000 0.048
467.000 0.050
468.000 0.049
469.000 0.049
470.000 0.050
471.000 0.050
472.000 0.049
473.000 0.047
474.000 0.048
475.000 0.048
476.000 0.050
477.000 0.050
478.000 0.047
479.000 0.048
480.000 0.049
481.000 0.050
482.000 0.049
483.000 0.048
484.000 0.047
485.000 0.048
486.000 0.049
487.000 0.050
488.000 0.050
489.000 0.051
490.000 0.051
491.000 0.050
492.000 0.049
493.000 0.047
494.000 0.048
495.000 0.050
496.000 0.051
497.000 0.049
498.000 0.050
499.000 0.052
500.000 0.054
501.000 0.051
502.000 0.052
503.000 0.056
504.000 0.058
505.000 0.057
506.000 0.057
507.000 0.059
508.000 0.060
509.000 0.060
510.000 0.060
511.000 0.064
512.000 0.066
513.000 0.067
514.000 0.068
515.000 0.072
516.000 0.075
517.000 0.076
518.000 0.078
519.000 0.082
520.000 0.086
521.000 0.090
522.000 0.091
523.000 0.094
524.000 0.098
525.000 0.101
526.000 0.104
527.000 0.105
528.000 0.108
529.000 0.111
530.000 0.114
531.000 0.116
532.000 0.117
533.000 0.119
534.000 0.121
535.000 0.122
536.000 0.124
537.000 0.125
538.000 0.126
539.000 0.127
540.000 0.127
541.000 0.129
542.000 0.129
543.000 0.128
544.000 0.130
545.000 0.130
546.000 0.130
547.000 0.130
548.000 0.130
549.000 0.131
550.000 0.131
551.000 0.130
552.000 0.130
553.000 0.130
554.000 0.130
555.000 0.130
556.000 0.129
557.000 0.129
558.000 0.128
559.000 0.127
560.000 0.125
561.000 0.124
562.000 0.123
563.000 0.122
564.000 0.120
565.000 0.118
566.000 0.116
567.000 0.114
568.000 0.111
569.000 0.109
570.000 0.107
571.000 0.106
572.000 0.104
573.000 0.103
574.000 0.100
575.000 0.098
576.000 0.096
577.000 0.096
578.000 0.095
579.000 0.093
580.000 0.091
581.000 0.090
582.000 0.089
583.000 0.087
584.000 0.088
585.000 0.087
586.000 0.085
587.000 0.085
588.000 0.084
589.000 0.084
590.000 0.083
591.000 0.081
592.000 0.081
593.000 0.081
594.000 0.080
595.000 0.079
596.000 0.078
597.000 0.079
598.000 0.079
599.000 0.079
600.000 0.078
601.000 0.078
602.000 0.078
603.000 0.078
604.000 0.077
605.000 0.074
606.000 0.075
607.000 0.075
608.000 0.074
609.000 0.074
610.000 0.074
611.000 0.074
612.000 0.074
613.000 0.073
614.000 0.071
615.000 0.070
616.000 0.069
617.000 0.070
618.000 0.070
619.000 0.069
620.000 0.068
621.000 0.067
622.000 0.068
623.000 0.068
624.000 0.067
625.000 0.067
626.000 0.067
627.000 0.068
628.000 0.068
629.000 0.068
630.000 0.067
631.000 0.067
632.000 0.067
633.000 0.066
634.000 0.067
635.000 0.066
636.000 0.066
637.000 0.066
638.000 0.066
639.000 0.064
640.000 0.062
641.000 0.060
642.000 0.060
643.000 0.059
644.000 0.058
645.000 0.060
646.000 0.060
647.000 0.059
648.000 0.057
649.000 0.059
650.000 0.059
651.000 0.057
652.000 0.055
653.000 0.055
654.000 0.057
655.000 0.060
656.000 0.059
657.000 0.057
658.000 0.057
659.000 0.057
660.000 0.057
661.000 0.056
662.000 0.057
663.000 0.057
664.000 0.056
665.000 0.056
666.000 0.055
667.000 0.057
668.000 0.058
669.000 0.058
670.000 0.061
671.000 0.059
672.000 0.057
673.000 0.057
674.000 0.060
675.000 0.062
676.000 0.062
677.000 0.062
678.000 0.063
679.000 0.065
680.000 0.066
681.000 0.065
682.000 0.067
683.000 0.069
684.000 0.071
685.000 0.072
686.000 0.074
687.000 0.076
688.000 0.079
689.000 0.082
690.000 0.083
691.000 0.085
692.000 0.088
693.000 0.093
694.000 0.099
695.000 0.104
696.000 0.111
697.000 0.118
698.000 0.126
699.000 0.137
700.000 0.146
701.000 0.157
702.000 0.167
703.000 0.177
704.000 0.189
705.000 0.199
706.000 0.209
707.000 0.221
708.000 0.231
709.000 0.241
710.000 0.252
711.000 0.263
712.000 0.274
713.000 0.285
714.000 0.296
715.000 0.307
716.000 0.318
717.000 0.329
718.000 0.341
719.000 0.354
720.000 0.367
721.000 0.377
722.000 0.387
723.000 0.396
724.000 0.407
725.000 0.418
726.000 0.428
727.000 0.437
728.000 0.446
729.000 0.456
730.000 0.464
731.000 0.472
732.000 0.480
733.000 0.487
734.000 0.494
735.000 0.500
736.000 0.506
737.000 0.512
738.000 0.518
739.000 0.523
740.000 0.528
741.000 0.532
742.000 0.536
743.000 0.540
744.000 0.544
745.000 0.547
746.000 0.550
747.000 0.553
748.000 0.556
749.000 0.558
750.000 0.560
751.000 0.563
752.000 0.564
753.000 0.566
754.000 0.568
755.000 0.570
756.000 0.571
757.000 0.572
758.000 0.574
759.000 0.575
760.000 0.576
761.000 0.577
762.000 0.578
763.000 0.579
764.000 0.580
765.000 0.580
766.000 0.581
767.000 0.582
768.000 0.583
769.000 0.583
770.000 0.583
771.000 0.584
772.000 0.585
773.000 0.586
774.000 0.586
775.000 0.587
776.000 0.587
777.000 0.587
778.000 0.588
779.000 0.589
780.000 0.589
781.000 0.589
782.000 0.590
783.000 0.590
784.000 0.591
785.000 0.591
786.000 0.592
787.000 0.592
788.000 0.593
789.000 0.593
790.000 0.594
791.000 0.595
792.000 0.595
793.000 0.595
794.000 0.596
795.000 0.596
796.000 0.596
797.000 0.596
798.000 0.597
799.000 0.598
800.000 0.598
801.000 0.598
802.000 0.599
803.000 0.599
804.000 0.600
805.000 0.600
806.000 0.600
807.000 0.601
808.000 0.601
809.000 0.602
810.000 0.602
811.000 0.603
812.000 0.603
813.000 0.604
814.000 0.604
815.000 0.605
816.000 0.605
817.000 0.605
818.000 0.606
819.000 0.606
820.000 0.607
821.000 0.607
822.000 0.607
823.000 0.607
824.000 0.607
825.000 0.608
826.000 0.609
827.000 0.609
828.000 0.610
829.000 0.610
830.000 0.610
831.000 0.610
832.000 0.611
833.000 0.611
834.000 0.611
835.000 0.612
836.000 0.612
837.000 0.613
838.000 0.613
839.000 0.613
840.000 0.613
841.000 0.614
842.000 0.614
843.000 0.614
844.000 0.614
845.000 0.615
846.000 0.615
847.000 0.616
848.000 0.616
849.000 0.616
850.000 0.616
851.000 0.617
852.000 0.617
853.000 0.618
854.000 0.618
855.000 0.618
856.000 0.618
857.000 0.618
858.000 0.619
859.000 0.619
860.000 0.620
861.000 0.620
862.000 0.620
863.000 0.620
864.000 0.620
865.000 0.621
866.000 0.620
867.000 0.621
868.000 0.621
869.000 0.622
870.000 0.622
871.000 0.622
872.000 0.622
873.000 0.623
874.000 0.623
875.000 0.624
876.000 0.624
877.000 0.624
878.000 0.624
879.000 0.624
880.000 0.625
881.000 0.625
882.000 0.626
883.000 0.626
884.000 0.626
885.000 0.627
886.000 0.627
887.000 0.627
888.000 0.628
889.000 0.629
890.000 0.629
891.000 0.629
892.000 0.629
893.000 0.629
894.000 0.630
895.000 0.631
896.000 0.631
897.000 0.631
898.000 0.631
899.000 0.632
900.000 0.632
901.000 0.632
902.000 0.633
903.000 0.633
904.000 0.634
905.000 0.634
906.000 0.634
907.000 0.634
908.000 0.634
909.000 0.635
910.000 0.635
911.000 0.635
912.000 0.636
913.000 0.636
914.000 0.636
915.000 0.636
916.000 0.636
917.000 0.636
918.000 0.637
919.000 0.637
920.000 0.637
921.000 0.638
922.000 0.639
923.000 0.638
924.000 0.638
925.000 0.638
926.000 0.639
927.000 0.639
928.000 0.639
929.000 0.639
930.000 0.639
931.000 0.638
932.000 0.637
933.000 0.636
934.000 0.636
935.000 0.637
936.000 0.636
937.000 0.637
938.000 0.638
939.000 0.638
940.000 0.639
941.000 0.638
942.000 0.637
943.000 0.640
944.000 0.641
945.000 0.639
946.000 0.637
947.000 0.636
948.000 0.640
949.000 0.638
950.000 0.635
951.000 0.636
952.000 0.637
953.000 0.637
954.000 0.635
955.000 0.632
956.000 0.633
957.000 0.631
958.000 0.631
959.000 0.635
960.000 0.633
961.000 0.633
962.000 0.634
963.000 0.632
964.000 0.629
965.000 0.633
966.000 0.634
967.000 0.631
968.000 0.634
969.000 0.634
970.000 0.633
971.000 0.634
972.000 0.635
973.000 0.635
974.000 0.634
975.000 0.634
976.000 0.633
977.000 0.634
978.000 0.635
979.000 0.636
980.000 0.634
981.000 0.633
982.000 0.634
983.000 0.635
984.000 0.635
985.000 0.635
986.000 0.636
987.000 0.637
988.000 0.638
989.000 0.639
990.000 0.638
991.000 0.637
992.000 0.638
993.000 0.639
994.000 0.640
995.000 0.641
996.000 0.641
997.000 0.640
998.000 0.641
999.000 0.642
1000.000 0.641
1001.000 0.645
1002.000 0.645
1003.000 0.646
1004.000 0.646
1005.000 0.646
1006.000 0.646
1007.000 0.647
1008.000 0.647
1009.000 0.647
1010.000 0.647
1011.000 0.648
1012.000 0.648
1013.000 0.648
1014.000 0.648
1015.000 0.649
1016.000 0.649
1017.000 0.650
1018.000 0.650
1019.000 0.652
1020.000 0.653
1021.000 0.654
1022.000 0.654
1023.000 0.655
1024.000 0.657
1025.000 0.657
1026.000 0.658
1027.000 0.658
1028.000 0.658
1029.000 0.658
1030.000 0.658
1031.000 0.658
1032.000 0.658
1033.000 0.658
1034.000 0.659
1035.000 0.659
1036.000 0.659
1037.000 0.659
1038.000 0.660
1039.000 0.661
1040.000 0.661
1041.000 0.662
1042.000 0.662
1043.000 0.662
1044.000 0.662
1045.000 0.662
1046.000 0.662
1047.000 0.662
1048.000 0.663
1049.000 0.663
1050.000 0.663
1051.000 0.664
1052.000 0.664
1053.000 0.665
1054.000 0.666
1055.000 0.666
1056.000 0.666
1057.000 0.666
1058.000 0.666
1059.000 0.666
1060.000 0.666
1061.000 0.666
1062.000 0.667
1063.000 0.667
1064.000 0.667
1065.000 0.667
1066.000 0.667
1067.000 0.667
1068.000 0.667
1069.000 0.668
1070.000 0.668
1071.000 0.667
1072.000 0.667
1073.000 0.667
1074.000 0.667
1075.000 0.668
1076.000 0.667
1077.000 0.668
1078.000 0.668
1079.000 0.668
1080.000 0.669
1081.000 0.669
1082.000 0.669
1083.000 0.670
1084.000 0.668
1085.000 0.669
1086.000 0.669
1087.000 0.668
1088.000 0.668
1089.000 0.668
1090.000 0.668
1091.000 0.668
1092.000 0.668
1093.000 0.669
1094.000 0.670
1095.000 0.671
1096.000 0.671
1097.000 0.671
1098.000 0.671
1099.000 0.671
1100.000 0.671
1101.000 0.672
1102.000 0.671
1103.000 0.671
1104.000 0.670
1105.000 0.670
1106.000 0.668
1107.000 0.668
1108.000 0.667
1109.000 0.666
1110.000 0.667
1111.000 0.668
1112.000 0.669
1113.000 0.669
1114.000 0.670
1115.000 0.670
1116.000 0.668
1117.000 0.670
1118.000 0.669
1119.000 0.669
1120.000 0.670
1121.000 0.670
1122.000 0.669
1123.000 0.668
1124.000 0.667
1125.000 0.667
1126.000 0.665
1127.000 0.663
1128.000 0.662
1129.000 0.661
1130.000 0.659
1131.000 0.658
1132.000 0.656
1133.000 0.656
1134.000 0.656
1135.000 0.654
1136.000 0.655
1137.000 0.656
1138.000 0.655
1139.000 0.655
1140.000 0.655
1141.000 0.654
1142.000 0.652
1143.000 0.650
1144.000 0.647
1145.000 0.644
1146.000 0.641
1147.000 0.642
1148.000 0.640
1149.000 0.638
1150.000 0.639
1151.000 0.638
1152.000 0.636
1153.000 0.635
1154.000 0.634
1155.000 0.633
1156.000 0.632
1157.000 0.632
1158.000 0.630
1159.000 0.630
1160.000 0.630
1161.000 0.629
1162.000 0.629
1163.000 0.628
1164.000 0.628
1165.000 0.627
1166.000 0.628
1167.000 0.627
1168.000 0.627
1169.000 0.628
1170.000 0.627
1171.000 0.627
1172.000 0.626
1173.000 0.626
1174.000 0.626
1175.000 0.627
1176.000 0.627
1177.000 0.627
1178.000 0.627
1179.000 0.627
1180.000 0.627
1181.000 0.626
1182.000 0.625
1183.000 0.625
1184.000 0.625
1185.000 0.625
1186.000 0.625
1187.000 0.626
1188.000 0.626
1189.000 0.626
1190.000 0.625
1191.000 0.626
1192.000 0.625
1193.000 0.625
1194.000 0.625
1195.000 0.625
1196.000 0.625
1197.000 0.625
1198.000 0.625
1199.000 0.625
1200.000 0.626
1201.000 0.626
1202.000 0.626
1203.000 0.626
1204.000 0.626
1205.000 0.626
1206.000 0.626
1207.000 0.626
1208.000 0.626
1209.000 0.626
1210.000 0.627
1211.000 0.627
1212.000 0.628
1213.000 0.629
1214.000 0.630
1215.000 0.629
1216.000 0.630
1217.000 0.630
1218.000 0.630
1219.000 0.631
1220.000 0.631
1221.000 0.632
1222.000 0.632
1223.000 0.631
1224.000 0.632
1225.000 0.631
1226.000 0.631
1227.000 0.631
1228.000 0.632
1229.000 0.633
1230.000 0.634
1231.000 0.635
1232.000 0.635
1233.000 0.635
1234.000 0.634
1235.000 0.634
1236.000 0.634
1237.000 0.634
1238.000 0.635
1239.000 0.635
1240.000 0.635
1241.000 0.636
1242.000 0.636
1243.000 0.637
1244.000 0.637
1245.000 0.637
1246.000 0.638
1247.000 0.638
1248.000 0.639
1249.000 0.639
1250.000 0.639
1251.000 0.639
1252.000 0.639
1253.000 0.640
1254.000 0.640
1255.000 0.640
1256.000 0.640
1257.000 0.640
1258.000 0.640
1259.000 0.641
1260.000 0.641
1261.000 0.641
1262.000 0.641
1263.000 0.641
1264.000 0.641
1265.000 0.642
1266.000 0.642
1267.000 0.642
1268.000 0.642
1269.000 0.641
1270.000 0.641
1271.000 0.642
1272.000 0.642
1273.000 0.642
1274.000 0.643
1275.000 0.643
1276.000 0.643
1277.000 0.644
1278.000 0.644
1279.000 0.643
1280.000 0.642
1281.000 0.642
1282.000 0.641
1283.000 0.641
1284.000 0.641
1285.000 0.641
1286.000 0.641
1287.000 0.641
1288.000 0.641
1289.000 0.641
1290.000 0.640
1291.000 0.639
1292.000 0.638
1293.000 0.637
1294.000 0.637
1295.000 0.637
1296.000 0.636
1297.000 0.637
1298.000 0.636
1299.000 0.636
1300.000 0.635
1301.000 0.634
1302.000 0.633
1303.000 0.633
1304.000 0.633
1305.000 0.631
1306.000 0.631
1307.000 0.630
1308.000 0.629
1309.000 0.629
1310.000 0.628
1311.000 0.627
1312.000 0.626
1313.000 0.624
1314.000 0.623
1315.000 0.621
1316.000 0.620
1317.000 0.619
1318.000 0.618
1319.000 0.617
1320.000 0.615
1321.000 0.613
1322.000 0.611
1323.000 0.609
1324.000 0.608
1325.000 0.606
1326.000 0.605
1327.000 0.603
1328.000 0.600
1329.000 0.599
1330.000 0.598
1331.000 0.597
1332.000 0.598
1333.000 0.596
1334.000 0.594
1335.000 0.592
1336.000 0.589
1337.000 0.587
1338.000 0.588
1339.000 0.587
1340.000 0.586
1341.000 0.585
1342.000 0.583
1343.000 0.581
1344.000 0.581
1345.000 0.580
1346.000 0.579
1347.000 0.578
1348.000 0.577
1349.000 0.578
1350.000 0.577
1351.000 0.582
1352.000 0.573
1353.000 0.533
1354.000 0.509
1355.000 0.488
1356.000 0.477
1357.000 0.525
1358.000 0.574
1359.000 0.529
1360.000 0.519
1361.000 0.438
1362.000 0.418
1363.000 0.372
1364.000 0.455
1365.000 0.623
1366.000 0.697
1367.000 0.583
1368.000 0.596
1369.000 0.335
1370.000 0.250
1371.000 0.484
1372.000 0.226
1373.000 0.149
1374.000 0.147
1375.000 0.098
1376.000 0.103
1377.000 0.164
1378.000 0.223
1379.000 0.235
1380.000 0.268
1381.000 0.361
1382.000 0.559
1383.000 0.546
1384.000 0.588
1385.000 0.565
1386.000 0.241
1387.000 0.292
1388.000 0.511
1389.000 0.491
1390.000 0.545
1391.000 0.551
1392.000 0.402
1393.000 0.466
1394.000 0.646
1395.000 0.660
1396.000 0.487
1397.000 0.585
1398.000 0.601
1399.000 0.641
1400.000 0.583
1401.000 0.558
1402.000 0.572
1403.000 0.611
1404.000 0.604
1405.000 0.678
1406.000 0.639
1407.000 0.451
1408.000 0.364
1409.000 0.358
1410.000 0.494
1411.000 0.457
1412.000 0.375
1413.000 0.327
1414.000 0.205
1415.000 0.290
1416.000 0.185
1417.000 0.414
1418.000 0.515
1419.000 0.683
1420.000 0.610
1421.000 0.459
1422.000 0.402
1423.000 0.521
1424.000 0.460
1425.000 0.524
1426.000 0.457
1427.000 0.404
1428.000 0.376
1429.000 0.342
1430.000 0.327
1431.000 0.373
1432.000 0.401
1433.000 0.437
1434.000 0.351
1435.000 0.515
1436.000 0.433
1437.000 0.304
1438.000 0.298
1439.000 0.321
1440.000 0.330
1441.000 0.425
1442.000 0.418
1443.000 0.356
1444.000 0.345
1445.000 0.350
1446.000 0.339
1447.000 0.338
1448.000 0.339
1449.000 0.335
1450.000 0.325
1451.000 0.318
1452.000 0.300
1453.000 0.286
1454.000 0.267
1455.000 0.263
1456.000 0.262
1457.000 0.263
1458.000 0.274
1459.000 0.269
1460.000 0.257
1461.000 0.255
1462.000 0.253
1463.000 0.250
1464.000 0.254
1465.000 0.256
1466.000 0.253
1467.000 0.252
1468.000 0.257
1469.000 0.256
1470.000 0.246
1471.000 0.244
1472.000 0.246
1473.000 0.250
1474.000 0.254
1475.000 0.259
1476.000 0.273
1477.000 0.275
1478.000 0.273
1479.000 0.273
1480.000 0.261
1481.000 0.261
1482.000 0.268
1483.000 0.272
1484.000 0.283
1485.000 0.284
1486.000 0.276
1487.000 0.275
1488.000 0.270
1489.000 0.270
1490.000 0.274
1491.000 0.277
1492.000 0.278
1493.000 0.280
1494.000 0.282
1495.000 0.284
1496.000 0.288
1497.000 0.291
1498.000 0.292
1499.000 0.293
1500.000 0.296
1501.000 0.297
1502.000 0.299
1503.000 0.302
1504.000 0.304
1505.000 0.306
1506.000 0.308
1507.000 0.310
1508.000 0.312
1509.000 0.315
1510.000 0.316
1511.000 0.318
1512.000 0.319
1513.000 0.320
1514.000 0.321
1515.000 0.325
1516.000 0.327
1517.000 0.327
1518.000 0.329
1519.000 0.331
1520.000 0.333
1521.000 0.336
1522.000 0.338
1523.000 0.339
1524.000 0.340
1525.000 0.342
1526.000 0.343
1527.000 0.344
1528.000 0.345
1529.000 0.346
1530.000 0.348
1531.000 0.350
1532.000 0.352
1533.000 0.354
1534.000 0.355
1535.000 0.356
1536.000 0.357
1537.000 0.357
1538.000 0.358
1539.000 0.360
1540.000 0.361
1541.000 0.363
1542.000 0.364
1543.000 0.365
1544.000 0.367
1545.000 0.369
1546.000 0.371
1547.000 0.375
1548.000 0.377
1549.000 0.379
1550.000 0.381
1551.000 0.380
1552.000 0.381
1553.000 0.383
1554.000 0.385
1555.000 0.389
1556.000 0.391
1557.000 0.393
1558.000 0.394
1559.000 0.394
1560.000 0.396
1561.000 0.398
1562.000 0.399
1563.000 0.401
1564.000 0.403
1565.000 0.404
1566.000 0.405
1567.000 0.408
1568.000 0.409
1569.000 0.408
1570.000 0.409
1571.000 0.409
1572.000 0.411
1573.000 0.413
1574.000 0.415
1575.000 0.415
1576.000 0.416
1577.000 0.416
1578.000 0.416
1579.000 0.416
1580.000 0.417
1581.000 0.421
1582.000 0.423
1583.000 0.424
1584.000 0.425
1585.000 0.424
1586.000 0.424
1587.000 0.425
1588.000 0.425
1589.000 0.425
1590.000 0.426
1591.000 0.427
1592.000 0.430
1593.000 0.432
1594.000 0.433
1595.000 0.435
1596.000 0.436
1597.000 0.438
1598.000 0.439
1599.000 0.441
1600.000 0.441
1601.000 0.441
1602.000 0.441
1603.000 0.441
1604.000 0.443
1605.000 0.445
1606.000 0.446
1607.000 0.446
1608.000 0.447
1609.000 0.446
1610.000 0.446
1611.000 0.447
1612.000 0.448
1613.000 0.449
1614.000 0.450
1615.000 0.451
1616.000 0.452
1617.000 0.452
1618.000 0.453
1619.000 0.455
1620.000 0.456
1621.000 0.457
1622.000 0.458
1623.000 0.457
1624.000 0.456
1625.000 0.457
1626.000 0.458
1627.000 0.458
1628.000 0.459
1629.000 0.459
1630.000 0.460
1631.000 0.462
1632.000 0.463
1633.000 0.464
1634.000 0.466
1635.000 0.465
1636.000 0.465
1637.000 0.466
1638.000 0.467
1639.000 0.469
1640.000 0.470
1641.000 0.471
1642.000 0.472
1643.000 0.472
1644.000 0.474
1645.000 0.474
1646.000 0.475
1647.000 0.476
1648.000 0.475
1649.000 0.473
1650.000 0.473
1651.000 0.473
1652.000 0.473
1653.000 0.475
1654.000 0.476
1655.000 0.474
1656.000 0.474
1657.000 0.475
1658.000 0.476
1659.000 0.477
1660.000 0.478
1661.000 0.478
1662.000 0.479
1663.000 0.481
1664.000 0.481
1665.000 0.481
1666.000 0.481
1667.000 0.481
1668.000 0.481
1669.000 0.481
1670.000 0.481
1671.000 0.482
1672.000 0.481
1673.000 0.478
1674.000 0.477
1675.000 0.476
1676.000 0.475
1677.000 0.478
1678.000 0.480
1679.000 0.484
1680.000 0.484
1681.000 0.484
1682.000 0.483
1683.000 0.479
1684.000 0.478
1685.000 0.480
1686.000 0.481
1687.000 0.481
1688.000 0.481
1689.000 0.480
1690.000 0.479
1691.000 0.479
1692.000 0.479
1693.000 0.481
1694.000 0.479
1695.000 0.475
1696.000 0.474
1697.000 0.472
1698.000 0.471
1699.000 0.476
1700.000 0.477
1701.000 0.477
1702.000 0.478
1703.000 0.476
1704.000 0.476
1705.000 0.476
1706.000 0.475
1707.000 0.475
1708.000 0.474
1709.000 0.471
1710.000 0.470
1711.000 0.469
1712.000 0.469
1713.000 0.470
1714.000 0.467
1715.000 0.466
1716.000 0.467
1717.000 0.467
1718.000 0.469
1719.000 0.471
1720.000 0.470
1721.000 0.467
1722.000 0.467
1723.000 0.466
1724.000 0.465
1725.000 0.464
1726.000 0.463
1727.000 0.461
1728.000 0.458
1729.000 0.457
1730.000 0.456
1731.000 0.454
1732.000 0.453
1733.000 0.453
1734.000 0.454
1735.000 0.455
1736.000 0.457
1737.000 0.456
1738.000 0.451
1739.000 0.450
1740.000 0.448
1741.000 0.448
1742.000 0.452
1743.000 0.452
1744.000 0.450
1745.000 0.449
1746.000 0.448
1747.000 0.445
1748.000 0.439
1749.000 0.437
1750.000 0.434
1751.000 0.435
1752.000 0.442
1753.000 0.443
1754.000 0.443
1755.000 0.442
1756.000 0.438
1757.000 0.438
1758.000 0.442
1759.000 0.444
1760.000 0.446
1761.000 0.446
1762.000 0.443
1763.000 0.440
1764.000 0.439
1765.000 0.440
1766.000 0.442
1767.000 0.442
1768.000 0.439
1769.000 0.433
1770.000 0.429
1771.000 0.432
1772.000 0.433
1773.000 0.433
1774.000 0.431
1775.000 0.426
1776.000 0.421
1777.000 0.418
1778.000 0.417
1779.000 0.414
1780.000 0.420
1781.000 0.432
1782.000 0.438
1783.000 0.446
1784.000 0.446
1785.000 0.429
1786.000 0.425
1787.000 0.421
1788.000 0.418
1789.000 0.425
1790.000 0.428
1791.000 0.430
1792.000 0.425
1793.000 0.414
1794.000 0.407
1795.000 0.409
1796.000 0.435
1797.000 0.459
1798.000 0.472
1799.000 0.501
1800.000 0.463
1801.000 0.389
1802.000 0.365
1803.000 0.363
1804.000 0.372
1805.000 0.387
1806.000 0.570
1807.000 0.586
1808.000 0.463
1809.000 0.424
1810.000 0.423
1811.000 0.409
1812.000 0.442
1813.000 0.504
1814.000 0.558
1815.000 0.545
1816.000 0.560
1817.000 0.610
1818.000 0.632
1819.000 0.542
1820.000 0.514
1821.000 0.544
1822.000 0.656
1823.000 0.538
1824.000 0.550
1825.000 0.593
1826.000 0.533
1827.000 0.489
1828.000 0.523
1829.000 0.529
1830.000 0.480
1831.000 0.555
1832.000 0.600
1833.000 0.554
1834.000 0.458
1835.000 0.575
1836.000 0.533
1837.000 0.352
1838.000 0.455
1839.000 0.553
1840.000 0.478
1841.000 0.576
1842.000 0.565
1843.000 0.825
1844.000 0.645
1845.000 0.692
1846.000 0.641
1847.000 0.696
1848.000 0.684
1849.000 0.632
1850.000 0.596
1851.000 0.565
1852.000 0.474
1853.000 0.586
1854.000 0.749
1855.000 0.716
1856.000 0.652
1857.000 0.628
1858.000 0.694
1859.000 0.690
1860.000 0.619
1861.000 0.677
1862.000 0.592
1863.000 0.561
1864.000 0.454
1865.000 0.567
1866.000 0.569
1867.000 0.627
1868.000 0.679
1869.000 0.650
1870.000 0.306
1871.000 0.384
1872.000 0.550
1873.000 0.490
1874.000 0.513
1875.000 0.450
1876.000 0.353
1877.000 0.305
1878.000 0.467
1879.000 0.659
1880.000 0.472
1881.000 0.405
1882.000 0.394
1883.000 0.369
1884.000 0.459
1885.000 0.391
1886.000 0.359
1887.000 0.329
1888.000 0.271
1889.000 0.385
1890.000 0.402
1891.000 0.392
1892.000 0.486
1893.000 0.344
1894.000 0.386
1895.000 0.326
1896.000 0.281
1897.000 0.479
1898.000 0.394
1899.000 0.365
1900.000 0.412
1901.000 0.381
1902.000 0.388
1903.000 0.399
1904.000 0.474
1905.000 0.424
1906.000 0.452
1907.000 0.505
1908.000 0.469
1909.000 0.597
1910.000 0.423
1911.000 0.620
1912.000 0.492
1913.000 0.475
1914.000 0.622
1915.000 0.476
1916.000 0.643
1917.000 0.518
1918.000 0.559
1919.000 0.491
1920.000 0.714
1921.000 0.615
1922.000 0.519
1923.000 0.468
1924.000 0.363
1925.000 0.483
1926.000 0.419
1927.000 0.472
1928.000 0.759
1929.000 0.780
1930.000 0.641
1931.000 0.653
1932.000 0.635
1933.000 0.615
1934.000 0.622
1935.000 0.628
1936.000 0.601
1937.000 0.484
1938.000 0.443
1939.000 0.436
1940.000 0.473
1941.000 0.578
1942.000 0.472
1943.000 0.422
1944.000 0.413
1945.000 0.466
1946.000 0.512
1947.000 0.589
1948.000 0.563
1949.000 0.649
1950.000 0.513
1951.000 0.461
1952.000 0.452
1953.000 0.470
1954.000 0.419
1955.000 0.376
1956.000 0.409
1957.000 0.394
1958.000 0.405
1959.000 0.388
1960.000 0.319
1961.000 0.287
1962.000 0.265
1963.000 0.242
1964.000 0.226
1965.000 0.216
1966.000 0.217
1967.000 0.213
1968.000 0.246
1969.000 0.249
1970.000 0.238
1971.000 0.245
1972.000 0.245
1973.000 0.269
1974.000 0.304
1975.000 0.317
1976.000 0.308
1977.000 0.284
1978.000 0.239
1979.000 0.219
1980.000 0.208
1981.000 0.185
1982.000 0.182
1983.000 0.181
1984.000 0.172
1985.000 0.173
1986.000 0.167
1987.000 0.157
1988.000 0.150
1989.000 0.139
1990.000 0.132
1991.000 0.129
1992.000 0.126
1993.000 0.125
1994.000 0.131
1995.000 0.135
1996.000 0.140
1997.000 0.149
1998.000 0.156
1999.000 0.168
2000.000 0.187
2001.000 0.206
2002.000 0.231
2003.000 0.253
2004.000 0.268
2005.000 0.275
2006.000 0.273
2007.000 0.284
2008.000 0.249
2009.000 0.273
2010.000 0.254
2011.000 0.222
2012.000 0.210
2013.000 0.186
2014.000 0.181
2015.000 0.176
2016.000 0.182
2017.000 0.209
2018.000 0.224
2019.000 0.241
2020.000 0.255
2021.000 0.234
2022.000 0.215
2023.000 0.203
2024.000 0.185
2025.000 0.173
2026.000 0.170
2027.000 0.174
2028.000 0.184
2029.000 0.190
2030.000 0.202
2031.000 0.209
2032.000 0.213
2033.000 0.213
2034.000 0.205
2035.000 0.209
2036.000 0.205
2037.000 0.199
2038.000 0.198
2039.000 0.195
2040.000 0.202
2041.000 0.209
2042.000 0.216
2043.000 0.234
2044.000 0.239
2045.000 0.236
2046.000 0.234
2047.000 0.225
2048.000 0.219
2049.000 0.214
2050.000 0.208
2051.000 0.207
2052.000 0.216
2053.000 0.224
2054.000 0.232
2055.000 0.235
2056.000 0.229
2057.000 0.229
2058.000 0.228
2059.000 0.234
2060.000 0.246
2061.000 0.255
2062.000 0.271
2063.000 0.277
2064.000 0.279
2065.000 0.277
2066.000 0.264
2067.000 0.261
2068.000 0.248
2069.000 0.246
2070.000 0.252
2071.000 0.248
2072.000 0.251
2073.000 0.260
2074.000 0.262
2075.000 0.261
2076.000 0.261
2077.000 0.261
2078.000 0.258
2079.000 0.256
2080.000 0.252
2081.000 0.243
2082.000 0.236
2083.000 0.236
2084.000 0.233
2085.000 0.231
2086.000 0.232
2087.000 0.235
2088.000 0.238
2089.000 0.239
2090.000 0.244
2091.000 0.244
2092.000 0.238
2093.000 0.236
2094.000 0.232
2095.000 0.233
2096.000 0.239
2097.000 0.241
2098.000 0.240
2099.000 0.247
2100.000 0.248
2101.000 0.247
2102.000 0.249
2103.000 0.250
2104.000 0.258
2105.000 0.275
2106.000 0.278
2107.000 0.286
2108.000 0.281
2109.000 0.254
2110.000 0.250
2111.000 0.255
2112.000 0.254
2113.000 0.263
2114.000 0.263
2115.000 0.250
2116.000 0.249
2117.000 0.252
2118.000 0.255
2119.000 0.258
2120.000 0.269
2121.000 0.272
2122.000 0.268
2123.000 0.271
2124.000 0.272
2125.000 0.278
2126.000 0.292
2127.000 0.300
2128.000 0.312
2129.000 0.315
2130.000 0.308
2131.000 0.301
2132.000 0.289
2133.000 0.280
2134.000 0.269
2135.000 0.264
2136.000 0.262
2137.000 0.261
2138.000 0.264
2139.000 0.270
2140.000 0.280
2141.000 0.293
2142.000 0.300
2143.000 0.308
2144.000 0.307
2145.000 0.294
2146.000 0.291
2147.000 0.289
2148.000 0.287
2149.000 0.287
2150.000 0.289
2151.000 0.294
2152.000 0.298
2153.000 0.310
2154.000 0.316
2155.000 0.316
2156.000 0.314
2157.000 0.311
2158.000 0.305
2159.000 0.304
2160.000 0.303
2161.000 0.301
2162.000 0.301
2163.000 0.300
2164.000 0.294
2165.000 0.292
2166.000 0.294
2167.000 0.294
2168.000 0.300
2169.000 0.299
2170.000 0.291
2171.000 0.289
2172.000 0.286
2173.000 0.287
2174.000 0.297
2175.000 0.300
2176.000 0.303
2177.000 0.302
2178.000 0.287
2179.000 0.286
2180.000 0.284
2181.000 0.276
2182.000 0.281
2183.000 0.284
2184.000 0.289
2185.000 0.301
2186.000 0.306
2187.000 0.310
2188.000 0.312
2189.000 0.305
2190.000 0.305
2191.000 0.310
2192.000 0.310
2193.000 0.311
2194.000 0.311
2195.000 0.305
2196.000 0.304
2197.000 0.303
2198.000 0.304
2199.000 0.309
2200.000 0.311
2201.000 0.319
2202.000 0.313
2203.000 0.304
2204.000 0.303
2205.000 0.294
2206.000 0.293
2207.000 0.303
2208.000 0.302
2209.000 0.301
2210.000 0.300
2211.000 0.298
2212.000 0.289
2213.000 0.288
2214.000 0.289
2215.000 0.292
2216.000 0.300
2217.000 0.305
2218.000 0.312
2219.000 0.316
2220.000 0.317
2221.000 0.318
2222.000 0.322
2223.000 0.318
2224.000 0.306
2225.000 0.303
2226.000 0.300
2227.000 0.295
2228.000 0.298
2229.000 0.296
2230.000 0.286
2231.000 0.280
2232.000 0.274
2233.000 0.273
2234.000 0.276
2235.000 0.274
2236.000 0.270
2237.000 0.276
2238.000 0.278
2239.000 0.277
2240.000 0.281
2241.000 0.287
2242.000 0.287
2243.000 0.287
2244.000 0.288
2245.000 0.278
2246.000 0.280
2247.000 0.294
2248.000 0.298
2249.000 0.299
2250.000 0.302
2251.000 0.299
2252.000 0.299
2253.000 0.309
2254.000 0.305
2255.000 0.291
2256.000 0.283
2257.000 0.266
2258.000 0.262
2259.000 0.267
2260.000 0.269
2261.000 0.286
2262.000 0.299
2263.000 0.304
2264.000 0.302
2265.000 0.289
2266.000 0.278
2267.000 0.280
2268.000 0.284
2269.000 0.286
2270.000 0.294
2271.000 0.292
2272.000 0.285
2273.000 0.283
2274.000 0.279
2275.000 0.277
2276.000 0.290
2277.000 0.286
2278.000 0.271
2279.000 0.266
2280.000 0.259
2281.000 0.250
2282.000 0.245
2283.000 0.244
2284.000 0.239
2285.000 0.239
2286.000 0.247
2287.000 0.247
2288.000 0.241
2289.000 0.241
2290.000 0.245
2291.000 0.250
2292.000 0.268
2293.000 0.271
2294.000 0.260
2295.000 0.257
2296.000 0.247
2297.000 0.243
2298.000 0.258
2299.000 0.264
2300.000 0.267
2301.000 0.268
2302.000 0.247
2303.000 0.237
2304.000 0.221
2305.000 0.207
2306.000 0.210
2307.000 0.211
2308.000 0.221
2309.000 0.234
2310.000 0.242
2311.000 0.252
2312.000 0.249
2313.000 0.246
2314.000 0.245
2315.000 0.240
2316.000 0.251
2317.000 0.269
2318.000 0.257
2319.000 0.247
2320.000 0.240
2321.000 0.228
2322.000 0.223
2323.000 0.219
2324.000 0.216
2325.000 0.203
2326.000 0.204
2327.000 0.225
2328.000 0.255
2329.000 0.277
2330.000 0.259
2331.000 0.248
2332.000 0.257
2333.000 0.252
2334.000 0.239
2335.000 0.225
2336.000 0.219
2337.000 0.209
2338.000 0.231
2339.000 0.274
2340.000 0.302
2341.000 0.396
2342.000 0.385
2343.000 0.392
2344.000 0.361
2345.000 0.255
2346.000 0.244
2347.000 0.280
2348.000 0.276
2349.000 0.243
2350.000 0.223
2351.000 0.198
2352.000 0.192
2353.000 0.212
2354.000 0.218
2355.000 0.267
2356.000 0.318
2357.000 0.375
2358.000 0.553
2359.000 0.539
2360.000 0.460
2361.000 0.347
2362.000 0.288
2363.000 0.234
2364.000 0.223
2365.000 0.301
2366.000 0.423
2367.000 0.386
2368.000 0.407
2369.000 0.477
2370.000 0.435
2371.000 0.303
2372.000 0.273
2373.000 0.263
2374.000 0.198
2375.000 0.255
2376.000 0.298
2377.000 0.296
2378.000 0.321
2379.000 0.308
2380.000 0.259
2381.000 0.343
2382.000 0.340
2383.000 0.252
2384.000 0.267
2385.000 0.246
2386.000 0.197
2387.000 0.222
2388.000 0.276
2389.000 0.210
2390.000 0.239
2391.000 0.356
2392.000 0.239
2393.000 0.255
2394.000 0.215
2395.000 0.307
2396.000 0.315
2397.000 0.310
2398.000 0.267
2399.000 0.441
2400.000 0.228
2401.000 0.220
2402.000 0.238
2403.000 0.328
2404.000 0.358
2405.000 0.285
2406.000 0.221
2407.000 0.215
2408.000 0.151
2409.000 0.176
2410.000 0.189
2411.000 0.271
2412.000 0.364
2413.000 0.231
2414.000 0.502
2415.000 0.419
2416.000 0.405
2417.000 0.577
2418.000 0.467
2419.000 0.367
2420.000 0.333
2421.000 0.219
2422.000 0.186
2423.000 0.431
2424.000 0.505
2425.000 0.481
2426.000 0.415
2427.000 0.408
2428.000 0.701
2429.000 0.646
2430.000 0.508
2431.000 0.473
2432.000 0.377
2433.000 0.261
2434.000 0.414
2435.000 0.647
2436.000 0.636
2437.000 0.365
2438.000 0.453
2439.000 0.591
2440.000 0.464
2441.000 0.437
2442.000 0.450
2443.000 0.363
2444.000 0.415
2445.000 0.392
2446.000 0.415
2447.000 0.428
2448.000 0.430
2449.000 0.388
2450.000 0.425
2451.000 0.494
2452.000 0.466
2453.000 0.582
2454.000 0.665
2455.000 0.388
2456.000 0.586
2457.000 0.563
2458.000 0.659
2459.000 0.550
2460.000 0.497
2461.000 0.469
2462.000 0.488
2463.000 0.503
2464.000 0.504
2465.000 0.394
2466.000 0.383
2467.000 0.301
2468.000 0.424
2469.000 0.386
2470.000 0.220
2471.000 0.184
2472.000 0.177
2473.000 0.471
2474.000 0.480
2475.000 0.428
2476.000 0.525
2477.000 0.409
2478.000 0.470
2479.000 0.559
2480.000 0.487
2481.000 0.329
2482.000 0.230
2483.000 0.383
2484.000 0.457
2485.000 0.417
2486.000 0.444
2487.000 0.646
2488.000 0.492
2489.000 0.354
2490.000 0.405
2491.000 0.441
2492.000 0.462
2493.000 0.332
2494.000 0.297
2495.000 0.634
2496.000 0.576
2497.000 0.377
2498.000 0.477
2499.000 0.243
2500.000 0.407
