391.000 0.023
392.000 0.025
393.000 0.024
394.000 0.023
395.000 0.024
396.000 0.024
397.000 0.025
398.000 0.028
399.000 0.028
400.000 0.028
401.000 0.030
402.000 0.027
403.000 0.026
404.000 0.027
405.000 0.025
406.000 0.027
407.000 0.029
408.000 0.029
409.000 0.029
410.000 0.029
411.000 0.028
412.000 0.027
413.000 0.027
414.000 0.029
415.000 0.029
416.000 0.029
417.000 0.029
418.000 0.028
419.000 0.028
420.000 0.030
421.000 0.031
422.000 0.030
423.000 0.029
424.000 0.028
425.000 0.027
426.000 0.027
427.000 0.030
428.000 0.031
429.000 0.030
430.000 0.030
431.000 0.031
432.000 0.030
433.000 0.030
434.000 0.031
435.000 0.029
436.000 0.030
437.000 0.031
438.000 0.030
439.000 0.030
440.000 0.030
441.000 0.031
442.000 0.032
443.000 0.031
444.000 0.031
445.000 0.031
446.000 0.031
447.000 0.031
448.000 0.031
449.000 0.031
450.000 0.030
451.000 0.031
452.000 0.032
453.000 0.030
454.000 0.031
455.000 0.033
456.000 0.033
457.000 0.032
458.000 0.032
459.000 0.033
460.000 0.034
461.000 0.033
462.000 0.032
463.000 0.033
464.000 0.033
465.000 0.031
466.000 0.031
467.000 0.033
468.000 0.033
469.000 0.033
470.000 0.032
471.000 0.031
472.000 0.032
473.000 0.033
474.000 0.032
475.000 0.032
476.000 0.032
477.000 0.033
478.000 0.033
479.000 0.032
480.000 0.033
481.000 0.034
482.000 0.034
483.000 0.033
484.000 0.033
485.000 0.033
486.000 0.034
487.000 0.034
488.000 0.034
489.000 0.034
490.000 0.034
491.000 0.033
492.000 0.033
493.000 0.034
494.000 0.034
495.000 0.035
496.000 0.035
497.000 0.036
498.000 0.036
499.000 0.037
500.000 0.036
501.000 0.036
502.000 0.037
503.000 0.037
504.000 0.038
505.000 0.038
506.000 0.039
507.000 0.039
508.000 0.039
509.000 0.041
510.000 0.042
511.000 0.043
512.000 0.043
513.000 0.044
514.000 0.046
515.000 0.045
516.000 0.047
517.000 0.049
518.000 0.050
519.000 0.052
520.000 0.054
521.000 0.056
522.000 0.058
523.000 0.059
524.000 0.060
525.000 0.062
526.000 0.063
527.000 0.065
528.000 0.067
529.000 0.068
530.000 0.069
531.000 0.070
532.000 0.072
533.000 0.072
534.000 0.073
535.000 0.074
536.000 0.075
537.000 0.075
538.000 0.076
539.000 0.076
540.000 0.076
541.000 0.077
542.000 0.077
543.000 0.078
544.000 0.078
545.000 0.078
546.000 0.078
547.000 0.079
548.000 0.079
549.000 0.079
550.000 0.079
551.000 0.079
552.000 0.079
553.000 0.079
554.000 0.079
555.000 0.079
556.000 0.078
557.000 0.078
558.000 0.078
559.000 0.077
560.000 0.077
561.000 0.076
562.000 0.076
563.000 0.075
564.000 0.073
565.000 0.073
566.000 0.072
567.000 0.071
568.000 0.070
569.000 0.068
570.000 0.068
571.000 0.066
572.000 0.065
573.000 0.065
574.000 0.064
575.000 0.064
576.000 0.063
577.000 0.062
578.000 0.061
579.000 0.060
580.000 0.060
581.000 0.060
582.000 0.059
583.000 0.058
584.000 0.058
585.000 0.058
586.000 0.057
587.000 0.057
588.000 0.055
589.000 0.055
590.000 0.055
591.000 0.055
592.000 0.054
593.000 0.054
594.000 0.054
595.000 0.055
596.000 0.055
597.000 0.054
598.000 0.054
599.000 0.054
600.000 0.054
601.000 0.054
602.000 0.054
603.000 0.053
604.000 0.053
605.000 0.054
606.000 0.053
607.000 0.053
608.000 0.053
609.000 0.053
610.000 0.053
611.000 0.052
612.000 0.052
613.000 0.051
614.000 0.051
615.000 0.051
616.000 0.051
617.000 0.050
618.000 0.050
619.000 0.050
620.000 0.050
621.000 0.049
622.000 0.049
623.000 0.049
624.000 0.050
625.000 0.050
626.000 0.050
627.000 0.050
628.000 0.050
629.000 0.050
630.000 0.049
631.000 0.050
632.000 0.050
633.000 0.051
634.000 0.050
635.000 0.049
636.000 0.048
637.000 0.049
638.000 0.050
639.000 0.049
640.000 0.048
641.000 0.049
642.000 0.048
643.000 0.047
644.000 0.047
645.000 0.047
646.000 0.046
647.000 0.046
648.000 0.046
649.000 0.045
650.000 0.046
651.000 0.045
652.000 0.045
653.000 0.045
654.000 0.045
655.000 0.046
656.000 0.046
657.000 0.046
658.000 0.046
659.000 0.048
660.000 0.048
661.000 0.048
662.000 0.047
663.000 0.046
664.000 0.047
665.000 0.048
666.000 0.047
667.000 0.046
668.000 0.047
669.000 0.048
670.000 0.050
671.000 0.050
672.000 0.049
673.000 0.048
674.000 0.051
675.000 0.051
676.000 0.049
677.000 0.050
678.000 0.052
679.000 0.053
680.000 0.053
681.000 0.055
682.000 0.054
683.000 0.054
684.000 0.056
685.000 0.056
686.000 0.057
687.000 0.058
688.000 0.059
689.000 0.060
690.000 0.060
691.000 0.061
692.000 0.061
693.000 0.065
694.000 0.068
695.000 0.071
696.000 0.074
697.000 0.078
698.000 0.082
699.000 0.086
700.000 0.091
701.000 0.096
702.000 0.102
703.000 0.107
704.000 0.112
705.000 0.118
706.000 0.123
707.000 0.129
708.000 0.134
709.000 0.140
710.000 0.146
711.000 0.152
712.000 0.158
713.000 0.165
714.000 0.171
715.000 0.178
716.000 0.183
717.000 0.190
718.000 0.196
719.000 0.204
720.000 0.212
721.000 0.220
722.000 0.227
723.000 0.233
724.000 0.239
725.000 0.247
726.000 0.254
727.000 0.262
728.000 0.268
729.000 0.275
730.000 0.282
731.000 0.288
732.000 0.296
733.000 0.302
734.000 0.309
735.000 0.314
736.000 0.319
737.000 0.325
738.000 0.330
739.000 0.335
740.000 0.340
741.000 0.344
742.000 0.349
743.000 0.353
744.000 0.357
745.000 0.360
746.000 0.363
747.000 0.366
748.000 0.368
749.000 0.371
750.000 0.373
751.000 0.375
752.000 0.378
753.000 0.379
754.000 0.381
755.000 0.383
756.000 0.384
757.000 0.385
758.000 0.386
759.000 0.385
760.000 0.384
761.000 0.384
762.000 0.383
763.000 0.383
764.000 0.385
765.000 0.388
766.000 0.390
767.000 0.392
768.000 0.394
769.000 0.396
770.000 0.396
771.000 0.398
772.000 0.398
773.000 0.399
774.000 0.400
775.000 0.400
776.000 0.400
777.000 0.401
778.000 0.401
779.000 0.402
780.000 0.402
781.000 0.402
782.000 0.403
783.000 0.403
784.000 0.404
785.000 0.404
786.000 0.404
787.000 0.404
788.000 0.404
789.000 0.404
790.000 0.404
791.000 0.404
792.000 0.405
793.000 0.406
794.000 0.407
795.000 0.407
796.000 0.407
797.000 0.407
798.000 0.407
799.000 0.407
800.000 0.408
801.000 0.408
802.000 0.408
803.000 0.409
804.000 0.409
805.000 0.410
806.000 0.411
807.000 0.411
808.000 0.411
809.000 0.411
810.000 0.410
811.000 0.410
812.000 0.408
813.000 0.408
814.000 0.407
815.000 0.405
816.000 0.405
817.000 0.405
818.000 0.407
819.000 0.407
820.000 0.408
821.000 0.409
822.000 0.410
823.000 0.410
824.000 0.411
825.000 0.411
826.000 0.412
827.000 0.412
828.000 0.412
829.000 0.413
830.000 0.413
831.000 0.414
832.000 0.415
833.000 0.415
834.000 0.416
835.000 0.417
836.000 0.418
837.000 0.418
838.000 0.419
839.000 0.420
840.000 0.420
841.000 0.421
842.000 0.422
843.000 0.422
844.000 0.423
845.000 0.424
846.000 0.424
847.000 0.425
848.000 0.425
849.000 0.425
850.000 0.426
851.000 0.426
852.000 0.426
853.000 0.426
854.000 0.427
855.000 0.427
856.000 0.427
857.000 0.428
858.000 0.428
859.000 0.428
860.000 0.429
861.000 0.429
862.000 0.429
863.000 0.429
864.000 0.430
865.000 0.430
866.000 0.431
867.000 0.431
868.000 0.431
869.000 0.431
870.000 0.431
871.000 0.431
872.000 0.432
873.000 0.432
874.000 0.432
875.000 0.433
876.000 0.433
877.000 0.433
878.000 0.433
879.000 0.433
880.000 0.434
881.000 0.433
882.000 0.434
883.000 0.434
884.000 0.434
885.000 0.434
886.000 0.434
887.000 0.434
888.000 0.434
889.000 0.434
890.000 0.434
891.000 0.433
892.000 0.432
893.000 0.432
894.000 0.431
895.000 0.429
896.000 0.428
897.000 0.427
898.000 0.426
899.000 0.426
900.000 0.425
901.000 0.426
902.000 0.427
903.000 0.426
904.000 0.426
905.000 0.427
906.000 0.427
907.000 0.427
908.000 0.426
909.000 0.426
910.000 0.425
911.000 0.424
912.000 0.423
913.000 0.423
914.000 0.423
915.000 0.424
916.000 0.425
917.000 0.426
918.000 0.426
919.000 0.427
920.000 0.427
921.000 0.428
922.000 0.428
923.000 0.428
924.000 0.428
925.000 0.426
926.000 0.424
927.000 0.423
928.000 0.420
929.000 0.418
930.000 0.416
931.000 0.412
932.000 0.407
933.000 0.404
934.000 0.401
935.000 0.399
936.000 0.399
937.000 0.398
938.000 0.398
939.000 0.397
940.000 0.397
941.000 0.396
942.000 0.396
943.000 0.398
944.000 0.396
945.000 0.396
946.000 0.394
947.000 0.394
948.000 0.395
949.000 0.394
950.000 0.393
951.000 0.394
952.000 0.394
953.000 0.393
954.000 0.394
955.000 0.395
956.000 0.394
957.000 0.394
958.000 0.396
959.000 0.395
960.000 0.396
961.000 0.397
962.000 0.397
963.000 0.398
964.000 0.401
965.000 0.403
966.000 0.405
967.000 0.406
968.000 0.407
969.000 0.407
970.000 0.408
971.000 0.408
972.000 0.409
973.000 0.409
974.000 0.409
975.000 0.411
976.000 0.410
977.000 0.410
978.000 0.411
979.000 0.412
980.000 0.412
981.000 0.413
982.000 0.415
983.000 0.417
984.000 0.416
985.000 0.418
986.000 0.420
987.000 0.420
988.000 0.422
989.000 0.422
990.000 0.422
991.000 0.423
992.000 0.424
993.000 0.424
994.000 0.424
995.000 0.426
996.000 0.427
997.000 0.427
998.000 0.428
999.000 0.427
1000.000 0.427
1001.000 0.437
1002.000 0.438
1003.000 0.439
1004.000 0.439
1005.000 0.440
1006.000 0.440
1007.000 0.441
1008.000 0.440
1009.000 0.441
1010.000 0.441
1011.000 0.442
1012.000 0.442
1013.000 0.443
1014.000 0.443
1015.000 0.444
1016.000 0.444
1017.000 0.445
1018.000 0.446
1019.000 0.446
1020.000 0.446
1021.000 0.447
1022.000 0.447
1023.000 0.448
1024.000 0.448
1025.000 0.449
1026.000 0.449
1027.000 0.450
1028.000 0.451
1029.000 0.451
1030.000 0.452
1031.000 0.452
1032.000 0.453
1033.000 0.453
1034.000 0.454
1035.000 0.455
1036.000 0.455
1037.000 0.456
1038.000 0.456
1039.000 0.457
1040.000 0.457
1041.000 0.457
1042.000 0.458
1043.000 0.459
1044.000 0.459
1045.000 0.459
1046.000 0.460
1047.000 0.460
1048.000 0.460
1049.000 0.461
1050.000 0.461
1051.000 0.461
1052.000 0.462
1053.000 0.462
1054.000 0.462
1055.000 0.462
1056.000 0.462
1057.000 0.462
1058.000 0.463
1059.000 0.463
1060.000 0.464
1061.000 0.464
1062.000 0.465
1063.000 0.465
1064.000 0.465
1065.000 0.465
1066.000 0.465
1067.000 0.465
1068.000 0.465
1069.000 0.465
1070.000 0.465
1071.000 0.465
1072.000 0.465
1073.000 0.465
1074.000 0.466
1075.000 0.466
1076.000 0.466
1077.000 0.466
1078.000 0.466
1079.000 0.466
1080.000 0.466
1081.000 0.466
1082.000 0.467
1083.000 0.466
1084.000 0.466
1085.000 0.466
1086.000 0.465
1087.000 0.465
1088.000 0.464
1089.000 0.464
1090.000 0.463
1091.000 0.462
1092.000 0.463
1093.000 0.462
1094.000 0.462
1095.000 0.461
1096.000 0.461
1097.000 0.460
1098.000 0.459
1099.000 0.458
1100.000 0.456
1101.000 0.454
1102.000 0.453
1103.000 0.452
1104.000 0.451
1105.000 0.450
1106.000 0.449
1107.000 0.448
1108.000 0.447
1109.000 0.446
1110.000 0.444
1111.000 0.443
1112.000 0.441
1113.000 0.439
1114.000 0.437
1115.000 0.436
1116.000 0.433
1117.000 0.431
1118.000 0.429
1119.000 0.425
1120.000 0.422
1121.000 0.420
1122.000 0.416
1123.000 0.413
1124.000 0.411
1125.000 0.408
1126.000 0.406
1127.000 0.404
1128.000 0.404
1129.000 0.403
1130.000 0.404
1131.000 0.404
1132.000 0.404
1133.000 0.404
1134.000 0.404
1135.000 0.404
1136.000 0.406
1137.000 0.405
1138.000 0.404
1139.000 0.403
1140.000 0.401
1141.000 0.398
1142.000 0.397
1143.000 0.397
1144.000 0.396
1145.000 0.394
1146.000 0.393
1147.000 0.392
1148.000 0.391
1149.000 0.389
1150.000 0.388
1151.000 0.387
1152.000 0.387
1153.000 0.387
1154.000 0.387
1155.000 0.388
1156.000 0.388
1157.000 0.389
1158.000 0.390
1159.000 0.392
1160.000 0.392
1161.000 0.393
1162.000 0.393
1163.000 0.393
1164.000 0.394
1165.000 0.394
1166.000 0.396
1167.000 0.396
1168.000 0.397
1169.000 0.397
1170.000 0.397
1171.000 0.397
1172.000 0.396
1173.000 0.397
1174.000 0.397
1175.000 0.397
1176.000 0.397
1177.000 0.397
1178.000 0.397
1179.000 0.398
1180.000 0.398
1181.000 0.398
1182.000 0.397
1183.000 0.397
1184.000 0.397
1185.000 0.396
1186.000 0.396
1187.000 0.396
1188.000 0.397
1189.000 0.396
1190.000 0.396
1191.000 0.397
1192.000 0.397
1193.000 0.397
1194.000 0.398
1195.000 0.398
1196.000 0.398
1197.000 0.398
1198.000 0.399
1199.000 0.399
1200.000 0.399
1201.000 0.399
1202.000 0.399
1203.000 0.399
1204.000 0.400
1205.000 0.400
1206.000 0.401
1207.000 0.401
1208.000 0.402
1209.000 0.402
1210.000 0.403
1211.000 0.403
1212.000 0.403
1213.000 0.404
1214.000 0.404
1215.000 0.405
1216.000 0.405
1217.000 0.406
1218.000 0.406
1219.000 0.406
1220.000 0.407
1221.000 0.408
1222.000 0.408
1223.000 0.409
1224.000 0.410
1225.000 0.410
1226.000 0.411
1227.000 0.411
1228.000 0.412
1229.000 0.412
1230.000 0.413
1231.000 0.413
1232.000 0.414
1233.000 0.414
1234.000 0.415
1235.000 0.416
1236.000 0.417
1237.000 0.417
1238.000 0.418
1239.000 0.418
1240.000 0.418
1241.000 0.418
1242.000 0.419
1243.000 0.419
1244.000 0.420
1245.000 0.420
1246.000 0.421
1247.000 0.421
1248.000 0.422
1249.000 0.422
1250.000 0.422
1251.000 0.422
1252.000 0.422
1253.000 0.422
1254.000 0.422
1255.000 0.422
1256.000 0.422
1257.000 0.421
1258.000 0.422
1259.000 0.421
1260.000 0.422
1261.000 0.422
1262.000 0.421
1263.000 0.421
1264.000 0.421
1265.000 0.421
1266.000 0.421
1267.000 0.421
1268.000 0.421
1269.000 0.421
1270.000 0.421
1271.000 0.421
1272.000 0.422
1273.000 0.422
1274.000 0.422
1275.000 0.422
1276.000 0.423
1277.000 0.423
1278.000 0.423
1279.000 0.424
1280.000 0.423
1281.000 0.424
1282.000 0.423
1283.000 0.423
1284.000 0.423
1285.000 0.423
1286.000 0.423
1287.000 0.423
1288.000 0.422
1289.000 0.422
1290.000 0.421
1291.000 0.420
1292.000 0.420
1293.000 0.419
1294.000 0.418
1295.000 0.418
1296.000 0.417
1297.000 0.416
1298.000 0.415
1299.000 0.414
1300.000 0.413
1301.000 0.412
1302.000 0.411
1303.000 0.410
1304.000 0.409
1305.000 0.407
1306.000 0.406
1307.000 0.404
1308.000 0.403
1309.000 0.401
1310.000 0.400
1311.000 0.399
1312.000 0.397
1313.000 0.395
1314.000 0.394
1315.000 0.392
1316.000 0.390
1317.000 0.388
1318.000 0.387
1319.000 0.386
1320.000 0.385
1321.000 0.384
1322.000 0.382
1323.000 0.381
1324.000 0.378
1325.000 0.376
1326.000 0.373
1327.000 0.370
1328.000 0.368
1329.000 0.366
1330.000 0.364
1331.000 0.362
1332.000 0.361
1333.000 0.358
1334.000 0.355
1335.000 0.353
1336.000 0.349
1337.000 0.348
1338.000 0.346
1339.000 0.346
1340.000 0.346
1341.000 0.345
1342.000 0.343
1343.000 0.341
1344.000 0.339
1345.000 0.337
1346.000 0.336
1347.000 0.335
1348.000 0.335
1349.000 0.335
1350.000 0.334
1351.000 0.332
1352.000 0.334
1353.000 0.336
1354.000 0.337
1355.000 0.367
1356.000 0.409
1357.000 0.386
1358.000 0.383
1359.000 0.394
1360.000 0.407
1361.000 0.398
1362.000 0.294
1363.000 0.324
1364.000 0.339
1365.000 0.336
1366.000 0.345
1367.000 0.443
1368.000 0.527
1369.000 0.386
1370.000 0.330
1371.000 0.307
1372.000 0.315
1373.000 0.250
1374.000 0.517
1375.000 0.467
1376.000 0.580
1377.000 0.647
1378.000 0.596
1379.000 0.682
1380.000 0.640
1381.000 0.601
1382.000 0.426
1383.000 0.261
1384.000 0.268
1385.000 0.305
1386.000 0.228
1387.000 0.285
1388.000 0.180
1389.000 0.320
1390.000 0.326
1391.000 0.446
1392.000 0.270
1393.000 0.437
1394.000 0.264
1395.000 0.327
1396.000 0.304
1397.000 0.304
1398.000 0.315
1399.000 0.424
1400.000 0.395
1401.000 0.450
1402.000 0.518
1403.000 0.451
1404.000 0.382
1405.000 0.372
1406.000 0.457
1407.000 0.390
1408.000 0.460
1409.000 0.435
1410.000 0.577
1411.000 0.552
1412.000 0.473
1413.000 0.485
1414.000 0.426
1415.000 0.288
1416.000 0.272
1417.000 0.260
1418.000 0.242
1419.000 0.280
1420.000 0.274
1421.000 0.253
1422.000 0.228
1423.000 0.210
1424.000 0.196
1425.000 0.191
1426.000 0.181
1427.000 0.172
1428.000 0.167
1429.000 0.166
1430.000 0.161
1431.000 0.162
1432.000 0.159
1433.000 0.165
1434.000 0.178
1435.000 0.183
1436.000 0.187
1437.000 0.204
1438.000 0.209
1439.000 0.242
1440.000 0.256
1441.000 0.264
1442.000 0.237
1443.000 0.179
1444.000 0.150
1445.000 0.143
1446.000 0.139
1447.000 0.141
1448.000 0.141
1449.000 0.136
1450.000 0.131
1451.000 0.138
1452.000 0.131
1453.000 0.127
1454.000 0.123
1455.000 0.119
1456.000 0.118
1457.000 0.118
1458.000 0.122
1459.000 0.123
1460.000 0.134
1461.000 0.139
1462.000 0.138
1463.000 0.141
1464.000 0.140
1465.000 0.142
1466.000 0.141
1467.000 0.143
1468.000 0.142
1469.000 0.140
1470.000 0.136
1471.000 0.134
1472.000 0.129
1473.000 0.129
1474.000 0.130
1475.000 0.132
1476.000 0.138
1477.000 0.136
1478.000 0.137
1479.000 0.138
1480.000 0.132
1481.000 0.134
1482.000 0.139
1483.000 0.140
1484.000 0.140
1485.000 0.139
1486.000 0.136
1487.000 0.135
1488.000 0.136
1489.000 0.136
1490.000 0.140
1491.000 0.142
1492.000 0.145
1493.000 0.147
1494.000 0.147
1495.000 0.148
1496.000 0.149
1497.000 0.150
1498.000 0.152
1499.000 0.154
1500.000 0.156
1501.000 0.157
1502.000 0.157
1503.000 0.157
1504.000 0.157
1505.000 0.157
1506.000 0.159
1507.000 0.162
1508.000 0.164
1509.000 0.166
1510.000 0.167
1511.000 0.168
1512.000 0.169
1513.000 0.171
1514.000 0.172
1515.000 0.174
1516.000 0.175
1517.000 0.176
1518.000 0.177
1519.000 0.177
1520.000 0.178
1521.000 0.179
1522.000 0.180
1523.000 0.182
1524.000 0.184
1525.000 0.185
1526.000 0.186
1527.000 0.188
1528.000 0.188
1529.000 0.189
1530.000 0.190
1531.000 0.192
1532.000 0.192
1533.000 0.192
1534.000 0.192
1535.000 0.192
1536.000 0.193
1537.000 0.195
1538.000 0.197
1539.000 0.199
1540.000 0.200
1541.000 0.200
1542.000 0.201
1543.000 0.202
1544.000 0.203
1545.000 0.204
1546.000 0.205
1547.000 0.207
1548.000 0.208
1549.000 0.209
1550.000 0.210
1551.000 0.211
1552.000 0.212
1553.000 0.213
1554.000 0.214
1555.000 0.215
1556.000 0.216
1557.000 0.218
1558.000 0.219
1559.000 0.220
1560.000 0.222
1561.000 0.222
1562.000 0.222
1563.000 0.223
1564.000 0.223
1565.000 0.223
1566.000 0.224
1567.000 0.225
1568.000 0.225
1569.000 0.226
1570.000 0.227
1571.000 0.228
1572.000 0.228
1573.000 0.228
1574.000 0.229
1575.000 0.230
1576.000 0.231
1577.000 0.234
1578.000 0.235
1579.000 0.237
1580.000 0.237
1581.000 0.237
1582.000 0.236
1583.000 0.237
1584.000 0.237
1585.000 0.239
1586.000 0.240
1587.000 0.241
1588.000 0.242
1589.000 0.243
1590.000 0.243
1591.000 0.244
1592.000 0.244
1593.000 0.244
1594.000 0.245
1595.000 0.245
1596.000 0.246
1597.000 0.247
1598.000 0.248
1599.000 0.249
1600.000 0.249
1601.000 0.250
1602.000 0.251
1603.000 0.252
1604.000 0.252
1605.000 0.253
1606.000 0.253
1607.000 0.254
1608.000 0.254
1609.000 0.255
1610.000 0.255
1611.000 0.255
1612.000 0.255
1613.000 0.257
1614.000 0.257
1615.000 0.258
1616.000 0.259
1617.000 0.259
1618.000 0.259
1619.000 0.260
1620.000 0.260
1621.000 0.262
1622.000 0.262
1623.000 0.262
1624.000 0.262
1625.000 0.263
1626.000 0.263
1627.000 0.264
1628.000 0.265
1629.000 0.264
1630.000 0.265
1631.000 0.265
1632.000 0.265
1633.000 0.265
1634.000 0.266
1635.000 0.266
1636.000 0.266
1637.000 0.266
1638.000 0.266
1639.000 0.266
1640.000 0.266
1641.000 0.267
1642.000 0.268
1643.000 0.269
1644.000 0.270
1645.000 0.270
1646.000 0.270
1647.000 0.270
1648.000 0.270
1649.000 0.271
1650.000 0.272
1651.000 0.272
1652.000 0.272
1653.000 0.271
1654.000 0.271
1655.000 0.271
1656.000 0.271
1657.000 0.272
1658.000 0.272
1659.000 0.272
1660.000 0.271
1661.000 0.271
1662.000 0.270
1663.000 0.271
1664.000 0.271
1665.000 0.272
1666.000 0.272
1667.000 0.272
1668.000 0.272
1669.000 0.272
1670.000 0.272
1671.000 0.272
1672.000 0.273
1673.000 0.273
1674.000 0.274
1675.000 0.274
1676.000 0.274
1677.000 0.275
1678.000 0.275
1679.000 0.274
1680.000 0.274
1681.000 0.273
1682.000 0.273
1683.000 0.273
1684.000 0.273
1685.000 0.274
1686.000 0.273
1687.000 0.272
1688.000 0.272
1689.000 0.271
1690.000 0.271
1691.000 0.273
1692.000 0.273
1693.000 0.271
1694.000 0.271
1695.000 0.270
1696.000 0.269
1697.000 0.269
1698.000 0.269
1699.000 0.268
1700.000 0.268
1701.000 0.268
1702.000 0.267
1703.000 0.267
1704.000 0.267
1705.000 0.267
1706.000 0.267
1707.000 0.265
1708.000 0.265
1709.000 0.263
1710.000 0.263
1711.000 0.263
1712.000 0.264
1713.000 0.264
1714.000 0.264
1715.000 0.265
1716.000 0.265
1717.000 0.265
1718.000 0.264
1719.000 0.263
1720.000 0.263
1721.000 0.262
1722.000 0.261
1723.000 0.261
1724.000 0.259
1725.000 0.258
1726.000 0.258
1727.000 0.255
1728.000 0.256
1729.000 0.255
1730.000 0.255
1731.000 0.255
1732.000 0.253
1733.000 0.254
1734.000 0.255
1735.000 0.254
1736.000 0.255
1737.000 0.254
1738.000 0.253
1739.000 0.252
1740.000 0.250
1741.000 0.250
1742.000 0.250
1743.000 0.250
1744.000 0.251
1745.000 0.250
1746.000 0.248
1747.000 0.247
1748.000 0.246
1749.000 0.244
1750.000 0.245
1751.000 0.245
1752.000 0.244
1753.000 0.242
1754.000 0.241
1755.000 0.239
1756.000 0.239
1757.000 0.238
1758.000 0.237
1759.000 0.237
1760.000 0.234
1761.000 0.232
1762.000 0.231
1763.000 0.229
1764.000 0.229
1765.000 0.229
1766.000 0.229
1767.000 0.229
1768.000 0.229
1769.000 0.230
1770.000 0.229
1771.000 0.230
1772.000 0.231
1773.000 0.232
1774.000 0.234
1775.000 0.232
1776.000 0.233
1777.000 0.234
1778.000 0.231
1779.000 0.230
1780.000 0.230
1781.000 0.228
1782.000 0.227
1783.000 0.226
1784.000 0.226
1785.000 0.223
1786.000 0.224
1787.000 0.228
1788.000 0.226
1789.000 0.224
1790.000 0.219
1791.000 0.208
1792.000 0.206
1793.000 0.205
1794.000 0.211
1795.000 0.222
1796.000 0.223
1797.000 0.216
1798.000 0.209
1799.000 0.200
1800.000 0.203
1801.000 0.273
1802.000 0.290
1803.000 0.317
1804.000 0.371
1805.000 0.418
1806.000 0.473
1807.000 0.497
1808.000 0.475
1809.000 0.372
1810.000 0.290
1811.000 0.277
1812.000 0.399
1813.000 0.369
1814.000 0.356
1815.000 0.422
1816.000 0.537
1817.000 0.574
1818.000 0.622
1819.000 0.520
1820.000 0.566
1821.000 0.556
1822.000 0.586
1823.000 0.586
1824.000 0.482
1825.000 0.542
1826.000 0.387
1827.000 0.541
1828.000 0.613
1829.000 0.544
1830.000 0.570
1831.000 0.550
1832.000 0.433
1833.000 0.500
1834.000 0.438
1835.000 0.367
1836.000 0.358
1837.000 0.315
1838.000 0.348
1839.000 0.391
1840.000 0.310
1841.000 0.409
1842.000 0.577
1843.000 0.483
1844.000 0.421
1845.000 0.281
1846.000 0.284
1847.000 0.272
1848.000 0.262
1849.000 0.331
1850.000 0.429
1851.000 0.453
1852.000 0.307
1853.000 0.450
1854.000 0.401
1855.000 0.373
1856.000 0.392
1857.000 0.328
1858.000 0.318
1859.000 0.617
1860.000 0.550
1861.000 0.423
1862.000 0.338
1863.000 0.342
1864.000 0.243
1865.000 0.207
1866.000 0.283
1867.000 0.501
1868.000 0.702
1869.000 0.580
1870.000 0.575
1871.000 0.572
1872.000 0.407
1873.000 0.586
1874.000 0.475
1875.000 0.509
1876.000 0.600
1877.000 0.575
1878.000 0.553
1879.000 0.549
1880.000 0.484
1881.000 0.510
1882.000 0.594
1883.000 0.516
1884.000 0.422
1885.000 0.589
1886.000 0.603
1887.000 0.483
1888.000 0.587
1889.000 0.579
1890.000 0.704
1891.000 0.751
1892.000 0.641
1893.000 0.493
1894.000 0.486
1895.000 0.414
1896.000 0.611
1897.000 0.505
1898.000 0.500
1899.000 0.501
1900.000 0.538
1901.000 0.572
1902.000 0.493
1903.000 0.481
1904.000 0.663
1905.000 0.550
1906.000 0.345
1907.000 0.370
1908.000 0.404
1909.000 0.304
1910.000 0.409
1911.000 0.421
1912.000 0.533
1913.000 0.508
1914.000 0.557
1915.000 0.599
1916.000 0.461
1917.000 0.460
1918.000 0.589
1919.000 0.577
1920.000 0.478
1921.000 0.426
1922.000 0.484
1923.000 0.526
1924.000 0.524
1925.000 0.504
1926.000 0.516
1927.000 0.563
1928.000 0.564
1929.000 0.651
1930.000 0.360
1931.000 0.381
1932.000 0.620
1933.000 0.489
1934.000 0.487
1935.000 0.456
1936.000 0.499
1937.000 0.542
1938.000 0.575
1939.000 0.438
1940.000 0.411
1941.000 0.296
1942.000 0.301
1943.000 0.308
1944.000 0.331
1945.000 0.323
1946.000 0.394
1947.000 0.384
1948.000 0.320
1949.000 0.397
1950.000 0.288
1951.000 0.193
1952.000 0.242
1953.000 0.338
1954.000 0.342
1955.000 0.342
1956.000 0.373
1957.000 0.527
1958.000 0.508
1959.000 0.353
1960.000 0.255
1961.000 0.339
1962.000 0.335
1963.000 0.313
1964.000 0.321
1965.000 0.286
1966.000 0.246
1967.000 0.246
1968.000 0.231
1969.000 0.209
1970.000 0.177
1971.000 0.129
1972.000 0.103
1973.000 0.107
1974.000 0.101
1975.000 0.101
1976.000 0.118
1977.000 0.125
1978.000 0.125
1979.000 0.125
1980.000 0.125
1981.000 0.118
1982.000 0.112
1983.000 0.094
1984.000 0.093
1985.000 0.090
1986.000 0.110
1987.000 0.114
1988.000 0.104
1989.000 0.105
1990.000 0.104
1991.000 0.104
1992.000 0.096
1993.000 0.098
1994.000 0.118
1995.000 0.121
1996.000 0.124
1997.000 0.128
1998.000 0.136
1999.000 0.143
2000.000 0.206
2001.000 0.218
2002.000 0.194
2003.000 0.207
2004.000 0.166
2005.000 0.156
2006.000 0.170
2007.000 0.210
2008.000 0.223
2009.000 0.197
2010.000 0.168
2011.000 0.210
2012.000 0.262
2013.000 0.201
2014.000 0.170
2015.000 0.110
2016.000 0.112
2017.000 0.130
2018.000 0.134
2019.000 0.137
2020.000 0.138
2021.000 0.128
2022.000 0.125
2023.000 0.117
2024.000 0.111
2025.000 0.105
2026.000 0.103
2027.000 0.105
2028.000 0.109
2029.000 0.110
2030.000 0.110
2031.000 0.109
2032.000 0.112
2033.000 0.105
2034.000 0.106
2035.000 0.099
2036.000 0.093
2037.000 0.089
2038.000 0.089
2039.000 0.094
2040.000 0.098
2041.000 0.110
2042.000 0.112
2043.000 0.111
2044.000 0.115
2045.000 0.120
2046.000 0.125
2047.000 0.135
2048.000 0.136
2049.000 0.134
2050.000 0.127
2051.000 0.116
2052.000 0.105
2053.000 0.107
2054.000 0.111
2055.000 0.117
2056.000 0.119
2057.000 0.120
2058.000 0.114
2059.000 0.116
2060.000 0.120
2061.000 0.119
2062.000 0.120
2063.000 0.122
2064.000 0.121
2065.000 0.127
2066.000 0.118
2067.000 0.124
2068.000 0.125
2069.000 0.133
2070.000 0.144
2071.000 0.143
2072.000 0.142
2073.000 0.138
2074.000 0.137
2075.000 0.135
2076.000 0.134
2077.000 0.130
2078.000 0.130
2079.000 0.132
2080.000 0.134
2081.000 0.139
2082.000 0.144
2083.000 0.143
2084.000 0.140
2085.000 0.135
2086.000 0.129
2087.000 0.126
2088.000 0.125
2089.000 0.125
2090.000 0.127
2091.000 0.129
2092.000 0.133
2093.000 0.135
2094.000 0.137
2095.000 0.138
2096.000 0.137
2097.000 0.140
2098.000 0.145
2099.000 0.148
2100.000 0.150
2101.000 0.154
2102.000 0.150
2103.000 0.146
2104.000 0.142
2105.000 0.136
2106.000 0.135
2107.000 0.137
2108.000 0.137
2109.000 0.139
2110.000 0.143
2111.000 0.143
2112.000 0.143
2113.000 0.140
2114.000 0.139
2115.000 0.141
2116.000 0.142
2117.000 0.141
2118.000 0.141
2119.000 0.141
2120.000 0.138
2121.000 0.138
2122.000 0.143
2123.000 0.145
2124.000 0.147
2125.000 0.149
2126.000 0.149
2127.000 0.152
2128.000 0.152
2129.000 0.154
2130.000 0.153
2131.000 0.153
2132.000 0.153
2133.000 0.153
2134.000 0.157
2135.000 0.159
2136.000 0.159
2137.000 0.162
2138.000 0.162
2139.000 0.154
2140.000 0.153
2141.000 0.148
2142.000 0.148
2143.000 0.149
2144.000 0.149
2145.000 0.150
2146.000 0.152
2147.000 0.153
2148.000 0.154
2149.000 0.159
2150.000 0.163
2151.000 0.164
2152.000 0.162
2153.000 0.159
2154.000 0.156
2155.000 0.151
2156.000 0.146
2157.000 0.148
2158.000 0.152
2159.000 0.159
2160.000 0.160
2161.000 0.160
2162.000 0.156
2163.000 0.158
2164.000 0.156
2165.000 0.149
2166.000 0.153
2167.000 0.157
2168.000 0.155
2169.000 0.155
2170.000 0.152
2171.000 0.153
2172.000 0.154
2173.000 0.157
2174.000 0.156
2175.000 0.155
2176.000 0.152
2177.000 0.152
2178.000 0.153
2179.000 0.148
2180.000 0.152
2181.000 0.157
2182.000 0.156
2183.000 0.157
2184.000 0.159
2185.000 0.162
2186.000 0.162
2187.000 0.159
2188.000 0.159
2189.000 0.159
2190.000 0.160
2191.000 0.165
2192.000 0.165
2193.000 0.158
2194.000 0.159
2195.000 0.157
2196.000 0.157
2197.000 0.161
2198.000 0.162
2199.000 0.162
2200.000 0.162
2201.000 0.159
2202.000 0.159
2203.000 0.159
2204.000 0.156
2205.000 0.158
2206.000 0.162
2207.000 0.166
2208.000 0.166
2209.000 0.164
2210.000 0.156
2211.000 0.153
2212.000 0.148
2213.000 0.148
2214.000 0.153
2215.000 0.154
2216.000 0.150
2217.000 0.149
2218.000 0.149
2219.000 0.148
2220.000 0.151
2221.000 0.152
2222.000 0.150
2223.000 0.152
2224.000 0.156
2225.000 0.161
2226.000 0.169
2227.000 0.173
2228.000 0.173
2229.000 0.170
2230.000 0.164
2231.000 0.158
2232.000 0.162
2233.000 0.160
2234.000 0.162
2235.000 0.164
2236.000 0.160
2237.000 0.161
2238.000 0.159
2239.000 0.153
2240.000 0.152
2241.000 0.153
2242.000 0.151
2243.000 0.149
2244.000 0.148
2245.000 0.148
2246.000 0.149
2247.000 0.154
2248.000 0.156
2249.000 0.158
2250.000 0.158
2251.000 0.155
2252.000 0.153
2253.000 0.149
2254.000 0.147
2255.000 0.153
2256.000 0.154
2257.000 0.151
2258.000 0.160
2259.000 0.163
2260.000 0.157
2261.000 0.164
2262.000 0.162
2263.000 0.158
2264.000 0.152
2265.000 0.147
2266.000 0.140
2267.000 0.142
2268.000 0.144
2269.000 0.141
2270.000 0.144
2271.000 0.140
2272.000 0.134
2273.000 0.134
2274.000 0.140
2275.000 0.141
2276.000 0.146
2277.000 0.147
2278.000 0.143
2279.000 0.142
2280.000 0.143
2281.000 0.145
2282.000 0.152
2283.000 0.163
2284.000 0.154
2285.000 0.153
2286.000 0.146
2287.000 0.140
2288.000 0.131
2289.000 0.129
2290.000 0.127
2291.000 0.126
2292.000 0.140
2293.000 0.146
2294.000 0.156
2295.000 0.162
2296.000 0.157
2297.000 0.152
2298.000 0.152
2299.000 0.154
2300.000 0.145
2301.000 0.141
2302.000 0.141
2303.000 0.145
2304.000 0.145
2305.000 0.161
2306.000 0.155
2307.000 0.162
2308.000 0.147
2309.000 0.162
2310.000 0.147
2311.000 0.142
2312.000 0.129
2313.000 0.124
2314.000 0.126
2315.000 0.135
2316.000 0.137
2317.000 0.131
2318.000 0.126
2319.000 0.145
2320.000 0.155
2321.000 0.168
2322.000 0.174
2323.000 0.148
2324.000 0.142
2325.000 0.126
2326.000 0.114
2327.000 0.110
2328.000 0.116
2329.000 0.120
2330.000 0.123
2331.000 0.117
2332.000 0.120
2333.000 0.120
2334.000 0.119
2335.000 0.127
2336.000 0.130
2337.000 0.113
2338.000 0.121
2339.000 0.118
2340.000 0.119
2341.000 0.144
2342.000 0.147
2343.000 0.105
2344.000 0.110
2345.000 0.104
2346.000 0.096
2347.000 0.107
2348.000 0.129
2349.000 0.159
2350.000 0.189
2351.000 0.200
2352.000 0.193
2353.000 0.131
2354.000 0.120
2355.000 0.103
2356.000 0.098
2357.000 0.096
2358.000 0.123
2359.000 0.168
2360.000 0.195
2361.000 0.301
2362.000 0.245
2363.000 0.148
2364.000 0.118
2365.000 0.107
2366.000 0.097
2367.000 0.153
2368.000 0.165
2369.000 0.171
2370.000 0.165
2371.000 0.171
2372.000 0.153
2373.000 0.121
2374.000 0.157
2375.000 0.064
2376.000 0.204
2377.000 0.191
2378.000 0.306
2379.000 0.415
2380.000 0.316
2381.000 0.276
2382.000 0.259
2383.000 0.241
2384.000 0.239
2385.000 0.265
2386.000 0.298
2387.000 0.114
2388.000 0.218
2389.000 0.180
2390.000 0.196
2391.000 0.148
2392.000 0.190
2393.000 0.162
2394.000 0.176
2395.000 0.197
2396.000 0.153
2397.000 0.105
2398.000 0.116
2399.000 0.117
2400.000 0.225
2401.000 0.131
2402.000 0.251
2403.000 0.264
2404.000 0.299
2405.000 0.336
2406.000 0.275
2407.000 0.246
2408.000 0.287
2409.000 0.214
2410.000 0.146
2411.000 0.103
2412.000 0.210
2413.000 0.147
2414.000 0.245
2415.000 0.274
2416.000 0.293
2417.000 0.182
2418.000 0.247
2419.000 0.243
2420.000 0.309
2421.000 0.307
2422.000 0.328
2423.000 0.224
2424.000 0.193
2425.000 0.225
2426.000 0.330
2427.000 0.360
2428.000 0.319
2429.000 0.320
2430.000 0.235
2431.000 0.256
2432.000 0.189
2433.000 0.219
2434.000 0.194
2435.000 0.175
2436.000 0.267
2437.000 0.284
2438.000 0.314
2439.000 0.187
2440.000 0.125
2441.000 0.114
2442.000 0.358
2443.000 0.320
2444.000 0.353
2445.000 0.262
2446.000 0.129
2447.000 0.253
2448.000 0.193
2449.000 0.131
2450.000 0.248
2451.000 0.283
2452.000 0.284
2453.000 0.347
2454.000 0.299
2455.000 0.345
2456.000 0.258
2457.000 0.362
2458.000 0.295
2459.000 0.372
2460.000 0.408
2461.000 0.384
2462.000 0.443
2463.000 0.325
2464.000 0.414
2465.000 0.475
2466.000 0.342
2467.000 0.288
2468.000 0.119
2469.000 0.134
2470.000 0.265
2471.000 0.548
2472.000 0.510
2473.000 0.308
2474.000 0.265
2475.000 0.458
2476.000 0.660
2477.000 0.520
2478.000 0.467
2479.000 0.424
2480.000 0.404
2481.000 0.281
2482.000 0.319
2483.000 0.403
2484.000 0.209
2485.000 0.304
2486.000 0.333
2487.000 0.291
2488.000 0.283
2489.000 0.368
2490.000 0.165
2491.000 0.413
2492.000 0.601
2493.000 0.494
2494.000 0.447
2495.000 0.271
2496.000 0.261
2497.000 0.294
2498.000 0.425
2499.000 0.596
2500.000 0.635
