391.000 0.027
392.000 0.028
393.000 0.027
394.000 0.023
395.000 0.025
396.000 0.027
397.000 0.026
398.000 0.023
399.000 0.026
400.000 0.029
401.000 0.028
402.000 0.029
403.000 0.028
404.000 0.028
405.000 0.027
406.000 0.027
407.000 0.029
408.000 0.030
409.000 0.027
410.000 0.026
411.000 0.027
412.000 0.029
413.000 0.026
414.000 0.027
415.000 0.029
416.000 0.028
417.000 0.029
418.000 0.028
419.000 0.027
420.000 0.030
421.000 0.028
422.000 0.027
423.000 0.029
424.000 0.028
425.000 0.028
426.000 0.029
427.000 0.030
428.000 0.028
429.000 0.028
430.000 0.029
431.000 0.028
432.000 0.028
433.000 0.029
434.000 0.028
435.000 0.029
436.000 0.029
437.000 0.029
438.000 0.029
439.000 0.029
440.000 0.029
441.000 0.030
442.000 0.030
443.000 0.031
444.000 0.030
445.000 0.028
446.000 0.029
447.000 0.030
448.000 0.030
449.000 0.029
450.000 0.030
451.000 0.030
452.000 0.029
453.000 0.030
454.000 0.030
455.000 0.030
456.000 0.030
457.000 0.030
458.000 0.030
459.000 0.031
460.000 0.031
461.000 0.030
462.000 0.030
463.000 0.031
464.000 0.031
465.000 0.031
466.000 0.030
467.000 0.031
468.000 0.030
469.000 0.030
470.000 0.031
471.000 0.030
472.000 0.031
473.000 0.030
474.000 0.030
475.000 0.031
476.000 0.030
477.000 0.030
478.000 0.031
479.000 0.031
480.000 0.032
481.000 0.031
482.000 0.031
483.000 0.031
484.000 0.031
485.000 0.031
486.000 0.030
487.000 0.031
488.000 0.031
489.000 0.030
490.000 0.031
491.000 0.032
492.000 0.031
493.000 0.031
494.000 0.032
495.000 0.032
496.000 0.031
497.000 0.031
498.000 0.032
499.000 0.032
500.000 0.032
501.000 0.033
502.000 0.034
503.000 0.034
504.000 0.034
505.000 0.035
506.000 0.035
507.000 0.036
508.000 0.037
509.000 0.037
510.000 0.038
511.000 0.039
512.000 0.040
513.000 0.041
514.000 0.043
515.000 0.044
516.000 0.045
517.000 0.046
518.000 0.049
519.000 0.051
520.000 0.052
521.000 0.054
522.000 0.057
523.000 0.059
524.000 0.061
525.000 0.063
526.000 0.065
527.000 0.067
528.000 0.068
529.000 0.070
530.000 0.072
531.000 0.073
532.000 0.075
533.000 0.076
534.000 0.077
535.000 0.078
536.000 0.079
537.000 0.080
538.000 0.080
539.000 0.081
540.000 0.081
541.000 0.082
542.000 0.082
543.000 0.082
544.000 0.083
545.000 0.083
546.000 0.083
547.000 0.084
548.000 0.084
549.000 0.084
550.000 0.085
551.000 0.084
552.000 0.084
553.000 0.084
554.000 0.084
555.000 0.084
556.000 0.084
557.000 0.083
558.000 0.082
559.000 0.081
560.000 0.081
561.000 0.080
562.000 0.079
563.000 0.078
564.000 0.076
565.000 0.075
566.000 0.074
567.000 0.073
568.000 0.071
569.000 0.070
570.000 0.068
571.000 0.067
572.000 0.066
573.000 0.065
574.000 0.064
575.000 0.063
576.000 0.061
577.000 0.061
578.000 0.060
579.000 0.059
580.000 0.059
581.000 0.057
582.000 0.056
583.000 0.056
584.000 0.055
585.000 0.055
586.000 0.055
587.000 0.055
588.000 0.054
589.000 0.053
590.000 0.053
591.000 0.052
592.000 0.052
593.000 0.052
594.000 0.052
595.000 0.052
596.000 0.052
597.000 0.051
598.000 0.051
599.000 0.051
600.000 0.050
601.000 0.050
602.000 0.050
603.000 0.050
604.000 0.050
605.000 0.049
606.000 0.049
607.000 0.048
608.000 0.048
609.000 0.048
610.000 0.048
611.000 0.047
612.000 0.046
613.000 0.045
614.000 0.046
615.000 0.046
616.000 0.046
617.000 0.045
618.000 0.045
619.000 0.045
620.000 0.044
621.000 0.043
622.000 0.043
623.000 0.044
624.000 0.043
625.000 0.043
626.000 0.042
627.000 0.042
628.000 0.043
629.000 0.043
630.000 0.043
631.000 0.043
632.000 0.043
633.000 0.043
634.000 0.043
635.000 0.042
636.000 0.042
637.000 0.041
638.000 0.042
639.000 0.041
640.000 0.040
641.000 0.041
642.000 0.040
643.000 0.039
644.000 0.038
645.000 0.038
646.000 0.037
647.000 0.037
648.000 0.037
649.000 0.037
650.000 0.037
651.000 0.037
652.000 0.037
653.000 0.036
654.000 0.036
655.000 0.037
656.000 0.036
657.000 0.036
658.000 0.037
659.000 0.036
660.000 0.036
661.000 0.036
662.000 0.036
663.000 0.037
664.000 0.036
665.000 0.036
666.000 0.036
667.000 0.035
668.000 0.035
669.000 0.035
670.000 0.035
671.000 0.035
672.000 0.036
673.000 0.036
674.000 0.037
675.000 0.037
676.000 0.037
677.000 0.038
678.000 0.037
679.000 0.038
680.000 0.039
681.000 0.039
682.000 0.040
683.000 0.040
684.000 0.040
685.000 0.041
686.000 0.042
687.000 0.044
688.000 0.047
689.000 0.048
690.000 0.048
691.000 0.049
692.000 0.053
693.000 0.056
694.000 0.059
695.000 0.064
696.000 0.070
697.000 0.074
698.000 0.080
699.000 0.087
700.000 0.094
701.000 0.101
702.000 0.109
703.000 0.117
704.000 0.125
705.000 0.132
706.000 0.141
707.000 0.149
708.000 0.158
709.000 0.166
710.000 0.175
711.000 0.184
712.000 0.193
713.000 0.202
714.000 0.211
715.000 0.220
716.000 0.230
717.000 0.240
718.000 0.250
719.000 0.261
720.000 0.273
721.000 0.283
722.000 0.292
723.000 0.301
724.000 0.311
725.000 0.321
726.000 0.331
727.000 0.341
728.000 0.350
729.000 0.360
730.000 0.368
731.000 0.377
732.000 0.385
733.000 0.393
734.000 0.401
735.000 0.408
736.000 0.415
737.000 0.421
738.000 0.428
739.000 0.434
740.000 0.439
741.000 0.445
742.000 0.450
743.000 0.455
744.000 0.459
745.000 0.463
746.000 0.467
747.000 0.470
748.000 0.474
749.000 0.476
750.000 0.479
751.000 0.481
752.000 0.484
753.000 0.486
754.000 0.488
755.000 0.490
756.000 0.492
757.000 0.493
758.000 0.494
759.000 0.496
760.000 0.498
761.000 0.500
762.000 0.501
763.000 0.501
764.000 0.502
765.000 0.503
766.000 0.503
767.000 0.504
768.000 0.505
769.000 0.505
770.000 0.506
771.000 0.507
772.000 0.508
773.000 0.508
774.000 0.508
775.000 0.509
776.000 0.509
777.000 0.510
778.000 0.511
779.000 0.511
780.000 0.512
781.000 0.512
782.000 0.513
783.000 0.513
784.000 0.514
785.000 0.514
786.000 0.514
787.000 0.515
788.000 0.515
789.000 0.515
790.000 0.516
791.000 0.516
792.000 0.517
793.000 0.517
794.000 0.518
795.000 0.518
796.000 0.519
797.000 0.518
798.000 0.519
799.000 0.519
800.000 0.519
801.000 0.520
802.000 0.521
803.000 0.521
804.000 0.521
805.000 0.522
806.000 0.522
807.000 0.523
808.000 0.523
809.000 0.523
810.000 0.524
811.000 0.523
812.000 0.524
813.000 0.524
814.000 0.523
815.000 0.523
816.000 0.524
817.000 0.524
818.000 0.525
819.000 0.526
820.000 0.526
821.000 0.526
822.000 0.527
823.000 0.527
824.000 0.527
825.000 0.528
826.000 0.528
827.000 0.529
828.000 0.529
829.000 0.530
830.000 0.530
831.000 0.530
832.000 0.531
833.000 0.531
834.000 0.531
835.000 0.532
836.000 0.532
837.000 0.533
838.000 0.533
839.000 0.534
840.000 0.534
841.000 0.534
842.000 0.535
843.000 0.535
844.000 0.536
845.000 0.536
846.000 0.537
847.000 0.537
848.000 0.537
849.000 0.538
850.000 0.538
851.000 0.538
852.000 0.538
853.000 0.539
854.000 0.540
855.000 0.540
856.000 0.540
857.000 0.540
858.000 0.540
859.000 0.541
860.000 0.541
861.000 0.541
862.000 0.541
863.000 0.542
864.000 0.542
865.000 0.543
866.000 0.543
867.000 0.543
868.000 0.544
869.000 0.544
870.000 0.544
871.000 0.544
872.000 0.544
873.000 0.545
874.000 0.545
875.000 0.546
876.000 0.545
877.000 0.546
878.000 0.546
879.000 0.546
880.000 0.547
881.000 0.547
882.000 0.547
883.000 0.547
884.000 0.548
885.000 0.548
886.000 0.548
887.000 0.548
888.000 0.548
889.000 0.549
890.000 0.549
891.000 0.549
892.000 0.548
893.000 0.548
894.000 0.548
895.000 0.548
896.000 0.548
897.000 0.547
898.000 0.548
899.000 0.548
900.000 0.547
901.000 0.547
902.000 0.548
903.000 0.549
904.000 0.549
905.000 0.549
906.000 0.549
907.000 0.549
908.000 0.549
909.000 0.549
910.000 0.549
911.000 0.549
912.000 0.550
913.000 0.549
914.000 0.549
915.000 0.549
916.000 0.550
917.000 0.551
918.000 0.551
919.000 0.551
920.000 0.551
921.000 0.551
922.000 0.552
923.000 0.552
924.000 0.552
925.000 0.552
926.000 0.551
927.000 0.550
928.000 0.548
929.000 0.547
930.000 0.546
931.000 0.545
932.000 0.541
933.000 0.540
934.000 0.539
935.000 0.536
936.000 0.535
937.000 0.534
938.000 0.533
939.000 0.533
940.000 0.534
941.000 0.534
942.000 0.534
943.000 0.534
944.000 0.534
945.000 0.533
946.000 0.532
947.000 0.532
948.000 0.533
949.000 0.531
950.000 0.529
951.000 0.529
952.000 0.531
953.000 0.530
954.000 0.530
955.000 0.530
956.000 0.527
957.000 0.529
958.000 0.530
959.000 0.527
960.000 0.530
961.000 0.530
962.000 0.529
963.000 0.528
964.000 0.532
965.000 0.533
966.000 0.532
967.000 0.531
968.000 0.533
969.000 0.534
970.000 0.534
971.000 0.533
972.000 0.534
973.000 0.535
974.000 0.534
975.000 0.533
976.000 0.535
977.000 0.535
978.000 0.535
979.000 0.535
980.000 0.535
981.000 0.536
982.000 0.537
983.000 0.538
984.000 0.536
985.000 0.536
986.000 0.538
987.000 0.540
988.000 0.541
989.000 0.541
990.000 0.541
991.000 0.541
992.000 0.542
993.000 0.542
994.000 0.542
995.000 0.543
996.000 0.544
997.000 0.546
998.000 0.545
999.000 0.544
1000.000 0.545
1001.000 0.554
1002.000 0.554
1003.000 0.556
1004.000 0.556
1005.000 0.556
1006.000 0.556
1007.000 0.556
1008.000 0.556
1009.000 0.556
1010.000 0.557
1011.000 0.558
1012.000 0.558
1013.000 0.559
1014.000 0.559
1015.000 0.560
1016.000 0.560
1017.000 0.561
1018.000 0.562
1019.000 0.562
1020.000 0.562
1021.000 0.563
1022.000 0.563
1023.000 0.564
1024.000 0.564
1025.000 0.565
1026.000 0.566
1027.000 0.567
1028.000 0.568
1029.000 0.568
1030.000 0.569
1031.000 0.569
1032.000 0.571
1033.000 0.572
1034.000 0.573
1035.000 0.574
1036.000 0.574
1037.000 0.574
1038.000 0.574
1039.000 0.575
1040.000 0.576
1041.000 0.577
1042.000 0.577
1043.000 0.577
1044.000 0.577
1045.000 0.577
1046.000 0.577
1047.000 0.578
1048.000 0.579
1049.000 0.580
1050.000 0.581
1051.000 0.581
1052.000 0.582
1053.000 0.582
1054.000 0.582
1055.000 0.583
1056.000 0.583
1057.000 0.584
1058.000 0.585
1059.000 0.585
1060.000 0.586
1061.000 0.586
1062.000 0.587
1063.000 0.587
1064.000 0.587
1065.000 0.587
1066.000 0.587
1067.000 0.587
1068.000 0.587
1069.000 0.587
1070.000 0.587
1071.000 0.588
1072.000 0.588
1073.000 0.589
1074.000 0.589
1075.000 0.589
1076.000 0.589
1077.000 0.589
1078.000 0.589
1079.000 0.589
1080.000 0.589
1081.000 0.589
1082.000 0.589
1083.000 0.588
1084.000 0.589
1085.000 0.589
1086.000 0.589
1087.000 0.590
1088.000 0.589
1089.000 0.589
1090.000 0.589
1091.000 0.589
1092.000 0.590
1093.000 0.591
1094.000 0.591
1095.000 0.591
1096.000 0.591
1097.000 0.590
1098.000 0.590
1099.000 0.590
1100.000 0.589
1101.000 0.588
1102.000 0.587
1103.000 0.586
1104.000 0.586
1105.000 0.586
1106.000 0.586
1107.000 0.587
1108.000 0.587
1109.000 0.587
1110.000 0.586
1111.000 0.585
1112.000 0.584
1113.000 0.583
1114.000 0.581
1115.000 0.581
1116.000 0.580
1117.000 0.578
1118.000 0.578
1119.000 0.578
1120.000 0.576
1121.000 0.577
1122.000 0.575
1123.000 0.572
1124.000 0.570
1125.000 0.567
1126.000 0.562
1127.000 0.560
1128.000 0.559
1129.000 0.559
1130.000 0.561
1131.000 0.561
1132.000 0.561
1133.000 0.562
1134.000 0.562
1135.000 0.560
1136.000 0.560
1137.000 0.557
1138.000 0.554
1139.000 0.551
1140.000 0.549
1141.000 0.545
1142.000 0.545
1143.000 0.548
1144.000 0.549
1145.000 0.553
1146.000 0.553
1147.000 0.551
1148.000 0.547
1149.000 0.544
1150.000 0.541
1151.000 0.538
1152.000 0.535
1153.000 0.533
1154.000 0.530
1155.000 0.530
1156.000 0.531
1157.000 0.532
1158.000 0.532
1159.000 0.532
1160.000 0.532
1161.000 0.531
1162.000 0.530
1163.000 0.529
1164.000 0.528
1165.000 0.528
1166.000 0.529
1167.000 0.530
1168.000 0.531
1169.000 0.531
1170.000 0.530
1171.000 0.529
1172.000 0.529
1173.000 0.529
1174.000 0.530
1175.000 0.530
1176.000 0.530
1177.000 0.530
1178.000 0.529
1179.000 0.530
1180.000 0.529
1181.000 0.529
1182.000 0.528
1183.000 0.526
1184.000 0.526
1185.000 0.527
1186.000 0.527
1187.000 0.527
1188.000 0.528
1189.000 0.527
1190.000 0.526
1191.000 0.526
1192.000 0.527
1193.000 0.527
1194.000 0.528
1195.000 0.529
1196.000 0.529
1197.000 0.529
1198.000 0.529
1199.000 0.529
1200.000 0.529
1201.000 0.529
1202.000 0.530
1203.000 0.530
1204.000 0.530
1205.000 0.530
1206.000 0.531
1207.000 0.531
1208.000 0.531
1209.000 0.532
1210.000 0.533
1211.000 0.533
1212.000 0.533
1213.000 0.533
1214.000 0.533
1215.000 0.534
1216.000 0.534
1217.000 0.535
1218.000 0.536
1219.000 0.536
1220.000 0.536
1221.000 0.537
1222.000 0.537
1223.000 0.539
1224.000 0.539
1225.000 0.540
1226.000 0.540
1227.000 0.541
1228.000 0.541
1229.000 0.542
1230.000 0.542
1231.000 0.543
1232.000 0.543
1233.000 0.544
1234.000 0.544
1235.000 0.545
1236.000 0.546
1237.000 0.546
1238.000 0.547
1239.000 0.548
1240.000 0.548
1241.000 0.549
1242.000 0.549
1243.000 0.550
1244.000 0.550
1245.000 0.550
1246.000 0.550
1247.000 0.550
1248.000 0.551
1249.000 0.552
1250.000 0.552
1251.000 0.552
1252.000 0.553
1253.000 0.552
1254.000 0.553
1255.000 0.554
1256.000 0.554
1257.000 0.554
1258.000 0.555
1259.000 0.555
1260.000 0.556
1261.000 0.557
1262.000 0.557
1263.000 0.558
1264.000 0.557
1265.000 0.557
1266.000 0.558
1267.000 0.558
1268.000 0.558
1269.000 0.559
1270.000 0.559
1271.000 0.559
1272.000 0.559
1273.000 0.559
1274.000 0.558
1275.000 0.558
1276.000 0.559
1277.000 0.559
1278.000 0.559
1279.000 0.559
1280.000 0.559
1281.000 0.559
1282.000 0.559
1283.000 0.559
1284.000 0.559
1285.000 0.558
1286.000 0.558
1287.000 0.559
1288.000 0.559
1289.000 0.559
1290.000 0.558
1291.000 0.558
1292.000 0.558
1293.000 0.558
1294.000 0.557
1295.000 0.556
1296.000 0.555
1297.000 0.554
1298.000 0.553
1299.000 0.552
1300.000 0.552
1301.000 0.552
1302.000 0.551
1303.000 0.551
1304.000 0.551
1305.000 0.550
1306.000 0.548
1307.000 0.546
1308.000 0.546
1309.000 0.543
1310.000 0.542
1311.000 0.542
1312.000 0.541
1313.000 0.541
1314.000 0.540
1315.000 0.538
1316.000 0.537
1317.000 0.535
1318.000 0.533
1319.000 0.532
1320.000 0.530
1321.000 0.528
1322.000 0.526
1323.000 0.525
1324.000 0.523
1325.000 0.522
1326.000 0.521
1327.000 0.520
1328.000 0.519
1329.000 0.518
1330.000 0.516
1331.000 0.514
1332.000 0.510
1333.000 0.507
1334.000 0.503
1335.000 0.501
1336.000 0.500
1337.000 0.498
1338.000 0.497
1339.000 0.495
1340.000 0.492
1341.000 0.490
1342.000 0.487
1343.000 0.485
1344.000 0.484
1345.000 0.484
1346.000 0.485
1347.000 0.487
1348.000 0.490
1349.000 0.495
1350.000 0.501
1351.000 0.516
1352.000 0.515
1353.000 0.469
1354.000 0.446
1355.000 0.395
1356.000 0.386
1357.000 0.477
1358.000 0.422
1359.000 0.398
1360.000 0.448
1361.000 0.583
1362.000 0.582
1363.000 0.549
1364.000 0.551
1365.000 0.641
1366.000 0.540
1367.000 0.509
1368.000 0.430
1369.000 0.369
1370.000 0.389
1371.000 0.298
1372.000 0.214
1373.000 0.227
1374.000 0.368
1375.000 0.319
1376.000 0.412
1377.000 0.493
1378.000 0.154
1379.000 0.474
1380.000 0.467
1381.000 0.481
1382.000 0.605
1383.000 0.504
1384.000 0.402
1385.000 0.436
1386.000 0.380
1387.000 0.402
1388.000 0.276
1389.000 0.371
1390.000 0.429
1391.000 0.467
1392.000 0.549
1393.000 0.519
1394.000 0.426
1395.000 0.401
1396.000 0.444
1397.000 0.344
1398.000 0.497
1399.000 0.592
1400.000 0.542
1401.000 0.406
1402.000 0.618
1403.000 0.523
1404.000 0.496
1405.000 0.384
1406.000 0.400
1407.000 0.351
1408.000 0.399
1409.000 0.400
1410.000 0.415
1411.000 0.358
1412.000 0.221
1413.000 0.281
1414.000 0.270
1415.000 0.218
1416.000 0.234
1417.000 0.276
1418.000 0.324
1419.000 0.342
1420.000 0.208
1421.000 0.198
1422.000 0.212
1423.000 0.199
1424.000 0.184
1425.000 0.196
1426.000 0.171
1427.000 0.179
1428.000 0.191
1429.000 0.227
1430.000 0.253
1431.000 0.259
1432.000 0.268
1433.000 0.256
1434.000 0.191
1435.000 0.198
1436.000 0.319
1437.000 0.121
1438.000 0.093
1439.000 0.305
1440.000 0.290
1441.000 0.081
1442.000 0.123
1443.000 0.317
1444.000 0.234
1445.000 0.255
1446.000 0.233
1447.000 0.206
1448.000 0.204
1449.000 0.184
1450.000 0.174
1451.000 0.173
1452.000 0.160
1453.000 0.164
1454.000 0.171
1455.000 0.174
1456.000 0.183
1457.000 0.186
1458.000 0.184
1459.000 0.177
1460.000 0.171
1461.000 0.167
1462.000 0.162
1463.000 0.162
1464.000 0.171
1465.000 0.175
1466.000 0.181
1467.000 0.186
1468.000 0.178
1469.000 0.180
1470.000 0.192
1471.000 0.186
1472.000 0.176
1473.000 0.170
1474.000 0.154
1475.000 0.153
1476.000 0.158
1477.000 0.163
1478.000 0.181
1479.000 0.190
1480.000 0.200
1481.000 0.204
1482.000 0.197
1483.000 0.196
1484.000 0.194
1485.000 0.192
1486.000 0.193
1487.000 0.192
1488.000 0.189
1489.000 0.190
1490.000 0.192
1491.000 0.196
1492.000 0.205
1493.000 0.210
1494.000 0.217
1495.000 0.220
1496.000 0.217
1497.000 0.217
1498.000 0.218
1499.000 0.218
1500.000 0.218
1501.000 0.218
1502.000 0.217
1503.000 0.216
1504.000 0.218
1505.000 0.220
1506.000 0.222
1507.000 0.224
1508.000 0.226
1509.000 0.228
1510.000 0.230
1511.000 0.232
1512.000 0.233
1513.000 0.234
1514.000 0.235
1515.000 0.235
1516.000 0.236
1517.000 0.235
1518.000 0.236
1519.000 0.238
1520.000 0.240
1521.000 0.245
1522.000 0.248
1523.000 0.249
1524.000 0.252
1525.000 0.252
1526.000 0.254
1527.000 0.256
1528.000 0.259
1529.000 0.262
1530.000 0.264
1531.000 0.266
1532.000 0.268
1533.000 0.268
1534.000 0.270
1535.000 0.272
1536.000 0.273
1537.000 0.275
1538.000 0.276
1539.000 0.279
1540.000 0.280
1541.000 0.283
1542.000 0.284
1543.000 0.284
1544.000 0.285
1545.000 0.287
1546.000 0.288
1547.000 0.288
1548.000 0.289
1549.000 0.290
1550.000 0.291
1551.000 0.294
1552.000 0.295
1553.000 0.296
1554.000 0.297
1555.000 0.299
1556.000 0.299
1557.000 0.302
1558.000 0.303
1559.000 0.304
1560.000 0.305
1561.000 0.305
1562.000 0.306
1563.000 0.307
1564.000 0.309
1565.000 0.310
1566.000 0.311
1567.000 0.312
1568.000 0.314
1569.000 0.319
1570.000 0.322
1571.000 0.324
1572.000 0.326
1573.000 0.326
1574.000 0.327
1575.000 0.327
1576.000 0.328
1577.000 0.330
1578.000 0.330
1579.000 0.330
1580.000 0.331
1581.000 0.329
1582.000 0.330
1583.000 0.331
1584.000 0.332
1585.000 0.331
1586.000 0.332
1587.000 0.334
1588.000 0.335
1589.000 0.338
1590.000 0.340
1591.000 0.341
1592.000 0.342
1593.000 0.344
1594.000 0.345
1595.000 0.347
1596.000 0.349
1597.000 0.350
1598.000 0.351
1599.000 0.351
1600.000 0.352
1601.000 0.354
1602.000 0.354
1603.000 0.355
1604.000 0.356
1605.000 0.356
1606.000 0.356
1607.000 0.358
1608.000 0.359
1609.000 0.361
1610.000 0.362
1611.000 0.360
1612.000 0.361
1613.000 0.361
1614.000 0.361
1615.000 0.363
1616.000 0.364
1617.000 0.364
1618.000 0.364
1619.000 0.367
1620.000 0.367
1621.000 0.368
1622.000 0.369
1623.000 0.371
1624.000 0.371
1625.000 0.372
1626.000 0.373
1627.000 0.373
1628.000 0.374
1629.000 0.377
1630.000 0.378
1631.000 0.380
1632.000 0.380
1633.000 0.381
1634.000 0.381
1635.000 0.380
1636.000 0.379
1637.000 0.380
1638.000 0.380
1639.000 0.382
1640.000 0.382
1641.000 0.383
1642.000 0.383
1643.000 0.383
1644.000 0.383
1645.000 0.383
1646.000 0.383
1647.000 0.385
1648.000 0.386
1649.000 0.385
1650.000 0.386
1651.000 0.386
1652.000 0.386
1653.000 0.388
1654.000 0.389
1655.000 0.386
1656.000 0.387
1657.000 0.389
1658.000 0.388
1659.000 0.388
1660.000 0.388
1661.000 0.388
1662.000 0.388
1663.000 0.390
1664.000 0.392
1665.000 0.391
1666.000 0.391
1667.000 0.393
1668.000 0.393
1669.000 0.393
1670.000 0.394
1671.000 0.393
1672.000 0.393
1673.000 0.394
1674.000 0.394
1675.000 0.394
1676.000 0.394
1677.000 0.393
1678.000 0.394
1679.000 0.395
1680.000 0.395
1681.000 0.396
1682.000 0.395
1683.000 0.394
1684.000 0.393
1685.000 0.391
1686.000 0.390
1687.000 0.390
1688.000 0.389
1689.000 0.388
1690.000 0.388
1691.000 0.388
1692.000 0.388
1693.000 0.390
1694.000 0.391
1695.000 0.389
1696.000 0.389
1697.000 0.389
1698.000 0.389
1699.000 0.388
1700.000 0.388
1701.000 0.388
1702.000 0.388
1703.000 0.386
1704.000 0.385
1705.000 0.384
1706.000 0.383
1707.000 0.384
1708.000 0.384
1709.000 0.384
1710.000 0.384
1711.000 0.384
1712.000 0.383
1713.000 0.383
1714.000 0.383
1715.000 0.384
1716.000 0.383
1717.000 0.382
1718.000 0.382
1719.000 0.382
1720.000 0.383
1721.000 0.385
1722.000 0.383
1723.000 0.381
1724.000 0.379
1725.000 0.376
1726.000 0.377
1727.000 0.377
1728.000 0.377
1729.000 0.377
1730.000 0.375
1731.000 0.372
1732.000 0.370
1733.000 0.367
1734.000 0.365
1735.000 0.363
1736.000 0.363
1737.000 0.363
1738.000 0.365
1739.000 0.366
1740.000 0.364
1741.000 0.365
1742.000 0.366
1743.000 0.367
1744.000 0.369
1745.000 0.368
1746.000 0.361
1747.000 0.360
1748.000 0.362
1749.000 0.361
1750.000 0.364
1751.000 0.364
1752.000 0.360
1753.000 0.359
1754.000 0.360
1755.000 0.361
1756.000 0.363
1757.000 0.365
1758.000 0.366
1759.000 0.364
1760.000 0.361
1761.000 0.359
1762.000 0.358
1763.000 0.356
1764.000 0.356
1765.000 0.357
1766.000 0.361
1767.000 0.363
1768.000 0.364
1769.000 0.360
1770.000 0.351
1771.000 0.344
1772.000 0.341
1773.000 0.338
1774.000 0.340
1775.000 0.343
1776.000 0.342
1777.000 0.343
1778.000 0.342
1779.000 0.338
1780.000 0.339
1781.000 0.337
1782.000 0.342
1783.000 0.356
1784.000 0.361
1785.000 0.356
1786.000 0.353
1787.000 0.337
1788.000 0.334
1789.000 0.342
1790.000 0.348
1791.000 0.361
1792.000 0.381
1793.000 0.384
1794.000 0.366
1795.000 0.353
1796.000 0.362
1797.000 0.401
1798.000 0.413
1799.000 0.400
1800.000 0.326
1801.000 0.419
1802.000 0.480
1803.000 0.476
1804.000 0.580
1805.000 0.600
1806.000 0.627
1807.000 0.631
1808.000 0.645
1809.000 0.580
1810.000 0.550
1811.000 0.495
1812.000 0.394
1813.000 0.437
1814.000 0.465
1815.000 0.520
1816.000 0.617
1817.000 0.712
1818.000 0.685
1819.000 0.442
1820.000 0.482
1821.000 0.392
1822.000 0.582
1823.000 0.628
1824.000 0.480
1825.000 0.544
1826.000 0.595
1827.000 0.592
1828.000 0.661
1829.000 0.677
1830.000 0.590
1831.000 0.538
1832.000 0.512
1833.000 0.457
1834.000 0.337
1835.000 0.356
1836.000 0.333
1837.000 0.385
1838.000 0.384
1839.000 0.338
1840.000 0.332
1841.000 0.413
1842.000 0.549
1843.000 0.361
1844.000 0.182
1845.000 0.171
1846.000 0.276
1847.000 0.287
1848.000 0.268
1849.000 0.325
1850.000 0.362
1851.000 0.387
1852.000 0.373
1853.000 0.451
1854.000 0.338
1855.000 0.383
1856.000 0.512
1857.000 0.477
1858.000 0.392
1859.000 0.324
1860.000 0.300
1861.000 0.325
1862.000 0.328
1863.000 0.352
1864.000 0.303
1865.000 0.343
1866.000 0.383
1867.000 0.501
1868.000 0.643
1869.000 0.679
1870.000 0.658
1871.000 0.592
1872.000 0.383
1873.000 0.448
1874.000 0.532
1875.000 0.475
1876.000 0.309
1877.000 0.355
1878.000 0.466
1879.000 0.669
1880.000 0.617
1881.000 0.488
1882.000 0.616
1883.000 0.650
1884.000 0.510
1885.000 0.514
1886.000 0.631
1887.000 0.551
1888.000 0.543
1889.000 0.534
1890.000 0.622
1891.000 0.622
1892.000 0.630
1893.000 0.364
1894.000 0.481
1895.000 0.585
1896.000 0.626
1897.000 0.648
1898.000 0.456
1899.000 0.548
1900.000 0.518
1901.000 0.546
1902.000 0.556
1903.000 0.418
1904.000 0.469
1905.000 0.362
1906.000 0.400
1907.000 0.490
1908.000 0.494
1909.000 0.402
1910.000 0.471
1911.000 0.475
1912.000 0.463
1913.000 0.421
1914.000 0.402
1915.000 0.503
1916.000 0.659
1917.000 0.754
1918.000 0.661
1919.000 0.646
1920.000 0.514
1921.000 0.436
1922.000 0.555
1923.000 0.503
1924.000 0.455
1925.000 0.483
1926.000 0.449
1927.000 0.632
1928.000 0.711
1929.000 0.785
1930.000 0.607
1931.000 0.623
1932.000 0.540
1933.000 0.661
1934.000 0.445
1935.000 0.492
1936.000 0.405
1937.000 0.339
1938.000 0.435
1939.000 0.608
1940.000 0.659
1941.000 0.554
1942.000 0.506
1943.000 0.470
1944.000 0.433
1945.000 0.512
1946.000 0.426
1947.000 0.567
1948.000 0.379
1949.000 0.369
1950.000 0.351
1951.000 0.403
1952.000 0.402
1953.000 0.435
1954.000 0.381
1955.000 0.428
1956.000 0.436
1957.000 0.381
1958.000 0.418
1959.000 0.397
1960.000 0.220
1961.000 0.204
1962.000 0.181
1963.000 0.143
1964.000 0.148
1965.000 0.197
1966.000 0.179
1967.000 0.208
1968.000 0.193
1969.000 0.178
1970.000 0.178
1971.000 0.193
1972.000 0.197
1973.000 0.187
1974.000 0.165
1975.000 0.154
1976.000 0.145
1977.000 0.144
1978.000 0.138
1979.000 0.148
1980.000 0.192
1981.000 0.186
1982.000 0.207
1983.000 0.226
1984.000 0.192
1985.000 0.153
1986.000 0.139
1987.000 0.108
1988.000 0.093
1989.000 0.092
1990.000 0.089
1991.000 0.103
1992.000 0.119
1993.000 0.121
1994.000 0.111
1995.000 0.116
1996.000 0.126
1997.000 0.148
1998.000 0.174
1999.000 0.183
2000.000 0.161
2001.000 0.175
2002.000 0.216
2003.000 0.191
2004.000 0.107
2005.000 0.133
2006.000 0.196
2007.000 0.355
2008.000 0.254
2009.000 0.241
2010.000 0.253
2011.000 0.250
2012.000 0.284
2013.000 0.296
2014.000 0.295
2015.000 0.274
2016.000 0.253
2017.000 0.259
2018.000 0.232
2019.000 0.198
2020.000 0.169
2021.000 0.143
2022.000 0.131
2023.000 0.128
2024.000 0.132
2025.000 0.142
2026.000 0.149
2027.000 0.154
2028.000 0.152
2029.000 0.154
2030.000 0.152
2031.000 0.151
2032.000 0.159
2033.000 0.156
2034.000 0.149
2035.000 0.151
2036.000 0.143
2037.000 0.138
2038.000 0.138
2039.000 0.138
2040.000 0.138
2041.000 0.155
2042.000 0.159
2043.000 0.158
2044.000 0.157
2045.000 0.147
2046.000 0.147
2047.000 0.148
2048.000 0.154
2049.000 0.184
2050.000 0.187
2051.000 0.192
2052.000 0.197
2053.000 0.179
2054.000 0.186
2055.000 0.199
2056.000 0.183
2057.000 0.179
2058.000 0.174
2059.000 0.172
2060.000 0.168
2061.000 0.167
2062.000 0.175
2063.000 0.175
2064.000 0.171
2065.000 0.172
2066.000 0.175
2067.000 0.174
2068.000 0.181
2069.000 0.191
2070.000 0.189
2071.000 0.187
2072.000 0.182
2073.000 0.169
2074.000 0.165
2075.000 0.161
2076.000 0.158
2077.000 0.152
2078.000 0.154
2079.000 0.164
2080.000 0.166
2081.000 0.171
2082.000 0.174
2083.000 0.174
2084.000 0.172
2085.000 0.165
2086.000 0.158
2087.000 0.155
2088.000 0.149
2089.000 0.150
2090.000 0.160
2091.000 0.166
2092.000 0.170
2093.000 0.171
2094.000 0.168
2095.000 0.170
2096.000 0.179
2097.000 0.186
2098.000 0.191
2099.000 0.199
2100.000 0.200
2101.000 0.190
2102.000 0.185
2103.000 0.182
2104.000 0.180
2105.000 0.182
2106.000 0.187
2107.000 0.201
2108.000 0.206
2109.000 0.213
2110.000 0.216
2111.000 0.205
2112.000 0.200
2113.000 0.198
2114.000 0.197
2115.000 0.199
2116.000 0.201
2117.000 0.201
2118.000 0.210
2119.000 0.220
2120.000 0.225
2121.000 0.219
2122.000 0.213
2123.000 0.208
2124.000 0.192
2125.000 0.188
2126.000 0.192
2127.000 0.195
2128.000 0.203
2129.000 0.206
2130.000 0.210
2131.000 0.210
2132.000 0.205
2133.000 0.204
2134.000 0.206
2135.000 0.208
2136.000 0.212
2137.000 0.211
2138.000 0.215
2139.000 0.216
2140.000 0.223
2141.000 0.228
2142.000 0.229
2143.000 0.229
2144.000 0.226
2145.000 0.217
2146.000 0.211
2147.000 0.207
2148.000 0.201
2149.000 0.193
2150.000 0.190
2151.000 0.187
2152.000 0.189
2153.000 0.206
2154.000 0.213
2155.000 0.221
2156.000 0.224
2157.000 0.228
2158.000 0.224
2159.000 0.216
2160.000 0.211
2161.000 0.209
2162.000 0.205
2163.000 0.209
2164.000 0.221
2165.000 0.223
2166.000 0.230
2167.000 0.234
2168.000 0.234
2169.000 0.236
2170.000 0.233
2171.000 0.236
2172.000 0.251
2173.000 0.252
2174.000 0.238
2175.000 0.235
2176.000 0.232
2177.000 0.224
2178.000 0.224
2179.000 0.221
2180.000 0.215
2181.000 0.214
2182.000 0.213
2183.000 0.213
2184.000 0.215
2185.000 0.221
2186.000 0.226
2187.000 0.238
2188.000 0.239
2189.000 0.236
2190.000 0.235
2191.000 0.226
2192.000 0.223
2193.000 0.226
2194.000 0.226
2195.000 0.226
2196.000 0.225
2197.000 0.218
2198.000 0.220
2199.000 0.227
2200.000 0.231
2201.000 0.239
2202.000 0.245
2203.000 0.247
2204.000 0.242
2205.000 0.232
2206.000 0.226
2207.000 0.222
2208.000 0.223
2209.000 0.226
2210.000 0.239
2211.000 0.239
2212.000 0.234
2213.000 0.234
2214.000 0.232
2215.000 0.234
2216.000 0.244
2217.000 0.244
2218.000 0.235
2219.000 0.232
2220.000 0.225
2221.000 0.221
2222.000 0.227
2223.000 0.230
2224.000 0.236
2225.000 0.238
2226.000 0.238
2227.000 0.232
2228.000 0.223
2229.000 0.222
2230.000 0.218
2231.000 0.216
2232.000 0.212
2233.000 0.204
2234.000 0.206
2235.000 0.204
2236.000 0.205
2237.000 0.216
2238.000 0.218
2239.000 0.215
2240.000 0.216
2241.000 0.216
2242.000 0.219
2243.000 0.225
2244.000 0.228
2245.000 0.230
2246.000 0.233
2247.000 0.239
2248.000 0.240
2249.000 0.235
2250.000 0.233
2251.000 0.226
2252.000 0.221
2253.000 0.222
2254.000 0.221
2255.000 0.224
2256.000 0.223
2257.000 0.227
2258.000 0.220
2259.000 0.212
2260.000 0.201
2261.000 0.196
2262.000 0.201
2263.000 0.207
2264.000 0.217
2265.000 0.226
2266.000 0.214
2267.000 0.212
2268.000 0.204
2269.000 0.198
2270.000 0.202
2271.000 0.199
2272.000 0.200
2273.000 0.198
2274.000 0.192
2275.000 0.192
2276.000 0.194
2277.000 0.192
2278.000 0.188
2279.000 0.187
2280.000 0.175
2281.000 0.174
2282.000 0.184
2283.000 0.191
2284.000 0.196
2285.000 0.201
2286.000 0.201
2287.000 0.199
2288.000 0.193
2289.000 0.193
2290.000 0.196
2291.000 0.197
2292.000 0.202
2293.000 0.203
2294.000 0.201
2295.000 0.197
2296.000 0.192
2297.000 0.186
2298.000 0.208
2299.000 0.213
2300.000 0.187
2301.000 0.187
2302.000 0.183
2303.000 0.168
2304.000 0.167
2305.000 0.174
2306.000 0.186
2307.000 0.209
2308.000 0.208
2309.000 0.203
2310.000 0.208
2311.000 0.199
2312.000 0.190
2313.000 0.200
2314.000 0.194
2315.000 0.217
2316.000 0.268
2317.000 0.281
2318.000 0.247
2319.000 0.219
2320.000 0.185
2321.000 0.182
2322.000 0.165
2323.000 0.193
2324.000 0.218
2325.000 0.240
2326.000 0.225
2327.000 0.169
2328.000 0.154
2329.000 0.136
2330.000 0.137
2331.000 0.169
2332.000 0.183
2333.000 0.200
2334.000 0.208
2335.000 0.212
2336.000 0.210
2337.000 0.175
2338.000 0.174
2339.000 0.168
2340.000 0.163
2341.000 0.167
2342.000 0.177
2343.000 0.207
2344.000 0.201
2345.000 0.190
2346.000 0.191
2347.000 0.206
2348.000 0.204
2349.000 0.179
2350.000 0.193
2351.000 0.270
2352.000 0.292
2353.000 0.344
2354.000 0.309
2355.000 0.304
2356.000 0.338
2357.000 0.300
2358.000 0.333
2359.000 0.218
2360.000 0.184
2361.000 0.157
2362.000 0.145
2363.000 0.137
2364.000 0.136
2365.000 0.149
2366.000 0.123
2367.000 0.117
2368.000 0.080
2369.000 0.060
2370.000 0.083
2371.000 0.083
2372.000 0.140
2373.000 0.130
2374.000 0.122
2375.000 0.157
2376.000 0.145
2377.000 0.157
2378.000 0.218
2379.000 0.253
2380.000 0.274
2381.000 0.253
2382.000 0.305
2383.000 0.220
2384.000 0.231
2385.000 0.161
2386.000 0.155
2387.000 0.258
2388.000 0.230
2389.000 0.203
2390.000 0.167
2391.000 0.289
2392.000 0.186
2393.000 0.143
2394.000 0.113
2395.000 0.110
2396.000 0.169
2397.000 0.269
2398.000 0.395
2399.000 0.242
2400.000 0.083
2401.000 0.163
2402.000 0.188
2403.000 0.241
2404.000 0.248
2405.000 0.257
2406.000 0.274
2407.000 0.150
2408.000 0.144
2409.000 0.161
2410.000 0.159
2411.000 0.361
2412.000 0.316
2413.000 0.311
2414.000 0.374
2415.000 0.137
2416.000 0.331
2417.000 0.377
2418.000 0.249
2419.000 0.286
2420.000 0.348
2421.000 0.228
2422.000 0.401
2423.000 0.410
2424.000 0.353
2425.000 0.322
2426.000 0.317
2427.000 0.265
2428.000 0.231
2429.000 0.174
2430.000 0.154
2431.000 0.232
2432.000 0.238
2433.000 0.280
2434.000 0.278
2435.000 0.249
2436.000 0.177
2437.000 0.242
2438.000 0.175
2439.000 0.330
2440.000 0.349
2441.000 0.348
2442.000 0.394
2443.000 0.398
2444.000 0.338
2445.000 0.375
2446.000 0.397
2447.000 0.320
2448.000 0.263
2449.000 0.289
2450.000 0.425
2451.000 0.567
2452.000 0.366
2453.000 0.236
2454.000 0.422
2455.000 0.416
2456.000 0.500
2457.000 0.305
2458.000 0.468
2459.000 0.464
2460.000 0.365
2461.000 0.349
2462.000 0.382
2463.000 0.456
2464.000 0.300
2465.000 0.308
2466.000 0.188
2467.000 0.215
2468.000 0.168
2469.000 0.308
2470.000 0.379
2471.000 0.512
2472.000 0.580
2473.000 0.194
2474.000 0.203
2475.000 0.323
2476.000 0.440
2477.000 0.418
2478.000 0.301
2479.000 0.342
2480.000 0.319
2481.000 0.453
2482.000 0.644
2483.000 0.725
2484.000 0.482
2485.000 0.527
2486.000 0.561
2487.000 0.564
2488.000 0.452
2489.000 0.313
2490.000 0.286
2491.000 0.543
2492.000 0.503
2493.000 0.358
2494.000 0.417
2495.000 0.447
2496.000 0.434
2497.000 0.412
2498.000 0.499
2499.000 0.503
2500.000 0.458
