391.000 0.032
392.000 0.033
393.000 0.036
394.000 0.034
395.000 0.035
396.000 0.036
397.000 0.035
398.000 0.038
399.000 0.038
400.000 0.035
401.000 0.033
402.000 0.031
403.000 0.033
404.000 0.034
405.000 0.034
406.000 0.034
407.000 0.035
408.000 0.037
409.000 0.036
410.000 0.036
411.000 0.037
412.000 0.038
413.000 0.037
414.000 0.037
415.000 0.037
416.000 0.035
417.000 0.036
418.000 0.036
419.000 0.036
420.000 0.036
421.000 0.036
422.000 0.036
423.000 0.036
424.000 0.038
425.000 0.038
426.000 0.037
427.000 0.036
428.000 0.037
429.000 0.036
430.000 0.036
431.000 0.037
432.000 0.038
433.000 0.037
434.000 0.037
435.000 0.036
436.000 0.037
437.000 0.039
438.000 0.038
439.000 0.038
440.000 0.038
441.000 0.037
442.000 0.038
443.000 0.038
444.000 0.039
445.000 0.039
446.000 0.038
447.000 0.037
448.000 0.038
449.000 0.038
450.000 0.038
451.000 0.038
452.000 0.039
453.000 0.037
454.000 0.038
455.000 0.040
456.000 0.040
457.000 0.039
458.000 0.039
459.000 0.039
460.000 0.039
461.000 0.039
462.000 0.039
463.000 0.040
464.000 0.039
465.000 0.039
466.000 0.039
467.000 0.038
468.000 0.040
469.000 0.040
470.000 0.039
471.000 0.040
472.000 0.040
473.000 0.040
474.000 0.039
475.000 0.039
476.000 0.040
477.000 0.040
478.000 0.039
479.000 0.039
480.000 0.040
481.000 0.040
482.000 0.040
483.000 0.041
484.000 0.040
485.000 0.039
486.000 0.039
487.000 0.040
488.000 0.041
489.000 0.040
490.000 0.039
491.000 0.040
492.000 0.041
493.000 0.042
494.000 0.041
495.000 0.041
496.000 0.042
497.000 0.042
498.000 0.042
499.000 0.042
500.000 0.043
501.000 0.043
502.000 0.043
503.000 0.043
504.000 0.045
505.000 0.045
506.000 0.044
507.000 0.046
508.000 0.046
509.000 0.047
510.000 0.048
511.000 0.048
512.000 0.049
513.000 0.051
514.000 0.052
515.000 0.053
516.000 0.055
517.000 0.058
518.000 0.059
519.000 0.061
520.000 0.062
521.000 0.064
522.000 0.066
523.000 0.068
524.000 0.069
525.000 0.071
526.000 0.074
527.000 0.076
528.000 0.077
529.000 0.079
530.000 0.080
531.000 0.082
532.000 0.083
533.000 0.084
534.000 0.085
535.000 0.086
536.000 0.088
537.000 0.088
538.000 0.088
539.000 0.089
540.000 0.089
541.000 0.090
542.000 0.090
543.000 0.090
544.000 0.091
545.000 0.091
546.000 0.092
547.000 0.092
548.000 0.092
549.000 0.092
550.000 0.092
551.000 0.092
552.000 0.092
553.000 0.092
554.000 0.092
555.000 0.091
556.000 0.091
557.000 0.091
558.000 0.090
559.000 0.090
560.000 0.089
561.000 0.088
562.000 0.087
563.000 0.086
564.000 0.085
565.000 0.083
566.000 0.083
567.000 0.082
568.000 0.080
569.000 0.079
570.000 0.078
571.000 0.076
572.000 0.074
573.000 0.074
574.000 0.073
575.000 0.072
576.000 0.071
577.000 0.070
578.000 0.069
579.000 0.069
580.000 0.069
581.000 0.067
582.000 0.066
583.000 0.065
584.000 0.065
585.000 0.064
586.000 0.064
587.000 0.064
588.000 0.063
589.000 0.063
590.000 0.062
591.000 0.062
592.000 0.061
593.000 0.061
594.000 0.061
595.000 0.061
596.000 0.061
597.000 0.060
598.000 0.060
599.000 0.060
600.000 0.060
601.000 0.060
602.000 0.060
603.000 0.059
604.000 0.059
605.000 0.059
606.000 0.059
607.000 0.059
608.000 0.059
609.000 0.058
610.000 0.057
611.000 0.057
612.000 0.057
613.000 0.055
614.000 0.055
615.000 0.056
616.000 0.055
617.000 0.054
618.000 0.054
619.000 0.054
620.000 0.054
621.000 0.053
622.000 0.053
623.000 0.054
624.000 0.054
625.000 0.054
626.000 0.054
627.000 0.053
628.000 0.053
629.000 0.054
630.000 0.053
631.000 0.053
632.000 0.054
633.000 0.054
634.000 0.054
635.000 0.053
636.000 0.052
637.000 0.053
638.000 0.053
639.000 0.052
640.000 0.051
641.000 0.051
642.000 0.050
643.000 0.050
644.000 0.050
645.000 0.050
646.000 0.049
647.000 0.048
648.000 0.049
649.000 0.049
650.000 0.049
651.000 0.048
652.000 0.048
653.000 0.048
654.000 0.049
655.000 0.049
656.000 0.049
657.000 0.049
658.000 0.049
659.000 0.048
660.000 0.049
661.000 0.050
662.000 0.050
663.000 0.048
664.000 0.048
665.000 0.049
666.000 0.049
667.000 0.049
668.000 0.049
669.000 0.049
670.000 0.050
671.000 0.051
672.000 0.051
673.000 0.051
674.000 0.053
675.000 0.053
676.000 0.052
677.000 0.052
678.000 0.054
679.000 0.055
680.000 0.055
681.000 0.055
682.000 0.056
683.000 0.056
684.000 0.058
685.000 0.058
686.000 0.060
687.000 0.061
688.000 0.064
689.000 0.064
690.000 0.064
691.000 0.065
692.000 0.067
693.000 0.071
694.000 0.075
695.000 0.081
696.000 0.084
697.000 0.088
698.000 0.093
699.000 0.100
700.000 0.106
701.000 0.113
702.000 0.120
703.000 0.127
704.000 0.134
705.000 0.141
706.000 0.148
707.000 0.156
708.000 0.163
709.000 0.170
710.000 0.178
711.000 0.186
712.000 0.193
713.000 0.201
714.000 0.209
715.000 0.217
716.000 0.225
717.000 0.232
718.000 0.241
719.000 0.249
720.000 0.258
721.000 0.267
722.000 0.275
723.000 0.282
724.000 0.290
725.000 0.298
726.000 0.306
727.000 0.314
728.000 0.322
729.000 0.329
730.000 0.337
731.000 0.344
732.000 0.352
733.000 0.359
734.000 0.366
735.000 0.372
736.000 0.378
737.000 0.384
738.000 0.390
739.000 0.395
740.000 0.401
741.000 0.405
742.000 0.410
743.000 0.414
744.000 0.418
745.000 0.422
746.000 0.425
747.000 0.428
748.000 0.431
749.000 0.434
750.000 0.437
751.000 0.438
752.000 0.441
753.000 0.443
754.000 0.445
755.000 0.446
756.000 0.448
757.000 0.449
758.000 0.449
759.000 0.448
760.000 0.447
761.000 0.445
762.000 0.442
763.000 0.443
764.000 0.445
765.000 0.449
766.000 0.452
767.000 0.455
768.000 0.457
769.000 0.459
770.000 0.460
771.000 0.461
772.000 0.462
773.000 0.463
774.000 0.463
775.000 0.463
776.000 0.464
777.000 0.465
778.000 0.465
779.000 0.466
780.000 0.466
781.000 0.466
782.000 0.467
783.000 0.467
784.000 0.467
785.000 0.467
786.000 0.467
787.000 0.467
788.000 0.467
789.000 0.466
790.000 0.466
791.000 0.467
792.000 0.467
793.000 0.468
794.000 0.469
795.000 0.469
796.000 0.469
797.000 0.469
798.000 0.469
799.000 0.469
800.000 0.470
801.000 0.469
802.000 0.470
803.000 0.470
804.000 0.471
805.000 0.472
806.000 0.473
807.000 0.473
808.000 0.473
809.000 0.473
810.000 0.472
811.000 0.471
812.000 0.470
813.000 0.469
814.000 0.467
815.000 0.466
816.000 0.466
817.000 0.466
818.000 0.467
819.000 0.468
820.000 0.469
821.000 0.469
822.000 0.470
823.000 0.471
824.000 0.471
825.000 0.472
826.000 0.472
827.000 0.472
828.000 0.473
829.000 0.473
830.000 0.474
831.000 0.475
832.000 0.475
833.000 0.477
834.000 0.478
835.000 0.479
836.000 0.479
837.000 0.480
838.000 0.481
839.000 0.481
840.000 0.482
841.000 0.483
842.000 0.484
843.000 0.485
844.000 0.485
845.000 0.486
846.000 0.486
847.000 0.486
848.000 0.487
849.000 0.487
850.000 0.488
851.000 0.488
852.000 0.488
853.000 0.488
854.000 0.489
855.000 0.490
856.000 0.490
857.000 0.490
858.000 0.490
859.000 0.490
860.000 0.491
861.000 0.491
862.000 0.491
863.000 0.492
864.000 0.492
865.000 0.493
866.000 0.494
867.000 0.494
868.000 0.494
869.000 0.493
870.000 0.494
871.000 0.494
872.000 0.494
873.000 0.495
874.000 0.495
875.000 0.495
876.000 0.495
877.000 0.495
878.000 0.495
879.000 0.495
880.000 0.496
881.000 0.496
882.000 0.496
883.000 0.496
884.000 0.496
885.000 0.496
886.000 0.497
887.000 0.497
888.000 0.497
889.000 0.497
890.000 0.496
891.000 0.495
892.000 0.494
893.000 0.493
894.000 0.492
895.000 0.491
896.000 0.490
897.000 0.488
898.000 0.488
899.000 0.487
900.000 0.486
901.000 0.487
902.000 0.487
903.000 0.486
904.000 0.487
905.000 0.486
906.000 0.487
907.000 0.488
908.000 0.487
909.000 0.487
910.000 0.486
911.000 0.485
912.000 0.485
913.000 0.484
914.000 0.484
915.000 0.485
916.000 0.485
917.000 0.486
918.000 0.487
919.000 0.488
920.000 0.488
921.000 0.487
922.000 0.489
923.000 0.489
924.000 0.488
925.000 0.486
926.000 0.484
927.000 0.483
928.000 0.482
929.000 0.480
930.000 0.477
931.000 0.473
932.000 0.471
933.000 0.470
934.000 0.468
935.000 0.461
936.000 0.460
937.000 0.460
938.000 0.460
939.000 0.458
940.000 0.458
941.000 0.459
942.000 0.459
943.000 0.459
944.000 0.460
945.000 0.463
946.000 0.463
947.000 0.459
948.000 0.459
949.000 0.458
950.000 0.458
951.000 0.461
952.000 0.461
953.000 0.458
954.000 0.457
955.000 0.462
956.000 0.460
957.000 0.460
958.000 0.463
959.000 0.465
960.000 0.462
961.000 0.461
962.000 0.463
963.000 0.466
964.000 0.471
965.000 0.471
966.000 0.471
967.000 0.474
968.000 0.473
969.000 0.473
970.000 0.474
971.000 0.476
972.000 0.478
973.000 0.477
974.000 0.477
975.000 0.478
976.000 0.480
977.000 0.479
978.000 0.480
979.000 0.482
980.000 0.483
981.000 0.483
982.000 0.484
983.000 0.486
984.000 0.487
985.000 0.487
986.000 0.488
987.000 0.488
988.000 0.492
989.000 0.491
990.000 0.491
991.000 0.493
992.000 0.494
993.000 0.495
994.000 0.495
995.000 0.496
996.000 0.497
997.000 0.496
998.000 0.497
999.000 0.498
1000.000 0.499
1001.000 0.502
1002.000 0.502
1003.000 0.503
1004.000 0.504
1005.000 0.505
1006.000 0.506
1007.000 0.508
1008.000 0.508
1009.000 0.507
1010.000 0.508
1011.000 0.508
1012.000 0.508
1013.000 0.509
1014.000 0.509
1015.000 0.510
1016.000 0.511
1017.000 0.511
1018.000 0.513
1019.000 0.513
1020.000 0.512
1021.000 0.512
1022.000 0.512
1023.000 0.512
1024.000 0.513
1025.000 0.514
1026.000 0.515
1027.000 0.514
1028.000 0.515
1029.000 0.516
1030.000 0.516
1031.000 0.518
1032.000 0.518
1033.000 0.518
1034.000 0.518
1035.000 0.519
1036.000 0.518
1037.000 0.519
1038.000 0.520
1039.000 0.521
1040.000 0.521
1041.000 0.521
1042.000 0.521
1043.000 0.521
1044.000 0.521
1045.000 0.521
1046.000 0.522
1047.000 0.523
1048.000 0.523
1049.000 0.523
1050.000 0.523
1051.000 0.523
1052.000 0.524
1053.000 0.524
1054.000 0.525
1055.000 0.525
1056.000 0.525
1057.000 0.526
1058.000 0.525
1059.000 0.525
1060.000 0.525
1061.000 0.526
1062.000 0.526
1063.000 0.526
1064.000 0.525
1065.000 0.525
1066.000 0.525
1067.000 0.526
1068.000 0.526
1069.000 0.527
1070.000 0.527
1071.000 0.526
1072.000 0.526
1073.000 0.526
1074.000 0.526
1075.000 0.526
1076.000 0.527
1077.000 0.527
1078.000 0.527
1079.000 0.527
1080.000 0.527
1081.000 0.527
1082.000 0.527
1083.000 0.528
1084.000 0.527
1085.000 0.527
1086.000 0.526
1087.000 0.525
1088.000 0.524
1089.000 0.524
1090.000 0.524
1091.000 0.524
1092.000 0.524
1093.000 0.524
1094.000 0.524
1095.000 0.523
1096.000 0.521
1097.000 0.520
1098.000 0.519
1099.000 0.517
1100.000 0.517
1101.000 0.517
1102.000 0.516
1103.000 0.515
1104.000 0.513
1105.000 0.511
1106.000 0.511
1107.000 0.511
1108.000 0.509
1109.000 0.509
1110.000 0.508
1111.000 0.505
1112.000 0.501
1113.000 0.499
1114.000 0.497
1115.000 0.495
1116.000 0.494
1117.000 0.491
1118.000 0.488
1119.000 0.486
1120.000 0.484
1121.000 0.485
1122.000 0.487
1123.000 0.486
1124.000 0.481
1125.000 0.478
1126.000 0.470
1127.000 0.468
1128.000 0.472
1129.000 0.477
1130.000 0.479
1131.000 0.481
1132.000 0.479
1133.000 0.476
1134.000 0.474
1135.000 0.473
1136.000 0.475
1137.000 0.475
1138.000 0.477
1139.000 0.478
1140.000 0.477
1141.000 0.472
1142.000 0.471
1143.000 0.469
1144.000 0.467
1145.000 0.469
1146.000 0.468
1147.000 0.465
1148.000 0.463
1149.000 0.461
1150.000 0.461
1151.000 0.462
1152.000 0.463
1153.000 0.463
1154.000 0.464
1155.000 0.464
1156.000 0.465
1157.000 0.465
1158.000 0.465
1159.000 0.466
1160.000 0.467
1161.000 0.469
1162.000 0.471
1163.000 0.473
1164.000 0.474
1165.000 0.474
1166.000 0.474
1167.000 0.474
1168.000 0.474
1169.000 0.474
1170.000 0.475
1171.000 0.476
1172.000 0.477
1173.000 0.477
1174.000 0.477
1175.000 0.477
1176.000 0.477
1177.000 0.476
1178.000 0.476
1179.000 0.476
1180.000 0.476
1181.000 0.476
1182.000 0.476
1183.000 0.475
1184.000 0.475
1185.000 0.475
1186.000 0.475
1187.000 0.476
1188.000 0.476
1189.000 0.476
1190.000 0.477
1191.000 0.477
1192.000 0.477
1193.000 0.477
1194.000 0.478
1195.000 0.478
1196.000 0.479
1197.000 0.479
1198.000 0.479
1199.000 0.479
1200.000 0.480
1201.000 0.480
1202.000 0.480
1203.000 0.481
1204.000 0.480
1205.000 0.481
1206.000 0.481
1207.000 0.482
1208.000 0.482
1209.000 0.483
1210.000 0.483
1211.000 0.483
1212.000 0.483
1213.000 0.484
1214.000 0.484
1215.000 0.485
1216.000 0.486
1217.000 0.487
1218.000 0.487
1219.000 0.488
1220.000 0.488
1221.000 0.489
1222.000 0.489
1223.000 0.489
1224.000 0.490
1225.000 0.491
1226.000 0.491
1227.000 0.492
1228.000 0.493
1229.000 0.494
1230.000 0.494
1231.000 0.495
1232.000 0.496
1233.000 0.497
1234.000 0.497
1235.000 0.497
1236.000 0.497
1237.000 0.498
1238.000 0.499
1239.000 0.499
1240.000 0.500
1241.000 0.500
1242.000 0.500
1243.000 0.501
1244.000 0.501
1245.000 0.501
1246.000 0.502
1247.000 0.502
1248.000 0.502
1249.000 0.503
1250.000 0.502
1251.000 0.502
1252.000 0.502
1253.000 0.502
1254.000 0.502
1255.000 0.502
1256.000 0.502
1257.000 0.502
1258.000 0.502
1259.000 0.501
1260.000 0.502
1261.000 0.501
1262.000 0.501
1263.000 0.500
1264.000 0.500
1265.000 0.500
1266.000 0.500
1267.000 0.501
1268.000 0.501
1269.000 0.501
1270.000 0.501
1271.000 0.502
1272.000 0.502
1273.000 0.502
1274.000 0.503
1275.000 0.503
1276.000 0.505
1277.000 0.506
1278.000 0.506
1279.000 0.506
1280.000 0.506
1281.000 0.506
1282.000 0.506
1283.000 0.506
1284.000 0.506
1285.000 0.506
1286.000 0.506
1287.000 0.506
1288.000 0.506
1289.000 0.506
1290.000 0.505
1291.000 0.505
1292.000 0.504
1293.000 0.503
1294.000 0.502
1295.000 0.501
1296.000 0.500
1297.000 0.499
1298.000 0.499
1299.000 0.498
1300.000 0.497
1301.000 0.496
1302.000 0.495
1303.000 0.494
1304.000 0.494
1305.000 0.493
1306.000 0.492
1307.000 0.491
1308.000 0.490
1309.000 0.488
1310.000 0.487
1311.000 0.486
1312.000 0.485
1313.000 0.484
1314.000 0.482
1315.000 0.480
1316.000 0.478
1317.000 0.477
1318.000 0.475
1319.000 0.475
1320.000 0.475
1321.000 0.474
1322.000 0.470
1323.000 0.469
1324.000 0.465
1325.000 0.463
1326.000 0.462
1327.000 0.460
1328.000 0.457
1329.000 0.454
1330.000 0.451
1331.000 0.449
1332.000 0.449
1333.000 0.446
1334.000 0.443
1335.000 0.440
1336.000 0.438
1337.000 0.436
1338.000 0.437
1339.000 0.436
1340.000 0.434
1341.000 0.433
1342.000 0.436
1343.000 0.437
1344.000 0.441
1345.000 0.444
1346.000 0.439
1347.000 0.436
1348.000 0.433
1349.000 0.425
1350.000 0.420
1351.000 0.417
1352.000 0.425
1353.000 0.469
1354.000 0.548
1355.000 0.656
1356.000 0.503
1357.000 0.404
1358.000 0.358
1359.000 0.529
1360.000 0.483
1361.000 0.445
1362.000 0.389
1363.000 0.180
1364.000 0.194
1365.000 0.282
1366.000 0.346
1367.000 0.345
1368.000 0.438
1369.000 0.495
1370.000 0.462
1371.000 0.161
1372.000 0.178
1373.000 0.114
1374.000 0.318
1375.000 0.377
1376.000 0.421
1377.000 0.335
1378.000 0.426
1379.000 0.473
1380.000 0.570
1381.000 0.564
1382.000 0.492
1383.000 0.619
1384.000 0.467
1385.000 0.348
1386.000 0.129
1387.000 0.163
1388.000 0.186
1389.000 0.385
1390.000 0.563
1391.000 0.688
1392.000 0.668
1393.000 0.790
1394.000 0.329
1395.000 0.291
1396.000 0.398
1397.000 0.424
1398.000 0.696
1399.000 0.799
1400.000 0.651
1401.000 0.522
1402.000 0.394
1403.000 0.304
1404.000 0.271
1405.000 0.563
1406.000 0.422
1407.000 0.333
1408.000 0.352
1409.000 0.361
1410.000 0.383
1411.000 0.351
1412.000 0.229
1413.000 0.189
1414.000 0.058
1415.000 0.042
1416.000 0.067
1417.000 0.450
1418.000 0.458
1419.000 0.388
1420.000 0.429
1421.000 0.224
1422.000 0.203
1423.000 0.190
1424.000 0.207
1425.000 0.320
1426.000 0.305
1427.000 0.319
1428.000 0.377
1429.000 0.346
1430.000 0.298
1431.000 0.275
1432.000 0.250
1433.000 0.258
1434.000 0.238
1435.000 0.235
1436.000 0.225
1437.000 0.189
1438.000 0.176
1439.000 0.224
1440.000 0.222
1441.000 0.164
1442.000 0.156
1443.000 0.142
1444.000 0.140
1445.000 0.145
1446.000 0.156
1447.000 0.158
1448.000 0.162
1449.000 0.166
1450.000 0.176
1451.000 0.183
1452.000 0.179
1453.000 0.179
1454.000 0.178
1455.000 0.175
1456.000 0.172
1457.000 0.165
1458.000 0.158
1459.000 0.154
1460.000 0.144
1461.000 0.146
1462.000 0.155
1463.000 0.163
1464.000 0.182
1465.000 0.194
1466.000 0.210
1467.000 0.214
1468.000 0.200
1469.000 0.200
1470.000 0.201
1471.000 0.202
1472.000 0.214
1473.000 0.215
1474.000 0.209
1475.000 0.205
1476.000 0.200
1477.000 0.195
1478.000 0.191
1479.000 0.187
1480.000 0.183
1481.000 0.182
1482.000 0.185
1483.000 0.186
1484.000 0.192
1485.000 0.192
1486.000 0.188
1487.000 0.187
1488.000 0.185
1489.000 0.186
1490.000 0.190
1491.000 0.193
1492.000 0.197
1493.000 0.198
1494.000 0.195
1495.000 0.196
1496.000 0.196
1497.000 0.197
1498.000 0.201
1499.000 0.204
1500.000 0.206
1501.000 0.206
1502.000 0.205
1503.000 0.206
1504.000 0.209
1505.000 0.210
1506.000 0.212
1507.000 0.215
1508.000 0.216
1509.000 0.216
1510.000 0.218
1511.000 0.220
1512.000 0.222
1513.000 0.226
1514.000 0.228
1515.000 0.229
1516.000 0.231
1517.000 0.231
1518.000 0.231
1519.000 0.229
1520.000 0.230
1521.000 0.230
1522.000 0.232
1523.000 0.236
1524.000 0.239
1525.000 0.242
1526.000 0.244
1527.000 0.246
1528.000 0.247
1529.000 0.247
1530.000 0.248
1531.000 0.250
1532.000 0.251
1533.000 0.253
1534.000 0.254
1535.000 0.255
1536.000 0.256
1537.000 0.257
1538.000 0.259
1539.000 0.262
1540.000 0.264
1541.000 0.265
1542.000 0.267
1543.000 0.269
1544.000 0.270
1545.000 0.270
1546.000 0.272
1547.000 0.273
1548.000 0.275
1549.000 0.276
1550.000 0.278
1551.000 0.277
1552.000 0.278
1553.000 0.281
1554.000 0.283
1555.000 0.286
1556.000 0.287
1557.000 0.286
1558.000 0.286
1559.000 0.286
1560.000 0.287
1561.000 0.289
1562.000 0.289
1563.000 0.289
1564.000 0.289
1565.000 0.289
1566.000 0.290
1567.000 0.293
1568.000 0.295
1569.000 0.297
1570.000 0.298
1571.000 0.297
1572.000 0.298
1573.000 0.299
1574.000 0.301
1575.000 0.304
1576.000 0.306
1577.000 0.307
1578.000 0.308
1579.000 0.310
1580.000 0.311
1581.000 0.311
1582.000 0.312
1583.000 0.312
1584.000 0.312
1585.000 0.314
1586.000 0.314
1587.000 0.315
1588.000 0.316
1589.000 0.317
1590.000 0.319
1591.000 0.321
1592.000 0.322
1593.000 0.322
1594.000 0.322
1595.000 0.322
1596.000 0.323
1597.000 0.322
1598.000 0.324
1599.000 0.327
1600.000 0.328
1601.000 0.330
1602.000 0.330
1603.000 0.329
1604.000 0.329
1605.000 0.329
1606.000 0.330
1607.000 0.330
1608.000 0.331
1609.000 0.333
1610.000 0.334
1611.000 0.335
1612.000 0.336
1613.000 0.337
1614.000 0.338
1615.000 0.338
1616.000 0.339
1617.000 0.339
1618.000 0.340
1619.000 0.343
1620.000 0.345
1621.000 0.346
1622.000 0.348
1623.000 0.347
1624.000 0.346
1625.000 0.346
1626.000 0.346
1627.000 0.345
1628.000 0.345
1629.000 0.346
1630.000 0.346
1631.000 0.347
1632.000 0.347
1633.000 0.349
1634.000 0.349
1635.000 0.349
1636.000 0.349
1637.000 0.350
1638.000 0.350
1639.000 0.353
1640.000 0.353
1641.000 0.352
1642.000 0.352
1643.000 0.351
1644.000 0.351
1645.000 0.352
1646.000 0.352
1647.000 0.354
1648.000 0.354
1649.000 0.355
1650.000 0.355
1651.000 0.357
1652.000 0.357
1653.000 0.357
1654.000 0.357
1655.000 0.358
1656.000 0.357
1657.000 0.357
1658.000 0.357
1659.000 0.356
1660.000 0.355
1661.000 0.358
1662.000 0.358
1663.000 0.359
1664.000 0.359
1665.000 0.358
1666.000 0.358
1667.000 0.357
1668.000 0.357
1669.000 0.357
1670.000 0.356
1671.000 0.356
1672.000 0.356
1673.000 0.359
1674.000 0.359
1675.000 0.360
1676.000 0.361
1677.000 0.360
1678.000 0.359
1679.000 0.358
1680.000 0.358
1681.000 0.356
1682.000 0.356
1683.000 0.356
1684.000 0.357
1685.000 0.358
1686.000 0.358
1687.000 0.360
1688.000 0.358
1689.000 0.354
1690.000 0.354
1691.000 0.353
1692.000 0.353
1693.000 0.355
1694.000 0.355
1695.000 0.356
1696.000 0.356
1697.000 0.357
1698.000 0.357
1699.000 0.355
1700.000 0.354
1701.000 0.354
1702.000 0.353
1703.000 0.354
1704.000 0.354
1705.000 0.354
1706.000 0.354
1707.000 0.354
1708.000 0.353
1709.000 0.352
1710.000 0.351
1711.000 0.348
1712.000 0.349
1713.000 0.349
1714.000 0.351
1715.000 0.352
1716.000 0.351
1717.000 0.348
1718.000 0.345
1719.000 0.343
1720.000 0.341
1721.000 0.340
1722.000 0.341
1723.000 0.341
1724.000 0.340
1725.000 0.339
1726.000 0.339
1727.000 0.338
1728.000 0.339
1729.000 0.339
1730.000 0.339
1731.000 0.340
1732.000 0.337
1733.000 0.338
1734.000 0.338
1735.000 0.336
1736.000 0.337
1737.000 0.337
1738.000 0.338
1739.000 0.338
1740.000 0.335
1741.000 0.334
1742.000 0.332
1743.000 0.331
1744.000 0.333
1745.000 0.333
1746.000 0.333
1747.000 0.334
1748.000 0.336
1749.000 0.334
1750.000 0.328
1751.000 0.327
1752.000 0.324
1753.000 0.321
1754.000 0.323
1755.000 0.323
1756.000 0.321
1757.000 0.322
1758.000 0.323
1759.000 0.323
1760.000 0.321
1761.000 0.318
1762.000 0.317
1763.000 0.315
1764.000 0.312
1765.000 0.309
1766.000 0.307
1767.000 0.307
1768.000 0.310
1769.000 0.311
1770.000 0.312
1771.000 0.315
1772.000 0.311
1773.000 0.308
1774.000 0.307
1775.000 0.301
1776.000 0.300
1777.000 0.300
1778.000 0.298
1779.000 0.298
1780.000 0.301
1781.000 0.306
1782.000 0.308
1783.000 0.304
1784.000 0.304
1785.000 0.306
1786.000 0.305
1787.000 0.307
1788.000 0.306
1789.000 0.306
1790.000 0.307
1791.000 0.313
1792.000 0.318
1793.000 0.302
1794.000 0.292
1795.000 0.294
1796.000 0.302
1797.000 0.317
1798.000 0.346
1799.000 0.375
1800.000 0.361
1801.000 0.443
1802.000 0.457
1803.000 0.495
1804.000 0.486
1805.000 0.499
1806.000 0.495
1807.000 0.433
1808.000 0.383
1809.000 0.372
1810.000 0.430
1811.000 0.489
1812.000 0.477
1813.000 0.501
1814.000 0.572
1815.000 0.623
1816.000 0.622
1817.000 0.641
1818.000 0.554
1819.000 0.493
1820.000 0.525
1821.000 0.673
1822.000 0.694
1823.000 0.586
1824.000 0.563
1825.000 0.578
1826.000 0.731
1827.000 0.708
1828.000 0.701
1829.000 0.673
1830.000 0.670
1831.000 0.663
1832.000 0.547
1833.000 0.694
1834.000 0.654
1835.000 0.660
1836.000 0.671
1837.000 0.420
1838.000 0.430
1839.000 0.476
1840.000 0.493
1841.000 0.536
1842.000 0.417
1843.000 0.453
1844.000 0.421
1845.000 0.416
1846.000 0.394
1847.000 0.577
1848.000 0.484
1849.000 0.552
1850.000 0.410
1851.000 0.443
1852.000 0.488
1853.000 0.501
1854.000 0.548
1855.000 0.561
1856.000 0.556
1857.000 0.421
1858.000 0.432
1859.000 0.488
1860.000 0.517
1861.000 0.548
1862.000 0.264
1863.000 0.291
1864.000 0.331
1865.000 0.401
1866.000 0.479
1867.000 0.465
1868.000 0.544
1869.000 0.502
1870.000 0.486
1871.000 0.489
1872.000 0.370
1873.000 0.634
1874.000 0.492
1875.000 0.503
1876.000 0.434
1877.000 0.318
1878.000 0.533
1879.000 0.224
1880.000 0.266
1881.000 0.272
1882.000 0.300
1883.000 0.423
1884.000 0.433
1885.000 0.433
1886.000 0.444
1887.000 0.470
1888.000 0.429
1889.000 0.551
1890.000 0.349
1891.000 0.516
1892.000 0.484
1893.000 0.395
1894.000 0.728
1895.000 0.659
1896.000 0.744
1897.000 0.761
1898.000 0.733
1899.000 0.731
1900.000 0.722
1901.000 0.712
1902.000 0.648
1903.000 0.672
1904.000 0.491
1905.000 0.478
1906.000 0.474
1907.000 0.439
1908.000 0.178
1909.000 0.451
1910.000 0.264
1911.000 0.683
1912.000 0.455
1913.000 0.433
1914.000 0.438
1915.000 0.475
1916.000 0.440
1917.000 0.509
1918.000 0.580
1919.000 0.646
1920.000 0.549
1921.000 0.527
1922.000 0.573
1923.000 0.610
1924.000 0.541
1925.000 0.446
1926.000 0.408
1927.000 0.339
1928.000 0.349
1929.000 0.399
1930.000 0.419
1931.000 0.381
1932.000 0.611
1933.000 0.537
1934.000 0.544
1935.000 0.499
1936.000 0.447
1937.000 0.498
1938.000 0.465
1939.000 0.523
1940.000 0.547
1941.000 0.604
1942.000 0.597
1943.000 0.516
1944.000 0.513
1945.000 0.375
1946.000 0.476
1947.000 0.341
1948.000 0.290
1949.000 0.414
1950.000 0.617
1951.000 0.470
1952.000 0.390
1953.000 0.412
1954.000 0.470
1955.000 0.534
1956.000 0.612
1957.000 0.773
1958.000 0.462
1959.000 0.559
1960.000 0.480
1961.000 0.440
1962.000 0.383
1963.000 0.453
1964.000 0.457
1965.000 0.514
1966.000 0.456
1967.000 0.441
1968.000 0.393
1969.000 0.325
1970.000 0.346
1971.000 0.305
1972.000 0.308
1973.000 0.308
1974.000 0.307
1975.000 0.298
1976.000 0.307
1977.000 0.301
1978.000 0.260
1979.000 0.247
1980.000 0.235
1981.000 0.218
1982.000 0.223
1983.000 0.210
1984.000 0.202
1985.000 0.179
1986.000 0.185
1987.000 0.188
1988.000 0.195
1989.000 0.253
1990.000 0.267
1991.000 0.277
1992.000 0.282
1993.000 0.275
1994.000 0.302
1995.000 0.326
1996.000 0.311
1997.000 0.290
1998.000 0.213
1999.000 0.193
2000.000 0.210
2001.000 0.212
2002.000 0.243
2003.000 0.269
2004.000 0.325
2005.000 0.333
2006.000 0.283
2007.000 0.305
2008.000 0.293
2009.000 0.316
2010.000 0.392
2011.000 0.360
2012.000 0.322
2013.000 0.226
2014.000 0.209
2015.000 0.216
2016.000 0.178
2017.000 0.216
2018.000 0.221
2019.000 0.206
2020.000 0.217
2021.000 0.215
2022.000 0.189
2023.000 0.196
2024.000 0.210
2025.000 0.179
2026.000 0.168
2027.000 0.159
2028.000 0.143
2029.000 0.138
2030.000 0.132
2031.000 0.135
2032.000 0.154
2033.000 0.156
2034.000 0.151
2035.000 0.152
2036.000 0.140
2037.000 0.138
2038.000 0.149
2039.000 0.142
2040.000 0.150
2041.000 0.143
2042.000 0.143
2043.000 0.144
2044.000 0.149
2045.000 0.152
2046.000 0.162
2047.000 0.185
2048.000 0.197
2049.000 0.203
2050.000 0.220
2051.000 0.221
2052.000 0.210
2053.000 0.219
2054.000 0.217
2055.000 0.228
2056.000 0.218
2057.000 0.180
2058.000 0.160
2059.000 0.152
2060.000 0.147
2061.000 0.149
2062.000 0.157
2063.000 0.164
2064.000 0.184
2065.000 0.194
2066.000 0.186
2067.000 0.190
2068.000 0.193
2069.000 0.193
2070.000 0.198
2071.000 0.188
2072.000 0.182
2073.000 0.166
2074.000 0.163
2075.000 0.166
2076.000 0.168
2077.000 0.172
2078.000 0.174
2079.000 0.180
2080.000 0.182
2081.000 0.183
2082.000 0.190
2083.000 0.189
2084.000 0.186
2085.000 0.186
2086.000 0.182
2087.000 0.182
2088.000 0.181
2089.000 0.181
2090.000 0.184
2091.000 0.182
2092.000 0.177
2093.000 0.175
2094.000 0.167
2095.000 0.167
2096.000 0.170
2097.000 0.173
2098.000 0.176
2099.000 0.184
2100.000 0.193
2101.000 0.191
2102.000 0.185
2103.000 0.184
2104.000 0.183
2105.000 0.183
2106.000 0.184
2107.000 0.192
2108.000 0.192
2109.000 0.185
2110.000 0.184
2111.000 0.181
2112.000 0.183
2113.000 0.193
2114.000 0.197
2115.000 0.202
2116.000 0.203
2117.000 0.198
2118.000 0.194
2119.000 0.190
2120.000 0.177
2121.000 0.171
2122.000 0.170
2123.000 0.171
2124.000 0.179
2125.000 0.182
2126.000 0.186
2127.000 0.188
2128.000 0.187
2129.000 0.186
2130.000 0.182
2131.000 0.180
2132.000 0.176
2133.000 0.177
2134.000 0.185
2135.000 0.190
2136.000 0.198
2137.000 0.203
2138.000 0.208
2139.000 0.216
2140.000 0.218
2141.000 0.219
2142.000 0.216
2143.000 0.203
2144.000 0.197
2145.000 0.190
2146.000 0.187
2147.000 0.187
2148.000 0.191
2149.000 0.208
2150.000 0.215
2151.000 0.225
2152.000 0.228
2153.000 0.213
2154.000 0.212
2155.000 0.215
2156.000 0.223
2157.000 0.240
2158.000 0.251
2159.000 0.250
2160.000 0.239
2161.000 0.234
2162.000 0.223
2163.000 0.221
2164.000 0.221
2165.000 0.220
2166.000 0.220
2167.000 0.222
2168.000 0.230
2169.000 0.233
2170.000 0.239
2171.000 0.239
2172.000 0.235
2173.000 0.230
2174.000 0.219
2175.000 0.215
2176.000 0.212
2177.000 0.216
2178.000 0.214
2179.000 0.219
2180.000 0.212
2181.000 0.206
2182.000 0.207
2183.000 0.203
2184.000 0.209
2185.000 0.230
2186.000 0.234
2187.000 0.236
2188.000 0.236
2189.000 0.220
2190.000 0.218
2191.000 0.221
2192.000 0.224
2193.000 0.231
2194.000 0.236
2195.000 0.246
2196.000 0.251
2197.000 0.253
2198.000 0.251
2199.000 0.239
2200.000 0.231
2201.000 0.218
2202.000 0.216
2203.000 0.208
2204.000 0.202
2205.000 0.203
2206.000 0.206
2207.000 0.209
2208.000 0.216
2209.000 0.220
2210.000 0.221
2211.000 0.222
2212.000 0.222
2213.000 0.225
2214.000 0.230
2215.000 0.232
2216.000 0.235
2217.000 0.235
2218.000 0.229
2219.000 0.224
2220.000 0.214
2221.000 0.211
2222.000 0.212
2223.000 0.214
2224.000 0.228
2225.000 0.233
2226.000 0.234
2227.000 0.234
2228.000 0.231
2229.000 0.231
2230.000 0.229
2231.000 0.226
2232.000 0.223
2233.000 0.220
2234.000 0.223
2235.000 0.227
2236.000 0.230
2237.000 0.232
2238.000 0.233
2239.000 0.230
2240.000 0.231
2241.000 0.235
2242.000 0.231
2243.000 0.223
2244.000 0.219
2245.000 0.212
2246.000 0.209
2247.000 0.213
2248.000 0.212
2249.000 0.208
2250.000 0.205
2251.000 0.202
2252.000 0.197
2253.000 0.186
2254.000 0.183
2255.000 0.183
2256.000 0.183
2257.000 0.192
2258.000 0.197
2259.000 0.193
2260.000 0.195
2261.000 0.195
2262.000 0.194
2263.000 0.194
2264.000 0.197
2265.000 0.210
2266.000 0.217
2267.000 0.227
2268.000 0.234
2269.000 0.227
2270.000 0.235
2271.000 0.229
2272.000 0.218
2273.000 0.218
2274.000 0.217
2275.000 0.215
2276.000 0.228
2277.000 0.225
2278.000 0.211
2279.000 0.208
2280.000 0.210
2281.000 0.209
2282.000 0.211
2283.000 0.213
2284.000 0.204
2285.000 0.202
2286.000 0.207
2287.000 0.206
2288.000 0.203
2289.000 0.201
2290.000 0.184
2291.000 0.175
2292.000 0.171
2293.000 0.173
2294.000 0.191
2295.000 0.204
2296.000 0.225
2297.000 0.239
2298.000 0.237
2299.000 0.226
2300.000 0.213
2301.000 0.213
2302.000 0.202
2303.000 0.195
2304.000 0.191
2305.000 0.191
2306.000 0.195
2307.000 0.194
2308.000 0.176
2309.000 0.171
2310.000 0.164
2311.000 0.163
2312.000 0.180
2313.000 0.193
2314.000 0.196
2315.000 0.213
2316.000 0.223
2317.000 0.232
2318.000 0.228
2319.000 0.216
2320.000 0.204
2321.000 0.177
2322.000 0.175
2323.000 0.164
2324.000 0.166
2325.000 0.162
2326.000 0.149
2327.000 0.114
2328.000 0.117
2329.000 0.203
2330.000 0.226
2331.000 0.243
2332.000 0.247
2333.000 0.194
2334.000 0.205
2335.000 0.218
2336.000 0.217
2337.000 0.198
2338.000 0.203
2339.000 0.205
2340.000 0.209
2341.000 0.226
2342.000 0.231
2343.000 0.178
2344.000 0.142
2345.000 0.131
2346.000 0.133
2347.000 0.184
2348.000 0.201
2349.000 0.204
2350.000 0.219
2351.000 0.214
2352.000 0.214
2353.000 0.275
2354.000 0.332
2355.000 0.347
2356.000 0.374
2357.000 0.397
2358.000 0.427
2359.000 0.382
2360.000 0.373
2361.000 0.299
2362.000 0.285
2363.000 0.259
2364.000 0.258
2365.000 0.249
2366.000 0.233
2367.000 0.231
2368.000 0.195
2369.000 0.192
2370.000 0.183
2371.000 0.144
2372.000 0.182
2373.000 0.249
2374.000 0.494
2375.000 0.305
2376.000 0.416
2377.000 0.244
2378.000 0.216
2379.000 0.274
2380.000 0.202
2381.000 0.300
2382.000 0.316
2383.000 0.519
2384.000 0.512
2385.000 0.356
2386.000 0.227
2387.000 0.223
2388.000 0.204
2389.000 0.183
2390.000 0.237
2391.000 0.203
2392.000 0.152
2393.000 0.143
2394.000 0.148
2395.000 0.138
2396.000 0.280
2397.000 0.214
2398.000 0.366
2399.000 0.255
2400.000 0.244
2401.000 0.228
2402.000 0.291
2403.000 0.251
2404.000 0.316
2405.000 0.219
2406.000 0.210
2407.000 0.309
2408.000 0.276
2409.000 0.336
2410.000 0.335
2411.000 0.185
2412.000 0.418
2413.000 0.400
2414.000 0.373
2415.000 0.308
2416.000 0.354
2417.000 0.330
2418.000 0.526
2419.000 0.384
2420.000 0.447
2421.000 0.449
2422.000 0.469
2423.000 0.464
2424.000 0.211
2425.000 0.218
2426.000 0.482
2427.000 0.397
2428.000 0.378
2429.000 0.411
2430.000 0.448
2431.000 0.303
2432.000 0.286
2433.000 0.342
2434.000 0.459
2435.000 0.485
2436.000 0.548
2437.000 0.354
2438.000 0.426
2439.000 0.363
2440.000 0.468
2441.000 0.648
2442.000 0.517
2443.000 0.281
2444.000 0.395
2445.000 0.420
2446.000 0.293
2447.000 0.312
2448.000 0.741
2449.000 0.430
2450.000 0.521
2451.000 0.453
2452.000 0.492
2453.000 0.523
2454.000 0.634
2455.000 0.574
2456.000 0.413
2457.000 0.454
2458.000 0.750
2459.000 0.617
2460.000 0.343
2461.000 0.215
2462.000 0.234
2463.000 0.323
2464.000 0.432
2465.000 0.454
2466.000 0.254
2467.000 0.660
2468.000 0.449
2469.000 0.514
2470.000 0.630
2471.000 0.280
2472.000 0.196
2473.000 0.200
2474.000 0.229
2475.000 0.285
2476.000 0.301
2477.000 0.443
2478.000 0.404
2479.000 0.433
2480.000 0.262
2481.000 0.184
2482.000 0.219
2483.000 0.134
2484.000 0.090
2485.000 0.188
2486.000 0.151
2487.000 0.157
2488.000 0.149
2489.000 0.150
2490.000 0.158
2491.000 0.257
2492.000 0.664
2493.000 0.551
2494.000 0.211
2495.000 0.520
2496.000 0.449
2497.000 0.153
2498.000 0.206
2499.000 0.468
2500.000 0.449
