391.000 0.024
392.000 0.021
393.000 0.022
394.000 0.023
395.000 0.027
396.000 0.028
397.000 0.025
398.000 0.027
399.000 0.027
400.000 0.025
401.000 0.023
402.000 0.023
403.000 0.023
404.000 0.023
405.000 0.025
406.000 0.026
407.000 0.026
408.000 0.026
409.000 0.026
410.000 0.025
411.000 0.025
412.000 0.027
413.000 0.027
414.000 0.027
415.000 0.027
416.000 0.027
417.000 0.027
418.000 0.028
419.000 0.028
420.000 0.026
421.000 0.027
422.000 0.027
423.000 0.026
424.000 0.027
425.000 0.028
426.000 0.026
427.000 0.026
428.000 0.026
429.000 0.027
430.000 0.027
431.000 0.027
432.000 0.027
433.000 0.027
434.000 0.027
435.000 0.027
436.000 0.028
437.000 0.028
438.000 0.028
439.000 0.028
440.000 0.028
441.000 0.028
442.000 0.029
443.000 0.028
444.000 0.028
445.000 0.029
446.000 0.028
447.000 0.028
448.000 0.028
449.000 0.028
450.000 0.029
451.000 0.029
452.000 0.028
453.000 0.029
454.000 0.029
455.000 0.029
456.000 0.029
457.000 0.029
458.000 0.030
459.000 0.029
460.000 0.029
461.000 0.029
462.000 0.030
463.000 0.030
464.000 0.029
465.000 0.030
466.000 0.030
467.000 0.029
468.000 0.030
469.000 0.029
470.000 0.030
471.000 0.031
472.000 0.030
473.000 0.030
474.000 0.030
475.000 0.030
476.000 0.031
477.000 0.031
478.000 0.030
479.000 0.030
480.000 0.031
481.000 0.031
482.000 0.030
483.000 0.031
484.000 0.031
485.000 0.030
486.000 0.030
487.000 0.031
488.000 0.032
489.000 0.031
490.000 0.031
491.000 0.032
492.000 0.033
493.000 0.033
494.000 0.032
495.000 0.032
496.000 0.032
497.000 0.032
498.000 0.033
499.000 0.034
500.000 0.033
501.000 0.034
502.000 0.034
503.000 0.034
504.000 0.035
505.000 0.035
506.000 0.035
507.000 0.036
508.000 0.036
509.000 0.037
510.000 0.037
511.000 0.037
512.000 0.038
513.000 0.039
514.000 0.039
515.000 0.040
516.000 0.041
517.000 0.042
518.000 0.042
519.000 0.043
520.000 0.044
521.000 0.044
522.000 0.045
523.000 0.046
524.000 0.047
525.000 0.048
526.000 0.048
527.000 0.049
528.000 0.051
529.000 0.051
530.000 0.051
531.000 0.052
532.000 0.053
533.000 0.053
534.000 0.053
535.000 0.054
536.000 0.055
537.000 0.055
538.000 0.056
539.000 0.056
540.000 0.056
541.000 0.056
542.000 0.056
543.000 0.056
544.000 0.057
545.000 0.056
546.000 0.057
547.000 0.057
548.000 0.058
549.000 0.057
550.000 0.058
551.000 0.058
552.000 0.058
553.000 0.058
554.000 0.058
555.000 0.058
556.000 0.058
557.000 0.058
558.000 0.058
559.000 0.059
560.000 0.058
561.000 0.058
562.000 0.058
563.000 0.057
564.000 0.057
565.000 0.057
566.000 0.057
567.000 0.056
568.000 0.056
569.000 0.056
570.000 0.055
571.000 0.054
572.000 0.054
573.000 0.054
574.000 0.053
575.000 0.053
576.000 0.053
577.000 0.053
578.000 0.053
579.000 0.053
580.000 0.053
581.000 0.053
582.000 0.052
583.000 0.052
584.000 0.051
585.000 0.051
586.000 0.052
587.000 0.052
588.000 0.052
589.000 0.052
590.000 0.051
591.000 0.051
592.000 0.051
593.000 0.051
594.000 0.051
595.000 0.051
596.000 0.051
597.000 0.050
598.000 0.051
599.000 0.051
600.000 0.051
601.000 0.051
602.000 0.050
603.000 0.051
604.000 0.051
605.000 0.051
606.000 0.050
607.000 0.051
608.000 0.051
609.000 0.051
610.000 0.051
611.000 0.051
612.000 0.050
613.000 0.050
614.000 0.050
615.000 0.050
616.000 0.050
617.000 0.051
618.000 0.051
619.000 0.051
620.000 0.051
621.000 0.050
622.000 0.050
623.000 0.050
624.000 0.050
625.000 0.050
626.000 0.051
627.000 0.051
628.000 0.051
629.000 0.051
630.000 0.051
631.000 0.051
632.000 0.051
633.000 0.051
634.000 0.051
635.000 0.051
636.000 0.051
637.000 0.051
638.000 0.051
639.000 0.051
640.000 0.050
641.000 0.051
642.000 0.051
643.000 0.051
644.000 0.051
645.000 0.050
646.000 0.050
647.000 0.049
648.000 0.050
649.000 0.050
650.000 0.050
651.000 0.050
652.000 0.050
653.000 0.050
654.000 0.050
655.000 0.050
656.000 0.051
657.000 0.051
658.000 0.050
659.000 0.051
660.000 0.051
661.000 0.050
662.000 0.051
663.000 0.051
664.000 0.050
665.000 0.050
666.000 0.050
667.000 0.051
668.000 0.051
669.000 0.050
670.000 0.051
671.000 0.051
672.000 0.051
673.000 0.053
674.000 0.052
675.000 0.053
676.000 0.053
677.000 0.053
678.000 0.053
679.000 0.054
680.000 0.054
681.000 0.054
682.000 0.054
683.000 0.055
684.000 0.056
685.000 0.057
686.000 0.058
687.000 0.059
688.000 0.061
689.000 0.061
690.000 0.062
691.000 0.064
692.000 0.066
693.000 0.068
694.000 0.070
695.000 0.071
696.000 0.074
697.000 0.076
698.000 0.079
699.000 0.082
700.000 0.084
701.000 0.087
702.000 0.090
703.000 0.093
704.000 0.096
705.000 0.099
706.000 0.103
707.000 0.105
708.000 0.108
709.000 0.110
710.000 0.114
711.000 0.117
712.000 0.120
713.000 0.123
714.000 0.126
715.000 0.129
716.000 0.132
717.000 0.135
718.000 0.138
719.000 0.141
720.000 0.145
721.000 0.148
722.000 0.151
723.000 0.153
724.000 0.156
725.000 0.159
726.000 0.162
727.000 0.165
728.000 0.167
729.000 0.170
730.000 0.172
731.000 0.175
732.000 0.177
733.000 0.179
734.000 0.181
735.000 0.183
736.000 0.185
737.000 0.187
738.000 0.189
739.000 0.191
740.000 0.193
741.000 0.194
742.000 0.195
743.000 0.196
744.000 0.198
745.000 0.199
746.000 0.200
747.000 0.202
748.000 0.203
749.000 0.204
750.000 0.205
751.000 0.205
752.000 0.207
753.000 0.208
754.000 0.208
755.000 0.209
756.000 0.210
757.000 0.211
758.000 0.212
759.000 0.212
760.000 0.212
761.000 0.213
762.000 0.213
763.000 0.214
764.000 0.215
765.000 0.215
766.000 0.216
767.000 0.217
768.000 0.218
769.000 0.218
770.000 0.219
771.000 0.220
772.000 0.221
773.000 0.221
774.000 0.222
775.000 0.222
776.000 0.223
777.000 0.223
778.000 0.224
779.000 0.225
780.000 0.225
781.000 0.225
782.000 0.226
783.000 0.226
784.000 0.227
785.000 0.227
786.000 0.228
787.000 0.229
788.000 0.229
789.000 0.229
790.000 0.230
791.000 0.230
792.000 0.231
793.000 0.231
794.000 0.232
795.000 0.233
796.000 0.233
797.000 0.234
798.000 0.234
799.000 0.235
800.000 0.235
801.000 0.235
802.000 0.236
803.000 0.237
804.000 0.237
805.000 0.238
806.000 0.239
807.000 0.239
808.000 0.240
809.000 0.240
810.000 0.241
811.000 0.241
812.000 0.242
813.000 0.242
814.000 0.242
815.000 0.243
816.000 0.243
817.000 0.243
818.000 0.244
819.000 0.245
820.000 0.246
821.000 0.246
822.000 0.247
823.000 0.248
824.000 0.248
825.000 0.249
826.000 0.249
827.000 0.249
828.000 0.250
829.000 0.251
830.000 0.251
831.000 0.251
832.000 0.252
833.000 0.253
834.000 0.253
835.000 0.254
836.000 0.254
837.000 0.255
838.000 0.256
839.000 0.256
840.000 0.257
841.000 0.257
842.000 0.258
843.000 0.258
844.000 0.259
845.000 0.259
846.000 0.259
847.000 0.260
848.000 0.261
849.000 0.261
850.000 0.261
851.000 0.262
852.000 0.263
853.000 0.263
854.000 0.264
855.000 0.264
856.000 0.265
857.000 0.265
858.000 0.265
859.000 0.266
860.000 0.266
861.000 0.267
862.000 0.267
863.000 0.267
864.000 0.268
865.000 0.268
866.000 0.269
867.000 0.270
868.000 0.270
869.000 0.270
870.000 0.271
871.000 0.271
872.000 0.272
873.000 0.272
874.000 0.273
875.000 0.273
876.000 0.273
877.000 0.274
878.000 0.275
879.000 0.275
880.000 0.275
881.000 0.276
882.000 0.276
883.000 0.276
884.000 0.277
885.000 0.277
886.000 0.278
887.000 0.279
888.000 0.279
889.000 0.280
890.000 0.280
891.000 0.280
892.000 0.281
893.000 0.281
894.000 0.281
895.000 0.282
896.000 0.283
897.000 0.283
898.000 0.283
899.000 0.283
900.000 0.284
901.000 0.285
902.000 0.285
903.000 0.285
904.000 0.285
905.000 0.286
906.000 0.287
907.000 0.287
908.000 0.287
909.000 0.287
910.000 0.289
911.000 0.289
912.000 0.289
913.000 0.290
914.000 0.290
915.000 0.290
916.000 0.291
917.000 0.292
918.000 0.292
919.000 0.292
920.000 0.291
921.000 0.292
922.000 0.293
923.000 0.294
924.000 0.294
925.000 0.294
926.000 0.294
927.000 0.294
928.000 0.293
929.000 0.293
930.000 0.294
931.000 0.293
932.000 0.291
933.000 0.292
934.000 0.292
935.000 0.290
936.000 0.290
937.000 0.292
938.000 0.292
939.000 0.290
940.000 0.293
941.000 0.293
942.000 0.292
943.000 0.294
944.000 0.297
945.000 0.299
946.000 0.296
947.000 0.291
948.000 0.293
949.000 0.295
950.000 0.297
951.000 0.300
952.000 0.297
953.000 0.294
954.000 0.296
955.000 0.300
956.000 0.298
957.000 0.296
958.000 0.297
959.000 0.299
960.000 0.297
961.000 0.297
962.000 0.297
963.000 0.298
964.000 0.303
965.000 0.301
966.000 0.300
967.000 0.301
968.000 0.300
969.000 0.302
970.000 0.303
971.000 0.303
972.000 0.305
973.000 0.303
974.000 0.302
975.000 0.305
976.000 0.305
977.000 0.306
978.000 0.307
979.000 0.308
980.000 0.308
981.000 0.307
982.000 0.308
983.000 0.309
984.000 0.309
985.000 0.309
986.000 0.309
987.000 0.309
988.000 0.311
989.000 0.311
990.000 0.311
991.000 0.310
992.000 0.312
993.000 0.311
994.000 0.312
995.000 0.313
996.000 0.315
997.000 0.315
998.000 0.315
999.000 0.315
1000.000 0.315
1001.000 0.323
1002.000 0.323
1003.000 0.323
1004.000 0.323
1005.000 0.323
1006.000 0.324
1007.000 0.324
1008.000 0.325
1009.000 0.325
1010.000 0.326
1011.000 0.327
1012.000 0.327
1013.000 0.328
1014.000 0.329
1015.000 0.329
1016.000 0.329
1017.000 0.330
1018.000 0.330
1019.000 0.330
1020.000 0.330
1021.000 0.330
1022.000 0.330
1023.000 0.331
1024.000 0.331
1025.000 0.332
1026.000 0.333
1027.000 0.333
1028.000 0.334
1029.000 0.334
1030.000 0.334
1031.000 0.335
1032.000 0.336
1033.000 0.337
1034.000 0.337
1035.000 0.338
1036.000 0.338
1037.000 0.338
1038.000 0.339
1039.000 0.339
1040.000 0.339
1041.000 0.339
1042.000 0.339
1043.000 0.340
1044.000 0.340
1045.000 0.340
1046.000 0.341
1047.000 0.341
1048.000 0.342
1049.000 0.342
1050.000 0.343
1051.000 0.343
1052.000 0.343
1053.000 0.343
1054.000 0.344
1055.000 0.344
1056.000 0.344
1057.000 0.345
1058.000 0.345
1059.000 0.345
1060.000 0.345
1061.000 0.346
1062.000 0.346
1063.000 0.347
1064.000 0.347
1065.000 0.348
1066.000 0.348
1067.000 0.349
1068.000 0.349
1069.000 0.349
1070.000 0.350
1071.000 0.350
1072.000 0.350
1073.000 0.350
1074.000 0.350
1075.000 0.350
1076.000 0.351
1077.000 0.351
1078.000 0.352
1079.000 0.352
1080.000 0.352
1081.000 0.353
1082.000 0.353
1083.000 0.353
1084.000 0.354
1085.000 0.354
1086.000 0.354
1087.000 0.355
1088.000 0.355
1089.000 0.355
1090.000 0.356
1091.000 0.356
1092.000 0.356
1093.000 0.356
1094.000 0.357
1095.000 0.357
1096.000 0.357
1097.000 0.357
1098.000 0.358
1099.000 0.358
1100.000 0.359
1101.000 0.359
1102.000 0.360
1103.000 0.360
1104.000 0.361
1105.000 0.361
1106.000 0.361
1107.000 0.361
1108.000 0.361
1109.000 0.362
1110.000 0.362
1111.000 0.362
1112.000 0.362
1113.000 0.362
1114.000 0.361
1115.000 0.362
1116.000 0.363
1117.000 0.365
1118.000 0.367
1119.000 0.365
1120.000 0.364
1121.000 0.363
1122.000 0.364
1123.000 0.365
1124.000 0.369
1125.000 0.371
1126.000 0.370
1127.000 0.372
1128.000 0.375
1129.000 0.376
1130.000 0.377
1131.000 0.376
1132.000 0.373
1133.000 0.370
1134.000 0.368
1135.000 0.366
1136.000 0.365
1137.000 0.367
1138.000 0.370
1139.000 0.370
1140.000 0.370
1141.000 0.369
1142.000 0.368
1143.000 0.368
1144.000 0.368
1145.000 0.368
1146.000 0.367
1147.000 0.365
1148.000 0.364
1149.000 0.363
1150.000 0.363
1151.000 0.362
1152.000 0.361
1153.000 0.360
1154.000 0.360
1155.000 0.360
1156.000 0.361
1157.000 0.360
1158.000 0.360
1159.000 0.360
1160.000 0.358
1161.000 0.358
1162.000 0.358
1163.000 0.359
1164.000 0.359
1165.000 0.359
1166.000 0.358
1167.000 0.358
1168.000 0.357
1169.000 0.357
1170.000 0.357
1171.000 0.358
1172.000 0.358
1173.000 0.358
1174.000 0.358
1175.000 0.357
1176.000 0.357
1177.000 0.357
1178.000 0.357
1179.000 0.358
1180.000 0.358
1181.000 0.359
1182.000 0.359
1183.000 0.359
1184.000 0.359
1185.000 0.359
1186.000 0.359
1187.000 0.359
1188.000 0.360
1189.000 0.360
1190.000 0.360
1191.000 0.360
1192.000 0.360
1193.000 0.360
1194.000 0.361
1195.000 0.362
1196.000 0.362
1197.000 0.363
1198.000 0.363
1199.000 0.364
1200.000 0.364
1201.000 0.364
1202.000 0.364
1203.000 0.365
1204.000 0.364
1205.000 0.364
1206.000 0.365
1207.000 0.365
1208.000 0.365
1209.000 0.365
1210.000 0.365
1211.000 0.365
1212.000 0.365
1213.000 0.365
1214.000 0.366
1215.000 0.367
1216.000 0.367
1217.000 0.368
1218.000 0.368
1219.000 0.368
1220.000 0.369
1221.000 0.369
1222.000 0.370
1223.000 0.371
1224.000 0.371
1225.000 0.371
1226.000 0.371
1227.000 0.372
1228.000 0.372
1229.000 0.372
1230.000 0.373
1231.000 0.374
1232.000 0.374
1233.000 0.374
1234.000 0.375
1235.000 0.375
1236.000 0.375
1237.000 0.375
1238.000 0.375
1239.000 0.375
1240.000 0.376
1241.000 0.376
1242.000 0.376
1243.000 0.377
1244.000 0.377
1245.000 0.378
1246.000 0.378
1247.000 0.379
1248.000 0.379
1249.000 0.379
1250.000 0.380
1251.000 0.380
1252.000 0.381
1253.000 0.381
1254.000 0.382
1255.000 0.382
1256.000 0.382
1257.000 0.382
1258.000 0.383
1259.000 0.383
1260.000 0.383
1261.000 0.384
1262.000 0.384
1263.000 0.384
1264.000 0.384
1265.000 0.385
1266.000 0.385
1267.000 0.386
1268.000 0.386
1269.000 0.386
1270.000 0.387
1271.000 0.387
1272.000 0.387
1273.000 0.387
1274.000 0.387
1275.000 0.388
1276.000 0.388
1277.000 0.388
1278.000 0.389
1279.000 0.389
1280.000 0.390
1281.000 0.390
1282.000 0.390
1283.000 0.390
1284.000 0.390
1285.000 0.390
1286.000 0.390
1287.000 0.391
1288.000 0.392
1289.000 0.392
1290.000 0.392
1291.000 0.392
1292.000 0.391
1293.000 0.391
1294.000 0.391
1295.000 0.391
1296.000 0.391
1297.000 0.391
1298.000 0.391
1299.000 0.391
1300.000 0.392
1301.000 0.392
1302.000 0.393
1303.000 0.392
1304.000 0.392
1305.000 0.392
1306.000 0.392
1307.000 0.391
1308.000 0.391
1309.000 0.390
1310.000 0.390
1311.000 0.391
1312.000 0.391
1313.000 0.391
1314.000 0.391
1315.000 0.391
1316.000 0.391
1317.000 0.390
1318.000 0.391
1319.000 0.390
1320.000 0.390
1321.000 0.390
1322.000 0.388
1323.000 0.387
1324.000 0.387
1325.000 0.385
1326.000 0.385
1327.000 0.385
1328.000 0.385
1329.000 0.384
1330.000 0.385
1331.000 0.385
1332.000 0.383
1333.000 0.382
1334.000 0.379
1335.000 0.379
1336.000 0.380
1337.000 0.381
1338.000 0.384
1339.000 0.384
1340.000 0.383
1341.000 0.383
1342.000 0.384
1343.000 0.384
1344.000 0.385
1345.000 0.385
1346.000 0.385
1347.000 0.385
1348.000 0.386
1349.000 0.386
1350.000 0.383
1351.000 0.375
1352.000 0.375
1353.000 0.378
1354.000 0.410
1355.000 0.503
1356.000 0.514
1357.000 0.431
1358.000 0.420
1359.000 0.419
1360.000 0.398
1361.000 0.536
1362.000 0.665
1363.000 0.481
1364.000 0.397
1365.000 0.281
1366.000 0.519
1367.000 0.374
1368.000 0.507
1369.000 0.382
1370.000 0.334
1371.000 0.536
1372.000 0.437
1373.000 0.333
1374.000 0.405
1375.000 0.421
1376.000 0.448
1377.000 0.382
1378.000 0.311
1379.000 0.228
1380.000 0.543
1381.000 0.641
1382.000 0.184
1383.000 0.463
1384.000 0.705
1385.000 0.744
1386.000 0.409
1387.000 0.625
1388.000 0.596
1389.000 0.479
1390.000 0.372
1391.000 0.341
1392.000 0.360
1393.000 0.385
1394.000 0.419
1395.000 0.464
1396.000 0.404
1397.000 0.359
1398.000 0.793
1399.000 0.781
1400.000 0.670
1401.000 0.642
1402.000 0.453
1403.000 0.401
1404.000 0.287
1405.000 0.257
1406.000 0.176
1407.000 0.129
1408.000 0.129
1409.000 0.135
1410.000 0.208
1411.000 0.280
1412.000 0.339
1413.000 0.405
1414.000 0.478
1415.000 0.481
1416.000 0.498
1417.000 0.713
1418.000 0.547
1419.000 0.270
1420.000 0.355
1421.000 0.505
1422.000 0.466
1423.000 0.429
1424.000 0.327
1425.000 0.374
1426.000 0.415
1427.000 0.392
1428.000 0.359
1429.000 0.324
1430.000 0.302
1431.000 0.362
1432.000 0.398
1433.000 0.412
1434.000 0.419
1435.000 0.399
1436.000 0.403
1437.000 0.500
1438.000 0.518
1439.000 0.400
1440.000 0.379
1441.000 0.324
1442.000 0.311
1443.000 0.298
1444.000 0.295
1445.000 0.289
1446.000 0.283
1447.000 0.288
1448.000 0.281
1449.000 0.271
1450.000 0.259
1451.000 0.243
1452.000 0.239
1453.000 0.225
1454.000 0.209
1455.000 0.200
1456.000 0.182
1457.000 0.181
1458.000 0.185
1459.000 0.187
1460.000 0.190
1461.000 0.197
1462.000 0.208
1463.000 0.215
1464.000 0.227
1465.000 0.233
1466.000 0.228
1467.000 0.230
1468.000 0.235
1469.000 0.236
1470.000 0.238
1471.000 0.238
1472.000 0.230
1473.000 0.227
1474.000 0.222
1475.000 0.221
1476.000 0.219
1477.000 0.221
1478.000 0.228
1479.000 0.230
1480.000 0.233
1481.000 0.231
1482.000 0.221
1483.000 0.219
1484.000 0.216
1485.000 0.216
1486.000 0.223
1487.000 0.225
1488.000 0.225
1489.000 0.224
1490.000 0.220
1491.000 0.219
1492.000 0.219
1493.000 0.219
1494.000 0.219
1495.000 0.222
1496.000 0.225
1497.000 0.227
1498.000 0.230
1499.000 0.231
1500.000 0.231
1501.000 0.232
1502.000 0.230
1503.000 0.230
1504.000 0.232
1505.000 0.232
1506.000 0.232
1507.000 0.234
1508.000 0.236
1509.000 0.236
1510.000 0.238
1511.000 0.240
1512.000 0.241
1513.000 0.241
1514.000 0.242
1515.000 0.242
1516.000 0.243
1517.000 0.244
1518.000 0.246
1519.000 0.247
1520.000 0.249
1521.000 0.250
1522.000 0.251
1523.000 0.253
1524.000 0.254
1525.000 0.255
1526.000 0.256
1527.000 0.256
1528.000 0.257
1529.000 0.260
1530.000 0.261
1531.000 0.262
1532.000 0.263
1533.000 0.263
1534.000 0.264
1535.000 0.265
1536.000 0.266
1537.000 0.268
1538.000 0.269
1539.000 0.269
1540.000 0.270
1541.000 0.269
1542.000 0.270
1543.000 0.273
1544.000 0.274
1545.000 0.275
1546.000 0.276
1547.000 0.277
1548.000 0.277
1549.000 0.278
1550.000 0.279
1551.000 0.280
1552.000 0.281
1553.000 0.283
1554.000 0.284
1555.000 0.285
1556.000 0.285
1557.000 0.284
1558.000 0.284
1559.000 0.286
1560.000 0.286
1561.000 0.287
1562.000 0.288
1563.000 0.288
1564.000 0.289
1565.000 0.290
1566.000 0.292
1567.000 0.294
1568.000 0.295
1569.000 0.297
1570.000 0.297
1571.000 0.296
1572.000 0.296
1573.000 0.297
1574.000 0.298
1575.000 0.300
1576.000 0.301
1577.000 0.302
1578.000 0.302
1579.000 0.301
1580.000 0.301
1581.000 0.301
1582.000 0.301
1583.000 0.303
1584.000 0.304
1585.000 0.305
1586.000 0.306
1587.000 0.307
1588.000 0.308
1589.000 0.309
1590.000 0.311
1591.000 0.312
1592.000 0.313
1593.000 0.315
1594.000 0.315
1595.000 0.316
1596.000 0.317
1597.000 0.318
1598.000 0.319
1599.000 0.320
1600.000 0.322
1601.000 0.320
1602.000 0.320
1603.000 0.319
1604.000 0.319
1605.000 0.320
1606.000 0.321
1607.000 0.321
1608.000 0.321
1609.000 0.323
1610.000 0.325
1611.000 0.326
1612.000 0.327
1613.000 0.327
1614.000 0.326
1615.000 0.326
1616.000 0.325
1617.000 0.326
1618.000 0.327
1619.000 0.328
1620.000 0.329
1621.000 0.328
1622.000 0.329
1623.000 0.329
1624.000 0.330
1625.000 0.331
1626.000 0.331
1627.000 0.332
1628.000 0.332
1629.000 0.332
1630.000 0.332
1631.000 0.331
1632.000 0.331
1633.000 0.333
1634.000 0.333
1635.000 0.333
1636.000 0.334
1637.000 0.334
1638.000 0.335
1639.000 0.335
1640.000 0.336
1641.000 0.336
1642.000 0.337
1643.000 0.338
1644.000 0.338
1645.000 0.337
1646.000 0.337
1647.000 0.337
1648.000 0.337
1649.000 0.337
1650.000 0.337
1651.000 0.338
1652.000 0.338
1653.000 0.339
1654.000 0.339
1655.000 0.339
1656.000 0.338
1657.000 0.338
1658.000 0.338
1659.000 0.338
1660.000 0.339
1661.000 0.340
1662.000 0.341
1663.000 0.342
1664.000 0.343
1665.000 0.344
1666.000 0.345
1667.000 0.344
1668.000 0.345
1669.000 0.345
1670.000 0.344
1671.000 0.344
1672.000 0.344
1673.000 0.344
1674.000 0.344
1675.000 0.344
1676.000 0.344
1677.000 0.343
1678.000 0.343
1679.000 0.344
1680.000 0.344
1681.000 0.344
1682.000 0.344
1683.000 0.341
1684.000 0.341
1685.000 0.342
1686.000 0.341
1687.000 0.342
1688.000 0.342
1689.000 0.340
1690.000 0.340
1691.000 0.339
1692.000 0.340
1693.000 0.341
1694.000 0.341
1695.000 0.341
1696.000 0.341
1697.000 0.340
1698.000 0.340
1699.000 0.340
1700.000 0.339
1701.000 0.337
1702.000 0.337
1703.000 0.337
1704.000 0.337
1705.000 0.337
1706.000 0.338
1707.000 0.339
1708.000 0.341
1709.000 0.342
1710.000 0.342
1711.000 0.340
1712.000 0.338
1713.000 0.336
1714.000 0.336
1715.000 0.337
1716.000 0.339
1717.000 0.339
1718.000 0.337
1719.000 0.335
1720.000 0.333
1721.000 0.333
1722.000 0.334
1723.000 0.334
1724.000 0.333
1725.000 0.332
1726.000 0.331
1727.000 0.331
1728.000 0.331
1729.000 0.330
1730.000 0.329
1731.000 0.328
1732.000 0.327
1733.000 0.327
1734.000 0.329
1735.000 0.330
1736.000 0.332
1737.000 0.332
1738.000 0.329
1739.000 0.328
1740.000 0.325
1741.000 0.325
1742.000 0.327
1743.000 0.327
1744.000 0.328
1745.000 0.329
1746.000 0.332
1747.000 0.333
1748.000 0.335
1749.000 0.336
1750.000 0.334
1751.000 0.334
1752.000 0.334
1753.000 0.332
1754.000 0.330
1755.000 0.328
1756.000 0.323
1757.000 0.321
1758.000 0.321
1759.000 0.322
1760.000 0.327
1761.000 0.329
1762.000 0.331
1763.000 0.333
1764.000 0.329
1765.000 0.326
1766.000 0.325
1767.000 0.320
1768.000 0.317
1769.000 0.317
1770.000 0.313
1771.000 0.315
1772.000 0.323
1773.000 0.327
1774.000 0.334
1775.000 0.341
1776.000 0.339
1777.000 0.339
1778.000 0.342
1779.000 0.345
1780.000 0.342
1781.000 0.332
1782.000 0.335
1783.000 0.337
1784.000 0.340
1785.000 0.357
1786.000 0.365
1787.000 0.362
1788.000 0.364
1789.000 0.366
1790.000 0.365
1791.000 0.365
1792.000 0.355
1793.000 0.328
1794.000 0.311
1795.000 0.300
1796.000 0.300
1797.000 0.318
1798.000 0.360
1799.000 0.420
1800.000 0.376
1801.000 0.331
1802.000 0.330
1803.000 0.310
1804.000 0.309
1805.000 0.331
1806.000 0.470
1807.000 0.530
1808.000 0.590
1809.000 0.548
1810.000 0.408
1811.000 0.497
1812.000 0.626
1813.000 0.649
1814.000 0.662
1815.000 0.676
1816.000 0.664
1817.000 0.658
1818.000 0.652
1819.000 0.569
1820.000 0.353
1821.000 0.615
1822.000 0.401
1823.000 0.515
1824.000 0.379
1825.000 0.317
1826.000 0.295
1827.000 0.225
1828.000 0.306
1829.000 0.391
1830.000 0.428
1831.000 0.507
1832.000 0.593
1833.000 0.627
1834.000 0.689
1835.000 0.599
1836.000 0.512
1837.000 0.538
1838.000 0.678
1839.000 0.357
1840.000 0.269
1841.000 0.259
1842.000 0.173
1843.000 0.390
1844.000 0.521
1845.000 0.515
1846.000 0.493
1847.000 0.573
1848.000 0.685
1849.000 0.696
1850.000 0.536
1851.000 0.850
1852.000 0.621
1853.000 0.406
1854.000 0.425
1855.000 0.573
1856.000 0.381
1857.000 0.308
1858.000 0.505
1859.000 0.580
1860.000 0.484
1861.000 0.535
1862.000 0.508
1863.000 0.549
1864.000 0.507
1865.000 0.536
1866.000 0.626
1867.000 0.495
1868.000 0.472
1869.000 0.357
1870.000 0.217
1871.000 0.209
1872.000 0.289
1873.000 0.322
1874.000 0.222
1875.000 0.179
1876.000 0.350
1877.000 0.201
1878.000 0.244
1879.000 0.213
1880.000 0.153
1881.000 0.534
1882.000 0.161
1883.000 0.250
1884.000 0.373
1885.000 0.377
1886.000 0.393
1887.000 0.415
1888.000 0.435
1889.000 0.501
1890.000 0.459
1891.000 0.472
1892.000 0.565
1893.000 0.545
1894.000 0.671
1895.000 0.740
1896.000 0.734
1897.000 0.687
1898.000 0.709
1899.000 0.694
1900.000 0.681
1901.000 0.636
1902.000 0.718
1903.000 0.505
1904.000 0.398
1905.000 0.402
1906.000 0.499
1907.000 0.394
1908.000 0.541
1909.000 0.577
1910.000 0.468
1911.000 0.572
1912.000 0.566
1913.000 0.606
1914.000 0.397
1915.000 0.515
1916.000 0.556
1917.000 0.740
1918.000 0.485
1919.000 0.373
1920.000 0.448
1921.000 0.442
1922.000 0.455
1923.000 0.544
1924.000 0.419
1925.000 0.440
1926.000 0.573
1927.000 0.663
1928.000 0.681
1929.000 0.669
1930.000 0.610
1931.000 0.601
1932.000 0.619
1933.000 0.613
1934.000 0.621
1935.000 0.493
1936.000 0.391
1937.000 0.651
1938.000 0.448
1939.000 0.392
1940.000 0.817
1941.000 0.626
1942.000 0.606
1943.000 0.386
1944.000 0.673
1945.000 0.717
1946.000 0.749
1947.000 0.634
1948.000 0.495
1949.000 0.295
1950.000 0.623
1951.000 0.431
1952.000 0.315
1953.000 0.160
1954.000 0.263
1955.000 0.368
1956.000 0.595
1957.000 0.579
1958.000 0.454
1959.000 0.363
1960.000 0.250
1961.000 0.209
1962.000 0.201
1963.000 0.262
1964.000 0.248
1965.000 0.252
1966.000 0.267
1967.000 0.251
1968.000 0.261
1969.000 0.223
1970.000 0.210
1971.000 0.180
1972.000 0.167
1973.000 0.184
1974.000 0.223
1975.000 0.223
1976.000 0.207
1977.000 0.207
1978.000 0.188
1979.000 0.180
1980.000 0.182
1981.000 0.179
1982.000 0.187
1983.000 0.178
1984.000 0.172
1985.000 0.178
1986.000 0.176
1987.000 0.170
1988.000 0.174
1989.000 0.176
1990.000 0.181
1991.000 0.190
1992.000 0.206
1993.000 0.229
1994.000 0.238
1995.000 0.227
1996.000 0.220
1997.000 0.214
1998.000 0.222
1999.000 0.230
2000.000 0.251
2001.000 0.281
2002.000 0.275
2003.000 0.286
2004.000 0.306
2005.000 0.307
2006.000 0.308
2007.000 0.281
2008.000 0.271
2009.000 0.300
2010.000 0.315
2011.000 0.315
2012.000 0.276
2013.000 0.245
2014.000 0.228
2015.000 0.199
2016.000 0.193
2017.000 0.196
2018.000 0.185
2019.000 0.172
2020.000 0.176
2021.000 0.165
2022.000 0.158
2023.000 0.170
2024.000 0.167
2025.000 0.159
2026.000 0.157
2027.000 0.157
2028.000 0.162
2029.000 0.159
2030.000 0.148
2031.000 0.147
2032.000 0.148
2033.000 0.150
2034.000 0.156
2035.000 0.161
2036.000 0.169
2037.000 0.170
2038.000 0.172
2039.000 0.182
2040.000 0.187
2041.000 0.189
2042.000 0.192
2043.000 0.196
2044.000 0.195
2045.000 0.186
2046.000 0.188
2047.000 0.190
2048.000 0.196
2049.000 0.211
2050.000 0.230
2051.000 0.228
2052.000 0.235
2053.000 0.235
2054.000 0.221
2055.000 0.220
2056.000 0.212
2057.000 0.199
2058.000 0.189
2059.000 0.184
2060.000 0.174
2061.000 0.174
2062.000 0.180
2063.000 0.183
2064.000 0.190
2065.000 0.194
2066.000 0.193
2067.000 0.200
2068.000 0.203
2069.000 0.200
2070.000 0.202
2071.000 0.197
2072.000 0.196
2073.000 0.199
2074.000 0.197
2075.000 0.193
2076.000 0.191
2077.000 0.185
2078.000 0.183
2079.000 0.183
2080.000 0.183
2081.000 0.182
2082.000 0.183
2083.000 0.182
2084.000 0.184
2085.000 0.184
2086.000 0.182
2087.000 0.184
2088.000 0.188
2089.000 0.189
2090.000 0.190
2091.000 0.191
2092.000 0.184
2093.000 0.188
2094.000 0.202
2095.000 0.210
2096.000 0.224
2097.000 0.232
2098.000 0.233
2099.000 0.232
2100.000 0.235
2101.000 0.231
2102.000 0.227
2103.000 0.225
2104.000 0.225
2105.000 0.231
2106.000 0.231
2107.000 0.231
2108.000 0.228
2109.000 0.215
2110.000 0.210
2111.000 0.204
2112.000 0.202
2113.000 0.203
2114.000 0.205
2115.000 0.206
2116.000 0.208
2117.000 0.211
2118.000 0.217
2119.000 0.219
2120.000 0.221
2121.000 0.220
2122.000 0.212
2123.000 0.207
2124.000 0.198
2125.000 0.198
2126.000 0.206
2127.000 0.210
2128.000 0.221
2129.000 0.224
2130.000 0.219
2131.000 0.217
2132.000 0.215
2133.000 0.213
2134.000 0.210
2135.000 0.210
2136.000 0.211
2137.000 0.213
2138.000 0.217
2139.000 0.224
2140.000 0.223
2141.000 0.219
2142.000 0.216
2143.000 0.209
2144.000 0.208
2145.000 0.210
2146.000 0.212
2147.000 0.218
2148.000 0.220
2149.000 0.224
2150.000 0.223
2151.000 0.212
2152.000 0.210
2153.000 0.212
2154.000 0.214
2155.000 0.221
2156.000 0.234
2157.000 0.231
2158.000 0.229
2159.000 0.227
2160.000 0.216
2161.000 0.216
2162.000 0.219
2163.000 0.222
2164.000 0.231
2165.000 0.236
2166.000 0.240
2167.000 0.243
2168.000 0.244
2169.000 0.241
2170.000 0.235
2171.000 0.230
2172.000 0.221
2173.000 0.217
2174.000 0.212
2175.000 0.212
2176.000 0.220
2177.000 0.225
2178.000 0.233
2179.000 0.243
2180.000 0.242
2181.000 0.243
2182.000 0.248
2183.000 0.245
2184.000 0.243
2185.000 0.241
2186.000 0.236
2187.000 0.225
2188.000 0.222
2189.000 0.222
2190.000 0.221
2191.000 0.225
2192.000 0.225
2193.000 0.221
2194.000 0.222
2195.000 0.224
2196.000 0.226
2197.000 0.234
2198.000 0.235
2199.000 0.231
2200.000 0.227
2201.000 0.221
2202.000 0.210
2203.000 0.204
2204.000 0.204
2205.000 0.205
2206.000 0.213
2207.000 0.226
2208.000 0.234
2209.000 0.239
2210.000 0.245
2211.000 0.245
2212.000 0.239
2213.000 0.236
2214.000 0.228
2215.000 0.227
2216.000 0.229
2217.000 0.231
2218.000 0.243
2219.000 0.244
2220.000 0.237
2221.000 0.234
2222.000 0.225
2223.000 0.221
2224.000 0.218
2225.000 0.219
2226.000 0.225
2227.000 0.232
2228.000 0.238
2229.000 0.238
2230.000 0.235
2231.000 0.225
2232.000 0.218
2233.000 0.221
2234.000 0.229
2235.000 0.237
2236.000 0.247
2237.000 0.250
2238.000 0.251
2239.000 0.243
2240.000 0.238
2241.000 0.232
2242.000 0.223
2243.000 0.208
2244.000 0.204
2245.000 0.203
2246.000 0.203
2247.000 0.209
2248.000 0.213
2249.000 0.211
2250.000 0.214
2251.000 0.225
2252.000 0.229
2253.000 0.237
2254.000 0.237
2255.000 0.227
2256.000 0.224
2257.000 0.223
2258.000 0.213
2259.000 0.213
2260.000 0.211
2261.000 0.208
2262.000 0.209
2263.000 0.214
2264.000 0.217
2265.000 0.218
2266.000 0.218
2267.000 0.214
2268.000 0.210
2269.000 0.202
2270.000 0.200
2271.000 0.193
2272.000 0.190
2273.000 0.194
2274.000 0.206
2275.000 0.214
2276.000 0.232
2277.000 0.239
2278.000 0.243
2279.000 0.239
2280.000 0.230
2281.000 0.222
2282.000 0.204
2283.000 0.194
2284.000 0.183
2285.000 0.175
2286.000 0.168
2287.000 0.169
2288.000 0.180
2289.000 0.182
2290.000 0.185
2291.000 0.189
2292.000 0.187
2293.000 0.191
2294.000 0.206
2295.000 0.212
2296.000 0.220
2297.000 0.213
2298.000 0.190
2299.000 0.176
2300.000 0.176
2301.000 0.183
2302.000 0.192
2303.000 0.202
2304.000 0.196
2305.000 0.180
2306.000 0.177
2307.000 0.170
2308.000 0.157
2309.000 0.144
2310.000 0.153
2311.000 0.152
2312.000 0.155
2313.000 0.155
2314.000 0.156
2315.000 0.155
2316.000 0.155
2317.000 0.188
2318.000 0.199
2319.000 0.199
2320.000 0.197
2321.000 0.156
2322.000 0.156
2323.000 0.152
2324.000 0.144
2325.000 0.148
2326.000 0.168
2327.000 0.140
2328.000 0.141
2329.000 0.160
2330.000 0.167
2331.000 0.179
2332.000 0.178
2333.000 0.186
2334.000 0.187
2335.000 0.231
2336.000 0.231
2337.000 0.191
2338.000 0.187
2339.000 0.178
2340.000 0.182
2341.000 0.184
2342.000 0.187
2343.000 0.205
2344.000 0.203
2345.000 0.180
2346.000 0.180
2347.000 0.222
2348.000 0.237
2349.000 0.272
2350.000 0.291
2351.000 0.250
2352.000 0.231
2353.000 0.193
2354.000 0.206
2355.000 0.263
2356.000 0.310
2357.000 0.347
2358.000 0.305
2359.000 0.253
2360.000 0.191
2361.000 0.164
2362.000 0.185
2363.000 0.208
2364.000 0.245
2365.000 0.243
2366.000 0.214
2367.000 0.154
2368.000 0.109
2369.000 0.120
2370.000 0.127
2371.000 0.155
2372.000 0.156
2373.000 0.140
2374.000 0.220
2375.000 0.187
2376.000 0.229
2377.000 0.202
2378.000 0.174
2379.000 0.189
2380.000 0.170
2381.000 0.219
2382.000 0.231
2383.000 0.192
2384.000 0.272
2385.000 0.196
2386.000 0.168
2387.000 0.184
2388.000 0.175
2389.000 0.244
2390.000 0.221
2391.000 0.156
2392.000 0.186
2393.000 0.151
2394.000 0.121
2395.000 0.186
2396.000 0.198
2397.000 0.275
2398.000 0.311
2399.000 0.327
2400.000 0.232
2401.000 0.120
2402.000 0.165
2403.000 0.103
2404.000 0.070
2405.000 0.063
2406.000 0.138
2407.000 0.291
2408.000 0.263
2409.000 0.098
2410.000 0.234
2411.000 0.230
2412.000 0.277
2413.000 0.315
2414.000 0.239
2415.000 0.175
2416.000 0.262
2417.000 0.326
2418.000 0.424
2419.000 0.452
2420.000 0.444
2421.000 0.389
2422.000 0.396
2423.000 0.284
2424.000 0.307
2425.000 0.398
2426.000 0.257
2427.000 0.333
2428.000 0.408
2429.000 0.319
2430.000 0.446
2431.000 0.316
2432.000 0.446
2433.000 0.405
2434.000 0.377
2435.000 0.600
2436.000 0.738
2437.000 0.715
2438.000 0.328
2439.000 0.323
2440.000 0.344
2441.000 0.253
2442.000 0.225
2443.000 0.140
2444.000 0.420
2445.000 0.714
2446.000 0.565
2447.000 0.388
2448.000 0.222
2449.000 0.308
2450.000 0.577
2451.000 0.556
2452.000 0.545
2453.000 0.545
2454.000 0.532
2455.000 0.522
2456.000 0.576
2457.000 0.453
2458.000 0.429
2459.000 0.484
2460.000 0.363
2461.000 0.334
2462.000 0.352
2463.000 0.402
2464.000 0.478
2465.000 0.585
2466.000 0.652
2467.000 0.801
2468.000 0.533
2469.000 0.359
2470.000 0.714
2471.000 0.270
2472.000 0.382
2473.000 0.343
2474.000 0.432
2475.000 0.416
2476.000 0.413
2477.000 0.355
2478.000 0.402
2479.000 0.304
2480.000 0.276
2481.000 0.563
2482.000 0.387
2483.000 0.417
2484.000 0.447
2485.000 0.536
2486.000 0.378
2487.000 0.573
2488.000 0.581
2489.000 0.104
2490.000 0.091
2491.000 0.179
2492.000 0.239
2493.000 0.222
2494.000 0.263
2495.000 0.350
2496.000 0.300
2497.000 0.178
2498.000 0.210
2499.000 0.281
2500.000 0.317
