391.000 0.026
392.000 0.025
393.000 0.025
394.000 0.026
395.000 0.029
396.000 0.030
397.000 0.027
398.000 0.030
399.000 0.031
400.000 0.029
401.000 0.026
402.000 0.025
403.000 0.026
404.000 0.028
405.000 0.028
406.000 0.029
407.000 0.030
408.000 0.030
409.000 0.030
410.000 0.029
411.000 0.029
412.000 0.031
413.000 0.031
414.000 0.031
415.000 0.032
416.000 0.030
417.000 0.031
418.000 0.032
419.000 0.032
420.000 0.031
421.000 0.032
422.000 0.033
423.000 0.031
424.000 0.032
425.000 0.034
426.000 0.033
427.000 0.031
428.000 0.031
429.000 0.031
430.000 0.031
431.000 0.033
432.000 0.032
433.000 0.033
434.000 0.034
435.000 0.033
436.000 0.033
437.000 0.033
438.000 0.034
439.000 0.034
440.000 0.033
441.000 0.033
442.000 0.035
443.000 0.035
444.000 0.035
445.000 0.036
446.000 0.034
447.000 0.034
448.000 0.035
449.000 0.034
450.000 0.035
451.000 0.036
452.000 0.035
453.000 0.034
454.000 0.035
455.000 0.036
456.000 0.037
457.000 0.036
458.000 0.036
459.000 0.036
460.000 0.036
461.000 0.037
462.000 0.037
463.000 0.037
464.000 0.037
465.000 0.038
466.000 0.038
467.000 0.036
468.000 0.036
469.000 0.037
470.000 0.038
471.000 0.039
472.000 0.038
473.000 0.038
474.000 0.039
475.000 0.037
476.000 0.038
477.000 0.039
478.000 0.037
479.000 0.038
480.000 0.039
481.000 0.039
482.000 0.040
483.000 0.040
484.000 0.039
485.000 0.039
486.000 0.039
487.000 0.041
488.000 0.041
489.000 0.040
490.000 0.040
491.000 0.041
492.000 0.043
493.000 0.043
494.000 0.042
495.000 0.042
496.000 0.043
497.000 0.042
498.000 0.042
499.000 0.042
500.000 0.043
501.000 0.044
502.000 0.044
503.000 0.044
504.000 0.047
505.000 0.046
506.000 0.046
507.000 0.047
508.000 0.047
509.000 0.048
510.000 0.049
511.000 0.049
512.000 0.051
513.000 0.052
514.000 0.053
515.000 0.055
516.000 0.057
517.000 0.058
518.000 0.058
519.000 0.060
520.000 0.062
521.000 0.062
522.000 0.064
523.000 0.065
524.000 0.066
525.000 0.068
526.000 0.069
527.000 0.071
528.000 0.072
529.000 0.073
530.000 0.074
531.000 0.075
532.000 0.077
533.000 0.077
534.000 0.078
535.000 0.079
536.000 0.080
537.000 0.079
538.000 0.080
539.000 0.081
540.000 0.081
541.000 0.082
542.000 0.082
543.000 0.083
544.000 0.083
545.000 0.083
546.000 0.084
547.000 0.084
548.000 0.084
549.000 0.084
550.000 0.085
551.000 0.085
552.000 0.085
553.000 0.085
554.000 0.085
555.000 0.085
556.000 0.085
557.000 0.085
558.000 0.085
559.000 0.085
560.000 0.085
561.000 0.084
562.000 0.083
563.000 0.082
564.000 0.081
565.000 0.081
566.000 0.082
567.000 0.081
568.000 0.080
569.000 0.080
570.000 0.079
571.000 0.077
572.000 0.076
573.000 0.076
574.000 0.076
575.000 0.076
576.000 0.075
577.000 0.074
578.000 0.074
579.000 0.075
580.000 0.074
581.000 0.073
582.000 0.072
583.000 0.073
584.000 0.072
585.000 0.072
586.000 0.072
587.000 0.072
588.000 0.072
589.000 0.072
590.000 0.072
591.000 0.071
592.000 0.071
593.000 0.071
594.000 0.071
595.000 0.071
596.000 0.071
597.000 0.070
598.000 0.071
599.000 0.071
600.000 0.070
601.000 0.070
602.000 0.070
603.000 0.070
604.000 0.070
605.000 0.070
606.000 0.070
607.000 0.070
608.000 0.070
609.000 0.070
610.000 0.070
611.000 0.069
612.000 0.070
613.000 0.069
614.000 0.069
615.000 0.070
616.000 0.069
617.000 0.068
618.000 0.068
619.000 0.068
620.000 0.068
621.000 0.068
622.000 0.068
623.000 0.068
624.000 0.069
625.000 0.069
626.000 0.068
627.000 0.069
628.000 0.069
629.000 0.070
630.000 0.069
631.000 0.069
632.000 0.069
633.000 0.070
634.000 0.069
635.000 0.070
636.000 0.070
637.000 0.070
638.000 0.070
639.000 0.068
640.000 0.067
641.000 0.067
642.000 0.068
643.000 0.067
644.000 0.066
645.000 0.067
646.000 0.066
647.000 0.067
648.000 0.068
649.000 0.067
650.000 0.067
651.000 0.066
652.000 0.066
653.000 0.067
654.000 0.067
655.000 0.066
656.000 0.067
657.000 0.067
658.000 0.067
659.000 0.067
660.000 0.067
661.000 0.068
662.000 0.069
663.000 0.068
664.000 0.068
665.000 0.068
666.000 0.068
667.000 0.068
668.000 0.068
669.000 0.068
670.000 0.069
671.000 0.070
672.000 0.071
673.000 0.071
674.000 0.073
675.000 0.073
676.000 0.072
677.000 0.073
678.000 0.075
679.000 0.075
680.000 0.074
681.000 0.075
682.000 0.076
683.000 0.078
684.000 0.077
685.000 0.079
686.000 0.081
687.000 0.083
688.000 0.084
689.000 0.084
690.000 0.084
691.000 0.086
692.000 0.089
693.000 0.091
694.000 0.094
695.000 0.098
696.000 0.101
697.000 0.104
698.000 0.107
699.000 0.111
700.000 0.115
701.000 0.119
702.000 0.124
703.000 0.128
704.000 0.132
705.000 0.135
706.000 0.140
707.000 0.145
708.000 0.148
709.000 0.152
710.000 0.157
711.000 0.160
712.000 0.165
713.000 0.169
714.000 0.173
715.000 0.177
716.000 0.181
717.000 0.185
718.000 0.190
719.000 0.194
720.000 0.199
721.000 0.203
722.000 0.207
723.000 0.210
724.000 0.213
725.000 0.217
726.000 0.221
727.000 0.224
728.000 0.228
729.000 0.231
730.000 0.234
731.000 0.238
732.000 0.241
733.000 0.244
734.000 0.247
735.000 0.250
736.000 0.252
737.000 0.255
738.000 0.257
739.000 0.259
740.000 0.262
741.000 0.264
742.000 0.266
743.000 0.268
744.000 0.270
745.000 0.272
746.000 0.273
747.000 0.275
748.000 0.276
749.000 0.277
750.000 0.279
751.000 0.280
752.000 0.281
753.000 0.282
754.000 0.283
755.000 0.284
756.000 0.285
757.000 0.286
758.000 0.286
759.000 0.286
760.000 0.286
761.000 0.285
762.000 0.283
763.000 0.284
764.000 0.286
765.000 0.288
766.000 0.290
767.000 0.291
768.000 0.293
769.000 0.294
770.000 0.295
771.000 0.295
772.000 0.296
773.000 0.297
774.000 0.298
775.000 0.298
776.000 0.299
777.000 0.299
778.000 0.300
779.000 0.300
780.000 0.301
781.000 0.301
782.000 0.301
783.000 0.302
784.000 0.302
785.000 0.302
786.000 0.303
787.000 0.303
788.000 0.304
789.000 0.303
790.000 0.304
791.000 0.304
792.000 0.305
793.000 0.306
794.000 0.306
795.000 0.306
796.000 0.307
797.000 0.307
798.000 0.307
799.000 0.308
800.000 0.308
801.000 0.309
802.000 0.309
803.000 0.310
804.000 0.310
805.000 0.311
806.000 0.312
807.000 0.312
808.000 0.313
809.000 0.313
810.000 0.313
811.000 0.313
812.000 0.312
813.000 0.313
814.000 0.312
815.000 0.311
816.000 0.312
817.000 0.312
818.000 0.313
819.000 0.314
820.000 0.314
821.000 0.315
822.000 0.315
823.000 0.317
824.000 0.317
825.000 0.317
826.000 0.318
827.000 0.318
828.000 0.318
829.000 0.319
830.000 0.320
831.000 0.320
832.000 0.321
833.000 0.322
834.000 0.323
835.000 0.323
836.000 0.324
837.000 0.325
838.000 0.326
839.000 0.326
840.000 0.327
841.000 0.328
842.000 0.329
843.000 0.329
844.000 0.330
845.000 0.330
846.000 0.331
847.000 0.331
848.000 0.332
849.000 0.333
850.000 0.333
851.000 0.333
852.000 0.334
853.000 0.334
854.000 0.335
855.000 0.335
856.000 0.336
857.000 0.336
858.000 0.336
859.000 0.337
860.000 0.337
861.000 0.338
862.000 0.337
863.000 0.338
864.000 0.338
865.000 0.339
866.000 0.339
867.000 0.340
868.000 0.340
869.000 0.340
870.000 0.341
871.000 0.341
872.000 0.341
873.000 0.341
874.000 0.342
875.000 0.342
876.000 0.342
877.000 0.343
878.000 0.343
879.000 0.344
880.000 0.344
881.000 0.344
882.000 0.344
883.000 0.344
884.000 0.345
885.000 0.345
886.000 0.346
887.000 0.346
888.000 0.347
889.000 0.347
890.000 0.347
891.000 0.346
892.000 0.346
893.000 0.346
894.000 0.346
895.000 0.345
896.000 0.345
897.000 0.344
898.000 0.343
899.000 0.343
900.000 0.343
901.000 0.344
902.000 0.344
903.000 0.344
904.000 0.346
905.000 0.345
906.000 0.346
907.000 0.346
908.000 0.346
909.000 0.346
910.000 0.346
911.000 0.345
912.000 0.345
913.000 0.345
914.000 0.345
915.000 0.345
916.000 0.345
917.000 0.346
918.000 0.347
919.000 0.349
920.000 0.348
921.000 0.348
922.000 0.349
923.000 0.350
924.000 0.349
925.000 0.348
926.000 0.348
927.000 0.347
928.000 0.346
929.000 0.345
930.000 0.342
931.000 0.338
932.000 0.336
933.000 0.334
934.000 0.332
935.000 0.327
936.000 0.325
937.000 0.330
938.000 0.330
939.000 0.328
940.000 0.331
941.000 0.332
942.000 0.331
943.000 0.331
944.000 0.330
945.000 0.334
946.000 0.334
947.000 0.329
948.000 0.331
949.000 0.330
950.000 0.328
951.000 0.331
952.000 0.330
953.000 0.328
954.000 0.329
955.000 0.332
956.000 0.331
957.000 0.328
958.000 0.330
959.000 0.335
960.000 0.331
961.000 0.330
962.000 0.331
963.000 0.334
964.000 0.340
965.000 0.340
966.000 0.340
967.000 0.342
968.000 0.340
969.000 0.342
970.000 0.344
971.000 0.345
972.000 0.345
973.000 0.344
974.000 0.344
975.000 0.346
976.000 0.346
977.000 0.347
978.000 0.346
979.000 0.348
980.000 0.350
981.000 0.350
982.000 0.351
983.000 0.353
984.000 0.353
985.000 0.354
986.000 0.353
987.000 0.354
988.000 0.356
989.000 0.358
990.000 0.357
991.000 0.357
992.000 0.358
993.000 0.357
994.000 0.359
995.000 0.361
996.000 0.362
997.000 0.360
998.000 0.361
999.000 0.362
1000.000 0.364
1001.000 0.368
1002.000 0.368
1003.000 0.369
1004.000 0.370
1005.000 0.369
1006.000 0.370
1007.000 0.372
1008.000 0.373
1009.000 0.374
1010.000 0.375
1011.000 0.375
1012.000 0.375
1013.000 0.376
1014.000 0.377
1015.000 0.377
1016.000 0.378
1017.000 0.379
1018.000 0.379
1019.000 0.380
1020.000 0.380
1021.000 0.380
1022.000 0.380
1023.000 0.381
1024.000 0.382
1025.000 0.383
1026.000 0.383
1027.000 0.384
1028.000 0.384
1029.000 0.384
1030.000 0.385
1031.000 0.386
1032.000 0.387
1033.000 0.387
1034.000 0.388
1035.000 0.388
1036.000 0.388
1037.000 0.389
1038.000 0.389
1039.000 0.390
1040.000 0.390
1041.000 0.391
1042.000 0.391
1043.000 0.392
1044.000 0.392
1045.000 0.393
1046.000 0.394
1047.000 0.394
1048.000 0.394
1049.000 0.395
1050.000 0.395
1051.000 0.395
1052.000 0.396
1053.000 0.396
1054.000 0.397
1055.000 0.397
1056.000 0.397
1057.000 0.398
1058.000 0.398
1059.000 0.398
1060.000 0.398
1061.000 0.399
1062.000 0.398
1063.000 0.399
1064.000 0.399
1065.000 0.399
1066.000 0.400
1067.000 0.400
1068.000 0.401
1069.000 0.401
1070.000 0.402
1071.000 0.401
1072.000 0.401
1073.000 0.402
1074.000 0.402
1075.000 0.403
1076.000 0.403
1077.000 0.404
1078.000 0.403
1079.000 0.404
1080.000 0.404
1081.000 0.404
1082.000 0.404
1083.000 0.404
1084.000 0.405
1085.000 0.405
1086.000 0.405
1087.000 0.404
1088.000 0.404
1089.000 0.404
1090.000 0.404
1091.000 0.404
1092.000 0.404
1093.000 0.404
1094.000 0.404
1095.000 0.403
1096.000 0.402
1097.000 0.402
1098.000 0.401
1099.000 0.400
1100.000 0.399
1101.000 0.399
1102.000 0.398
1103.000 0.399
1104.000 0.398
1105.000 0.397
1106.000 0.396
1107.000 0.396
1108.000 0.395
1109.000 0.395
1110.000 0.394
1111.000 0.393
1112.000 0.391
1113.000 0.389
1114.000 0.387
1115.000 0.386
1116.000 0.385
1117.000 0.384
1118.000 0.384
1119.000 0.381
1120.000 0.377
1121.000 0.377
1122.000 0.377
1123.000 0.375
1124.000 0.374
1125.000 0.374
1126.000 0.371
1127.000 0.372
1128.000 0.376
1129.000 0.382
1130.000 0.383
1131.000 0.385
1132.000 0.383
1133.000 0.378
1134.000 0.376
1135.000 0.374
1136.000 0.375
1137.000 0.378
1138.000 0.380
1139.000 0.381
1140.000 0.379
1141.000 0.373
1142.000 0.371
1143.000 0.369
1144.000 0.368
1145.000 0.370
1146.000 0.369
1147.000 0.366
1148.000 0.363
1149.000 0.360
1150.000 0.361
1151.000 0.362
1152.000 0.362
1153.000 0.362
1154.000 0.362
1155.000 0.362
1156.000 0.363
1157.000 0.364
1158.000 0.364
1159.000 0.365
1160.000 0.365
1161.000 0.365
1162.000 0.367
1163.000 0.368
1164.000 0.369
1165.000 0.369
1166.000 0.368
1167.000 0.368
1168.000 0.368
1169.000 0.368
1170.000 0.369
1171.000 0.370
1172.000 0.371
1173.000 0.371
1174.000 0.371
1175.000 0.371
1176.000 0.371
1177.000 0.371
1178.000 0.371
1179.000 0.371
1180.000 0.371
1181.000 0.371
1182.000 0.371
1183.000 0.370
1184.000 0.371
1185.000 0.371
1186.000 0.371
1187.000 0.371
1188.000 0.371
1189.000 0.371
1190.000 0.371
1191.000 0.371
1192.000 0.371
1193.000 0.372
1194.000 0.373
1195.000 0.374
1196.000 0.374
1197.000 0.375
1198.000 0.375
1199.000 0.375
1200.000 0.376
1201.000 0.376
1202.000 0.376
1203.000 0.377
1204.000 0.377
1205.000 0.377
1206.000 0.377
1207.000 0.377
1208.000 0.378
1209.000 0.378
1210.000 0.378
1211.000 0.379
1212.000 0.379
1213.000 0.379
1214.000 0.380
1215.000 0.381
1216.000 0.382
1217.000 0.383
1218.000 0.384
1219.000 0.384
1220.000 0.385
1221.000 0.385
1222.000 0.385
1223.000 0.386
1224.000 0.386
1225.000 0.388
1226.000 0.388
1227.000 0.389
1228.000 0.390
1229.000 0.390
1230.000 0.391
1231.000 0.391
1232.000 0.393
1233.000 0.393
1234.000 0.394
1235.000 0.394
1236.000 0.395
1237.000 0.395
1238.000 0.396
1239.000 0.396
1240.000 0.397
1241.000 0.397
1242.000 0.398
1243.000 0.398
1244.000 0.399
1245.000 0.400
1246.000 0.400
1247.000 0.401
1248.000 0.400
1249.000 0.401
1250.000 0.401
1251.000 0.401
1252.000 0.401
1253.000 0.402
1254.000 0.403
1255.000 0.403
1256.000 0.403
1257.000 0.402
1258.000 0.402
1259.000 0.403
1260.000 0.403
1261.000 0.403
1262.000 0.403
1263.000 0.402
1264.000 0.402
1265.000 0.403
1266.000 0.403
1267.000 0.404
1268.000 0.405
1269.000 0.405
1270.000 0.406
1271.000 0.406
1272.000 0.406
1273.000 0.407
1274.000 0.408
1275.000 0.409
1276.000 0.410
1277.000 0.410
1278.000 0.410
1279.000 0.410
1280.000 0.411
1281.000 0.411
1282.000 0.411
1283.000 0.411
1284.000 0.411
1285.000 0.411
1286.000 0.411
1287.000 0.411
1288.000 0.412
1289.000 0.412
1290.000 0.411
1291.000 0.411
1292.000 0.409
1293.000 0.409
1294.000 0.408
1295.000 0.408
1296.000 0.407
1297.000 0.407
1298.000 0.406
1299.000 0.405
1300.000 0.405
1301.000 0.404
1302.000 0.404
1303.000 0.404
1304.000 0.403
1305.000 0.403
1306.000 0.402
1307.000 0.401
1308.000 0.400
1309.000 0.398
1310.000 0.397
1311.000 0.397
1312.000 0.396
1313.000 0.395
1314.000 0.394
1315.000 0.391
1316.000 0.389
1317.000 0.387
1318.000 0.386
1319.000 0.386
1320.000 0.386
1321.000 0.384
1322.000 0.383
1323.000 0.381
1324.000 0.379
1325.000 0.377
1326.000 0.377
1327.000 0.375
1328.000 0.372
1329.000 0.370
1330.000 0.368
1331.000 0.367
1332.000 0.368
1333.000 0.366
1334.000 0.362
1335.000 0.361
1336.000 0.358
1337.000 0.357
1338.000 0.357
1339.000 0.356
1340.000 0.353
1341.000 0.352
1342.000 0.354
1343.000 0.355
1344.000 0.359
1345.000 0.361
1346.000 0.358
1347.000 0.356
1348.000 0.353
1349.000 0.347
1350.000 0.344
1351.000 0.339
1352.000 0.348
1353.000 0.400
1354.000 0.487
1355.000 0.593
1356.000 0.552
1357.000 0.522
1358.000 0.550
1359.000 0.596
1360.000 0.440
1361.000 0.490
1362.000 0.567
1363.000 0.423
1364.000 0.526
1365.000 0.483
1366.000 0.555
1367.000 0.305
1368.000 0.908
1369.000 0.768
1370.000 0.454
1371.000 0.558
1372.000 0.679
1373.000 0.804
1374.000 0.847
1375.000 0.662
1376.000 0.538
1377.000 0.487
1378.000 0.476
1379.000 0.448
1380.000 0.471
1381.000 0.301
1382.000 0.430
1383.000 0.569
1384.000 0.705
1385.000 0.854
1386.000 0.327
1387.000 0.395
1388.000 0.478
1389.000 0.285
1390.000 0.808
1391.000 0.666
1392.000 0.527
1393.000 0.362
1394.000 0.349
1395.000 0.201
1396.000 0.194
1397.000 0.234
1398.000 0.608
1399.000 0.648
1400.000 0.723
1401.000 0.736
1402.000 0.761
1403.000 0.638
1404.000 0.479
1405.000 0.298
1406.000 0.175
1407.000 0.301
1408.000 0.315
1409.000 0.317
1410.000 0.323
1411.000 0.329
1412.000 0.391
1413.000 0.408
1414.000 0.420
1415.000 0.235
1416.000 0.057
1417.000 0.470
1418.000 0.395
1419.000 0.496
1420.000 0.358
1421.000 0.432
1422.000 0.419
1423.000 0.339
1424.000 0.374
1425.000 0.603
1426.000 0.615
1427.000 0.599
1428.000 0.577
1429.000 0.365
1430.000 0.229
1431.000 0.347
1432.000 0.347
1433.000 0.285
1434.000 0.269
1435.000 0.207
1436.000 0.198
1437.000 0.162
1438.000 0.263
1439.000 0.257
1440.000 0.235
1441.000 0.116
1442.000 0.132
1443.000 0.163
1444.000 0.171
1445.000 0.153
1446.000 0.150
1447.000 0.132
1448.000 0.126
1449.000 0.132
1450.000 0.143
1451.000 0.159
1452.000 0.201
1453.000 0.204
1454.000 0.206
1455.000 0.194
1456.000 0.152
1457.000 0.147
1458.000 0.138
1459.000 0.140
1460.000 0.149
1461.000 0.155
1462.000 0.167
1463.000 0.172
1464.000 0.174
1465.000 0.178
1466.000 0.186
1467.000 0.184
1468.000 0.173
1469.000 0.170
1470.000 0.166
1471.000 0.164
1472.000 0.166
1473.000 0.168
1474.000 0.167
1475.000 0.165
1476.000 0.160
1477.000 0.162
1478.000 0.166
1479.000 0.171
1480.000 0.187
1481.000 0.190
1482.000 0.184
1483.000 0.181
1484.000 0.173
1485.000 0.169
1486.000 0.169
1487.000 0.169
1488.000 0.168
1489.000 0.168
1490.000 0.166
1491.000 0.165
1492.000 0.166
1493.000 0.166
1494.000 0.164
1495.000 0.165
1496.000 0.168
1497.000 0.170
1498.000 0.175
1499.000 0.176
1500.000 0.176
1501.000 0.177
1502.000 0.176
1503.000 0.179
1504.000 0.183
1505.000 0.184
1506.000 0.186
1507.000 0.187
1508.000 0.187
1509.000 0.184
1510.000 0.183
1511.000 0.183
1512.000 0.184
1513.000 0.186
1514.000 0.188
1515.000 0.189
1516.000 0.189
1517.000 0.189
1518.000 0.190
1519.000 0.190
1520.000 0.191
1521.000 0.193
1522.000 0.194
1523.000 0.197
1524.000 0.198
1525.000 0.198
1526.000 0.199
1527.000 0.200
1528.000 0.201
1529.000 0.204
1530.000 0.205
1531.000 0.207
1532.000 0.208
1533.000 0.208
1534.000 0.209
1535.000 0.211
1536.000 0.212
1537.000 0.215
1538.000 0.216
1539.000 0.216
1540.000 0.216
1541.000 0.216
1542.000 0.217
1543.000 0.219
1544.000 0.220
1545.000 0.222
1546.000 0.223
1547.000 0.223
1548.000 0.223
1549.000 0.225
1550.000 0.226
1551.000 0.227
1552.000 0.229
1553.000 0.231
1554.000 0.232
1555.000 0.233
1556.000 0.234
1557.000 0.234
1558.000 0.234
1559.000 0.236
1560.000 0.236
1561.000 0.236
1562.000 0.236
1563.000 0.236
1564.000 0.237
1565.000 0.238
1566.000 0.239
1567.000 0.241
1568.000 0.242
1569.000 0.242
1570.000 0.242
1571.000 0.240
1572.000 0.239
1573.000 0.242
1574.000 0.244
1575.000 0.246
1576.000 0.248
1577.000 0.248
1578.000 0.249
1579.000 0.250
1580.000 0.250
1581.000 0.251
1582.000 0.251
1583.000 0.251
1584.000 0.252
1585.000 0.256
1586.000 0.257
1587.000 0.259
1588.000 0.260
1589.000 0.259
1590.000 0.259
1591.000 0.260
1592.000 0.261
1593.000 0.263
1594.000 0.264
1595.000 0.263
1596.000 0.264
1597.000 0.263
1598.000 0.264
1599.000 0.266
1600.000 0.267
1601.000 0.266
1602.000 0.267
1603.000 0.268
1604.000 0.269
1605.000 0.270
1606.000 0.272
1607.000 0.272
1608.000 0.273
1609.000 0.274
1610.000 0.275
1611.000 0.276
1612.000 0.277
1613.000 0.276
1614.000 0.276
1615.000 0.277
1616.000 0.278
1617.000 0.280
1618.000 0.282
1619.000 0.282
1620.000 0.283
1621.000 0.283
1622.000 0.284
1623.000 0.285
1624.000 0.285
1625.000 0.285
1626.000 0.285
1627.000 0.285
1628.000 0.285
1629.000 0.286
1630.000 0.286
1631.000 0.286
1632.000 0.286
1633.000 0.285
1634.000 0.285
1635.000 0.286
1636.000 0.287
1637.000 0.287
1638.000 0.288
1639.000 0.289
1640.000 0.290
1641.000 0.289
1642.000 0.289
1643.000 0.288
1644.000 0.288
1645.000 0.290
1646.000 0.291
1647.000 0.292
1648.000 0.293
1649.000 0.295
1650.000 0.296
1651.000 0.298
1652.000 0.298
1653.000 0.298
1654.000 0.298
1655.000 0.298
1656.000 0.298
1657.000 0.297
1658.000 0.296
1659.000 0.296
1660.000 0.295
1661.000 0.295
1662.000 0.296
1663.000 0.297
1664.000 0.298
1665.000 0.299
1666.000 0.300
1667.000 0.299
1668.000 0.299
1669.000 0.298
1670.000 0.297
1671.000 0.296
1672.000 0.296
1673.000 0.298
1674.000 0.299
1675.000 0.299
1676.000 0.299
1677.000 0.297
1678.000 0.296
1679.000 0.294
1680.000 0.293
1681.000 0.294
1682.000 0.294
1683.000 0.295
1684.000 0.296
1685.000 0.296
1686.000 0.297
1687.000 0.299
1688.000 0.298
1689.000 0.294
1690.000 0.293
1691.000 0.292
1692.000 0.291
1693.000 0.294
1694.000 0.295
1695.000 0.295
1696.000 0.295
1697.000 0.295
1698.000 0.294
1699.000 0.292
1700.000 0.291
1701.000 0.289
1702.000 0.289
1703.000 0.289
1704.000 0.289
1705.000 0.290
1706.000 0.290
1707.000 0.290
1708.000 0.290
1709.000 0.292
1710.000 0.291
1711.000 0.290
1712.000 0.289
1713.000 0.289
1714.000 0.289
1715.000 0.291
1716.000 0.292
1717.000 0.290
1718.000 0.287
1719.000 0.284
1720.000 0.282
1721.000 0.282
1722.000 0.283
1723.000 0.284
1724.000 0.283
1725.000 0.280
1726.000 0.278
1727.000 0.275
1728.000 0.276
1729.000 0.275
1730.000 0.274
1731.000 0.274
1732.000 0.272
1733.000 0.274
1734.000 0.275
1735.000 0.275
1736.000 0.277
1737.000 0.278
1738.000 0.277
1739.000 0.277
1740.000 0.276
1741.000 0.276
1742.000 0.276
1743.000 0.277
1744.000 0.279
1745.000 0.279
1746.000 0.277
1747.000 0.277
1748.000 0.276
1749.000 0.276
1750.000 0.275
1751.000 0.274
1752.000 0.273
1753.000 0.271
1754.000 0.268
1755.000 0.268
1756.000 0.268
1757.000 0.270
1758.000 0.275
1759.000 0.278
1760.000 0.278
1761.000 0.277
1762.000 0.276
1763.000 0.275
1764.000 0.273
1765.000 0.270
1766.000 0.272
1767.000 0.269
1768.000 0.266
1769.000 0.266
1770.000 0.259
1771.000 0.261
1772.000 0.264
1773.000 0.265
1774.000 0.268
1775.000 0.264
1776.000 0.263
1777.000 0.258
1778.000 0.253
1779.000 0.258
1780.000 0.257
1781.000 0.258
1782.000 0.262
1783.000 0.256
1784.000 0.253
1785.000 0.261
1786.000 0.266
1787.000 0.276
1788.000 0.282
1789.000 0.281
1790.000 0.281
1791.000 0.283
1792.000 0.287
1793.000 0.269
1794.000 0.257
1795.000 0.243
1796.000 0.221
1797.000 0.239
1798.000 0.268
1799.000 0.294
1800.000 0.330
1801.000 0.389
1802.000 0.425
1803.000 0.464
1804.000 0.459
1805.000 0.480
1806.000 0.549
1807.000 0.573
1808.000 0.618
1809.000 0.595
1810.000 0.392
1811.000 0.623
1812.000 0.637
1813.000 0.649
1814.000 0.659
1815.000 0.655
1816.000 0.701
1817.000 0.686
1818.000 0.731
1819.000 0.601
1820.000 0.620
1821.000 0.669
1822.000 0.488
1823.000 0.514
1824.000 0.469
1825.000 0.404
1826.000 0.496
1827.000 0.168
1828.000 0.260
1829.000 0.355
1830.000 0.458
1831.000 0.535
1832.000 0.617
1833.000 0.698
1834.000 0.783
1835.000 0.841
1836.000 0.649
1837.000 0.534
1838.000 0.490
1839.000 0.655
1840.000 0.509
1841.000 0.568
1842.000 0.423
1843.000 0.568
1844.000 0.671
1845.000 0.523
1846.000 0.506
1847.000 0.692
1848.000 0.811
1849.000 0.824
1850.000 0.839
1851.000 0.732
1852.000 0.630
1853.000 0.489
1854.000 0.167
1855.000 0.327
1856.000 0.490
1857.000 0.519
1858.000 0.550
1859.000 0.740
1860.000 0.510
1861.000 0.543
1862.000 0.601
1863.000 0.668
1864.000 0.722
1865.000 0.780
1866.000 0.866
1867.000 0.723
1868.000 0.691
1869.000 0.691
1870.000 0.438
1871.000 0.369
1872.000 0.344
1873.000 0.485
1874.000 0.442
1875.000 0.487
1876.000 0.516
1877.000 0.538
1878.000 0.492
1879.000 0.464
1880.000 0.449
1881.000 0.371
1882.000 0.517
1883.000 0.643
1884.000 0.763
1885.000 0.751
1886.000 0.715
1887.000 0.686
1888.000 0.662
1889.000 0.762
1890.000 0.775
1891.000 0.807
1892.000 0.815
1893.000 0.797
1894.000 0.821
1895.000 0.862
1896.000 0.876
1897.000 0.774
1898.000 0.856
1899.000 0.822
1900.000 0.793
1901.000 0.746
1902.000 0.755
1903.000 0.627
1904.000 0.519
1905.000 0.446
1906.000 0.746
1907.000 0.655
1908.000 0.658
1909.000 0.673
1910.000 0.365
1911.000 0.489
1912.000 0.471
1913.000 0.474
1914.000 0.471
1915.000 0.557
1916.000 0.405
1917.000 0.381
1918.000 0.376
1919.000 0.505
1920.000 0.590
1921.000 0.583
1922.000 0.468
1923.000 0.739
1924.000 0.599
1925.000 0.534
1926.000 0.487
1927.000 0.529
1928.000 0.526
1929.000 0.482
1930.000 0.382
1931.000 0.399
1932.000 0.507
1933.000 0.501
1934.000 0.523
1935.000 0.547
1936.000 0.399
1937.000 0.483
1938.000 0.355
1939.000 0.674
1940.000 0.702
1941.000 0.627
1942.000 0.616
1943.000 0.592
1944.000 0.642
1945.000 0.634
1946.000 0.734
1947.000 0.629
1948.000 0.551
1949.000 0.528
1950.000 0.452
1951.000 0.387
1952.000 0.334
1953.000 0.301
1954.000 0.391
1955.000 0.502
1956.000 0.591
1957.000 0.636
1958.000 0.683
1959.000 0.629
1960.000 0.377
1961.000 0.306
1962.000 0.313
1963.000 0.442
1964.000 0.361
1965.000 0.358
1966.000 0.333
1967.000 0.339
1968.000 0.357
1969.000 0.281
1970.000 0.358
1971.000 0.310
1972.000 0.243
1973.000 0.272
1974.000 0.332
1975.000 0.309
1976.000 0.251
1977.000 0.248
1978.000 0.203
1979.000 0.205
1980.000 0.217
1981.000 0.209
1982.000 0.224
1983.000 0.186
1984.000 0.168
1985.000 0.182
1986.000 0.189
1987.000 0.212
1988.000 0.232
1989.000 0.249
1990.000 0.259
1991.000 0.260
1992.000 0.281
1993.000 0.330
1994.000 0.347
1995.000 0.335
1996.000 0.333
1997.000 0.332
1998.000 0.322
1999.000 0.302
2000.000 0.233
2001.000 0.263
2002.000 0.264
2003.000 0.270
2004.000 0.304
2005.000 0.306
2006.000 0.288
2007.000 0.222
2008.000 0.252
2009.000 0.352
2010.000 0.432
2011.000 0.464
2012.000 0.378
2013.000 0.255
2014.000 0.231
2015.000 0.255
2016.000 0.222
2017.000 0.172
2018.000 0.144
2019.000 0.114
2020.000 0.139
2021.000 0.127
2022.000 0.129
2023.000 0.158
2024.000 0.144
2025.000 0.117
2026.000 0.106
2027.000 0.111
2028.000 0.129
2029.000 0.133
2030.000 0.126
2031.000 0.129
2032.000 0.133
2033.000 0.136
2034.000 0.140
2035.000 0.150
2036.000 0.156
2037.000 0.157
2038.000 0.166
2039.000 0.164
2040.000 0.163
2041.000 0.165
2042.000 0.163
2043.000 0.157
2044.000 0.160
2045.000 0.166
2046.000 0.175
2047.000 0.194
2048.000 0.209
2049.000 0.223
2050.000 0.239
2051.000 0.240
2052.000 0.255
2053.000 0.264
2054.000 0.260
2055.000 0.262
2056.000 0.241
2057.000 0.217
2058.000 0.182
2059.000 0.168
2060.000 0.150
2061.000 0.149
2062.000 0.166
2063.000 0.169
2064.000 0.170
2065.000 0.169
2066.000 0.158
2067.000 0.161
2068.000 0.173
2069.000 0.183
2070.000 0.193
2071.000 0.189
2072.000 0.183
2073.000 0.167
2074.000 0.160
2075.000 0.153
2076.000 0.151
2077.000 0.157
2078.000 0.156
2079.000 0.153
2080.000 0.154
2081.000 0.152
2082.000 0.153
2083.000 0.155
2084.000 0.158
2085.000 0.157
2086.000 0.152
2087.000 0.152
2088.000 0.153
2089.000 0.155
2090.000 0.159
2091.000 0.160
2092.000 0.155
2093.000 0.159
2094.000 0.168
2095.000 0.173
2096.000 0.187
2097.000 0.191
2098.000 0.186
2099.000 0.180
2100.000 0.173
2101.000 0.162
2102.000 0.152
2103.000 0.144
2104.000 0.147
2105.000 0.161
2106.000 0.167
2107.000 0.185
2108.000 0.189
2109.000 0.183
2110.000 0.179
2111.000 0.168
2112.000 0.164
2113.000 0.159
2114.000 0.158
2115.000 0.164
2116.000 0.168
2117.000 0.172
2118.000 0.178
2119.000 0.180
2120.000 0.174
2121.000 0.168
2122.000 0.164
2123.000 0.161
2124.000 0.156
2125.000 0.158
2126.000 0.164
2127.000 0.166
2128.000 0.174
2129.000 0.174
2130.000 0.165
2131.000 0.162
2132.000 0.160
2133.000 0.160
2134.000 0.165
2135.000 0.166
2136.000 0.166
2137.000 0.163
2138.000 0.161
2139.000 0.164
2140.000 0.168
2141.000 0.167
2142.000 0.166
2143.000 0.162
2144.000 0.162
2145.000 0.165
2146.000 0.168
2147.000 0.172
2148.000 0.176
2149.000 0.185
2150.000 0.187
2151.000 0.179
2152.000 0.180
2153.000 0.176
2154.000 0.176
2155.000 0.186
2156.000 0.198
2157.000 0.199
2158.000 0.202
2159.000 0.201
2160.000 0.192
2161.000 0.190
2162.000 0.189
2163.000 0.187
2164.000 0.186
2165.000 0.188
2166.000 0.194
2167.000 0.195
2168.000 0.196
2169.000 0.193
2170.000 0.179
2171.000 0.173
2172.000 0.174
2173.000 0.171
2174.000 0.163
2175.000 0.164
2176.000 0.168
2177.000 0.171
2178.000 0.178
2179.000 0.189
2180.000 0.184
2181.000 0.176
2182.000 0.170
2183.000 0.162
2184.000 0.164
2185.000 0.177
2186.000 0.181
2187.000 0.191
2188.000 0.192
2189.000 0.180
2190.000 0.179
2191.000 0.182
2192.000 0.182
2193.000 0.185
2194.000 0.188
2195.000 0.187
2196.000 0.188
2197.000 0.199
2198.000 0.196
2199.000 0.178
2200.000 0.170
2201.000 0.157
2202.000 0.152
2203.000 0.148
2204.000 0.150
2205.000 0.150
2206.000 0.150
2207.000 0.159
2208.000 0.171
2209.000 0.179
2210.000 0.187
2211.000 0.193
2212.000 0.199
2213.000 0.198
2214.000 0.194
2215.000 0.189
2216.000 0.172
2217.000 0.168
2218.000 0.170
2219.000 0.170
2220.000 0.176
2221.000 0.175
2222.000 0.169
2223.000 0.162
2224.000 0.141
2225.000 0.136
2226.000 0.138
2227.000 0.140
2228.000 0.159
2229.000 0.179
2230.000 0.190
2231.000 0.190
2232.000 0.172
2233.000 0.157
2234.000 0.154
2235.000 0.158
2236.000 0.172
2237.000 0.188
2238.000 0.190
2239.000 0.179
2240.000 0.174
2241.000 0.161
2242.000 0.151
2243.000 0.146
2244.000 0.141
2245.000 0.132
2246.000 0.131
2247.000 0.135
2248.000 0.141
2249.000 0.153
2250.000 0.162
2251.000 0.175
2252.000 0.181
2253.000 0.178
2254.000 0.179
2255.000 0.178
2256.000 0.178
2257.000 0.179
2258.000 0.185
2259.000 0.183
2260.000 0.180
2261.000 0.176
2262.000 0.172
2263.000 0.172
2264.000 0.175
2265.000 0.179
2266.000 0.179
2267.000 0.169
2268.000 0.162
2269.000 0.157
2270.000 0.157
2271.000 0.160
2272.000 0.157
2273.000 0.158
2274.000 0.159
2275.000 0.162
2276.000 0.172
2277.000 0.176
2278.000 0.175
2279.000 0.178
2280.000 0.187
2281.000 0.184
2282.000 0.174
2283.000 0.166
2284.000 0.144
2285.000 0.135
2286.000 0.139
2287.000 0.142
2288.000 0.150
2289.000 0.152
2290.000 0.145
2291.000 0.145
2292.000 0.147
2293.000 0.148
2294.000 0.158
2295.000 0.159
2296.000 0.148
2297.000 0.162
2298.000 0.144
2299.000 0.118
2300.000 0.125
2301.000 0.139
2302.000 0.142
2303.000 0.133
2304.000 0.124
2305.000 0.115
2306.000 0.138
2307.000 0.160
2308.000 0.159
2309.000 0.123
2310.000 0.129
2311.000 0.117
2312.000 0.118
2313.000 0.118
2314.000 0.121
2315.000 0.134
2316.000 0.134
2317.000 0.184
2318.000 0.219
2319.000 0.209
2320.000 0.217
2321.000 0.167
2322.000 0.197
2323.000 0.188
2324.000 0.148
2325.000 0.152
2326.000 0.127
2327.000 0.124
2328.000 0.123
2329.000 0.123
2330.000 0.114
2331.000 0.145
2332.000 0.136
2333.000 0.175
2334.000 0.187
2335.000 0.206
2336.000 0.202
2337.000 0.175
2338.000 0.167
2339.000 0.167
2340.000 0.180
2341.000 0.195
2342.000 0.209
2343.000 0.232
2344.000 0.237
2345.000 0.199
2346.000 0.199
2347.000 0.234
2348.000 0.249
2349.000 0.375
2350.000 0.398
2351.000 0.273
2352.000 0.250
2353.000 0.218
2354.000 0.226
2355.000 0.295
2356.000 0.411
2357.000 0.518
2358.000 0.444
2359.000 0.305
2360.000 0.147
2361.000 0.149
2362.000 0.099
2363.000 0.129
2364.000 0.302
2365.000 0.326
2366.000 0.296
2367.000 0.227
2368.000 0.131
2369.000 0.091
2370.000 0.153
2371.000 0.126
2372.000 0.191
2373.000 0.143
2374.000 0.183
2375.000 0.147
2376.000 0.142
2377.000 0.199
2378.000 0.151
2379.000 0.136
2380.000 0.141
2381.000 0.134
2382.000 0.127
2383.000 0.146
2384.000 0.211
2385.000 0.153
2386.000 0.146
2387.000 0.171
2388.000 0.115
2389.000 0.162
2390.000 0.152
2391.000 0.153
2392.000 0.131
2393.000 0.194
2394.000 0.152
2395.000 0.247
2396.000 0.225
2397.000 0.179
2398.000 0.163
2399.000 0.110
2400.000 0.113
2401.000 0.155
2402.000 0.191
2403.000 0.215
2404.000 0.149
2405.000 0.211
2406.000 0.182
2407.000 0.308
2408.000 0.183
2409.000 0.177
2410.000 0.418
2411.000 0.186
2412.000 0.263
2413.000 0.323
2414.000 0.092
2415.000 0.135
2416.000 0.279
2417.000 0.341
2418.000 0.673
2419.000 0.687
2420.000 0.701
2421.000 0.745
2422.000 0.772
2423.000 0.358
2424.000 0.460
2425.000 0.367
2426.000 0.595
2427.000 0.369
2428.000 0.179
2429.000 0.205
2430.000 0.289
2431.000 0.321
2432.000 0.819
2433.000 0.581
2434.000 0.358
2435.000 0.325
2436.000 0.335
2437.000 0.463
2438.000 0.398
2439.000 0.424
2440.000 0.546
2441.000 0.281
2442.000 0.318
2443.000 0.340
2444.000 0.434
2445.000 0.358
2446.000 0.290
2447.000 0.131
2448.000 0.128
2449.000 0.150
2450.000 0.145
2451.000 0.144
2452.000 0.200
2453.000 0.211
2454.000 0.242
2455.000 0.305
2456.000 0.496
2457.000 0.562
2458.000 0.446
2459.000 0.760
2460.000 0.361
2461.000 0.198
2462.000 0.187
2463.000 0.283
2464.000 0.356
2465.000 0.554
2466.000 0.634
2467.000 0.784
2468.000 0.282
2469.000 0.296
2470.000 0.349
2471.000 0.440
2472.000 0.331
2473.000 0.184
2474.000 0.144
2475.000 0.190
2476.000 0.287
2477.000 0.265
2478.000 0.424
2479.000 0.264
2480.000 0.461
2481.000 0.651
2482.000 0.463
2483.000 0.330
2484.000 0.279
2485.000 0.396
2486.000 0.055
2487.000 0.316
2488.000 0.577
2489.000 0.398
2490.000 0.162
2491.000 0.411
2492.000 0.327
2493.000 0.393
2494.000 0.465
2495.000 0.423
2496.000 0.321
2497.000 0.195
2498.000 0.226
2499.000 0.515
2500.000 0.517
