391.000 0.057
392.000 0.058
393.000 0.052
394.000 0.050
395.000 0.057
396.000 0.059
397.000 0.053
398.000 0.053
399.000 0.054
400.000 0.053
401.000 0.052
402.000 0.052
403.000 0.054
404.000 0.053
405.000 0.051
406.000 0.051
407.000 0.052
408.000 0.052
409.000 0.051
410.000 0.053
411.000 0.054
412.000 0.052
413.000 0.053
414.000 0.053
415.000 0.052
416.000 0.052
417.000 0.052
418.000 0.052
419.000 0.052
420.000 0.051
421.000 0.051
422.000 0.052
423.000 0.051
424.000 0.053
425.000 0.053
426.000 0.052
427.000 0.054
428.000 0.053
429.000 0.051
430.000 0.051
431.000 0.053
432.000 0.054
433.000 0.053
434.000 0.051
435.000 0.051
436.000 0.051
437.000 0.053
438.000 0.054
439.000 0.053
440.000 0.052
441.000 0.051
442.000 0.053
443.000 0.051
444.000 0.051
445.000 0.054
446.000 0.052
447.000 0.052
448.000 0.052
449.000 0.054
450.000 0.053
451.000 0.053
452.000 0.053
453.000 0.051
454.000 0.052
455.000 0.053
456.000 0.053
457.000 0.054
458.000 0.054
459.000 0.053
460.000 0.053
461.000 0.053
462.000 0.054
463.000 0.055
464.000 0.053
465.000 0.052
466.000 0.053
467.000 0.054
468.000 0.054
469.000 0.053
470.000 0.053
471.000 0.054
472.000 0.055
473.000 0.054
474.000 0.053
475.000 0.053
476.000 0.055
477.000 0.055
478.000 0.053
479.000 0.054
480.000 0.055
481.000 0.055
482.000 0.054
483.000 0.054
484.000 0.054
485.000 0.054
486.000 0.055
487.000 0.055
488.000 0.056
489.000 0.056
490.000 0.056
491.000 0.055
492.000 0.054
493.000 0.055
494.000 0.055
495.000 0.056
496.000 0.056
497.000 0.056
498.000 0.056
499.000 0.056
500.000 0.057
501.000 0.056
502.000 0.057
503.000 0.059
504.000 0.061
505.000 0.060
506.000 0.060
507.000 0.061
508.000 0.063
509.000 0.063
510.000 0.063
511.000 0.065
512.000 0.067
513.000 0.068
514.000 0.068
515.000 0.072
516.000 0.074
517.000 0.075
518.000 0.077
519.000 0.079
520.000 0.083
521.000 0.085
522.000 0.086
523.000 0.089
524.000 0.092
525.000 0.094
526.000 0.097
527.000 0.099
528.000 0.100
529.000 0.103
530.000 0.105
531.000 0.107
532.000 0.108
533.000 0.109
534.000 0.111
535.000 0.112
536.000 0.113
537.000 0.114
538.000 0.115
539.000 0.116
540.000 0.116
541.000 0.117
542.000 0.118
543.000 0.117
544.000 0.117
545.000 0.118
546.000 0.118
547.000 0.118
548.000 0.118
549.000 0.118
550.000 0.119
551.000 0.118
552.000 0.118
553.000 0.118
554.000 0.118
555.000 0.118
556.000 0.117
557.000 0.117
558.000 0.116
559.000 0.115
560.000 0.114
561.000 0.113
562.000 0.112
563.000 0.111
564.000 0.109
565.000 0.107
566.000 0.106
567.000 0.104
568.000 0.102
569.000 0.101
570.000 0.099
571.000 0.097
572.000 0.096
573.000 0.095
574.000 0.092
575.000 0.091
576.000 0.090
577.000 0.090
578.000 0.088
579.000 0.087
580.000 0.086
581.000 0.085
582.000 0.084
583.000 0.082
584.000 0.083
585.000 0.082
586.000 0.081
587.000 0.081
588.000 0.081
589.000 0.080
590.000 0.079
591.000 0.078
592.000 0.078
593.000 0.078
594.000 0.077
595.000 0.077
596.000 0.076
597.000 0.076
598.000 0.076
599.000 0.076
600.000 0.075
601.000 0.076
602.000 0.076
603.000 0.075
604.000 0.074
605.000 0.073
606.000 0.074
607.000 0.073
608.000 0.072
609.000 0.072
610.000 0.072
611.000 0.072
612.000 0.072
613.000 0.071
614.000 0.070
615.000 0.069
616.000 0.068
617.000 0.069
618.000 0.069
619.000 0.069
620.000 0.067
621.000 0.067
622.000 0.067
623.000 0.067
624.000 0.067
625.000 0.067
626.000 0.068
627.000 0.068
628.000 0.068
629.000 0.068
630.000 0.067
631.000 0.067
632.000 0.067
633.000 0.066
634.000 0.067
635.000 0.067
636.000 0.066
637.000 0.066
638.000 0.066
639.000 0.065
640.000 0.064
641.000 0.062
642.000 0.062
643.000 0.063
644.000 0.063
645.000 0.062
646.000 0.062
647.000 0.062
648.000 0.061
649.000 0.063
650.000 0.063
651.000 0.062
652.000 0.061
653.000 0.060
654.000 0.061
655.000 0.063
656.000 0.062
657.000 0.062
658.000 0.062
659.000 0.062
660.000 0.062
661.000 0.062
662.000 0.063
663.000 0.063
664.000 0.062
665.000 0.061
666.000 0.061
667.000 0.064
668.000 0.064
669.000 0.064
670.000 0.068
671.000 0.067
672.000 0.065
673.000 0.065
674.000 0.067
675.000 0.070
676.000 0.070
677.000 0.069
678.000 0.069
679.000 0.072
680.000 0.073
681.000 0.073
682.000 0.073
683.000 0.075
684.000 0.076
685.000 0.077
686.000 0.078
687.000 0.080
688.000 0.082
689.000 0.083
690.000 0.083
691.000 0.084
692.000 0.086
693.000 0.089
694.000 0.094
695.000 0.099
696.000 0.103
697.000 0.107
698.000 0.113
699.000 0.122
700.000 0.129
701.000 0.137
702.000 0.145
703.000 0.153
704.000 0.163
705.000 0.171
706.000 0.179
707.000 0.188
708.000 0.196
709.000 0.204
710.000 0.214
711.000 0.222
712.000 0.231
713.000 0.240
714.000 0.249
715.000 0.258
716.000 0.267
717.000 0.275
718.000 0.285
719.000 0.295
720.000 0.306
721.000 0.315
722.000 0.323
723.000 0.330
724.000 0.340
725.000 0.348
726.000 0.357
727.000 0.365
728.000 0.372
729.000 0.380
730.000 0.387
731.000 0.395
732.000 0.402
733.000 0.408
734.000 0.415
735.000 0.420
736.000 0.426
737.000 0.432
738.000 0.436
739.000 0.442
740.000 0.446
741.000 0.451
742.000 0.454
743.000 0.458
744.000 0.462
745.000 0.465
746.000 0.468
747.000 0.471
748.000 0.473
749.000 0.475
750.000 0.477
751.000 0.479
752.000 0.481
753.000 0.483
754.000 0.485
755.000 0.486
756.000 0.487
757.000 0.488
758.000 0.490
759.000 0.490
760.000 0.489
761.000 0.488
762.000 0.488
763.000 0.489
764.000 0.490
765.000 0.492
766.000 0.493
767.000 0.495
768.000 0.496
769.000 0.498
770.000 0.498
771.000 0.499
772.000 0.499
773.000 0.500
774.000 0.500
775.000 0.501
776.000 0.501
777.000 0.501
778.000 0.502
779.000 0.502
780.000 0.502
781.000 0.502
782.000 0.503
783.000 0.503
784.000 0.503
785.000 0.504
786.000 0.504
787.000 0.503
788.000 0.504
789.000 0.504
790.000 0.504
791.000 0.504
792.000 0.505
793.000 0.505
794.000 0.506
795.000 0.505
796.000 0.506
797.000 0.506
798.000 0.506
799.000 0.507
800.000 0.507
801.000 0.507
802.000 0.507
803.000 0.507
804.000 0.508
805.000 0.508
806.000 0.508
807.000 0.509
808.000 0.509
809.000 0.509
810.000 0.509
811.000 0.509
812.000 0.508
813.000 0.508
814.000 0.507
815.000 0.506
816.000 0.506
817.000 0.506
818.000 0.507
819.000 0.508
820.000 0.509
821.000 0.509
822.000 0.509
823.000 0.509
824.000 0.510
825.000 0.510
826.000 0.511
827.000 0.511
828.000 0.511
829.000 0.511
830.000 0.511
831.000 0.512
832.000 0.512
833.000 0.513
834.000 0.513
835.000 0.514
836.000 0.514
837.000 0.515
838.000 0.515
839.000 0.516
840.000 0.516
841.000 0.517
842.000 0.517
843.000 0.517
844.000 0.518
845.000 0.518
846.000 0.519
847.000 0.519
848.000 0.519
849.000 0.519
850.000 0.519
851.000 0.519
852.000 0.520
853.000 0.520
854.000 0.520
855.000 0.520
856.000 0.520
857.000 0.520
858.000 0.521
859.000 0.521
860.000 0.521
861.000 0.521
862.000 0.522
863.000 0.522
864.000 0.522
865.000 0.523
866.000 0.522
867.000 0.523
868.000 0.523
869.000 0.523
870.000 0.523
871.000 0.523
872.000 0.523
873.000 0.524
874.000 0.524
875.000 0.524
876.000 0.524
877.000 0.525
878.000 0.525
879.000 0.525
880.000 0.525
881.000 0.525
882.000 0.525
883.000 0.525
884.000 0.525
885.000 0.526
886.000 0.526
887.000 0.526
888.000 0.526
889.000 0.526
890.000 0.526
891.000 0.526
892.000 0.525
893.000 0.525
894.000 0.525
895.000 0.524
896.000 0.524
897.000 0.523
898.000 0.522
899.000 0.522
900.000 0.522
901.000 0.522
902.000 0.523
903.000 0.523
904.000 0.523
905.000 0.524
906.000 0.524
907.000 0.523
908.000 0.523
909.000 0.523
910.000 0.523
911.000 0.522
912.000 0.523
913.000 0.522
914.000 0.522
915.000 0.522
916.000 0.522
917.000 0.522
918.000 0.523
919.000 0.524
920.000 0.524
921.000 0.525
922.000 0.526
923.000 0.525
924.000 0.525
925.000 0.524
926.000 0.524
927.000 0.523
928.000 0.522
929.000 0.521
930.000 0.519
931.000 0.516
932.000 0.514
933.000 0.511
934.000 0.509
935.000 0.509
936.000 0.509
937.000 0.508
938.000 0.509
939.000 0.508
940.000 0.511
941.000 0.509
942.000 0.509
943.000 0.512
944.000 0.511
945.000 0.510
946.000 0.508
947.000 0.506
948.000 0.509
949.000 0.508
950.000 0.506
951.000 0.507
952.000 0.508
953.000 0.508
954.000 0.507
955.000 0.507
956.000 0.507
957.000 0.505
958.000 0.507
959.000 0.511
960.000 0.509
961.000 0.509
962.000 0.510
963.000 0.510
964.000 0.510
965.000 0.512
966.000 0.513
967.000 0.513
968.000 0.514
969.000 0.515
970.000 0.516
971.000 0.516
972.000 0.518
973.000 0.517
974.000 0.516
975.000 0.517
976.000 0.516
977.000 0.517
978.000 0.518
979.000 0.518
980.000 0.518
981.000 0.518
982.000 0.519
983.000 0.520
984.000 0.521
985.000 0.521
986.000 0.522
987.000 0.523
988.000 0.524
989.000 0.525
990.000 0.525
991.000 0.524
992.000 0.525
993.000 0.526
994.000 0.527
995.000 0.528
996.000 0.528
997.000 0.527
998.000 0.527
999.000 0.529
1000.000 0.529
1001.000 0.529
1002.000 0.529
1003.000 0.529
1004.000 0.529
1005.000 0.530
1006.000 0.529
1007.000 0.530
1008.000 0.531
1009.000 0.531
1010.000 0.531
1011.000 0.532
1012.000 0.533
1013.000 0.533
1014.000 0.533
1015.000 0.533
1016.000 0.533
1017.000 0.534
1018.000 0.535
1019.000 0.536
1020.000 0.536
1021.000 0.537
1022.000 0.537
1023.000 0.538
1024.000 0.539
1025.000 0.539
1026.000 0.540
1027.000 0.540
1028.000 0.540
1029.000 0.541
1030.000 0.541
1031.000 0.542
1032.000 0.542
1033.000 0.542
1034.000 0.542
1035.000 0.542
1036.000 0.542
1037.000 0.543
1038.000 0.544
1039.000 0.544
1040.000 0.544
1041.000 0.545
1042.000 0.544
1043.000 0.544
1044.000 0.544
1045.000 0.545
1046.000 0.545
1047.000 0.545
1048.000 0.546
1049.000 0.546
1050.000 0.546
1051.000 0.546
1052.000 0.546
1053.000 0.547
1054.000 0.548
1055.000 0.548
1056.000 0.548
1057.000 0.548
1058.000 0.548
1059.000 0.548
1060.000 0.547
1061.000 0.547
1062.000 0.547
1063.000 0.547
1064.000 0.548
1065.000 0.548
1066.000 0.548
1067.000 0.548
1068.000 0.549
1069.000 0.549
1070.000 0.549
1071.000 0.549
1072.000 0.548
1073.000 0.548
1074.000 0.548
1075.000 0.548
1076.000 0.548
1077.000 0.548
1078.000 0.549
1079.000 0.549
1080.000 0.549
1081.000 0.549
1082.000 0.549
1083.000 0.549
1084.000 0.548
1085.000 0.548
1086.000 0.548
1087.000 0.548
1088.000 0.547
1089.000 0.547
1090.000 0.547
1091.000 0.547
1092.000 0.546
1093.000 0.546
1094.000 0.546
1095.000 0.546
1096.000 0.546
1097.000 0.545
1098.000 0.545
1099.000 0.544
1100.000 0.544
1101.000 0.545
1102.000 0.544
1103.000 0.542
1104.000 0.542
1105.000 0.540
1106.000 0.539
1107.000 0.538
1108.000 0.538
1109.000 0.537
1110.000 0.537
1111.000 0.537
1112.000 0.536
1113.000 0.536
1114.000 0.535
1115.000 0.534
1116.000 0.532
1117.000 0.531
1118.000 0.530
1119.000 0.529
1120.000 0.529
1121.000 0.528
1122.000 0.527
1123.000 0.525
1124.000 0.521
1125.000 0.519
1126.000 0.517
1127.000 0.516
1128.000 0.518
1129.000 0.519
1130.000 0.518
1131.000 0.519
1132.000 0.516
1133.000 0.516
1134.000 0.518
1135.000 0.516
1136.000 0.517
1137.000 0.517
1138.000 0.516
1139.000 0.516
1140.000 0.516
1141.000 0.515
1142.000 0.514
1143.000 0.511
1144.000 0.510
1145.000 0.508
1146.000 0.507
1147.000 0.507
1148.000 0.506
1149.000 0.504
1150.000 0.505
1151.000 0.505
1152.000 0.504
1153.000 0.504
1154.000 0.505
1155.000 0.505
1156.000 0.505
1157.000 0.505
1158.000 0.503
1159.000 0.504
1160.000 0.505
1161.000 0.505
1162.000 0.506
1163.000 0.506
1164.000 0.506
1165.000 0.506
1166.000 0.507
1167.000 0.506
1168.000 0.506
1169.000 0.507
1170.000 0.506
1171.000 0.507
1172.000 0.506
1173.000 0.506
1174.000 0.507
1175.000 0.507
1176.000 0.507
1177.000 0.507
1178.000 0.507
1179.000 0.507
1180.000 0.508
1181.000 0.507
1182.000 0.506
1183.000 0.506
1184.000 0.507
1185.000 0.507
1186.000 0.507
1187.000 0.508
1188.000 0.508
1189.000 0.508
1190.000 0.507
1191.000 0.508
1192.000 0.507
1193.000 0.508
1194.000 0.508
1195.000 0.508
1196.000 0.508
1197.000 0.508
1198.000 0.508
1199.000 0.508
1200.000 0.509
1201.000 0.509
1202.000 0.509
1203.000 0.509
1204.000 0.509
1205.000 0.509
1206.000 0.509
1207.000 0.509
1208.000 0.509
1209.000 0.509
1210.000 0.510
1211.000 0.510
1212.000 0.511
1213.000 0.512
1214.000 0.512
1215.000 0.512
1216.000 0.513
1217.000 0.513
1218.000 0.513
1219.000 0.514
1220.000 0.514
1221.000 0.515
1222.000 0.515
1223.000 0.514
1224.000 0.515
1225.000 0.515
1226.000 0.515
1227.000 0.516
1228.000 0.516
1229.000 0.517
1230.000 0.518
1231.000 0.518
1232.000 0.519
1233.000 0.519
1234.000 0.518
1235.000 0.518
1236.000 0.519
1237.000 0.519
1238.000 0.520
1239.000 0.520
1240.000 0.520
1241.000 0.520
1242.000 0.520
1243.000 0.521
1244.000 0.521
1245.000 0.521
1246.000 0.521
1247.000 0.522
1248.000 0.522
1249.000 0.522
1250.000 0.523
1251.000 0.523
1252.000 0.523
1253.000 0.523
1254.000 0.523
1255.000 0.523
1256.000 0.523
1257.000 0.523
1258.000 0.523
1259.000 0.523
1260.000 0.523
1261.000 0.523
1262.000 0.523
1263.000 0.522
1264.000 0.522
1265.000 0.522
1266.000 0.522
1267.000 0.523
1268.000 0.523
1269.000 0.523
1270.000 0.523
1271.000 0.524
1272.000 0.524
1273.000 0.524
1274.000 0.524
1275.000 0.524
1276.000 0.525
1277.000 0.525
1278.000 0.525
1279.000 0.525
1280.000 0.525
1281.000 0.525
1282.000 0.525
1283.000 0.524
1284.000 0.524
1285.000 0.524
1286.000 0.523
1287.000 0.523
1288.000 0.524
1289.000 0.523
1290.000 0.523
1291.000 0.522
1292.000 0.520
1293.000 0.519
1294.000 0.520
1295.000 0.519
1296.000 0.518
1297.000 0.518
1298.000 0.518
1299.000 0.517
1300.000 0.516
1301.000 0.515
1302.000 0.514
1303.000 0.513
1304.000 0.513
1305.000 0.512
1306.000 0.512
1307.000 0.511
1308.000 0.510
1309.000 0.509
1310.000 0.508
1311.000 0.507
1312.000 0.506
1313.000 0.505
1314.000 0.504
1315.000 0.502
1316.000 0.500
1317.000 0.500
1318.000 0.499
1319.000 0.497
1320.000 0.496
1321.000 0.494
1322.000 0.491
1323.000 0.489
1324.000 0.488
1325.000 0.486
1326.000 0.486
1327.000 0.484
1328.000 0.482
1329.000 0.480
1330.000 0.478
1331.000 0.476
1332.000 0.477
1333.000 0.475
1334.000 0.472
1335.000 0.471
1336.000 0.470
1337.000 0.469
1338.000 0.468
1339.000 0.467
1340.000 0.466
1341.000 0.464
1342.000 0.464
1343.000 0.463
1344.000 0.463
1345.000 0.462
1346.000 0.460
1347.000 0.458
1348.000 0.457
1349.000 0.457
1350.000 0.456
1351.000 0.459
1352.000 0.454
1353.000 0.432
1354.000 0.422
1355.000 0.414
1356.000 0.377
1357.000 0.410
1358.000 0.431
1359.000 0.413
1360.000 0.403
1361.000 0.331
1362.000 0.287
1363.000 0.173
1364.000 0.253
1365.000 0.452
1366.000 0.538
1367.000 0.421
1368.000 0.502
1369.000 0.354
1370.000 0.346
1371.000 0.391
1372.000 0.323
1373.000 0.205
1374.000 0.418
1375.000 0.281
1376.000 0.233
1377.000 0.164
1378.000 0.206
1379.000 0.254
1380.000 0.384
1381.000 0.464
1382.000 0.618
1383.000 0.421
1384.000 0.417
1385.000 0.441
1386.000 0.220
1387.000 0.286
1388.000 0.446
1389.000 0.555
1390.000 0.646
1391.000 0.762
1392.000 0.459
1393.000 0.461
1394.000 0.472
1395.000 0.433
1396.000 0.228
1397.000 0.303
1398.000 0.760
1399.000 0.623
1400.000 0.528
1401.000 0.511
1402.000 0.692
1403.000 0.584
1404.000 0.436
1405.000 0.649
1406.000 0.347
1407.000 0.414
1408.000 0.422
1409.000 0.416
1410.000 0.453
1411.000 0.415
1412.000 0.354
1413.000 0.414
1414.000 0.241
1415.000 0.355
1416.000 0.218
1417.000 0.467
1418.000 0.547
1419.000 0.672
1420.000 0.742
1421.000 0.500
1422.000 0.500
1423.000 0.420
1424.000 0.360
1425.000 0.388
1426.000 0.366
1427.000 0.347
1428.000 0.348
1429.000 0.365
1430.000 0.341
1431.000 0.349
1432.000 0.347
1433.000 0.325
1434.000 0.288
1435.000 0.332
1436.000 0.308
1437.000 0.268
1438.000 0.259
1439.000 0.293
1440.000 0.300
1441.000 0.295
1442.000 0.287
1443.000 0.259
1444.000 0.256
1445.000 0.268
1446.000 0.263
1447.000 0.260
1448.000 0.258
1449.000 0.251
1450.000 0.241
1451.000 0.237
1452.000 0.231
1453.000 0.228
1454.000 0.224
1455.000 0.222
1456.000 0.218
1457.000 0.218
1458.000 0.220
1459.000 0.218
1460.000 0.214
1461.000 0.215
1462.000 0.219
1463.000 0.219
1464.000 0.223
1465.000 0.224
1466.000 0.220
1467.000 0.220
1468.000 0.222
1469.000 0.222
1470.000 0.219
1471.000 0.218
1472.000 0.216
1473.000 0.217
1474.000 0.219
1475.000 0.222
1476.000 0.229
1477.000 0.230
1478.000 0.228
1479.000 0.227
1480.000 0.219
1481.000 0.219
1482.000 0.224
1483.000 0.226
1484.000 0.231
1485.000 0.232
1486.000 0.229
1487.000 0.229
1488.000 0.229
1489.000 0.231
1490.000 0.235
1491.000 0.237
1492.000 0.240
1493.000 0.242
1494.000 0.241
1495.000 0.242
1496.000 0.243
1497.000 0.245
1498.000 0.245
1499.000 0.248
1500.000 0.250
1501.000 0.251
1502.000 0.253
1503.000 0.254
1504.000 0.256
1505.000 0.258
1506.000 0.260
1507.000 0.262
1508.000 0.264
1509.000 0.265
1510.000 0.266
1511.000 0.266
1512.000 0.267
1513.000 0.269
1514.000 0.271
1515.000 0.275
1516.000 0.276
1517.000 0.278
1518.000 0.279
1519.000 0.280
1520.000 0.282
1521.000 0.284
1522.000 0.286
1523.000 0.287
1524.000 0.288
1525.000 0.289
1526.000 0.289
1527.000 0.289
1528.000 0.290
1529.000 0.291
1530.000 0.292
1531.000 0.295
1532.000 0.296
1533.000 0.298
1534.000 0.299
1535.000 0.300
1536.000 0.301
1537.000 0.301
1538.000 0.302
1539.000 0.304
1540.000 0.304
1541.000 0.305
1542.000 0.307
1543.000 0.309
1544.000 0.310
1545.000 0.312
1546.000 0.315
1547.000 0.317
1548.000 0.318
1549.000 0.318
1550.000 0.319
1551.000 0.319
1552.000 0.319
1553.000 0.321
1554.000 0.323
1555.000 0.326
1556.000 0.327
1557.000 0.328
1558.000 0.329
1559.000 0.330
1560.000 0.331
1561.000 0.333
1562.000 0.333
1563.000 0.335
1564.000 0.336
1565.000 0.337
1566.000 0.338
1567.000 0.339
1568.000 0.340
1569.000 0.340
1570.000 0.341
1571.000 0.342
1572.000 0.343
1573.000 0.345
1574.000 0.347
1575.000 0.348
1576.000 0.349
1577.000 0.349
1578.000 0.349
1579.000 0.348
1580.000 0.348
1581.000 0.350
1582.000 0.352
1583.000 0.352
1584.000 0.353
1585.000 0.353
1586.000 0.353
1587.000 0.355
1588.000 0.356
1589.000 0.356
1590.000 0.357
1591.000 0.358
1592.000 0.359
1593.000 0.360
1594.000 0.361
1595.000 0.361
1596.000 0.362
1597.000 0.364
1598.000 0.365
1599.000 0.366
1600.000 0.367
1601.000 0.366
1602.000 0.367
1603.000 0.367
1604.000 0.368
1605.000 0.370
1606.000 0.371
1607.000 0.371
1608.000 0.372
1609.000 0.371
1610.000 0.371
1611.000 0.372
1612.000 0.372
1613.000 0.373
1614.000 0.374
1615.000 0.375
1616.000 0.376
1617.000 0.377
1618.000 0.378
1619.000 0.379
1620.000 0.380
1621.000 0.380
1622.000 0.379
1623.000 0.379
1624.000 0.379
1625.000 0.379
1626.000 0.380
1627.000 0.381
1628.000 0.381
1629.000 0.382
1630.000 0.383
1631.000 0.384
1632.000 0.385
1633.000 0.386
1634.000 0.387
1635.000 0.386
1636.000 0.387
1637.000 0.388
1638.000 0.388
1639.000 0.390
1640.000 0.390
1641.000 0.390
1642.000 0.390
1643.000 0.390
1644.000 0.391
1645.000 0.392
1646.000 0.392
1647.000 0.394
1648.000 0.394
1649.000 0.393
1650.000 0.393
1651.000 0.393
1652.000 0.393
1653.000 0.393
1654.000 0.394
1655.000 0.393
1656.000 0.393
1657.000 0.394
1658.000 0.395
1659.000 0.395
1660.000 0.396
1661.000 0.396
1662.000 0.396
1663.000 0.396
1664.000 0.396
1665.000 0.396
1666.000 0.396
1667.000 0.396
1668.000 0.396
1669.000 0.397
1670.000 0.397
1671.000 0.397
1672.000 0.397
1673.000 0.395
1674.000 0.395
1675.000 0.395
1676.000 0.395
1677.000 0.396
1678.000 0.397
1679.000 0.399
1680.000 0.399
1681.000 0.400
1682.000 0.399
1683.000 0.398
1684.000 0.397
1685.000 0.398
1686.000 0.398
1687.000 0.398
1688.000 0.397
1689.000 0.396
1690.000 0.396
1691.000 0.396
1692.000 0.397
1693.000 0.398
1694.000 0.397
1695.000 0.395
1696.000 0.394
1697.000 0.392
1698.000 0.393
1699.000 0.395
1700.000 0.396
1701.000 0.397
1702.000 0.396
1703.000 0.395
1704.000 0.395
1705.000 0.393
1706.000 0.393
1707.000 0.393
1708.000 0.393
1709.000 0.393
1710.000 0.392
1711.000 0.391
1712.000 0.392
1713.000 0.391
1714.000 0.390
1715.000 0.389
1716.000 0.389
1717.000 0.390
1718.000 0.390
1719.000 0.391
1720.000 0.391
1721.000 0.389
1722.000 0.389
1723.000 0.388
1724.000 0.387
1725.000 0.386
1726.000 0.384
1727.000 0.383
1728.000 0.381
1729.000 0.380
1730.000 0.378
1731.000 0.377
1732.000 0.377
1733.000 0.376
1734.000 0.377
1735.000 0.378
1736.000 0.378
1737.000 0.377
1738.000 0.375
1739.000 0.374
1740.000 0.371
1741.000 0.371
1742.000 0.373
1743.000 0.372
1744.000 0.372
1745.000 0.371
1746.000 0.369
1747.000 0.368
1748.000 0.366
1749.000 0.365
1750.000 0.363
1751.000 0.364
1752.000 0.367
1753.000 0.367
1754.000 0.366
1755.000 0.365
1756.000 0.361
1757.000 0.362
1758.000 0.365
1759.000 0.365
1760.000 0.365
1761.000 0.364
1762.000 0.363
1763.000 0.362
1764.000 0.362
1765.000 0.364
1766.000 0.366
1767.000 0.366
1768.000 0.365
1769.000 0.360
1770.000 0.355
1771.000 0.357
1772.000 0.355
1773.000 0.354
1774.000 0.351
1775.000 0.346
1776.000 0.341
1777.000 0.339
1778.000 0.338
1779.000 0.336
1780.000 0.340
1781.000 0.347
1782.000 0.351
1783.000 0.356
1784.000 0.357
1785.000 0.349
1786.000 0.346
1787.000 0.345
1788.000 0.342
1789.000 0.342
1790.000 0.342
1791.000 0.339
1792.000 0.343
1793.000 0.341
1794.000 0.345
1795.000 0.350
1796.000 0.354
1797.000 0.361
1798.000 0.363
1799.000 0.376
1800.000 0.355
1801.000 0.360
1802.000 0.338
1803.000 0.331
1804.000 0.312
1805.000 0.319
1806.000 0.425
1807.000 0.452
1808.000 0.421
1809.000 0.426
1810.000 0.429
1811.000 0.441
1812.000 0.479
1813.000 0.554
1814.000 0.635
1815.000 0.618
1816.000 0.614
1817.000 0.615
1818.000 0.602
1819.000 0.551
1820.000 0.452
1821.000 0.499
1822.000 0.684
1823.000 0.499
1824.000 0.679
1825.000 0.778
1826.000 0.706
1827.000 0.713
1828.000 0.719
1829.000 0.554
1830.000 0.529
1831.000 0.611
1832.000 0.678
1833.000 0.717
1834.000 0.553
1835.000 0.668
1836.000 0.709
1837.000 0.191
1838.000 0.310
1839.000 0.409
1840.000 0.422
1841.000 0.488
1842.000 0.511
1843.000 0.643
1844.000 0.499
1845.000 0.436
1846.000 0.548
1847.000 0.634
1848.000 0.606
1849.000 0.604
1850.000 0.551
1851.000 0.509
1852.000 0.521
1853.000 0.539
1854.000 0.623
1855.000 0.611
1856.000 0.383
1857.000 0.477
1858.000 0.586
1859.000 0.660
1860.000 0.612
1861.000 0.680
1862.000 0.641
1863.000 0.639
1864.000 0.688
1865.000 0.627
1866.000 0.489
1867.000 0.530
1868.000 0.591
1869.000 0.588
1870.000 0.355
1871.000 0.347
1872.000 0.388
1873.000 0.419
1874.000 0.512
1875.000 0.467
1876.000 0.351
1877.000 0.303
1878.000 0.542
1879.000 0.426
1880.000 0.406
1881.000 0.363
1882.000 0.404
1883.000 0.513
1884.000 0.584
1885.000 0.528
1886.000 0.487
1887.000 0.443
1888.000 0.387
1889.000 0.573
1890.000 0.542
1891.000 0.542
1892.000 0.606
1893.000 0.364
1894.000 0.494
1895.000 0.486
1896.000 0.480
1897.000 0.538
1898.000 0.512
1899.000 0.499
1900.000 0.479
1901.000 0.471
1902.000 0.511
1903.000 0.545
1904.000 0.566
1905.000 0.579
1906.000 0.589
1907.000 0.604
1908.000 0.558
1909.000 0.622
1910.000 0.590
1911.000 0.650
1912.000 0.579
1913.000 0.598
1914.000 0.684
1915.000 0.495
1916.000 0.667
1917.000 0.317
1918.000 0.650
1919.000 0.543
1920.000 0.618
1921.000 0.590
1922.000 0.530
1923.000 0.489
1924.000 0.468
1925.000 0.606
1926.000 0.497
1927.000 0.437
1928.000 0.567
1929.000 0.633
1930.000 0.548
1931.000 0.510
1932.000 0.743
1933.000 0.717
1934.000 0.711
1935.000 0.678
1936.000 0.666
1937.000 0.612
1938.000 0.593
1939.000 0.573
1940.000 0.563
1941.000 0.617
1942.000 0.434
1943.000 0.357
1944.000 0.307
1945.000 0.362
1946.000 0.538
1947.000 0.402
1948.000 0.272
1949.000 0.446
1950.000 0.463
1951.000 0.449
1952.000 0.486
1953.000 0.504
1954.000 0.505
1955.000 0.498
1956.000 0.544
1957.000 0.473
1958.000 0.437
1959.000 0.474
1960.000 0.381
1961.000 0.330
1962.000 0.294
1963.000 0.247
1964.000 0.222
1965.000 0.204
1966.000 0.215
1967.000 0.174
1968.000 0.204
1969.000 0.205
1970.000 0.215
1971.000 0.232
1972.000 0.220
1973.000 0.237
1974.000 0.250
1975.000 0.255
1976.000 0.253
1977.000 0.247
1978.000 0.228
1979.000 0.219
1980.000 0.215
1981.000 0.194
1982.000 0.182
1983.000 0.172
1984.000 0.163
1985.000 0.161
1986.000 0.158
1987.000 0.156
1988.000 0.157
1989.000 0.162
1990.000 0.163
1991.000 0.167
1992.000 0.166
1993.000 0.162
1994.000 0.164
1995.000 0.170
1996.000 0.173
1997.000 0.166
1998.000 0.158
1999.000 0.157
2000.000 0.149
2001.000 0.152
2002.000 0.176
2003.000 0.197
2004.000 0.225
2005.000 0.249
2006.000 0.275
2007.000 0.302
2008.000 0.307
2009.000 0.311
2010.000 0.293
2011.000 0.242
2012.000 0.212
2013.000 0.176
2014.000 0.172
2015.000 0.201
2016.000 0.198
2017.000 0.220
2018.000 0.227
2019.000 0.222
2020.000 0.221
2021.000 0.214
2022.000 0.198
2023.000 0.192
2024.000 0.179
2025.000 0.163
2026.000 0.155
2027.000 0.158
2028.000 0.169
2029.000 0.174
2030.000 0.188
2031.000 0.192
2032.000 0.188
2033.000 0.186
2034.000 0.184
2035.000 0.184
2036.000 0.178
2037.000 0.177
2038.000 0.179
2039.000 0.178
2040.000 0.185
2041.000 0.192
2042.000 0.197
2043.000 0.204
2044.000 0.205
2045.000 0.200
2046.000 0.200
2047.000 0.197
2048.000 0.195
2049.000 0.195
2050.000 0.194
2051.000 0.192
2052.000 0.199
2053.000 0.206
2054.000 0.213
2055.000 0.219
2056.000 0.214
2057.000 0.211
2058.000 0.206
2059.000 0.210
2060.000 0.220
2061.000 0.226
2062.000 0.239
2063.000 0.244
2064.000 0.243
2065.000 0.242
2066.000 0.235
2067.000 0.232
2068.000 0.230
2069.000 0.232
2070.000 0.236
2071.000 0.233
2072.000 0.231
2073.000 0.225
2074.000 0.223
2075.000 0.221
2076.000 0.221
2077.000 0.226
2078.000 0.228
2079.000 0.233
2080.000 0.232
2081.000 0.225
2082.000 0.217
2083.000 0.211
2084.000 0.206
2085.000 0.207
2086.000 0.211
2087.000 0.215
2088.000 0.220
2089.000 0.223
2090.000 0.227
2091.000 0.226
2092.000 0.222
2093.000 0.220
2094.000 0.215
2095.000 0.216
2096.000 0.220
2097.000 0.222
2098.000 0.222
2099.000 0.229
2100.000 0.231
2101.000 0.232
2102.000 0.234
2103.000 0.233
2104.000 0.235
2105.000 0.240
2106.000 0.239
2107.000 0.242
2108.000 0.237
2109.000 0.224
2110.000 0.220
2111.000 0.216
2112.000 0.215
2113.000 0.222
2114.000 0.225
2115.000 0.226
2116.000 0.228
2117.000 0.231
2118.000 0.230
2119.000 0.230
2120.000 0.236
2121.000 0.241
2122.000 0.242
2123.000 0.245
2124.000 0.249
2125.000 0.253
2126.000 0.258
2127.000 0.262
2128.000 0.268
2129.000 0.268
2130.000 0.263
2131.000 0.258
2132.000 0.250
2133.000 0.244
2134.000 0.238
2135.000 0.235
2136.000 0.235
2137.000 0.235
2138.000 0.235
2139.000 0.240
2140.000 0.248
2141.000 0.255
2142.000 0.261
2143.000 0.268
2144.000 0.268
2145.000 0.257
2146.000 0.255
2147.000 0.251
2148.000 0.250
2149.000 0.256
2150.000 0.260
2151.000 0.264
2152.000 0.267
2153.000 0.271
2154.000 0.275
2155.000 0.274
2156.000 0.277
2157.000 0.277
2158.000 0.272
2159.000 0.268
2160.000 0.261
2161.000 0.260
2162.000 0.262
2163.000 0.262
2164.000 0.263
2165.000 0.263
2166.000 0.262
2167.000 0.263
2168.000 0.271
2169.000 0.271
2170.000 0.265
2171.000 0.263
2172.000 0.260
2173.000 0.260
2174.000 0.265
2175.000 0.266
2176.000 0.265
2177.000 0.265
2178.000 0.258
2179.000 0.259
2180.000 0.258
2181.000 0.252
2182.000 0.258
2183.000 0.262
2184.000 0.267
2185.000 0.280
2186.000 0.283
2187.000 0.281
2188.000 0.281
2189.000 0.274
2190.000 0.272
2191.000 0.273
2192.000 0.272
2193.000 0.272
2194.000 0.271
2195.000 0.269
2196.000 0.267
2197.000 0.264
2198.000 0.264
2199.000 0.263
2200.000 0.263
2201.000 0.271
2202.000 0.269
2203.000 0.264
2204.000 0.265
2205.000 0.260
2206.000 0.257
2207.000 0.259
2208.000 0.257
2209.000 0.255
2210.000 0.255
2211.000 0.255
2212.000 0.255
2213.000 0.258
2214.000 0.262
2215.000 0.264
2216.000 0.266
2217.000 0.268
2218.000 0.270
2219.000 0.271
2220.000 0.272
2221.000 0.272
2222.000 0.270
2223.000 0.268
2224.000 0.265
2225.000 0.265
2226.000 0.265
2227.000 0.267
2228.000 0.269
2229.000 0.269
2230.000 0.265
2231.000 0.260
2232.000 0.253
2233.000 0.249
2234.000 0.252
2235.000 0.252
2236.000 0.249
2237.000 0.252
2238.000 0.253
2239.000 0.253
2240.000 0.256
2241.000 0.266
2242.000 0.265
2243.000 0.257
2244.000 0.256
2245.000 0.249
2246.000 0.249
2247.000 0.260
2248.000 0.264
2249.000 0.269
2250.000 0.270
2251.000 0.266
2252.000 0.260
2253.000 0.250
2254.000 0.243
2255.000 0.236
2256.000 0.234
2257.000 0.240
2258.000 0.240
2259.000 0.242
2260.000 0.241
2261.000 0.243
2262.000 0.245
2263.000 0.252
2264.000 0.258
2265.000 0.259
2266.000 0.262
2267.000 0.268
2268.000 0.266
2269.000 0.260
2270.000 0.257
2271.000 0.250
2272.000 0.248
2273.000 0.248
2274.000 0.251
2275.000 0.253
2276.000 0.265
2277.000 0.260
2278.000 0.244
2279.000 0.237
2280.000 0.225
2281.000 0.218
2282.000 0.218
2283.000 0.218
2284.000 0.215
2285.000 0.216
2286.000 0.226
2287.000 0.229
2288.000 0.230
2289.000 0.232
2290.000 0.228
2291.000 0.227
2292.000 0.227
2293.000 0.229
2294.000 0.233
2295.000 0.238
2296.000 0.245
2297.000 0.256
2298.000 0.262
2299.000 0.261
2300.000 0.256
2301.000 0.249
2302.000 0.232
2303.000 0.226
2304.000 0.215
2305.000 0.200
2306.000 0.198
2307.000 0.194
2308.000 0.198
2309.000 0.206
2310.000 0.221
2311.000 0.233
2312.000 0.234
2313.000 0.239
2314.000 0.233
2315.000 0.223
2316.000 0.220
2317.000 0.222
2318.000 0.210
2319.000 0.197
2320.000 0.202
2321.000 0.191
2322.000 0.188
2323.000 0.191
2324.000 0.191
2325.000 0.185
2326.000 0.191
2327.000 0.220
2328.000 0.234
2329.000 0.251
2330.000 0.250
2331.000 0.230
2332.000 0.231
2333.000 0.220
2334.000 0.208
2335.000 0.190
2336.000 0.185
2337.000 0.194
2338.000 0.208
2339.000 0.230
2340.000 0.245
2341.000 0.274
2342.000 0.280
2343.000 0.272
2344.000 0.257
2345.000 0.227
2346.000 0.219
2347.000 0.233
2348.000 0.236
2349.000 0.217
2350.000 0.211
2351.000 0.213
2352.000 0.220
2353.000 0.238
2354.000 0.249
2355.000 0.296
2356.000 0.323
2357.000 0.337
2358.000 0.423
2359.000 0.362
2360.000 0.331
2361.000 0.260
2362.000 0.219
2363.000 0.209
2364.000 0.193
2365.000 0.253
2366.000 0.283
2367.000 0.324
2368.000 0.326
2369.000 0.392
2370.000 0.372
2371.000 0.286
2372.000 0.266
2373.000 0.242
2374.000 0.192
2375.000 0.255
2376.000 0.310
2377.000 0.273
2378.000 0.284
2379.000 0.279
2380.000 0.210
2381.000 0.339
2382.000 0.390
2383.000 0.350
2384.000 0.311
2385.000 0.311
2386.000 0.245
2387.000 0.239
2388.000 0.281
2389.000 0.232
2390.000 0.229
2391.000 0.354
2392.000 0.263
2393.000 0.207
2394.000 0.186
2395.000 0.260
2396.000 0.328
2397.000 0.303
2398.000 0.336
2399.000 0.317
2400.000 0.223
2401.000 0.219
2402.000 0.219
2403.000 0.296
2404.000 0.383
2405.000 0.376
2406.000 0.399
2407.000 0.189
2408.000 0.183
2409.000 0.223
2410.000 0.227
2411.000 0.223
2412.000 0.203
2413.000 0.219
2414.000 0.349
2415.000 0.410
2416.000 0.444
2417.000 0.721
2418.000 0.528
2419.000 0.343
2420.000 0.284
2421.000 0.223
2422.000 0.264
2423.000 0.322
2424.000 0.426
2425.000 0.405
2426.000 0.348
2427.000 0.315
2428.000 0.766
2429.000 0.558
2430.000 0.339
2431.000 0.421
2432.000 0.406
2433.000 0.424
2434.000 0.461
2435.000 0.508
2436.000 0.359
2437.000 0.369
2438.000 0.476
2439.000 0.510
2440.000 0.530
2441.000 0.512
2442.000 0.538
2443.000 0.506
2444.000 0.469
2445.000 0.434
2446.000 0.508
2447.000 0.579
2448.000 0.692
2449.000 0.651
2450.000 0.629
2451.000 0.598
2452.000 0.569
2453.000 0.593
2454.000 0.619
2455.000 0.326
2456.000 0.453
2457.000 0.416
2458.000 0.713
2459.000 0.519
2460.000 0.338
2461.000 0.244
2462.000 0.344
2463.000 0.569
2464.000 0.396
2465.000 0.324
2466.000 0.250
2467.000 0.318
2468.000 0.282
2469.000 0.318
2470.000 0.198
2471.000 0.205
2472.000 0.351
2473.000 0.577
2474.000 0.661
2475.000 0.447
2476.000 0.372
2477.000 0.206
2478.000 0.167
2479.000 0.232
2480.000 0.356
2481.000 0.307
2482.000 0.228
2483.000 0.234
2484.000 0.354
2485.000 0.407
2486.000 0.547
2487.000 0.588
2488.000 0.435
2489.000 0.289
2490.000 0.279
2491.000 0.536
2492.000 0.651
2493.000 0.445
2494.000 0.257
2495.000 0.471
2496.000 0.477
2497.000 0.355
2498.000 0.406
2499.000 0.379
2500.000 0.170
