391.000 0.022
392.000 0.025
393.000 0.025
394.000 0.022
395.000 0.022
396.000 0.023
397.000 0.025
398.000 0.029
399.000 0.029
400.000 0.029
401.000 0.031
402.000 0.027
403.000 0.026
404.000 0.025
405.000 0.025
406.000 0.026
407.000 0.028
408.000 0.030
409.000 0.029
410.000 0.029
411.000 0.029
412.000 0.029
413.000 0.027
414.000 0.029
415.000 0.030
416.000 0.029
417.000 0.030
418.000 0.029
419.000 0.028
420.000 0.031
421.000 0.031
422.000 0.030
423.000 0.030
424.000 0.029
425.000 0.028
426.000 0.029
427.000 0.032
428.000 0.031
429.000 0.031
430.000 0.031
431.000 0.032
432.000 0.032
433.000 0.032
434.000 0.031
435.000 0.029
436.000 0.031
437.000 0.033
438.000 0.031
439.000 0.031
440.000 0.032
441.000 0.032
442.000 0.033
443.000 0.033
444.000 0.033
445.000 0.032
446.000 0.033
447.000 0.033
448.000 0.033
449.000 0.032
450.000 0.031
451.000 0.032
452.000 0.033
453.000 0.032
454.000 0.032
455.000 0.035
456.000 0.036
457.000 0.033
458.000 0.034
459.000 0.035
460.000 0.036
461.000 0.034
462.000 0.033
463.000 0.035
464.000 0.034
465.000 0.033
466.000 0.033
467.000 0.034
468.000 0.035
469.000 0.035
470.000 0.034
471.000 0.033
472.000 0.034
473.000 0.034
474.000 0.033
475.000 0.034
476.000 0.035
477.000 0.035
478.000 0.034
479.000 0.034
480.000 0.035
481.000 0.036
482.000 0.035
483.000 0.035
484.000 0.035
485.000 0.034
486.000 0.034
487.000 0.034
488.000 0.034
489.000 0.034
490.000 0.035
491.000 0.034
492.000 0.034
493.000 0.035
494.000 0.035
495.000 0.036
496.000 0.038
497.000 0.037
498.000 0.037
499.000 0.038
500.000 0.037
501.000 0.037
502.000 0.038
503.000 0.038
504.000 0.039
505.000 0.039
506.000 0.040
507.000 0.041
508.000 0.041
509.000 0.042
510.000 0.044
511.000 0.045
512.000 0.045
513.000 0.046
514.000 0.047
515.000 0.047
516.000 0.049
517.000 0.051
518.000 0.052
519.000 0.054
520.000 0.056
521.000 0.058
522.000 0.061
523.000 0.062
524.000 0.063
525.000 0.065
526.000 0.067
527.000 0.068
528.000 0.069
529.000 0.070
530.000 0.072
531.000 0.073
532.000 0.075
533.000 0.076
534.000 0.076
535.000 0.076
536.000 0.078
537.000 0.078
538.000 0.079
539.000 0.079
540.000 0.079
541.000 0.080
542.000 0.081
543.000 0.080
544.000 0.081
545.000 0.081
546.000 0.082
547.000 0.082
548.000 0.082
549.000 0.082
550.000 0.082
551.000 0.083
552.000 0.082
553.000 0.082
554.000 0.082
555.000 0.082
556.000 0.082
557.000 0.081
558.000 0.080
559.000 0.080
560.000 0.080
561.000 0.079
562.000 0.079
563.000 0.077
564.000 0.076
565.000 0.075
566.000 0.075
567.000 0.074
568.000 0.072
569.000 0.072
570.000 0.071
571.000 0.069
572.000 0.068
573.000 0.068
574.000 0.067
575.000 0.066
576.000 0.065
577.000 0.064
578.000 0.063
579.000 0.062
580.000 0.063
581.000 0.062
582.000 0.060
583.000 0.060
584.000 0.059
585.000 0.060
586.000 0.060
587.000 0.059
588.000 0.058
589.000 0.057
590.000 0.057
591.000 0.056
592.000 0.056
593.000 0.057
594.000 0.056
595.000 0.057
596.000 0.057
597.000 0.056
598.000 0.056
599.000 0.056
600.000 0.056
601.000 0.055
602.000 0.056
603.000 0.056
604.000 0.055
605.000 0.056
606.000 0.055
607.000 0.054
608.000 0.055
609.000 0.055
610.000 0.054
611.000 0.054
612.000 0.054
613.000 0.052
614.000 0.052
615.000 0.053
616.000 0.051
617.000 0.051
618.000 0.052
619.000 0.051
620.000 0.051
621.000 0.050
622.000 0.050
623.000 0.051
624.000 0.051
625.000 0.051
626.000 0.050
627.000 0.050
628.000 0.050
629.000 0.051
630.000 0.050
631.000 0.051
632.000 0.052
633.000 0.053
634.000 0.051
635.000 0.049
636.000 0.048
637.000 0.049
638.000 0.051
639.000 0.050
640.000 0.048
641.000 0.050
642.000 0.048
643.000 0.047
644.000 0.048
645.000 0.048
646.000 0.045
647.000 0.044
648.000 0.046
649.000 0.045
650.000 0.045
651.000 0.045
652.000 0.046
653.000 0.045
654.000 0.044
655.000 0.045
656.000 0.046
657.000 0.046
658.000 0.046
659.000 0.047
660.000 0.048
661.000 0.049
662.000 0.048
663.000 0.045
664.000 0.046
665.000 0.047
666.000 0.046
667.000 0.046
668.000 0.046
669.000 0.048
670.000 0.050
671.000 0.050
672.000 0.049
673.000 0.049
674.000 0.053
675.000 0.051
676.000 0.048
677.000 0.050
678.000 0.053
679.000 0.054
680.000 0.054
681.000 0.056
682.000 0.054
683.000 0.054
684.000 0.056
685.000 0.056
686.000 0.058
687.000 0.059
688.000 0.060
689.000 0.062
690.000 0.062
691.000 0.062
692.000 0.063
693.000 0.067
694.000 0.071
695.000 0.075
696.000 0.078
697.000 0.082
698.000 0.086
699.000 0.091
700.000 0.096
701.000 0.101
702.000 0.107
703.000 0.112
704.000 0.117
705.000 0.123
706.000 0.129
707.000 0.135
708.000 0.140
709.000 0.145
710.000 0.151
711.000 0.157
712.000 0.163
713.000 0.169
714.000 0.175
715.000 0.180
716.000 0.185
717.000 0.191
718.000 0.197
719.000 0.203
720.000 0.211
721.000 0.218
722.000 0.225
723.000 0.230
724.000 0.235
725.000 0.242
726.000 0.248
727.000 0.254
728.000 0.261
729.000 0.267
730.000 0.273
731.000 0.279
732.000 0.285
733.000 0.292
734.000 0.297
735.000 0.302
736.000 0.307
737.000 0.312
738.000 0.317
739.000 0.321
740.000 0.326
741.000 0.330
742.000 0.334
743.000 0.337
744.000 0.341
745.000 0.344
746.000 0.347
747.000 0.349
748.000 0.352
749.000 0.354
750.000 0.356
751.000 0.358
752.000 0.360
753.000 0.362
754.000 0.363
755.000 0.364
756.000 0.366
757.000 0.367
758.000 0.367
759.000 0.366
760.000 0.364
761.000 0.362
762.000 0.361
763.000 0.361
764.000 0.363
765.000 0.366
766.000 0.369
767.000 0.372
768.000 0.374
769.000 0.376
770.000 0.376
771.000 0.378
772.000 0.378
773.000 0.379
774.000 0.379
775.000 0.380
776.000 0.380
777.000 0.381
778.000 0.381
779.000 0.382
780.000 0.382
781.000 0.382
782.000 0.382
783.000 0.383
784.000 0.383
785.000 0.383
786.000 0.383
787.000 0.383
788.000 0.383
789.000 0.382
790.000 0.383
791.000 0.383
792.000 0.384
793.000 0.384
794.000 0.385
795.000 0.385
796.000 0.385
797.000 0.385
798.000 0.385
799.000 0.386
800.000 0.386
801.000 0.385
802.000 0.386
803.000 0.387
804.000 0.387
805.000 0.388
806.000 0.388
807.000 0.389
808.000 0.389
809.000 0.389
810.000 0.388
811.000 0.387
812.000 0.386
813.000 0.384
814.000 0.383
815.000 0.382
816.000 0.382
817.000 0.381
818.000 0.383
819.000 0.383
820.000 0.385
821.000 0.385
822.000 0.386
823.000 0.387
824.000 0.387
825.000 0.388
826.000 0.388
827.000 0.388
828.000 0.389
829.000 0.389
830.000 0.389
831.000 0.390
832.000 0.391
833.000 0.392
834.000 0.393
835.000 0.393
836.000 0.395
837.000 0.395
838.000 0.396
839.000 0.397
840.000 0.397
841.000 0.398
842.000 0.399
843.000 0.399
844.000 0.400
845.000 0.400
846.000 0.401
847.000 0.401
848.000 0.402
849.000 0.402
850.000 0.402
851.000 0.402
852.000 0.403
853.000 0.403
854.000 0.404
855.000 0.404
856.000 0.404
857.000 0.404
858.000 0.404
859.000 0.405
860.000 0.405
861.000 0.405
862.000 0.405
863.000 0.406
864.000 0.406
865.000 0.407
866.000 0.408
867.000 0.408
868.000 0.408
869.000 0.408
870.000 0.408
871.000 0.408
872.000 0.408
873.000 0.408
874.000 0.409
875.000 0.409
876.000 0.409
877.000 0.409
878.000 0.409
879.000 0.409
880.000 0.410
881.000 0.410
882.000 0.410
883.000 0.410
884.000 0.410
885.000 0.410
886.000 0.410
887.000 0.410
888.000 0.410
889.000 0.410
890.000 0.410
891.000 0.409
892.000 0.408
893.000 0.407
894.000 0.406
895.000 0.404
896.000 0.403
897.000 0.401
898.000 0.401
899.000 0.400
900.000 0.399
901.000 0.400
902.000 0.401
903.000 0.401
904.000 0.401
905.000 0.401
906.000 0.401
907.000 0.401
908.000 0.400
909.000 0.400
910.000 0.400
911.000 0.398
912.000 0.397
913.000 0.397
914.000 0.397
915.000 0.398
916.000 0.399
917.000 0.400
918.000 0.401
919.000 0.401
920.000 0.402
921.000 0.402
922.000 0.403
923.000 0.402
924.000 0.402
925.000 0.400
926.000 0.399
927.000 0.398
928.000 0.394
929.000 0.393
930.000 0.390
931.000 0.386
932.000 0.381
933.000 0.379
934.000 0.376
935.000 0.372
936.000 0.371
937.000 0.371
938.000 0.371
939.000 0.371
940.000 0.369
941.000 0.370
942.000 0.370
943.000 0.370
944.000 0.371
945.000 0.370
946.000 0.369
947.000 0.368
948.000 0.369
949.000 0.369
950.000 0.369
951.000 0.370
952.000 0.370
953.000 0.369
954.000 0.370
955.000 0.372
956.000 0.370
957.000 0.371
958.000 0.373
959.000 0.373
960.000 0.375
961.000 0.373
962.000 0.373
963.000 0.377
964.000 0.381
965.000 0.383
966.000 0.383
967.000 0.385
968.000 0.387
969.000 0.386
970.000 0.387
971.000 0.388
972.000 0.389
973.000 0.389
974.000 0.389
975.000 0.390
976.000 0.390
977.000 0.390
978.000 0.391
979.000 0.393
980.000 0.393
981.000 0.394
982.000 0.396
983.000 0.397
984.000 0.396
985.000 0.398
986.000 0.400
987.000 0.400
988.000 0.403
989.000 0.404
990.000 0.404
991.000 0.405
992.000 0.406
993.000 0.405
994.000 0.405
995.000 0.407
996.000 0.408
997.000 0.408
998.000 0.408
999.000 0.408
1000.000 0.408
1001.000 0.418
1002.000 0.419
1003.000 0.420
1004.000 0.421
1005.000 0.421
1006.000 0.420
1007.000 0.421
1008.000 0.421
1009.000 0.420
1010.000 0.421
1011.000 0.421
1012.000 0.421
1013.000 0.422
1014.000 0.423
1015.000 0.423
1016.000 0.424
1017.000 0.425
1018.000 0.426
1019.000 0.426
1020.000 0.426
1021.000 0.426
1022.000 0.426
1023.000 0.426
1024.000 0.427
1025.000 0.427
1026.000 0.428
1027.000 0.429
1028.000 0.429
1029.000 0.429
1030.000 0.430
1031.000 0.430
1032.000 0.430
1033.000 0.431
1034.000 0.431
1035.000 0.432
1036.000 0.433
1037.000 0.434
1038.000 0.433
1039.000 0.434
1040.000 0.434
1041.000 0.434
1042.000 0.434
1043.000 0.435
1044.000 0.435
1045.000 0.436
1046.000 0.436
1047.000 0.437
1048.000 0.437
1049.000 0.438
1050.000 0.438
1051.000 0.438
1052.000 0.439
1053.000 0.439
1054.000 0.439
1055.000 0.439
1056.000 0.439
1057.000 0.440
1058.000 0.440
1059.000 0.440
1060.000 0.441
1061.000 0.441
1062.000 0.442
1063.000 0.442
1064.000 0.441
1065.000 0.441
1066.000 0.441
1067.000 0.441
1068.000 0.441
1069.000 0.441
1070.000 0.441
1071.000 0.441
1072.000 0.441
1073.000 0.441
1074.000 0.441
1075.000 0.442
1076.000 0.442
1077.000 0.442
1078.000 0.442
1079.000 0.442
1080.000 0.442
1081.000 0.442
1082.000 0.442
1083.000 0.442
1084.000 0.442
1085.000 0.442
1086.000 0.441
1087.000 0.441
1088.000 0.440
1089.000 0.439
1090.000 0.438
1091.000 0.438
1092.000 0.438
1093.000 0.438
1094.000 0.437
1095.000 0.437
1096.000 0.436
1097.000 0.435
1098.000 0.434
1099.000 0.433
1100.000 0.432
1101.000 0.430
1102.000 0.429
1103.000 0.428
1104.000 0.427
1105.000 0.425
1106.000 0.425
1107.000 0.424
1108.000 0.423
1109.000 0.422
1110.000 0.420
1111.000 0.419
1112.000 0.416
1113.000 0.414
1114.000 0.412
1115.000 0.411
1116.000 0.409
1117.000 0.407
1118.000 0.405
1119.000 0.403
1120.000 0.400
1121.000 0.398
1122.000 0.395
1123.000 0.392
1124.000 0.389
1125.000 0.387
1126.000 0.384
1127.000 0.383
1128.000 0.383
1129.000 0.383
1130.000 0.384
1131.000 0.385
1132.000 0.386
1133.000 0.386
1134.000 0.385
1135.000 0.386
1136.000 0.386
1137.000 0.386
1138.000 0.386
1139.000 0.385
1140.000 0.384
1141.000 0.381
1142.000 0.381
1143.000 0.381
1144.000 0.380
1145.000 0.382
1146.000 0.381
1147.000 0.379
1148.000 0.377
1149.000 0.376
1150.000 0.375
1151.000 0.374
1152.000 0.375
1153.000 0.375
1154.000 0.375
1155.000 0.377
1156.000 0.378
1157.000 0.379
1158.000 0.381
1159.000 0.382
1160.000 0.383
1161.000 0.384
1162.000 0.384
1163.000 0.384
1164.000 0.385
1165.000 0.385
1166.000 0.387
1167.000 0.387
1168.000 0.388
1169.000 0.389
1170.000 0.389
1171.000 0.388
1172.000 0.389
1173.000 0.389
1174.000 0.389
1175.000 0.389
1176.000 0.390
1177.000 0.390
1178.000 0.390
1179.000 0.391
1180.000 0.390
1181.000 0.390
1182.000 0.390
1183.000 0.389
1184.000 0.389
1185.000 0.389
1186.000 0.389
1187.000 0.389
1188.000 0.390
1189.000 0.390
1190.000 0.390
1191.000 0.390
1192.000 0.390
1193.000 0.391
1194.000 0.392
1195.000 0.392
1196.000 0.392
1197.000 0.392
1198.000 0.392
1199.000 0.392
1200.000 0.392
1201.000 0.393
1202.000 0.393
1203.000 0.393
1204.000 0.393
1205.000 0.394
1206.000 0.394
1207.000 0.395
1208.000 0.396
1209.000 0.397
1210.000 0.398
1211.000 0.397
1212.000 0.398
1213.000 0.398
1214.000 0.399
1215.000 0.399
1216.000 0.399
1217.000 0.399
1218.000 0.400
1219.000 0.400
1220.000 0.400
1221.000 0.402
1222.000 0.402
1223.000 0.403
1224.000 0.404
1225.000 0.404
1226.000 0.404
1227.000 0.405
1228.000 0.406
1229.000 0.406
1230.000 0.407
1231.000 0.407
1232.000 0.408
1233.000 0.408
1234.000 0.409
1235.000 0.409
1236.000 0.410
1237.000 0.410
1238.000 0.411
1239.000 0.412
1240.000 0.412
1241.000 0.412
1242.000 0.412
1243.000 0.413
1244.000 0.414
1245.000 0.414
1246.000 0.415
1247.000 0.415
1248.000 0.416
1249.000 0.416
1250.000 0.415
1251.000 0.415
1252.000 0.415
1253.000 0.415
1254.000 0.415
1255.000 0.415
1256.000 0.415
1257.000 0.414
1258.000 0.414
1259.000 0.414
1260.000 0.414
1261.000 0.414
1262.000 0.414
1263.000 0.414
1264.000 0.414
1265.000 0.414
1266.000 0.414
1267.000 0.414
1268.000 0.414
1269.000 0.414
1270.000 0.414
1271.000 0.414
1272.000 0.415
1273.000 0.415
1274.000 0.416
1275.000 0.416
1276.000 0.416
1277.000 0.417
1278.000 0.417
1279.000 0.417
1280.000 0.417
1281.000 0.418
1282.000 0.418
1283.000 0.418
1284.000 0.418
1285.000 0.418
1286.000 0.418
1287.000 0.418
1288.000 0.418
1289.000 0.417
1290.000 0.416
1291.000 0.415
1292.000 0.415
1293.000 0.414
1294.000 0.414
1295.000 0.413
1296.000 0.412
1297.000 0.411
1298.000 0.411
1299.000 0.409
1300.000 0.409
1301.000 0.408
1302.000 0.407
1303.000 0.406
1304.000 0.405
1305.000 0.404
1306.000 0.403
1307.000 0.401
1308.000 0.401
1309.000 0.399
1310.000 0.398
1311.000 0.397
1312.000 0.396
1313.000 0.395
1314.000 0.394
1315.000 0.392
1316.000 0.391
1317.000 0.389
1318.000 0.388
1319.000 0.387
1320.000 0.386
1321.000 0.384
1322.000 0.382
1323.000 0.381
1324.000 0.378
1325.000 0.377
1326.000 0.374
1327.000 0.372
1328.000 0.370
1329.000 0.368
1330.000 0.366
1331.000 0.364
1332.000 0.363
1333.000 0.360
1334.000 0.357
1335.000 0.355
1336.000 0.353
1337.000 0.352
1338.000 0.351
1339.000 0.351
1340.000 0.349
1341.000 0.348
1342.000 0.346
1343.000 0.345
1344.000 0.345
1345.000 0.345
1346.000 0.344
1347.000 0.344
1348.000 0.345
1349.000 0.343
1350.000 0.345
1351.000 0.354
1352.000 0.357
1353.000 0.355
1354.000 0.363
1355.000 0.348
1356.000 0.329
1357.000 0.372
1358.000 0.430
1359.000 0.416
1360.000 0.460
1361.000 0.344
1362.000 0.342
1363.000 0.308
1364.000 0.320
1365.000 0.386
1366.000 0.348
1367.000 0.434
1368.000 0.486
1369.000 0.364
1370.000 0.299
1371.000 0.214
1372.000 0.199
1373.000 0.177
1374.000 0.404
1375.000 0.429
1376.000 0.526
1377.000 0.463
1378.000 0.492
1379.000 0.672
1380.000 0.594
1381.000 0.567
1382.000 0.411
1383.000 0.346
1384.000 0.262
1385.000 0.265
1386.000 0.219
1387.000 0.252
1388.000 0.176
1389.000 0.281
1390.000 0.416
1391.000 0.647
1392.000 0.372
1393.000 0.648
1394.000 0.333
1395.000 0.361
1396.000 0.451
1397.000 0.462
1398.000 0.632
1399.000 0.837
1400.000 0.693
1401.000 0.520
1402.000 0.439
1403.000 0.353
1404.000 0.352
1405.000 0.356
1406.000 0.489
1407.000 0.313
1408.000 0.414
1409.000 0.455
1410.000 0.651
1411.000 0.644
1412.000 0.339
1413.000 0.268
1414.000 0.200
1415.000 0.115
1416.000 0.128
1417.000 0.195
1418.000 0.214
1419.000 0.208
1420.000 0.162
1421.000 0.115
1422.000 0.132
1423.000 0.134
1424.000 0.135
1425.000 0.156
1426.000 0.134
1427.000 0.124
1428.000 0.134
1429.000 0.176
1430.000 0.168
1431.000 0.168
1432.000 0.158
1433.000 0.159
1434.000 0.126
1435.000 0.124
1436.000 0.171
1437.000 0.097
1438.000 0.097
1439.000 0.222
1440.000 0.237
1441.000 0.176
1442.000 0.193
1443.000 0.201
1444.000 0.141
1445.000 0.146
1446.000 0.139
1447.000 0.128
1448.000 0.127
1449.000 0.119
1450.000 0.117
1451.000 0.121
1452.000 0.121
1453.000 0.123
1454.000 0.125
1455.000 0.128
1456.000 0.139
1457.000 0.135
1458.000 0.140
1459.000 0.139
1460.000 0.133
1461.000 0.134
1462.000 0.133
1463.000 0.136
1464.000 0.147
1465.000 0.151
1466.000 0.151
1467.000 0.154
1468.000 0.153
1469.000 0.157
1470.000 0.167
1471.000 0.166
1472.000 0.159
1473.000 0.156
1474.000 0.147
1475.000 0.146
1476.000 0.148
1477.000 0.149
1478.000 0.153
1479.000 0.154
1480.000 0.153
1481.000 0.154
1482.000 0.153
1483.000 0.152
1484.000 0.153
1485.000 0.153
1486.000 0.150
1487.000 0.150
1488.000 0.151
1489.000 0.153
1490.000 0.158
1491.000 0.161
1492.000 0.168
1493.000 0.170
1494.000 0.171
1495.000 0.171
1496.000 0.169
1497.000 0.169
1498.000 0.169
1499.000 0.171
1500.000 0.172
1501.000 0.172
1502.000 0.172
1503.000 0.173
1504.000 0.173
1505.000 0.174
1506.000 0.175
1507.000 0.177
1508.000 0.178
1509.000 0.181
1510.000 0.182
1511.000 0.185
1512.000 0.187
1513.000 0.189
1514.000 0.190
1515.000 0.191
1516.000 0.191
1517.000 0.191
1518.000 0.191
1519.000 0.189
1520.000 0.190
1521.000 0.193
1522.000 0.195
1523.000 0.197
1524.000 0.199
1525.000 0.201
1526.000 0.202
1527.000 0.205
1528.000 0.207
1529.000 0.208
1530.000 0.210
1531.000 0.211
1532.000 0.211
1533.000 0.211
1534.000 0.211
1535.000 0.212
1536.000 0.212
1537.000 0.214
1538.000 0.216
1539.000 0.218
1540.000 0.219
1541.000 0.220
1542.000 0.221
1543.000 0.222
1544.000 0.223
1545.000 0.223
1546.000 0.224
1547.000 0.225
1548.000 0.226
1549.000 0.228
1550.000 0.229
1551.000 0.230
1552.000 0.231
1553.000 0.231
1554.000 0.232
1555.000 0.234
1556.000 0.236
1557.000 0.238
1558.000 0.238
1559.000 0.237
1560.000 0.238
1561.000 0.237
1562.000 0.237
1563.000 0.238
1564.000 0.238
1565.000 0.239
1566.000 0.240
1567.000 0.241
1568.000 0.243
1569.000 0.245
1570.000 0.247
1571.000 0.247
1572.000 0.248
1573.000 0.248
1574.000 0.249
1575.000 0.250
1576.000 0.251
1577.000 0.254
1578.000 0.256
1579.000 0.257
1580.000 0.258
1581.000 0.256
1582.000 0.256
1583.000 0.256
1584.000 0.256
1585.000 0.257
1586.000 0.258
1587.000 0.260
1588.000 0.261
1589.000 0.262
1590.000 0.264
1591.000 0.265
1592.000 0.265
1593.000 0.265
1594.000 0.266
1595.000 0.266
1596.000 0.267
1597.000 0.267
1598.000 0.269
1599.000 0.270
1600.000 0.271
1601.000 0.273
1602.000 0.274
1603.000 0.273
1604.000 0.273
1605.000 0.271
1606.000 0.272
1607.000 0.273
1608.000 0.274
1609.000 0.277
1610.000 0.277
1611.000 0.277
1612.000 0.277
1613.000 0.278
1614.000 0.278
1615.000 0.279
1616.000 0.279
1617.000 0.279
1618.000 0.279
1619.000 0.281
1620.000 0.281
1621.000 0.282
1622.000 0.283
1623.000 0.284
1624.000 0.284
1625.000 0.285
1626.000 0.285
1627.000 0.286
1628.000 0.287
1629.000 0.287
1630.000 0.287
1631.000 0.287
1632.000 0.287
1633.000 0.288
1634.000 0.289
1635.000 0.288
1636.000 0.288
1637.000 0.288
1638.000 0.289
1639.000 0.289
1640.000 0.289
1641.000 0.290
1642.000 0.291
1643.000 0.290
1644.000 0.291
1645.000 0.291
1646.000 0.291
1647.000 0.292
1648.000 0.293
1649.000 0.293
1650.000 0.294
1651.000 0.295
1652.000 0.295
1653.000 0.295
1654.000 0.295
1655.000 0.294
1656.000 0.294
1657.000 0.294
1658.000 0.294
1659.000 0.293
1660.000 0.293
1661.000 0.294
1662.000 0.295
1663.000 0.296
1664.000 0.297
1665.000 0.297
1666.000 0.297
1667.000 0.297
1668.000 0.297
1669.000 0.296
1670.000 0.296
1671.000 0.297
1672.000 0.298
1673.000 0.299
1674.000 0.300
1675.000 0.299
1676.000 0.299
1677.000 0.298
1678.000 0.298
1679.000 0.298
1680.000 0.298
1681.000 0.298
1682.000 0.297
1683.000 0.296
1684.000 0.296
1685.000 0.298
1686.000 0.298
1687.000 0.298
1688.000 0.298
1689.000 0.295
1690.000 0.295
1691.000 0.296
1692.000 0.296
1693.000 0.297
1694.000 0.296
1695.000 0.295
1696.000 0.295
1697.000 0.296
1698.000 0.296
1699.000 0.296
1700.000 0.295
1701.000 0.295
1702.000 0.294
1703.000 0.293
1704.000 0.292
1705.000 0.293
1706.000 0.292
1707.000 0.292
1708.000 0.291
1709.000 0.289
1710.000 0.289
1711.000 0.289
1712.000 0.291
1713.000 0.293
1714.000 0.294
1715.000 0.294
1716.000 0.293
1717.000 0.291
1718.000 0.289
1719.000 0.288
1720.000 0.287
1721.000 0.287
1722.000 0.287
1723.000 0.287
1724.000 0.285
1725.000 0.284
1726.000 0.284
1727.000 0.281
1728.000 0.281
1729.000 0.280
1730.000 0.279
1731.000 0.280
1732.000 0.280
1733.000 0.280
1734.000 0.280
1735.000 0.278
1736.000 0.277
1737.000 0.277
1738.000 0.278
1739.000 0.278
1740.000 0.278
1741.000 0.278
1742.000 0.277
1743.000 0.276
1744.000 0.276
1745.000 0.274
1746.000 0.271
1747.000 0.271
1748.000 0.272
1749.000 0.271
1750.000 0.273
1751.000 0.272
1752.000 0.268
1753.000 0.267
1754.000 0.267
1755.000 0.267
1756.000 0.269
1757.000 0.268
1758.000 0.268
1759.000 0.264
1760.000 0.260
1761.000 0.257
1762.000 0.258
1763.000 0.258
1764.000 0.257
1765.000 0.257
1766.000 0.258
1767.000 0.258
1768.000 0.261
1769.000 0.260
1770.000 0.259
1771.000 0.259
1772.000 0.258
1773.000 0.259
1774.000 0.260
1775.000 0.258
1776.000 0.257
1777.000 0.254
1778.000 0.248
1779.000 0.245
1780.000 0.248
1781.000 0.250
1782.000 0.256
1783.000 0.263
1784.000 0.264
1785.000 0.260
1786.000 0.259
1787.000 0.257
1788.000 0.256
1789.000 0.259
1790.000 0.261
1791.000 0.261
1792.000 0.268
1793.000 0.268
1794.000 0.270
1795.000 0.268
1796.000 0.270
1797.000 0.284
1798.000 0.283
1799.000 0.285
1800.000 0.262
1801.000 0.312
1802.000 0.336
1803.000 0.358
1804.000 0.426
1805.000 0.458
1806.000 0.511
1807.000 0.515
1808.000 0.442
1809.000 0.402
1810.000 0.371
1811.000 0.350
1812.000 0.403
1813.000 0.392
1814.000 0.471
1815.000 0.522
1816.000 0.488
1817.000 0.521
1818.000 0.513
1819.000 0.459
1820.000 0.549
1821.000 0.628
1822.000 0.731
1823.000 0.731
1824.000 0.632
1825.000 0.670
1826.000 0.626
1827.000 0.685
1828.000 0.743
1829.000 0.741
1830.000 0.840
1831.000 0.851
1832.000 0.548
1833.000 0.622
1834.000 0.494
1835.000 0.550
1836.000 0.559
1837.000 0.513
1838.000 0.457
1839.000 0.411
1840.000 0.414
1841.000 0.495
1842.000 0.548
1843.000 0.505
1844.000 0.464
1845.000 0.245
1846.000 0.279
1847.000 0.283
1848.000 0.262
1849.000 0.341
1850.000 0.354
1851.000 0.380
1852.000 0.429
1853.000 0.413
1854.000 0.320
1855.000 0.372
1856.000 0.390
1857.000 0.432
1858.000 0.428
1859.000 0.547
1860.000 0.550
1861.000 0.507
1862.000 0.374
1863.000 0.318
1864.000 0.227
1865.000 0.162
1866.000 0.274
1867.000 0.535
1868.000 0.767
1869.000 0.463
1870.000 0.488
1871.000 0.496
1872.000 0.517
1873.000 0.616
1874.000 0.595
1875.000 0.597
1876.000 0.522
1877.000 0.218
1878.000 0.323
1879.000 0.533
1880.000 0.474
1881.000 0.428
1882.000 0.456
1883.000 0.594
1884.000 0.478
1885.000 0.544
1886.000 0.644
1887.000 0.632
1888.000 0.664
1889.000 0.636
1890.000 0.623
1891.000 0.635
1892.000 0.575
1893.000 0.355
1894.000 0.546
1895.000 0.478
1896.000 0.579
1897.000 0.620
1898.000 0.561
1899.000 0.654
1900.000 0.693
1901.000 0.760
1902.000 0.426
1903.000 0.493
1904.000 0.634
1905.000 0.521
1906.000 0.366
1907.000 0.548
1908.000 0.395
1909.000 0.412
1910.000 0.407
1911.000 0.516
1912.000 0.524
1913.000 0.461
1914.000 0.460
1915.000 0.478
1916.000 0.458
1917.000 0.546
1918.000 0.627
1919.000 0.625
1920.000 0.560
1921.000 0.576
1922.000 0.646
1923.000 0.682
1924.000 0.641
1925.000 0.612
1926.000 0.621
1927.000 0.638
1928.000 0.643
1929.000 0.709
1930.000 0.377
1931.000 0.327
1932.000 0.731
1933.000 0.652
1934.000 0.502
1935.000 0.604
1936.000 0.579
1937.000 0.538
1938.000 0.510
1939.000 0.510
1940.000 0.464
1941.000 0.409
1942.000 0.446
1943.000 0.408
1944.000 0.500
1945.000 0.436
1946.000 0.470
1947.000 0.469
1948.000 0.503
1949.000 0.496
1950.000 0.414
1951.000 0.178
1952.000 0.167
1953.000 0.312
1954.000 0.344
1955.000 0.399
1956.000 0.480
1957.000 0.694
1958.000 0.448
1959.000 0.456
1960.000 0.313
1961.000 0.357
1962.000 0.339
1963.000 0.411
1964.000 0.413
1965.000 0.428
1966.000 0.351
1967.000 0.335
1968.000 0.308
1969.000 0.247
1970.000 0.225
1971.000 0.196
1972.000 0.192
1973.000 0.204
1974.000 0.199
1975.000 0.201
1976.000 0.232
1977.000 0.240
1978.000 0.227
1979.000 0.224
1980.000 0.227
1981.000 0.207
1982.000 0.212
1983.000 0.197
1984.000 0.190
1985.000 0.166
1986.000 0.176
1987.000 0.170
1988.000 0.156
1989.000 0.169
1990.000 0.169
1991.000 0.178
1992.000 0.174
1993.000 0.161
1994.000 0.171
1995.000 0.170
1996.000 0.178
1997.000 0.175
1998.000 0.177
1999.000 0.178
2000.000 0.232
2001.000 0.260
2002.000 0.276
2003.000 0.276
2004.000 0.233
2005.000 0.234
2006.000 0.243
2007.000 0.293
2008.000 0.261
2009.000 0.251
2010.000 0.258
2011.000 0.249
2012.000 0.289
2013.000 0.237
2014.000 0.227
2015.000 0.198
2016.000 0.186
2017.000 0.218
2018.000 0.219
2019.000 0.216
2020.000 0.214
2021.000 0.186
2022.000 0.169
2023.000 0.159
2024.000 0.149
2025.000 0.139
2026.000 0.145
2027.000 0.148
2028.000 0.154
2029.000 0.157
2030.000 0.155
2031.000 0.155
2032.000 0.156
2033.000 0.152
2034.000 0.148
2035.000 0.142
2036.000 0.129
2037.000 0.125
2038.000 0.126
2039.000 0.123
2040.000 0.125
2041.000 0.128
2042.000 0.130
2043.000 0.131
2044.000 0.130
2045.000 0.129
2046.000 0.133
2047.000 0.142
2048.000 0.147
2049.000 0.157
2050.000 0.164
2051.000 0.160
2052.000 0.152
2053.000 0.156
2054.000 0.160
2055.000 0.166
2056.000 0.163
2057.000 0.154
2058.000 0.134
2059.000 0.129
2060.000 0.127
2061.000 0.128
2062.000 0.135
2063.000 0.140
2064.000 0.144
2065.000 0.159
2066.000 0.153
2067.000 0.166
2068.000 0.177
2069.000 0.186
2070.000 0.190
2071.000 0.184
2072.000 0.180
2073.000 0.168
2074.000 0.163
2075.000 0.164
2076.000 0.162
2077.000 0.154
2078.000 0.155
2079.000 0.164
2080.000 0.166
2081.000 0.171
2082.000 0.179
2083.000 0.181
2084.000 0.176
2085.000 0.174
2086.000 0.174
2087.000 0.171
2088.000 0.167
2089.000 0.164
2090.000 0.161
2091.000 0.159
2092.000 0.159
2093.000 0.158
2094.000 0.159
2095.000 0.160
2096.000 0.163
2097.000 0.166
2098.000 0.170
2099.000 0.175
2100.000 0.181
2101.000 0.182
2102.000 0.180
2103.000 0.181
2104.000 0.179
2105.000 0.173
2106.000 0.174
2107.000 0.180
2108.000 0.181
2109.000 0.183
2110.000 0.183
2111.000 0.173
2112.000 0.171
2113.000 0.175
2114.000 0.174
2115.000 0.174
2116.000 0.175
2117.000 0.172
2118.000 0.168
2119.000 0.172
2120.000 0.169
2121.000 0.164
2122.000 0.163
2123.000 0.162
2124.000 0.159
2125.000 0.162
2126.000 0.170
2127.000 0.175
2128.000 0.183
2129.000 0.186
2130.000 0.183
2131.000 0.184
2132.000 0.184
2133.000 0.185
2134.000 0.190
2135.000 0.192
2136.000 0.193
2137.000 0.194
2138.000 0.195
2139.000 0.191
2140.000 0.188
2141.000 0.187
2142.000 0.187
2143.000 0.188
2144.000 0.186
2145.000 0.184
2146.000 0.184
2147.000 0.180
2148.000 0.180
2149.000 0.189
2150.000 0.191
2151.000 0.191
2152.000 0.191
2153.000 0.187
2154.000 0.185
2155.000 0.183
2156.000 0.184
2157.000 0.189
2158.000 0.193
2159.000 0.194
2160.000 0.190
2161.000 0.188
2162.000 0.180
2163.000 0.179
2164.000 0.179
2165.000 0.181
2166.000 0.187
2167.000 0.191
2168.000 0.195
2169.000 0.198
2170.000 0.200
2171.000 0.202
2172.000 0.205
2173.000 0.203
2174.000 0.193
2175.000 0.188
2176.000 0.183
2177.000 0.182
2178.000 0.184
2179.000 0.188
2180.000 0.187
2181.000 0.188
2182.000 0.187
2183.000 0.184
2184.000 0.185
2185.000 0.189
2186.000 0.189
2187.000 0.187
2188.000 0.187
2189.000 0.184
2190.000 0.183
2191.000 0.184
2192.000 0.185
2193.000 0.183
2194.000 0.184
2195.000 0.186
2196.000 0.188
2197.000 0.192
2198.000 0.195
2199.000 0.196
2200.000 0.197
2201.000 0.196
2202.000 0.195
2203.000 0.195
2204.000 0.189
2205.000 0.184
2206.000 0.184
2207.000 0.185
2208.000 0.189
2209.000 0.191
2210.000 0.196
2211.000 0.195
2212.000 0.189
2213.000 0.190
2214.000 0.196
2215.000 0.195
2216.000 0.198
2217.000 0.195
2218.000 0.184
2219.000 0.178
2220.000 0.170
2221.000 0.168
2222.000 0.172
2223.000 0.177
2224.000 0.192
2225.000 0.199
2226.000 0.205
2227.000 0.207
2228.000 0.203
2229.000 0.200
2230.000 0.195
2231.000 0.193
2232.000 0.192
2233.000 0.188
2234.000 0.194
2235.000 0.192
2236.000 0.191
2237.000 0.197
2238.000 0.194
2239.000 0.184
2240.000 0.182
2241.000 0.181
2242.000 0.179
2243.000 0.183
2244.000 0.185
2245.000 0.184
2246.000 0.186
2247.000 0.196
2248.000 0.199
2249.000 0.200
2250.000 0.199
2251.000 0.187
2252.000 0.181
2253.000 0.174
2254.000 0.171
2255.000 0.175
2256.000 0.173
2257.000 0.171
2258.000 0.169
2259.000 0.165
2260.000 0.169
2261.000 0.181
2262.000 0.190
2263.000 0.193
2264.000 0.198
2265.000 0.201
2266.000 0.193
2267.000 0.194
2268.000 0.193
2269.000 0.187
2270.000 0.199
2271.000 0.204
2272.000 0.200
2273.000 0.198
2274.000 0.192
2275.000 0.184
2276.000 0.175
2277.000 0.166
2278.000 0.155
2279.000 0.152
2280.000 0.156
2281.000 0.158
2282.000 0.172
2283.000 0.191
2284.000 0.180
2285.000 0.181
2286.000 0.176
2287.000 0.172
2288.000 0.165
2289.000 0.162
2290.000 0.150
2291.000 0.147
2292.000 0.157
2293.000 0.163
2294.000 0.184
2295.000 0.195
2296.000 0.203
2297.000 0.198
2298.000 0.201
2299.000 0.191
2300.000 0.168
2301.000 0.189
2302.000 0.187
2303.000 0.185
2304.000 0.194
2305.000 0.223
2306.000 0.233
2307.000 0.232
2308.000 0.193
2309.000 0.201
2310.000 0.176
2311.000 0.174
2312.000 0.181
2313.000 0.184
2314.000 0.173
2315.000 0.187
2316.000 0.205
2317.000 0.196
2318.000 0.185
2319.000 0.184
2320.000 0.175
2321.000 0.176
2322.000 0.172
2323.000 0.163
2324.000 0.169
2325.000 0.162
2326.000 0.140
2327.000 0.096
2328.000 0.098
2329.000 0.115
2330.000 0.124
2331.000 0.140
2332.000 0.153
2333.000 0.167
2334.000 0.175
2335.000 0.195
2336.000 0.209
2337.000 0.176
2338.000 0.167
2339.000 0.153
2340.000 0.151
2341.000 0.153
2342.000 0.162
2343.000 0.120
2344.000 0.101
2345.000 0.106
2346.000 0.105
2347.000 0.139
2348.000 0.153
2349.000 0.180
2350.000 0.202
2351.000 0.247
2352.000 0.238
2353.000 0.183
2354.000 0.207
2355.000 0.180
2356.000 0.201
2357.000 0.198
2358.000 0.252
2359.000 0.269
2360.000 0.332
2361.000 0.364
2362.000 0.312
2363.000 0.188
2364.000 0.145
2365.000 0.120
2366.000 0.108
2367.000 0.157
2368.000 0.145
2369.000 0.142
2370.000 0.165
2371.000 0.115
2372.000 0.124
2373.000 0.108
2374.000 0.134
2375.000 0.137
2376.000 0.206
2377.000 0.187
2378.000 0.304
2379.000 0.523
2380.000 0.293
2381.000 0.295
2382.000 0.329
2383.000 0.403
2384.000 0.408
2385.000 0.235
2386.000 0.220
2387.000 0.222
2388.000 0.141
2389.000 0.204
2390.000 0.217
2391.000 0.225
2392.000 0.154
2393.000 0.108
2394.000 0.177
2395.000 0.159
2396.000 0.190
2397.000 0.205
2398.000 0.273
2399.000 0.207
2400.000 0.192
2401.000 0.165
2402.000 0.345
2403.000 0.375
2404.000 0.319
2405.000 0.338
2406.000 0.269
2407.000 0.161
2408.000 0.181
2409.000 0.213
2410.000 0.143
2411.000 0.234
2412.000 0.304
2413.000 0.156
2414.000 0.232
2415.000 0.170
2416.000 0.269
2417.000 0.413
2418.000 0.201
2419.000 0.242
2420.000 0.346
2421.000 0.328
2422.000 0.426
2423.000 0.376
2424.000 0.304
2425.000 0.362
2426.000 0.365
2427.000 0.286
2428.000 0.208
2429.000 0.147
2430.000 0.185
2431.000 0.332
2432.000 0.255
2433.000 0.285
2434.000 0.319
2435.000 0.276
2436.000 0.214
2437.000 0.180
2438.000 0.234
2439.000 0.311
2440.000 0.279
2441.000 0.294
2442.000 0.572
2443.000 0.427
2444.000 0.530
2445.000 0.439
2446.000 0.209
2447.000 0.278
2448.000 0.310
2449.000 0.223
2450.000 0.259
2451.000 0.348
2452.000 0.365
2453.000 0.324
2454.000 0.328
2455.000 0.421
2456.000 0.297
2457.000 0.649
2458.000 0.530
2459.000 0.459
2460.000 0.334
2461.000 0.124
2462.000 0.310
2463.000 0.426
2464.000 0.471
2465.000 0.489
2466.000 0.406
2467.000 0.397
2468.000 0.229
2469.000 0.227
2470.000 0.327
2471.000 0.362
2472.000 0.253
2473.000 0.174
2474.000 0.279
2475.000 0.448
2476.000 0.553
2477.000 0.628
2478.000 0.330
2479.000 0.524
2480.000 0.360
2481.000 0.265
2482.000 0.408
2483.000 0.396
2484.000 0.221
2485.000 0.324
2486.000 0.352
2487.000 0.271
2488.000 0.249
2489.000 0.292
2490.000 0.219
2491.000 0.424
2492.000 0.679
2493.000 0.402
2494.000 0.532
2495.000 0.356
2496.000 0.472
2497.000 0.365
2498.000 0.384
2499.000 0.467
2500.000 0.453
