391.000 0.080
392.000 0.082
393.000 0.086
394.000 0.099
395.000 0.087
396.000 0.082
397.000 0.092
398.000 0.087
399.000 0.095
400.000 0.096
401.000 0.085
402.000 0.084
403.000 0.085
404.000 0.084
405.000 0.081
406.000 0.088
407.000 0.089
408.000 0.085
409.000 0.092
410.000 0.087
411.000 0.080
412.000 0.082
413.000 0.087
414.000 0.090
415.000 0.090
416.000 0.085
417.000 0.081
418.000 0.085
419.000 0.093
420.000 0.092
421.000 0.089
422.000 0.090
423.000 0.093
424.000 0.091
425.000 0.093
426.000 0.096
427.000 0.093
428.000 0.087
429.000 0.088
430.000 0.095
431.000 0.096
432.000 0.095
433.000 0.093
434.000 0.094
435.000 0.095
436.000 0.095
437.000 0.093
438.000 0.090
439.000 0.089
440.000 0.092
441.000 0.095
442.000 0.094
443.000 0.093
444.000 0.092
445.000 0.089
446.000 0.092
447.000 0.093
448.000 0.093
449.000 0.094
450.000 0.097
451.000 0.097
452.000 0.096
453.000 0.096
454.000 0.097
455.000 0.098
456.000 0.098
457.000 0.096
458.000 0.096
459.000 0.098
460.000 0.099
461.000 0.099
462.000 0.099
463.000 0.101
464.000 0.098
465.000 0.099
466.000 0.100
467.000 0.098
468.000 0.099
469.000 0.098
470.000 0.097
471.000 0.100
472.000 0.098
473.000 0.097
474.000 0.100
475.000 0.100
476.000 0.099
477.000 0.100
478.000 0.103
479.000 0.100
480.000 0.098
481.000 0.099
482.000 0.100
483.000 0.102
484.000 0.103
485.000 0.104
486.000 0.102
487.000 0.099
488.000 0.098
489.000 0.100
490.000 0.102
491.000 0.101
492.000 0.101
493.000 0.104
494.000 0.103
495.000 0.104
496.000 0.106
497.000 0.103
498.000 0.100
499.000 0.100
500.000 0.104
501.000 0.105
502.000 0.102
503.000 0.102
504.000 0.106
505.000 0.105
506.000 0.104
507.000 0.105
508.000 0.105
509.000 0.107
510.000 0.108
511.000 0.106
512.000 0.108
513.000 0.109
514.000 0.110
515.000 0.114
516.000 0.114
517.000 0.114
518.000 0.118
519.000 0.118
520.000 0.120
521.000 0.124
522.000 0.128
523.000 0.129
524.000 0.130
525.000 0.132
526.000 0.135
527.000 0.137
528.000 0.140
529.000 0.142
530.000 0.144
531.000 0.145
532.000 0.146
533.000 0.148
534.000 0.149
535.000 0.150
536.000 0.151
537.000 0.152
538.000 0.153
539.000 0.153
540.000 0.154
541.000 0.155
542.000 0.155
543.000 0.155
544.000 0.155
545.000 0.155
546.000 0.155
547.000 0.156
548.000 0.155
549.000 0.155
550.000 0.155
551.000 0.156
552.000 0.156
553.000 0.156
554.000 0.157
555.000 0.156
556.000 0.155
557.000 0.153
558.000 0.153
559.000 0.153
560.000 0.152
561.000 0.151
562.000 0.151
563.000 0.149
564.000 0.148
565.000 0.148
566.000 0.146
567.000 0.144
568.000 0.143
569.000 0.141
570.000 0.140
571.000 0.138
572.000 0.136
573.000 0.135
574.000 0.134
575.000 0.133
576.000 0.132
577.000 0.132
578.000 0.132
579.000 0.131
580.000 0.130
581.000 0.128
582.000 0.126
583.000 0.125
584.000 0.125
585.000 0.126
586.000 0.126
587.000 0.126
588.000 0.126
589.000 0.125
590.000 0.123
591.000 0.124
592.000 0.124
593.000 0.123
594.000 0.125
595.000 0.123
596.000 0.123
597.000 0.122
598.000 0.121
599.000 0.120
600.000 0.120
601.000 0.121
602.000 0.121
603.000 0.120
604.000 0.120
605.000 0.120
606.000 0.121
607.000 0.121
608.000 0.117
609.000 0.118
610.000 0.119
611.000 0.119
612.000 0.118
613.000 0.118
614.000 0.117
615.000 0.115
616.000 0.117
617.000 0.117
618.000 0.116
619.000 0.115
620.000 0.115
621.000 0.117
622.000 0.118
623.000 0.116
624.000 0.117
625.000 0.116
626.000 0.116
627.000 0.117
628.000 0.118
629.000 0.118
630.000 0.119
631.000 0.117
632.000 0.116
633.000 0.118
634.000 0.116
635.000 0.115
636.000 0.115
637.000 0.118
638.000 0.118
639.000 0.117
640.000 0.116
641.000 0.115
642.000 0.116
643.000 0.116
644.000 0.116
645.000 0.115
646.000 0.115
647.000 0.115
648.000 0.117
649.000 0.118
650.000 0.117
651.000 0.116
652.000 0.118
653.000 0.117
654.000 0.117
655.000 0.118
656.000 0.118
657.000 0.118
658.000 0.118
659.000 0.119
660.000 0.122
661.000 0.122
662.000 0.121
663.000 0.124
664.000 0.127
665.000 0.128
666.000 0.127
667.000 0.129
668.000 0.127
669.000 0.127
670.000 0.131
671.000 0.132
672.000 0.131
673.000 0.133
674.000 0.134
675.000 0.136
676.000 0.137
677.000 0.137
678.000 0.138
679.000 0.138
680.000 0.137
681.000 0.137
682.000 0.141
683.000 0.143
684.000 0.142
685.000 0.142
686.000 0.142
687.000 0.141
688.000 0.141
689.000 0.140
690.000 0.141
691.000 0.142
692.000 0.141
693.000 0.143
694.000 0.147
695.000 0.151
696.000 0.155
697.000 0.158
698.000 0.162
699.000 0.166
700.000 0.172
701.000 0.179
702.000 0.186
703.000 0.192
704.000 0.198
705.000 0.204
706.000 0.210
707.000 0.217
708.000 0.224
709.000 0.231
710.000 0.238
711.000 0.244
712.000 0.250
713.000 0.257
714.000 0.263
715.000 0.270
716.000 0.276
717.000 0.282
718.000 0.289
719.000 0.296
720.000 0.302
721.000 0.309
722.000 0.315
723.000 0.320
724.000 0.326
725.000 0.332
726.000 0.337
727.000 0.343
728.000 0.348
729.000 0.354
730.000 0.358
731.000 0.364
732.000 0.369
733.000 0.373
734.000 0.377
735.000 0.381
736.000 0.385
737.000 0.389
738.000 0.392
739.000 0.396
740.000 0.399
741.000 0.402
742.000 0.405
743.000 0.408
744.000 0.410
745.000 0.413
746.000 0.415
747.000 0.417
748.000 0.419
749.000 0.421
750.000 0.423
751.000 0.424
752.000 0.425
753.000 0.427
754.000 0.428
755.000 0.429
756.000 0.430
757.000 0.431
758.000 0.432
759.000 0.432
760.000 0.431
761.000 0.429
762.000 0.429
763.000 0.430
764.000 0.431
765.000 0.433
766.000 0.435
767.000 0.436
768.000 0.437
769.000 0.438
770.000 0.439
771.000 0.440
772.000 0.440
773.000 0.441
774.000 0.441
775.000 0.442
776.000 0.442
777.000 0.442
778.000 0.443
779.000 0.443
780.000 0.443
781.000 0.444
782.000 0.444
783.000 0.444
784.000 0.445
785.000 0.445
786.000 0.445
787.000 0.445
788.000 0.445
789.000 0.445
790.000 0.445
791.000 0.446
792.000 0.446
793.000 0.447
794.000 0.447
795.000 0.447
796.000 0.447
797.000 0.448
798.000 0.448
799.000 0.448
800.000 0.449
801.000 0.449
802.000 0.449
803.000 0.449
804.000 0.450
805.000 0.450
806.000 0.451
807.000 0.451
808.000 0.451
809.000 0.451
810.000 0.451
811.000 0.451
812.000 0.450
813.000 0.451
814.000 0.450
815.000 0.450
816.000 0.450
817.000 0.450
818.000 0.450
819.000 0.451
820.000 0.452
821.000 0.452
822.000 0.452
823.000 0.453
824.000 0.453
825.000 0.454
826.000 0.454
827.000 0.454
828.000 0.454
829.000 0.454
830.000 0.455
831.000 0.456
832.000 0.456
833.000 0.457
834.000 0.457
835.000 0.457
836.000 0.458
837.000 0.458
838.000 0.459
839.000 0.459
840.000 0.459
841.000 0.460
842.000 0.460
843.000 0.460
844.000 0.461
845.000 0.461
846.000 0.462
847.000 0.462
848.000 0.462
849.000 0.462
850.000 0.463
851.000 0.463
852.000 0.463
853.000 0.463
854.000 0.463
855.000 0.464
856.000 0.464
857.000 0.465
858.000 0.465
859.000 0.465
860.000 0.465
861.000 0.465
862.000 0.466
863.000 0.466
864.000 0.466
865.000 0.466
866.000 0.467
867.000 0.466
868.000 0.466
869.000 0.467
870.000 0.467
871.000 0.468
872.000 0.468
873.000 0.468
874.000 0.468
875.000 0.468
876.000 0.469
877.000 0.469
878.000 0.469
879.000 0.469
880.000 0.469
881.000 0.469
882.000 0.470
883.000 0.471
884.000 0.471
885.000 0.470
886.000 0.471
887.000 0.471
888.000 0.471
889.000 0.471
890.000 0.471
891.000 0.471
892.000 0.471
893.000 0.471
894.000 0.471
895.000 0.470
896.000 0.469
897.000 0.469
898.000 0.468
899.000 0.469
900.000 0.469
901.000 0.469
902.000 0.469
903.000 0.470
904.000 0.470
905.000 0.471
906.000 0.471
907.000 0.470
908.000 0.470
909.000 0.470
910.000 0.470
911.000 0.470
912.000 0.470
913.000 0.470
914.000 0.471
915.000 0.470
916.000 0.471
917.000 0.471
918.000 0.471
919.000 0.473
920.000 0.473
921.000 0.474
922.000 0.474
923.000 0.474
924.000 0.474
925.000 0.473
926.000 0.473
927.000 0.474
928.000 0.472
929.000 0.470
930.000 0.468
931.000 0.468
932.000 0.466
933.000 0.463
934.000 0.460
935.000 0.457
936.000 0.458
937.000 0.461
938.000 0.461
939.000 0.460
940.000 0.462
941.000 0.463
942.000 0.461
943.000 0.459
944.000 0.461
945.000 0.462
946.000 0.461
947.000 0.460
948.000 0.460
949.000 0.461
950.000 0.463
951.000 0.464
952.000 0.460
953.000 0.459
954.000 0.461
955.000 0.464
956.000 0.462
957.000 0.460
958.000 0.460
959.000 0.462
960.000 0.464
961.000 0.464
962.000 0.464
963.000 0.465
964.000 0.467
965.000 0.467
966.000 0.467
967.000 0.469
968.000 0.469
969.000 0.469
970.000 0.469
971.000 0.469
972.000 0.471
973.000 0.472
974.000 0.472
975.000 0.472
976.000 0.469
977.000 0.470
978.000 0.471
979.000 0.471
980.000 0.471
981.000 0.473
982.000 0.475
983.000 0.474
984.000 0.473
985.000 0.475
986.000 0.476
987.000 0.476
988.000 0.477
989.000 0.476
990.000 0.477
991.000 0.479
992.000 0.480
993.000 0.479
994.000 0.480
995.000 0.481
996.000 0.481
997.000 0.481
998.000 0.481
999.000 0.481
1000.000 0.483
1001.000 0.482
1002.000 0.482
1003.000 0.481
1004.000 0.482
1005.000 0.483
1006.000 0.484
1007.000 0.485
1008.000 0.485
1009.000 0.486
1010.000 0.486
1011.000 0.486
1012.000 0.486
1013.000 0.487
1014.000 0.487
1015.000 0.487
1016.000 0.489
1017.000 0.489
1018.000 0.489
1019.000 0.489
1020.000 0.490
1021.000 0.490
1022.000 0.489
1023.000 0.489
1024.000 0.489
1025.000 0.490
1026.000 0.491
1027.000 0.492
1028.000 0.492
1029.000 0.493
1030.000 0.493
1031.000 0.493
1032.000 0.493
1033.000 0.494
1034.000 0.494
1035.000 0.495
1036.000 0.495
1037.000 0.496
1038.000 0.496
1039.000 0.496
1040.000 0.496
1041.000 0.497
1042.000 0.498
1043.000 0.498
1044.000 0.497
1045.000 0.497
1046.000 0.497
1047.000 0.497
1048.000 0.497
1049.000 0.497
1050.000 0.497
1051.000 0.498
1052.000 0.498
1053.000 0.498
1054.000 0.498
1055.000 0.499
1056.000 0.499
1057.000 0.500
1058.000 0.500
1059.000 0.500
1060.000 0.500
1061.000 0.500
1062.000 0.500
1063.000 0.499
1064.000 0.500
1065.000 0.501
1066.000 0.501
1067.000 0.501
1068.000 0.501
1069.000 0.501
1070.000 0.501
1071.000 0.502
1072.000 0.501
1073.000 0.502
1074.000 0.502
1075.000 0.502
1076.000 0.501
1077.000 0.502
1078.000 0.502
1079.000 0.502
1080.000 0.503
1081.000 0.503
1082.000 0.503
1083.000 0.502
1084.000 0.503
1085.000 0.503
1086.000 0.503
1087.000 0.503
1088.000 0.502
1089.000 0.503
1090.000 0.503
1091.000 0.503
1092.000 0.503
1093.000 0.503
1094.000 0.502
1095.000 0.501
1096.000 0.501
1097.000 0.501
1098.000 0.502
1099.000 0.501
1100.000 0.500
1101.000 0.500
1102.000 0.499
1103.000 0.499
1104.000 0.499
1105.000 0.499
1106.000 0.498
1107.000 0.498
1108.000 0.498
1109.000 0.498
1110.000 0.497
1111.000 0.497
1112.000 0.496
1113.000 0.496
1114.000 0.496
1115.000 0.497
1116.000 0.498
1117.000 0.499
1118.000 0.499
1119.000 0.495
1120.000 0.490
1121.000 0.487
1122.000 0.483
1123.000 0.481
1124.000 0.484
1125.000 0.484
1126.000 0.483
1127.000 0.484
1128.000 0.485
1129.000 0.485
1130.000 0.487
1131.000 0.489
1132.000 0.488
1133.000 0.486
1134.000 0.484
1135.000 0.484
1136.000 0.482
1137.000 0.479
1138.000 0.480
1139.000 0.479
1140.000 0.478
1141.000 0.478
1142.000 0.478
1143.000 0.474
1144.000 0.473
1145.000 0.473
1146.000 0.473
1147.000 0.474
1148.000 0.476
1149.000 0.475
1150.000 0.474
1151.000 0.474
1152.000 0.472
1153.000 0.472
1154.000 0.473
1155.000 0.472
1156.000 0.473
1157.000 0.473
1158.000 0.473
1159.000 0.473
1160.000 0.474
1161.000 0.474
1162.000 0.474
1163.000 0.475
1164.000 0.475
1165.000 0.476
1166.000 0.475
1167.000 0.475
1168.000 0.474
1169.000 0.474
1170.000 0.474
1171.000 0.475
1172.000 0.476
1173.000 0.477
1174.000 0.477
1175.000 0.477
1176.000 0.477
1177.000 0.477
1178.000 0.477
1179.000 0.476
1180.000 0.476
1181.000 0.475
1182.000 0.475
1183.000 0.475
1184.000 0.475
1185.000 0.476
1186.000 0.476
1187.000 0.476
1188.000 0.476
1189.000 0.477
1190.000 0.477
1191.000 0.477
1192.000 0.478
1193.000 0.477
1194.000 0.476
1195.000 0.476
1196.000 0.477
1197.000 0.476
1198.000 0.477
1199.000 0.478
1200.000 0.478
1201.000 0.478
1202.000 0.478
1203.000 0.478
1204.000 0.478
1205.000 0.478
1206.000 0.478
1207.000 0.479
1208.000 0.480
1209.000 0.480
1210.000 0.480
1211.000 0.480
1212.000 0.480
1213.000 0.481
1214.000 0.481
1215.000 0.482
1216.000 0.482
1217.000 0.482
1218.000 0.482
1219.000 0.482
1220.000 0.483
1221.000 0.483
1222.000 0.484
1223.000 0.484
1224.000 0.484
1225.000 0.485
1226.000 0.486
1227.000 0.486
1228.000 0.487
1229.000 0.487
1230.000 0.487
1231.000 0.487
1232.000 0.487
1233.000 0.487
1234.000 0.486
1235.000 0.487
1236.000 0.488
1237.000 0.488
1238.000 0.489
1239.000 0.490
1240.000 0.490
1241.000 0.490
1242.000 0.491
1243.000 0.491
1244.000 0.490
1245.000 0.491
1246.000 0.491
1247.000 0.491
1248.000 0.491
1249.000 0.492
1250.000 0.493
1251.000 0.493
1252.000 0.494
1253.000 0.494
1254.000 0.494
1255.000 0.493
1256.000 0.493
1257.000 0.494
1258.000 0.493
1259.000 0.493
1260.000 0.493
1261.000 0.494
1262.000 0.494
1263.000 0.493
1264.000 0.493
1265.000 0.493
1266.000 0.493
1267.000 0.494
1268.000 0.494
1269.000 0.495
1270.000 0.496
1271.000 0.496
1272.000 0.496
1273.000 0.496
1274.000 0.496
1275.000 0.496
1276.000 0.496
1277.000 0.496
1278.000 0.496
1279.000 0.496
1280.000 0.496
1281.000 0.496
1282.000 0.496
1283.000 0.496
1284.000 0.496
1285.000 0.496
1286.000 0.495
1287.000 0.495
1288.000 0.495
1289.000 0.495
1290.000 0.495
1291.000 0.495
1292.000 0.495
1293.000 0.495
1294.000 0.494
1295.000 0.493
1296.000 0.493
1297.000 0.492
1298.000 0.492
1299.000 0.492
1300.000 0.492
1301.000 0.491
1302.000 0.491
1303.000 0.490
1304.000 0.489
1305.000 0.488
1306.000 0.486
1307.000 0.486
1308.000 0.485
1309.000 0.485
1310.000 0.484
1311.000 0.483
1312.000 0.482
1313.000 0.481
1314.000 0.481
1315.000 0.480
1316.000 0.480
1317.000 0.480
1318.000 0.480
1319.000 0.479
1320.000 0.477
1321.000 0.476
1322.000 0.475
1323.000 0.474
1324.000 0.473
1325.000 0.472
1326.000 0.471
1327.000 0.470
1328.000 0.468
1329.000 0.467
1330.000 0.466
1331.000 0.464
1332.000 0.462
1333.000 0.459
1334.000 0.456
1335.000 0.454
1336.000 0.453
1337.000 0.453
1338.000 0.453
1339.000 0.453
1340.000 0.453
1341.000 0.453
1342.000 0.453
1343.000 0.453
1344.000 0.450
1345.000 0.448
1346.000 0.446
1347.000 0.443
1348.000 0.439
1349.000 0.439
1350.000 0.435
1351.000 0.428
1352.000 0.418
1353.000 0.404
1354.000 0.386
1355.000 0.341
1356.000 0.339
1357.000 0.406
1358.000 0.363
1359.000 0.371
1360.000 0.409
1361.000 0.348
1362.000 0.375
1363.000 0.351
1364.000 0.363
1365.000 0.281
1366.000 0.373
1367.000 0.358
1368.000 0.414
1369.000 0.401
1370.000 0.303
1371.000 0.251
1372.000 0.277
1373.000 0.396
1374.000 0.374
1375.000 0.408
1376.000 0.647
1377.000 0.640
1378.000 0.571
1379.000 0.530
1380.000 0.420
1381.000 0.402
1382.000 0.314
1383.000 0.294
1384.000 0.697
1385.000 0.613
1386.000 0.603
1387.000 0.596
1388.000 0.557
1389.000 0.614
1390.000 0.471
1391.000 0.450
1392.000 0.541
1393.000 0.538
1394.000 0.775
1395.000 0.582
1396.000 0.535
1397.000 0.447
1398.000 0.418
1399.000 0.462
1400.000 0.405
1401.000 0.398
1402.000 0.435
1403.000 0.436
1404.000 0.278
1405.000 0.192
1406.000 0.452
1407.000 0.515
1408.000 0.389
1409.000 0.353
1410.000 0.283
1411.000 0.323
1412.000 0.431
1413.000 0.461
1414.000 0.476
1415.000 0.573
1416.000 0.574
1417.000 0.548
1418.000 0.434
1419.000 0.314
1420.000 0.309
1421.000 0.368
1422.000 0.331
1423.000 0.356
1424.000 0.327
1425.000 0.259
1426.000 0.239
1427.000 0.329
1428.000 0.390
1429.000 0.397
1430.000 0.395
1431.000 0.357
1432.000 0.349
1433.000 0.333
1434.000 0.305
1435.000 0.305
1436.000 0.295
1437.000 0.287
1438.000 0.284
1439.000 0.314
1440.000 0.314
1441.000 0.275
1442.000 0.264
1443.000 0.299
1444.000 0.289
1445.000 0.248
1446.000 0.248
1447.000 0.240
1448.000 0.243
1449.000 0.230
1450.000 0.231
1451.000 0.220
1452.000 0.220
1453.000 0.219
1454.000 0.206
1455.000 0.210
1456.000 0.220
1457.000 0.225
1458.000 0.231
1459.000 0.232
1460.000 0.230
1461.000 0.230
1462.000 0.230
1463.000 0.226
1464.000 0.241
1465.000 0.238
1466.000 0.230
1467.000 0.226
1468.000 0.228
1469.000 0.224
1470.000 0.216
1471.000 0.215
1472.000 0.200
1473.000 0.200
1474.000 0.203
1475.000 0.206
1476.000 0.200
1477.000 0.208
1478.000 0.226
1479.000 0.238
1480.000 0.260
1481.000 0.269
1482.000 0.270
1483.000 0.271
1484.000 0.268
1485.000 0.267
1486.000 0.264
1487.000 0.264
1488.000 0.269
1489.000 0.269
1490.000 0.270
1491.000 0.268
1492.000 0.260
1493.000 0.258
1494.000 0.258
1495.000 0.259
1496.000 0.266
1497.000 0.270
1498.000 0.273
1499.000 0.276
1500.000 0.279
1501.000 0.280
1502.000 0.280
1503.000 0.282
1504.000 0.280
1505.000 0.279
1506.000 0.279
1507.000 0.282
1508.000 0.284
1509.000 0.287
1510.000 0.289
1511.000 0.290
1512.000 0.292
1513.000 0.293
1514.000 0.295
1515.000 0.296
1516.000 0.297
1517.000 0.299
1518.000 0.300
1519.000 0.301
1520.000 0.303
1521.000 0.305
1522.000 0.307
1523.000 0.308
1524.000 0.309
1525.000 0.307
1526.000 0.306
1527.000 0.306
1528.000 0.307
1529.000 0.310
1530.000 0.312
1531.000 0.314
1532.000 0.315
1533.000 0.316
1534.000 0.318
1535.000 0.320
1536.000 0.320
1537.000 0.319
1538.000 0.319
1539.000 0.318
1540.000 0.318
1541.000 0.321
1542.000 0.322
1543.000 0.325
1544.000 0.327
1545.000 0.328
1546.000 0.329
1547.000 0.330
1548.000 0.330
1549.000 0.330
1550.000 0.331
1551.000 0.332
1552.000 0.333
1553.000 0.335
1554.000 0.337
1555.000 0.339
1556.000 0.341
1557.000 0.344
1558.000 0.346
1559.000 0.347
1560.000 0.348
1561.000 0.349
1562.000 0.349
1563.000 0.348
1564.000 0.347
1565.000 0.346
1566.000 0.346
1567.000 0.348
1568.000 0.350
1569.000 0.352
1570.000 0.353
1571.000 0.354
1572.000 0.356
1573.000 0.356
1574.000 0.357
1575.000 0.358
1576.000 0.359
1577.000 0.359
1578.000 0.360
1579.000 0.359
1580.000 0.360
1581.000 0.360
1582.000 0.361
1583.000 0.362
1584.000 0.364
1585.000 0.365
1586.000 0.366
1587.000 0.368
1588.000 0.368
1589.000 0.367
1590.000 0.367
1591.000 0.367
1592.000 0.367
1593.000 0.367
1594.000 0.368
1595.000 0.366
1596.000 0.366
1597.000 0.368
1598.000 0.370
1599.000 0.372
1600.000 0.373
1601.000 0.374
1602.000 0.375
1603.000 0.376
1604.000 0.376
1605.000 0.379
1606.000 0.380
1607.000 0.379
1608.000 0.379
1609.000 0.380
1610.000 0.380
1611.000 0.381
1612.000 0.381
1613.000 0.380
1614.000 0.380
1615.000 0.381
1616.000 0.381
1617.000 0.382
1618.000 0.383
1619.000 0.384
1620.000 0.384
1621.000 0.384
1622.000 0.385
1623.000 0.386
1624.000 0.386
1625.000 0.388
1626.000 0.389
1627.000 0.389
1628.000 0.390
1629.000 0.391
1630.000 0.392
1631.000 0.392
1632.000 0.393
1633.000 0.394
1634.000 0.394
1635.000 0.392
1636.000 0.392
1637.000 0.391
1638.000 0.392
1639.000 0.395
1640.000 0.396
1641.000 0.397
1642.000 0.396
1643.000 0.394
1644.000 0.394
1645.000 0.394
1646.000 0.395
1647.000 0.397
1648.000 0.397
1649.000 0.395
1650.000 0.395
1651.000 0.394
1652.000 0.393
1653.000 0.392
1654.000 0.392
1655.000 0.391
1656.000 0.391
1657.000 0.392
1658.000 0.393
1659.000 0.397
1660.000 0.398
1661.000 0.398
1662.000 0.398
1663.000 0.397
1664.000 0.396
1665.000 0.395
1666.000 0.395
1667.000 0.396
1668.000 0.396
1669.000 0.398
1670.000 0.398
1671.000 0.396
1672.000 0.397
1673.000 0.397
1674.000 0.396
1675.000 0.397
1676.000 0.397
1677.000 0.396
1678.000 0.396
1679.000 0.395
1680.000 0.395
1681.000 0.395
1682.000 0.396
1683.000 0.397
1684.000 0.397
1685.000 0.397
1686.000 0.398
1687.000 0.402
1688.000 0.402
1689.000 0.403
1690.000 0.403
1691.000 0.400
1692.000 0.398
1693.000 0.396
1694.000 0.395
1695.000 0.394
1696.000 0.395
1697.000 0.399
1698.000 0.400
1699.000 0.399
1700.000 0.398
1701.000 0.395
1702.000 0.394
1703.000 0.394
1704.000 0.394
1705.000 0.395
1706.000 0.394
1707.000 0.395
1708.000 0.395
1709.000 0.393
1710.000 0.394
1711.000 0.394
1712.000 0.395
1713.000 0.395
1714.000 0.395
1715.000 0.394
1716.000 0.393
1717.000 0.395
1718.000 0.397
1719.000 0.397
1720.000 0.396
1721.000 0.394
1722.000 0.390
1723.000 0.388
1724.000 0.387
1725.000 0.388
1726.000 0.388
1727.000 0.386
1728.000 0.387
1729.000 0.388
1730.000 0.386
1731.000 0.385
1732.000 0.384
1733.000 0.381
1734.000 0.381
1735.000 0.382
1736.000 0.379
1737.000 0.379
1738.000 0.380
1739.000 0.380
1740.000 0.383
1741.000 0.384
1742.000 0.383
1743.000 0.384
1744.000 0.384
1745.000 0.384
1746.000 0.385
1747.000 0.385
1748.000 0.382
1749.000 0.380
1750.000 0.379
1751.000 0.375
1752.000 0.371
1753.000 0.370
1754.000 0.368
1755.000 0.368
1756.000 0.371
1757.000 0.370
1758.000 0.367
1759.000 0.367
1760.000 0.370
1761.000 0.374
1762.000 0.377
1763.000 0.378
1764.000 0.376
1765.000 0.376
1766.000 0.380
1767.000 0.381
1768.000 0.383
1769.000 0.381
1770.000 0.374
1771.000 0.368
1772.000 0.363
1773.000 0.360
1774.000 0.357
1775.000 0.357
1776.000 0.363
1777.000 0.366
1778.000 0.370
1779.000 0.372
1780.000 0.366
1781.000 0.364
1782.000 0.370
1783.000 0.379
1784.000 0.396
1785.000 0.398
1786.000 0.396
1787.000 0.380
1788.000 0.374
1789.000 0.373
1790.000 0.377
1791.000 0.382
1792.000 0.384
1793.000 0.384
1794.000 0.363
1795.000 0.375
1796.000 0.382
1797.000 0.385
1798.000 0.440
1799.000 0.441
1800.000 0.415
1801.000 0.446
1802.000 0.465
1803.000 0.484
1804.000 0.507
1805.000 0.523
1806.000 0.517
1807.000 0.505
1808.000 0.516
1809.000 0.577
1810.000 0.645
1811.000 0.694
1812.000 0.702
1813.000 0.696
1814.000 0.731
1815.000 0.764
1816.000 0.723
1817.000 0.515
1818.000 0.491
1819.000 0.543
1820.000 0.536
1821.000 0.584
1822.000 0.423
1823.000 0.750
1824.000 0.759
1825.000 0.648
1826.000 0.568
1827.000 0.444
1828.000 0.497
1829.000 0.488
1830.000 0.454
1831.000 0.451
1832.000 0.519
1833.000 0.371
1834.000 0.646
1835.000 0.683
1836.000 0.559
1837.000 0.525
1838.000 0.431
1839.000 0.503
1840.000 0.502
1841.000 0.481
1842.000 0.560
1843.000 0.516
1844.000 0.382
1845.000 0.420
1846.000 0.499
1847.000 0.557
1848.000 0.638
1849.000 0.675
1850.000 0.578
1851.000 0.529
1852.000 0.612
1853.000 0.852
1854.000 0.546
1855.000 0.447
1856.000 0.406
1857.000 0.373
1858.000 0.380
1859.000 0.436
1860.000 0.579
1861.000 0.599
1862.000 0.453
1863.000 0.472
1864.000 0.549
1865.000 0.469
1866.000 0.416
1867.000 0.474
1868.000 0.514
1869.000 0.459
1870.000 0.425
1871.000 0.393
1872.000 0.358
1873.000 0.323
1874.000 0.545
1875.000 0.411
1876.000 0.387
1877.000 0.350
1878.000 0.597
1879.000 0.651
1880.000 0.682
1881.000 0.666
1882.000 0.680
1883.000 0.558
1884.000 0.534
1885.000 0.515
1886.000 0.382
1887.000 0.536
1888.000 0.498
1889.000 0.461
1890.000 0.581
1891.000 0.499
1892.000 0.631
1893.000 0.517
1894.000 0.521
1895.000 0.560
1896.000 0.524
1897.000 0.458
1898.000 0.479
1899.000 0.476
1900.000 0.437
1901.000 0.366
1902.000 0.388
1903.000 0.460
1904.000 0.594
1905.000 0.541
1906.000 0.421
1907.000 0.451
1908.000 0.450
1909.000 0.434
1910.000 0.470
1911.000 0.448
1912.000 0.491
1913.000 0.437
1914.000 0.419
1915.000 0.414
1916.000 0.479
1917.000 0.509
1918.000 0.522
1919.000 0.682
1920.000 0.606
1921.000 0.609
1922.000 0.474
1923.000 0.431
1924.000 0.428
1925.000 0.377
1926.000 0.466
1927.000 0.464
1928.000 0.593
1929.000 0.503
1930.000 0.425
1931.000 0.469
1932.000 0.671
1933.000 0.602
1934.000 0.622
1935.000 0.609
1936.000 0.584
1937.000 0.684
1938.000 0.589
1939.000 0.485
1940.000 0.351
1941.000 0.303
1942.000 0.342
1943.000 0.383
1944.000 0.363
1945.000 0.481
1946.000 0.404
1947.000 0.391
1948.000 0.351
1949.000 0.472
1950.000 0.447
1951.000 0.558
1952.000 0.549
1953.000 0.681
1954.000 0.612
1955.000 0.565
1956.000 0.548
1957.000 0.501
1958.000 0.458
1959.000 0.435
1960.000 0.437
1961.000 0.490
1962.000 0.507
1963.000 0.571
1964.000 0.503
1965.000 0.566
1966.000 0.429
1967.000 0.316
1968.000 0.299
1969.000 0.368
1970.000 0.365
1971.000 0.325
1972.000 0.338
1973.000 0.369
1974.000 0.334
1975.000 0.337
1976.000 0.370
1977.000 0.350
1978.000 0.320
1979.000 0.291
1980.000 0.258
1981.000 0.259
1982.000 0.267
1983.000 0.314
1984.000 0.381
1985.000 0.319
1986.000 0.302
1987.000 0.304
1988.000 0.272
1989.000 0.220
1990.000 0.224
1991.000 0.263
1992.000 0.299
1993.000 0.342
1994.000 0.332
1995.000 0.289
1996.000 0.283
1997.000 0.267
1998.000 0.305
1999.000 0.322
2000.000 0.331
2001.000 0.338
2002.000 0.353
2003.000 0.306
2004.000 0.285
2005.000 0.292
2006.000 0.320
2007.000 0.402
2008.000 0.384
2009.000 0.359
2010.000 0.364
2011.000 0.313
2012.000 0.245
2013.000 0.235
2014.000 0.241
2015.000 0.261
2016.000 0.254
2017.000 0.262
2018.000 0.257
2019.000 0.224
2020.000 0.208
2021.000 0.224
2022.000 0.211
2023.000 0.208
2024.000 0.227
2025.000 0.218
2026.000 0.237
2027.000 0.247
2028.000 0.254
2029.000 0.257
2030.000 0.256
2031.000 0.258
2032.000 0.266
2033.000 0.269
2034.000 0.272
2035.000 0.277
2036.000 0.285
2037.000 0.275
2038.000 0.267
2039.000 0.261
2040.000 0.248
2041.000 0.241
2042.000 0.238
2043.000 0.242
2044.000 0.241
2045.000 0.242
2046.000 0.240
2047.000 0.226
2048.000 0.223
2049.000 0.224
2050.000 0.237
2051.000 0.250
2052.000 0.270
2053.000 0.266
2054.000 0.244
2055.000 0.232
2056.000 0.223
2057.000 0.222
2058.000 0.241
2059.000 0.242
2060.000 0.231
2061.000 0.228
2062.000 0.218
2063.000 0.216
2064.000 0.226
2065.000 0.228
2066.000 0.223
2067.000 0.231
2068.000 0.231
2069.000 0.229
2070.000 0.244
2071.000 0.253
2072.000 0.259
2073.000 0.266
2074.000 0.273
2075.000 0.270
2076.000 0.280
2077.000 0.314
2078.000 0.323
2079.000 0.327
2080.000 0.320
2081.000 0.295
2082.000 0.269
2083.000 0.259
2084.000 0.254
2085.000 0.259
2086.000 0.260
2087.000 0.264
2088.000 0.272
2089.000 0.277
2090.000 0.285
2091.000 0.287
2092.000 0.285
2093.000 0.280
2094.000 0.257
2095.000 0.254
2096.000 0.260
2097.000 0.263
2098.000 0.279
2099.000 0.295
2100.000 0.287
2101.000 0.275
2102.000 0.259
2103.000 0.247
2104.000 0.246
2105.000 0.253
2106.000 0.257
2107.000 0.266
2108.000 0.270
2109.000 0.273
2110.000 0.273
2111.000 0.273
2112.000 0.273
2113.000 0.267
2114.000 0.269
2115.000 0.279
2116.000 0.284
2117.000 0.294
2118.000 0.300
2119.000 0.293
2120.000 0.294
2121.000 0.297
2122.000 0.299
2123.000 0.302
2124.000 0.315
2125.000 0.315
2126.000 0.305
2127.000 0.302
2128.000 0.295
2129.000 0.292
2130.000 0.296
2131.000 0.297
2132.000 0.297
2133.000 0.299
2134.000 0.308
2135.000 0.306
2136.000 0.296
2137.000 0.288
2138.000 0.282
2139.000 0.273
2140.000 0.281
2141.000 0.296
2142.000 0.300
2143.000 0.301
2144.000 0.305
2145.000 0.302
2146.000 0.301
2147.000 0.305
2148.000 0.304
2149.000 0.297
2150.000 0.296
2151.000 0.294
2152.000 0.295
2153.000 0.304
2154.000 0.304
2155.000 0.301
2156.000 0.294
2157.000 0.278
2158.000 0.271
2159.000 0.268
2160.000 0.269
2161.000 0.273
2162.000 0.286
2163.000 0.291
2164.000 0.297
2165.000 0.300
2166.000 0.294
2167.000 0.296
2168.000 0.301
2169.000 0.301
2170.000 0.306
2171.000 0.306
2172.000 0.301
2173.000 0.298
2174.000 0.293
2175.000 0.292
2176.000 0.292
2177.000 0.294
2178.000 0.304
2179.000 0.313
2180.000 0.324
2181.000 0.328
2182.000 0.316
2183.000 0.307
2184.000 0.301
2185.000 0.289
2186.000 0.288
2187.000 0.296
2188.000 0.297
2189.000 0.301
2190.000 0.299
2191.000 0.287
2192.000 0.284
2193.000 0.279
2194.000 0.277
2195.000 0.285
2196.000 0.284
2197.000 0.277
2198.000 0.275
2199.000 0.267
2200.000 0.270
2201.000 0.284
2202.000 0.298
2203.000 0.303
2204.000 0.315
2205.000 0.325
2206.000 0.326
2207.000 0.337
2208.000 0.329
2209.000 0.320
2210.000 0.302
2211.000 0.293
2212.000 0.283
2213.000 0.282
2214.000 0.286
2215.000 0.292
2216.000 0.311
2217.000 0.317
2218.000 0.319
2219.000 0.314
2220.000 0.298
2221.000 0.291
2222.000 0.279
2223.000 0.275
2224.000 0.274
2225.000 0.281
2226.000 0.302
2227.000 0.316
2228.000 0.337
2229.000 0.349
2230.000 0.337
2231.000 0.320
2232.000 0.301
2233.000 0.289
2234.000 0.281
2235.000 0.279
2236.000 0.280
2237.000 0.274
2238.000 0.268
2239.000 0.258
2240.000 0.254
2241.000 0.249
2242.000 0.247
2243.000 0.252
2244.000 0.249
2245.000 0.237
2246.000 0.241
2247.000 0.248
2248.000 0.254
2249.000 0.275
2250.000 0.285
2251.000 0.289
2252.000 0.292
2253.000 0.290
2254.000 0.292
2255.000 0.281
2256.000 0.282
2257.000 0.292
2258.000 0.298
2259.000 0.316
2260.000 0.332
2261.000 0.327
2262.000 0.324
2263.000 0.300
2264.000 0.284
2265.000 0.274
2266.000 0.269
2267.000 0.261
2268.000 0.254
2269.000 0.255
2270.000 0.263
2271.000 0.268
2272.000 0.293
2273.000 0.299
2274.000 0.298
2275.000 0.311
2276.000 0.302
2277.000 0.299
2278.000 0.295
2279.000 0.293
2280.000 0.292
2281.000 0.277
2282.000 0.245
2283.000 0.235
2284.000 0.225
2285.000 0.222
2286.000 0.241
2287.000 0.250
2288.000 0.251
2289.000 0.259
2290.000 0.282
2291.000 0.290
2292.000 0.314
2293.000 0.318
2294.000 0.273
2295.000 0.259
2296.000 0.256
2297.000 0.247
2298.000 0.243
2299.000 0.252
2300.000 0.229
2301.000 0.212
2302.000 0.216
2303.000 0.208
2304.000 0.217
2305.000 0.244
2306.000 0.264
2307.000 0.274
2308.000 0.281
2309.000 0.281
2310.000 0.275
2311.000 0.261
2312.000 0.299
2313.000 0.308
2314.000 0.276
2315.000 0.270
2316.000 0.250
2317.000 0.214
2318.000 0.199
2319.000 0.180
2320.000 0.187
2321.000 0.231
2322.000 0.252
2323.000 0.251
2324.000 0.251
2325.000 0.254
2326.000 0.240
2327.000 0.222
2328.000 0.209
2329.000 0.200
2330.000 0.182
2331.000 0.179
2332.000 0.180
2333.000 0.154
2334.000 0.146
2335.000 0.166
2336.000 0.180
2337.000 0.277
2338.000 0.282
2339.000 0.289
2340.000 0.337
2341.000 0.373
2342.000 0.344
2343.000 0.316
2344.000 0.327
2345.000 0.294
2346.000 0.232
2347.000 0.201
2348.000 0.187
2349.000 0.178
2350.000 0.165
2351.000 0.171
2352.000 0.152
2353.000 0.134
2354.000 0.147
2355.000 0.155
2356.000 0.154
2357.000 0.153
2358.000 0.133
2359.000 0.164
2360.000 0.188
2361.000 0.223
2362.000 0.324
2363.000 0.318
2364.000 0.274
2365.000 0.257
2366.000 0.214
2367.000 0.198
2368.000 0.230
2369.000 0.302
2370.000 0.278
2371.000 0.261
2372.000 0.271
2373.000 0.327
2374.000 0.346
2375.000 0.447
2376.000 0.234
2377.000 0.299
2378.000 0.359
2379.000 0.266
2380.000 0.318
2381.000 0.452
2382.000 0.476
2383.000 0.423
2384.000 0.270
2385.000 0.241
2386.000 0.286
2387.000 0.289
2388.000 0.317
2389.000 0.319
2390.000 0.335
2391.000 0.273
2392.000 0.343
2393.000 0.241
2394.000 0.227
2395.000 0.508
2396.000 0.437
2397.000 0.346
2398.000 0.285
2399.000 0.394
2400.000 0.447
2401.000 0.312
2402.000 0.325
2403.000 0.294
2404.000 0.213
2405.000 0.391
2406.000 0.335
2407.000 0.364
2408.000 0.496
2409.000 0.394
2410.000 0.364
2411.000 0.365
2412.000 0.272
2413.000 0.304
2414.000 0.323
2415.000 0.224
2416.000 0.121
2417.000 0.203
2418.000 0.287
2419.000 0.362
2420.000 0.397
2421.000 0.459
2422.000 0.387
2423.000 0.515
2424.000 0.692
2425.000 0.409
2426.000 0.389
2427.000 0.448
2428.000 0.442
2429.000 0.537
2430.000 0.360
2431.000 0.387
2432.000 0.195
2433.000 0.192
2434.000 0.191
2435.000 0.229
2436.000 0.233
2437.000 0.291
2438.000 0.249
2439.000 0.175
2440.000 0.185
2441.000 0.291
2442.000 0.386
2443.000 0.545
2444.000 0.419
2445.000 0.462
2446.000 0.528
2447.000 0.535
2448.000 0.395
2449.000 0.301
2450.000 0.188
2451.000 0.317
2452.000 0.348
2453.000 0.282
2454.000 0.270
2455.000 0.161
2456.000 0.145
2457.000 0.379
2458.000 0.436
2459.000 0.313
2460.000 0.334
2461.000 0.353
2462.000 0.331
2463.000 0.464
2464.000 0.596
2465.000 0.610
2466.000 0.538
2467.000 0.368
2468.000 0.429
2469.000 0.409
2470.000 0.447
2471.000 0.545
2472.000 0.272
2473.000 0.352
2474.000 0.364
2475.000 0.264
2476.000 0.468
2477.000 0.528
2478.000 0.522
2479.000 0.451
2480.000 0.464
2481.000 0.496
2482.000 0.450
2483.000 0.269
2484.000 0.254
2485.000 0.326
2486.000 0.509
2487.000 0.543
2488.000 0.628
2489.000 0.484
2490.000 0.261
2491.000 0.336
2492.000 0.308
2493.000 0.450
2494.000 0.535
2495.000 0.464
2496.000 0.529
2497.000 0.382
2498.000 0.337
2499.000 0.628
2500.000 0.673
