391.000 0.053
392.000 0.050
393.000 0.050
394.000 0.062
395.000 0.056
396.000 0.053
397.000 0.056
398.000 0.053
399.000 0.054
400.000 0.055
401.000 0.052
402.000 0.050
403.000 0.048
404.000 0.047
405.000 0.048
406.000 0.052
407.000 0.053
408.000 0.052
409.000 0.054
410.000 0.051
411.000 0.048
412.000 0.048
413.000 0.050
414.000 0.052
415.000 0.052
416.000 0.048
417.000 0.043
418.000 0.045
419.000 0.050
420.000 0.052
421.000 0.050
422.000 0.051
423.000 0.055
424.000 0.050
425.000 0.050
426.000 0.052
427.000 0.051
428.000 0.047
429.000 0.047
430.000 0.051
431.000 0.053
432.000 0.052
433.000 0.051
434.000 0.050
435.000 0.052
436.000 0.051
437.000 0.049
438.000 0.048
439.000 0.048
440.000 0.049
441.000 0.051
442.000 0.049
443.000 0.050
444.000 0.049
445.000 0.047
446.000 0.048
447.000 0.048
448.000 0.048
449.000 0.049
450.000 0.050
451.000 0.050
452.000 0.051
453.000 0.050
454.000 0.050
455.000 0.050
456.000 0.051
457.000 0.051
458.000 0.051
459.000 0.051
460.000 0.051
461.000 0.050
462.000 0.050
463.000 0.051
464.000 0.051
465.000 0.052
466.000 0.052
467.000 0.050
468.000 0.051
469.000 0.051
470.000 0.052
471.000 0.052
472.000 0.051
473.000 0.050
474.000 0.050
475.000 0.052
476.000 0.051
477.000 0.051
478.000 0.052
479.000 0.049
480.000 0.049
481.000 0.050
482.000 0.050
483.000 0.052
484.000 0.053
485.000 0.053
486.000 0.052
487.000 0.050
488.000 0.049
489.000 0.050
490.000 0.050
491.000 0.051
492.000 0.052
493.000 0.052
494.000 0.053
495.000 0.053
496.000 0.053
497.000 0.052
498.000 0.051
499.000 0.051
500.000 0.053
501.000 0.052
502.000 0.052
503.000 0.053
504.000 0.056
505.000 0.054
506.000 0.054
507.000 0.056
508.000 0.056
509.000 0.057
510.000 0.057
511.000 0.056
512.000 0.059
513.000 0.060
514.000 0.062
515.000 0.064
516.000 0.065
517.000 0.065
518.000 0.068
519.000 0.068
520.000 0.070
521.000 0.074
522.000 0.077
523.000 0.079
524.000 0.080
525.000 0.080
526.000 0.084
527.000 0.086
528.000 0.088
529.000 0.090
530.000 0.092
531.000 0.093
532.000 0.094
533.000 0.096
534.000 0.096
535.000 0.098
536.000 0.099
537.000 0.100
538.000 0.100
539.000 0.100
540.000 0.101
541.000 0.102
542.000 0.103
543.000 0.102
544.000 0.103
545.000 0.103
546.000 0.103
547.000 0.103
548.000 0.103
549.000 0.103
550.000 0.104
551.000 0.104
552.000 0.104
553.000 0.104
554.000 0.104
555.000 0.104
556.000 0.103
557.000 0.102
558.000 0.101
559.000 0.101
560.000 0.100
561.000 0.099
562.000 0.098
563.000 0.097
564.000 0.096
565.000 0.095
566.000 0.094
567.000 0.092
568.000 0.090
569.000 0.089
570.000 0.088
571.000 0.087
572.000 0.085
573.000 0.083
574.000 0.082
575.000 0.081
576.000 0.080
577.000 0.080
578.000 0.079
579.000 0.079
580.000 0.078
581.000 0.076
582.000 0.075
583.000 0.073
584.000 0.073
585.000 0.073
586.000 0.074
587.000 0.073
588.000 0.073
589.000 0.072
590.000 0.070
591.000 0.071
592.000 0.071
593.000 0.070
594.000 0.070
595.000 0.070
596.000 0.069
597.000 0.069
598.000 0.068
599.000 0.068
600.000 0.068
601.000 0.068
602.000 0.068
603.000 0.067
604.000 0.067
605.000 0.068
606.000 0.069
607.000 0.068
608.000 0.066
609.000 0.066
610.000 0.066
611.000 0.065
612.000 0.065
613.000 0.066
614.000 0.064
615.000 0.062
616.000 0.063
617.000 0.063
618.000 0.063
619.000 0.063
620.000 0.063
621.000 0.062
622.000 0.062
623.000 0.062
624.000 0.063
625.000 0.063
626.000 0.062
627.000 0.063
628.000 0.063
629.000 0.063
630.000 0.062
631.000 0.062
632.000 0.061
633.000 0.062
634.000 0.063
635.000 0.062
636.000 0.062
637.000 0.063
638.000 0.063
639.000 0.063
640.000 0.062
641.000 0.061
642.000 0.059
643.000 0.059
644.000 0.059
645.000 0.058
646.000 0.058
647.000 0.058
648.000 0.059
649.000 0.059
650.000 0.059
651.000 0.058
652.000 0.059
653.000 0.058
654.000 0.058
655.000 0.058
656.000 0.058
657.000 0.059
658.000 0.060
659.000 0.060
660.000 0.061
661.000 0.061
662.000 0.059
663.000 0.061
664.000 0.063
665.000 0.063
666.000 0.062
667.000 0.062
668.000 0.062
669.000 0.062
670.000 0.064
671.000 0.064
672.000 0.063
673.000 0.063
674.000 0.066
675.000 0.067
676.000 0.067
677.000 0.070
678.000 0.070
679.000 0.069
680.000 0.068
681.000 0.070
682.000 0.072
683.000 0.073
684.000 0.073
685.000 0.075
686.000 0.075
687.000 0.076
688.000 0.079
689.000 0.079
690.000 0.080
691.000 0.081
692.000 0.083
693.000 0.087
694.000 0.090
695.000 0.095
696.000 0.099
697.000 0.104
698.000 0.109
699.000 0.115
700.000 0.122
701.000 0.130
702.000 0.138
703.000 0.145
704.000 0.153
705.000 0.161
706.000 0.169
707.000 0.178
708.000 0.186
709.000 0.194
710.000 0.203
711.000 0.211
712.000 0.219
713.000 0.227
714.000 0.236
715.000 0.245
716.000 0.253
717.000 0.261
718.000 0.271
719.000 0.281
720.000 0.290
721.000 0.299
722.000 0.306
723.000 0.313
724.000 0.322
725.000 0.330
726.000 0.338
727.000 0.345
728.000 0.352
729.000 0.359
730.000 0.365
731.000 0.372
732.000 0.378
733.000 0.383
734.000 0.388
735.000 0.393
736.000 0.398
737.000 0.403
738.000 0.407
739.000 0.411
740.000 0.414
741.000 0.418
742.000 0.421
743.000 0.424
744.000 0.426
745.000 0.429
746.000 0.432
747.000 0.434
748.000 0.436
749.000 0.438
750.000 0.440
751.000 0.441
752.000 0.443
753.000 0.445
754.000 0.446
755.000 0.447
756.000 0.448
757.000 0.449
758.000 0.449
759.000 0.450
760.000 0.452
761.000 0.454
762.000 0.454
763.000 0.454
764.000 0.455
765.000 0.456
766.000 0.456
767.000 0.457
768.000 0.457
769.000 0.458
770.000 0.458
771.000 0.459
772.000 0.459
773.000 0.460
774.000 0.460
775.000 0.461
776.000 0.461
777.000 0.462
778.000 0.462
779.000 0.462
780.000 0.463
781.000 0.463
782.000 0.464
783.000 0.464
784.000 0.465
785.000 0.465
786.000 0.465
787.000 0.466
788.000 0.466
789.000 0.467
790.000 0.467
791.000 0.467
792.000 0.468
793.000 0.468
794.000 0.468
795.000 0.469
796.000 0.469
797.000 0.470
798.000 0.470
799.000 0.471
800.000 0.471
801.000 0.471
802.000 0.471
803.000 0.472
804.000 0.472
805.000 0.473
806.000 0.473
807.000 0.473
808.000 0.474
809.000 0.474
810.000 0.474
811.000 0.475
812.000 0.475
813.000 0.476
814.000 0.476
815.000 0.476
816.000 0.477
817.000 0.477
818.000 0.478
819.000 0.478
820.000 0.478
821.000 0.478
822.000 0.479
823.000 0.480
824.000 0.480
825.000 0.480
826.000 0.480
827.000 0.481
828.000 0.481
829.000 0.482
830.000 0.482
831.000 0.482
832.000 0.483
833.000 0.483
834.000 0.484
835.000 0.483
836.000 0.484
837.000 0.485
838.000 0.485
839.000 0.485
840.000 0.486
841.000 0.486
842.000 0.486
843.000 0.487
844.000 0.487
845.000 0.487
846.000 0.487
847.000 0.488
848.000 0.488
849.000 0.489
850.000 0.489
851.000 0.489
852.000 0.489
853.000 0.490
854.000 0.490
855.000 0.491
856.000 0.491
857.000 0.491
858.000 0.491
859.000 0.491
860.000 0.491
861.000 0.492
862.000 0.492
863.000 0.492
864.000 0.493
865.000 0.494
866.000 0.494
867.000 0.494
868.000 0.494
869.000 0.495
870.000 0.494
871.000 0.495
872.000 0.495
873.000 0.495
874.000 0.495
875.000 0.496
876.000 0.496
877.000 0.497
878.000 0.497
879.000 0.497
880.000 0.498
881.000 0.498
882.000 0.499
883.000 0.499
884.000 0.500
885.000 0.500
886.000 0.500
887.000 0.500
888.000 0.501
889.000 0.501
890.000 0.501
891.000 0.501
892.000 0.502
893.000 0.502
894.000 0.502
895.000 0.503
896.000 0.503
897.000 0.503
898.000 0.503
899.000 0.504
900.000 0.504
901.000 0.505
902.000 0.505
903.000 0.505
904.000 0.505
905.000 0.505
906.000 0.506
907.000 0.506
908.000 0.506
909.000 0.507
910.000 0.507
911.000 0.507
912.000 0.507
913.000 0.508
914.000 0.508
915.000 0.509
916.000 0.509
917.000 0.508
918.000 0.509
919.000 0.509
920.000 0.509
921.000 0.510
922.000 0.511
923.000 0.510
924.000 0.511
925.000 0.510
926.000 0.510
927.000 0.511
928.000 0.510
929.000 0.510
930.000 0.510
931.000 0.511
932.000 0.511
933.000 0.510
934.000 0.508
935.000 0.507
936.000 0.509
937.000 0.510
938.000 0.508
939.000 0.505
940.000 0.507
941.000 0.507
942.000 0.506
943.000 0.507
944.000 0.509
945.000 0.510
946.000 0.509
947.000 0.509
948.000 0.510
949.000 0.509
950.000 0.509
951.000 0.512
952.000 0.509
953.000 0.508
954.000 0.509
955.000 0.511
956.000 0.509
957.000 0.508
958.000 0.507
959.000 0.509
960.000 0.510
961.000 0.510
962.000 0.511
963.000 0.511
964.000 0.512
965.000 0.511
966.000 0.511
967.000 0.513
968.000 0.512
969.000 0.511
970.000 0.511
971.000 0.511
972.000 0.513
973.000 0.514
974.000 0.515
975.000 0.515
976.000 0.514
977.000 0.514
978.000 0.515
979.000 0.514
980.000 0.513
981.000 0.515
982.000 0.517
983.000 0.516
984.000 0.515
985.000 0.516
986.000 0.517
987.000 0.517
988.000 0.517
989.000 0.517
990.000 0.518
991.000 0.520
992.000 0.520
993.000 0.519
994.000 0.520
995.000 0.522
996.000 0.520
997.000 0.521
998.000 0.521
999.000 0.521
1000.000 0.522
1001.000 0.522
1002.000 0.522
1003.000 0.523
1004.000 0.523
1005.000 0.524
1006.000 0.526
1007.000 0.526
1008.000 0.526
1009.000 0.527
1010.000 0.527
1011.000 0.526
1012.000 0.527
1013.000 0.528
1014.000 0.527
1015.000 0.527
1016.000 0.529
1017.000 0.529
1018.000 0.529
1019.000 0.529
1020.000 0.530
1021.000 0.530
1022.000 0.529
1023.000 0.528
1024.000 0.529
1025.000 0.530
1026.000 0.531
1027.000 0.532
1028.000 0.533
1029.000 0.533
1030.000 0.534
1031.000 0.534
1032.000 0.534
1033.000 0.534
1034.000 0.535
1035.000 0.536
1036.000 0.536
1037.000 0.536
1038.000 0.536
1039.000 0.536
1040.000 0.537
1041.000 0.537
1042.000 0.538
1043.000 0.537
1044.000 0.537
1045.000 0.537
1046.000 0.538
1047.000 0.538
1048.000 0.538
1049.000 0.539
1050.000 0.538
1051.000 0.539
1052.000 0.540
1053.000 0.540
1054.000 0.540
1055.000 0.540
1056.000 0.540
1057.000 0.541
1058.000 0.542
1059.000 0.542
1060.000 0.542
1061.000 0.542
1062.000 0.542
1063.000 0.543
1064.000 0.544
1065.000 0.544
1066.000 0.544
1067.000 0.544
1068.000 0.544
1069.000 0.544
1070.000 0.545
1071.000 0.546
1072.000 0.545
1073.000 0.546
1074.000 0.546
1075.000 0.546
1076.000 0.546
1077.000 0.546
1078.000 0.547
1079.000 0.547
1080.000 0.548
1081.000 0.549
1082.000 0.549
1083.000 0.549
1084.000 0.549
1085.000 0.549
1086.000 0.549
1087.000 0.550
1088.000 0.550
1089.000 0.551
1090.000 0.551
1091.000 0.552
1092.000 0.552
1093.000 0.552
1094.000 0.552
1095.000 0.552
1096.000 0.552
1097.000 0.552
1098.000 0.553
1099.000 0.553
1100.000 0.553
1101.000 0.553
1102.000 0.552
1103.000 0.552
1104.000 0.553
1105.000 0.553
1106.000 0.553
1107.000 0.553
1108.000 0.553
1109.000 0.553
1110.000 0.553
1111.000 0.553
1112.000 0.553
1113.000 0.553
1114.000 0.553
1115.000 0.555
1116.000 0.556
1117.000 0.558
1118.000 0.559
1119.000 0.555
1120.000 0.551
1121.000 0.549
1122.000 0.544
1123.000 0.542
1124.000 0.546
1125.000 0.546
1126.000 0.545
1127.000 0.546
1128.000 0.549
1129.000 0.549
1130.000 0.552
1131.000 0.555
1132.000 0.553
1133.000 0.553
1134.000 0.551
1135.000 0.549
1136.000 0.548
1137.000 0.546
1138.000 0.547
1139.000 0.546
1140.000 0.545
1141.000 0.545
1142.000 0.544
1143.000 0.541
1144.000 0.540
1145.000 0.540
1146.000 0.540
1147.000 0.540
1148.000 0.541
1149.000 0.538
1150.000 0.536
1151.000 0.536
1152.000 0.534
1153.000 0.532
1154.000 0.534
1155.000 0.533
1156.000 0.534
1157.000 0.534
1158.000 0.534
1159.000 0.534
1160.000 0.534
1161.000 0.534
1162.000 0.535
1163.000 0.535
1164.000 0.535
1165.000 0.535
1166.000 0.535
1167.000 0.535
1168.000 0.533
1169.000 0.533
1170.000 0.533
1171.000 0.533
1172.000 0.534
1173.000 0.535
1174.000 0.536
1175.000 0.536
1176.000 0.536
1177.000 0.537
1178.000 0.537
1179.000 0.536
1180.000 0.536
1181.000 0.536
1182.000 0.535
1183.000 0.535
1184.000 0.536
1185.000 0.536
1186.000 0.536
1187.000 0.536
1188.000 0.536
1189.000 0.536
1190.000 0.537
1191.000 0.537
1192.000 0.537
1193.000 0.537
1194.000 0.536
1195.000 0.536
1196.000 0.537
1197.000 0.537
1198.000 0.538
1199.000 0.538
1200.000 0.538
1201.000 0.538
1202.000 0.538
1203.000 0.539
1204.000 0.539
1205.000 0.539
1206.000 0.539
1207.000 0.540
1208.000 0.541
1209.000 0.541
1210.000 0.541
1211.000 0.541
1212.000 0.542
1213.000 0.542
1214.000 0.542
1215.000 0.544
1216.000 0.544
1217.000 0.544
1218.000 0.544
1219.000 0.545
1220.000 0.545
1221.000 0.546
1222.000 0.546
1223.000 0.546
1224.000 0.547
1225.000 0.547
1226.000 0.548
1227.000 0.549
1228.000 0.549
1229.000 0.549
1230.000 0.550
1231.000 0.550
1232.000 0.549
1233.000 0.549
1234.000 0.549
1235.000 0.550
1236.000 0.551
1237.000 0.552
1238.000 0.553
1239.000 0.553
1240.000 0.553
1241.000 0.554
1242.000 0.554
1243.000 0.554
1244.000 0.554
1245.000 0.555
1246.000 0.555
1247.000 0.555
1248.000 0.557
1249.000 0.557
1250.000 0.558
1251.000 0.559
1252.000 0.559
1253.000 0.559
1254.000 0.560
1255.000 0.559
1256.000 0.560
1257.000 0.559
1258.000 0.560
1259.000 0.560
1260.000 0.560
1261.000 0.561
1262.000 0.561
1263.000 0.561
1264.000 0.562
1265.000 0.561
1266.000 0.561
1267.000 0.562
1268.000 0.562
1269.000 0.563
1270.000 0.564
1271.000 0.564
1272.000 0.564
1273.000 0.564
1274.000 0.565
1275.000 0.565
1276.000 0.565
1277.000 0.565
1278.000 0.565
1279.000 0.565
1280.000 0.565
1281.000 0.565
1282.000 0.565
1283.000 0.566
1284.000 0.565
1285.000 0.566
1286.000 0.566
1287.000 0.566
1288.000 0.565
1289.000 0.565
1290.000 0.565
1291.000 0.565
1292.000 0.566
1293.000 0.566
1294.000 0.566
1295.000 0.565
1296.000 0.565
1297.000 0.565
1298.000 0.564
1299.000 0.565
1300.000 0.565
1301.000 0.565
1302.000 0.564
1303.000 0.563
1304.000 0.563
1305.000 0.562
1306.000 0.561
1307.000 0.561
1308.000 0.560
1309.000 0.560
1310.000 0.559
1311.000 0.559
1312.000 0.558
1313.000 0.557
1314.000 0.556
1315.000 0.556
1316.000 0.556
1317.000 0.555
1318.000 0.555
1319.000 0.554
1320.000 0.552
1321.000 0.551
1322.000 0.549
1323.000 0.548
1324.000 0.546
1325.000 0.545
1326.000 0.545
1327.000 0.544
1328.000 0.541
1329.000 0.540
1330.000 0.538
1331.000 0.537
1332.000 0.535
1333.000 0.533
1334.000 0.529
1335.000 0.527
1336.000 0.526
1337.000 0.525
1338.000 0.524
1339.000 0.523
1340.000 0.523
1341.000 0.523
1342.000 0.525
1343.000 0.524
1344.000 0.521
1345.000 0.519
1346.000 0.515
1347.000 0.511
1348.000 0.507
1349.000 0.507
1350.000 0.503
1351.000 0.498
1352.000 0.487
1353.000 0.463
1354.000 0.439
1355.000 0.419
1356.000 0.383
1357.000 0.351
1358.000 0.354
1359.000 0.338
1360.000 0.274
1361.000 0.324
1362.000 0.321
1363.000 0.257
1364.000 0.229
1365.000 0.310
1366.000 0.401
1367.000 0.408
1368.000 0.416
1369.000 0.418
1370.000 0.563
1371.000 0.328
1372.000 0.337
1373.000 0.356
1374.000 0.438
1375.000 0.303
1376.000 0.316
1377.000 0.390
1378.000 0.341
1379.000 0.275
1380.000 0.411
1381.000 0.403
1382.000 0.367
1383.000 0.385
1384.000 0.674
1385.000 0.799
1386.000 0.694
1387.000 0.679
1388.000 0.553
1389.000 0.496
1390.000 0.404
1391.000 0.501
1392.000 0.525
1393.000 0.562
1394.000 0.445
1395.000 0.492
1396.000 0.582
1397.000 0.537
1398.000 0.549
1399.000 0.563
1400.000 0.785
1401.000 0.777
1402.000 0.702
1403.000 0.709
1404.000 0.706
1405.000 0.712
1406.000 0.428
1407.000 0.383
1408.000 0.345
1409.000 0.343
1410.000 0.515
1411.000 0.439
1412.000 0.256
1413.000 0.567
1414.000 0.622
1415.000 0.548
1416.000 0.598
1417.000 0.324
1418.000 0.329
1419.000 0.278
1420.000 0.313
1421.000 0.327
1422.000 0.317
1423.000 0.239
1424.000 0.240
1425.000 0.282
1426.000 0.287
1427.000 0.324
1428.000 0.314
1429.000 0.418
1430.000 0.408
1431.000 0.353
1432.000 0.293
1433.000 0.317
1434.000 0.317
1435.000 0.349
1436.000 0.383
1437.000 0.321
1438.000 0.274
1439.000 0.220
1440.000 0.195
1441.000 0.207
1442.000 0.210
1443.000 0.200
1444.000 0.206
1445.000 0.218
1446.000 0.220
1447.000 0.227
1448.000 0.224
1449.000 0.213
1450.000 0.201
1451.000 0.189
1452.000 0.182
1453.000 0.179
1454.000 0.178
1455.000 0.181
1456.000 0.187
1457.000 0.192
1458.000 0.202
1459.000 0.202
1460.000 0.198
1461.000 0.196
1462.000 0.185
1463.000 0.186
1464.000 0.192
1465.000 0.192
1466.000 0.197
1467.000 0.192
1468.000 0.175
1469.000 0.171
1470.000 0.172
1471.000 0.174
1472.000 0.187
1473.000 0.190
1474.000 0.189
1475.000 0.188
1476.000 0.183
1477.000 0.185
1478.000 0.190
1479.000 0.195
1480.000 0.208
1481.000 0.213
1482.000 0.216
1483.000 0.218
1484.000 0.212
1485.000 0.214
1486.000 0.219
1487.000 0.224
1488.000 0.232
1489.000 0.236
1490.000 0.238
1491.000 0.238
1492.000 0.235
1493.000 0.235
1494.000 0.236
1495.000 0.238
1496.000 0.245
1497.000 0.249
1498.000 0.253
1499.000 0.254
1500.000 0.255
1501.000 0.256
1502.000 0.258
1503.000 0.260
1504.000 0.262
1505.000 0.264
1506.000 0.265
1507.000 0.265
1508.000 0.266
1509.000 0.267
1510.000 0.269
1511.000 0.272
1512.000 0.274
1513.000 0.277
1514.000 0.279
1515.000 0.281
1516.000 0.282
1517.000 0.283
1518.000 0.284
1519.000 0.285
1520.000 0.288
1521.000 0.292
1522.000 0.294
1523.000 0.297
1524.000 0.298
1525.000 0.298
1526.000 0.299
1527.000 0.299
1528.000 0.300
1529.000 0.303
1530.000 0.305
1531.000 0.308
1532.000 0.310
1533.000 0.311
1534.000 0.313
1535.000 0.314
1536.000 0.316
1537.000 0.316
1538.000 0.317
1539.000 0.316
1540.000 0.317
1541.000 0.321
1542.000 0.323
1543.000 0.325
1544.000 0.327
1545.000 0.327
1546.000 0.329
1547.000 0.330
1548.000 0.332
1549.000 0.334
1550.000 0.335
1551.000 0.337
1552.000 0.339
1553.000 0.340
1554.000 0.343
1555.000 0.344
1556.000 0.346
1557.000 0.347
1558.000 0.350
1559.000 0.351
1560.000 0.352
1561.000 0.354
1562.000 0.356
1563.000 0.357
1564.000 0.358
1565.000 0.358
1566.000 0.359
1567.000 0.360
1568.000 0.361
1569.000 0.363
1570.000 0.365
1571.000 0.365
1572.000 0.367
1573.000 0.369
1574.000 0.370
1575.000 0.372
1576.000 0.373
1577.000 0.373
1578.000 0.375
1579.000 0.376
1580.000 0.377
1581.000 0.379
1582.000 0.380
1583.000 0.381
1584.000 0.382
1585.000 0.384
1586.000 0.385
1587.000 0.388
1588.000 0.389
1589.000 0.388
1590.000 0.388
1591.000 0.388
1592.000 0.388
1593.000 0.390
1594.000 0.391
1595.000 0.391
1596.000 0.391
1597.000 0.393
1598.000 0.394
1599.000 0.396
1600.000 0.397
1601.000 0.398
1602.000 0.399
1603.000 0.399
1604.000 0.400
1605.000 0.403
1606.000 0.405
1607.000 0.405
1608.000 0.407
1609.000 0.408
1610.000 0.408
1611.000 0.409
1612.000 0.410
1613.000 0.409
1614.000 0.410
1615.000 0.410
1616.000 0.411
1617.000 0.411
1618.000 0.411
1619.000 0.412
1620.000 0.412
1621.000 0.412
1622.000 0.413
1623.000 0.414
1624.000 0.415
1625.000 0.418
1626.000 0.419
1627.000 0.419
1628.000 0.421
1629.000 0.422
1630.000 0.423
1631.000 0.423
1632.000 0.424
1633.000 0.426
1634.000 0.426
1635.000 0.425
1636.000 0.425
1637.000 0.425
1638.000 0.425
1639.000 0.428
1640.000 0.429
1641.000 0.430
1642.000 0.430
1643.000 0.429
1644.000 0.428
1645.000 0.428
1646.000 0.428
1647.000 0.431
1648.000 0.431
1649.000 0.430
1650.000 0.429
1651.000 0.429
1652.000 0.429
1653.000 0.430
1654.000 0.430
1655.000 0.429
1656.000 0.429
1657.000 0.430
1658.000 0.431
1659.000 0.433
1660.000 0.433
1661.000 0.434
1662.000 0.434
1663.000 0.434
1664.000 0.434
1665.000 0.432
1666.000 0.432
1667.000 0.432
1668.000 0.433
1669.000 0.434
1670.000 0.435
1671.000 0.435
1672.000 0.435
1673.000 0.435
1674.000 0.436
1675.000 0.436
1676.000 0.435
1677.000 0.435
1678.000 0.435
1679.000 0.435
1680.000 0.435
1681.000 0.435
1682.000 0.435
1683.000 0.436
1684.000 0.435
1685.000 0.434
1686.000 0.435
1687.000 0.436
1688.000 0.436
1689.000 0.437
1690.000 0.436
1691.000 0.433
1692.000 0.431
1693.000 0.431
1694.000 0.430
1695.000 0.430
1696.000 0.431
1697.000 0.433
1698.000 0.432
1699.000 0.431
1700.000 0.431
1701.000 0.429
1702.000 0.429
1703.000 0.429
1704.000 0.430
1705.000 0.431
1706.000 0.430
1707.000 0.430
1708.000 0.429
1709.000 0.426
1710.000 0.425
1711.000 0.424
1712.000 0.426
1713.000 0.427
1714.000 0.426
1715.000 0.425
1716.000 0.425
1717.000 0.426
1718.000 0.428
1719.000 0.427
1720.000 0.425
1721.000 0.422
1722.000 0.419
1723.000 0.419
1724.000 0.419
1725.000 0.418
1726.000 0.417
1727.000 0.415
1728.000 0.415
1729.000 0.416
1730.000 0.415
1731.000 0.416
1732.000 0.413
1733.000 0.409
1734.000 0.410
1735.000 0.410
1736.000 0.410
1737.000 0.411
1738.000 0.413
1739.000 0.413
1740.000 0.415
1741.000 0.416
1742.000 0.415
1743.000 0.414
1744.000 0.413
1745.000 0.412
1746.000 0.412
1747.000 0.410
1748.000 0.408
1749.000 0.407
1750.000 0.406
1751.000 0.404
1752.000 0.401
1753.000 0.400
1754.000 0.398
1755.000 0.397
1756.000 0.397
1757.000 0.396
1758.000 0.391
1759.000 0.390
1760.000 0.391
1761.000 0.391
1762.000 0.393
1763.000 0.394
1764.000 0.394
1765.000 0.395
1766.000 0.396
1767.000 0.395
1768.000 0.393
1769.000 0.391
1770.000 0.390
1771.000 0.388
1772.000 0.387
1773.000 0.387
1774.000 0.384
1775.000 0.384
1776.000 0.389
1777.000 0.389
1778.000 0.387
1779.000 0.382
1780.000 0.372
1781.000 0.369
1782.000 0.373
1783.000 0.381
1784.000 0.392
1785.000 0.389
1786.000 0.387
1787.000 0.372
1788.000 0.367
1789.000 0.372
1790.000 0.375
1791.000 0.379
1792.000 0.378
1793.000 0.374
1794.000 0.357
1795.000 0.368
1796.000 0.370
1797.000 0.361
1798.000 0.375
1799.000 0.365
1800.000 0.362
1801.000 0.428
1802.000 0.453
1803.000 0.513
1804.000 0.502
1805.000 0.506
1806.000 0.537
1807.000 0.585
1808.000 0.501
1809.000 0.555
1810.000 0.559
1811.000 0.572
1812.000 0.559
1813.000 0.545
1814.000 0.594
1815.000 0.657
1816.000 0.736
1817.000 0.335
1818.000 0.297
1819.000 0.368
1820.000 0.372
1821.000 0.489
1822.000 0.475
1823.000 0.479
1824.000 0.566
1825.000 0.599
1826.000 0.627
1827.000 0.600
1828.000 0.675
1829.000 0.679
1830.000 0.631
1831.000 0.588
1832.000 0.620
1833.000 0.678
1834.000 0.330
1835.000 0.368
1836.000 0.600
1837.000 0.499
1838.000 0.419
1839.000 0.398
1840.000 0.435
1841.000 0.471
1842.000 0.430
1843.000 0.402
1844.000 0.349
1845.000 0.377
1846.000 0.488
1847.000 0.438
1848.000 0.439
1849.000 0.540
1850.000 0.516
1851.000 0.491
1852.000 0.523
1853.000 0.574
1854.000 0.448
1855.000 0.480
1856.000 0.525
1857.000 0.363
1858.000 0.368
1859.000 0.434
1860.000 0.451
1861.000 0.380
1862.000 0.514
1863.000 0.589
1864.000 0.749
1865.000 0.629
1866.000 0.520
1867.000 0.446
1868.000 0.636
1869.000 0.732
1870.000 0.613
1871.000 0.466
1872.000 0.448
1873.000 0.464
1874.000 0.474
1875.000 0.471
1876.000 0.392
1877.000 0.350
1878.000 0.402
1879.000 0.451
1880.000 0.526
1881.000 0.554
1882.000 0.567
1883.000 0.644
1884.000 0.593
1885.000 0.670
1886.000 0.476
1887.000 0.586
1888.000 0.593
1889.000 0.651
1890.000 0.526
1891.000 0.327
1892.000 0.472
1893.000 0.589
1894.000 0.428
1895.000 0.351
1896.000 0.374
1897.000 0.240
1898.000 0.330
1899.000 0.426
1900.000 0.531
1901.000 0.606
1902.000 0.377
1903.000 0.354
1904.000 0.310
1905.000 0.325
1906.000 0.344
1907.000 0.342
1908.000 0.398
1909.000 0.329
1910.000 0.386
1911.000 0.426
1912.000 0.456
1913.000 0.541
1914.000 0.726
1915.000 0.614
1916.000 0.602
1917.000 0.536
1918.000 0.586
1919.000 0.667
1920.000 0.641
1921.000 0.467
1922.000 0.458
1923.000 0.487
1924.000 0.473
1925.000 0.465
1926.000 0.712
1927.000 0.708
1928.000 0.726
1929.000 0.648
1930.000 0.635
1931.000 0.550
1932.000 0.695
1933.000 0.645
1934.000 0.683
1935.000 0.560
1936.000 0.522
1937.000 0.575
1938.000 0.547
1939.000 0.424
1940.000 0.449
1941.000 0.421
1942.000 0.377
1943.000 0.436
1944.000 0.575
1945.000 0.444
1946.000 0.438
1947.000 0.464
1948.000 0.480
1949.000 0.485
1950.000 0.499
1951.000 0.543
1952.000 0.421
1953.000 0.495
1954.000 0.561
1955.000 0.496
1956.000 0.278
1957.000 0.354
1958.000 0.409
1959.000 0.456
1960.000 0.342
1961.000 0.383
1962.000 0.443
1963.000 0.421
1964.000 0.419
1965.000 0.389
1966.000 0.303
1967.000 0.309
1968.000 0.280
1969.000 0.248
1970.000 0.254
1971.000 0.191
1972.000 0.179
1973.000 0.177
1974.000 0.187
1975.000 0.185
1976.000 0.183
1977.000 0.166
1978.000 0.154
1979.000 0.144
1980.000 0.153
1981.000 0.156
1982.000 0.155
1983.000 0.184
1984.000 0.222
1985.000 0.242
1986.000 0.221
1987.000 0.164
1988.000 0.144
1989.000 0.137
1990.000 0.137
1991.000 0.145
1992.000 0.163
1993.000 0.173
1994.000 0.164
1995.000 0.172
1996.000 0.196
1997.000 0.223
1998.000 0.248
1999.000 0.261
2000.000 0.280
2001.000 0.286
2002.000 0.277
2003.000 0.265
2004.000 0.233
2005.000 0.230
2006.000 0.245
2007.000 0.276
2008.000 0.285
2009.000 0.331
2010.000 0.293
2011.000 0.260
2012.000 0.250
2013.000 0.229
2014.000 0.227
2015.000 0.207
2016.000 0.194
2017.000 0.197
2018.000 0.188
2019.000 0.179
2020.000 0.189
2021.000 0.183
2022.000 0.159
2023.000 0.152
2024.000 0.162
2025.000 0.158
2026.000 0.173
2027.000 0.175
2028.000 0.171
2029.000 0.172
2030.000 0.172
2031.000 0.172
2032.000 0.179
2033.000 0.179
2034.000 0.174
2035.000 0.176
2036.000 0.180
2037.000 0.176
2038.000 0.184
2039.000 0.186
2040.000 0.182
2041.000 0.184
2042.000 0.185
2043.000 0.183
2044.000 0.182
2045.000 0.188
2046.000 0.186
2047.000 0.177
2048.000 0.174
2049.000 0.171
2050.000 0.176
2051.000 0.182
2052.000 0.187
2053.000 0.192
2054.000 0.199
2055.000 0.194
2056.000 0.184
2057.000 0.181
2058.000 0.175
2059.000 0.170
2060.000 0.164
2061.000 0.161
2062.000 0.153
2063.000 0.155
2064.000 0.168
2065.000 0.176
2066.000 0.184
2067.000 0.198
2068.000 0.203
2069.000 0.195
2070.000 0.200
2071.000 0.199
2072.000 0.198
2073.000 0.197
2074.000 0.199
2075.000 0.195
2076.000 0.199
2077.000 0.213
2078.000 0.216
2079.000 0.209
2080.000 0.206
2081.000 0.196
2082.000 0.197
2083.000 0.202
2084.000 0.210
2085.000 0.216
2086.000 0.215
2087.000 0.214
2088.000 0.209
2089.000 0.207
2090.000 0.206
2091.000 0.204
2092.000 0.205
2093.000 0.207
2094.000 0.209
2095.000 0.212
2096.000 0.218
2097.000 0.221
2098.000 0.222
2099.000 0.228
2100.000 0.226
2101.000 0.219
2102.000 0.214
2103.000 0.211
2104.000 0.211
2105.000 0.219
2106.000 0.222
2107.000 0.224
2108.000 0.226
2109.000 0.229
2110.000 0.229
2111.000 0.231
2112.000 0.231
2113.000 0.225
2114.000 0.225
2115.000 0.225
2116.000 0.227
2117.000 0.233
2118.000 0.241
2119.000 0.246
2120.000 0.250
2121.000 0.251
2122.000 0.249
2123.000 0.248
2124.000 0.247
2125.000 0.245
2126.000 0.242
2127.000 0.241
2128.000 0.241
2129.000 0.243
2130.000 0.248
2131.000 0.251
2132.000 0.258
2133.000 0.260
2134.000 0.257
2135.000 0.253
2136.000 0.245
2137.000 0.234
2138.000 0.231
2139.000 0.229
2140.000 0.230
2141.000 0.241
2142.000 0.244
2143.000 0.246
2144.000 0.248
2145.000 0.246
2146.000 0.245
2147.000 0.246
2148.000 0.246
2149.000 0.246
2150.000 0.246
2151.000 0.243
2152.000 0.244
2153.000 0.249
2154.000 0.250
2155.000 0.254
2156.000 0.256
2157.000 0.250
2158.000 0.245
2159.000 0.239
2160.000 0.234
2161.000 0.233
2162.000 0.234
2163.000 0.236
2164.000 0.241
2165.000 0.243
2166.000 0.247
2167.000 0.249
2168.000 0.253
2169.000 0.254
2170.000 0.256
2171.000 0.255
2172.000 0.254
2173.000 0.251
2174.000 0.244
2175.000 0.241
2176.000 0.238
2177.000 0.236
2178.000 0.241
2179.000 0.247
2180.000 0.254
2181.000 0.256
2182.000 0.251
2183.000 0.248
2184.000 0.244
2185.000 0.236
2186.000 0.234
2187.000 0.237
2188.000 0.237
2189.000 0.241
2190.000 0.240
2191.000 0.236
2192.000 0.235
2193.000 0.232
2194.000 0.233
2195.000 0.237
2196.000 0.241
2197.000 0.246
2198.000 0.251
2199.000 0.255
2200.000 0.258
2201.000 0.263
2202.000 0.267
2203.000 0.261
2204.000 0.264
2205.000 0.271
2206.000 0.270
2207.000 0.277
2208.000 0.272
2209.000 0.265
2210.000 0.250
2211.000 0.245
2212.000 0.240
2213.000 0.242
2214.000 0.251
2215.000 0.255
2216.000 0.265
2217.000 0.266
2218.000 0.261
2219.000 0.256
2220.000 0.246
2221.000 0.242
2222.000 0.237
2223.000 0.236
2224.000 0.238
2225.000 0.242
2226.000 0.252
2227.000 0.261
2228.000 0.274
2229.000 0.291
2230.000 0.294
2231.000 0.289
2232.000 0.277
2233.000 0.261
2234.000 0.248
2235.000 0.243
2236.000 0.240
2237.000 0.238
2238.000 0.236
2239.000 0.234
2240.000 0.233
2241.000 0.230
2242.000 0.229
2243.000 0.230
2244.000 0.226
2245.000 0.219
2246.000 0.219
2247.000 0.217
2248.000 0.218
2249.000 0.228
2250.000 0.228
2251.000 0.218
2252.000 0.216
2253.000 0.212
2254.000 0.215
2255.000 0.226
2256.000 0.233
2257.000 0.241
2258.000 0.245
2259.000 0.256
2260.000 0.261
2261.000 0.254
2262.000 0.254
2263.000 0.235
2264.000 0.215
2265.000 0.214
2266.000 0.213
2267.000 0.221
2268.000 0.230
2269.000 0.231
2270.000 0.238
2271.000 0.242
2272.000 0.250
2273.000 0.251
2274.000 0.246
2275.000 0.241
2276.000 0.242
2277.000 0.235
2278.000 0.216
2279.000 0.210
2280.000 0.206
2281.000 0.199
2282.000 0.190
2283.000 0.184
2284.000 0.174
2285.000 0.174
2286.000 0.186
2287.000 0.191
2288.000 0.198
2289.000 0.206
2290.000 0.210
2291.000 0.215
2292.000 0.233
2293.000 0.240
2294.000 0.230
2295.000 0.229
2296.000 0.224
2297.000 0.221
2298.000 0.218
2299.000 0.208
2300.000 0.191
2301.000 0.186
2302.000 0.181
2303.000 0.168
2304.000 0.167
2305.000 0.164
2306.000 0.161
2307.000 0.158
2308.000 0.158
2309.000 0.164
2310.000 0.179
2311.000 0.188
2312.000 0.207
2313.000 0.205
2314.000 0.184
2315.000 0.179
2316.000 0.178
2317.000 0.172
2318.000 0.164
2319.000 0.143
2320.000 0.157
2321.000 0.129
2322.000 0.130
2323.000 0.142
2324.000 0.149
2325.000 0.155
2326.000 0.158
2327.000 0.147
2328.000 0.158
2329.000 0.172
2330.000 0.168
2331.000 0.158
2332.000 0.144
2333.000 0.130
2334.000 0.134
2335.000 0.155
2336.000 0.172
2337.000 0.233
2338.000 0.224
2339.000 0.240
2340.000 0.220
2341.000 0.194
2342.000 0.223
2343.000 0.217
2344.000 0.232
2345.000 0.214
2346.000 0.232
2347.000 0.242
2348.000 0.220
2349.000 0.229
2350.000 0.208
2351.000 0.179
2352.000 0.163
2353.000 0.135
2354.000 0.138
2355.000 0.127
2356.000 0.132
2357.000 0.141
2358.000 0.130
2359.000 0.112
2360.000 0.127
2361.000 0.149
2362.000 0.209
2363.000 0.137
2364.000 0.146
2365.000 0.219
2366.000 0.201
2367.000 0.140
2368.000 0.168
2369.000 0.146
2370.000 0.206
2371.000 0.232
2372.000 0.341
2373.000 0.359
2374.000 0.311
2375.000 0.226
2376.000 0.213
2377.000 0.255
2378.000 0.277
2379.000 0.305
2380.000 0.131
2381.000 0.206
2382.000 0.261
2383.000 0.188
2384.000 0.162
2385.000 0.136
2386.000 0.204
2387.000 0.253
2388.000 0.208
2389.000 0.198
2390.000 0.222
2391.000 0.312
2392.000 0.193
2393.000 0.203
2394.000 0.239
2395.000 0.137
2396.000 0.078
2397.000 0.140
2398.000 0.141
2399.000 0.170
2400.000 0.159
2401.000 0.121
2402.000 0.104
2403.000 0.179
2404.000 0.237
2405.000 0.227
2406.000 0.272
2407.000 0.261
2408.000 0.286
2409.000 0.330
2410.000 0.205
2411.000 0.283
2412.000 0.181
2413.000 0.206
2414.000 0.246
2415.000 0.206
2416.000 0.215
2417.000 0.092
2418.000 0.156
2419.000 0.317
2420.000 0.474
2421.000 0.650
2422.000 0.655
2423.000 0.554
2424.000 0.493
2425.000 0.388
2426.000 0.253
2427.000 0.345
2428.000 0.420
2429.000 0.466
2430.000 0.360
2431.000 0.243
2432.000 0.155
2433.000 0.136
2434.000 0.096
2435.000 0.170
2436.000 0.187
2437.000 0.204
2438.000 0.138
2439.000 0.139
2440.000 0.138
2441.000 0.142
2442.000 0.296
2443.000 0.274
2444.000 0.211
2445.000 0.179
2446.000 0.348
2447.000 0.177
2448.000 0.217
2449.000 0.261
2450.000 0.279
2451.000 0.201
2452.000 0.250
2453.000 0.230
2454.000 0.301
2455.000 0.314
2456.000 0.266
2457.000 0.340
2458.000 0.231
2459.000 0.178
2460.000 0.192
2461.000 0.182
2462.000 0.296
2463.000 0.473
2464.000 0.712
2465.000 0.287
2466.000 0.374
2467.000 0.499
2468.000 0.488
2469.000 0.312
2470.000 0.239
2471.000 0.330
2472.000 0.338
2473.000 0.359
2474.000 0.253
2475.000 0.415
2476.000 0.427
2477.000 0.442
2478.000 0.523
2479.000 0.550
2480.000 0.302
2481.000 0.370
2482.000 0.452
2483.000 0.567
2484.000 0.330
2485.000 0.570
2486.000 0.453
2487.000 0.325
2488.000 0.329
2489.000 0.277
2490.000 0.268
2491.000 0.236
2492.000 0.207
2493.000 0.414
2494.000 0.406
2495.000 0.424
2496.000 0.452
2497.000 0.573
2498.000 0.574
2499.000 0.507
2500.000 0.494
