391.000 0.033
392.000 0.035
393.000 0.035
394.000 0.031
395.000 0.036
396.000 0.037
397.000 0.032
398.000 0.031
399.000 0.035
400.000 0.037
401.000 0.034
402.000 0.034
403.000 0.036
404.000 0.037
405.000 0.037
406.000 0.036
407.000 0.036
408.000 0.036
409.000 0.035
410.000 0.035
411.000 0.036
412.000 0.038
413.000 0.037
414.000 0.037
415.000 0.037
416.000 0.037
417.000 0.036
418.000 0.035
419.000 0.036
420.000 0.037
421.000 0.037
422.000 0.036
423.000 0.038
424.000 0.037
425.000 0.036
426.000 0.036
427.000 0.036
428.000 0.037
429.000 0.037
430.000 0.037
431.000 0.038
432.000 0.038
433.000 0.038
434.000 0.037
435.000 0.037
436.000 0.037
437.000 0.038
438.000 0.038
439.000 0.038
440.000 0.037
441.000 0.037
442.000 0.037
443.000 0.037
444.000 0.037
445.000 0.038
446.000 0.039
447.000 0.039
448.000 0.039
449.000 0.038
450.000 0.038
451.000 0.039
452.000 0.038
453.000 0.040
454.000 0.040
455.000 0.039
456.000 0.040
457.000 0.040
458.000 0.040
459.000 0.039
460.000 0.039
461.000 0.040
462.000 0.039
463.000 0.040
464.000 0.042
465.000 0.041
466.000 0.040
467.000 0.040
468.000 0.040
469.000 0.040
470.000 0.041
471.000 0.041
472.000 0.040
473.000 0.040
474.000 0.040
475.000 0.040
476.000 0.041
477.000 0.041
478.000 0.041
479.000 0.042
480.000 0.042
481.000 0.041
482.000 0.041
483.000 0.042
484.000 0.042
485.000 0.042
486.000 0.042
487.000 0.043
488.000 0.043
489.000 0.042
490.000 0.042
491.000 0.042
492.000 0.043
493.000 0.043
494.000 0.043
495.000 0.043
496.000 0.044
497.000 0.044
498.000 0.044
499.000 0.045
500.000 0.045
501.000 0.046
502.000 0.047
503.000 0.047
504.000 0.047
505.000 0.048
506.000 0.048
507.000 0.048
508.000 0.049
509.000 0.050
510.000 0.051
511.000 0.052
512.000 0.053
513.000 0.054
514.000 0.056
515.000 0.058
516.000 0.059
517.000 0.061
518.000 0.063
519.000 0.064
520.000 0.066
521.000 0.067
522.000 0.069
523.000 0.071
524.000 0.072
525.000 0.075
526.000 0.077
527.000 0.078
528.000 0.080
529.000 0.082
530.000 0.083
531.000 0.085
532.000 0.086
533.000 0.087
534.000 0.087
535.000 0.088
536.000 0.089
537.000 0.090
538.000 0.091
539.000 0.091
540.000 0.091
541.000 0.092
542.000 0.093
543.000 0.093
544.000 0.094
545.000 0.094
546.000 0.094
547.000 0.094
548.000 0.094
549.000 0.095
550.000 0.095
551.000 0.095
552.000 0.095
553.000 0.095
554.000 0.094
555.000 0.094
556.000 0.094
557.000 0.094
558.000 0.094
559.000 0.093
560.000 0.092
561.000 0.092
562.000 0.091
563.000 0.090
564.000 0.089
565.000 0.088
566.000 0.087
567.000 0.086
568.000 0.084
569.000 0.084
570.000 0.082
571.000 0.081
572.000 0.079
573.000 0.079
574.000 0.078
575.000 0.078
576.000 0.077
577.000 0.076
578.000 0.075
579.000 0.074
580.000 0.074
581.000 0.073
582.000 0.073
583.000 0.072
584.000 0.072
585.000 0.071
586.000 0.071
587.000 0.070
588.000 0.070
589.000 0.070
590.000 0.070
591.000 0.070
592.000 0.070
593.000 0.069
594.000 0.068
595.000 0.067
596.000 0.068
597.000 0.069
598.000 0.068
599.000 0.068
600.000 0.067
601.000 0.067
602.000 0.068
603.000 0.067
604.000 0.067
605.000 0.067
606.000 0.067
607.000 0.066
608.000 0.065
609.000 0.066
610.000 0.065
611.000 0.065
612.000 0.065
613.000 0.065
614.000 0.064
615.000 0.064
616.000 0.064
617.000 0.064
618.000 0.064
619.000 0.064
620.000 0.063
621.000 0.063
622.000 0.063
623.000 0.063
624.000 0.064
625.000 0.064
626.000 0.063
627.000 0.063
628.000 0.063
629.000 0.063
630.000 0.064
631.000 0.063
632.000 0.064
633.000 0.064
634.000 0.063
635.000 0.063
636.000 0.063
637.000 0.062
638.000 0.063
639.000 0.063
640.000 0.062
641.000 0.061
642.000 0.061
643.000 0.061
644.000 0.061
645.000 0.061
646.000 0.060
647.000 0.059
648.000 0.060
649.000 0.059
650.000 0.060
651.000 0.060
652.000 0.060
653.000 0.060
654.000 0.060
655.000 0.061
656.000 0.061
657.000 0.060
658.000 0.060
659.000 0.061
660.000 0.061
661.000 0.061
662.000 0.061
663.000 0.060
664.000 0.060
665.000 0.061
666.000 0.062
667.000 0.061
668.000 0.061
669.000 0.062
670.000 0.063
671.000 0.063
672.000 0.063
673.000 0.064
674.000 0.064
675.000 0.065
676.000 0.065
677.000 0.066
678.000 0.068
679.000 0.068
680.000 0.068
681.000 0.068
682.000 0.069
683.000 0.070
684.000 0.072
685.000 0.072
686.000 0.073
687.000 0.075
688.000 0.078
689.000 0.078
690.000 0.079
691.000 0.081
692.000 0.084
693.000 0.087
694.000 0.090
695.000 0.095
696.000 0.099
697.000 0.104
698.000 0.110
699.000 0.115
700.000 0.122
701.000 0.128
702.000 0.135
703.000 0.143
704.000 0.149
705.000 0.156
706.000 0.163
707.000 0.170
708.000 0.178
709.000 0.186
710.000 0.193
711.000 0.200
712.000 0.208
713.000 0.215
714.000 0.224
715.000 0.232
716.000 0.240
717.000 0.249
718.000 0.259
719.000 0.269
720.000 0.277
721.000 0.284
722.000 0.291
723.000 0.298
724.000 0.306
725.000 0.315
726.000 0.323
727.000 0.330
728.000 0.336
729.000 0.343
730.000 0.349
731.000 0.355
732.000 0.360
733.000 0.365
734.000 0.369
735.000 0.373
736.000 0.379
737.000 0.383
738.000 0.387
739.000 0.390
740.000 0.394
741.000 0.397
742.000 0.401
743.000 0.403
744.000 0.406
745.000 0.409
746.000 0.412
747.000 0.413
748.000 0.416
749.000 0.418
750.000 0.420
751.000 0.422
752.000 0.424
753.000 0.425
754.000 0.427
755.000 0.429
756.000 0.430
757.000 0.431
758.000 0.433
759.000 0.435
760.000 0.438
761.000 0.443
762.000 0.444
763.000 0.444
764.000 0.445
765.000 0.444
766.000 0.444
767.000 0.443
768.000 0.443
769.000 0.443
770.000 0.444
771.000 0.444
772.000 0.445
773.000 0.445
774.000 0.446
775.000 0.446
776.000 0.447
777.000 0.448
778.000 0.449
779.000 0.449
780.000 0.450
781.000 0.450
782.000 0.451
783.000 0.451
784.000 0.452
785.000 0.453
786.000 0.454
787.000 0.455
788.000 0.456
789.000 0.457
790.000 0.458
791.000 0.458
792.000 0.459
793.000 0.459
794.000 0.460
795.000 0.460
796.000 0.461
797.000 0.462
798.000 0.462
799.000 0.463
800.000 0.464
801.000 0.465
802.000 0.466
803.000 0.466
804.000 0.466
805.000 0.467
806.000 0.467
807.000 0.467
808.000 0.468
809.000 0.469
810.000 0.470
811.000 0.472
812.000 0.473
813.000 0.475
814.000 0.477
815.000 0.478
816.000 0.480
817.000 0.481
818.000 0.481
819.000 0.480
820.000 0.480
821.000 0.480
822.000 0.481
823.000 0.482
824.000 0.482
825.000 0.482
826.000 0.482
827.000 0.482
828.000 0.483
829.000 0.484
830.000 0.484
831.000 0.484
832.000 0.484
833.000 0.485
834.000 0.485
835.000 0.485
836.000 0.485
837.000 0.485
838.000 0.485
839.000 0.486
840.000 0.486
841.000 0.486
842.000 0.487
843.000 0.487
844.000 0.487
845.000 0.487
846.000 0.487
847.000 0.488
848.000 0.488
849.000 0.489
850.000 0.489
851.000 0.490
852.000 0.490
853.000 0.491
854.000 0.491
855.000 0.492
856.000 0.492
857.000 0.492
858.000 0.493
859.000 0.493
860.000 0.493
861.000 0.494
862.000 0.494
863.000 0.495
864.000 0.495
865.000 0.495
866.000 0.496
867.000 0.496
868.000 0.496
869.000 0.497
870.000 0.497
871.000 0.498
872.000 0.498
873.000 0.498
874.000 0.499
875.000 0.500
876.000 0.500
877.000 0.500
878.000 0.501
879.000 0.501
880.000 0.502
881.000 0.502
882.000 0.503
883.000 0.504
884.000 0.504
885.000 0.505
886.000 0.505
887.000 0.506
888.000 0.506
889.000 0.506
890.000 0.507
891.000 0.508
892.000 0.509
893.000 0.511
894.000 0.512
895.000 0.514
896.000 0.515
897.000 0.517
898.000 0.518
899.000 0.520
900.000 0.521
901.000 0.520
902.000 0.520
903.000 0.520
904.000 0.520
905.000 0.521
906.000 0.522
907.000 0.522
908.000 0.524
909.000 0.525
910.000 0.526
911.000 0.526
912.000 0.527
913.000 0.528
914.000 0.529
915.000 0.529
916.000 0.529
917.000 0.528
918.000 0.528
919.000 0.528
920.000 0.528
921.000 0.528
922.000 0.527
923.000 0.528
924.000 0.528
925.000 0.530
926.000 0.531
927.000 0.532
928.000 0.533
929.000 0.536
930.000 0.538
931.000 0.540
932.000 0.543
933.000 0.547
934.000 0.547
935.000 0.545
936.000 0.551
937.000 0.551
938.000 0.549
939.000 0.550
940.000 0.549
941.000 0.547
942.000 0.548
943.000 0.550
944.000 0.547
945.000 0.546
946.000 0.548
947.000 0.550
948.000 0.550
949.000 0.550
950.000 0.547
951.000 0.543
952.000 0.545
953.000 0.544
954.000 0.542
955.000 0.541
956.000 0.539
957.000 0.539
958.000 0.539
959.000 0.536
960.000 0.536
961.000 0.537
962.000 0.536
963.000 0.534
964.000 0.535
965.000 0.535
966.000 0.532
967.000 0.531
968.000 0.533
969.000 0.531
970.000 0.530
971.000 0.530
972.000 0.527
973.000 0.527
974.000 0.529
975.000 0.530
976.000 0.532
977.000 0.530
978.000 0.529
979.000 0.531
980.000 0.528
981.000 0.529
982.000 0.528
983.000 0.526
984.000 0.527
985.000 0.529
986.000 0.529
987.000 0.527
988.000 0.527
989.000 0.527
990.000 0.528
991.000 0.528
992.000 0.529
993.000 0.528
994.000 0.528
995.000 0.529
996.000 0.530
997.000 0.531
998.000 0.531
999.000 0.531
1000.000 0.532
1001.000 0.537
1002.000 0.537
1003.000 0.537
1004.000 0.537
1005.000 0.538
1006.000 0.538
1007.000 0.539
1008.000 0.540
1009.000 0.540
1010.000 0.540
1011.000 0.542
1012.000 0.542
1013.000 0.542
1014.000 0.544
1015.000 0.544
1016.000 0.544
1017.000 0.545
1018.000 0.546
1019.000 0.547
1020.000 0.547
1021.000 0.547
1022.000 0.548
1023.000 0.549
1024.000 0.549
1025.000 0.550
1026.000 0.550
1027.000 0.550
1028.000 0.550
1029.000 0.551
1030.000 0.552
1031.000 0.552
1032.000 0.553
1033.000 0.554
1034.000 0.555
1035.000 0.555
1036.000 0.554
1037.000 0.555
1038.000 0.555
1039.000 0.555
1040.000 0.557
1041.000 0.558
1042.000 0.558
1043.000 0.559
1044.000 0.559
1045.000 0.560
1046.000 0.560
1047.000 0.560
1048.000 0.559
1049.000 0.560
1050.000 0.560
1051.000 0.560
1052.000 0.561
1053.000 0.562
1054.000 0.563
1055.000 0.563
1056.000 0.563
1057.000 0.564
1058.000 0.564
1059.000 0.565
1060.000 0.565
1061.000 0.566
1062.000 0.566
1063.000 0.566
1064.000 0.567
1065.000 0.567
1066.000 0.568
1067.000 0.568
1068.000 0.568
1069.000 0.569
1070.000 0.570
1071.000 0.571
1072.000 0.571
1073.000 0.572
1074.000 0.572
1075.000 0.572
1076.000 0.572
1077.000 0.572
1078.000 0.572
1079.000 0.573
1080.000 0.574
1081.000 0.574
1082.000 0.575
1083.000 0.575
1084.000 0.575
1085.000 0.575
1086.000 0.576
1087.000 0.577
1088.000 0.578
1089.000 0.579
1090.000 0.579
1091.000 0.581
1092.000 0.581
1093.000 0.582
1094.000 0.583
1095.000 0.584
1096.000 0.583
1097.000 0.584
1098.000 0.585
1099.000 0.586
1100.000 0.587
1101.000 0.588
1102.000 0.588
1103.000 0.589
1104.000 0.590
1105.000 0.591
1106.000 0.593
1107.000 0.593
1108.000 0.594
1109.000 0.596
1110.000 0.597
1111.000 0.597
1112.000 0.598
1113.000 0.597
1114.000 0.595
1115.000 0.596
1116.000 0.597
1117.000 0.599
1118.000 0.601
1119.000 0.603
1120.000 0.607
1121.000 0.611
1122.000 0.614
1123.000 0.615
1124.000 0.612
1125.000 0.610
1126.000 0.610
1127.000 0.608
1128.000 0.605
1129.000 0.605
1130.000 0.607
1131.000 0.608
1132.000 0.608
1133.000 0.610
1134.000 0.613
1135.000 0.612
1136.000 0.612
1137.000 0.610
1138.000 0.607
1139.000 0.604
1140.000 0.602
1141.000 0.601
1142.000 0.601
1143.000 0.601
1144.000 0.600
1145.000 0.600
1146.000 0.599
1147.000 0.598
1148.000 0.595
1149.000 0.593
1150.000 0.589
1151.000 0.583
1152.000 0.580
1153.000 0.576
1154.000 0.574
1155.000 0.573
1156.000 0.570
1157.000 0.569
1158.000 0.567
1159.000 0.565
1160.000 0.565
1161.000 0.563
1162.000 0.562
1163.000 0.561
1164.000 0.559
1165.000 0.558
1166.000 0.558
1167.000 0.557
1168.000 0.557
1169.000 0.558
1170.000 0.558
1171.000 0.558
1172.000 0.558
1173.000 0.557
1174.000 0.556
1175.000 0.556
1176.000 0.556
1177.000 0.556
1178.000 0.556
1179.000 0.557
1180.000 0.556
1181.000 0.555
1182.000 0.555
1183.000 0.553
1184.000 0.553
1185.000 0.554
1186.000 0.554
1187.000 0.554
1188.000 0.554
1189.000 0.554
1190.000 0.555
1191.000 0.555
1192.000 0.555
1193.000 0.555
1194.000 0.556
1195.000 0.556
1196.000 0.555
1197.000 0.555
1198.000 0.556
1199.000 0.557
1200.000 0.557
1201.000 0.558
1202.000 0.557
1203.000 0.557
1204.000 0.557
1205.000 0.557
1206.000 0.556
1207.000 0.557
1208.000 0.557
1209.000 0.558
1210.000 0.558
1211.000 0.559
1212.000 0.559
1213.000 0.559
1214.000 0.560
1215.000 0.560
1216.000 0.561
1217.000 0.561
1218.000 0.562
1219.000 0.561
1220.000 0.561
1221.000 0.561
1222.000 0.561
1223.000 0.562
1224.000 0.563
1225.000 0.564
1226.000 0.564
1227.000 0.564
1228.000 0.565
1229.000 0.565
1230.000 0.566
1231.000 0.567
1232.000 0.568
1233.000 0.568
1234.000 0.569
1235.000 0.569
1236.000 0.569
1237.000 0.569
1238.000 0.569
1239.000 0.569
1240.000 0.569
1241.000 0.570
1242.000 0.570
1243.000 0.570
1244.000 0.570
1245.000 0.571
1246.000 0.572
1247.000 0.572
1248.000 0.574
1249.000 0.575
1250.000 0.576
1251.000 0.577
1252.000 0.578
1253.000 0.577
1254.000 0.577
1255.000 0.578
1256.000 0.578
1257.000 0.578
1258.000 0.579
1259.000 0.579
1260.000 0.580
1261.000 0.580
1262.000 0.580
1263.000 0.581
1264.000 0.581
1265.000 0.581
1266.000 0.582
1267.000 0.582
1268.000 0.582
1269.000 0.583
1270.000 0.583
1271.000 0.584
1272.000 0.584
1273.000 0.585
1274.000 0.585
1275.000 0.586
1276.000 0.586
1277.000 0.586
1278.000 0.586
1279.000 0.585
1280.000 0.585
1281.000 0.585
1282.000 0.586
1283.000 0.585
1284.000 0.586
1285.000 0.586
1286.000 0.586
1287.000 0.586
1288.000 0.586
1289.000 0.586
1290.000 0.587
1291.000 0.587
1292.000 0.587
1293.000 0.587
1294.000 0.587
1295.000 0.586
1296.000 0.586
1297.000 0.586
1298.000 0.586
1299.000 0.585
1300.000 0.586
1301.000 0.586
1302.000 0.586
1303.000 0.587
1304.000 0.587
1305.000 0.586
1306.000 0.586
1307.000 0.586
1308.000 0.586
1309.000 0.586
1310.000 0.586
1311.000 0.584
1312.000 0.583
1313.000 0.582
1314.000 0.581
1315.000 0.582
1316.000 0.582
1317.000 0.582
1318.000 0.581
1319.000 0.581
1320.000 0.580
1321.000 0.579
1322.000 0.579
1323.000 0.578
1324.000 0.576
1325.000 0.575
1326.000 0.574
1327.000 0.573
1328.000 0.571
1329.000 0.570
1330.000 0.569
1331.000 0.568
1332.000 0.567
1333.000 0.567
1334.000 0.570
1335.000 0.569
1336.000 0.566
1337.000 0.564
1338.000 0.560
1339.000 0.558
1340.000 0.559
1341.000 0.559
1342.000 0.563
1343.000 0.565
1344.000 0.567
1345.000 0.569
1346.000 0.572
1347.000 0.573
1348.000 0.570
1349.000 0.562
1350.000 0.554
1351.000 0.525
1352.000 0.513
1353.000 0.534
1354.000 0.536
1355.000 0.608
1356.000 0.583
1357.000 0.521
1358.000 0.535
1359.000 0.541
1360.000 0.500
1361.000 0.421
1362.000 0.377
1363.000 0.326
1364.000 0.332
1365.000 0.501
1366.000 0.423
1367.000 0.324
1368.000 0.306
1369.000 0.293
1370.000 0.527
1371.000 0.260
1372.000 0.497
1373.000 0.593
1374.000 0.631
1375.000 0.591
1376.000 0.571
1377.000 0.751
1378.000 0.692
1379.000 0.716
1380.000 0.746
1381.000 0.606
1382.000 0.443
1383.000 0.396
1384.000 0.280
1385.000 0.216
1386.000 0.240
1387.000 0.203
1388.000 0.261
1389.000 0.249
1390.000 0.339
1391.000 0.378
1392.000 0.327
1393.000 0.316
1394.000 0.446
1395.000 0.373
1396.000 0.407
1397.000 0.400
1398.000 0.489
1399.000 0.578
1400.000 0.507
1401.000 0.412
1402.000 0.525
1403.000 0.472
1404.000 0.393
1405.000 0.430
1406.000 0.335
1407.000 0.302
1408.000 0.246
1409.000 0.279
1410.000 0.291
1411.000 0.327
1412.000 0.413
1413.000 0.427
1414.000 0.443
1415.000 0.432
1416.000 0.423
1417.000 0.309
1418.000 0.290
1419.000 0.310
1420.000 0.345
1421.000 0.350
1422.000 0.389
1423.000 0.405
1424.000 0.332
1425.000 0.298
1426.000 0.279
1427.000 0.329
1428.000 0.290
1429.000 0.279
1430.000 0.279
1431.000 0.240
1432.000 0.241
1433.000 0.235
1434.000 0.241
1435.000 0.289
1436.000 0.236
1437.000 0.312
1438.000 0.289
1439.000 0.296
1440.000 0.299
1441.000 0.298
1442.000 0.284
1443.000 0.317
1444.000 0.312
1445.000 0.252
1446.000 0.241
1447.000 0.226
1448.000 0.236
1449.000 0.237
1450.000 0.250
1451.000 0.263
1452.000 0.265
1453.000 0.260
1454.000 0.253
1455.000 0.250
1456.000 0.242
1457.000 0.240
1458.000 0.241
1459.000 0.240
1460.000 0.240
1461.000 0.240
1462.000 0.237
1463.000 0.237
1464.000 0.236
1465.000 0.230
1466.000 0.237
1467.000 0.241
1468.000 0.245
1469.000 0.251
1470.000 0.256
1471.000 0.263
1472.000 0.282
1473.000 0.284
1474.000 0.283
1475.000 0.274
1476.000 0.247
1477.000 0.242
1478.000 0.244
1479.000 0.242
1480.000 0.244
1481.000 0.248
1482.000 0.248
1483.000 0.253
1484.000 0.269
1485.000 0.274
1486.000 0.277
1487.000 0.278
1488.000 0.272
1489.000 0.270
1490.000 0.268
1491.000 0.267
1492.000 0.270
1493.000 0.270
1494.000 0.270
1495.000 0.270
1496.000 0.271
1497.000 0.271
1498.000 0.274
1499.000 0.276
1500.000 0.278
1501.000 0.280
1502.000 0.280
1503.000 0.280
1504.000 0.279
1505.000 0.279
1506.000 0.279
1507.000 0.279
1508.000 0.281
1509.000 0.285
1510.000 0.288
1511.000 0.292
1512.000 0.293
1513.000 0.293
1514.000 0.294
1515.000 0.294
1516.000 0.295
1517.000 0.297
1518.000 0.298
1519.000 0.298
1520.000 0.300
1521.000 0.302
1522.000 0.304
1523.000 0.308
1524.000 0.309
1525.000 0.310
1526.000 0.311
1527.000 0.311
1528.000 0.312
1529.000 0.313
1530.000 0.314
1531.000 0.315
1532.000 0.316
1533.000 0.317
1534.000 0.319
1535.000 0.321
1536.000 0.323
1537.000 0.324
1538.000 0.326
1539.000 0.328
1540.000 0.330
1541.000 0.333
1542.000 0.334
1543.000 0.334
1544.000 0.334
1545.000 0.335
1546.000 0.336
1547.000 0.338
1548.000 0.340
1549.000 0.342
1550.000 0.343
1551.000 0.345
1552.000 0.346
1553.000 0.346
1554.000 0.346
1555.000 0.346
1556.000 0.347
1557.000 0.350
1558.000 0.351
1559.000 0.353
1560.000 0.355
1561.000 0.356
1562.000 0.358
1563.000 0.360
1564.000 0.362
1565.000 0.363
1566.000 0.364
1567.000 0.363
1568.000 0.364
1569.000 0.366
1570.000 0.368
1571.000 0.369
1572.000 0.370
1573.000 0.370
1574.000 0.371
1575.000 0.372
1576.000 0.374
1577.000 0.376
1578.000 0.377
1579.000 0.377
1580.000 0.378
1581.000 0.379
1582.000 0.381
1583.000 0.382
1584.000 0.384
1585.000 0.387
1586.000 0.388
1587.000 0.388
1588.000 0.388
1589.000 0.388
1590.000 0.388
1591.000 0.389
1592.000 0.389
1593.000 0.392
1594.000 0.393
1595.000 0.393
1596.000 0.394
1597.000 0.393
1598.000 0.393
1599.000 0.394
1600.000 0.395
1601.000 0.396
1602.000 0.398
1603.000 0.401
1604.000 0.402
1605.000 0.404
1606.000 0.405
1607.000 0.404
1608.000 0.404
1609.000 0.406
1610.000 0.407
1611.000 0.412
1612.000 0.413
1613.000 0.412
1614.000 0.412
1615.000 0.408
1616.000 0.407
1617.000 0.407
1618.000 0.407
1619.000 0.409
1620.000 0.411
1621.000 0.412
1622.000 0.413
1623.000 0.414
1624.000 0.415
1625.000 0.415
1626.000 0.416
1627.000 0.416
1628.000 0.416
1629.000 0.418
1630.000 0.419
1631.000 0.422
1632.000 0.423
1633.000 0.422
1634.000 0.422
1635.000 0.420
1636.000 0.420
1637.000 0.420
1638.000 0.421
1639.000 0.422
1640.000 0.423
1641.000 0.425
1642.000 0.425
1643.000 0.425
1644.000 0.425
1645.000 0.425
1646.000 0.425
1647.000 0.426
1648.000 0.426
1649.000 0.425
1650.000 0.425
1651.000 0.427
1652.000 0.428
1653.000 0.429
1654.000 0.429
1655.000 0.427
1656.000 0.426
1657.000 0.426
1658.000 0.426
1659.000 0.427
1660.000 0.428
1661.000 0.430
1662.000 0.430
1663.000 0.429
1664.000 0.428
1665.000 0.426
1666.000 0.425
1667.000 0.427
1668.000 0.428
1669.000 0.428
1670.000 0.427
1671.000 0.427
1672.000 0.427
1673.000 0.427
1674.000 0.428
1675.000 0.428
1676.000 0.427
1677.000 0.427
1678.000 0.427
1679.000 0.425
1680.000 0.425
1681.000 0.425
1682.000 0.425
1683.000 0.427
1684.000 0.428
1685.000 0.429
1686.000 0.428
1687.000 0.427
1688.000 0.426
1689.000 0.425
1690.000 0.426
1691.000 0.428
1692.000 0.428
1693.000 0.427
1694.000 0.427
1695.000 0.426
1696.000 0.426
1697.000 0.428
1698.000 0.426
1699.000 0.423
1700.000 0.422
1701.000 0.420
1702.000 0.420
1703.000 0.422
1704.000 0.423
1705.000 0.424
1706.000 0.425
1707.000 0.425
1708.000 0.424
1709.000 0.421
1710.000 0.419
1711.000 0.418
1712.000 0.415
1713.000 0.413
1714.000 0.412
1715.000 0.412
1716.000 0.413
1717.000 0.416
1718.000 0.417
1719.000 0.415
1720.000 0.414
1721.000 0.411
1722.000 0.407
1723.000 0.406
1724.000 0.407
1725.000 0.409
1726.000 0.410
1727.000 0.411
1728.000 0.410
1729.000 0.408
1730.000 0.407
1731.000 0.407
1732.000 0.406
1733.000 0.405
1734.000 0.408
1735.000 0.409
1736.000 0.412
1737.000 0.412
1738.000 0.410
1739.000 0.409
1740.000 0.406
1741.000 0.405
1742.000 0.402
1743.000 0.401
1744.000 0.400
1745.000 0.400
1746.000 0.406
1747.000 0.406
1748.000 0.404
1749.000 0.403
1750.000 0.397
1751.000 0.395
1752.000 0.395
1753.000 0.393
1754.000 0.388
1755.000 0.387
1756.000 0.385
1757.000 0.384
1758.000 0.389
1759.000 0.387
1760.000 0.388
1761.000 0.390
1762.000 0.385
1763.000 0.384
1764.000 0.384
1765.000 0.384
1766.000 0.386
1767.000 0.388
1768.000 0.389
1769.000 0.389
1770.000 0.389
1771.000 0.391
1772.000 0.388
1773.000 0.385
1774.000 0.385
1775.000 0.385
1776.000 0.390
1777.000 0.393
1778.000 0.398
1779.000 0.400
1780.000 0.400
1781.000 0.407
1782.000 0.403
1783.000 0.396
1784.000 0.397
1785.000 0.386
1786.000 0.382
1787.000 0.378
1788.000 0.376
1789.000 0.384
1790.000 0.380
1791.000 0.372
1792.000 0.370
1793.000 0.363
1794.000 0.373
1795.000 0.380
1796.000 0.394
1797.000 0.418
1798.000 0.427
1799.000 0.433
1800.000 0.437
1801.000 0.606
1802.000 0.590
1803.000 0.643
1804.000 0.705
1805.000 0.723
1806.000 0.744
1807.000 0.704
1808.000 0.647
1809.000 0.602
1810.000 0.695
1811.000 0.665
1812.000 0.609
1813.000 0.578
1814.000 0.588
1815.000 0.624
1816.000 0.642
1817.000 0.603
1818.000 0.601
1819.000 0.657
1820.000 0.641
1821.000 0.615
1822.000 0.558
1823.000 0.544
1824.000 0.536
1825.000 0.470
1826.000 0.529
1827.000 0.558
1828.000 0.601
1829.000 0.478
1830.000 0.353
1831.000 0.251
1832.000 0.209
1833.000 0.214
1834.000 0.313
1835.000 0.416
1836.000 0.446
1837.000 0.475
1838.000 0.553
1839.000 0.686
1840.000 0.589
1841.000 0.585
1842.000 0.611
1843.000 0.630
1844.000 0.746
1845.000 0.687
1846.000 0.659
1847.000 0.651
1848.000 0.636
1849.000 0.523
1850.000 0.615
1851.000 0.589
1852.000 0.572
1853.000 0.481
1854.000 0.586
1855.000 0.558
1856.000 0.795
1857.000 0.754
1858.000 0.650
1859.000 0.614
1860.000 0.573
1861.000 0.545
1862.000 0.716
1863.000 0.693
1864.000 0.678
1865.000 0.705
1866.000 0.826
1867.000 0.814
1868.000 0.778
1869.000 0.721
1870.000 0.664
1871.000 0.608
1872.000 0.553
1873.000 0.452
1874.000 0.416
1875.000 0.444
1876.000 0.429
1877.000 0.405
1878.000 0.390
1879.000 0.425
1880.000 0.492
1881.000 0.479
1882.000 0.465
1883.000 0.456
1884.000 0.438
1885.000 0.418
1886.000 0.417
1887.000 0.411
1888.000 0.473
1889.000 0.407
1890.000 0.419
1891.000 0.404
1892.000 0.391
1893.000 0.449
1894.000 0.476
1895.000 0.417
1896.000 0.368
1897.000 0.562
1898.000 0.571
1899.000 0.448
1900.000 0.433
1901.000 0.554
1902.000 0.571
1903.000 0.522
1904.000 0.476
1905.000 0.504
1906.000 0.572
1907.000 0.523
1908.000 0.382
1909.000 0.557
1910.000 0.663
1911.000 0.629
1912.000 0.564
1913.000 0.597
1914.000 0.581
1915.000 0.586
1916.000 0.553
1917.000 0.635
1918.000 0.797
1919.000 0.596
1920.000 0.578
1921.000 0.706
1922.000 0.650
1923.000 0.803
1924.000 0.615
1925.000 0.609
1926.000 0.618
1927.000 0.532
1928.000 0.517
1929.000 0.539
1930.000 0.362
1931.000 0.336
1932.000 0.301
1933.000 0.280
1934.000 0.265
1935.000 0.370
1936.000 0.474
1937.000 0.520
1938.000 0.650
1939.000 0.623
1940.000 0.477
1941.000 0.426
1942.000 0.459
1943.000 0.437
1944.000 0.544
1945.000 0.404
1946.000 0.492
1947.000 0.584
1948.000 0.801
1949.000 0.889
1950.000 0.841
1951.000 0.777
1952.000 0.673
1953.000 0.558
1954.000 0.701
1955.000 0.574
1956.000 0.616
1957.000 0.566
1958.000 0.439
1959.000 0.358
1960.000 0.509
1961.000 0.463
1962.000 0.383
1963.000 0.362
1964.000 0.333
1965.000 0.330
1966.000 0.383
1967.000 0.452
1968.000 0.453
1969.000 0.402
1970.000 0.357
1971.000 0.314
1972.000 0.355
1973.000 0.379
1974.000 0.377
1975.000 0.367
1976.000 0.336
1977.000 0.319
1978.000 0.287
1979.000 0.303
1980.000 0.256
1981.000 0.237
1982.000 0.227
1983.000 0.212
1984.000 0.215
1985.000 0.237
1986.000 0.254
1987.000 0.281
1988.000 0.307
1989.000 0.354
1990.000 0.377
1991.000 0.379
1992.000 0.348
1993.000 0.314
1994.000 0.300
1995.000 0.299
1996.000 0.324
1997.000 0.334
1998.000 0.322
1999.000 0.323
2000.000 0.315
2001.000 0.307
2002.000 0.299
2003.000 0.299
2004.000 0.278
2005.000 0.312
2006.000 0.386
2007.000 0.431
2008.000 0.468
2009.000 0.513
2010.000 0.486
2011.000 0.482
2012.000 0.504
2013.000 0.443
2014.000 0.419
2015.000 0.399
2016.000 0.378
2017.000 0.384
2018.000 0.357
2019.000 0.338
2020.000 0.329
2021.000 0.317
2022.000 0.313
2023.000 0.313
2024.000 0.305
2025.000 0.291
2026.000 0.275
2027.000 0.273
2028.000 0.276
2029.000 0.275
2030.000 0.284
2031.000 0.281
2032.000 0.267
2033.000 0.256
2034.000 0.246
2035.000 0.235
2036.000 0.221
2037.000 0.219
2038.000 0.220
2039.000 0.224
2040.000 0.225
2041.000 0.227
2042.000 0.225
2043.000 0.214
2044.000 0.216
2045.000 0.226
2046.000 0.233
2047.000 0.253
2048.000 0.262
2049.000 0.263
2050.000 0.261
2051.000 0.257
2052.000 0.258
2053.000 0.263
2054.000 0.265
2055.000 0.279
2056.000 0.281
2057.000 0.271
2058.000 0.270
2059.000 0.267
2060.000 0.265
2061.000 0.264
2062.000 0.257
2063.000 0.255
2064.000 0.259
2065.000 0.260
2066.000 0.269
2067.000 0.272
2068.000 0.263
2069.000 0.258
2070.000 0.245
2071.000 0.236
2072.000 0.235
2073.000 0.242
2074.000 0.245
2075.000 0.252
2076.000 0.256
2077.000 0.254
2078.000 0.255
2079.000 0.256
2080.000 0.259
2081.000 0.256
2082.000 0.262
2083.000 0.277
2084.000 0.283
2085.000 0.283
2086.000 0.284
2087.000 0.282
2088.000 0.276
2089.000 0.269
2090.000 0.257
2091.000 0.254
2092.000 0.248
2093.000 0.250
2094.000 0.259
2095.000 0.266
2096.000 0.278
2097.000 0.282
2098.000 0.287
2099.000 0.282
2100.000 0.276
2101.000 0.273
2102.000 0.265
2103.000 0.268
2104.000 0.268
2105.000 0.269
2106.000 0.269
2107.000 0.268
2108.000 0.269
2109.000 0.274
2110.000 0.275
2111.000 0.276
2112.000 0.276
2113.000 0.269
2114.000 0.268
2115.000 0.269
2116.000 0.269
2117.000 0.270
2118.000 0.270
2119.000 0.270
2120.000 0.273
2121.000 0.272
2122.000 0.275
2123.000 0.274
2124.000 0.268
2125.000 0.267
2126.000 0.267
2127.000 0.266
2128.000 0.270
2129.000 0.272
2130.000 0.272
2131.000 0.273
2132.000 0.272
2133.000 0.272
2134.000 0.273
2135.000 0.274
2136.000 0.274
2137.000 0.279
2138.000 0.284
2139.000 0.286
2140.000 0.283
2141.000 0.282
2142.000 0.277
2143.000 0.267
2144.000 0.264
2145.000 0.262
2146.000 0.262
2147.000 0.268
2148.000 0.273
2149.000 0.278
2150.000 0.284
2151.000 0.291
2152.000 0.295
2153.000 0.297
2154.000 0.298
2155.000 0.294
2156.000 0.289
2157.000 0.289
2158.000 0.286
2159.000 0.289
2160.000 0.296
2161.000 0.296
2162.000 0.294
2163.000 0.291
2164.000 0.282
2165.000 0.280
2166.000 0.284
2167.000 0.285
2168.000 0.290
2169.000 0.291
2170.000 0.286
2171.000 0.286
2172.000 0.289
2173.000 0.291
2174.000 0.289
2175.000 0.293
2176.000 0.298
2177.000 0.304
2178.000 0.311
2179.000 0.316
2180.000 0.318
2181.000 0.318
2182.000 0.310
2183.000 0.305
2184.000 0.301
2185.000 0.292
2186.000 0.291
2187.000 0.304
2188.000 0.303
2189.000 0.298
2190.000 0.297
2191.000 0.295
2192.000 0.291
2193.000 0.291
2194.000 0.288
2195.000 0.276
2196.000 0.274
2197.000 0.282
2198.000 0.284
2199.000 0.292
2200.000 0.295
2201.000 0.287
2202.000 0.288
2203.000 0.297
2204.000 0.302
2205.000 0.316
2206.000 0.320
2207.000 0.313
2208.000 0.313
2209.000 0.310
2210.000 0.304
2211.000 0.300
2212.000 0.297
2213.000 0.290
2214.000 0.283
2215.000 0.279
2216.000 0.274
2217.000 0.274
2218.000 0.279
2219.000 0.283
2220.000 0.291
2221.000 0.297
2222.000 0.303
2223.000 0.306
2224.000 0.310
2225.000 0.309
2226.000 0.303
2227.000 0.296
2228.000 0.297
2229.000 0.297
2230.000 0.298
2231.000 0.303
2232.000 0.298
2233.000 0.289
2234.000 0.287
2235.000 0.283
2236.000 0.282
2237.000 0.288
2238.000 0.289
2239.000 0.286
2240.000 0.288
2241.000 0.293
2242.000 0.290
2243.000 0.292
2244.000 0.285
2245.000 0.264
2246.000 0.259
2247.000 0.258
2248.000 0.255
2249.000 0.257
2250.000 0.257
2251.000 0.254
2252.000 0.253
2253.000 0.256
2254.000 0.257
2255.000 0.260
2256.000 0.263
2257.000 0.265
2258.000 0.269
2259.000 0.282
2260.000 0.287
2261.000 0.290
2262.000 0.292
2263.000 0.296
2264.000 0.298
2265.000 0.285
2266.000 0.281
2267.000 0.285
2268.000 0.282
2269.000 0.280
2270.000 0.279
2271.000 0.268
2272.000 0.249
2273.000 0.244
2274.000 0.253
2275.000 0.254
2276.000 0.265
2277.000 0.265
2278.000 0.259
2279.000 0.259
2280.000 0.254
2281.000 0.253
2282.000 0.260
2283.000 0.252
2284.000 0.261
2285.000 0.270
2286.000 0.289
2287.000 0.304
2288.000 0.314
2289.000 0.319
2290.000 0.317
2291.000 0.314
2292.000 0.310
2293.000 0.307
2294.000 0.297
2295.000 0.297
2296.000 0.302
2297.000 0.291
2298.000 0.309
2299.000 0.307
2300.000 0.290
2301.000 0.277
2302.000 0.267
2303.000 0.271
2304.000 0.301
2305.000 0.300
2306.000 0.291
2307.000 0.280
2308.000 0.281
2309.000 0.253
2310.000 0.267
2311.000 0.286
2312.000 0.281
2313.000 0.278
2314.000 0.268
2315.000 0.239
2316.000 0.216
2317.000 0.209
2318.000 0.201
2319.000 0.221
2320.000 0.254
2321.000 0.267
2322.000 0.241
2323.000 0.245
2324.000 0.259
2325.000 0.267
2326.000 0.269
2327.000 0.295
2328.000 0.281
2329.000 0.238
2330.000 0.225
2331.000 0.198
2332.000 0.197
2333.000 0.233
2334.000 0.258
2335.000 0.285
2336.000 0.284
2337.000 0.255
2338.000 0.245
2339.000 0.223
2340.000 0.230
2341.000 0.249
2342.000 0.264
2343.000 0.304
2344.000 0.315
2345.000 0.376
2346.000 0.400
2347.000 0.376
2348.000 0.327
2349.000 0.359
2350.000 0.285
2351.000 0.385
2352.000 0.387
2353.000 0.380
2354.000 0.323
2355.000 0.256
2356.000 0.260
2357.000 0.219
2358.000 0.194
2359.000 0.210
2360.000 0.239
2361.000 0.234
2362.000 0.285
2363.000 0.313
2364.000 0.297
2365.000 0.324
2366.000 0.379
2367.000 0.301
2368.000 0.294
2369.000 0.368
2370.000 0.316
2371.000 0.332
2372.000 0.402
2373.000 0.490
2374.000 0.361
2375.000 0.517
2376.000 0.524
2377.000 0.515
2378.000 0.449
2379.000 0.532
2380.000 0.450
2381.000 0.343
2382.000 0.312
2383.000 0.373
2384.000 0.487
2385.000 0.459
2386.000 0.442
2387.000 0.530
2388.000 0.425
2389.000 0.473
2390.000 0.329
2391.000 0.504
2392.000 0.464
2393.000 0.323
2394.000 0.489
2395.000 0.322
2396.000 0.303
2397.000 0.333
2398.000 0.440
2399.000 0.506
2400.000 0.614
2401.000 0.564
2402.000 0.561
2403.000 0.663
2404.000 0.500
2405.000 0.670
2406.000 0.413
2407.000 0.526
2408.000 0.555
2409.000 0.383
2410.000 0.552
2411.000 0.396
2412.000 0.389
2413.000 0.358
2414.000 0.297
2415.000 0.398
2416.000 0.268
2417.000 0.412
2418.000 0.483
2419.000 0.320
2420.000 0.487
2421.000 0.500
2422.000 0.503
2423.000 0.382
2424.000 0.339
2425.000 0.290
2426.000 0.341
2427.000 0.280
2428.000 0.391
2429.000 0.473
2430.000 0.533
2431.000 0.563
2432.000 0.417
2433.000 0.383
2434.000 0.501
2435.000 0.551
2436.000 0.525
2437.000 0.379
2438.000 0.501
2439.000 0.505
2440.000 0.494
2441.000 0.566
2442.000 0.661
2443.000 0.631
2444.000 0.496
2445.000 0.384
2446.000 0.373
2447.000 0.410
2448.000 0.463
2449.000 0.425
2450.000 0.466
2451.000 0.434
2452.000 0.444
2453.000 0.367
2454.000 0.548
2455.000 0.571
2456.000 0.448
2457.000 0.314
2458.000 0.159
2459.000 0.262
2460.000 0.395
2461.000 0.359
2462.000 0.513
2463.000 0.392
2464.000 0.274
2465.000 0.282
2466.000 0.458
2467.000 0.389
2468.000 0.468
2469.000 0.510
2470.000 0.372
2471.000 0.284
2472.000 0.231
2473.000 0.323
2474.000 0.328
2475.000 0.627
2476.000 0.412
2477.000 0.447
2478.000 0.229
2479.000 0.497
2480.000 0.494
2481.000 0.852
2482.000 0.428
2483.000 0.471
2484.000 0.414
2485.000 0.441
2486.000 0.547
2487.000 0.389
2488.000 0.297
2489.000 0.187
2490.000 0.179
2491.000 0.199
2492.000 0.241
2493.000 0.405
2494.000 0.669
2495.000 0.507
2496.000 0.471
2497.000 0.531
2498.000 0.372
2499.000 0.289
2500.000 0.295
