391.000 0.042
392.000 0.043
393.000 0.044
394.000 0.040
395.000 0.045
396.000 0.046
397.000 0.042
398.000 0.042
399.000 0.046
400.000 0.047
401.000 0.045
402.000 0.045
403.000 0.046
404.000 0.046
405.000 0.046
406.000 0.043
407.000 0.044
408.000 0.049
409.000 0.045
410.000 0.045
411.000 0.046
412.000 0.047
413.000 0.046
414.000 0.046
415.000 0.046
416.000 0.045
417.000 0.044
418.000 0.044
419.000 0.046
420.000 0.047
421.000 0.045
422.000 0.045
423.000 0.047
424.000 0.047
425.000 0.047
426.000 0.045
427.000 0.044
428.000 0.046
429.000 0.047
430.000 0.046
431.000 0.045
432.000 0.046
433.000 0.047
434.000 0.048
435.000 0.045
436.000 0.046
437.000 0.047
438.000 0.046
439.000 0.046
440.000 0.046
441.000 0.045
442.000 0.046
443.000 0.045
444.000 0.045
445.000 0.046
446.000 0.046
447.000 0.047
448.000 0.047
449.000 0.046
450.000 0.046
451.000 0.046
452.000 0.046
453.000 0.047
454.000 0.047
455.000 0.047
456.000 0.048
457.000 0.047
458.000 0.047
459.000 0.047
460.000 0.047
461.000 0.048
462.000 0.048
463.000 0.048
464.000 0.048
465.000 0.048
466.000 0.047
467.000 0.046
468.000 0.047
469.000 0.047
470.000 0.047
471.000 0.049
472.000 0.049
473.000 0.048
474.000 0.049
475.000 0.048
476.000 0.048
477.000 0.048
478.000 0.047
479.000 0.049
480.000 0.050
481.000 0.048
482.000 0.047
483.000 0.048
484.000 0.049
485.000 0.050
486.000 0.050
487.000 0.050
488.000 0.050
489.000 0.050
490.000 0.049
491.000 0.048
492.000 0.049
493.000 0.050
494.000 0.050
495.000 0.050
496.000 0.050
497.000 0.051
498.000 0.051
499.000 0.050
500.000 0.051
501.000 0.052
502.000 0.053
503.000 0.054
504.000 0.054
505.000 0.054
506.000 0.054
507.000 0.055
508.000 0.055
509.000 0.055
510.000 0.058
511.000 0.058
512.000 0.059
513.000 0.060
514.000 0.061
515.000 0.064
516.000 0.065
517.000 0.067
518.000 0.069
519.000 0.070
520.000 0.072
521.000 0.074
522.000 0.075
523.000 0.077
524.000 0.078
525.000 0.081
526.000 0.083
527.000 0.085
528.000 0.087
529.000 0.089
530.000 0.090
531.000 0.091
532.000 0.093
533.000 0.093
534.000 0.095
535.000 0.096
536.000 0.096
537.000 0.098
538.000 0.099
539.000 0.098
540.000 0.099
541.000 0.100
542.000 0.100
543.000 0.100
544.000 0.101
545.000 0.101
546.000 0.101
547.000 0.101
548.000 0.101
549.000 0.102
550.000 0.102
551.000 0.102
552.000 0.103
553.000 0.103
554.000 0.102
555.000 0.102
556.000 0.102
557.000 0.102
558.000 0.101
559.000 0.100
560.000 0.100
561.000 0.100
562.000 0.099
563.000 0.098
564.000 0.096
565.000 0.095
566.000 0.093
567.000 0.093
568.000 0.091
569.000 0.091
570.000 0.089
571.000 0.087
572.000 0.086
573.000 0.085
574.000 0.084
575.000 0.083
576.000 0.083
577.000 0.082
578.000 0.081
579.000 0.080
580.000 0.080
581.000 0.079
582.000 0.078
583.000 0.078
584.000 0.077
585.000 0.076
586.000 0.076
587.000 0.076
588.000 0.076
589.000 0.076
590.000 0.075
591.000 0.075
592.000 0.074
593.000 0.074
594.000 0.073
595.000 0.073
596.000 0.073
597.000 0.074
598.000 0.073
599.000 0.073
600.000 0.073
601.000 0.072
602.000 0.073
603.000 0.072
604.000 0.071
605.000 0.072
606.000 0.071
607.000 0.071
608.000 0.071
609.000 0.070
610.000 0.070
611.000 0.070
612.000 0.070
613.000 0.069
614.000 0.068
615.000 0.068
616.000 0.069
617.000 0.067
618.000 0.067
619.000 0.068
620.000 0.068
621.000 0.067
622.000 0.067
623.000 0.068
624.000 0.068
625.000 0.068
626.000 0.068
627.000 0.068
628.000 0.068
629.000 0.068
630.000 0.067
631.000 0.067
632.000 0.068
633.000 0.068
634.000 0.067
635.000 0.067
636.000 0.066
637.000 0.066
638.000 0.068
639.000 0.068
640.000 0.065
641.000 0.065
642.000 0.065
643.000 0.064
644.000 0.064
645.000 0.066
646.000 0.065
647.000 0.063
648.000 0.064
649.000 0.064
650.000 0.064
651.000 0.064
652.000 0.064
653.000 0.063
654.000 0.064
655.000 0.065
656.000 0.065
657.000 0.063
658.000 0.063
659.000 0.065
660.000 0.065
661.000 0.064
662.000 0.065
663.000 0.065
664.000 0.065
665.000 0.066
666.000 0.065
667.000 0.065
668.000 0.065
669.000 0.066
670.000 0.067
671.000 0.067
672.000 0.067
673.000 0.068
674.000 0.068
675.000 0.069
676.000 0.070
677.000 0.071
678.000 0.071
679.000 0.072
680.000 0.072
681.000 0.072
682.000 0.073
683.000 0.075
684.000 0.077
685.000 0.077
686.000 0.078
687.000 0.080
688.000 0.082
689.000 0.082
690.000 0.084
691.000 0.087
692.000 0.089
693.000 0.092
694.000 0.095
695.000 0.100
696.000 0.104
697.000 0.109
698.000 0.115
699.000 0.121
700.000 0.128
701.000 0.136
702.000 0.142
703.000 0.150
704.000 0.156
705.000 0.164
706.000 0.171
707.000 0.178
708.000 0.186
709.000 0.194
710.000 0.202
711.000 0.209
712.000 0.216
713.000 0.225
714.000 0.232
715.000 0.240
716.000 0.247
717.000 0.256
718.000 0.266
719.000 0.275
720.000 0.283
721.000 0.290
722.000 0.297
723.000 0.304
724.000 0.312
725.000 0.319
726.000 0.327
727.000 0.334
728.000 0.340
729.000 0.346
730.000 0.352
731.000 0.358
732.000 0.363
733.000 0.368
734.000 0.372
735.000 0.377
736.000 0.382
737.000 0.386
738.000 0.389
739.000 0.393
740.000 0.396
741.000 0.399
742.000 0.402
743.000 0.405
744.000 0.407
745.000 0.410
746.000 0.413
747.000 0.414
748.000 0.416
749.000 0.418
750.000 0.420
751.000 0.422
752.000 0.424
753.000 0.425
754.000 0.426
755.000 0.428
756.000 0.429
757.000 0.430
758.000 0.431
759.000 0.432
760.000 0.434
761.000 0.438
762.000 0.439
763.000 0.439
764.000 0.440
765.000 0.440
766.000 0.440
767.000 0.439
768.000 0.439
769.000 0.439
770.000 0.440
771.000 0.441
772.000 0.441
773.000 0.442
774.000 0.442
775.000 0.442
776.000 0.443
777.000 0.443
778.000 0.444
779.000 0.445
780.000 0.445
781.000 0.446
782.000 0.446
783.000 0.446
784.000 0.447
785.000 0.447
786.000 0.448
787.000 0.449
788.000 0.450
789.000 0.450
790.000 0.451
791.000 0.451
792.000 0.452
793.000 0.452
794.000 0.453
795.000 0.453
796.000 0.454
797.000 0.454
798.000 0.455
799.000 0.455
800.000 0.456
801.000 0.456
802.000 0.457
803.000 0.457
804.000 0.457
805.000 0.458
806.000 0.458
807.000 0.459
808.000 0.459
809.000 0.460
810.000 0.461
811.000 0.462
812.000 0.463
813.000 0.463
814.000 0.464
815.000 0.466
816.000 0.466
817.000 0.467
818.000 0.467
819.000 0.467
820.000 0.468
821.000 0.468
822.000 0.468
823.000 0.469
824.000 0.469
825.000 0.469
826.000 0.469
827.000 0.470
828.000 0.470
829.000 0.471
830.000 0.471
831.000 0.471
832.000 0.471
833.000 0.471
834.000 0.472
835.000 0.472
836.000 0.472
837.000 0.472
838.000 0.473
839.000 0.473
840.000 0.473
841.000 0.473
842.000 0.474
843.000 0.474
844.000 0.474
845.000 0.474
846.000 0.475
847.000 0.475
848.000 0.476
849.000 0.475
850.000 0.476
851.000 0.477
852.000 0.477
853.000 0.477
854.000 0.478
855.000 0.478
856.000 0.478
857.000 0.478
858.000 0.479
859.000 0.479
860.000 0.479
861.000 0.480
862.000 0.480
863.000 0.480
864.000 0.480
865.000 0.480
866.000 0.481
867.000 0.481
868.000 0.481
869.000 0.481
870.000 0.482
871.000 0.482
872.000 0.483
873.000 0.483
874.000 0.484
875.000 0.484
876.000 0.484
877.000 0.485
878.000 0.485
879.000 0.485
880.000 0.486
881.000 0.486
882.000 0.487
883.000 0.487
884.000 0.488
885.000 0.488
886.000 0.488
887.000 0.489
888.000 0.490
889.000 0.490
890.000 0.490
891.000 0.491
892.000 0.492
893.000 0.492
894.000 0.493
895.000 0.495
896.000 0.496
897.000 0.496
898.000 0.497
899.000 0.498
900.000 0.499
901.000 0.499
902.000 0.499
903.000 0.499
904.000 0.500
905.000 0.500
906.000 0.501
907.000 0.501
908.000 0.502
909.000 0.502
910.000 0.503
911.000 0.503
912.000 0.504
913.000 0.505
914.000 0.505
915.000 0.506
916.000 0.505
917.000 0.506
918.000 0.506
919.000 0.506
920.000 0.506
921.000 0.506
922.000 0.506
923.000 0.506
924.000 0.506
925.000 0.507
926.000 0.508
927.000 0.508
928.000 0.509
929.000 0.510
930.000 0.511
931.000 0.513
932.000 0.513
933.000 0.516
934.000 0.515
935.000 0.512
936.000 0.516
937.000 0.519
938.000 0.518
939.000 0.516
940.000 0.518
941.000 0.516
942.000 0.517
943.000 0.518
944.000 0.517
945.000 0.516
946.000 0.515
947.000 0.516
948.000 0.516
949.000 0.518
950.000 0.517
951.000 0.515
952.000 0.516
953.000 0.515
954.000 0.515
955.000 0.515
956.000 0.515
957.000 0.514
958.000 0.512
959.000 0.510
960.000 0.509
961.000 0.512
962.000 0.511
963.000 0.509
964.000 0.510
965.000 0.511
966.000 0.510
967.000 0.510
968.000 0.511
969.000 0.510
970.000 0.509
971.000 0.509
972.000 0.508
973.000 0.509
974.000 0.511
975.000 0.510
976.000 0.510
977.000 0.510
978.000 0.511
979.000 0.511
980.000 0.511
981.000 0.511
982.000 0.510
983.000 0.509
984.000 0.509
985.000 0.511
986.000 0.512
987.000 0.511
988.000 0.510
989.000 0.510
990.000 0.511
991.000 0.511
992.000 0.512
993.000 0.513
994.000 0.512
995.000 0.510
996.000 0.513
997.000 0.515
998.000 0.515
999.000 0.514
1000.000 0.515
1001.000 0.520
1002.000 0.520
1003.000 0.519
1004.000 0.520
1005.000 0.520
1006.000 0.519
1007.000 0.519
1008.000 0.520
1009.000 0.520
1010.000 0.522
1011.000 0.523
1012.000 0.523
1013.000 0.524
1014.000 0.525
1015.000 0.525
1016.000 0.525
1017.000 0.526
1018.000 0.526
1019.000 0.527
1020.000 0.528
1021.000 0.529
1022.000 0.529
1023.000 0.530
1024.000 0.529
1025.000 0.530
1026.000 0.530
1027.000 0.531
1028.000 0.531
1029.000 0.532
1030.000 0.533
1031.000 0.532
1032.000 0.532
1033.000 0.533
1034.000 0.533
1035.000 0.534
1036.000 0.535
1037.000 0.535
1038.000 0.535
1039.000 0.535
1040.000 0.536
1041.000 0.536
1042.000 0.537
1043.000 0.537
1044.000 0.537
1045.000 0.538
1046.000 0.538
1047.000 0.538
1048.000 0.538
1049.000 0.539
1050.000 0.539
1051.000 0.539
1052.000 0.539
1053.000 0.540
1054.000 0.541
1055.000 0.541
1056.000 0.540
1057.000 0.541
1058.000 0.541
1059.000 0.542
1060.000 0.542
1061.000 0.544
1062.000 0.544
1063.000 0.544
1064.000 0.544
1065.000 0.544
1066.000 0.544
1067.000 0.545
1068.000 0.545
1069.000 0.545
1070.000 0.546
1071.000 0.546
1072.000 0.547
1073.000 0.547
1074.000 0.548
1075.000 0.547
1076.000 0.548
1077.000 0.548
1078.000 0.548
1079.000 0.548
1080.000 0.549
1081.000 0.549
1082.000 0.550
1083.000 0.550
1084.000 0.550
1085.000 0.550
1086.000 0.551
1087.000 0.552
1088.000 0.552
1089.000 0.553
1090.000 0.553
1091.000 0.554
1092.000 0.554
1093.000 0.554
1094.000 0.554
1095.000 0.555
1096.000 0.555
1097.000 0.555
1098.000 0.556
1099.000 0.557
1100.000 0.557
1101.000 0.558
1102.000 0.557
1103.000 0.558
1104.000 0.558
1105.000 0.559
1106.000 0.559
1107.000 0.560
1108.000 0.561
1109.000 0.562
1110.000 0.562
1111.000 0.562
1112.000 0.563
1113.000 0.561
1114.000 0.561
1115.000 0.563
1116.000 0.563
1117.000 0.564
1118.000 0.565
1119.000 0.564
1120.000 0.565
1121.000 0.567
1122.000 0.568
1123.000 0.570
1124.000 0.570
1125.000 0.570
1126.000 0.568
1127.000 0.568
1128.000 0.568
1129.000 0.569
1130.000 0.572
1131.000 0.575
1132.000 0.576
1133.000 0.575
1134.000 0.573
1135.000 0.570
1136.000 0.569
1137.000 0.568
1138.000 0.566
1139.000 0.565
1140.000 0.565
1141.000 0.564
1142.000 0.564
1143.000 0.566
1144.000 0.566
1145.000 0.563
1146.000 0.562
1147.000 0.561
1148.000 0.559
1149.000 0.557
1150.000 0.555
1151.000 0.552
1152.000 0.550
1153.000 0.549
1154.000 0.549
1155.000 0.548
1156.000 0.547
1157.000 0.546
1158.000 0.544
1159.000 0.544
1160.000 0.544
1161.000 0.544
1162.000 0.543
1163.000 0.542
1164.000 0.542
1165.000 0.541
1166.000 0.541
1167.000 0.540
1168.000 0.540
1169.000 0.540
1170.000 0.540
1171.000 0.541
1172.000 0.541
1173.000 0.540
1174.000 0.540
1175.000 0.541
1176.000 0.540
1177.000 0.540
1178.000 0.540
1179.000 0.540
1180.000 0.540
1181.000 0.540
1182.000 0.540
1183.000 0.540
1184.000 0.539
1185.000 0.539
1186.000 0.539
1187.000 0.539
1188.000 0.539
1189.000 0.539
1190.000 0.539
1191.000 0.540
1192.000 0.541
1193.000 0.541
1194.000 0.541
1195.000 0.541
1196.000 0.541
1197.000 0.541
1198.000 0.541
1199.000 0.541
1200.000 0.541
1201.000 0.542
1202.000 0.543
1203.000 0.543
1204.000 0.544
1205.000 0.544
1206.000 0.544
1207.000 0.543
1208.000 0.543
1209.000 0.543
1210.000 0.543
1211.000 0.544
1212.000 0.545
1213.000 0.545
1214.000 0.546
1215.000 0.547
1216.000 0.547
1217.000 0.547
1218.000 0.548
1219.000 0.548
1220.000 0.548
1221.000 0.549
1222.000 0.549
1223.000 0.550
1224.000 0.550
1225.000 0.551
1226.000 0.551
1227.000 0.552
1228.000 0.552
1229.000 0.552
1230.000 0.553
1231.000 0.554
1232.000 0.554
1233.000 0.554
1234.000 0.555
1235.000 0.556
1236.000 0.556
1237.000 0.556
1238.000 0.557
1239.000 0.557
1240.000 0.558
1241.000 0.559
1242.000 0.558
1243.000 0.558
1244.000 0.558
1245.000 0.559
1246.000 0.560
1247.000 0.560
1248.000 0.561
1249.000 0.562
1250.000 0.563
1251.000 0.563
1252.000 0.564
1253.000 0.564
1254.000 0.564
1255.000 0.564
1256.000 0.565
1257.000 0.565
1258.000 0.565
1259.000 0.566
1260.000 0.566
1261.000 0.567
1262.000 0.567
1263.000 0.567
1264.000 0.567
1265.000 0.567
1266.000 0.567
1267.000 0.568
1268.000 0.568
1269.000 0.569
1270.000 0.569
1271.000 0.570
1272.000 0.570
1273.000 0.571
1274.000 0.571
1275.000 0.571
1276.000 0.571
1277.000 0.571
1278.000 0.571
1279.000 0.571
1280.000 0.571
1281.000 0.571
1282.000 0.571
1283.000 0.571
1284.000 0.571
1285.000 0.571
1286.000 0.571
1287.000 0.571
1288.000 0.571
1289.000 0.571
1290.000 0.572
1291.000 0.572
1292.000 0.572
1293.000 0.572
1294.000 0.571
1295.000 0.570
1296.000 0.570
1297.000 0.570
1298.000 0.570
1299.000 0.570
1300.000 0.570
1301.000 0.570
1302.000 0.571
1303.000 0.570
1304.000 0.570
1305.000 0.568
1306.000 0.568
1307.000 0.567
1308.000 0.567
1309.000 0.567
1310.000 0.567
1311.000 0.565
1312.000 0.565
1313.000 0.564
1314.000 0.563
1315.000 0.563
1316.000 0.563
1317.000 0.562
1318.000 0.561
1319.000 0.561
1320.000 0.560
1321.000 0.560
1322.000 0.560
1323.000 0.559
1324.000 0.558
1325.000 0.557
1326.000 0.556
1327.000 0.555
1328.000 0.555
1329.000 0.553
1330.000 0.551
1331.000 0.550
1332.000 0.547
1333.000 0.545
1334.000 0.544
1335.000 0.542
1336.000 0.538
1337.000 0.537
1338.000 0.535
1339.000 0.534
1340.000 0.535
1341.000 0.536
1342.000 0.536
1343.000 0.536
1344.000 0.535
1345.000 0.534
1346.000 0.533
1347.000 0.530
1348.000 0.527
1349.000 0.520
1350.000 0.515
1351.000 0.510
1352.000 0.503
1353.000 0.516
1354.000 0.515
1355.000 0.511
1356.000 0.510
1357.000 0.467
1358.000 0.447
1359.000 0.408
1360.000 0.424
1361.000 0.402
1362.000 0.366
1363.000 0.417
1364.000 0.520
1365.000 0.739
1366.000 0.744
1367.000 0.547
1368.000 0.489
1369.000 0.614
1370.000 0.801
1371.000 0.341
1372.000 0.481
1373.000 0.427
1374.000 0.409
1375.000 0.556
1376.000 0.486
1377.000 0.562
1378.000 0.344
1379.000 0.364
1380.000 0.472
1381.000 0.614
1382.000 0.677
1383.000 0.437
1384.000 0.200
1385.000 0.350
1386.000 0.326
1387.000 0.264
1388.000 0.268
1389.000 0.297
1390.000 0.371
1391.000 0.398
1392.000 0.617
1393.000 0.491
1394.000 0.398
1395.000 0.315
1396.000 0.234
1397.000 0.307
1398.000 0.433
1399.000 0.388
1400.000 0.422
1401.000 0.395
1402.000 0.331
1403.000 0.272
1404.000 0.280
1405.000 0.309
1406.000 0.248
1407.000 0.232
1408.000 0.199
1409.000 0.200
1410.000 0.293
1411.000 0.284
1412.000 0.439
1413.000 0.543
1414.000 0.499
1415.000 0.296
1416.000 0.245
1417.000 0.213
1418.000 0.237
1419.000 0.297
1420.000 0.309
1421.000 0.283
1422.000 0.270
1423.000 0.199
1424.000 0.234
1425.000 0.241
1426.000 0.248
1427.000 0.246
1428.000 0.254
1429.000 0.239
1430.000 0.227
1431.000 0.177
1432.000 0.170
1433.000 0.162
1434.000 0.165
1435.000 0.187
1436.000 0.200
1437.000 0.204
1438.000 0.205
1439.000 0.172
1440.000 0.172
1441.000 0.185
1442.000 0.200
1443.000 0.238
1444.000 0.240
1445.000 0.211
1446.000 0.206
1447.000 0.194
1448.000 0.191
1449.000 0.212
1450.000 0.228
1451.000 0.247
1452.000 0.254
1453.000 0.248
1454.000 0.229
1455.000 0.222
1456.000 0.211
1457.000 0.211
1458.000 0.218
1459.000 0.223
1460.000 0.232
1461.000 0.235
1462.000 0.242
1463.000 0.243
1464.000 0.243
1465.000 0.236
1466.000 0.218
1467.000 0.212
1468.000 0.207
1469.000 0.208
1470.000 0.226
1471.000 0.230
1472.000 0.229
1473.000 0.227
1474.000 0.217
1475.000 0.213
1476.000 0.204
1477.000 0.205
1478.000 0.211
1479.000 0.216
1480.000 0.226
1481.000 0.232
1482.000 0.234
1483.000 0.238
1484.000 0.245
1485.000 0.247
1486.000 0.249
1487.000 0.252
1488.000 0.253
1489.000 0.254
1490.000 0.253
1491.000 0.254
1492.000 0.255
1493.000 0.256
1494.000 0.258
1495.000 0.259
1496.000 0.258
1497.000 0.259
1498.000 0.261
1499.000 0.263
1500.000 0.265
1501.000 0.267
1502.000 0.267
1503.000 0.266
1504.000 0.267
1505.000 0.268
1506.000 0.269
1507.000 0.272
1508.000 0.274
1509.000 0.276
1510.000 0.278
1511.000 0.281
1512.000 0.284
1513.000 0.287
1514.000 0.289
1515.000 0.290
1516.000 0.291
1517.000 0.291
1518.000 0.293
1519.000 0.294
1520.000 0.296
1521.000 0.298
1522.000 0.299
1523.000 0.300
1524.000 0.301
1525.000 0.303
1526.000 0.304
1527.000 0.305
1528.000 0.307
1529.000 0.308
1530.000 0.309
1531.000 0.309
1532.000 0.310
1533.000 0.310
1534.000 0.312
1535.000 0.314
1536.000 0.316
1537.000 0.318
1538.000 0.319
1539.000 0.320
1540.000 0.322
1541.000 0.325
1542.000 0.326
1543.000 0.328
1544.000 0.329
1545.000 0.331
1546.000 0.333
1547.000 0.335
1548.000 0.337
1549.000 0.336
1550.000 0.337
1551.000 0.338
1552.000 0.338
1553.000 0.339
1554.000 0.339
1555.000 0.341
1556.000 0.342
1557.000 0.345
1558.000 0.348
1559.000 0.350
1560.000 0.352
1561.000 0.352
1562.000 0.354
1563.000 0.355
1564.000 0.356
1565.000 0.358
1566.000 0.360
1567.000 0.361
1568.000 0.362
1569.000 0.364
1570.000 0.365
1571.000 0.365
1572.000 0.365
1573.000 0.365
1574.000 0.366
1575.000 0.368
1576.000 0.369
1577.000 0.372
1578.000 0.373
1579.000 0.375
1580.000 0.377
1581.000 0.379
1582.000 0.381
1583.000 0.382
1584.000 0.384
1585.000 0.386
1586.000 0.387
1587.000 0.386
1588.000 0.386
1589.000 0.386
1590.000 0.387
1591.000 0.390
1592.000 0.391
1593.000 0.393
1594.000 0.393
1595.000 0.392
1596.000 0.392
1597.000 0.392
1598.000 0.393
1599.000 0.395
1600.000 0.397
1601.000 0.399
1602.000 0.401
1603.000 0.403
1604.000 0.404
1605.000 0.405
1606.000 0.406
1607.000 0.406
1608.000 0.406
1609.000 0.406
1610.000 0.407
1611.000 0.409
1612.000 0.410
1613.000 0.412
1614.000 0.413
1615.000 0.412
1616.000 0.412
1617.000 0.412
1618.000 0.412
1619.000 0.412
1620.000 0.412
1621.000 0.413
1622.000 0.414
1623.000 0.416
1624.000 0.417
1625.000 0.419
1626.000 0.419
1627.000 0.418
1628.000 0.418
1629.000 0.418
1630.000 0.419
1631.000 0.421
1632.000 0.422
1633.000 0.421
1634.000 0.422
1635.000 0.422
1636.000 0.422
1637.000 0.423
1638.000 0.423
1639.000 0.423
1640.000 0.424
1641.000 0.423
1642.000 0.423
1643.000 0.425
1644.000 0.426
1645.000 0.428
1646.000 0.429
1647.000 0.428
1648.000 0.428
1649.000 0.427
1650.000 0.427
1651.000 0.428
1652.000 0.429
1653.000 0.429
1654.000 0.429
1655.000 0.428
1656.000 0.428
1657.000 0.430
1658.000 0.431
1659.000 0.432
1660.000 0.433
1661.000 0.432
1662.000 0.432
1663.000 0.431
1664.000 0.430
1665.000 0.429
1666.000 0.429
1667.000 0.431
1668.000 0.431
1669.000 0.431
1670.000 0.432
1671.000 0.431
1672.000 0.431
1673.000 0.430
1674.000 0.429
1675.000 0.429
1676.000 0.429
1677.000 0.429
1678.000 0.429
1679.000 0.428
1680.000 0.427
1681.000 0.428
1682.000 0.428
1683.000 0.430
1684.000 0.430
1685.000 0.429
1686.000 0.429
1687.000 0.428
1688.000 0.429
1689.000 0.431
1690.000 0.432
1691.000 0.434
1692.000 0.434
1693.000 0.432
1694.000 0.431
1695.000 0.431
1696.000 0.430
1697.000 0.431
1698.000 0.430
1699.000 0.428
1700.000 0.427
1701.000 0.426
1702.000 0.426
1703.000 0.425
1704.000 0.425
1705.000 0.425
1706.000 0.425
1707.000 0.426
1708.000 0.425
1709.000 0.422
1710.000 0.422
1711.000 0.420
1712.000 0.419
1713.000 0.419
1714.000 0.419
1715.000 0.419
1716.000 0.418
1717.000 0.418
1718.000 0.416
1719.000 0.414
1720.000 0.414
1721.000 0.414
1722.000 0.414
1723.000 0.414
1724.000 0.414
1725.000 0.414
1726.000 0.414
1727.000 0.417
1728.000 0.417
1729.000 0.417
1730.000 0.416
1731.000 0.415
1732.000 0.413
1733.000 0.411
1734.000 0.411
1735.000 0.410
1736.000 0.409
1737.000 0.409
1738.000 0.406
1739.000 0.405
1740.000 0.405
1741.000 0.404
1742.000 0.399
1743.000 0.399
1744.000 0.403
1745.000 0.404
1746.000 0.407
1747.000 0.407
1748.000 0.402
1749.000 0.400
1750.000 0.400
1751.000 0.398
1752.000 0.396
1753.000 0.394
1754.000 0.389
1755.000 0.388
1756.000 0.389
1757.000 0.390
1758.000 0.393
1759.000 0.391
1760.000 0.389
1761.000 0.388
1762.000 0.384
1763.000 0.383
1764.000 0.382
1765.000 0.381
1766.000 0.385
1767.000 0.387
1768.000 0.388
1769.000 0.388
1770.000 0.385
1771.000 0.386
1772.000 0.386
1773.000 0.384
1774.000 0.384
1775.000 0.382
1776.000 0.383
1777.000 0.387
1778.000 0.391
1779.000 0.395
1780.000 0.397
1781.000 0.399
1782.000 0.394
1783.000 0.391
1784.000 0.391
1785.000 0.378
1786.000 0.373
1787.000 0.362
1788.000 0.356
1789.000 0.358
1790.000 0.358
1791.000 0.361
1792.000 0.366
1793.000 0.369
1794.000 0.367
1795.000 0.353
1796.000 0.339
1797.000 0.338
1798.000 0.342
1799.000 0.361
1800.000 0.399
1801.000 0.651
1802.000 0.663
1803.000 0.739
1804.000 0.753
1805.000 0.759
1806.000 0.715
1807.000 0.783
1808.000 0.649
1809.000 0.655
1810.000 0.777
1811.000 0.689
1812.000 0.728
1813.000 0.626
1814.000 0.573
1815.000 0.611
1816.000 0.660
1817.000 0.703
1818.000 0.644
1819.000 0.736
1820.000 0.688
1821.000 0.663
1822.000 0.657
1823.000 0.643
1824.000 0.636
1825.000 0.647
1826.000 0.577
1827.000 0.568
1828.000 0.508
1829.000 0.521
1830.000 0.404
1831.000 0.313
1832.000 0.474
1833.000 0.421
1834.000 0.431
1835.000 0.457
1836.000 0.473
1837.000 0.448
1838.000 0.468
1839.000 0.645
1840.000 0.672
1841.000 0.692
1842.000 0.592
1843.000 0.497
1844.000 0.543
1845.000 0.602
1846.000 0.608
1847.000 0.573
1848.000 0.498
1849.000 0.413
1850.000 0.439
1851.000 0.357
1852.000 0.430
1853.000 0.469
1854.000 0.721
1855.000 0.417
1856.000 0.508
1857.000 0.416
1858.000 0.469
1859.000 0.408
1860.000 0.388
1861.000 0.487
1862.000 0.626
1863.000 0.638
1864.000 0.698
1865.000 0.642
1866.000 0.584
1867.000 0.523
1868.000 0.771
1869.000 0.698
1870.000 0.593
1871.000 0.507
1872.000 0.491
1873.000 0.499
1874.000 0.502
1875.000 0.518
1876.000 0.449
1877.000 0.354
1878.000 0.324
1879.000 0.273
1880.000 0.281
1881.000 0.272
1882.000 0.269
1883.000 0.280
1884.000 0.302
1885.000 0.286
1886.000 0.293
1887.000 0.288
1888.000 0.317
1889.000 0.306
1890.000 0.322
1891.000 0.300
1892.000 0.258
1893.000 0.247
1894.000 0.260
1895.000 0.302
1896.000 0.359
1897.000 0.487
1898.000 0.499
1899.000 0.509
1900.000 0.504
1901.000 0.531
1902.000 0.552
1903.000 0.628
1904.000 0.712
1905.000 0.787
1906.000 0.620
1907.000 0.587
1908.000 0.489
1909.000 0.468
1910.000 0.625
1911.000 0.680
1912.000 0.544
1913.000 0.468
1914.000 0.590
1915.000 0.655
1916.000 0.703
1917.000 0.703
1918.000 0.643
1919.000 0.344
1920.000 0.602
1921.000 0.580
1922.000 0.454
1923.000 0.589
1924.000 0.510
1925.000 0.708
1926.000 0.581
1927.000 0.507
1928.000 0.551
1929.000 0.458
1930.000 0.372
1931.000 0.352
1932.000 0.329
1933.000 0.305
1934.000 0.291
1935.000 0.346
1936.000 0.404
1937.000 0.444
1938.000 0.504
1939.000 0.482
1940.000 0.504
1941.000 0.542
1942.000 0.535
1943.000 0.393
1944.000 0.487
1945.000 0.421
1946.000 0.433
1947.000 0.549
1948.000 0.631
1949.000 0.740
1950.000 0.613
1951.000 0.669
1952.000 0.622
1953.000 0.572
1954.000 0.498
1955.000 0.491
1956.000 0.475
1957.000 0.464
1958.000 0.457
1959.000 0.408
1960.000 0.529
1961.000 0.440
1962.000 0.385
1963.000 0.346
1964.000 0.312
1965.000 0.328
1966.000 0.366
1967.000 0.403
1968.000 0.364
1969.000 0.375
1970.000 0.333
1971.000 0.265
1972.000 0.247
1973.000 0.252
1974.000 0.247
1975.000 0.242
1976.000 0.271
1977.000 0.269
1978.000 0.232
1979.000 0.226
1980.000 0.212
1981.000 0.191
1982.000 0.203
1983.000 0.192
1984.000 0.189
1985.000 0.195
1986.000 0.198
1987.000 0.207
1988.000 0.214
1989.000 0.235
1990.000 0.243
1991.000 0.255
1992.000 0.239
1993.000 0.210
1994.000 0.189
1995.000 0.195
1996.000 0.212
1997.000 0.261
1998.000 0.265
1999.000 0.281
2000.000 0.271
2001.000 0.268
2002.000 0.253
2003.000 0.250
2004.000 0.243
2005.000 0.260
2006.000 0.311
2007.000 0.318
2008.000 0.391
2009.000 0.467
2010.000 0.483
2011.000 0.466
2012.000 0.468
2013.000 0.383
2014.000 0.347
2015.000 0.330
2016.000 0.320
2017.000 0.329
2018.000 0.313
2019.000 0.295
2020.000 0.277
2021.000 0.263
2022.000 0.254
2023.000 0.257
2024.000 0.255
2025.000 0.250
2026.000 0.244
2027.000 0.241
2028.000 0.244
2029.000 0.238
2030.000 0.228
2031.000 0.220
2032.000 0.207
2033.000 0.199
2034.000 0.195
2035.000 0.191
2036.000 0.189
2037.000 0.192
2038.000 0.194
2039.000 0.199
2040.000 0.197
2041.000 0.193
2042.000 0.192
2043.000 0.185
2044.000 0.189
2045.000 0.203
2046.000 0.211
2047.000 0.229
2048.000 0.241
2049.000 0.251
2050.000 0.252
2051.000 0.258
2052.000 0.263
2053.000 0.257
2054.000 0.256
2055.000 0.258
2056.000 0.254
2057.000 0.257
2058.000 0.262
2059.000 0.256
2060.000 0.244
2061.000 0.237
2062.000 0.216
2063.000 0.211
2064.000 0.220
2065.000 0.222
2066.000 0.228
2067.000 0.236
2068.000 0.229
2069.000 0.223
2070.000 0.221
2071.000 0.216
2072.000 0.216
2073.000 0.225
2074.000 0.227
2075.000 0.224
2076.000 0.227
2077.000 0.234
2078.000 0.235
2079.000 0.232
2080.000 0.234
2081.000 0.232
2082.000 0.234
2083.000 0.239
2084.000 0.245
2085.000 0.244
2086.000 0.240
2087.000 0.243
2088.000 0.252
2089.000 0.251
2090.000 0.251
2091.000 0.247
2092.000 0.230
2093.000 0.228
2094.000 0.233
2095.000 0.235
2096.000 0.246
2097.000 0.249
2098.000 0.250
2099.000 0.243
2100.000 0.239
2101.000 0.229
2102.000 0.221
2103.000 0.228
2104.000 0.231
2105.000 0.239
2106.000 0.244
2107.000 0.250
2108.000 0.254
2109.000 0.262
2110.000 0.265
2111.000 0.267
2112.000 0.267
2113.000 0.264
2114.000 0.262
2115.000 0.263
2116.000 0.262
2117.000 0.259
2118.000 0.262
2119.000 0.257
2120.000 0.256
2121.000 0.257
2122.000 0.252
2123.000 0.252
2124.000 0.254
2125.000 0.256
2126.000 0.259
2127.000 0.260
2128.000 0.260
2129.000 0.262
2130.000 0.258
2131.000 0.260
2132.000 0.269
2133.000 0.272
2134.000 0.277
2135.000 0.278
2136.000 0.273
2137.000 0.272
2138.000 0.277
2139.000 0.274
2140.000 0.271
2141.000 0.272
2142.000 0.268
2143.000 0.260
2144.000 0.256
2145.000 0.250
2146.000 0.249
2147.000 0.253
2148.000 0.257
2149.000 0.263
2150.000 0.268
2151.000 0.271
2152.000 0.275
2153.000 0.281
2154.000 0.285
2155.000 0.289
2156.000 0.290
2157.000 0.285
2158.000 0.284
2159.000 0.283
2160.000 0.286
2161.000 0.286
2162.000 0.288
2163.000 0.289
2164.000 0.288
2165.000 0.283
2166.000 0.278
2167.000 0.274
2168.000 0.268
2169.000 0.266
2170.000 0.269
2171.000 0.270
2172.000 0.272
2173.000 0.276
2174.000 0.280
2175.000 0.284
2176.000 0.290
2177.000 0.297
2178.000 0.301
2179.000 0.307
2180.000 0.307
2181.000 0.303
2182.000 0.295
2183.000 0.278
2184.000 0.271
2185.000 0.265
2186.000 0.264
2187.000 0.272
2188.000 0.276
2189.000 0.278
2190.000 0.282
2191.000 0.287
2192.000 0.290
2193.000 0.297
2194.000 0.297
2195.000 0.291
2196.000 0.287
2197.000 0.276
2198.000 0.274
2199.000 0.281
2200.000 0.282
2201.000 0.282
2202.000 0.285
2203.000 0.282
2204.000 0.280
2205.000 0.284
2206.000 0.289
2207.000 0.288
2208.000 0.292
2209.000 0.292
2210.000 0.290
2211.000 0.285
2212.000 0.277
2213.000 0.273
2214.000 0.270
2215.000 0.268
2216.000 0.268
2217.000 0.267
2218.000 0.258
2219.000 0.255
2220.000 0.252
2221.000 0.254
2222.000 0.266
2223.000 0.272
2224.000 0.287
2225.000 0.290
2226.000 0.282
2227.000 0.276
2228.000 0.279
2229.000 0.274
2230.000 0.279
2231.000 0.290
2232.000 0.289
2233.000 0.291
2234.000 0.285
2235.000 0.276
2236.000 0.269
2237.000 0.259
2238.000 0.256
2239.000 0.256
2240.000 0.258
2241.000 0.269
2242.000 0.272
2243.000 0.278
2244.000 0.276
2245.000 0.261
2246.000 0.258
2247.000 0.257
2248.000 0.254
2249.000 0.255
2250.000 0.254
2251.000 0.249
2252.000 0.248
2253.000 0.253
2254.000 0.253
2255.000 0.252
2256.000 0.252
2257.000 0.250
2258.000 0.253
2259.000 0.258
2260.000 0.263
2261.000 0.269
2262.000 0.262
2263.000 0.265
2264.000 0.263
2265.000 0.256
2266.000 0.268
2267.000 0.274
2268.000 0.271
2269.000 0.272
2270.000 0.261
2271.000 0.250
2272.000 0.243
2273.000 0.240
2274.000 0.246
2275.000 0.246
2276.000 0.245
2277.000 0.244
2278.000 0.239
2279.000 0.239
2280.000 0.241
2281.000 0.246
2282.000 0.259
2283.000 0.264
2284.000 0.266
2285.000 0.268
2286.000 0.265
2287.000 0.269
2288.000 0.282
2289.000 0.285
2290.000 0.280
2291.000 0.279
2292.000 0.288
2293.000 0.281
2294.000 0.261
2295.000 0.259
2296.000 0.259
2297.000 0.251
2298.000 0.254
2299.000 0.261
2300.000 0.251
2301.000 0.241
2302.000 0.245
2303.000 0.266
2304.000 0.284
2305.000 0.270
2306.000 0.252
2307.000 0.228
2308.000 0.206
2309.000 0.203
2310.000 0.208
2311.000 0.225
2312.000 0.234
2313.000 0.231
2314.000 0.217
2315.000 0.192
2316.000 0.193
2317.000 0.190
2318.000 0.189
2319.000 0.198
2320.000 0.204
2321.000 0.209
2322.000 0.219
2323.000 0.245
2324.000 0.245
2325.000 0.250
2326.000 0.257
2327.000 0.265
2328.000 0.253
2329.000 0.234
2330.000 0.222
2331.000 0.207
2332.000 0.197
2333.000 0.212
2334.000 0.221
2335.000 0.249
2336.000 0.263
2337.000 0.234
2338.000 0.228
2339.000 0.207
2340.000 0.201
2341.000 0.201
2342.000 0.208
2343.000 0.217
2344.000 0.242
2345.000 0.305
2346.000 0.330
2347.000 0.303
2348.000 0.269
2349.000 0.310
2350.000 0.278
2351.000 0.312
2352.000 0.304
2353.000 0.244
2354.000 0.232
2355.000 0.174
2356.000 0.183
2357.000 0.179
2358.000 0.183
2359.000 0.163
2360.000 0.200
2361.000 0.191
2362.000 0.225
2363.000 0.279
2364.000 0.301
2365.000 0.298
2366.000 0.255
2367.000 0.220
2368.000 0.214
2369.000 0.244
2370.000 0.286
2371.000 0.285
2372.000 0.223
2373.000 0.393
2374.000 0.397
2375.000 0.428
2376.000 0.396
2377.000 0.405
2378.000 0.322
2379.000 0.350
2380.000 0.346
2381.000 0.331
2382.000 0.376
2383.000 0.433
2384.000 0.444
2385.000 0.472
2386.000 0.404
2387.000 0.314
2388.000 0.227
2389.000 0.211
2390.000 0.227
2391.000 0.278
2392.000 0.289
2393.000 0.314
2394.000 0.352
2395.000 0.377
2396.000 0.344
2397.000 0.316
2398.000 0.368
2399.000 0.402
2400.000 0.333
2401.000 0.392
2402.000 0.628
2403.000 0.517
2404.000 0.351
2405.000 0.482
2406.000 0.370
2407.000 0.514
2408.000 0.510
2409.000 0.487
2410.000 0.475
2411.000 0.436
2412.000 0.297
2413.000 0.272
2414.000 0.234
2415.000 0.215
2416.000 0.217
2417.000 0.244
2418.000 0.341
2419.000 0.502
2420.000 0.702
2421.000 0.463
2422.000 0.484
2423.000 0.399
2424.000 0.287
2425.000 0.191
2426.000 0.308
2427.000 0.441
2428.000 0.327
2429.000 0.416
2430.000 0.547
2431.000 0.470
2432.000 0.586
2433.000 0.269
2434.000 0.464
2435.000 0.454
2436.000 0.418
2437.000 0.382
2438.000 0.339
2439.000 0.317
2440.000 0.423
2441.000 0.519
2442.000 0.407
2443.000 0.549
2444.000 0.307
2445.000 0.378
2446.000 0.438
2447.000 0.310
2448.000 0.193
2449.000 0.246
2450.000 0.281
2451.000 0.463
2452.000 0.498
2453.000 0.461
2454.000 0.249
2455.000 0.354
2456.000 0.378
2457.000 0.464
2458.000 0.349
2459.000 0.172
2460.000 0.351
2461.000 0.594
2462.000 0.604
2463.000 0.456
2464.000 0.478
2465.000 0.494
2466.000 0.395
2467.000 0.209
2468.000 0.268
2469.000 0.180
2470.000 0.206
2471.000 0.364
2472.000 0.616
2473.000 0.557
2474.000 0.431
2475.000 0.534
2476.000 0.356
2477.000 0.474
2478.000 0.399
2479.000 0.484
2480.000 0.475
2481.000 0.636
2482.000 0.428
2483.000 0.439
2484.000 0.426
2485.000 0.325
2486.000 0.352
2487.000 0.655
2488.000 0.469
2489.000 0.293
2490.000 0.281
2491.000 0.354
2492.000 0.273
2493.000 0.416
2494.000 0.421
2495.000 0.369
2496.000 0.379
2497.000 0.388
2498.000 0.323
2499.000 0.312
2500.000 0.319
