391.000 0.065
392.000 0.072
393.000 0.075
394.000 0.066
395.000 0.069
396.000 0.068
397.000 0.063
398.000 0.071
399.000 0.068
400.000 0.066
401.000 0.073
402.000 0.070
403.000 0.070
404.000 0.072
405.000 0.072
406.000 0.071
407.000 0.070
408.000 0.069
409.000 0.070
410.000 0.070
411.000 0.072
412.000 0.076
413.000 0.076
414.000 0.074
415.000 0.073
416.000 0.072
417.000 0.068
418.000 0.068
419.000 0.073
420.000 0.077
421.000 0.078
422.000 0.079
423.000 0.079
424.000 0.072
425.000 0.072
426.000 0.074
427.000 0.073
428.000 0.072
429.000 0.075
430.000 0.078
431.000 0.079
432.000 0.076
433.000 0.075
434.000 0.076
435.000 0.076
436.000 0.075
437.000 0.076
438.000 0.077
439.000 0.077
440.000 0.077
441.000 0.075
442.000 0.077
443.000 0.078
444.000 0.078
445.000 0.077
446.000 0.076
447.000 0.078
448.000 0.079
449.000 0.078
450.000 0.076
451.000 0.078
452.000 0.083
453.000 0.081
454.000 0.077
455.000 0.077
456.000 0.081
457.000 0.081
458.000 0.082
459.000 0.082
460.000 0.080
461.000 0.078
462.000 0.078
463.000 0.080
464.000 0.079
465.000 0.081
466.000 0.081
467.000 0.081
468.000 0.082
469.000 0.082
470.000 0.083
471.000 0.083
472.000 0.083
473.000 0.083
474.000 0.083
475.000 0.083
476.000 0.084
477.000 0.084
478.000 0.083
479.000 0.082
480.000 0.083
481.000 0.083
482.000 0.082
483.000 0.083
484.000 0.085
485.000 0.086
486.000 0.085
487.000 0.086
488.000 0.087
489.000 0.086
490.000 0.087
491.000 0.088
492.000 0.087
493.000 0.085
494.000 0.089
495.000 0.089
496.000 0.086
497.000 0.087
498.000 0.087
499.000 0.087
500.000 0.090
501.000 0.092
502.000 0.091
503.000 0.091
504.000 0.093
505.000 0.093
506.000 0.093
507.000 0.095
508.000 0.096
509.000 0.096
510.000 0.096
511.000 0.098
512.000 0.099
513.000 0.099
514.000 0.101
515.000 0.102
516.000 0.104
517.000 0.106
518.000 0.109
519.000 0.108
520.000 0.110
521.000 0.113
522.000 0.116
523.000 0.119
524.000 0.122
525.000 0.123
526.000 0.125
527.000 0.127
528.000 0.129
529.000 0.130
530.000 0.131
531.000 0.133
532.000 0.135
533.000 0.136
534.000 0.137
535.000 0.138
536.000 0.139
537.000 0.140
538.000 0.141
539.000 0.141
540.000 0.141
541.000 0.142
542.000 0.143
543.000 0.143
544.000 0.142
545.000 0.143
546.000 0.144
547.000 0.144
548.000 0.144
549.000 0.145
550.000 0.144
551.000 0.145
552.000 0.145
553.000 0.146
554.000 0.146
555.000 0.145
556.000 0.144
557.000 0.144
558.000 0.144
559.000 0.144
560.000 0.142
561.000 0.143
562.000 0.143
563.000 0.142
564.000 0.140
565.000 0.139
566.000 0.137
567.000 0.136
568.000 0.135
569.000 0.135
570.000 0.134
571.000 0.132
572.000 0.132
573.000 0.130
574.000 0.129
575.000 0.129
576.000 0.128
577.000 0.126
578.000 0.125
579.000 0.125
580.000 0.125
581.000 0.126
582.000 0.126
583.000 0.123
584.000 0.123
585.000 0.123
586.000 0.122
587.000 0.123
588.000 0.122
589.000 0.121
590.000 0.123
591.000 0.121
592.000 0.120
593.000 0.120
594.000 0.118
595.000 0.120
596.000 0.120
597.000 0.119
598.000 0.121
599.000 0.121
600.000 0.120
601.000 0.119
602.000 0.119
603.000 0.119
604.000 0.121
605.000 0.121
606.000 0.121
607.000 0.121
608.000 0.120
609.000 0.119
610.000 0.118
611.000 0.117
612.000 0.118
613.000 0.119
614.000 0.118
615.000 0.117
616.000 0.117
617.000 0.116
618.000 0.116
619.000 0.118
620.000 0.119
621.000 0.118
622.000 0.117
623.000 0.118
624.000 0.119
625.000 0.120
626.000 0.120
627.000 0.121
628.000 0.119
629.000 0.118
630.000 0.118
631.000 0.118
632.000 0.118
633.000 0.120
634.000 0.120
635.000 0.120
636.000 0.120
637.000 0.119
638.000 0.119
639.000 0.120
640.000 0.121
641.000 0.120
642.000 0.119
643.000 0.118
644.000 0.118
645.000 0.118
646.000 0.118
647.000 0.118
648.000 0.119
649.000 0.117
650.000 0.117
651.000 0.119
652.000 0.119
653.000 0.121
654.000 0.121
655.000 0.118
656.000 0.119
657.000 0.122
658.000 0.123
659.000 0.120
660.000 0.124
661.000 0.125
662.000 0.122
663.000 0.123
664.000 0.123
665.000 0.124
666.000 0.126
667.000 0.124
668.000 0.126
669.000 0.128
670.000 0.126
671.000 0.128
672.000 0.129
673.000 0.129
674.000 0.132
675.000 0.132
676.000 0.132
677.000 0.134
678.000 0.138
679.000 0.139
680.000 0.139
681.000 0.140
682.000 0.140
683.000 0.141
684.000 0.142
685.000 0.144
686.000 0.144
687.000 0.143
688.000 0.144
689.000 0.144
690.000 0.145
691.000 0.147
692.000 0.149
693.000 0.152
694.000 0.155
695.000 0.158
696.000 0.163
697.000 0.167
698.000 0.171
699.000 0.176
700.000 0.182
701.000 0.187
702.000 0.192
703.000 0.198
704.000 0.203
705.000 0.208
706.000 0.213
707.000 0.218
708.000 0.224
709.000 0.230
710.000 0.234
711.000 0.239
712.000 0.243
713.000 0.248
714.000 0.253
715.000 0.258
716.000 0.261
717.000 0.265
718.000 0.270
719.000 0.275
720.000 0.279
721.000 0.284
722.000 0.288
723.000 0.292
724.000 0.295
725.000 0.299
726.000 0.303
727.000 0.307
728.000 0.311
729.000 0.313
730.000 0.316
731.000 0.320
732.000 0.324
733.000 0.326
734.000 0.329
735.000 0.332
736.000 0.334
737.000 0.337
738.000 0.339
739.000 0.341
740.000 0.343
741.000 0.345
742.000 0.347
743.000 0.349
744.000 0.351
745.000 0.352
746.000 0.354
747.000 0.355
748.000 0.357
749.000 0.358
750.000 0.358
751.000 0.360
752.000 0.360
753.000 0.362
754.000 0.362
755.000 0.363
756.000 0.364
757.000 0.365
758.000 0.366
759.000 0.365
760.000 0.364
761.000 0.364
762.000 0.363
763.000 0.364
764.000 0.365
765.000 0.366
766.000 0.368
767.000 0.369
768.000 0.371
769.000 0.371
770.000 0.372
771.000 0.373
772.000 0.373
773.000 0.374
774.000 0.375
775.000 0.374
776.000 0.375
777.000 0.376
778.000 0.376
779.000 0.376
780.000 0.377
781.000 0.377
782.000 0.378
783.000 0.378
784.000 0.379
785.000 0.379
786.000 0.379
787.000 0.379
788.000 0.379
789.000 0.380
790.000 0.380
791.000 0.381
792.000 0.381
793.000 0.382
794.000 0.382
795.000 0.383
796.000 0.383
797.000 0.383
798.000 0.384
799.000 0.384
800.000 0.384
801.000 0.385
802.000 0.385
803.000 0.386
804.000 0.386
805.000 0.387
806.000 0.387
807.000 0.388
808.000 0.388
809.000 0.388
810.000 0.388
811.000 0.388
812.000 0.388
813.000 0.388
814.000 0.388
815.000 0.388
816.000 0.388
817.000 0.388
818.000 0.389
819.000 0.390
820.000 0.391
821.000 0.391
822.000 0.391
823.000 0.392
824.000 0.392
825.000 0.393
826.000 0.393
827.000 0.394
828.000 0.394
829.000 0.394
830.000 0.394
831.000 0.395
832.000 0.396
833.000 0.396
834.000 0.397
835.000 0.397
836.000 0.398
837.000 0.398
838.000 0.399
839.000 0.399
840.000 0.400
841.000 0.401
842.000 0.401
843.000 0.402
844.000 0.402
845.000 0.402
846.000 0.403
847.000 0.403
848.000 0.403
849.000 0.404
850.000 0.404
851.000 0.405
852.000 0.405
853.000 0.405
854.000 0.405
855.000 0.406
856.000 0.406
857.000 0.406
858.000 0.407
859.000 0.407
860.000 0.407
861.000 0.408
862.000 0.408
863.000 0.408
864.000 0.409
865.000 0.409
866.000 0.409
867.000 0.410
868.000 0.410
869.000 0.410
870.000 0.411
871.000 0.411
872.000 0.411
873.000 0.412
874.000 0.412
875.000 0.412
876.000 0.412
877.000 0.413
878.000 0.413
879.000 0.413
880.000 0.414
881.000 0.414
882.000 0.415
883.000 0.415
884.000 0.415
885.000 0.416
886.000 0.415
887.000 0.416
888.000 0.416
889.000 0.416
890.000 0.416
891.000 0.417
892.000 0.417
893.000 0.417
894.000 0.416
895.000 0.416
896.000 0.416
897.000 0.415
898.000 0.416
899.000 0.416
900.000 0.416
901.000 0.417
902.000 0.417
903.000 0.417
904.000 0.417
905.000 0.418
906.000 0.418
907.000 0.418
908.000 0.419
909.000 0.418
910.000 0.418
911.000 0.418
912.000 0.418
913.000 0.418
914.000 0.419
915.000 0.419
916.000 0.419
917.000 0.420
918.000 0.420
919.000 0.421
920.000 0.422
921.000 0.422
922.000 0.423
923.000 0.423
924.000 0.423
925.000 0.422
926.000 0.422
927.000 0.421
928.000 0.420
929.000 0.420
930.000 0.419
931.000 0.418
932.000 0.416
933.000 0.415
934.000 0.415
935.000 0.412
936.000 0.414
937.000 0.415
938.000 0.414
939.000 0.415
940.000 0.417
941.000 0.416
942.000 0.415
943.000 0.417
944.000 0.415
945.000 0.415
946.000 0.417
947.000 0.420
948.000 0.420
949.000 0.419
950.000 0.418
951.000 0.416
952.000 0.419
953.000 0.418
954.000 0.418
955.000 0.418
956.000 0.417
957.000 0.418
958.000 0.419
959.000 0.420
960.000 0.421
961.000 0.423
962.000 0.423
963.000 0.423
964.000 0.426
965.000 0.425
966.000 0.424
967.000 0.425
968.000 0.428
969.000 0.427
970.000 0.426
971.000 0.427
972.000 0.428
973.000 0.428
974.000 0.429
975.000 0.429
976.000 0.430
977.000 0.430
978.000 0.430
979.000 0.429
980.000 0.431
981.000 0.432
982.000 0.434
983.000 0.434
984.000 0.433
985.000 0.434
986.000 0.435
987.000 0.435
988.000 0.435
989.000 0.436
990.000 0.437
991.000 0.439
992.000 0.438
993.000 0.437
994.000 0.438
995.000 0.439
996.000 0.440
997.000 0.439
998.000 0.440
999.000 0.440
1000.000 0.440
1001.000 0.444
1002.000 0.444
1003.000 0.444
1004.000 0.444
1005.000 0.444
1006.000 0.444
1007.000 0.445
1008.000 0.446
1009.000 0.447
1010.000 0.447
1011.000 0.447
1012.000 0.447
1013.000 0.447
1014.000 0.448
1015.000 0.449
1016.000 0.450
1017.000 0.450
1018.000 0.451
1019.000 0.451
1020.000 0.451
1021.000 0.451
1022.000 0.451
1023.000 0.451
1024.000 0.451
1025.000 0.451
1026.000 0.452
1027.000 0.452
1028.000 0.453
1029.000 0.454
1030.000 0.455
1031.000 0.455
1032.000 0.455
1033.000 0.456
1034.000 0.456
1035.000 0.456
1036.000 0.456
1037.000 0.456
1038.000 0.456
1039.000 0.456
1040.000 0.457
1041.000 0.457
1042.000 0.457
1043.000 0.457
1044.000 0.457
1045.000 0.457
1046.000 0.458
1047.000 0.458
1048.000 0.458
1049.000 0.459
1050.000 0.459
1051.000 0.460
1052.000 0.460
1053.000 0.460
1054.000 0.460
1055.000 0.460
1056.000 0.460
1057.000 0.461
1058.000 0.461
1059.000 0.462
1060.000 0.462
1061.000 0.463
1062.000 0.463
1063.000 0.463
1064.000 0.464
1065.000 0.464
1066.000 0.463
1067.000 0.463
1068.000 0.463
1069.000 0.464
1070.000 0.464
1071.000 0.465
1072.000 0.465
1073.000 0.465
1074.000 0.466
1075.000 0.465
1076.000 0.465
1077.000 0.465
1078.000 0.465
1079.000 0.466
1080.000 0.466
1081.000 0.466
1082.000 0.467
1083.000 0.467
1084.000 0.466
1085.000 0.467
1086.000 0.467
1087.000 0.468
1088.000 0.467
1089.000 0.468
1090.000 0.467
1091.000 0.468
1092.000 0.468
1093.000 0.468
1094.000 0.468
1095.000 0.468
1096.000 0.468
1097.000 0.468
1098.000 0.468
1099.000 0.468
1100.000 0.468
1101.000 0.468
1102.000 0.468
1103.000 0.468
1104.000 0.468
1105.000 0.468
1106.000 0.467
1107.000 0.467
1108.000 0.467
1109.000 0.467
1110.000 0.467
1111.000 0.466
1112.000 0.466
1113.000 0.463
1114.000 0.462
1115.000 0.460
1116.000 0.457
1117.000 0.455
1118.000 0.454
1119.000 0.452
1120.000 0.450
1121.000 0.451
1122.000 0.450
1123.000 0.449
1124.000 0.449
1125.000 0.449
1126.000 0.448
1127.000 0.449
1128.000 0.451
1129.000 0.452
1130.000 0.456
1131.000 0.457
1132.000 0.458
1133.000 0.459
1134.000 0.460
1135.000 0.461
1136.000 0.462
1137.000 0.461
1138.000 0.460
1139.000 0.458
1140.000 0.457
1141.000 0.456
1142.000 0.456
1143.000 0.456
1144.000 0.457
1145.000 0.457
1146.000 0.457
1147.000 0.458
1148.000 0.457
1149.000 0.457
1150.000 0.457
1151.000 0.455
1152.000 0.455
1153.000 0.456
1154.000 0.457
1155.000 0.458
1156.000 0.459
1157.000 0.459
1158.000 0.458
1159.000 0.459
1160.000 0.460
1161.000 0.461
1162.000 0.463
1163.000 0.464
1164.000 0.464
1165.000 0.465
1166.000 0.466
1167.000 0.466
1168.000 0.466
1169.000 0.467
1170.000 0.466
1171.000 0.466
1172.000 0.467
1173.000 0.467
1174.000 0.467
1175.000 0.468
1176.000 0.469
1177.000 0.469
1178.000 0.469
1179.000 0.470
1180.000 0.469
1181.000 0.469
1182.000 0.469
1183.000 0.468
1184.000 0.468
1185.000 0.468
1186.000 0.469
1187.000 0.469
1188.000 0.469
1189.000 0.470
1190.000 0.470
1191.000 0.470
1192.000 0.471
1193.000 0.471
1194.000 0.472
1195.000 0.472
1196.000 0.472
1197.000 0.473
1198.000 0.474
1199.000 0.474
1200.000 0.474
1201.000 0.474
1202.000 0.475
1203.000 0.475
1204.000 0.474
1205.000 0.474
1206.000 0.474
1207.000 0.474
1208.000 0.474
1209.000 0.475
1210.000 0.475
1211.000 0.477
1212.000 0.477
1213.000 0.478
1214.000 0.478
1215.000 0.478
1216.000 0.479
1217.000 0.479
1218.000 0.480
1219.000 0.479
1220.000 0.480
1221.000 0.480
1222.000 0.481
1223.000 0.482
1224.000 0.483
1225.000 0.483
1226.000 0.483
1227.000 0.484
1228.000 0.485
1229.000 0.484
1230.000 0.485
1231.000 0.486
1232.000 0.486
1233.000 0.487
1234.000 0.487
1235.000 0.488
1236.000 0.488
1237.000 0.488
1238.000 0.489
1239.000 0.489
1240.000 0.489
1241.000 0.490
1242.000 0.490
1243.000 0.490
1244.000 0.490
1245.000 0.491
1246.000 0.491
1247.000 0.492
1248.000 0.493
1249.000 0.493
1250.000 0.494
1251.000 0.494
1252.000 0.494
1253.000 0.494
1254.000 0.494
1255.000 0.494
1256.000 0.494
1257.000 0.494
1258.000 0.494
1259.000 0.494
1260.000 0.495
1261.000 0.495
1262.000 0.495
1263.000 0.495
1264.000 0.495
1265.000 0.495
1266.000 0.495
1267.000 0.495
1268.000 0.495
1269.000 0.495
1270.000 0.495
1271.000 0.496
1272.000 0.497
1273.000 0.497
1274.000 0.497
1275.000 0.498
1276.000 0.499
1277.000 0.500
1278.000 0.500
1279.000 0.501
1280.000 0.501
1281.000 0.501
1282.000 0.502
1283.000 0.501
1284.000 0.501
1285.000 0.501
1286.000 0.501
1287.000 0.501
1288.000 0.500
1289.000 0.501
1290.000 0.501
1291.000 0.501
1292.000 0.501
1293.000 0.501
1294.000 0.500
1295.000 0.500
1296.000 0.499
1297.000 0.499
1298.000 0.499
1299.000 0.499
1300.000 0.499
1301.000 0.498
1302.000 0.498
1303.000 0.498
1304.000 0.498
1305.000 0.497
1306.000 0.497
1307.000 0.496
1308.000 0.496
1309.000 0.496
1310.000 0.495
1311.000 0.494
1312.000 0.493
1313.000 0.491
1314.000 0.490
1315.000 0.490
1316.000 0.490
1317.000 0.490
1318.000 0.490
1319.000 0.489
1320.000 0.489
1321.000 0.489
1322.000 0.488
1323.000 0.488
1324.000 0.487
1325.000 0.485
1326.000 0.483
1327.000 0.481
1328.000 0.479
1329.000 0.477
1330.000 0.477
1331.000 0.476
1332.000 0.476
1333.000 0.476
1334.000 0.476
1335.000 0.475
1336.000 0.472
1337.000 0.470
1338.000 0.468
1339.000 0.467
1340.000 0.469
1341.000 0.469
1342.000 0.468
1343.000 0.467
1344.000 0.463
1345.000 0.459
1346.000 0.456
1347.000 0.451
1348.000 0.446
1349.000 0.441
1350.000 0.435
1351.000 0.426
1352.000 0.422
1353.000 0.463
1354.000 0.468
1355.000 0.461
1356.000 0.466
1357.000 0.353
1358.000 0.288
1359.000 0.318
1360.000 0.305
1361.000 0.256
1362.000 0.240
1363.000 0.210
1364.000 0.221
1365.000 0.244
1366.000 0.276
1367.000 0.278
1368.000 0.265
1369.000 0.307
1370.000 0.343
1371.000 0.228
1372.000 0.291
1373.000 0.411
1374.000 0.573
1375.000 0.482
1376.000 0.400
1377.000 0.326
1378.000 0.256
1379.000 0.251
1380.000 0.428
1381.000 0.484
1382.000 0.351
1383.000 0.334
1384.000 0.333
1385.000 0.269
1386.000 0.234
1387.000 0.503
1388.000 0.279
1389.000 0.319
1390.000 0.341
1391.000 0.331
1392.000 0.310
1393.000 0.286
1394.000 0.300
1395.000 0.342
1396.000 0.414
1397.000 0.494
1398.000 0.465
1399.000 0.343
1400.000 0.503
1401.000 0.523
1402.000 0.500
1403.000 0.438
1404.000 0.484
1405.000 0.568
1406.000 0.248
1407.000 0.185
1408.000 0.150
1409.000 0.169
1410.000 0.232
1411.000 0.224
1412.000 0.242
1413.000 0.363
1414.000 0.315
1415.000 0.271
1416.000 0.275
1417.000 0.253
1418.000 0.242
1419.000 0.276
1420.000 0.348
1421.000 0.317
1422.000 0.306
1423.000 0.309
1424.000 0.326
1425.000 0.258
1426.000 0.253
1427.000 0.267
1428.000 0.285
1429.000 0.328
1430.000 0.330
1431.000 0.339
1432.000 0.301
1433.000 0.221
1434.000 0.200
1435.000 0.187
1436.000 0.199
1437.000 0.218
1438.000 0.204
1439.000 0.195
1440.000 0.196
1441.000 0.180
1442.000 0.191
1443.000 0.196
1444.000 0.200
1445.000 0.202
1446.000 0.208
1447.000 0.211
1448.000 0.210
1449.000 0.235
1450.000 0.240
1451.000 0.237
1452.000 0.244
1453.000 0.242
1454.000 0.228
1455.000 0.228
1456.000 0.237
1457.000 0.239
1458.000 0.239
1459.000 0.238
1460.000 0.237
1461.000 0.232
1462.000 0.235
1463.000 0.235
1464.000 0.238
1465.000 0.240
1466.000 0.244
1467.000 0.242
1468.000 0.241
1469.000 0.241
1470.000 0.244
1471.000 0.242
1472.000 0.231
1473.000 0.230
1474.000 0.221
1475.000 0.221
1476.000 0.223
1477.000 0.229
1478.000 0.239
1479.000 0.247
1480.000 0.257
1481.000 0.263
1482.000 0.266
1483.000 0.269
1484.000 0.266
1485.000 0.268
1486.000 0.272
1487.000 0.276
1488.000 0.283
1489.000 0.286
1490.000 0.286
1491.000 0.287
1492.000 0.283
1493.000 0.284
1494.000 0.289
1495.000 0.291
1496.000 0.296
1497.000 0.299
1498.000 0.299
1499.000 0.299
1500.000 0.301
1501.000 0.302
1502.000 0.304
1503.000 0.305
1504.000 0.308
1505.000 0.310
1506.000 0.312
1507.000 0.314
1508.000 0.315
1509.000 0.315
1510.000 0.316
1511.000 0.320
1512.000 0.321
1513.000 0.321
1514.000 0.321
1515.000 0.318
1516.000 0.318
1517.000 0.319
1518.000 0.321
1519.000 0.323
1520.000 0.324
1521.000 0.326
1522.000 0.327
1523.000 0.326
1524.000 0.327
1525.000 0.329
1526.000 0.330
1527.000 0.332
1528.000 0.333
1529.000 0.333
1530.000 0.334
1531.000 0.336
1532.000 0.338
1533.000 0.341
1534.000 0.343
1535.000 0.345
1536.000 0.345
1537.000 0.345
1538.000 0.345
1539.000 0.345
1540.000 0.346
1541.000 0.349
1542.000 0.351
1543.000 0.352
1544.000 0.353
1545.000 0.353
1546.000 0.354
1547.000 0.355
1548.000 0.356
1549.000 0.359
1550.000 0.361
1551.000 0.363
1552.000 0.363
1553.000 0.361
1554.000 0.360
1555.000 0.359
1556.000 0.359
1557.000 0.360
1558.000 0.361
1559.000 0.362
1560.000 0.364
1561.000 0.367
1562.000 0.369
1563.000 0.372
1564.000 0.373
1565.000 0.374
1566.000 0.374
1567.000 0.374
1568.000 0.374
1569.000 0.374
1570.000 0.374
1571.000 0.374
1572.000 0.374
1573.000 0.375
1574.000 0.375
1575.000 0.376
1576.000 0.377
1577.000 0.378
1578.000 0.378
1579.000 0.379
1580.000 0.380
1581.000 0.382
1582.000 0.384
1583.000 0.386
1584.000 0.388
1585.000 0.389
1586.000 0.390
1587.000 0.392
1588.000 0.392
1589.000 0.394
1590.000 0.394
1591.000 0.393
1592.000 0.393
1593.000 0.395
1594.000 0.395
1595.000 0.396
1596.000 0.397
1597.000 0.396
1598.000 0.397
1599.000 0.397
1600.000 0.397
1601.000 0.397
1602.000 0.397
1603.000 0.397
1604.000 0.397
1605.000 0.399
1606.000 0.400
1607.000 0.402
1608.000 0.403
1609.000 0.403
1610.000 0.403
1611.000 0.404
1612.000 0.405
1613.000 0.406
1614.000 0.407
1615.000 0.405
1616.000 0.404
1617.000 0.402
1618.000 0.401
1619.000 0.401
1620.000 0.402
1621.000 0.405
1622.000 0.407
1623.000 0.410
1624.000 0.411
1625.000 0.410
1626.000 0.409
1627.000 0.408
1628.000 0.407
1629.000 0.408
1630.000 0.408
1631.000 0.410
1632.000 0.411
1633.000 0.411
1634.000 0.411
1635.000 0.412
1636.000 0.412
1637.000 0.411
1638.000 0.411
1639.000 0.409
1640.000 0.408
1641.000 0.410
1642.000 0.411
1643.000 0.412
1644.000 0.414
1645.000 0.416
1646.000 0.417
1647.000 0.416
1648.000 0.417
1649.000 0.415
1650.000 0.415
1651.000 0.417
1652.000 0.418
1653.000 0.418
1654.000 0.419
1655.000 0.418
1656.000 0.418
1657.000 0.416
1658.000 0.415
1659.000 0.414
1660.000 0.414
1661.000 0.418
1662.000 0.418
1663.000 0.419
1664.000 0.419
1665.000 0.418
1666.000 0.417
1667.000 0.417
1668.000 0.418
1669.000 0.420
1670.000 0.420
1671.000 0.420
1672.000 0.419
1673.000 0.417
1674.000 0.417
1675.000 0.419
1676.000 0.419
1677.000 0.421
1678.000 0.421
1679.000 0.421
1680.000 0.420
1681.000 0.418
1682.000 0.417
1683.000 0.419
1684.000 0.419
1685.000 0.419
1686.000 0.419
1687.000 0.418
1688.000 0.418
1689.000 0.417
1690.000 0.418
1691.000 0.420
1692.000 0.420
1693.000 0.421
1694.000 0.421
1695.000 0.419
1696.000 0.418
1697.000 0.417
1698.000 0.415
1699.000 0.414
1700.000 0.413
1701.000 0.411
1702.000 0.411
1703.000 0.410
1704.000 0.410
1705.000 0.410
1706.000 0.412
1707.000 0.415
1708.000 0.415
1709.000 0.415
1710.000 0.415
1711.000 0.413
1712.000 0.411
1713.000 0.409
1714.000 0.406
1715.000 0.404
1716.000 0.404
1717.000 0.406
1718.000 0.407
1719.000 0.407
1720.000 0.406
1721.000 0.405
1722.000 0.404
1723.000 0.404
1724.000 0.405
1725.000 0.404
1726.000 0.402
1727.000 0.403
1728.000 0.402
1729.000 0.403
1730.000 0.400
1731.000 0.398
1732.000 0.395
1733.000 0.392
1734.000 0.396
1735.000 0.397
1736.000 0.396
1737.000 0.396
1738.000 0.394
1739.000 0.392
1740.000 0.392
1741.000 0.392
1742.000 0.392
1743.000 0.393
1744.000 0.396
1745.000 0.397
1746.000 0.397
1747.000 0.397
1748.000 0.394
1749.000 0.391
1750.000 0.390
1751.000 0.387
1752.000 0.383
1753.000 0.379
1754.000 0.375
1755.000 0.374
1756.000 0.375
1757.000 0.375
1758.000 0.375
1759.000 0.373
1760.000 0.371
1761.000 0.371
1762.000 0.375
1763.000 0.379
1764.000 0.382
1765.000 0.383
1766.000 0.383
1767.000 0.378
1768.000 0.376
1769.000 0.377
1770.000 0.376
1771.000 0.383
1772.000 0.388
1773.000 0.388
1774.000 0.387
1775.000 0.383
1776.000 0.380
1777.000 0.374
1778.000 0.371
1779.000 0.368
1780.000 0.366
1781.000 0.363
1782.000 0.355
1783.000 0.345
1784.000 0.334
1785.000 0.328
1786.000 0.326
1787.000 0.338
1788.000 0.345
1789.000 0.356
1790.000 0.360
1791.000 0.350
1792.000 0.344
1793.000 0.332
1794.000 0.325
1795.000 0.340
1796.000 0.332
1797.000 0.312
1798.000 0.297
1799.000 0.283
1800.000 0.279
1801.000 0.424
1802.000 0.431
1803.000 0.431
1804.000 0.493
1805.000 0.508
1806.000 0.473
1807.000 0.567
1808.000 0.516
1809.000 0.471
1810.000 0.606
1811.000 0.561
1812.000 0.583
1813.000 0.609
1814.000 0.638
1815.000 0.643
1816.000 0.661
1817.000 0.707
1818.000 0.682
1819.000 0.739
1820.000 0.569
1821.000 0.490
1822.000 0.523
1823.000 0.506
1824.000 0.522
1825.000 0.527
1826.000 0.431
1827.000 0.384
1828.000 0.465
1829.000 0.493
1830.000 0.532
1831.000 0.499
1832.000 0.587
1833.000 0.623
1834.000 0.586
1835.000 0.514
1836.000 0.528
1837.000 0.517
1838.000 0.481
1839.000 0.426
1840.000 0.407
1841.000 0.385
1842.000 0.408
1843.000 0.341
1844.000 0.351
1845.000 0.474
1846.000 0.483
1847.000 0.490
1848.000 0.546
1849.000 0.523
1850.000 0.464
1851.000 0.437
1852.000 0.453
1853.000 0.439
1854.000 0.434
1855.000 0.443
1856.000 0.449
1857.000 0.425
1858.000 0.468
1859.000 0.437
1860.000 0.573
1861.000 0.576
1862.000 0.602
1863.000 0.628
1864.000 0.645
1865.000 0.600
1866.000 0.610
1867.000 0.628
1868.000 0.601
1869.000 0.562
1870.000 0.618
1871.000 0.577
1872.000 0.567
1873.000 0.648
1874.000 0.680
1875.000 0.773
1876.000 0.626
1877.000 0.418
1878.000 0.438
1879.000 0.386
1880.000 0.401
1881.000 0.410
1882.000 0.438
1883.000 0.407
1884.000 0.334
1885.000 0.483
1886.000 0.458
1887.000 0.468
1888.000 0.542
1889.000 0.432
1890.000 0.464
1891.000 0.545
1892.000 0.602
1893.000 0.732
1894.000 0.581
1895.000 0.582
1896.000 0.528
1897.000 0.519
1898.000 0.593
1899.000 0.588
1900.000 0.605
1901.000 0.241
1902.000 0.197
1903.000 0.252
1904.000 0.326
1905.000 0.386
1906.000 0.568
1907.000 0.538
1908.000 0.499
1909.000 0.645
1910.000 0.705
1911.000 0.523
1912.000 0.505
1913.000 0.453
1914.000 0.428
1915.000 0.415
1916.000 0.380
1917.000 0.486
1918.000 0.487
1919.000 0.657
1920.000 0.595
1921.000 0.646
1922.000 0.364
1923.000 0.562
1924.000 0.467
1925.000 0.484
1926.000 0.486
1927.000 0.539
1928.000 0.655
1929.000 0.491
1930.000 0.355
1931.000 0.422
1932.000 0.488
1933.000 0.506
1934.000 0.470
1935.000 0.590
1936.000 0.606
1937.000 0.496
1938.000 0.522
1939.000 0.464
1940.000 0.519
1941.000 0.411
1942.000 0.404
1943.000 0.536
1944.000 0.640
1945.000 0.553
1946.000 0.448
1947.000 0.396
1948.000 0.533
1949.000 0.609
1950.000 0.599
1951.000 0.566
1952.000 0.490
1953.000 0.250
1954.000 0.424
1955.000 0.271
1956.000 0.376
1957.000 0.394
1958.000 0.374
1959.000 0.512
1960.000 0.405
1961.000 0.433
1962.000 0.390
1963.000 0.367
1964.000 0.323
1965.000 0.425
1966.000 0.472
1967.000 0.542
1968.000 0.510
1969.000 0.438
1970.000 0.335
1971.000 0.311
1972.000 0.318
1973.000 0.316
1974.000 0.355
1975.000 0.343
1976.000 0.275
1977.000 0.266
1978.000 0.253
1979.000 0.275
1980.000 0.294
1981.000 0.297
1982.000 0.326
1983.000 0.292
1984.000 0.268
1985.000 0.290
1986.000 0.291
1987.000 0.295
1988.000 0.313
1989.000 0.368
1990.000 0.381
1991.000 0.396
1992.000 0.374
1993.000 0.317
1994.000 0.243
1995.000 0.216
1996.000 0.218
1997.000 0.272
1998.000 0.277
1999.000 0.295
2000.000 0.317
2001.000 0.334
2002.000 0.298
2003.000 0.315
2004.000 0.416
2005.000 0.449
2006.000 0.476
2007.000 0.482
2008.000 0.444
2009.000 0.422
2010.000 0.408
2011.000 0.392
2012.000 0.439
2013.000 0.439
2014.000 0.426
2015.000 0.431
2016.000 0.413
2017.000 0.366
2018.000 0.339
2019.000 0.320
2020.000 0.343
2021.000 0.339
2022.000 0.302
2023.000 0.287
2024.000 0.261
2025.000 0.253
2026.000 0.253
2027.000 0.263
2028.000 0.304
2029.000 0.314
2030.000 0.311
2031.000 0.316
2032.000 0.315
2033.000 0.310
2034.000 0.307
2035.000 0.315
2036.000 0.294
2037.000 0.282
2038.000 0.287
2039.000 0.269
2040.000 0.268
2041.000 0.278
2042.000 0.279
2043.000 0.275
2044.000 0.277
2045.000 0.282
2046.000 0.281
2047.000 0.285
2048.000 0.282
2049.000 0.267
2050.000 0.258
2051.000 0.259
2052.000 0.260
2053.000 0.274
2054.000 0.277
2055.000 0.279
2056.000 0.304
2057.000 0.311
2058.000 0.307
2059.000 0.307
2060.000 0.288
2061.000 0.286
2062.000 0.285
2063.000 0.289
2064.000 0.307
2065.000 0.320
2066.000 0.340
2067.000 0.344
2068.000 0.324
2069.000 0.315
2070.000 0.294
2071.000 0.270
2072.000 0.261
2073.000 0.264
2074.000 0.261
2075.000 0.259
2076.000 0.263
2077.000 0.270
2078.000 0.275
2079.000 0.293
2080.000 0.297
2081.000 0.288
2082.000 0.286
2083.000 0.286
2084.000 0.276
2085.000 0.276
2086.000 0.280
2087.000 0.279
2088.000 0.283
2089.000 0.277
2090.000 0.260
2091.000 0.259
2092.000 0.258
2093.000 0.263
2094.000 0.286
2095.000 0.297
2096.000 0.303
2097.000 0.305
2098.000 0.306
2099.000 0.297
2100.000 0.288
2101.000 0.277
2102.000 0.273
2103.000 0.278
2104.000 0.278
2105.000 0.285
2106.000 0.286
2107.000 0.279
2108.000 0.280
2109.000 0.281
2110.000 0.287
2111.000 0.307
2112.000 0.317
2113.000 0.328
2114.000 0.335
2115.000 0.336
2116.000 0.330
2117.000 0.317
2118.000 0.305
2119.000 0.296
2120.000 0.295
2121.000 0.303
2122.000 0.317
2123.000 0.320
2124.000 0.314
2125.000 0.315
2126.000 0.315
2127.000 0.316
2128.000 0.323
2129.000 0.325
2130.000 0.322
2131.000 0.320
2132.000 0.320
2133.000 0.318
2134.000 0.311
2135.000 0.308
2136.000 0.304
2137.000 0.299
2138.000 0.309
2139.000 0.313
2140.000 0.308
2141.000 0.315
2142.000 0.319
2143.000 0.316
2144.000 0.318
2145.000 0.328
2146.000 0.329
2147.000 0.325
2148.000 0.321
2149.000 0.308
2150.000 0.306
2151.000 0.306
2152.000 0.306
2153.000 0.312
2154.000 0.316
2155.000 0.320
2156.000 0.325
2157.000 0.330
2158.000 0.329
2159.000 0.325
2160.000 0.320
2161.000 0.316
2162.000 0.310
2163.000 0.312
2164.000 0.315
2165.000 0.318
2166.000 0.328
2167.000 0.333
2168.000 0.340
2169.000 0.339
2170.000 0.332
2171.000 0.327
2172.000 0.315
2173.000 0.313
2174.000 0.324
2175.000 0.325
2176.000 0.328
2177.000 0.321
2178.000 0.312
2179.000 0.311
2180.000 0.302
2181.000 0.298
2182.000 0.295
2183.000 0.287
2184.000 0.290
2185.000 0.306
2186.000 0.313
2187.000 0.325
2188.000 0.330
2189.000 0.334
2190.000 0.330
2191.000 0.321
2192.000 0.312
2193.000 0.296
2194.000 0.291
2195.000 0.291
2196.000 0.293
2197.000 0.300
2198.000 0.309
2199.000 0.324
2200.000 0.330
2201.000 0.329
2202.000 0.335
2203.000 0.331
2204.000 0.332
2205.000 0.343
2206.000 0.350
2207.000 0.349
2208.000 0.342
2209.000 0.330
2210.000 0.307
2211.000 0.302
2212.000 0.300
2213.000 0.299
2214.000 0.307
2215.000 0.312
2216.000 0.314
2217.000 0.319
2218.000 0.334
2219.000 0.337
2220.000 0.335
2221.000 0.333
2222.000 0.321
2223.000 0.316
2224.000 0.315
2225.000 0.314
2226.000 0.316
2227.000 0.317
2228.000 0.316
2229.000 0.315
2230.000 0.321
2231.000 0.325
2232.000 0.320
2233.000 0.316
2234.000 0.305
2235.000 0.296
2236.000 0.295
2237.000 0.298
2238.000 0.302
2239.000 0.316
2240.000 0.316
2241.000 0.309
2242.000 0.309
2243.000 0.307
2244.000 0.306
2245.000 0.314
2246.000 0.313
2247.000 0.298
2248.000 0.290
2249.000 0.283
2250.000 0.280
2251.000 0.284
2252.000 0.284
2253.000 0.289
2254.000 0.289
2255.000 0.278
2256.000 0.280
2257.000 0.286
2258.000 0.289
2259.000 0.309
2260.000 0.309
2261.000 0.300
2262.000 0.290
2263.000 0.277
2264.000 0.264
2265.000 0.251
2266.000 0.246
2267.000 0.250
2268.000 0.263
2269.000 0.281
2270.000 0.293
2271.000 0.304
2272.000 0.294
2273.000 0.299
2274.000 0.313
2275.000 0.318
2276.000 0.331
2277.000 0.331
2278.000 0.314
2279.000 0.305
2280.000 0.289
2281.000 0.286
2282.000 0.296
2283.000 0.293
2284.000 0.284
2285.000 0.283
2286.000 0.277
2287.000 0.278
2288.000 0.300
2289.000 0.307
2290.000 0.303
2291.000 0.300
2292.000 0.288
2293.000 0.286
2294.000 0.306
2295.000 0.309
2296.000 0.299
2297.000 0.300
2298.000 0.316
2299.000 0.300
2300.000 0.310
2301.000 0.324
2302.000 0.314
2303.000 0.312
2304.000 0.315
2305.000 0.318
2306.000 0.320
2307.000 0.315
2308.000 0.315
2309.000 0.311
2310.000 0.296
2311.000 0.288
2312.000 0.259
2313.000 0.253
2314.000 0.248
2315.000 0.220
2316.000 0.220
2317.000 0.204
2318.000 0.208
2319.000 0.225
2320.000 0.238
2321.000 0.264
2322.000 0.283
2323.000 0.268
2324.000 0.252
2325.000 0.261
2326.000 0.255
2327.000 0.242
2328.000 0.236
2329.000 0.226
2330.000 0.224
2331.000 0.233
2332.000 0.235
2333.000 0.269
2334.000 0.287
2335.000 0.361
2336.000 0.388
2337.000 0.297
2338.000 0.277
2339.000 0.223
2340.000 0.237
2341.000 0.278
2342.000 0.338
2343.000 0.395
2344.000 0.430
2345.000 0.325
2346.000 0.363
2347.000 0.321
2348.000 0.273
2349.000 0.323
2350.000 0.353
2351.000 0.362
2352.000 0.380
2353.000 0.342
2354.000 0.319
2355.000 0.260
2356.000 0.237
2357.000 0.230
2358.000 0.205
2359.000 0.154
2360.000 0.186
2361.000 0.183
2362.000 0.183
2363.000 0.223
2364.000 0.316
2365.000 0.436
2366.000 0.480
2367.000 0.283
2368.000 0.343
2369.000 0.401
2370.000 0.417
2371.000 0.422
2372.000 0.337
2373.000 0.568
2374.000 0.517
2375.000 0.474
2376.000 0.444
2377.000 0.475
2378.000 0.345
2379.000 0.414
2380.000 0.414
2381.000 0.438
2382.000 0.477
2383.000 0.307
2384.000 0.362
2385.000 0.332
2386.000 0.280
2387.000 0.411
2388.000 0.454
2389.000 0.527
2390.000 0.322
2391.000 0.432
2392.000 0.426
2393.000 0.419
2394.000 0.385
2395.000 0.480
2396.000 0.395
2397.000 0.418
2398.000 0.465
2399.000 0.437
2400.000 0.525
2401.000 0.593
2402.000 0.682
2403.000 0.896
2404.000 0.435
2405.000 0.446
2406.000 0.264
2407.000 0.348
2408.000 0.479
2409.000 0.557
2410.000 0.658
2411.000 0.592
2412.000 0.586
2413.000 0.506
2414.000 0.589
2415.000 0.216
2416.000 0.194
2417.000 0.248
2418.000 0.504
2419.000 0.246
2420.000 0.453
2421.000 0.414
2422.000 0.586
2423.000 0.575
2424.000 0.487
2425.000 0.243
2426.000 0.212
2427.000 0.240
2428.000 0.305
2429.000 0.363
2430.000 0.609
2431.000 0.562
2432.000 0.491
2433.000 0.356
2434.000 0.277
2435.000 0.262
2436.000 0.383
2437.000 0.403
2438.000 0.383
2439.000 0.209
2440.000 0.293
2441.000 0.428
2442.000 0.326
2443.000 0.321
2444.000 0.295
2445.000 0.276
2446.000 0.271
2447.000 0.210
2448.000 0.162
2449.000 0.355
2450.000 0.320
2451.000 0.405
2452.000 0.323
2453.000 0.314
2454.000 0.399
2455.000 0.615
2456.000 0.368
2457.000 0.313
2458.000 0.609
2459.000 0.436
2460.000 0.610
2461.000 0.395
2462.000 0.218
2463.000 0.109
2464.000 0.342
2465.000 0.385
2466.000 0.599
2467.000 0.481
2468.000 0.332
2469.000 0.165
2470.000 0.315
2471.000 0.371
2472.000 0.541
2473.000 0.491
2474.000 0.224
2475.000 0.239
2476.000 0.321
2477.000 0.437
2478.000 0.299
2479.000 0.367
2480.000 0.321
2481.000 0.405
2482.000 0.407
2483.000 0.348
2484.000 0.405
2485.000 0.727
2486.000 0.586
2487.000 0.423
2488.000 0.345
2489.000 0.449
2490.000 0.579
2491.000 0.680
2492.000 0.394
2493.000 0.461
2494.000 0.601
2495.000 0.254
2496.000 0.308
2497.000 0.446
2498.000 0.318
2499.000 0.258
2500.000 0.422
