391.000 0.047
392.000 0.049
393.000 0.051
394.000 0.047
395.000 0.047
396.000 0.048
397.000 0.048
398.000 0.051
399.000 0.050
400.000 0.049
401.000 0.051
402.000 0.050
403.000 0.051
404.000 0.052
405.000 0.051
406.000 0.050
407.000 0.050
408.000 0.050
409.000 0.049
410.000 0.048
411.000 0.050
412.000 0.053
413.000 0.051
414.000 0.050
415.000 0.050
416.000 0.050
417.000 0.048
418.000 0.048
419.000 0.050
420.000 0.050
421.000 0.050
422.000 0.051
423.000 0.052
424.000 0.050
425.000 0.050
426.000 0.051
427.000 0.049
428.000 0.050
429.000 0.050
430.000 0.051
431.000 0.052
432.000 0.051
433.000 0.050
434.000 0.049
435.000 0.049
436.000 0.049
437.000 0.050
438.000 0.050
439.000 0.051
440.000 0.050
441.000 0.050
442.000 0.049
443.000 0.049
444.000 0.050
445.000 0.050
446.000 0.050
447.000 0.051
448.000 0.052
449.000 0.051
450.000 0.050
451.000 0.050
452.000 0.052
453.000 0.051
454.000 0.051
455.000 0.051
456.000 0.051
457.000 0.052
458.000 0.051
459.000 0.052
460.000 0.051
461.000 0.050
462.000 0.050
463.000 0.051
464.000 0.051
465.000 0.052
466.000 0.052
467.000 0.050
468.000 0.051
469.000 0.053
470.000 0.053
471.000 0.052
472.000 0.052
473.000 0.052
474.000 0.051
475.000 0.052
476.000 0.052
477.000 0.052
478.000 0.052
479.000 0.051
480.000 0.052
481.000 0.052
482.000 0.052
483.000 0.052
484.000 0.052
485.000 0.052
486.000 0.052
487.000 0.052
488.000 0.053
489.000 0.052
490.000 0.052
491.000 0.052
492.000 0.053
493.000 0.052
494.000 0.053
495.000 0.054
496.000 0.053
497.000 0.055
498.000 0.055
499.000 0.054
500.000 0.055
501.000 0.056
502.000 0.057
503.000 0.056
504.000 0.058
505.000 0.058
506.000 0.059
507.000 0.059
508.000 0.060
509.000 0.061
510.000 0.062
511.000 0.064
512.000 0.065
513.000 0.066
514.000 0.068
515.000 0.070
516.000 0.071
517.000 0.074
518.000 0.076
519.000 0.078
520.000 0.080
521.000 0.082
522.000 0.085
523.000 0.088
524.000 0.090
525.000 0.093
526.000 0.095
527.000 0.097
528.000 0.100
529.000 0.101
530.000 0.103
531.000 0.105
532.000 0.107
533.000 0.108
534.000 0.109
535.000 0.110
536.000 0.111
537.000 0.113
538.000 0.114
539.000 0.114
540.000 0.114
541.000 0.115
542.000 0.116
543.000 0.115
544.000 0.116
545.000 0.116
546.000 0.117
547.000 0.117
548.000 0.117
549.000 0.117
550.000 0.117
551.000 0.117
552.000 0.117
553.000 0.117
554.000 0.117
555.000 0.116
556.000 0.116
557.000 0.115
558.000 0.115
559.000 0.113
560.000 0.113
561.000 0.112
562.000 0.111
563.000 0.110
564.000 0.108
565.000 0.107
566.000 0.105
567.000 0.103
568.000 0.101
569.000 0.101
570.000 0.099
571.000 0.097
572.000 0.095
573.000 0.094
574.000 0.092
575.000 0.091
576.000 0.091
577.000 0.089
578.000 0.088
579.000 0.087
580.000 0.086
581.000 0.085
582.000 0.085
583.000 0.084
584.000 0.083
585.000 0.082
586.000 0.081
587.000 0.082
588.000 0.081
589.000 0.080
590.000 0.080
591.000 0.079
592.000 0.078
593.000 0.078
594.000 0.078
595.000 0.077
596.000 0.077
597.000 0.076
598.000 0.077
599.000 0.077
600.000 0.076
601.000 0.075
602.000 0.075
603.000 0.075
604.000 0.075
605.000 0.076
606.000 0.075
607.000 0.074
608.000 0.074
609.000 0.073
610.000 0.072
611.000 0.072
612.000 0.071
613.000 0.071
614.000 0.071
615.000 0.070
616.000 0.070
617.000 0.070
618.000 0.069
619.000 0.069
620.000 0.069
621.000 0.069
622.000 0.069
623.000 0.069
624.000 0.068
625.000 0.068
626.000 0.069
627.000 0.069
628.000 0.069
629.000 0.068
630.000 0.067
631.000 0.067
632.000 0.068
633.000 0.069
634.000 0.067
635.000 0.067
636.000 0.067
637.000 0.067
638.000 0.067
639.000 0.066
640.000 0.065
641.000 0.065
642.000 0.065
643.000 0.064
644.000 0.063
645.000 0.064
646.000 0.063
647.000 0.062
648.000 0.062
649.000 0.061
650.000 0.061
651.000 0.062
652.000 0.062
653.000 0.062
654.000 0.062
655.000 0.061
656.000 0.061
657.000 0.061
658.000 0.062
659.000 0.062
660.000 0.063
661.000 0.063
662.000 0.062
663.000 0.062
664.000 0.062
665.000 0.062
666.000 0.063
667.000 0.063
668.000 0.064
669.000 0.065
670.000 0.063
671.000 0.064
672.000 0.066
673.000 0.065
674.000 0.066
675.000 0.066
676.000 0.068
677.000 0.068
678.000 0.069
679.000 0.070
680.000 0.070
681.000 0.071
682.000 0.071
683.000 0.072
684.000 0.074
685.000 0.074
686.000 0.075
687.000 0.076
688.000 0.077
689.000 0.078
690.000 0.080
691.000 0.082
692.000 0.084
693.000 0.087
694.000 0.090
695.000 0.095
696.000 0.101
697.000 0.106
698.000 0.111
699.000 0.118
700.000 0.126
701.000 0.133
702.000 0.140
703.000 0.148
704.000 0.156
705.000 0.164
706.000 0.172
707.000 0.180
708.000 0.189
709.000 0.198
710.000 0.207
711.000 0.215
712.000 0.224
713.000 0.233
714.000 0.242
715.000 0.251
716.000 0.259
717.000 0.268
718.000 0.279
719.000 0.289
720.000 0.300
721.000 0.310
722.000 0.319
723.000 0.328
724.000 0.337
725.000 0.346
726.000 0.356
727.000 0.365
728.000 0.374
729.000 0.383
730.000 0.391
731.000 0.399
732.000 0.408
733.000 0.415
734.000 0.422
735.000 0.429
736.000 0.435
737.000 0.442
738.000 0.448
739.000 0.454
740.000 0.459
741.000 0.464
742.000 0.469
743.000 0.473
744.000 0.478
745.000 0.482
746.000 0.485
747.000 0.488
748.000 0.491
749.000 0.494
750.000 0.496
751.000 0.499
752.000 0.501
753.000 0.503
754.000 0.505
755.000 0.507
756.000 0.508
757.000 0.509
758.000 0.510
759.000 0.510
760.000 0.510
761.000 0.510
762.000 0.509
763.000 0.509
764.000 0.511
765.000 0.514
766.000 0.516
767.000 0.516
768.000 0.518
769.000 0.519
770.000 0.520
771.000 0.521
772.000 0.521
773.000 0.522
774.000 0.522
775.000 0.523
776.000 0.523
777.000 0.524
778.000 0.524
779.000 0.524
780.000 0.525
781.000 0.526
782.000 0.525
783.000 0.526
784.000 0.526
785.000 0.526
786.000 0.526
787.000 0.526
788.000 0.526
789.000 0.526
790.000 0.527
791.000 0.527
792.000 0.527
793.000 0.528
794.000 0.528
795.000 0.528
796.000 0.528
797.000 0.528
798.000 0.529
799.000 0.528
800.000 0.528
801.000 0.529
802.000 0.529
803.000 0.530
804.000 0.530
805.000 0.530
806.000 0.531
807.000 0.531
808.000 0.531
809.000 0.531
810.000 0.530
811.000 0.530
812.000 0.530
813.000 0.529
814.000 0.529
815.000 0.529
816.000 0.528
817.000 0.529
818.000 0.529
819.000 0.530
820.000 0.530
821.000 0.530
822.000 0.531
823.000 0.532
824.000 0.532
825.000 0.532
826.000 0.532
827.000 0.532
828.000 0.533
829.000 0.533
830.000 0.533
831.000 0.533
832.000 0.534
833.000 0.535
834.000 0.535
835.000 0.536
836.000 0.536
837.000 0.536
838.000 0.537
839.000 0.537
840.000 0.537
841.000 0.538
842.000 0.539
843.000 0.539
844.000 0.539
845.000 0.539
846.000 0.540
847.000 0.540
848.000 0.541
849.000 0.541
850.000 0.541
851.000 0.541
852.000 0.541
853.000 0.541
854.000 0.541
855.000 0.541
856.000 0.542
857.000 0.542
858.000 0.542
859.000 0.542
860.000 0.543
861.000 0.543
862.000 0.543
863.000 0.543
864.000 0.543
865.000 0.544
866.000 0.544
867.000 0.544
868.000 0.544
869.000 0.544
870.000 0.544
871.000 0.544
872.000 0.545
873.000 0.545
874.000 0.545
875.000 0.545
876.000 0.545
877.000 0.545
878.000 0.545
879.000 0.546
880.000 0.546
881.000 0.546
882.000 0.546
883.000 0.546
884.000 0.547
885.000 0.547
886.000 0.546
887.000 0.546
888.000 0.547
889.000 0.546
890.000 0.546
891.000 0.546
892.000 0.546
893.000 0.545
894.000 0.545
895.000 0.544
896.000 0.544
897.000 0.543
898.000 0.543
899.000 0.543
900.000 0.543
901.000 0.543
902.000 0.543
903.000 0.543
904.000 0.542
905.000 0.543
906.000 0.543
907.000 0.543
908.000 0.544
909.000 0.544
910.000 0.543
911.000 0.542
912.000 0.543
913.000 0.542
914.000 0.542
915.000 0.543
916.000 0.543
917.000 0.543
918.000 0.543
919.000 0.543
920.000 0.545
921.000 0.544
922.000 0.544
923.000 0.544
924.000 0.543
925.000 0.543
926.000 0.542
927.000 0.540
928.000 0.539
929.000 0.539
930.000 0.539
931.000 0.539
932.000 0.535
933.000 0.536
934.000 0.535
935.000 0.532
936.000 0.534
937.000 0.532
938.000 0.530
939.000 0.530
940.000 0.530
941.000 0.528
942.000 0.528
943.000 0.529
944.000 0.528
945.000 0.527
946.000 0.526
947.000 0.528
948.000 0.530
949.000 0.528
950.000 0.524
951.000 0.520
952.000 0.525
953.000 0.523
954.000 0.521
955.000 0.521
956.000 0.518
957.000 0.521
958.000 0.522
959.000 0.520
960.000 0.519
961.000 0.520
962.000 0.522
963.000 0.522
964.000 0.525
965.000 0.526
966.000 0.524
967.000 0.523
968.000 0.527
969.000 0.526
970.000 0.524
971.000 0.525
972.000 0.524
973.000 0.526
974.000 0.527
975.000 0.526
976.000 0.528
977.000 0.529
978.000 0.528
979.000 0.528
980.000 0.528
981.000 0.529
982.000 0.530
983.000 0.529
984.000 0.531
985.000 0.532
986.000 0.533
987.000 0.534
988.000 0.534
989.000 0.534
990.000 0.535
991.000 0.537
992.000 0.536
993.000 0.536
994.000 0.537
995.000 0.537
996.000 0.539
997.000 0.539
998.000 0.540
999.000 0.541
1000.000 0.539
1001.000 0.546
1002.000 0.547
1003.000 0.547
1004.000 0.546
1005.000 0.546
1006.000 0.546
1007.000 0.546
1008.000 0.548
1009.000 0.548
1010.000 0.549
1011.000 0.551
1012.000 0.551
1013.000 0.552
1014.000 0.552
1015.000 0.553
1016.000 0.553
1017.000 0.554
1018.000 0.554
1019.000 0.555
1020.000 0.554
1021.000 0.555
1022.000 0.555
1023.000 0.555
1024.000 0.556
1025.000 0.556
1026.000 0.556
1027.000 0.557
1028.000 0.557
1029.000 0.559
1030.000 0.560
1031.000 0.560
1032.000 0.561
1033.000 0.562
1034.000 0.563
1035.000 0.563
1036.000 0.562
1037.000 0.562
1038.000 0.562
1039.000 0.563
1040.000 0.564
1041.000 0.564
1042.000 0.565
1043.000 0.566
1044.000 0.565
1045.000 0.565
1046.000 0.565
1047.000 0.566
1048.000 0.566
1049.000 0.566
1050.000 0.566
1051.000 0.566
1052.000 0.567
1053.000 0.567
1054.000 0.568
1055.000 0.568
1056.000 0.568
1057.000 0.568
1058.000 0.568
1059.000 0.568
1060.000 0.569
1061.000 0.570
1062.000 0.570
1063.000 0.571
1064.000 0.571
1065.000 0.570
1066.000 0.570
1067.000 0.571
1068.000 0.570
1069.000 0.571
1070.000 0.572
1071.000 0.572
1072.000 0.572
1073.000 0.572
1074.000 0.571
1075.000 0.571
1076.000 0.571
1077.000 0.571
1078.000 0.571
1079.000 0.572
1080.000 0.572
1081.000 0.573
1082.000 0.572
1083.000 0.572
1084.000 0.571
1085.000 0.571
1086.000 0.571
1087.000 0.572
1088.000 0.572
1089.000 0.571
1090.000 0.571
1091.000 0.571
1092.000 0.571
1093.000 0.571
1094.000 0.571
1095.000 0.571
1096.000 0.570
1097.000 0.569
1098.000 0.568
1099.000 0.568
1100.000 0.567
1101.000 0.566
1102.000 0.565
1103.000 0.564
1104.000 0.564
1105.000 0.564
1106.000 0.564
1107.000 0.563
1108.000 0.562
1109.000 0.563
1110.000 0.562
1111.000 0.561
1112.000 0.559
1113.000 0.556
1114.000 0.553
1115.000 0.552
1116.000 0.549
1117.000 0.546
1118.000 0.545
1119.000 0.542
1120.000 0.539
1121.000 0.537
1122.000 0.536
1123.000 0.534
1124.000 0.532
1125.000 0.528
1126.000 0.524
1127.000 0.522
1128.000 0.518
1129.000 0.519
1130.000 0.523
1131.000 0.526
1132.000 0.528
1133.000 0.528
1134.000 0.529
1135.000 0.530
1136.000 0.529
1137.000 0.528
1138.000 0.526
1139.000 0.523
1140.000 0.521
1141.000 0.520
1142.000 0.518
1143.000 0.518
1144.000 0.517
1145.000 0.516
1146.000 0.515
1147.000 0.515
1148.000 0.512
1149.000 0.512
1150.000 0.510
1151.000 0.507
1152.000 0.507
1153.000 0.507
1154.000 0.507
1155.000 0.509
1156.000 0.508
1157.000 0.508
1158.000 0.507
1159.000 0.507
1160.000 0.508
1161.000 0.508
1162.000 0.510
1163.000 0.510
1164.000 0.510
1165.000 0.510
1166.000 0.511
1167.000 0.511
1168.000 0.511
1169.000 0.513
1170.000 0.512
1171.000 0.513
1172.000 0.513
1173.000 0.513
1174.000 0.513
1175.000 0.513
1176.000 0.514
1177.000 0.514
1178.000 0.514
1179.000 0.515
1180.000 0.514
1181.000 0.513
1182.000 0.513
1183.000 0.511
1184.000 0.511
1185.000 0.511
1186.000 0.512
1187.000 0.512
1188.000 0.512
1189.000 0.512
1190.000 0.512
1191.000 0.513
1192.000 0.513
1193.000 0.514
1194.000 0.514
1195.000 0.514
1196.000 0.514
1197.000 0.515
1198.000 0.516
1199.000 0.517
1200.000 0.517
1201.000 0.517
1202.000 0.517
1203.000 0.517
1204.000 0.517
1205.000 0.515
1206.000 0.515
1207.000 0.515
1208.000 0.515
1209.000 0.516
1210.000 0.516
1211.000 0.517
1212.000 0.517
1213.000 0.518
1214.000 0.518
1215.000 0.518
1216.000 0.519
1217.000 0.520
1218.000 0.520
1219.000 0.520
1220.000 0.520
1221.000 0.520
1222.000 0.521
1223.000 0.522
1224.000 0.522
1225.000 0.523
1226.000 0.523
1227.000 0.524
1228.000 0.525
1229.000 0.525
1230.000 0.526
1231.000 0.527
1232.000 0.527
1233.000 0.528
1234.000 0.529
1235.000 0.529
1236.000 0.529
1237.000 0.529
1238.000 0.529
1239.000 0.529
1240.000 0.529
1241.000 0.530
1242.000 0.530
1243.000 0.530
1244.000 0.530
1245.000 0.530
1246.000 0.531
1247.000 0.532
1248.000 0.532
1249.000 0.533
1250.000 0.534
1251.000 0.534
1252.000 0.534
1253.000 0.533
1254.000 0.533
1255.000 0.534
1256.000 0.533
1257.000 0.533
1258.000 0.532
1259.000 0.532
1260.000 0.532
1261.000 0.533
1262.000 0.533
1263.000 0.532
1264.000 0.532
1265.000 0.532
1266.000 0.532
1267.000 0.532
1268.000 0.532
1269.000 0.532
1270.000 0.532
1271.000 0.533
1272.000 0.533
1273.000 0.534
1274.000 0.534
1275.000 0.535
1276.000 0.535
1277.000 0.535
1278.000 0.535
1279.000 0.535
1280.000 0.534
1281.000 0.535
1282.000 0.535
1283.000 0.534
1284.000 0.535
1285.000 0.535
1286.000 0.534
1287.000 0.534
1288.000 0.533
1289.000 0.533
1290.000 0.533
1291.000 0.532
1292.000 0.531
1293.000 0.530
1294.000 0.529
1295.000 0.529
1296.000 0.528
1297.000 0.528
1298.000 0.527
1299.000 0.526
1300.000 0.526
1301.000 0.525
1302.000 0.524
1303.000 0.523
1304.000 0.522
1305.000 0.521
1306.000 0.520
1307.000 0.519
1308.000 0.518
1309.000 0.517
1310.000 0.516
1311.000 0.514
1312.000 0.512
1313.000 0.510
1314.000 0.508
1315.000 0.508
1316.000 0.506
1317.000 0.506
1318.000 0.505
1319.000 0.503
1320.000 0.502
1321.000 0.500
1322.000 0.499
1323.000 0.497
1324.000 0.493
1325.000 0.491
1326.000 0.489
1327.000 0.487
1328.000 0.484
1329.000 0.482
1330.000 0.478
1331.000 0.476
1332.000 0.476
1333.000 0.474
1334.000 0.475
1335.000 0.473
1336.000 0.469
1337.000 0.468
1338.000 0.466
1339.000 0.465
1340.000 0.465
1341.000 0.466
1342.000 0.465
1343.000 0.463
1344.000 0.460
1345.000 0.457
1346.000 0.455
1347.000 0.451
1348.000 0.445
1349.000 0.440
1350.000 0.434
1351.000 0.418
1352.000 0.408
1353.000 0.415
1354.000 0.404
1355.000 0.398
1356.000 0.369
1357.000 0.300
1358.000 0.264
1359.000 0.375
1360.000 0.343
1361.000 0.481
1362.000 0.470
1363.000 0.367
1364.000 0.352
1365.000 0.287
1366.000 0.304
1367.000 0.324
1368.000 0.262
1369.000 0.358
1370.000 0.314
1371.000 0.269
1372.000 0.319
1373.000 0.772
1374.000 0.706
1375.000 0.659
1376.000 0.535
1377.000 0.414
1378.000 0.326
1379.000 0.511
1380.000 0.601
1381.000 0.528
1382.000 0.330
1383.000 0.295
1384.000 0.237
1385.000 0.187
1386.000 0.264
1387.000 0.231
1388.000 0.302
1389.000 0.283
1390.000 0.233
1391.000 0.249
1392.000 0.302
1393.000 0.435
1394.000 0.501
1395.000 0.505
1396.000 0.560
1397.000 0.546
1398.000 0.489
1399.000 0.459
1400.000 0.348
1401.000 0.403
1402.000 0.391
1403.000 0.399
1404.000 0.450
1405.000 0.454
1406.000 0.361
1407.000 0.418
1408.000 0.208
1409.000 0.162
1410.000 0.226
1411.000 0.234
1412.000 0.291
1413.000 0.416
1414.000 0.471
1415.000 0.360
1416.000 0.358
1417.000 0.304
1418.000 0.281
1419.000 0.347
1420.000 0.340
1421.000 0.294
1422.000 0.273
1423.000 0.232
1424.000 0.227
1425.000 0.209
1426.000 0.187
1427.000 0.196
1428.000 0.186
1429.000 0.184
1430.000 0.181
1431.000 0.216
1432.000 0.223
1433.000 0.224
1434.000 0.187
1435.000 0.181
1436.000 0.172
1437.000 0.148
1438.000 0.152
1439.000 0.147
1440.000 0.152
1441.000 0.159
1442.000 0.166
1443.000 0.176
1444.000 0.178
1445.000 0.186
1446.000 0.189
1447.000 0.169
1448.000 0.169
1449.000 0.181
1450.000 0.192
1451.000 0.193
1452.000 0.189
1453.000 0.185
1454.000 0.172
1455.000 0.171
1456.000 0.177
1457.000 0.175
1458.000 0.174
1459.000 0.174
1460.000 0.169
1461.000 0.170
1462.000 0.176
1463.000 0.180
1464.000 0.185
1465.000 0.191
1466.000 0.203
1467.000 0.205
1468.000 0.204
1469.000 0.202
1470.000 0.193
1471.000 0.190
1472.000 0.193
1473.000 0.191
1474.000 0.189
1475.000 0.187
1476.000 0.181
1477.000 0.181
1478.000 0.185
1479.000 0.185
1480.000 0.183
1481.000 0.185
1482.000 0.186
1483.000 0.188
1484.000 0.196
1485.000 0.198
1486.000 0.197
1487.000 0.200
1488.000 0.204
1489.000 0.206
1490.000 0.211
1491.000 0.212
1492.000 0.214
1493.000 0.214
1494.000 0.211
1495.000 0.211
1496.000 0.211
1497.000 0.212
1498.000 0.216
1499.000 0.220
1500.000 0.221
1501.000 0.222
1502.000 0.223
1503.000 0.223
1504.000 0.225
1505.000 0.228
1506.000 0.229
1507.000 0.232
1508.000 0.234
1509.000 0.236
1510.000 0.237
1511.000 0.238
1512.000 0.238
1513.000 0.237
1514.000 0.238
1515.000 0.238
1516.000 0.239
1517.000 0.242
1518.000 0.244
1519.000 0.247
1520.000 0.249
1521.000 0.250
1522.000 0.251
1523.000 0.250
1524.000 0.251
1525.000 0.254
1526.000 0.256
1527.000 0.258
1528.000 0.259
1529.000 0.260
1530.000 0.261
1531.000 0.262
1532.000 0.263
1533.000 0.266
1534.000 0.268
1535.000 0.270
1536.000 0.272
1537.000 0.272
1538.000 0.274
1539.000 0.275
1540.000 0.276
1541.000 0.279
1542.000 0.280
1543.000 0.280
1544.000 0.281
1545.000 0.282
1546.000 0.283
1547.000 0.285
1548.000 0.286
1549.000 0.288
1550.000 0.289
1551.000 0.292
1552.000 0.293
1553.000 0.294
1554.000 0.294
1555.000 0.292
1556.000 0.293
1557.000 0.295
1558.000 0.297
1559.000 0.299
1560.000 0.301
1561.000 0.301
1562.000 0.302
1563.000 0.304
1564.000 0.306
1565.000 0.309
1566.000 0.310
1567.000 0.310
1568.000 0.311
1569.000 0.312
1570.000 0.313
1571.000 0.314
1572.000 0.315
1573.000 0.316
1574.000 0.316
1575.000 0.318
1576.000 0.319
1577.000 0.321
1578.000 0.322
1579.000 0.322
1580.000 0.323
1581.000 0.324
1582.000 0.324
1583.000 0.326
1584.000 0.327
1585.000 0.328
1586.000 0.329
1587.000 0.331
1588.000 0.332
1589.000 0.332
1590.000 0.333
1591.000 0.335
1592.000 0.336
1593.000 0.339
1594.000 0.339
1595.000 0.338
1596.000 0.337
1597.000 0.336
1598.000 0.335
1599.000 0.337
1600.000 0.338
1601.000 0.337
1602.000 0.338
1603.000 0.340
1604.000 0.341
1605.000 0.343
1606.000 0.344
1607.000 0.343
1608.000 0.344
1609.000 0.346
1610.000 0.347
1611.000 0.349
1612.000 0.350
1613.000 0.351
1614.000 0.351
1615.000 0.350
1616.000 0.349
1617.000 0.349
1618.000 0.348
1619.000 0.348
1620.000 0.349
1621.000 0.351
1622.000 0.353
1623.000 0.355
1624.000 0.356
1625.000 0.357
1626.000 0.358
1627.000 0.357
1628.000 0.357
1629.000 0.357
1630.000 0.358
1631.000 0.359
1632.000 0.360
1633.000 0.361
1634.000 0.361
1635.000 0.361
1636.000 0.360
1637.000 0.360
1638.000 0.360
1639.000 0.360
1640.000 0.361
1641.000 0.362
1642.000 0.364
1643.000 0.364
1644.000 0.364
1645.000 0.366
1646.000 0.366
1647.000 0.367
1648.000 0.367
1649.000 0.364
1650.000 0.363
1651.000 0.365
1652.000 0.365
1653.000 0.368
1654.000 0.368
1655.000 0.366
1656.000 0.365
1657.000 0.365
1658.000 0.365
1659.000 0.365
1660.000 0.366
1661.000 0.369
1662.000 0.369
1663.000 0.368
1664.000 0.368
1665.000 0.367
1666.000 0.367
1667.000 0.368
1668.000 0.368
1669.000 0.368
1670.000 0.368
1671.000 0.368
1672.000 0.367
1673.000 0.367
1674.000 0.367
1675.000 0.367
1676.000 0.367
1677.000 0.368
1678.000 0.368
1679.000 0.369
1680.000 0.368
1681.000 0.367
1682.000 0.366
1683.000 0.366
1684.000 0.366
1685.000 0.366
1686.000 0.367
1687.000 0.368
1688.000 0.369
1689.000 0.369
1690.000 0.370
1691.000 0.371
1692.000 0.371
1693.000 0.370
1694.000 0.369
1695.000 0.367
1696.000 0.367
1697.000 0.369
1698.000 0.368
1699.000 0.366
1700.000 0.365
1701.000 0.363
1702.000 0.363
1703.000 0.364
1704.000 0.364
1705.000 0.365
1706.000 0.365
1707.000 0.367
1708.000 0.366
1709.000 0.364
1710.000 0.362
1711.000 0.359
1712.000 0.357
1713.000 0.356
1714.000 0.354
1715.000 0.355
1716.000 0.356
1717.000 0.359
1718.000 0.360
1719.000 0.359
1720.000 0.357
1721.000 0.356
1722.000 0.355
1723.000 0.354
1724.000 0.356
1725.000 0.357
1726.000 0.356
1727.000 0.356
1728.000 0.355
1729.000 0.354
1730.000 0.353
1731.000 0.354
1732.000 0.352
1733.000 0.349
1734.000 0.350
1735.000 0.350
1736.000 0.350
1737.000 0.350
1738.000 0.348
1739.000 0.347
1740.000 0.348
1741.000 0.347
1742.000 0.345
1743.000 0.345
1744.000 0.347
1745.000 0.348
1746.000 0.350
1747.000 0.348
1748.000 0.340
1749.000 0.337
1750.000 0.334
1751.000 0.331
1752.000 0.334
1753.000 0.332
1754.000 0.329
1755.000 0.327
1756.000 0.324
1757.000 0.323
1758.000 0.323
1759.000 0.319
1760.000 0.319
1761.000 0.318
1762.000 0.313
1763.000 0.313
1764.000 0.312
1765.000 0.314
1766.000 0.320
1767.000 0.322
1768.000 0.325
1769.000 0.323
1770.000 0.320
1771.000 0.322
1772.000 0.320
1773.000 0.319
1774.000 0.316
1775.000 0.311
1776.000 0.314
1777.000 0.317
1778.000 0.322
1779.000 0.324
1780.000 0.321
1781.000 0.317
1782.000 0.312
1783.000 0.307
1784.000 0.301
1785.000 0.302
1786.000 0.301
1787.000 0.301
1788.000 0.304
1789.000 0.309
1790.000 0.306
1791.000 0.302
1792.000 0.291
1793.000 0.274
1794.000 0.276
1795.000 0.283
1796.000 0.289
1797.000 0.281
1798.000 0.263
1799.000 0.268
1800.000 0.269
1801.000 0.425
1802.000 0.437
1803.000 0.482
1804.000 0.520
1805.000 0.572
1806.000 0.587
1807.000 0.554
1808.000 0.536
1809.000 0.562
1810.000 0.557
1811.000 0.573
1812.000 0.531
1813.000 0.396
1814.000 0.233
1815.000 0.278
1816.000 0.242
1817.000 0.529
1818.000 0.780
1819.000 0.809
1820.000 0.839
1821.000 0.711
1822.000 0.599
1823.000 0.487
1824.000 0.426
1825.000 0.363
1826.000 0.290
1827.000 0.248
1828.000 0.277
1829.000 0.403
1830.000 0.481
1831.000 0.473
1832.000 0.456
1833.000 0.528
1834.000 0.526
1835.000 0.489
1836.000 0.412
1837.000 0.445
1838.000 0.441
1839.000 0.417
1840.000 0.423
1841.000 0.433
1842.000 0.434
1843.000 0.448
1844.000 0.440
1845.000 0.335
1846.000 0.380
1847.000 0.360
1848.000 0.417
1849.000 0.405
1850.000 0.380
1851.000 0.385
1852.000 0.352
1853.000 0.365
1854.000 0.293
1855.000 0.376
1856.000 0.323
1857.000 0.327
1858.000 0.406
1859.000 0.432
1860.000 0.388
1861.000 0.411
1862.000 0.384
1863.000 0.361
1864.000 0.300
1865.000 0.293
1866.000 0.315
1867.000 0.357
1868.000 0.406
1869.000 0.384
1870.000 0.522
1871.000 0.502
1872.000 0.504
1873.000 0.449
1874.000 0.434
1875.000 0.547
1876.000 0.507
1877.000 0.390
1878.000 0.383
1879.000 0.472
1880.000 0.488
1881.000 0.465
1882.000 0.279
1883.000 0.264
1884.000 0.307
1885.000 0.328
1886.000 0.437
1887.000 0.266
1888.000 0.385
1889.000 0.388
1890.000 0.454
1891.000 0.531
1892.000 0.435
1893.000 0.339
1894.000 0.243
1895.000 0.157
1896.000 0.321
1897.000 0.395
1898.000 0.267
1899.000 0.537
1900.000 0.577
1901.000 0.594
1902.000 0.573
1903.000 0.616
1904.000 0.547
1905.000 0.559
1906.000 0.413
1907.000 0.374
1908.000 0.334
1909.000 0.290
1910.000 0.553
1911.000 0.392
1912.000 0.494
1913.000 0.543
1914.000 0.554
1915.000 0.493
1916.000 0.511
1917.000 0.493
1918.000 0.655
1919.000 0.594
1920.000 0.627
1921.000 0.603
1922.000 0.496
1923.000 0.565
1924.000 0.590
1925.000 0.538
1926.000 0.505
1927.000 0.469
1928.000 0.427
1929.000 0.458
1930.000 0.409
1931.000 0.230
1932.000 0.229
1933.000 0.280
1934.000 0.246
1935.000 0.212
1936.000 0.288
1937.000 0.430
1938.000 0.393
1939.000 0.506
1940.000 0.520
1941.000 0.557
1942.000 0.425
1943.000 0.429
1944.000 0.500
1945.000 0.469
1946.000 0.508
1947.000 0.555
1948.000 0.773
1949.000 0.692
1950.000 0.668
1951.000 0.617
1952.000 0.602
1953.000 0.674
1954.000 0.701
1955.000 0.691
1956.000 0.612
1957.000 0.400
1958.000 0.355
1959.000 0.338
1960.000 0.449
1961.000 0.351
1962.000 0.343
1963.000 0.480
1964.000 0.470
1965.000 0.521
1966.000 0.359
1967.000 0.355
1968.000 0.299
1969.000 0.276
1970.000 0.294
1971.000 0.291
1972.000 0.356
1973.000 0.385
1974.000 0.358
1975.000 0.327
1976.000 0.229
1977.000 0.222
1978.000 0.220
1979.000 0.276
1980.000 0.296
1981.000 0.284
1982.000 0.272
1983.000 0.230
1984.000 0.205
1985.000 0.199
1986.000 0.177
1987.000 0.192
1988.000 0.231
1989.000 0.310
1990.000 0.340
1991.000 0.344
1992.000 0.277
1993.000 0.230
1994.000 0.201
1995.000 0.232
1996.000 0.242
1997.000 0.291
1998.000 0.302
1999.000 0.271
2000.000 0.250
2001.000 0.246
2002.000 0.253
2003.000 0.258
2004.000 0.285
2005.000 0.312
2006.000 0.374
2007.000 0.368
2008.000 0.363
2009.000 0.433
2010.000 0.386
2011.000 0.369
2012.000 0.350
2013.000 0.360
2014.000 0.342
2015.000 0.349
2016.000 0.319
2017.000 0.270
2018.000 0.247
2019.000 0.234
2020.000 0.191
2021.000 0.185
2022.000 0.197
2023.000 0.216
2024.000 0.222
2025.000 0.208
2026.000 0.192
2027.000 0.195
2028.000 0.213
2029.000 0.219
2030.000 0.232
2031.000 0.236
2032.000 0.234
2033.000 0.222
2034.000 0.204
2035.000 0.189
2036.000 0.172
2037.000 0.154
2038.000 0.162
2039.000 0.175
2040.000 0.180
2041.000 0.190
2042.000 0.188
2043.000 0.168
2044.000 0.163
2045.000 0.162
2046.000 0.161
2047.000 0.167
2048.000 0.169
2049.000 0.169
2050.000 0.167
2051.000 0.167
2052.000 0.179
2053.000 0.205
2054.000 0.229
2055.000 0.237
2056.000 0.244
2057.000 0.242
2058.000 0.220
2059.000 0.205
2060.000 0.183
2061.000 0.177
2062.000 0.176
2063.000 0.177
2064.000 0.189
2065.000 0.199
2066.000 0.212
2067.000 0.212
2068.000 0.207
2069.000 0.205
2070.000 0.192
2071.000 0.180
2072.000 0.178
2073.000 0.186
2074.000 0.189
2075.000 0.195
2076.000 0.199
2077.000 0.205
2078.000 0.203
2079.000 0.196
2080.000 0.193
2081.000 0.185
2082.000 0.187
2083.000 0.188
2084.000 0.192
2085.000 0.204
2086.000 0.208
2087.000 0.208
2088.000 0.210
2089.000 0.205
2090.000 0.188
2091.000 0.186
2092.000 0.191
2093.000 0.191
2094.000 0.193
2095.000 0.197
2096.000 0.205
2097.000 0.205
2098.000 0.210
2099.000 0.207
2100.000 0.196
2101.000 0.191
2102.000 0.194
2103.000 0.200
2104.000 0.203
2105.000 0.205
2106.000 0.208
2107.000 0.209
2108.000 0.211
2109.000 0.218
2110.000 0.221
2111.000 0.218
2112.000 0.219
2113.000 0.217
2114.000 0.218
2115.000 0.223
2116.000 0.225
2117.000 0.224
2118.000 0.231
2119.000 0.232
2120.000 0.232
2121.000 0.234
2122.000 0.230
2123.000 0.227
2124.000 0.219
2125.000 0.217
2126.000 0.212
2127.000 0.215
2128.000 0.228
2129.000 0.234
2130.000 0.243
2131.000 0.244
2132.000 0.232
2133.000 0.230
2134.000 0.228
2135.000 0.227
2136.000 0.230
2137.000 0.232
2138.000 0.233
2139.000 0.230
2140.000 0.225
2141.000 0.229
2142.000 0.229
2143.000 0.229
2144.000 0.228
2145.000 0.225
2146.000 0.223
2147.000 0.219
2148.000 0.218
2149.000 0.218
2150.000 0.218
2151.000 0.219
2152.000 0.221
2153.000 0.225
2154.000 0.229
2155.000 0.234
2156.000 0.237
2157.000 0.240
2158.000 0.234
2159.000 0.235
2160.000 0.236
2161.000 0.234
2162.000 0.234
2163.000 0.233
2164.000 0.225
2165.000 0.225
2166.000 0.232
2167.000 0.235
2168.000 0.246
2169.000 0.244
2170.000 0.233
2171.000 0.228
2172.000 0.217
2173.000 0.216
2174.000 0.224
2175.000 0.227
2176.000 0.232
2177.000 0.233
2178.000 0.230
2179.000 0.235
2180.000 0.238
2181.000 0.242
2182.000 0.243
2183.000 0.240
2184.000 0.239
2185.000 0.235
2186.000 0.236
2187.000 0.243
2188.000 0.244
2189.000 0.245
2190.000 0.246
2191.000 0.244
2192.000 0.241
2193.000 0.239
2194.000 0.236
2195.000 0.228
2196.000 0.226
2197.000 0.224
2198.000 0.225
2199.000 0.235
2200.000 0.238
2201.000 0.238
2202.000 0.242
2203.000 0.247
2204.000 0.250
2205.000 0.260
2206.000 0.272
2207.000 0.270
2208.000 0.262
2209.000 0.254
2210.000 0.234
2211.000 0.229
2212.000 0.229
2213.000 0.228
2214.000 0.237
2215.000 0.241
2216.000 0.242
2217.000 0.244
2218.000 0.248
2219.000 0.249
2220.000 0.247
2221.000 0.247
2222.000 0.245
2223.000 0.245
2224.000 0.244
2225.000 0.243
2226.000 0.239
2227.000 0.237
2228.000 0.244
2229.000 0.248
2230.000 0.247
2231.000 0.255
2232.000 0.244
2233.000 0.232
2234.000 0.227
2235.000 0.217
2236.000 0.217
2237.000 0.221
2238.000 0.221
2239.000 0.220
2240.000 0.219
2241.000 0.215
2242.000 0.215
2243.000 0.222
2244.000 0.226
2245.000 0.227
2246.000 0.232
2247.000 0.239
2248.000 0.240
2249.000 0.242
2250.000 0.241
2251.000 0.234
2252.000 0.227
2253.000 0.214
2254.000 0.206
2255.000 0.194
2256.000 0.192
2257.000 0.198
2258.000 0.207
2259.000 0.224
2260.000 0.227
2261.000 0.229
2262.000 0.222
2263.000 0.212
2264.000 0.206
2265.000 0.193
2266.000 0.195
2267.000 0.202
2268.000 0.212
2269.000 0.223
2270.000 0.223
2271.000 0.225
2272.000 0.209
2273.000 0.203
2274.000 0.203
2275.000 0.200
2276.000 0.196
2277.000 0.196
2278.000 0.195
2279.000 0.196
2280.000 0.202
2281.000 0.203
2282.000 0.202
2283.000 0.204
2284.000 0.201
2285.000 0.207
2286.000 0.231
2287.000 0.238
2288.000 0.244
2289.000 0.248
2290.000 0.238
2291.000 0.233
2292.000 0.230
2293.000 0.232
2294.000 0.243
2295.000 0.247
2296.000 0.249
2297.000 0.236
2298.000 0.237
2299.000 0.227
2300.000 0.233
2301.000 0.237
2302.000 0.225
2303.000 0.212
2304.000 0.206
2305.000 0.198
2306.000 0.203
2307.000 0.233
2308.000 0.224
2309.000 0.232
2310.000 0.236
2311.000 0.258
2312.000 0.253
2313.000 0.242
2314.000 0.249
2315.000 0.230
2316.000 0.221
2317.000 0.220
2318.000 0.202
2319.000 0.191
2320.000 0.192
2321.000 0.218
2322.000 0.234
2323.000 0.256
2324.000 0.259
2325.000 0.268
2326.000 0.272
2327.000 0.229
2328.000 0.214
2329.000 0.177
2330.000 0.157
2331.000 0.128
2332.000 0.146
2333.000 0.172
2334.000 0.164
2335.000 0.216
2336.000 0.212
2337.000 0.188
2338.000 0.174
2339.000 0.148
2340.000 0.154
2341.000 0.139
2342.000 0.144
2343.000 0.164
2344.000 0.211
2345.000 0.226
2346.000 0.212
2347.000 0.190
2348.000 0.193
2349.000 0.198
2350.000 0.191
2351.000 0.228
2352.000 0.234
2353.000 0.200
2354.000 0.179
2355.000 0.180
2356.000 0.165
2357.000 0.157
2358.000 0.113
2359.000 0.105
2360.000 0.117
2361.000 0.135
2362.000 0.136
2363.000 0.185
2364.000 0.202
2365.000 0.243
2366.000 0.239
2367.000 0.204
2368.000 0.231
2369.000 0.341
2370.000 0.272
2371.000 0.261
2372.000 0.415
2373.000 0.448
2374.000 0.330
2375.000 0.449
2376.000 0.426
2377.000 0.483
2378.000 0.576
2379.000 0.536
2380.000 0.377
2381.000 0.256
2382.000 0.577
2383.000 0.594
2384.000 0.820
2385.000 0.367
2386.000 0.403
2387.000 0.678
2388.000 0.237
2389.000 0.324
2390.000 0.405
2391.000 0.436
2392.000 0.576
2393.000 0.474
2394.000 0.463
2395.000 0.390
2396.000 0.447
2397.000 0.407
2398.000 0.430
2399.000 0.313
2400.000 0.222
2401.000 0.625
2402.000 0.501
2403.000 0.388
2404.000 0.461
2405.000 0.510
2406.000 0.575
2407.000 0.598
2408.000 0.460
2409.000 0.315
2410.000 0.591
2411.000 0.428
2412.000 0.411
2413.000 0.424
2414.000 0.286
2415.000 0.491
2416.000 0.236
2417.000 0.206
2418.000 0.262
2419.000 0.358
2420.000 0.228
2421.000 0.273
2422.000 0.464
2423.000 0.337
2424.000 0.340
2425.000 0.308
2426.000 0.311
2427.000 0.250
2428.000 0.254
2429.000 0.395
2430.000 0.484
2431.000 0.329
2432.000 0.302
2433.000 0.419
2434.000 0.407
2435.000 0.772
2436.000 0.310
2437.000 0.622
2438.000 0.335
2439.000 0.365
2440.000 0.430
2441.000 0.521
2442.000 0.625
2443.000 0.590
2444.000 0.504
2445.000 0.520
2446.000 0.550
2447.000 0.575
2448.000 0.648
2449.000 0.370
2450.000 0.466
2451.000 0.542
2452.000 0.516
2453.000 0.606
2454.000 0.486
2455.000 0.307
2456.000 0.373
2457.000 0.402
2458.000 0.300
2459.000 0.500
2460.000 0.312
2461.000 0.302
2462.000 0.475
2463.000 0.568
2464.000 0.533
2465.000 0.184
2466.000 0.412
2467.000 0.554
2468.000 0.516
2469.000 0.516
2470.000 0.629
2471.000 0.632
2472.000 0.551
2473.000 0.509
2474.000 0.416
2475.000 0.412
2476.000 0.502
2477.000 0.553
2478.000 0.705
2479.000 0.483
2480.000 0.614
2481.000 0.501
2482.000 0.378
2483.000 0.232
2484.000 0.529
2485.000 0.507
2486.000 0.526
2487.000 0.634
2488.000 0.385
2489.000 0.226
2490.000 0.188
2491.000 0.267
2492.000 0.358
2493.000 0.412
2494.000 0.480
2495.000 0.327
2496.000 0.375
2497.000 0.481
2498.000 0.269
2499.000 0.472
2500.000 0.545
