391.000 0.067
392.000 0.070
393.000 0.070
394.000 0.072
395.000 0.069
396.000 0.066
397.000 0.067
398.000 0.073
399.000 0.071
400.000 0.069
401.000 0.073
402.000 0.069
403.000 0.068
404.000 0.070
405.000 0.072
406.000 0.072
407.000 0.070
408.000 0.069
409.000 0.070
410.000 0.070
411.000 0.071
412.000 0.075
413.000 0.072
414.000 0.071
415.000 0.071
416.000 0.072
417.000 0.067
418.000 0.067
419.000 0.071
420.000 0.072
421.000 0.072
422.000 0.074
423.000 0.077
424.000 0.071
425.000 0.072
426.000 0.074
427.000 0.070
428.000 0.068
429.000 0.071
430.000 0.076
431.000 0.077
432.000 0.075
433.000 0.073
434.000 0.072
435.000 0.072
436.000 0.072
437.000 0.071
438.000 0.071
439.000 0.072
440.000 0.073
441.000 0.073
442.000 0.072
443.000 0.073
444.000 0.074
445.000 0.073
446.000 0.072
447.000 0.073
448.000 0.075
449.000 0.074
450.000 0.072
451.000 0.074
452.000 0.077
453.000 0.076
454.000 0.074
455.000 0.074
456.000 0.075
457.000 0.076
458.000 0.076
459.000 0.076
460.000 0.077
461.000 0.074
462.000 0.073
463.000 0.074
464.000 0.074
465.000 0.076
466.000 0.077
467.000 0.075
468.000 0.076
469.000 0.078
470.000 0.078
471.000 0.077
472.000 0.076
473.000 0.076
474.000 0.077
475.000 0.077
476.000 0.077
477.000 0.077
478.000 0.078
479.000 0.076
480.000 0.076
481.000 0.077
482.000 0.077
483.000 0.078
484.000 0.078
485.000 0.079
486.000 0.078
487.000 0.079
488.000 0.080
489.000 0.078
490.000 0.078
491.000 0.078
492.000 0.079
493.000 0.078
494.000 0.080
495.000 0.081
496.000 0.080
497.000 0.080
498.000 0.080
499.000 0.079
500.000 0.081
501.000 0.082
502.000 0.082
503.000 0.082
504.000 0.084
505.000 0.084
506.000 0.085
507.000 0.087
508.000 0.087
509.000 0.087
510.000 0.087
511.000 0.089
512.000 0.091
513.000 0.092
514.000 0.094
515.000 0.096
516.000 0.097
517.000 0.100
518.000 0.103
519.000 0.104
520.000 0.106
521.000 0.110
522.000 0.114
523.000 0.117
524.000 0.119
525.000 0.121
526.000 0.125
527.000 0.127
528.000 0.129
529.000 0.131
530.000 0.133
531.000 0.135
532.000 0.137
533.000 0.138
534.000 0.139
535.000 0.141
536.000 0.142
537.000 0.144
538.000 0.145
539.000 0.145
540.000 0.146
541.000 0.146
542.000 0.147
543.000 0.147
544.000 0.147
545.000 0.147
546.000 0.148
547.000 0.148
548.000 0.148
549.000 0.148
550.000 0.148
551.000 0.149
552.000 0.149
553.000 0.149
554.000 0.149
555.000 0.148
556.000 0.148
557.000 0.147
558.000 0.146
559.000 0.145
560.000 0.144
561.000 0.143
562.000 0.142
563.000 0.141
564.000 0.140
565.000 0.138
566.000 0.136
567.000 0.134
568.000 0.132
569.000 0.130
570.000 0.129
571.000 0.128
572.000 0.125
573.000 0.124
574.000 0.122
575.000 0.121
576.000 0.120
577.000 0.118
578.000 0.117
579.000 0.117
580.000 0.116
581.000 0.116
582.000 0.115
583.000 0.112
584.000 0.112
585.000 0.111
586.000 0.111
587.000 0.111
588.000 0.110
589.000 0.109
590.000 0.108
591.000 0.107
592.000 0.107
593.000 0.107
594.000 0.106
595.000 0.106
596.000 0.105
597.000 0.105
598.000 0.105
599.000 0.105
600.000 0.105
601.000 0.104
602.000 0.103
603.000 0.104
604.000 0.104
605.000 0.105
606.000 0.105
607.000 0.104
608.000 0.102
609.000 0.103
610.000 0.102
611.000 0.101
612.000 0.101
613.000 0.101
614.000 0.100
615.000 0.099
616.000 0.099
617.000 0.099
618.000 0.098
619.000 0.099
620.000 0.100
621.000 0.099
622.000 0.098
623.000 0.098
624.000 0.098
625.000 0.098
626.000 0.098
627.000 0.099
628.000 0.098
629.000 0.097
630.000 0.097
631.000 0.096
632.000 0.097
633.000 0.098
634.000 0.097
635.000 0.097
636.000 0.098
637.000 0.098
638.000 0.098
639.000 0.098
640.000 0.097
641.000 0.096
642.000 0.095
643.000 0.095
644.000 0.094
645.000 0.094
646.000 0.094
647.000 0.093
648.000 0.094
649.000 0.093
650.000 0.093
651.000 0.094
652.000 0.094
653.000 0.094
654.000 0.094
655.000 0.093
656.000 0.092
657.000 0.094
658.000 0.095
659.000 0.095
660.000 0.097
661.000 0.097
662.000 0.095
663.000 0.097
664.000 0.097
665.000 0.097
666.000 0.098
667.000 0.099
668.000 0.099
669.000 0.100
670.000 0.100
671.000 0.101
672.000 0.102
673.000 0.101
674.000 0.104
675.000 0.106
676.000 0.107
677.000 0.108
678.000 0.110
679.000 0.111
680.000 0.110
681.000 0.111
682.000 0.112
683.000 0.112
684.000 0.114
685.000 0.114
686.000 0.115
687.000 0.116
688.000 0.117
689.000 0.118
690.000 0.119
691.000 0.120
692.000 0.122
693.000 0.125
694.000 0.128
695.000 0.132
696.000 0.140
697.000 0.145
698.000 0.150
699.000 0.156
700.000 0.164
701.000 0.171
702.000 0.179
703.000 0.187
704.000 0.196
705.000 0.204
706.000 0.211
707.000 0.220
708.000 0.229
709.000 0.237
710.000 0.246
711.000 0.254
712.000 0.262
713.000 0.271
714.000 0.279
715.000 0.288
716.000 0.294
717.000 0.301
718.000 0.310
719.000 0.319
720.000 0.329
721.000 0.339
722.000 0.347
723.000 0.355
724.000 0.362
725.000 0.371
726.000 0.379
727.000 0.387
728.000 0.394
729.000 0.402
730.000 0.408
731.000 0.417
732.000 0.425
733.000 0.432
734.000 0.438
735.000 0.444
736.000 0.450
737.000 0.456
738.000 0.461
739.000 0.466
740.000 0.471
741.000 0.476
742.000 0.480
743.000 0.484
744.000 0.487
745.000 0.491
746.000 0.494
747.000 0.497
748.000 0.500
749.000 0.502
750.000 0.504
751.000 0.506
752.000 0.508
753.000 0.510
754.000 0.511
755.000 0.513
756.000 0.514
757.000 0.515
758.000 0.516
759.000 0.515
760.000 0.512
761.000 0.509
762.000 0.508
763.000 0.509
764.000 0.511
765.000 0.514
766.000 0.518
767.000 0.520
768.000 0.522
769.000 0.524
770.000 0.525
771.000 0.525
772.000 0.526
773.000 0.527
774.000 0.527
775.000 0.528
776.000 0.528
777.000 0.528
778.000 0.528
779.000 0.529
780.000 0.529
781.000 0.530
782.000 0.530
783.000 0.530
784.000 0.530
785.000 0.530
786.000 0.530
787.000 0.530
788.000 0.529
789.000 0.529
790.000 0.529
791.000 0.529
792.000 0.530
793.000 0.531
794.000 0.531
795.000 0.531
796.000 0.531
797.000 0.531
798.000 0.532
799.000 0.532
800.000 0.532
801.000 0.532
802.000 0.532
803.000 0.532
804.000 0.532
805.000 0.534
806.000 0.534
807.000 0.534
808.000 0.535
809.000 0.534
810.000 0.533
811.000 0.533
812.000 0.531
813.000 0.530
814.000 0.528
815.000 0.527
816.000 0.526
817.000 0.526
818.000 0.527
819.000 0.528
820.000 0.530
821.000 0.530
822.000 0.531
823.000 0.530
824.000 0.532
825.000 0.532
826.000 0.533
827.000 0.533
828.000 0.533
829.000 0.533
830.000 0.534
831.000 0.534
832.000 0.535
833.000 0.535
834.000 0.536
835.000 0.537
836.000 0.538
837.000 0.539
838.000 0.540
839.000 0.540
840.000 0.541
841.000 0.541
842.000 0.542
843.000 0.543
844.000 0.543
845.000 0.543
846.000 0.544
847.000 0.544
848.000 0.544
849.000 0.544
850.000 0.545
851.000 0.545
852.000 0.545
853.000 0.545
854.000 0.545
855.000 0.545
856.000 0.546
857.000 0.546
858.000 0.546
859.000 0.546
860.000 0.547
861.000 0.547
862.000 0.547
863.000 0.548
864.000 0.548
865.000 0.548
866.000 0.548
867.000 0.548
868.000 0.548
869.000 0.549
870.000 0.549
871.000 0.549
872.000 0.549
873.000 0.549
874.000 0.549
875.000 0.549
876.000 0.550
877.000 0.550
878.000 0.550
879.000 0.550
880.000 0.550
881.000 0.550
882.000 0.551
883.000 0.551
884.000 0.551
885.000 0.551
886.000 0.551
887.000 0.551
888.000 0.551
889.000 0.551
890.000 0.551
891.000 0.550
892.000 0.549
893.000 0.549
894.000 0.547
895.000 0.546
896.000 0.544
897.000 0.543
898.000 0.541
899.000 0.541
900.000 0.541
901.000 0.541
902.000 0.542
903.000 0.543
904.000 0.543
905.000 0.543
906.000 0.543
907.000 0.542
908.000 0.541
909.000 0.541
910.000 0.540
911.000 0.539
912.000 0.539
913.000 0.539
914.000 0.539
915.000 0.538
916.000 0.539
917.000 0.541
918.000 0.541
919.000 0.542
920.000 0.543
921.000 0.545
922.000 0.544
923.000 0.544
924.000 0.543
925.000 0.542
926.000 0.541
927.000 0.540
928.000 0.536
929.000 0.534
930.000 0.531
931.000 0.528
932.000 0.523
933.000 0.518
934.000 0.512
935.000 0.510
936.000 0.513
937.000 0.516
938.000 0.515
939.000 0.513
940.000 0.515
941.000 0.515
942.000 0.513
943.000 0.511
944.000 0.511
945.000 0.512
946.000 0.514
947.000 0.514
948.000 0.512
949.000 0.512
950.000 0.513
951.000 0.514
952.000 0.512
953.000 0.510
954.000 0.511
955.000 0.515
956.000 0.513
957.000 0.512
958.000 0.512
959.000 0.514
960.000 0.517
961.000 0.518
962.000 0.519
963.000 0.521
964.000 0.524
965.000 0.523
966.000 0.524
967.000 0.528
968.000 0.529
969.000 0.528
970.000 0.528
971.000 0.529
972.000 0.532
973.000 0.533
974.000 0.533
975.000 0.534
976.000 0.530
977.000 0.532
978.000 0.533
979.000 0.533
980.000 0.533
981.000 0.537
982.000 0.539
983.000 0.538
984.000 0.538
985.000 0.539
986.000 0.541
987.000 0.542
988.000 0.542
989.000 0.543
990.000 0.545
991.000 0.548
992.000 0.547
993.000 0.546
994.000 0.547
995.000 0.548
996.000 0.548
997.000 0.548
998.000 0.549
999.000 0.550
1000.000 0.550
1001.000 0.548
1002.000 0.548
1003.000 0.549
1004.000 0.549
1005.000 0.550
1006.000 0.552
1007.000 0.552
1008.000 0.552
1009.000 0.553
1010.000 0.553
1011.000 0.553
1012.000 0.553
1013.000 0.553
1014.000 0.553
1015.000 0.553
1016.000 0.554
1017.000 0.555
1018.000 0.557
1019.000 0.558
1020.000 0.558
1021.000 0.558
1022.000 0.557
1023.000 0.556
1024.000 0.557
1025.000 0.557
1026.000 0.557
1027.000 0.559
1028.000 0.560
1029.000 0.560
1030.000 0.561
1031.000 0.561
1032.000 0.562
1033.000 0.563
1034.000 0.563
1035.000 0.564
1036.000 0.564
1037.000 0.564
1038.000 0.564
1039.000 0.564
1040.000 0.564
1041.000 0.565
1042.000 0.566
1043.000 0.565
1044.000 0.564
1045.000 0.565
1046.000 0.566
1047.000 0.566
1048.000 0.566
1049.000 0.567
1050.000 0.568
1051.000 0.568
1052.000 0.568
1053.000 0.568
1054.000 0.568
1055.000 0.568
1056.000 0.568
1057.000 0.568
1058.000 0.569
1059.000 0.569
1060.000 0.569
1061.000 0.569
1062.000 0.569
1063.000 0.569
1064.000 0.569
1065.000 0.570
1066.000 0.570
1067.000 0.570
1068.000 0.569
1069.000 0.569
1070.000 0.569
1071.000 0.569
1072.000 0.569
1073.000 0.569
1074.000 0.569
1075.000 0.569
1076.000 0.569
1077.000 0.568
1078.000 0.569
1079.000 0.569
1080.000 0.569
1081.000 0.569
1082.000 0.569
1083.000 0.568
1084.000 0.568
1085.000 0.568
1086.000 0.568
1087.000 0.568
1088.000 0.567
1089.000 0.567
1090.000 0.567
1091.000 0.567
1092.000 0.567
1093.000 0.566
1094.000 0.565
1095.000 0.564
1096.000 0.563
1097.000 0.562
1098.000 0.562
1099.000 0.561
1100.000 0.560
1101.000 0.558
1102.000 0.557
1103.000 0.556
1104.000 0.555
1105.000 0.554
1106.000 0.553
1107.000 0.552
1108.000 0.551
1109.000 0.549
1110.000 0.548
1111.000 0.547
1112.000 0.545
1113.000 0.543
1114.000 0.541
1115.000 0.540
1116.000 0.539
1117.000 0.537
1118.000 0.535
1119.000 0.529
1120.000 0.522
1121.000 0.518
1122.000 0.512
1123.000 0.507
1124.000 0.509
1125.000 0.510
1126.000 0.510
1127.000 0.510
1128.000 0.512
1129.000 0.512
1130.000 0.513
1131.000 0.514
1132.000 0.514
1133.000 0.514
1134.000 0.513
1135.000 0.512
1136.000 0.513
1137.000 0.511
1138.000 0.511
1139.000 0.509
1140.000 0.507
1141.000 0.505
1142.000 0.503
1143.000 0.500
1144.000 0.500
1145.000 0.500
1146.000 0.499
1147.000 0.500
1148.000 0.500
1149.000 0.500
1150.000 0.498
1151.000 0.499
1152.000 0.498
1153.000 0.499
1154.000 0.501
1155.000 0.502
1156.000 0.503
1157.000 0.504
1158.000 0.504
1159.000 0.505
1160.000 0.506
1161.000 0.507
1162.000 0.509
1163.000 0.510
1164.000 0.512
1165.000 0.512
1166.000 0.513
1167.000 0.513
1168.000 0.513
1169.000 0.514
1170.000 0.515
1171.000 0.515
1172.000 0.516
1173.000 0.516
1174.000 0.517
1175.000 0.518
1176.000 0.518
1177.000 0.518
1178.000 0.518
1179.000 0.517
1180.000 0.517
1181.000 0.516
1182.000 0.516
1183.000 0.515
1184.000 0.515
1185.000 0.515
1186.000 0.515
1187.000 0.515
1188.000 0.516
1189.000 0.516
1190.000 0.516
1191.000 0.517
1192.000 0.517
1193.000 0.517
1194.000 0.517
1195.000 0.517
1196.000 0.517
1197.000 0.517
1198.000 0.518
1199.000 0.518
1200.000 0.518
1201.000 0.518
1202.000 0.519
1203.000 0.518
1204.000 0.519
1205.000 0.519
1206.000 0.519
1207.000 0.519
1208.000 0.519
1209.000 0.520
1210.000 0.520
1211.000 0.520
1212.000 0.521
1213.000 0.522
1214.000 0.522
1215.000 0.523
1216.000 0.524
1217.000 0.525
1218.000 0.525
1219.000 0.525
1220.000 0.526
1221.000 0.526
1222.000 0.526
1223.000 0.527
1224.000 0.528
1225.000 0.528
1226.000 0.529
1227.000 0.531
1228.000 0.531
1229.000 0.532
1230.000 0.532
1231.000 0.532
1232.000 0.532
1233.000 0.532
1234.000 0.531
1235.000 0.532
1236.000 0.533
1237.000 0.533
1238.000 0.534
1239.000 0.534
1240.000 0.534
1241.000 0.534
1242.000 0.535
1243.000 0.535
1244.000 0.535
1245.000 0.536
1246.000 0.536
1247.000 0.536
1248.000 0.537
1249.000 0.537
1250.000 0.538
1251.000 0.538
1252.000 0.539
1253.000 0.539
1254.000 0.539
1255.000 0.538
1256.000 0.538
1257.000 0.538
1258.000 0.538
1259.000 0.538
1260.000 0.538
1261.000 0.538
1262.000 0.538
1263.000 0.537
1264.000 0.537
1265.000 0.537
1266.000 0.537
1267.000 0.536
1268.000 0.537
1269.000 0.537
1270.000 0.537
1271.000 0.538
1272.000 0.537
1273.000 0.538
1274.000 0.538
1275.000 0.538
1276.000 0.538
1277.000 0.539
1278.000 0.539
1279.000 0.539
1280.000 0.539
1281.000 0.539
1282.000 0.538
1283.000 0.539
1284.000 0.538
1285.000 0.538
1286.000 0.537
1287.000 0.536
1288.000 0.535
1289.000 0.535
1290.000 0.535
1291.000 0.535
1292.000 0.535
1293.000 0.535
1294.000 0.534
1295.000 0.533
1296.000 0.532
1297.000 0.531
1298.000 0.530
1299.000 0.530
1300.000 0.529
1301.000 0.528
1302.000 0.527
1303.000 0.526
1304.000 0.525
1305.000 0.522
1306.000 0.521
1307.000 0.520
1308.000 0.518
1309.000 0.517
1310.000 0.516
1311.000 0.515
1312.000 0.513
1313.000 0.510
1314.000 0.508
1315.000 0.507
1316.000 0.506
1317.000 0.505
1318.000 0.504
1319.000 0.502
1320.000 0.500
1321.000 0.499
1322.000 0.497
1323.000 0.495
1324.000 0.493
1325.000 0.491
1326.000 0.489
1327.000 0.486
1328.000 0.484
1329.000 0.481
1330.000 0.479
1331.000 0.476
1332.000 0.474
1333.000 0.471
1334.000 0.467
1335.000 0.464
1336.000 0.462
1337.000 0.460
1338.000 0.460
1339.000 0.458
1340.000 0.457
1341.000 0.458
1342.000 0.456
1343.000 0.455
1344.000 0.449
1345.000 0.446
1346.000 0.442
1347.000 0.437
1348.000 0.434
1349.000 0.436
1350.000 0.432
1351.000 0.425
1352.000 0.410
1353.000 0.373
1354.000 0.333
1355.000 0.288
1356.000 0.252
1357.000 0.258
1358.000 0.237
1359.000 0.293
1360.000 0.269
1361.000 0.240
1362.000 0.171
1363.000 0.197
1364.000 0.188
1365.000 0.266
1366.000 0.326
1367.000 0.207
1368.000 0.433
1369.000 0.346
1370.000 0.327
1371.000 0.174
1372.000 0.165
1373.000 0.258
1374.000 0.328
1375.000 0.321
1376.000 0.441
1377.000 0.416
1378.000 0.364
1379.000 0.388
1380.000 0.389
1381.000 0.463
1382.000 0.603
1383.000 0.544
1384.000 0.439
1385.000 0.543
1386.000 0.595
1387.000 0.516
1388.000 0.498
1389.000 0.488
1390.000 0.449
1391.000 0.438
1392.000 0.591
1393.000 0.490
1394.000 0.420
1395.000 0.345
1396.000 0.570
1397.000 0.630
1398.000 0.739
1399.000 0.802
1400.000 0.413
1401.000 0.472
1402.000 0.460
1403.000 0.450
1404.000 0.464
1405.000 0.611
1406.000 0.753
1407.000 0.554
1408.000 0.281
1409.000 0.357
1410.000 0.230
1411.000 0.369
1412.000 0.429
1413.000 0.625
1414.000 0.542
1415.000 0.483
1416.000 0.570
1417.000 0.431
1418.000 0.317
1419.000 0.301
1420.000 0.320
1421.000 0.358
1422.000 0.344
1423.000 0.278
1424.000 0.316
1425.000 0.202
1426.000 0.191
1427.000 0.250
1428.000 0.278
1429.000 0.322
1430.000 0.280
1431.000 0.205
1432.000 0.204
1433.000 0.185
1434.000 0.188
1435.000 0.217
1436.000 0.213
1437.000 0.195
1438.000 0.196
1439.000 0.133
1440.000 0.134
1441.000 0.146
1442.000 0.157
1443.000 0.157
1444.000 0.156
1445.000 0.171
1446.000 0.174
1447.000 0.162
1448.000 0.157
1449.000 0.157
1450.000 0.151
1451.000 0.142
1452.000 0.145
1453.000 0.146
1454.000 0.141
1455.000 0.146
1456.000 0.158
1457.000 0.162
1458.000 0.164
1459.000 0.166
1460.000 0.165
1461.000 0.166
1462.000 0.168
1463.000 0.171
1464.000 0.177
1465.000 0.178
1466.000 0.178
1467.000 0.172
1468.000 0.158
1469.000 0.151
1470.000 0.141
1471.000 0.137
1472.000 0.141
1473.000 0.143
1474.000 0.150
1475.000 0.152
1476.000 0.148
1477.000 0.151
1478.000 0.157
1479.000 0.164
1480.000 0.177
1481.000 0.182
1482.000 0.180
1483.000 0.182
1484.000 0.178
1485.000 0.181
1486.000 0.188
1487.000 0.194
1488.000 0.200
1489.000 0.205
1490.000 0.209
1491.000 0.211
1492.000 0.210
1493.000 0.211
1494.000 0.211
1495.000 0.213
1496.000 0.217
1497.000 0.220
1498.000 0.223
1499.000 0.226
1500.000 0.227
1501.000 0.228
1502.000 0.231
1503.000 0.232
1504.000 0.233
1505.000 0.235
1506.000 0.237
1507.000 0.238
1508.000 0.239
1509.000 0.240
1510.000 0.242
1511.000 0.245
1512.000 0.247
1513.000 0.248
1514.000 0.249
1515.000 0.249
1516.000 0.250
1517.000 0.251
1518.000 0.253
1519.000 0.255
1520.000 0.257
1521.000 0.260
1522.000 0.262
1523.000 0.263
1524.000 0.264
1525.000 0.265
1526.000 0.266
1527.000 0.267
1528.000 0.267
1529.000 0.268
1530.000 0.270
1531.000 0.271
1532.000 0.273
1533.000 0.276
1534.000 0.279
1535.000 0.282
1536.000 0.284
1537.000 0.285
1538.000 0.287
1539.000 0.286
1540.000 0.287
1541.000 0.288
1542.000 0.290
1543.000 0.292
1544.000 0.293
1545.000 0.295
1546.000 0.296
1547.000 0.298
1548.000 0.299
1549.000 0.301
1550.000 0.302
1551.000 0.303
1552.000 0.304
1553.000 0.305
1554.000 0.306
1555.000 0.309
1556.000 0.310
1557.000 0.311
1558.000 0.312
1559.000 0.313
1560.000 0.315
1561.000 0.317
1562.000 0.318
1563.000 0.319
1564.000 0.321
1565.000 0.321
1566.000 0.322
1567.000 0.322
1568.000 0.323
1569.000 0.323
1570.000 0.324
1571.000 0.326
1572.000 0.327
1573.000 0.330
1574.000 0.331
1575.000 0.331
1576.000 0.332
1577.000 0.333
1578.000 0.334
1579.000 0.336
1580.000 0.337
1581.000 0.339
1582.000 0.340
1583.000 0.340
1584.000 0.341
1585.000 0.342
1586.000 0.343
1587.000 0.347
1588.000 0.347
1589.000 0.348
1590.000 0.349
1591.000 0.348
1592.000 0.348
1593.000 0.349
1594.000 0.349
1595.000 0.350
1596.000 0.350
1597.000 0.351
1598.000 0.352
1599.000 0.353
1600.000 0.354
1601.000 0.354
1602.000 0.355
1603.000 0.355
1604.000 0.356
1605.000 0.358
1606.000 0.360
1607.000 0.361
1608.000 0.362
1609.000 0.362
1610.000 0.362
1611.000 0.363
1612.000 0.363
1613.000 0.364
1614.000 0.364
1615.000 0.366
1616.000 0.366
1617.000 0.366
1618.000 0.366
1619.000 0.366
1620.000 0.366
1621.000 0.366
1622.000 0.367
1623.000 0.368
1624.000 0.368
1625.000 0.370
1626.000 0.371
1627.000 0.370
1628.000 0.371
1629.000 0.372
1630.000 0.373
1631.000 0.375
1632.000 0.376
1633.000 0.376
1634.000 0.376
1635.000 0.374
1636.000 0.375
1637.000 0.374
1638.000 0.374
1639.000 0.376
1640.000 0.377
1641.000 0.378
1642.000 0.379
1643.000 0.378
1644.000 0.379
1645.000 0.381
1646.000 0.381
1647.000 0.382
1648.000 0.382
1649.000 0.380
1650.000 0.379
1651.000 0.379
1652.000 0.379
1653.000 0.381
1654.000 0.381
1655.000 0.381
1656.000 0.382
1657.000 0.383
1658.000 0.383
1659.000 0.382
1660.000 0.382
1661.000 0.382
1662.000 0.382
1663.000 0.384
1664.000 0.384
1665.000 0.384
1666.000 0.384
1667.000 0.383
1668.000 0.384
1669.000 0.386
1670.000 0.386
1671.000 0.385
1672.000 0.386
1673.000 0.385
1674.000 0.385
1675.000 0.386
1676.000 0.386
1677.000 0.388
1678.000 0.388
1679.000 0.388
1680.000 0.388
1681.000 0.388
1682.000 0.388
1683.000 0.389
1684.000 0.388
1685.000 0.388
1686.000 0.387
1687.000 0.389
1688.000 0.388
1689.000 0.388
1690.000 0.387
1691.000 0.385
1692.000 0.385
1693.000 0.386
1694.000 0.386
1695.000 0.385
1696.000 0.384
1697.000 0.384
1698.000 0.383
1699.000 0.382
1700.000 0.383
1701.000 0.382
1702.000 0.383
1703.000 0.385
1704.000 0.385
1705.000 0.385
1706.000 0.385
1707.000 0.386
1708.000 0.385
1709.000 0.383
1710.000 0.383
1711.000 0.382
1712.000 0.383
1713.000 0.384
1714.000 0.382
1715.000 0.381
1716.000 0.380
1717.000 0.379
1718.000 0.379
1719.000 0.377
1720.000 0.376
1721.000 0.374
1722.000 0.372
1723.000 0.373
1724.000 0.372
1725.000 0.370
1726.000 0.369
1727.000 0.368
1728.000 0.368
1729.000 0.370
1730.000 0.370
1731.000 0.370
1732.000 0.366
1733.000 0.364
1734.000 0.363
1735.000 0.363
1736.000 0.363
1737.000 0.363
1738.000 0.362
1739.000 0.362
1740.000 0.364
1741.000 0.364
1742.000 0.364
1743.000 0.362
1744.000 0.360
1745.000 0.358
1746.000 0.359
1747.000 0.358
1748.000 0.356
1749.000 0.354
1750.000 0.351
1751.000 0.348
1752.000 0.346
1753.000 0.344
1754.000 0.342
1755.000 0.340
1756.000 0.341
1757.000 0.340
1758.000 0.338
1759.000 0.336
1760.000 0.335
1761.000 0.335
1762.000 0.337
1763.000 0.338
1764.000 0.338
1765.000 0.338
1766.000 0.338
1767.000 0.333
1768.000 0.330
1769.000 0.332
1770.000 0.332
1771.000 0.334
1772.000 0.339
1773.000 0.339
1774.000 0.334
1775.000 0.330
1776.000 0.330
1777.000 0.327
1778.000 0.327
1779.000 0.327
1780.000 0.319
1781.000 0.316
1782.000 0.316
1783.000 0.314
1784.000 0.311
1785.000 0.302
1786.000 0.301
1787.000 0.307
1788.000 0.308
1789.000 0.313
1790.000 0.315
1791.000 0.308
1792.000 0.302
1793.000 0.298
1794.000 0.289
1795.000 0.292
1796.000 0.298
1797.000 0.286
1798.000 0.288
1799.000 0.290
1800.000 0.294
1801.000 0.318
1802.000 0.337
1803.000 0.373
1804.000 0.392
1805.000 0.433
1806.000 0.479
1807.000 0.522
1808.000 0.550
1809.000 0.535
1810.000 0.551
1811.000 0.559
1812.000 0.603
1813.000 0.639
1814.000 0.672
1815.000 0.596
1816.000 0.498
1817.000 0.375
1818.000 0.335
1819.000 0.431
1820.000 0.483
1821.000 0.543
1822.000 0.421
1823.000 0.573
1824.000 0.622
1825.000 0.644
1826.000 0.372
1827.000 0.422
1828.000 0.483
1829.000 0.477
1830.000 0.524
1831.000 0.497
1832.000 0.452
1833.000 0.587
1834.000 0.394
1835.000 0.399
1836.000 0.552
1837.000 0.502
1838.000 0.468
1839.000 0.483
1840.000 0.492
1841.000 0.468
1842.000 0.510
1843.000 0.472
1844.000 0.408
1845.000 0.394
1846.000 0.520
1847.000 0.481
1848.000 0.509
1849.000 0.498
1850.000 0.524
1851.000 0.425
1852.000 0.251
1853.000 0.336
1854.000 0.386
1855.000 0.468
1856.000 0.483
1857.000 0.292
1858.000 0.315
1859.000 0.424
1860.000 0.385
1861.000 0.578
1862.000 0.633
1863.000 0.674
1864.000 0.611
1865.000 0.599
1866.000 0.610
1867.000 0.608
1868.000 0.723
1869.000 0.679
1870.000 0.760
1871.000 0.652
1872.000 0.594
1873.000 0.578
1874.000 0.442
1875.000 0.572
1876.000 0.456
1877.000 0.289
1878.000 0.326
1879.000 0.447
1880.000 0.393
1881.000 0.381
1882.000 0.395
1883.000 0.651
1884.000 0.622
1885.000 0.430
1886.000 0.542
1887.000 0.524
1888.000 0.519
1889.000 0.650
1890.000 0.592
1891.000 0.608
1892.000 0.617
1893.000 0.634
1894.000 0.443
1895.000 0.320
1896.000 0.316
1897.000 0.314
1898.000 0.383
1899.000 0.447
1900.000 0.442
1901.000 0.609
1902.000 0.437
1903.000 0.428
1904.000 0.373
1905.000 0.345
1906.000 0.311
1907.000 0.318
1908.000 0.336
1909.000 0.354
1910.000 0.311
1911.000 0.321
1912.000 0.417
1913.000 0.481
1914.000 0.506
1915.000 0.540
1916.000 0.553
1917.000 0.581
1918.000 0.591
1919.000 0.636
1920.000 0.605
1921.000 0.516
1922.000 0.441
1923.000 0.389
1924.000 0.372
1925.000 0.408
1926.000 0.602
1927.000 0.577
1928.000 0.541
1929.000 0.507
1930.000 0.392
1931.000 0.376
1932.000 0.486
1933.000 0.582
1934.000 0.551
1935.000 0.466
1936.000 0.608
1937.000 0.580
1938.000 0.499
1939.000 0.422
1940.000 0.521
1941.000 0.404
1942.000 0.329
1943.000 0.372
1944.000 0.437
1945.000 0.591
1946.000 0.621
1947.000 0.574
1948.000 0.575
1949.000 0.403
1950.000 0.605
1951.000 0.517
1952.000 0.537
1953.000 0.441
1954.000 0.503
1955.000 0.519
1956.000 0.417
1957.000 0.285
1958.000 0.277
1959.000 0.307
1960.000 0.386
1961.000 0.419
1962.000 0.417
1963.000 0.372
1964.000 0.375
1965.000 0.358
1966.000 0.329
1967.000 0.312
1968.000 0.291
1969.000 0.275
1970.000 0.240
1971.000 0.205
1972.000 0.200
1973.000 0.197
1974.000 0.195
1975.000 0.199
1976.000 0.179
1977.000 0.179
1978.000 0.165
1979.000 0.172
1980.000 0.172
1981.000 0.178
1982.000 0.183
1983.000 0.181
1984.000 0.172
1985.000 0.168
1986.000 0.159
1987.000 0.125
1988.000 0.118
1989.000 0.128
1990.000 0.132
1991.000 0.130
1992.000 0.146
1993.000 0.162
1994.000 0.156
1995.000 0.178
1996.000 0.182
1997.000 0.185
1998.000 0.182
1999.000 0.195
2000.000 0.217
2001.000 0.235
2002.000 0.282
2003.000 0.275
2004.000 0.289
2005.000 0.340
2006.000 0.379
2007.000 0.383
2008.000 0.338
2009.000 0.290
2010.000 0.249
2011.000 0.240
2012.000 0.235
2013.000 0.241
2014.000 0.240
2015.000 0.251
2016.000 0.245
2017.000 0.233
2018.000 0.221
2019.000 0.203
2020.000 0.206
2021.000 0.192
2022.000 0.164
2023.000 0.150
2024.000 0.149
2025.000 0.137
2026.000 0.138
2027.000 0.140
2028.000 0.155
2029.000 0.158
2030.000 0.157
2031.000 0.155
2032.000 0.151
2033.000 0.146
2034.000 0.141
2035.000 0.148
2036.000 0.156
2037.000 0.150
2038.000 0.160
2039.000 0.164
2040.000 0.159
2041.000 0.163
2042.000 0.161
2043.000 0.155
2044.000 0.157
2045.000 0.163
2046.000 0.167
2047.000 0.179
2048.000 0.183
2049.000 0.183
2050.000 0.184
2051.000 0.171
2052.000 0.166
2053.000 0.163
2054.000 0.158
2055.000 0.159
2056.000 0.159
2057.000 0.159
2058.000 0.162
2059.000 0.161
2060.000 0.150
2061.000 0.149
2062.000 0.150
2063.000 0.154
2064.000 0.168
2065.000 0.179
2066.000 0.194
2067.000 0.202
2068.000 0.197
2069.000 0.200
2070.000 0.203
2071.000 0.201
2072.000 0.202
2073.000 0.210
2074.000 0.207
2075.000 0.195
2076.000 0.191
2077.000 0.191
2078.000 0.186
2079.000 0.180
2080.000 0.176
2081.000 0.169
2082.000 0.166
2083.000 0.169
2084.000 0.174
2085.000 0.183
2086.000 0.187
2087.000 0.188
2088.000 0.187
2089.000 0.184
2090.000 0.174
2091.000 0.172
2092.000 0.176
2093.000 0.178
2094.000 0.185
2095.000 0.187
2096.000 0.190
2097.000 0.187
2098.000 0.182
2099.000 0.175
2100.000 0.170
2101.000 0.168
2102.000 0.172
2103.000 0.183
2104.000 0.187
2105.000 0.190
2106.000 0.193
2107.000 0.191
2108.000 0.192
2109.000 0.196
2110.000 0.199
2111.000 0.203
2112.000 0.207
2113.000 0.209
2114.000 0.214
2115.000 0.219
2116.000 0.220
2117.000 0.221
2118.000 0.222
2119.000 0.217
2120.000 0.215
2121.000 0.217
2122.000 0.218
2123.000 0.220
2124.000 0.224
2125.000 0.225
2126.000 0.228
2127.000 0.229
2128.000 0.228
2129.000 0.228
2130.000 0.224
2131.000 0.223
2132.000 0.228
2133.000 0.230
2134.000 0.236
2135.000 0.236
2136.000 0.230
2137.000 0.222
2138.000 0.219
2139.000 0.214
2140.000 0.213
2141.000 0.219
2142.000 0.222
2143.000 0.225
2144.000 0.227
2145.000 0.225
2146.000 0.224
2147.000 0.223
2148.000 0.222
2149.000 0.223
2150.000 0.222
2151.000 0.218
2152.000 0.217
2153.000 0.219
2154.000 0.221
2155.000 0.223
2156.000 0.228
2157.000 0.231
2158.000 0.232
2159.000 0.233
2160.000 0.230
2161.000 0.228
2162.000 0.224
2163.000 0.223
2164.000 0.224
2165.000 0.224
2166.000 0.225
2167.000 0.227
2168.000 0.234
2169.000 0.235
2170.000 0.237
2171.000 0.239
2172.000 0.235
2173.000 0.236
2174.000 0.244
2175.000 0.244
2176.000 0.244
2177.000 0.238
2178.000 0.232
2179.000 0.226
2180.000 0.221
2181.000 0.224
2182.000 0.223
2183.000 0.222
2184.000 0.222
2185.000 0.223
2186.000 0.225
2187.000 0.233
2188.000 0.235
2189.000 0.239
2190.000 0.235
2191.000 0.222
2192.000 0.216
2193.000 0.206
2194.000 0.205
2195.000 0.211
2196.000 0.214
2197.000 0.220
2198.000 0.224
2199.000 0.227
2200.000 0.230
2201.000 0.235
2202.000 0.238
2203.000 0.236
2204.000 0.236
2205.000 0.243
2206.000 0.243
2207.000 0.246
2208.000 0.244
2209.000 0.239
2210.000 0.226
2211.000 0.224
2212.000 0.227
2213.000 0.227
2214.000 0.231
2215.000 0.233
2216.000 0.230
2217.000 0.233
2218.000 0.248
2219.000 0.250
2220.000 0.248
2221.000 0.246
2222.000 0.228
2223.000 0.222
2224.000 0.220
2225.000 0.223
2226.000 0.232
2227.000 0.244
2228.000 0.248
2229.000 0.255
2230.000 0.258
2231.000 0.250
2232.000 0.238
2233.000 0.224
2234.000 0.210
2235.000 0.204
2236.000 0.206
2237.000 0.210
2238.000 0.214
2239.000 0.223
2240.000 0.222
2241.000 0.214
2242.000 0.211
2243.000 0.206
2244.000 0.204
2245.000 0.209
2246.000 0.212
2247.000 0.212
2248.000 0.217
2249.000 0.225
2250.000 0.227
2251.000 0.228
2252.000 0.226
2253.000 0.221
2254.000 0.216
2255.000 0.208
2256.000 0.205
2257.000 0.200
2258.000 0.196
2259.000 0.209
2260.000 0.216
2261.000 0.223
2262.000 0.229
2263.000 0.220
2264.000 0.208
2265.000 0.191
2266.000 0.181
2267.000 0.178
2268.000 0.183
2269.000 0.195
2270.000 0.209
2271.000 0.223
2272.000 0.218
2273.000 0.217
2274.000 0.209
2275.000 0.204
2276.000 0.200
2277.000 0.196
2278.000 0.184
2279.000 0.179
2280.000 0.176
2281.000 0.175
2282.000 0.176
2283.000 0.176
2284.000 0.180
2285.000 0.181
2286.000 0.183
2287.000 0.183
2288.000 0.179
2289.000 0.174
2290.000 0.171
2291.000 0.173
2292.000 0.188
2293.000 0.197
2294.000 0.210
2295.000 0.224
2296.000 0.235
2297.000 0.226
2298.000 0.238
2299.000 0.232
2300.000 0.225
2301.000 0.224
2302.000 0.217
2303.000 0.196
2304.000 0.191
2305.000 0.189
2306.000 0.197
2307.000 0.221
2308.000 0.213
2309.000 0.217
2310.000 0.196
2311.000 0.178
2312.000 0.182
2313.000 0.180
2314.000 0.170
2315.000 0.177
2316.000 0.194
2317.000 0.206
2318.000 0.214
2319.000 0.207
2320.000 0.179
2321.000 0.163
2322.000 0.161
2323.000 0.153
2324.000 0.165
2325.000 0.187
2326.000 0.205
2327.000 0.209
2328.000 0.204
2329.000 0.180
2330.000 0.162
2331.000 0.145
2332.000 0.128
2333.000 0.138
2334.000 0.154
2335.000 0.181
2336.000 0.184
2337.000 0.175
2338.000 0.153
2339.000 0.139
2340.000 0.138
2341.000 0.172
2342.000 0.194
2343.000 0.206
2344.000 0.237
2345.000 0.222
2346.000 0.210
2347.000 0.246
2348.000 0.231
2349.000 0.187
2350.000 0.161
2351.000 0.128
2352.000 0.127
2353.000 0.128
2354.000 0.138
2355.000 0.173
2356.000 0.186
2357.000 0.151
2358.000 0.116
2359.000 0.111
2360.000 0.156
2361.000 0.177
2362.000 0.195
2363.000 0.211
2364.000 0.189
2365.000 0.198
2366.000 0.183
2367.000 0.155
2368.000 0.185
2369.000 0.134
2370.000 0.186
2371.000 0.223
2372.000 0.294
2373.000 0.352
2374.000 0.359
2375.000 0.353
2376.000 0.227
2377.000 0.259
2378.000 0.252
2379.000 0.267
2380.000 0.302
2381.000 0.339
2382.000 0.351
2383.000 0.377
2384.000 0.285
2385.000 0.311
2386.000 0.210
2387.000 0.237
2388.000 0.270
2389.000 0.243
2390.000 0.287
2391.000 0.267
2392.000 0.200
2393.000 0.166
2394.000 0.209
2395.000 0.193
2396.000 0.224
2397.000 0.275
2398.000 0.208
2399.000 0.225
2400.000 0.282
2401.000 0.217
2402.000 0.289
2403.000 0.286
2404.000 0.293
2405.000 0.301
2406.000 0.330
2407.000 0.371
2408.000 0.362
2409.000 0.318
2410.000 0.231
2411.000 0.289
2412.000 0.248
2413.000 0.247
2414.000 0.329
2415.000 0.378
2416.000 0.334
2417.000 0.371
2418.000 0.311
2419.000 0.336
2420.000 0.354
2421.000 0.369
2422.000 0.380
2423.000 0.264
2424.000 0.357
2425.000 0.347
2426.000 0.220
2427.000 0.288
2428.000 0.363
2429.000 0.537
2430.000 0.413
2431.000 0.330
2432.000 0.348
2433.000 0.348
2434.000 0.210
2435.000 0.320
2436.000 0.418
2437.000 0.373
2438.000 0.310
2439.000 0.237
2440.000 0.172
2441.000 0.202
2442.000 0.136
2443.000 0.150
2444.000 0.559
2445.000 0.360
2446.000 0.363
2447.000 0.229
2448.000 0.280
2449.000 0.265
2450.000 0.243
2451.000 0.207
2452.000 0.288
2453.000 0.274
2454.000 0.316
2455.000 0.235
2456.000 0.209
2457.000 0.200
2458.000 0.248
2459.000 0.314
2460.000 0.434
2461.000 0.453
2462.000 0.457
2463.000 0.485
2464.000 0.472
2465.000 0.528
2466.000 0.493
2467.000 0.537
2468.000 0.434
2469.000 0.203
2470.000 0.175
2471.000 0.273
2472.000 0.240
2473.000 0.260
2474.000 0.385
2475.000 0.501
2476.000 0.628
2477.000 0.545
2478.000 0.449
2479.000 0.302
2480.000 0.159
2481.000 0.180
2482.000 0.234
2483.000 0.289
2484.000 0.365
2485.000 0.505
2486.000 0.285
2487.000 0.589
2488.000 0.479
2489.000 0.252
2490.000 0.178
2491.000 0.285
2492.000 0.228
2493.000 0.260
2494.000 0.447
2495.000 0.719
2496.000 0.752
2497.000 0.501
2498.000 0.475
2499.000 0.499
2500.000 0.576
