391.000 0.095
392.000 0.101
393.000 0.099
394.000 0.095
395.000 0.095
396.000 0.093
397.000 0.091
398.000 0.102
399.000 0.099
400.000 0.096
401.000 0.100
402.000 0.096
403.000 0.097
404.000 0.100
405.000 0.100
406.000 0.100
407.000 0.098
408.000 0.096
409.000 0.096
410.000 0.097
411.000 0.100
412.000 0.103
413.000 0.100
414.000 0.098
415.000 0.098
416.000 0.100
417.000 0.096
418.000 0.096
419.000 0.101
420.000 0.100
421.000 0.100
422.000 0.103
423.000 0.105
424.000 0.100
425.000 0.100
426.000 0.102
427.000 0.101
428.000 0.097
429.000 0.098
430.000 0.103
431.000 0.106
432.000 0.104
433.000 0.102
434.000 0.102
435.000 0.100
436.000 0.100
437.000 0.101
438.000 0.102
439.000 0.104
440.000 0.104
441.000 0.102
442.000 0.102
443.000 0.104
444.000 0.105
445.000 0.103
446.000 0.101
447.000 0.103
448.000 0.106
449.000 0.105
450.000 0.102
451.000 0.104
452.000 0.107
453.000 0.105
454.000 0.104
455.000 0.104
456.000 0.106
457.000 0.106
458.000 0.107
459.000 0.106
460.000 0.106
461.000 0.104
462.000 0.105
463.000 0.106
464.000 0.104
465.000 0.105
466.000 0.107
467.000 0.105
468.000 0.107
469.000 0.108
470.000 0.108
471.000 0.109
472.000 0.106
473.000 0.106
474.000 0.107
475.000 0.107
476.000 0.108
477.000 0.108
478.000 0.108
479.000 0.108
480.000 0.107
481.000 0.107
482.000 0.106
483.000 0.108
484.000 0.109
485.000 0.109
486.000 0.110
487.000 0.111
488.000 0.111
489.000 0.109
490.000 0.110
491.000 0.111
492.000 0.111
493.000 0.109
494.000 0.111
495.000 0.112
496.000 0.111
497.000 0.111
498.000 0.111
499.000 0.112
500.000 0.113
501.000 0.113
502.000 0.114
503.000 0.115
504.000 0.117
505.000 0.117
506.000 0.118
507.000 0.119
508.000 0.120
509.000 0.119
510.000 0.121
511.000 0.124
512.000 0.125
513.000 0.125
514.000 0.127
515.000 0.130
516.000 0.132
517.000 0.135
518.000 0.138
519.000 0.141
520.000 0.143
521.000 0.146
522.000 0.151
523.000 0.154
524.000 0.157
525.000 0.160
526.000 0.163
527.000 0.166
528.000 0.168
529.000 0.170
530.000 0.172
531.000 0.175
532.000 0.177
533.000 0.179
534.000 0.180
535.000 0.182
536.000 0.184
537.000 0.185
538.000 0.186
539.000 0.186
540.000 0.187
541.000 0.188
542.000 0.188
543.000 0.188
544.000 0.189
545.000 0.189
546.000 0.189
547.000 0.190
548.000 0.190
549.000 0.191
550.000 0.190
551.000 0.191
552.000 0.191
553.000 0.191
554.000 0.191
555.000 0.190
556.000 0.189
557.000 0.189
558.000 0.189
559.000 0.188
560.000 0.186
561.000 0.185
562.000 0.184
563.000 0.183
564.000 0.181
565.000 0.179
566.000 0.177
567.000 0.174
568.000 0.172
569.000 0.171
570.000 0.170
571.000 0.168
572.000 0.166
573.000 0.164
574.000 0.162
575.000 0.161
576.000 0.160
577.000 0.158
578.000 0.157
579.000 0.156
580.000 0.155
581.000 0.154
582.000 0.154
583.000 0.152
584.000 0.151
585.000 0.150
586.000 0.149
587.000 0.149
588.000 0.148
589.000 0.147
590.000 0.147
591.000 0.145
592.000 0.145
593.000 0.145
594.000 0.144
595.000 0.143
596.000 0.143
597.000 0.142
598.000 0.144
599.000 0.143
600.000 0.143
601.000 0.142
602.000 0.141
603.000 0.141
604.000 0.142
605.000 0.141
606.000 0.141
607.000 0.140
608.000 0.139
609.000 0.139
610.000 0.139
611.000 0.138
612.000 0.137
613.000 0.137
614.000 0.136
615.000 0.135
616.000 0.135
617.000 0.134
618.000 0.134
619.000 0.135
620.000 0.135
621.000 0.134
622.000 0.133
623.000 0.133
624.000 0.133
625.000 0.133
626.000 0.134
627.000 0.134
628.000 0.134
629.000 0.132
630.000 0.132
631.000 0.132
632.000 0.133
633.000 0.134
634.000 0.133
635.000 0.132
636.000 0.132
637.000 0.132
638.000 0.132
639.000 0.131
640.000 0.131
641.000 0.130
642.000 0.130
643.000 0.129
644.000 0.128
645.000 0.127
646.000 0.128
647.000 0.127
648.000 0.127
649.000 0.127
650.000 0.127
651.000 0.127
652.000 0.127
653.000 0.128
654.000 0.128
655.000 0.127
656.000 0.125
657.000 0.127
658.000 0.128
659.000 0.128
660.000 0.130
661.000 0.129
662.000 0.128
663.000 0.129
664.000 0.129
665.000 0.129
666.000 0.130
667.000 0.130
668.000 0.131
669.000 0.132
670.000 0.131
671.000 0.133
672.000 0.134
673.000 0.134
674.000 0.136
675.000 0.137
676.000 0.139
677.000 0.140
678.000 0.142
679.000 0.144
680.000 0.145
681.000 0.145
682.000 0.145
683.000 0.147
684.000 0.148
685.000 0.149
686.000 0.151
687.000 0.154
688.000 0.156
689.000 0.156
690.000 0.157
691.000 0.159
692.000 0.161
693.000 0.166
694.000 0.170
695.000 0.175
696.000 0.183
697.000 0.189
698.000 0.195
699.000 0.203
700.000 0.212
701.000 0.221
702.000 0.228
703.000 0.238
704.000 0.246
705.000 0.254
706.000 0.263
707.000 0.272
708.000 0.280
709.000 0.289
710.000 0.297
711.000 0.305
712.000 0.313
713.000 0.321
714.000 0.329
715.000 0.336
716.000 0.342
717.000 0.348
718.000 0.355
719.000 0.363
720.000 0.372
721.000 0.382
722.000 0.389
723.000 0.395
724.000 0.401
725.000 0.408
726.000 0.415
727.000 0.422
728.000 0.429
729.000 0.435
730.000 0.441
731.000 0.448
732.000 0.456
733.000 0.463
734.000 0.469
735.000 0.474
736.000 0.479
737.000 0.484
738.000 0.489
739.000 0.494
740.000 0.498
741.000 0.503
742.000 0.507
743.000 0.511
744.000 0.514
745.000 0.517
746.000 0.520
747.000 0.523
748.000 0.525
749.000 0.528
750.000 0.529
751.000 0.531
752.000 0.533
753.000 0.534
754.000 0.536
755.000 0.538
756.000 0.539
757.000 0.540
758.000 0.540
759.000 0.538
760.000 0.533
761.000 0.528
762.000 0.527
763.000 0.529
764.000 0.531
765.000 0.535
766.000 0.540
767.000 0.543
768.000 0.546
769.000 0.548
770.000 0.549
771.000 0.550
772.000 0.551
773.000 0.551
774.000 0.552
775.000 0.552
776.000 0.553
777.000 0.553
778.000 0.553
779.000 0.554
780.000 0.554
781.000 0.554
782.000 0.554
783.000 0.555
784.000 0.555
785.000 0.554
786.000 0.554
787.000 0.554
788.000 0.553
789.000 0.553
790.000 0.553
791.000 0.553
792.000 0.554
793.000 0.555
794.000 0.556
795.000 0.556
796.000 0.555
797.000 0.555
798.000 0.556
799.000 0.556
800.000 0.556
801.000 0.556
802.000 0.556
803.000 0.556
804.000 0.557
805.000 0.558
806.000 0.559
807.000 0.559
808.000 0.559
809.000 0.558
810.000 0.558
811.000 0.556
812.000 0.554
813.000 0.552
814.000 0.550
815.000 0.548
816.000 0.547
817.000 0.547
818.000 0.548
819.000 0.550
820.000 0.552
821.000 0.553
822.000 0.553
823.000 0.553
824.000 0.554
825.000 0.555
826.000 0.556
827.000 0.556
828.000 0.556
829.000 0.556
830.000 0.557
831.000 0.558
832.000 0.559
833.000 0.559
834.000 0.560
835.000 0.561
836.000 0.563
837.000 0.564
838.000 0.565
839.000 0.565
840.000 0.566
841.000 0.567
842.000 0.568
843.000 0.568
844.000 0.569
845.000 0.570
846.000 0.570
847.000 0.571
848.000 0.571
849.000 0.571
850.000 0.571
851.000 0.571
852.000 0.572
853.000 0.572
854.000 0.572
855.000 0.573
856.000 0.573
857.000 0.573
858.000 0.574
859.000 0.574
860.000 0.574
861.000 0.575
862.000 0.575
863.000 0.576
864.000 0.576
865.000 0.576
866.000 0.576
867.000 0.576
868.000 0.577
869.000 0.577
870.000 0.577
871.000 0.578
872.000 0.577
873.000 0.578
874.000 0.578
875.000 0.578
876.000 0.578
877.000 0.579
878.000 0.579
879.000 0.578
880.000 0.579
881.000 0.579
882.000 0.579
883.000 0.580
884.000 0.580
885.000 0.579
886.000 0.580
887.000 0.579
888.000 0.580
889.000 0.580
890.000 0.579
891.000 0.579
892.000 0.578
893.000 0.576
894.000 0.575
895.000 0.573
896.000 0.572
897.000 0.570
898.000 0.568
899.000 0.567
900.000 0.567
901.000 0.567
902.000 0.568
903.000 0.569
904.000 0.570
905.000 0.570
906.000 0.570
907.000 0.570
908.000 0.568
909.000 0.568
910.000 0.567
911.000 0.566
912.000 0.565
913.000 0.566
914.000 0.566
915.000 0.565
916.000 0.567
917.000 0.568
918.000 0.568
919.000 0.570
920.000 0.571
921.000 0.572
922.000 0.572
923.000 0.572
924.000 0.571
925.000 0.571
926.000 0.569
927.000 0.566
928.000 0.564
929.000 0.562
930.000 0.558
931.000 0.554
932.000 0.548
933.000 0.544
934.000 0.542
935.000 0.540
936.000 0.537
937.000 0.538
938.000 0.539
939.000 0.541
940.000 0.542
941.000 0.541
942.000 0.540
943.000 0.541
944.000 0.540
945.000 0.540
946.000 0.541
947.000 0.542
948.000 0.542
949.000 0.541
950.000 0.542
951.000 0.543
952.000 0.543
953.000 0.543
954.000 0.543
955.000 0.543
956.000 0.544
957.000 0.545
958.000 0.546
959.000 0.547
960.000 0.550
961.000 0.550
962.000 0.551
963.000 0.554
964.000 0.557
965.000 0.557
966.000 0.558
967.000 0.561
968.000 0.563
969.000 0.563
970.000 0.563
971.000 0.565
972.000 0.567
973.000 0.568
974.000 0.567
975.000 0.567
976.000 0.567
977.000 0.568
978.000 0.569
979.000 0.570
980.000 0.570
981.000 0.572
982.000 0.575
983.000 0.577
984.000 0.576
985.000 0.577
986.000 0.578
987.000 0.579
988.000 0.580
989.000 0.582
990.000 0.583
991.000 0.584
992.000 0.584
993.000 0.584
994.000 0.585
995.000 0.587
996.000 0.586
997.000 0.586
998.000 0.586
999.000 0.588
1000.000 0.588
1001.000 0.593
1002.000 0.593
1003.000 0.593
1004.000 0.592
1005.000 0.593
1006.000 0.594
1007.000 0.595
1008.000 0.596
1009.000 0.597
1010.000 0.597
1011.000 0.597
1012.000 0.598
1013.000 0.598
1014.000 0.597
1015.000 0.597
1016.000 0.598
1017.000 0.599
1018.000 0.600
1019.000 0.602
1020.000 0.602
1021.000 0.602
1022.000 0.601
1023.000 0.601
1024.000 0.601
1025.000 0.601
1026.000 0.602
1027.000 0.603
1028.000 0.604
1029.000 0.604
1030.000 0.605
1031.000 0.606
1032.000 0.606
1033.000 0.606
1034.000 0.607
1035.000 0.606
1036.000 0.607
1037.000 0.607
1038.000 0.607
1039.000 0.608
1040.000 0.609
1041.000 0.609
1042.000 0.609
1043.000 0.608
1044.000 0.608
1045.000 0.608
1046.000 0.610
1047.000 0.610
1048.000 0.611
1049.000 0.612
1050.000 0.612
1051.000 0.612
1052.000 0.612
1053.000 0.612
1054.000 0.612
1055.000 0.612
1056.000 0.612
1057.000 0.613
1058.000 0.613
1059.000 0.613
1060.000 0.613
1061.000 0.613
1062.000 0.614
1063.000 0.614
1064.000 0.614
1065.000 0.614
1066.000 0.614
1067.000 0.613
1068.000 0.613
1069.000 0.613
1070.000 0.614
1071.000 0.613
1072.000 0.614
1073.000 0.614
1074.000 0.614
1075.000 0.614
1076.000 0.613
1077.000 0.613
1078.000 0.613
1079.000 0.613
1080.000 0.613
1081.000 0.614
1082.000 0.613
1083.000 0.613
1084.000 0.613
1085.000 0.612
1086.000 0.612
1087.000 0.613
1088.000 0.612
1089.000 0.613
1090.000 0.612
1091.000 0.612
1092.000 0.611
1093.000 0.610
1094.000 0.610
1095.000 0.610
1096.000 0.609
1097.000 0.607
1098.000 0.607
1099.000 0.607
1100.000 0.605
1101.000 0.605
1102.000 0.604
1103.000 0.602
1104.000 0.601
1105.000 0.601
1106.000 0.600
1107.000 0.600
1108.000 0.599
1109.000 0.597
1110.000 0.595
1111.000 0.595
1112.000 0.594
1113.000 0.592
1114.000 0.591
1115.000 0.588
1116.000 0.586
1117.000 0.583
1118.000 0.582
1119.000 0.579
1120.000 0.575
1121.000 0.575
1122.000 0.572
1123.000 0.570
1124.000 0.570
1125.000 0.553
1126.000 0.554
1127.000 0.554
1128.000 0.571
1129.000 0.572
1130.000 0.571
1131.000 0.570
1132.000 0.570
1133.000 0.571
1134.000 0.568
1135.000 0.568
1136.000 0.569
1137.000 0.568
1138.000 0.570
1139.000 0.568
1140.000 0.568
1141.000 0.566
1142.000 0.565
1143.000 0.562
1144.000 0.562
1145.000 0.562
1146.000 0.561
1147.000 0.561
1148.000 0.560
1149.000 0.559
1150.000 0.559
1151.000 0.561
1152.000 0.563
1153.000 0.564
1154.000 0.565
1155.000 0.566
1156.000 0.567
1157.000 0.567
1158.000 0.567
1159.000 0.568
1160.000 0.568
1161.000 0.570
1162.000 0.572
1163.000 0.574
1164.000 0.576
1165.000 0.577
1166.000 0.577
1167.000 0.577
1168.000 0.577
1169.000 0.577
1170.000 0.577
1171.000 0.578
1172.000 0.579
1173.000 0.579
1174.000 0.579
1175.000 0.580
1176.000 0.581
1177.000 0.581
1178.000 0.581
1179.000 0.581
1180.000 0.580
1181.000 0.579
1182.000 0.579
1183.000 0.579
1184.000 0.578
1185.000 0.578
1186.000 0.579
1187.000 0.579
1188.000 0.580
1189.000 0.581
1190.000 0.580
1191.000 0.580
1192.000 0.580
1193.000 0.580
1194.000 0.581
1195.000 0.581
1196.000 0.581
1197.000 0.582
1198.000 0.583
1199.000 0.583
1200.000 0.583
1201.000 0.583
1202.000 0.584
1203.000 0.584
1204.000 0.584
1205.000 0.584
1206.000 0.584
1207.000 0.584
1208.000 0.584
1209.000 0.585
1210.000 0.585
1211.000 0.586
1212.000 0.586
1213.000 0.588
1214.000 0.588
1215.000 0.588
1216.000 0.588
1217.000 0.589
1218.000 0.589
1219.000 0.590
1220.000 0.590
1221.000 0.590
1222.000 0.590
1223.000 0.591
1224.000 0.592
1225.000 0.592
1226.000 0.593
1227.000 0.594
1228.000 0.594
1229.000 0.594
1230.000 0.595
1231.000 0.595
1232.000 0.596
1233.000 0.596
1234.000 0.596
1235.000 0.596
1236.000 0.596
1237.000 0.596
1238.000 0.597
1239.000 0.597
1240.000 0.597
1241.000 0.598
1242.000 0.598
1243.000 0.599
1244.000 0.599
1245.000 0.600
1246.000 0.600
1247.000 0.600
1248.000 0.601
1249.000 0.601
1250.000 0.601
1251.000 0.602
1252.000 0.602
1253.000 0.602
1254.000 0.602
1255.000 0.602
1256.000 0.602
1257.000 0.602
1258.000 0.602
1259.000 0.602
1260.000 0.602
1261.000 0.602
1262.000 0.601
1263.000 0.601
1264.000 0.601
1265.000 0.601
1266.000 0.601
1267.000 0.600
1268.000 0.601
1269.000 0.601
1270.000 0.601
1271.000 0.602
1272.000 0.602
1273.000 0.602
1274.000 0.603
1275.000 0.603
1276.000 0.603
1277.000 0.603
1278.000 0.603
1279.000 0.603
1280.000 0.603
1281.000 0.603
1282.000 0.603
1283.000 0.603
1284.000 0.602
1285.000 0.602
1286.000 0.601
1287.000 0.600
1288.000 0.600
1289.000 0.600
1290.000 0.599
1291.000 0.599
1292.000 0.599
1293.000 0.599
1294.000 0.598
1295.000 0.597
1296.000 0.597
1297.000 0.596
1298.000 0.595
1299.000 0.595
1300.000 0.594
1301.000 0.593
1302.000 0.593
1303.000 0.592
1304.000 0.590
1305.000 0.588
1306.000 0.587
1307.000 0.586
1308.000 0.585
1309.000 0.584
1310.000 0.584
1311.000 0.582
1312.000 0.581
1313.000 0.579
1314.000 0.577
1315.000 0.576
1316.000 0.574
1317.000 0.573
1318.000 0.572
1319.000 0.571
1320.000 0.571
1321.000 0.570
1322.000 0.569
1323.000 0.568
1324.000 0.567
1325.000 0.565
1326.000 0.562
1327.000 0.560
1328.000 0.558
1329.000 0.556
1330.000 0.555
1331.000 0.553
1332.000 0.551
1333.000 0.548
1334.000 0.547
1335.000 0.545
1336.000 0.543
1337.000 0.542
1338.000 0.525
1339.000 0.524
1340.000 0.522
1341.000 0.495
1342.000 0.494
1343.000 0.493
1344.000 0.489
1345.000 0.487
1346.000 0.483
1347.000 0.478
1348.000 0.474
1349.000 0.470
1350.000 0.465
1351.000 0.456
1352.000 0.446
1353.000 0.442
1354.000 0.374
1355.000 0.350
1356.000 0.316
1357.000 0.353
1358.000 0.333
1359.000 0.407
1360.000 0.256
1361.000 0.191
1362.000 0.199
1363.000 0.290
1364.000 0.364
1365.000 0.283
1366.000 0.394
1367.000 0.363
1368.000 0.474
1369.000 0.435
1370.000 0.352
1371.000 0.115
1372.000 0.159
1373.000 0.397
1374.000 0.409
1375.000 0.534
1376.000 0.493
1377.000 0.305
1378.000 0.250
1379.000 0.366
1380.000 0.501
1381.000 0.604
1382.000 0.470
1383.000 0.432
1384.000 0.352
1385.000 0.343
1386.000 0.511
1387.000 0.353
1388.000 0.365
1389.000 0.366
1390.000 0.442
1391.000 0.433
1392.000 0.468
1393.000 0.401
1394.000 0.341
1395.000 0.511
1396.000 0.431
1397.000 0.453
1398.000 0.582
1399.000 0.633
1400.000 0.254
1401.000 0.314
1402.000 0.382
1403.000 0.438
1404.000 0.428
1405.000 0.371
1406.000 0.777
1407.000 0.701
1408.000 0.363
1409.000 0.341
1410.000 0.160
1411.000 0.255
1412.000 0.306
1413.000 0.292
1414.000 0.277
1415.000 0.322
1416.000 0.305
1417.000 0.357
1418.000 0.357
1419.000 0.435
1420.000 0.464
1421.000 0.391
1422.000 0.293
1423.000 0.284
1424.000 0.335
1425.000 0.243
1426.000 0.204
1427.000 0.262
1428.000 0.261
1429.000 0.283
1430.000 0.284
1431.000 0.279
1432.000 0.280
1433.000 0.328
1434.000 0.339
1435.000 0.323
1436.000 0.258
1437.000 0.207
1438.000 0.194
1439.000 0.232
1440.000 0.259
1441.000 0.298
1442.000 0.294
1443.000 0.296
1444.000 0.295
1445.000 0.272
1446.000 0.262
1447.000 0.266
1448.000 0.267
1449.000 0.269
1450.000 0.263
1451.000 0.258
1452.000 0.263
1453.000 0.269
1454.000 0.276
1455.000 0.280
1456.000 0.285
1457.000 0.286
1458.000 0.283
1459.000 0.281
1460.000 0.278
1461.000 0.275
1462.000 0.273
1463.000 0.270
1464.000 0.268
1465.000 0.266
1466.000 0.265
1467.000 0.260
1468.000 0.254
1469.000 0.255
1470.000 0.256
1471.000 0.259
1472.000 0.271
1473.000 0.277
1474.000 0.278
1475.000 0.282
1476.000 0.291
1477.000 0.291
1478.000 0.287
1479.000 0.285
1480.000 0.279
1481.000 0.279
1482.000 0.288
1483.000 0.290
1484.000 0.289
1485.000 0.291
1486.000 0.290
1487.000 0.291
1488.000 0.294
1489.000 0.295
1490.000 0.297
1491.000 0.298
1492.000 0.296
1493.000 0.296
1494.000 0.300
1495.000 0.302
1496.000 0.303
1497.000 0.306
1498.000 0.307
1499.000 0.308
1500.000 0.311
1501.000 0.315
1502.000 0.317
1503.000 0.320
1504.000 0.321
1505.000 0.322
1506.000 0.324
1507.000 0.326
1508.000 0.328
1509.000 0.331
1510.000 0.333
1511.000 0.336
1512.000 0.338
1513.000 0.340
1514.000 0.341
1515.000 0.340
1516.000 0.341
1517.000 0.342
1518.000 0.343
1519.000 0.346
1520.000 0.348
1521.000 0.350
1522.000 0.352
1523.000 0.353
1524.000 0.354
1525.000 0.356
1526.000 0.357
1527.000 0.359
1528.000 0.359
1529.000 0.360
1530.000 0.361
1531.000 0.362
1532.000 0.364
1533.000 0.367
1534.000 0.370
1535.000 0.372
1536.000 0.374
1537.000 0.376
1538.000 0.377
1539.000 0.378
1540.000 0.379
1541.000 0.379
1542.000 0.380
1543.000 0.382
1544.000 0.384
1545.000 0.387
1546.000 0.389
1547.000 0.389
1548.000 0.391
1549.000 0.393
1550.000 0.394
1551.000 0.395
1552.000 0.397
1553.000 0.397
1554.000 0.398
1555.000 0.400
1556.000 0.401
1557.000 0.402
1558.000 0.404
1559.000 0.406
1560.000 0.408
1561.000 0.408
1562.000 0.410
1563.000 0.412
1564.000 0.414
1565.000 0.416
1566.000 0.417
1567.000 0.418
1568.000 0.418
1569.000 0.418
1570.000 0.418
1571.000 0.418
1572.000 0.419
1573.000 0.423
1574.000 0.424
1575.000 0.426
1576.000 0.427
1577.000 0.426
1578.000 0.427
1579.000 0.427
1580.000 0.428
1581.000 0.432
1582.000 0.433
1583.000 0.433
1584.000 0.434
1585.000 0.435
1586.000 0.435
1587.000 0.439
1588.000 0.440
1589.000 0.440
1590.000 0.441
1591.000 0.439
1592.000 0.439
1593.000 0.440
1594.000 0.441
1595.000 0.442
1596.000 0.443
1597.000 0.443
1598.000 0.443
1599.000 0.444
1600.000 0.445
1601.000 0.447
1602.000 0.448
1603.000 0.449
1604.000 0.450
1605.000 0.452
1606.000 0.453
1607.000 0.453
1608.000 0.454
1609.000 0.453
1610.000 0.454
1611.000 0.454
1612.000 0.454
1613.000 0.455
1614.000 0.455
1615.000 0.456
1616.000 0.457
1617.000 0.457
1618.000 0.458
1619.000 0.459
1620.000 0.460
1621.000 0.461
1622.000 0.462
1623.000 0.462
1624.000 0.463
1625.000 0.463
1626.000 0.464
1627.000 0.464
1628.000 0.464
1629.000 0.463
1630.000 0.463
1631.000 0.464
1632.000 0.465
1633.000 0.466
1634.000 0.466
1635.000 0.465
1636.000 0.466
1637.000 0.467
1638.000 0.467
1639.000 0.469
1640.000 0.470
1641.000 0.469
1642.000 0.470
1643.000 0.471
1644.000 0.471
1645.000 0.474
1646.000 0.474
1647.000 0.473
1648.000 0.473
1649.000 0.472
1650.000 0.471
1651.000 0.472
1652.000 0.473
1653.000 0.473
1654.000 0.473
1655.000 0.475
1656.000 0.475
1657.000 0.475
1658.000 0.474
1659.000 0.473
1660.000 0.473
1661.000 0.476
1662.000 0.477
1663.000 0.479
1664.000 0.480
1665.000 0.478
1666.000 0.478
1667.000 0.478
1668.000 0.478
1669.000 0.479
1670.000 0.479
1671.000 0.478
1672.000 0.478
1673.000 0.475
1674.000 0.475
1675.000 0.477
1676.000 0.478
1677.000 0.480
1678.000 0.482
1679.000 0.483
1680.000 0.483
1681.000 0.482
1682.000 0.481
1683.000 0.480
1684.000 0.480
1685.000 0.481
1686.000 0.480
1687.000 0.480
1688.000 0.480
1689.000 0.480
1690.000 0.480
1691.000 0.483
1692.000 0.483
1693.000 0.485
1694.000 0.483
1695.000 0.477
1696.000 0.475
1697.000 0.473
1698.000 0.472
1699.000 0.475
1700.000 0.476
1701.000 0.477
1702.000 0.478
1703.000 0.478
1704.000 0.477
1705.000 0.476
1706.000 0.476
1707.000 0.476
1708.000 0.475
1709.000 0.475
1710.000 0.476
1711.000 0.476
1712.000 0.476
1713.000 0.474
1714.000 0.471
1715.000 0.472
1716.000 0.472
1717.000 0.472
1718.000 0.472
1719.000 0.470
1720.000 0.467
1721.000 0.466
1722.000 0.468
1723.000 0.471
1724.000 0.472
1725.000 0.471
1726.000 0.470
1727.000 0.467
1728.000 0.468
1729.000 0.469
1730.000 0.467
1731.000 0.466
1732.000 0.463
1733.000 0.462
1734.000 0.462
1735.000 0.461
1736.000 0.460
1737.000 0.460
1738.000 0.458
1739.000 0.457
1740.000 0.456
1741.000 0.456
1742.000 0.457
1743.000 0.458
1744.000 0.460
1745.000 0.460
1746.000 0.458
1747.000 0.457
1748.000 0.452
1749.000 0.451
1750.000 0.449
1751.000 0.447
1752.000 0.448
1753.000 0.446
1754.000 0.441
1755.000 0.439
1756.000 0.437
1757.000 0.436
1758.000 0.439
1759.000 0.438
1760.000 0.434
1761.000 0.433
1762.000 0.431
1763.000 0.430
1764.000 0.432
1765.000 0.434
1766.000 0.434
1767.000 0.431
1768.000 0.428
1769.000 0.426
1770.000 0.425
1771.000 0.428
1772.000 0.434
1773.000 0.437
1774.000 0.432
1775.000 0.426
1776.000 0.425
1777.000 0.422
1778.000 0.422
1779.000 0.424
1780.000 0.416
1781.000 0.409
1782.000 0.405
1783.000 0.398
1784.000 0.396
1785.000 0.392
1786.000 0.394
1787.000 0.406
1788.000 0.413
1789.000 0.424
1790.000 0.428
1791.000 0.416
1792.000 0.414
1793.000 0.418
1794.000 0.393
1795.000 0.433
1796.000 0.384
1797.000 0.388
1798.000 0.387
1799.000 0.380
1800.000 0.361
1801.000 0.438
1802.000 0.399
1803.000 0.440
1804.000 0.453
1805.000 0.425
1806.000 0.452
1807.000 0.481
1808.000 0.582
1809.000 0.607
1810.000 0.611
1811.000 0.570
1812.000 0.600
1813.000 0.610
1814.000 0.530
1815.000 0.423
1816.000 0.397
1817.000 0.357
1818.000 0.354
1819.000 0.435
1820.000 0.505
1821.000 0.590
1822.000 0.511
1823.000 0.606
1824.000 0.417
1825.000 0.442
1826.000 0.300
1827.000 0.191
1828.000 0.416
1829.000 0.409
1830.000 0.580
1831.000 0.549
1832.000 0.401
1833.000 0.462
1834.000 0.383
1835.000 0.370
1836.000 0.359
1837.000 0.379
1838.000 0.358
1839.000 0.406
1840.000 0.427
1841.000 0.433
1842.000 0.422
1843.000 0.401
1844.000 0.434
1845.000 0.427
1846.000 0.388
1847.000 0.425
1848.000 0.408
1849.000 0.349
1850.000 0.408
1851.000 0.446
1852.000 0.409
1853.000 0.416
1854.000 0.402
1855.000 0.439
1856.000 0.416
1857.000 0.382
1858.000 0.455
1859.000 0.491
1860.000 0.558
1861.000 0.576
1862.000 0.575
1863.000 0.693
1864.000 0.637
1865.000 0.589
1866.000 0.608
1867.000 0.686
1868.000 0.592
1869.000 0.508
1870.000 0.552
1871.000 0.456
1872.000 0.556
1873.000 0.595
1874.000 0.424
1875.000 0.724
1876.000 0.556
1877.000 0.440
1878.000 0.431
1879.000 0.421
1880.000 0.363
1881.000 0.504
1882.000 0.581
1883.000 0.697
1884.000 0.730
1885.000 0.664
1886.000 0.599
1887.000 0.686
1888.000 0.637
1889.000 0.611
1890.000 0.660
1891.000 0.616
1892.000 0.599
1893.000 0.611
1894.000 0.538
1895.000 0.515
1896.000 0.521
1897.000 0.553
1898.000 0.556
1899.000 0.608
1900.000 0.576
1901.000 0.344
1902.000 0.341
1903.000 0.383
1904.000 0.378
1905.000 0.423
1906.000 0.442
1907.000 0.417
1908.000 0.431
1909.000 0.507
1910.000 0.425
1911.000 0.457
1912.000 0.595
1913.000 0.580
1914.000 0.535
1915.000 0.370
1916.000 0.439
1917.000 0.525
1918.000 0.559
1919.000 0.641
1920.000 0.553
1921.000 0.592
1922.000 0.471
1923.000 0.362
1924.000 0.376
1925.000 0.395
1926.000 0.439
1927.000 0.565
1928.000 0.547
1929.000 0.518
1930.000 0.505
1931.000 0.389
1932.000 0.506
1933.000 0.637
1934.000 0.511
1935.000 0.660
1936.000 0.586
1937.000 0.455
1938.000 0.428
1939.000 0.443
1940.000 0.451
1941.000 0.445
1942.000 0.469
1943.000 0.497
1944.000 0.486
1945.000 0.624
1946.000 0.631
1947.000 0.563
1948.000 0.556
1949.000 0.475
1950.000 0.484
1951.000 0.330
1952.000 0.377
1953.000 0.339
1954.000 0.470
1955.000 0.502
1956.000 0.554
1957.000 0.407
1958.000 0.444
1959.000 0.494
1960.000 0.513
1961.000 0.482
1962.000 0.440
1963.000 0.308
1964.000 0.321
1965.000 0.376
1966.000 0.374
1967.000 0.348
1968.000 0.338
1969.000 0.315
1970.000 0.260
1971.000 0.232
1972.000 0.232
1973.000 0.241
1974.000 0.252
1975.000 0.257
1976.000 0.235
1977.000 0.245
1978.000 0.234
1979.000 0.236
1980.000 0.229
1981.000 0.243
1982.000 0.249
1983.000 0.243
1984.000 0.240
1985.000 0.243
1986.000 0.229
1987.000 0.202
1988.000 0.211
1989.000 0.212
1990.000 0.215
1991.000 0.213
1992.000 0.227
1993.000 0.247
1994.000 0.237
1995.000 0.239
1996.000 0.228
1997.000 0.218
1998.000 0.206
1999.000 0.212
2000.000 0.249
2001.000 0.278
2002.000 0.343
2003.000 0.387
2004.000 0.411
2005.000 0.440
2006.000 0.440
2007.000 0.445
2008.000 0.435
2009.000 0.398
2010.000 0.357
2011.000 0.326
2012.000 0.306
2013.000 0.289
2014.000 0.284
2015.000 0.311
2016.000 0.310
2017.000 0.296
2018.000 0.293
2019.000 0.293
2020.000 0.278
2021.000 0.272
2022.000 0.250
2023.000 0.242
2024.000 0.231
2025.000 0.221
2026.000 0.219
2027.000 0.217
2028.000 0.225
2029.000 0.224
2030.000 0.217
2031.000 0.214
2032.000 0.221
2033.000 0.218
2034.000 0.213
2035.000 0.229
2036.000 0.232
2037.000 0.216
2038.000 0.233
2039.000 0.232
2040.000 0.232
2041.000 0.243
2042.000 0.244
2043.000 0.239
2044.000 0.241
2045.000 0.242
2046.000 0.245
2047.000 0.255
2048.000 0.258
2049.000 0.256
2050.000 0.254
2051.000 0.247
2052.000 0.242
2053.000 0.247
2054.000 0.245
2055.000 0.244
2056.000 0.243
2057.000 0.242
2058.000 0.240
2059.000 0.243
2060.000 0.247
2061.000 0.251
2062.000 0.261
2063.000 0.263
2064.000 0.257
2065.000 0.259
2066.000 0.268
2067.000 0.266
2068.000 0.258
2069.000 0.272
2070.000 0.278
2071.000 0.282
2072.000 0.285
2073.000 0.294
2074.000 0.294
2075.000 0.284
2076.000 0.281
2077.000 0.285
2078.000 0.280
2079.000 0.269
2080.000 0.264
2081.000 0.263
2082.000 0.254
2083.000 0.253
2084.000 0.249
2085.000 0.246
2086.000 0.249
2087.000 0.252
2088.000 0.261
2089.000 0.262
2090.000 0.259
2091.000 0.259
2092.000 0.257
2093.000 0.257
2094.000 0.262
2095.000 0.263
2096.000 0.264
2097.000 0.262
2098.000 0.257
2099.000 0.254
2100.000 0.251
2101.000 0.251
2102.000 0.258
2103.000 0.267
2104.000 0.271
2105.000 0.277
2106.000 0.279
2107.000 0.272
2108.000 0.271
2109.000 0.270
2110.000 0.273
2111.000 0.286
2112.000 0.291
2113.000 0.297
2114.000 0.298
2115.000 0.288
2116.000 0.283
2117.000 0.275
2118.000 0.272
2119.000 0.273
2120.000 0.278
2121.000 0.287
2122.000 0.294
2123.000 0.298
2124.000 0.296
2125.000 0.303
2126.000 0.316
2127.000 0.321
2128.000 0.327
2129.000 0.327
2130.000 0.314
2131.000 0.308
2132.000 0.305
2133.000 0.300
2134.000 0.296
2135.000 0.290
2136.000 0.279
2137.000 0.271
2138.000 0.274
2139.000 0.274
2140.000 0.281
2141.000 0.295
2142.000 0.302
2143.000 0.307
2144.000 0.310
2145.000 0.310
2146.000 0.309
2147.000 0.310
2148.000 0.307
2149.000 0.301
2150.000 0.298
2151.000 0.290
2152.000 0.290
2153.000 0.295
2154.000 0.299
2155.000 0.303
2156.000 0.313
2157.000 0.321
2158.000 0.325
2159.000 0.332
2160.000 0.328
2161.000 0.324
2162.000 0.313
2163.000 0.309
2164.000 0.302
2165.000 0.301
2166.000 0.307
2167.000 0.308
2168.000 0.313
2169.000 0.311
2170.000 0.301
2171.000 0.299
2172.000 0.293
2173.000 0.296
2174.000 0.313
2175.000 0.319
2176.000 0.326
2177.000 0.327
2178.000 0.318
2179.000 0.314
2180.000 0.312
2181.000 0.309
2182.000 0.304
2183.000 0.303
2184.000 0.305
2185.000 0.310
2186.000 0.315
2187.000 0.329
2188.000 0.333
2189.000 0.338
2190.000 0.335
2191.000 0.327
2192.000 0.318
2193.000 0.298
2194.000 0.292
2195.000 0.289
2196.000 0.290
2197.000 0.297
2198.000 0.304
2199.000 0.318
2200.000 0.324
2201.000 0.325
2202.000 0.333
2203.000 0.331
2204.000 0.326
2205.000 0.329
2206.000 0.333
2207.000 0.330
2208.000 0.323
2209.000 0.319
2210.000 0.309
2211.000 0.308
2212.000 0.314
2213.000 0.315
2214.000 0.322
2215.000 0.325
2216.000 0.325
2217.000 0.326
2218.000 0.335
2219.000 0.333
2220.000 0.325
2221.000 0.320
2222.000 0.306
2223.000 0.299
2224.000 0.296
2225.000 0.298
2226.000 0.303
2227.000 0.310
2228.000 0.324
2229.000 0.335
2230.000 0.342
2231.000 0.344
2232.000 0.334
2233.000 0.319
2234.000 0.309
2235.000 0.304
2236.000 0.307
2237.000 0.318
2238.000 0.323
2239.000 0.334
2240.000 0.332
2241.000 0.317
2242.000 0.315
2243.000 0.311
2244.000 0.308
2245.000 0.314
2246.000 0.314
2247.000 0.305
2248.000 0.306
2249.000 0.313
2250.000 0.318
2251.000 0.330
2252.000 0.333
2253.000 0.331
2254.000 0.326
2255.000 0.313
2256.000 0.305
2257.000 0.293
2258.000 0.292
2259.000 0.298
2260.000 0.303
2261.000 0.315
2262.000 0.313
2263.000 0.314
2264.000 0.305
2265.000 0.290
2266.000 0.288
2267.000 0.293
2268.000 0.305
2269.000 0.313
2270.000 0.323
2271.000 0.325
2272.000 0.314
2273.000 0.308
2274.000 0.300
2275.000 0.295
2276.000 0.293
2277.000 0.287
2278.000 0.280
2279.000 0.275
2280.000 0.264
2281.000 0.263
2282.000 0.272
2283.000 0.275
2284.000 0.285
2285.000 0.285
2286.000 0.279
2287.000 0.276
2288.000 0.275
2289.000 0.272
2290.000 0.280
2291.000 0.283
2292.000 0.280
2293.000 0.285
2294.000 0.295
2295.000 0.312
2296.000 0.317
2297.000 0.287
2298.000 0.300
2299.000 0.295
2300.000 0.299
2301.000 0.307
2302.000 0.303
2303.000 0.303
2304.000 0.306
2305.000 0.303
2306.000 0.283
2307.000 0.302
2308.000 0.293
2309.000 0.279
2310.000 0.256
2311.000 0.264
2312.000 0.261
2313.000 0.276
2314.000 0.287
2315.000 0.283
2316.000 0.318
2317.000 0.338
2318.000 0.328
2319.000 0.323
2320.000 0.292
2321.000 0.249
2322.000 0.249
2323.000 0.248
2324.000 0.263
2325.000 0.319
2326.000 0.355
2327.000 0.334
2328.000 0.340
2329.000 0.321
2330.000 0.297
2331.000 0.293
2332.000 0.267
2333.000 0.248
2334.000 0.247
2335.000 0.300
2336.000 0.304
2337.000 0.246
2338.000 0.251
2339.000 0.244
2340.000 0.248
2341.000 0.319
2342.000 0.340
2343.000 0.302
2344.000 0.291
2345.000 0.317
2346.000 0.302
2347.000 0.350
2348.000 0.344
2349.000 0.292
2350.000 0.282
2351.000 0.277
2352.000 0.277
2353.000 0.290
2354.000 0.278
2355.000 0.310
2356.000 0.317
2357.000 0.312
2358.000 0.302
2359.000 0.315
2360.000 0.341
2361.000 0.296
2362.000 0.270
2363.000 0.299
2364.000 0.296
2365.000 0.335
2366.000 0.295
2367.000 0.282
2368.000 0.199
2369.000 0.298
2370.000 0.363
2371.000 0.291
2372.000 0.327
2373.000 0.356
2374.000 0.414
2375.000 0.556
2376.000 0.387
2377.000 0.366
2378.000 0.282
2379.000 0.244
2380.000 0.289
2381.000 0.343
2382.000 0.331
2383.000 0.287
2384.000 0.332
2385.000 0.444
2386.000 0.375
2387.000 0.341
2388.000 0.389
2389.000 0.280
2390.000 0.385
2391.000 0.322
2392.000 0.288
2393.000 0.231
2394.000 0.299
2395.000 0.309
2396.000 0.424
2397.000 0.550
2398.000 0.472
2399.000 0.470
2400.000 0.451
2401.000 0.390
2402.000 0.466
2403.000 0.386
2404.000 0.416
2405.000 0.270
2406.000 0.235
2407.000 0.378
2408.000 0.407
2409.000 0.337
2410.000 0.351
2411.000 0.563
2412.000 0.467
2413.000 0.581
2414.000 0.612
2415.000 0.654
2416.000 0.585
2417.000 0.556
2418.000 0.461
2419.000 0.337
2420.000 0.242
2421.000 0.217
2422.000 0.332
2423.000 0.284
2424.000 0.250
2425.000 0.323
2426.000 0.345
2427.000 0.347
2428.000 0.450
2429.000 0.423
2430.000 0.348
2431.000 0.198
2432.000 0.374
2433.000 0.543
2434.000 0.537
2435.000 0.463
2436.000 0.652
2437.000 0.544
2438.000 0.423
2439.000 0.369
2440.000 0.339
2441.000 0.332
2442.000 0.312
2443.000 0.256
2444.000 0.455
2445.000 0.484
2446.000 0.260
2447.000 0.378
2448.000 0.263
2449.000 0.204
2450.000 0.272
2451.000 0.304
2452.000 0.463
2453.000 0.313
2454.000 0.450
2455.000 0.451
2456.000 0.465
2457.000 0.536
2458.000 0.527
2459.000 0.353
2460.000 0.405
2461.000 0.338
2462.000 0.421
2463.000 0.436
2464.000 0.314
2465.000 0.412
2466.000 0.466
2467.000 0.384
2468.000 0.300
2469.000 0.364
2470.000 0.244
2471.000 0.367
2472.000 0.474
2473.000 0.439
2474.000 0.463
2475.000 0.445
2476.000 0.627
2477.000 0.520
2478.000 0.457
2479.000 0.377
2480.000 0.311
2481.000 0.218
2482.000 0.175
2483.000 0.256
2484.000 0.424
2485.000 0.463
2486.000 0.518
2487.000 0.612
2488.000 0.564
2489.000 0.484
2490.000 0.262
2491.000 0.566
2492.000 0.380
2493.000 0.179
2494.000 0.280
2495.000 0.648
2496.000 0.471
2497.000 0.393
2498.000 0.331
2499.000 0.487
2500.000 0.438
