391.000 0.040
392.000 0.042
393.000 0.043
394.000 0.040
395.000 0.041
396.000 0.041
397.000 0.040
398.000 0.043
399.000 0.042
400.000 0.041
401.000 0.043
402.000 0.043
403.000 0.043
404.000 0.043
405.000 0.043
406.000 0.042
407.000 0.042
408.000 0.043
409.000 0.042
410.000 0.041
411.000 0.042
412.000 0.045
413.000 0.044
414.000 0.043
415.000 0.043
416.000 0.042
417.000 0.040
418.000 0.041
419.000 0.042
420.000 0.043
421.000 0.043
422.000 0.044
423.000 0.044
424.000 0.042
425.000 0.042
426.000 0.043
427.000 0.041
428.000 0.043
429.000 0.044
430.000 0.044
431.000 0.044
432.000 0.043
433.000 0.042
434.000 0.042
435.000 0.043
436.000 0.043
437.000 0.043
438.000 0.043
439.000 0.043
440.000 0.043
441.000 0.042
442.000 0.043
443.000 0.042
444.000 0.042
445.000 0.043
446.000 0.043
447.000 0.044
448.000 0.044
449.000 0.043
450.000 0.042
451.000 0.043
452.000 0.044
453.000 0.044
454.000 0.043
455.000 0.043
456.000 0.044
457.000 0.044
458.000 0.044
459.000 0.044
460.000 0.044
461.000 0.043
462.000 0.043
463.000 0.044
464.000 0.044
465.000 0.045
466.000 0.044
467.000 0.043
468.000 0.044
469.000 0.045
470.000 0.045
471.000 0.045
472.000 0.045
473.000 0.045
474.000 0.044
475.000 0.045
476.000 0.045
477.000 0.045
478.000 0.044
479.000 0.044
480.000 0.045
481.000 0.045
482.000 0.045
483.000 0.045
484.000 0.045
485.000 0.045
486.000 0.045
487.000 0.046
488.000 0.046
489.000 0.046
490.000 0.045
491.000 0.045
492.000 0.046
493.000 0.045
494.000 0.046
495.000 0.047
496.000 0.046
497.000 0.048
498.000 0.047
499.000 0.047
500.000 0.047
501.000 0.048
502.000 0.049
503.000 0.049
504.000 0.050
505.000 0.050
506.000 0.050
507.000 0.051
508.000 0.052
509.000 0.053
510.000 0.053
511.000 0.055
512.000 0.055
513.000 0.056
514.000 0.057
515.000 0.059
516.000 0.060
517.000 0.062
518.000 0.064
519.000 0.065
520.000 0.066
521.000 0.068
522.000 0.069
523.000 0.072
524.000 0.074
525.000 0.076
526.000 0.077
527.000 0.079
528.000 0.081
529.000 0.082
530.000 0.083
531.000 0.084
532.000 0.086
533.000 0.087
534.000 0.088
535.000 0.089
536.000 0.090
537.000 0.091
538.000 0.092
539.000 0.091
540.000 0.091
541.000 0.092
542.000 0.093
543.000 0.093
544.000 0.093
545.000 0.094
546.000 0.094
547.000 0.094
548.000 0.094
549.000 0.094
550.000 0.094
551.000 0.094
552.000 0.094
553.000 0.094
554.000 0.094
555.000 0.094
556.000 0.093
557.000 0.093
558.000 0.092
559.000 0.092
560.000 0.091
561.000 0.091
562.000 0.091
563.000 0.090
564.000 0.088
565.000 0.087
566.000 0.086
567.000 0.084
568.000 0.083
569.000 0.083
570.000 0.082
571.000 0.080
572.000 0.079
573.000 0.078
574.000 0.077
575.000 0.076
576.000 0.076
577.000 0.074
578.000 0.073
579.000 0.073
580.000 0.072
581.000 0.072
582.000 0.072
583.000 0.071
584.000 0.071
585.000 0.070
586.000 0.069
587.000 0.070
588.000 0.069
589.000 0.068
590.000 0.069
591.000 0.068
592.000 0.067
593.000 0.067
594.000 0.066
595.000 0.066
596.000 0.066
597.000 0.066
598.000 0.066
599.000 0.067
600.000 0.066
601.000 0.065
602.000 0.065
603.000 0.065
604.000 0.065
605.000 0.065
606.000 0.065
607.000 0.065
608.000 0.065
609.000 0.064
610.000 0.063
611.000 0.063
612.000 0.063
613.000 0.063
614.000 0.063
615.000 0.062
616.000 0.062
617.000 0.061
618.000 0.061
619.000 0.061
620.000 0.062
621.000 0.061
622.000 0.061
623.000 0.061
624.000 0.062
625.000 0.061
626.000 0.062
627.000 0.062
628.000 0.062
629.000 0.061
630.000 0.061
631.000 0.060
632.000 0.061
633.000 0.062
634.000 0.061
635.000 0.061
636.000 0.061
637.000 0.060
638.000 0.061
639.000 0.060
640.000 0.059
641.000 0.059
642.000 0.059
643.000 0.058
644.000 0.058
645.000 0.059
646.000 0.058
647.000 0.057
648.000 0.058
649.000 0.057
650.000 0.057
651.000 0.057
652.000 0.057
653.000 0.057
654.000 0.057
655.000 0.057
656.000 0.057
657.000 0.058
658.000 0.058
659.000 0.057
660.000 0.058
661.000 0.059
662.000 0.058
663.000 0.058
664.000 0.058
665.000 0.058
666.000 0.059
667.000 0.058
668.000 0.059
669.000 0.060
670.000 0.059
671.000 0.060
672.000 0.061
673.000 0.061
674.000 0.061
675.000 0.062
676.000 0.063
677.000 0.064
678.000 0.065
679.000 0.065
680.000 0.065
681.000 0.066
682.000 0.066
683.000 0.067
684.000 0.068
685.000 0.069
686.000 0.069
687.000 0.070
688.000 0.071
689.000 0.071
690.000 0.073
691.000 0.075
692.000 0.077
693.000 0.079
694.000 0.081
695.000 0.085
696.000 0.089
697.000 0.093
698.000 0.097
699.000 0.102
700.000 0.108
701.000 0.114
702.000 0.118
703.000 0.124
704.000 0.130
705.000 0.136
706.000 0.141
707.000 0.147
708.000 0.153
709.000 0.160
710.000 0.166
711.000 0.171
712.000 0.178
713.000 0.185
714.000 0.191
715.000 0.197
716.000 0.203
717.000 0.209
718.000 0.217
719.000 0.224
720.000 0.231
721.000 0.238
722.000 0.245
723.000 0.250
724.000 0.257
725.000 0.264
726.000 0.270
727.000 0.277
728.000 0.283
729.000 0.289
730.000 0.295
731.000 0.301
732.000 0.307
733.000 0.312
734.000 0.317
735.000 0.322
736.000 0.327
737.000 0.331
738.000 0.335
739.000 0.339
740.000 0.344
741.000 0.347
742.000 0.350
743.000 0.354
744.000 0.357
745.000 0.360
746.000 0.362
747.000 0.364
748.000 0.367
749.000 0.369
750.000 0.371
751.000 0.373
752.000 0.375
753.000 0.376
754.000 0.378
755.000 0.379
756.000 0.380
757.000 0.381
758.000 0.381
759.000 0.381
760.000 0.381
761.000 0.383
762.000 0.381
763.000 0.381
764.000 0.383
765.000 0.385
766.000 0.387
767.000 0.387
768.000 0.389
769.000 0.389
770.000 0.390
771.000 0.391
772.000 0.392
773.000 0.392
774.000 0.393
775.000 0.393
776.000 0.394
777.000 0.395
778.000 0.395
779.000 0.395
780.000 0.396
781.000 0.396
782.000 0.397
783.000 0.397
784.000 0.397
785.000 0.397
786.000 0.398
787.000 0.398
788.000 0.398
789.000 0.398
790.000 0.399
791.000 0.399
792.000 0.399
793.000 0.400
794.000 0.400
795.000 0.400
796.000 0.401
797.000 0.401
798.000 0.401
799.000 0.401
800.000 0.402
801.000 0.402
802.000 0.402
803.000 0.403
804.000 0.403
805.000 0.404
806.000 0.404
807.000 0.405
808.000 0.405
809.000 0.405
810.000 0.405
811.000 0.405
812.000 0.405
813.000 0.404
814.000 0.404
815.000 0.404
816.000 0.404
817.000 0.405
818.000 0.405
819.000 0.406
820.000 0.406
821.000 0.406
822.000 0.407
823.000 0.408
824.000 0.408
825.000 0.409
826.000 0.409
827.000 0.409
828.000 0.410
829.000 0.410
830.000 0.410
831.000 0.410
832.000 0.411
833.000 0.412
834.000 0.412
835.000 0.413
836.000 0.413
837.000 0.413
838.000 0.414
839.000 0.415
840.000 0.415
841.000 0.416
842.000 0.416
843.000 0.417
844.000 0.417
845.000 0.417
846.000 0.418
847.000 0.418
848.000 0.419
849.000 0.419
850.000 0.419
851.000 0.419
852.000 0.420
853.000 0.420
854.000 0.420
855.000 0.420
856.000 0.421
857.000 0.421
858.000 0.421
859.000 0.421
860.000 0.422
861.000 0.422
862.000 0.423
863.000 0.422
864.000 0.423
865.000 0.423
866.000 0.424
867.000 0.424
868.000 0.424
869.000 0.424
870.000 0.424
871.000 0.424
872.000 0.425
873.000 0.425
874.000 0.426
875.000 0.426
876.000 0.425
877.000 0.426
878.000 0.426
879.000 0.427
880.000 0.427
881.000 0.427
882.000 0.427
883.000 0.428
884.000 0.428
885.000 0.428
886.000 0.429
887.000 0.429
888.000 0.429
889.000 0.429
890.000 0.429
891.000 0.429
892.000 0.429
893.000 0.428
894.000 0.428
895.000 0.428
896.000 0.428
897.000 0.428
898.000 0.428
899.000 0.428
900.000 0.428
901.000 0.429
902.000 0.428
903.000 0.428
904.000 0.428
905.000 0.428
906.000 0.428
907.000 0.430
908.000 0.430
909.000 0.430
910.000 0.429
911.000 0.428
912.000 0.430
913.000 0.429
914.000 0.430
915.000 0.430
916.000 0.430
917.000 0.430
918.000 0.430
919.000 0.431
920.000 0.432
921.000 0.432
922.000 0.432
923.000 0.431
924.000 0.431
925.000 0.431
926.000 0.431
927.000 0.429
928.000 0.428
929.000 0.428
930.000 0.429
931.000 0.429
932.000 0.427
933.000 0.427
934.000 0.426
935.000 0.423
936.000 0.424
937.000 0.423
938.000 0.420
939.000 0.419
940.000 0.421
941.000 0.419
942.000 0.419
943.000 0.422
944.000 0.422
945.000 0.420
946.000 0.419
947.000 0.422
948.000 0.424
949.000 0.421
950.000 0.418
951.000 0.416
952.000 0.421
953.000 0.420
954.000 0.418
955.000 0.417
956.000 0.417
957.000 0.418
958.000 0.419
959.000 0.418
960.000 0.416
961.000 0.419
962.000 0.420
963.000 0.420
964.000 0.423
965.000 0.425
966.000 0.423
967.000 0.422
968.000 0.426
969.000 0.424
970.000 0.423
971.000 0.424
972.000 0.423
973.000 0.425
974.000 0.426
975.000 0.426
976.000 0.428
977.000 0.427
978.000 0.427
979.000 0.428
980.000 0.428
981.000 0.429
982.000 0.430
983.000 0.429
984.000 0.430
985.000 0.431
986.000 0.432
987.000 0.433
988.000 0.434
989.000 0.433
990.000 0.435
991.000 0.436
992.000 0.435
993.000 0.436
994.000 0.436
995.000 0.436
996.000 0.438
997.000 0.438
998.000 0.438
999.000 0.439
1000.000 0.438
1001.000 0.446
1002.000 0.447
1003.000 0.446
1004.000 0.446
1005.000 0.446
1006.000 0.446
1007.000 0.446
1008.000 0.447
1009.000 0.448
1010.000 0.448
1011.000 0.450
1012.000 0.450
1013.000 0.451
1014.000 0.452
1015.000 0.452
1016.000 0.453
1017.000 0.453
1018.000 0.453
1019.000 0.453
1020.000 0.454
1021.000 0.454
1022.000 0.454
1023.000 0.455
1024.000 0.455
1025.000 0.455
1026.000 0.456
1027.000 0.456
1028.000 0.457
1029.000 0.458
1030.000 0.459
1031.000 0.459
1032.000 0.460
1033.000 0.461
1034.000 0.461
1035.000 0.461
1036.000 0.461
1037.000 0.461
1038.000 0.461
1039.000 0.461
1040.000 0.462
1041.000 0.462
1042.000 0.463
1043.000 0.463
1044.000 0.463
1045.000 0.463
1046.000 0.463
1047.000 0.463
1048.000 0.464
1049.000 0.464
1050.000 0.464
1051.000 0.465
1052.000 0.465
1053.000 0.466
1054.000 0.466
1055.000 0.466
1056.000 0.467
1057.000 0.467
1058.000 0.467
1059.000 0.467
1060.000 0.468
1061.000 0.469
1062.000 0.469
1063.000 0.470
1064.000 0.471
1065.000 0.470
1066.000 0.470
1067.000 0.470
1068.000 0.470
1069.000 0.470
1070.000 0.471
1071.000 0.472
1072.000 0.472
1073.000 0.472
1074.000 0.471
1075.000 0.471
1076.000 0.471
1077.000 0.472
1078.000 0.472
1079.000 0.472
1080.000 0.473
1081.000 0.473
1082.000 0.473
1083.000 0.473
1084.000 0.472
1085.000 0.472
1086.000 0.473
1087.000 0.473
1088.000 0.473
1089.000 0.473
1090.000 0.473
1091.000 0.473
1092.000 0.474
1093.000 0.473
1094.000 0.473
1095.000 0.473
1096.000 0.472
1097.000 0.472
1098.000 0.472
1099.000 0.471
1100.000 0.471
1101.000 0.471
1102.000 0.469
1103.000 0.469
1104.000 0.468
1105.000 0.469
1106.000 0.468
1107.000 0.468
1108.000 0.468
1109.000 0.468
1110.000 0.468
1111.000 0.467
1112.000 0.465
1113.000 0.462
1114.000 0.459
1115.000 0.459
1116.000 0.456
1117.000 0.454
1118.000 0.453
1119.000 0.451
1120.000 0.449
1121.000 0.448
1122.000 0.446
1123.000 0.445
1124.000 0.444
1125.000 0.443
1126.000 0.441
1127.000 0.439
1128.000 0.437
1129.000 0.437
1130.000 0.439
1131.000 0.441
1132.000 0.442
1133.000 0.443
1134.000 0.444
1135.000 0.445
1136.000 0.444
1137.000 0.443
1138.000 0.442
1139.000 0.440
1140.000 0.438
1141.000 0.439
1142.000 0.438
1143.000 0.438
1144.000 0.438
1145.000 0.436
1146.000 0.435
1147.000 0.436
1148.000 0.434
1149.000 0.434
1150.000 0.433
1151.000 0.431
1152.000 0.431
1153.000 0.431
1154.000 0.432
1155.000 0.433
1156.000 0.432
1157.000 0.432
1158.000 0.432
1159.000 0.432
1160.000 0.433
1161.000 0.434
1162.000 0.435
1163.000 0.435
1164.000 0.435
1165.000 0.435
1166.000 0.436
1167.000 0.436
1168.000 0.437
1169.000 0.438
1170.000 0.438
1171.000 0.438
1172.000 0.438
1173.000 0.438
1174.000 0.438
1175.000 0.439
1176.000 0.439
1177.000 0.440
1178.000 0.440
1179.000 0.440
1180.000 0.440
1181.000 0.439
1182.000 0.439
1183.000 0.438
1184.000 0.438
1185.000 0.438
1186.000 0.438
1187.000 0.438
1188.000 0.438
1189.000 0.439
1190.000 0.439
1191.000 0.440
1192.000 0.440
1193.000 0.441
1194.000 0.441
1195.000 0.441
1196.000 0.441
1197.000 0.442
1198.000 0.443
1199.000 0.443
1200.000 0.444
1201.000 0.444
1202.000 0.444
1203.000 0.444
1204.000 0.444
1205.000 0.444
1206.000 0.443
1207.000 0.443
1208.000 0.443
1209.000 0.444
1210.000 0.444
1211.000 0.446
1212.000 0.446
1213.000 0.446
1214.000 0.447
1215.000 0.447
1216.000 0.448
1217.000 0.448
1218.000 0.449
1219.000 0.449
1220.000 0.449
1221.000 0.449
1222.000 0.449
1223.000 0.450
1224.000 0.451
1225.000 0.451
1226.000 0.452
1227.000 0.453
1228.000 0.454
1229.000 0.454
1230.000 0.454
1231.000 0.455
1232.000 0.456
1233.000 0.457
1234.000 0.457
1235.000 0.458
1236.000 0.458
1237.000 0.458
1238.000 0.458
1239.000 0.458
1240.000 0.458
1241.000 0.459
1242.000 0.459
1243.000 0.459
1244.000 0.459
1245.000 0.459
1246.000 0.459
1247.000 0.460
1248.000 0.461
1249.000 0.462
1250.000 0.463
1251.000 0.463
1252.000 0.463
1253.000 0.462
1254.000 0.462
1255.000 0.462
1256.000 0.462
1257.000 0.462
1258.000 0.462
1259.000 0.461
1260.000 0.461
1261.000 0.462
1262.000 0.461
1263.000 0.461
1264.000 0.461
1265.000 0.461
1266.000 0.461
1267.000 0.461
1268.000 0.461
1269.000 0.461
1270.000 0.461
1271.000 0.462
1272.000 0.462
1273.000 0.463
1274.000 0.464
1275.000 0.465
1276.000 0.466
1277.000 0.466
1278.000 0.466
1279.000 0.466
1280.000 0.466
1281.000 0.466
1282.000 0.466
1283.000 0.466
1284.000 0.467
1285.000 0.466
1286.000 0.466
1287.000 0.466
1288.000 0.466
1289.000 0.466
1290.000 0.466
1291.000 0.465
1292.000 0.465
1293.000 0.464
1294.000 0.464
1295.000 0.463
1296.000 0.463
1297.000 0.463
1298.000 0.462
1299.000 0.462
1300.000 0.462
1301.000 0.461
1302.000 0.460
1303.000 0.459
1304.000 0.459
1305.000 0.458
1306.000 0.457
1307.000 0.457
1308.000 0.456
1309.000 0.455
1310.000 0.454
1311.000 0.453
1312.000 0.451
1313.000 0.450
1314.000 0.448
1315.000 0.448
1316.000 0.447
1317.000 0.447
1318.000 0.446
1319.000 0.445
1320.000 0.444
1321.000 0.443
1322.000 0.441
1323.000 0.440
1324.000 0.437
1325.000 0.436
1326.000 0.434
1327.000 0.432
1328.000 0.430
1329.000 0.428
1330.000 0.425
1331.000 0.423
1332.000 0.422
1333.000 0.421
1334.000 0.422
1335.000 0.421
1336.000 0.418
1337.000 0.417
1338.000 0.415
1339.000 0.414
1340.000 0.415
1341.000 0.415
1342.000 0.414
1343.000 0.412
1344.000 0.410
1345.000 0.407
1346.000 0.405
1347.000 0.402
1348.000 0.398
1349.000 0.393
1350.000 0.387
1351.000 0.378
1352.000 0.374
1353.000 0.414
1354.000 0.424
1355.000 0.435
1356.000 0.455
1357.000 0.381
1358.000 0.344
1359.000 0.398
1360.000 0.370
1361.000 0.492
1362.000 0.487
1363.000 0.357
1364.000 0.363
1365.000 0.312
1366.000 0.334
1367.000 0.453
1368.000 0.378
1369.000 0.476
1370.000 0.492
1371.000 0.348
1372.000 0.389
1373.000 0.665
1374.000 0.698
1375.000 0.621
1376.000 0.477
1377.000 0.283
1378.000 0.147
1379.000 0.416
1380.000 0.571
1381.000 0.611
1382.000 0.382
1383.000 0.308
1384.000 0.203
1385.000 0.258
1386.000 0.237
1387.000 0.318
1388.000 0.283
1389.000 0.293
1390.000 0.263
1391.000 0.292
1392.000 0.337
1393.000 0.400
1394.000 0.383
1395.000 0.414
1396.000 0.427
1397.000 0.477
1398.000 0.388
1399.000 0.274
1400.000 0.389
1401.000 0.480
1402.000 0.450
1403.000 0.503
1404.000 0.644
1405.000 0.615
1406.000 0.296
1407.000 0.231
1408.000 0.138
1409.000 0.104
1410.000 0.197
1411.000 0.274
1412.000 0.322
1413.000 0.505
1414.000 0.466
1415.000 0.279
1416.000 0.233
1417.000 0.217
1418.000 0.225
1419.000 0.228
1420.000 0.247
1421.000 0.251
1422.000 0.244
1423.000 0.213
1424.000 0.247
1425.000 0.234
1426.000 0.229
1427.000 0.205
1428.000 0.204
1429.000 0.243
1430.000 0.237
1431.000 0.248
1432.000 0.239
1433.000 0.228
1434.000 0.191
1435.000 0.186
1436.000 0.177
1437.000 0.177
1438.000 0.171
1439.000 0.158
1440.000 0.161
1441.000 0.155
1442.000 0.167
1443.000 0.179
1444.000 0.179
1445.000 0.176
1446.000 0.178
1447.000 0.174
1448.000 0.164
1449.000 0.184
1450.000 0.187
1451.000 0.191
1452.000 0.191
1453.000 0.185
1454.000 0.168
1455.000 0.166
1456.000 0.169
1457.000 0.166
1458.000 0.166
1459.000 0.165
1460.000 0.163
1461.000 0.159
1462.000 0.169
1463.000 0.171
1464.000 0.174
1465.000 0.178
1466.000 0.187
1467.000 0.188
1468.000 0.191
1469.000 0.192
1470.000 0.188
1471.000 0.186
1472.000 0.179
1473.000 0.178
1474.000 0.175
1475.000 0.173
1476.000 0.168
1477.000 0.170
1478.000 0.175
1479.000 0.178
1480.000 0.184
1481.000 0.188
1482.000 0.189
1483.000 0.191
1484.000 0.195
1485.000 0.195
1486.000 0.191
1487.000 0.192
1488.000 0.194
1489.000 0.196
1490.000 0.202
1491.000 0.204
1492.000 0.208
1493.000 0.209
1494.000 0.208
1495.000 0.209
1496.000 0.208
1497.000 0.209
1498.000 0.213
1499.000 0.215
1500.000 0.217
1501.000 0.218
1502.000 0.219
1503.000 0.219
1504.000 0.221
1505.000 0.224
1506.000 0.226
1507.000 0.229
1508.000 0.231
1509.000 0.233
1510.000 0.234
1511.000 0.234
1512.000 0.234
1513.000 0.234
1514.000 0.234
1515.000 0.235
1516.000 0.235
1517.000 0.236
1518.000 0.238
1519.000 0.239
1520.000 0.241
1521.000 0.242
1522.000 0.243
1523.000 0.243
1524.000 0.245
1525.000 0.248
1526.000 0.249
1527.000 0.251
1528.000 0.252
1529.000 0.251
1530.000 0.252
1531.000 0.253
1532.000 0.254
1533.000 0.257
1534.000 0.258
1535.000 0.260
1536.000 0.262
1537.000 0.262
1538.000 0.263
1539.000 0.264
1540.000 0.265
1541.000 0.268
1542.000 0.270
1543.000 0.270
1544.000 0.270
1545.000 0.270
1546.000 0.271
1547.000 0.274
1548.000 0.275
1549.000 0.277
1550.000 0.278
1551.000 0.280
1552.000 0.280
1553.000 0.279
1554.000 0.279
1555.000 0.278
1556.000 0.278
1557.000 0.281
1558.000 0.282
1559.000 0.284
1560.000 0.285
1561.000 0.285
1562.000 0.286
1563.000 0.289
1564.000 0.290
1565.000 0.292
1566.000 0.294
1567.000 0.294
1568.000 0.295
1569.000 0.295
1570.000 0.295
1571.000 0.296
1572.000 0.296
1573.000 0.297
1574.000 0.298
1575.000 0.298
1576.000 0.298
1577.000 0.300
1578.000 0.301
1579.000 0.301
1580.000 0.302
1581.000 0.304
1582.000 0.305
1583.000 0.306
1584.000 0.308
1585.000 0.309
1586.000 0.309
1587.000 0.310
1588.000 0.311
1589.000 0.311
1590.000 0.312
1591.000 0.314
1592.000 0.314
1593.000 0.316
1594.000 0.316
1595.000 0.316
1596.000 0.316
1597.000 0.315
1598.000 0.315
1599.000 0.316
1600.000 0.317
1601.000 0.316
1602.000 0.317
1603.000 0.318
1604.000 0.319
1605.000 0.319
1606.000 0.320
1607.000 0.320
1608.000 0.320
1609.000 0.321
1610.000 0.322
1611.000 0.324
1612.000 0.324
1613.000 0.325
1614.000 0.326
1615.000 0.326
1616.000 0.325
1617.000 0.324
1618.000 0.324
1619.000 0.323
1620.000 0.324
1621.000 0.327
1622.000 0.329
1623.000 0.330
1624.000 0.332
1625.000 0.333
1626.000 0.333
1627.000 0.332
1628.000 0.333
1629.000 0.332
1630.000 0.332
1631.000 0.333
1632.000 0.334
1633.000 0.335
1634.000 0.335
1635.000 0.335
1636.000 0.334
1637.000 0.335
1638.000 0.335
1639.000 0.333
1640.000 0.334
1641.000 0.335
1642.000 0.336
1643.000 0.337
1644.000 0.338
1645.000 0.339
1646.000 0.339
1647.000 0.339
1648.000 0.340
1649.000 0.338
1650.000 0.338
1651.000 0.338
1652.000 0.339
1653.000 0.340
1654.000 0.340
1655.000 0.338
1656.000 0.338
1657.000 0.338
1658.000 0.337
1659.000 0.337
1660.000 0.338
1661.000 0.341
1662.000 0.341
1663.000 0.341
1664.000 0.341
1665.000 0.339
1666.000 0.339
1667.000 0.339
1668.000 0.340
1669.000 0.341
1670.000 0.340
1671.000 0.341
1672.000 0.340
1673.000 0.338
1674.000 0.338
1675.000 0.338
1676.000 0.338
1677.000 0.339
1678.000 0.339
1679.000 0.338
1680.000 0.338
1681.000 0.337
1682.000 0.336
1683.000 0.337
1684.000 0.337
1685.000 0.338
1686.000 0.339
1687.000 0.339
1688.000 0.340
1689.000 0.340
1690.000 0.341
1691.000 0.343
1692.000 0.342
1693.000 0.341
1694.000 0.340
1695.000 0.339
1696.000 0.338
1697.000 0.340
1698.000 0.339
1699.000 0.338
1700.000 0.337
1701.000 0.335
1702.000 0.335
1703.000 0.334
1704.000 0.334
1705.000 0.334
1706.000 0.334
1707.000 0.337
1708.000 0.337
1709.000 0.336
1710.000 0.334
1711.000 0.330
1712.000 0.328
1713.000 0.327
1714.000 0.325
1715.000 0.326
1716.000 0.328
1717.000 0.330
1718.000 0.331
1719.000 0.331
1720.000 0.330
1721.000 0.329
1722.000 0.329
1723.000 0.328
1724.000 0.328
1725.000 0.329
1726.000 0.327
1727.000 0.327
1728.000 0.327
1729.000 0.327
1730.000 0.326
1731.000 0.327
1732.000 0.325
1733.000 0.322
1734.000 0.323
1735.000 0.324
1736.000 0.323
1737.000 0.324
1738.000 0.321
1739.000 0.320
1740.000 0.320
1741.000 0.320
1742.000 0.319
1743.000 0.319
1744.000 0.322
1745.000 0.323
1746.000 0.324
1747.000 0.322
1748.000 0.315
1749.000 0.312
1750.000 0.311
1751.000 0.309
1752.000 0.310
1753.000 0.308
1754.000 0.305
1755.000 0.303
1756.000 0.301
1757.000 0.300
1758.000 0.300
1759.000 0.297
1760.000 0.297
1761.000 0.297
1762.000 0.294
1763.000 0.294
1764.000 0.293
1765.000 0.293
1766.000 0.295
1767.000 0.297
1768.000 0.299
1769.000 0.300
1770.000 0.299
1771.000 0.301
1772.000 0.300
1773.000 0.297
1774.000 0.295
1775.000 0.291
1776.000 0.289
1777.000 0.290
1778.000 0.295
1779.000 0.298
1780.000 0.297
1781.000 0.294
1782.000 0.287
1783.000 0.280
1784.000 0.276
1785.000 0.275
1786.000 0.275
1787.000 0.277
1788.000 0.282
1789.000 0.291
1790.000 0.291
1791.000 0.288
1792.000 0.282
1793.000 0.267
1794.000 0.271
1795.000 0.287
1796.000 0.281
1797.000 0.269
1798.000 0.253
1799.000 0.247
1800.000 0.256
1801.000 0.476
1802.000 0.489
1803.000 0.543
1804.000 0.590
1805.000 0.643
1806.000 0.541
1807.000 0.628
1808.000 0.461
1809.000 0.456
1810.000 0.552
1811.000 0.488
1812.000 0.547
1813.000 0.521
1814.000 0.495
1815.000 0.486
1816.000 0.433
1817.000 0.715
1818.000 0.814
1819.000 0.849
1820.000 0.764
1821.000 0.631
1822.000 0.580
1823.000 0.539
1824.000 0.449
1825.000 0.372
1826.000 0.292
1827.000 0.183
1828.000 0.193
1829.000 0.377
1830.000 0.463
1831.000 0.548
1832.000 0.680
1833.000 0.754
1834.000 0.732
1835.000 0.694
1836.000 0.670
1837.000 0.605
1838.000 0.561
1839.000 0.494
1840.000 0.467
1841.000 0.447
1842.000 0.410
1843.000 0.350
1844.000 0.366
1845.000 0.323
1846.000 0.384
1847.000 0.325
1848.000 0.377
1849.000 0.363
1850.000 0.313
1851.000 0.314
1852.000 0.334
1853.000 0.351
1854.000 0.258
1855.000 0.252
1856.000 0.211
1857.000 0.194
1858.000 0.193
1859.000 0.207
1860.000 0.232
1861.000 0.292
1862.000 0.275
1863.000 0.261
1864.000 0.271
1865.000 0.287
1866.000 0.300
1867.000 0.318
1868.000 0.460
1869.000 0.446
1870.000 0.543
1871.000 0.539
1872.000 0.553
1873.000 0.631
1874.000 0.650
1875.000 0.667
1876.000 0.531
1877.000 0.373
1878.000 0.424
1879.000 0.466
1880.000 0.476
1881.000 0.534
1882.000 0.405
1883.000 0.397
1884.000 0.414
1885.000 0.448
1886.000 0.460
1887.000 0.465
1888.000 0.491
1889.000 0.465
1890.000 0.483
1891.000 0.666
1892.000 0.609
1893.000 0.552
1894.000 0.411
1895.000 0.306
1896.000 0.414
1897.000 0.534
1898.000 0.508
1899.000 0.551
1900.000 0.469
1901.000 0.381
1902.000 0.337
1903.000 0.388
1904.000 0.455
1905.000 0.488
1906.000 0.452
1907.000 0.414
1908.000 0.407
1909.000 0.370
1910.000 0.631
1911.000 0.440
1912.000 0.471
1913.000 0.469
1914.000 0.510
1915.000 0.612
1916.000 0.589
1917.000 0.583
1918.000 0.565
1919.000 0.514
1920.000 0.640
1921.000 0.592
1922.000 0.342
1923.000 0.602
1924.000 0.573
1925.000 0.589
1926.000 0.544
1927.000 0.526
1928.000 0.526
1929.000 0.405
1930.000 0.249
1931.000 0.227
1932.000 0.181
1933.000 0.189
1934.000 0.176
1935.000 0.167
1936.000 0.295
1937.000 0.384
1938.000 0.368
1939.000 0.460
1940.000 0.497
1941.000 0.516
1942.000 0.477
1943.000 0.474
1944.000 0.499
1945.000 0.467
1946.000 0.402
1947.000 0.496
1948.000 0.716
1949.000 0.599
1950.000 0.661
1951.000 0.657
1952.000 0.643
1953.000 0.500
1954.000 0.599
1955.000 0.517
1956.000 0.474
1957.000 0.429
1958.000 0.388
1959.000 0.411
1960.000 0.537
1961.000 0.458
1962.000 0.401
1963.000 0.409
1964.000 0.331
1965.000 0.422
1966.000 0.376
1967.000 0.384
1968.000 0.358
1969.000 0.346
1970.000 0.335
1971.000 0.308
1972.000 0.352
1973.000 0.375
1974.000 0.355
1975.000 0.331
1976.000 0.254
1977.000 0.247
1978.000 0.228
1979.000 0.266
1980.000 0.278
1981.000 0.254
1982.000 0.288
1983.000 0.236
1984.000 0.217
1985.000 0.222
1986.000 0.204
1987.000 0.242
1988.000 0.270
1989.000 0.343
1990.000 0.375
1991.000 0.409
1992.000 0.359
1993.000 0.284
1994.000 0.210
1995.000 0.228
1996.000 0.228
1997.000 0.291
1998.000 0.276
1999.000 0.256
2000.000 0.265
2001.000 0.269
2002.000 0.262
2003.000 0.266
2004.000 0.310
2005.000 0.339
2006.000 0.401
2007.000 0.388
2008.000 0.389
2009.000 0.417
2010.000 0.416
2011.000 0.377
2012.000 0.411
2013.000 0.414
2014.000 0.381
2015.000 0.346
2016.000 0.300
2017.000 0.218
2018.000 0.196
2019.000 0.194
2020.000 0.178
2021.000 0.170
2022.000 0.175
2023.000 0.186
2024.000 0.195
2025.000 0.194
2026.000 0.194
2027.000 0.205
2028.000 0.233
2029.000 0.241
2030.000 0.249
2031.000 0.254
2032.000 0.251
2033.000 0.241
2034.000 0.229
2035.000 0.212
2036.000 0.194
2037.000 0.176
2038.000 0.183
2039.000 0.193
2040.000 0.195
2041.000 0.207
2042.000 0.208
2043.000 0.194
2044.000 0.191
2045.000 0.189
2046.000 0.188
2047.000 0.191
2048.000 0.191
2049.000 0.195
2050.000 0.193
2051.000 0.193
2052.000 0.205
2053.000 0.228
2054.000 0.239
2055.000 0.240
2056.000 0.264
2057.000 0.267
2058.000 0.247
2059.000 0.235
2060.000 0.209
2061.000 0.202
2062.000 0.193
2063.000 0.193
2064.000 0.216
2065.000 0.227
2066.000 0.237
2067.000 0.237
2068.000 0.227
2069.000 0.220
2070.000 0.206
2071.000 0.193
2072.000 0.190
2073.000 0.196
2074.000 0.199
2075.000 0.205
2076.000 0.212
2077.000 0.225
2078.000 0.224
2079.000 0.216
2080.000 0.211
2081.000 0.198
2082.000 0.188
2083.000 0.186
2084.000 0.191
2085.000 0.199
2086.000 0.205
2087.000 0.210
2088.000 0.220
2089.000 0.219
2090.000 0.208
2091.000 0.207
2092.000 0.209
2093.000 0.208
2094.000 0.211
2095.000 0.214
2096.000 0.214
2097.000 0.213
2098.000 0.220
2099.000 0.217
2100.000 0.212
2101.000 0.207
2102.000 0.207
2103.000 0.213
2104.000 0.216
2105.000 0.221
2106.000 0.223
2107.000 0.224
2108.000 0.225
2109.000 0.229
2110.000 0.231
2111.000 0.232
2112.000 0.231
2113.000 0.230
2114.000 0.228
2115.000 0.227
2116.000 0.225
2117.000 0.220
2118.000 0.221
2119.000 0.223
2120.000 0.227
2121.000 0.233
2122.000 0.237
2123.000 0.238
2124.000 0.233
2125.000 0.232
2126.000 0.226
2127.000 0.228
2128.000 0.236
2129.000 0.239
2130.000 0.248
2131.000 0.249
2132.000 0.240
2133.000 0.238
2134.000 0.238
2135.000 0.237
2136.000 0.238
2137.000 0.238
2138.000 0.242
2139.000 0.237
2140.000 0.230
2141.000 0.234
2142.000 0.234
2143.000 0.233
2144.000 0.231
2145.000 0.231
2146.000 0.229
2147.000 0.223
2148.000 0.222
2149.000 0.219
2150.000 0.219
2151.000 0.224
2152.000 0.227
2153.000 0.230
2154.000 0.234
2155.000 0.242
2156.000 0.241
2157.000 0.243
2158.000 0.239
2159.000 0.237
2160.000 0.233
2161.000 0.230
2162.000 0.229
2163.000 0.230
2164.000 0.227
2165.000 0.230
2166.000 0.238
2167.000 0.242
2168.000 0.248
2169.000 0.245
2170.000 0.234
2171.000 0.230
2172.000 0.224
2173.000 0.224
2174.000 0.230
2175.000 0.232
2176.000 0.237
2177.000 0.237
2178.000 0.233
2179.000 0.235
2180.000 0.237
2181.000 0.236
2182.000 0.235
2183.000 0.232
2184.000 0.229
2185.000 0.224
2186.000 0.225
2187.000 0.232
2188.000 0.237
2189.000 0.250
2190.000 0.252
2191.000 0.252
2192.000 0.249
2193.000 0.241
2194.000 0.235
2195.000 0.226
2196.000 0.223
2197.000 0.222
2198.000 0.225
2199.000 0.239
2200.000 0.243
2201.000 0.243
2202.000 0.246
2203.000 0.244
2204.000 0.245
2205.000 0.253
2206.000 0.264
2207.000 0.267
2208.000 0.266
2209.000 0.259
2210.000 0.239
2211.000 0.235
2212.000 0.231
2213.000 0.230
2214.000 0.242
2215.000 0.246
2216.000 0.247
2217.000 0.247
2218.000 0.248
2219.000 0.245
2220.000 0.235
2221.000 0.233
2222.000 0.234
2223.000 0.235
2224.000 0.244
2225.000 0.245
2226.000 0.239
2227.000 0.235
2228.000 0.234
2229.000 0.233
2230.000 0.235
2231.000 0.239
2232.000 0.233
2233.000 0.227
2234.000 0.225
2235.000 0.225
2236.000 0.227
2237.000 0.230
2238.000 0.229
2239.000 0.223
2240.000 0.219
2241.000 0.213
2242.000 0.211
2243.000 0.212
2244.000 0.216
2245.000 0.222
2246.000 0.225
2247.000 0.232
2248.000 0.233
2249.000 0.228
2250.000 0.227
2251.000 0.225
2252.000 0.221
2253.000 0.216
2254.000 0.212
2255.000 0.201
2256.000 0.201
2257.000 0.210
2258.000 0.213
2259.000 0.226
2260.000 0.226
2261.000 0.227
2262.000 0.224
2263.000 0.216
2264.000 0.211
2265.000 0.197
2266.000 0.193
2267.000 0.200
2268.000 0.209
2269.000 0.217
2270.000 0.218
2271.000 0.224
2272.000 0.215
2273.000 0.214
2274.000 0.222
2275.000 0.220
2276.000 0.214
2277.000 0.213
2278.000 0.209
2279.000 0.207
2280.000 0.206
2281.000 0.206
2282.000 0.209
2283.000 0.209
2284.000 0.208
2285.000 0.210
2286.000 0.212
2287.000 0.215
2288.000 0.222
2289.000 0.227
2290.000 0.226
2291.000 0.227
2292.000 0.236
2293.000 0.237
2294.000 0.236
2295.000 0.233
2296.000 0.221
2297.000 0.208
2298.000 0.208
2299.000 0.204
2300.000 0.207
2301.000 0.212
2302.000 0.204
2303.000 0.196
2304.000 0.202
2305.000 0.201
2306.000 0.219
2307.000 0.235
2308.000 0.228
2309.000 0.227
2310.000 0.228
2311.000 0.226
2312.000 0.223
2313.000 0.223
2314.000 0.214
2315.000 0.193
2316.000 0.194
2317.000 0.180
2318.000 0.180
2319.000 0.193
2320.000 0.204
2321.000 0.224
2322.000 0.242
2323.000 0.253
2324.000 0.257
2325.000 0.274
2326.000 0.265
2327.000 0.244
2328.000 0.227
2329.000 0.203
2330.000 0.190
2331.000 0.185
2332.000 0.169
2333.000 0.200
2334.000 0.190
2335.000 0.233
2336.000 0.261
2337.000 0.192
2338.000 0.175
2339.000 0.151
2340.000 0.156
2341.000 0.146
2342.000 0.167
2343.000 0.182
2344.000 0.245
2345.000 0.238
2346.000 0.213
2347.000 0.188
2348.000 0.188
2349.000 0.212
2350.000 0.202
2351.000 0.218
2352.000 0.225
2353.000 0.232
2354.000 0.232
2355.000 0.226
2356.000 0.194
2357.000 0.187
2358.000 0.146
2359.000 0.105
2360.000 0.126
2361.000 0.133
2362.000 0.152
2363.000 0.211
2364.000 0.248
2365.000 0.316
2366.000 0.322
2367.000 0.251
2368.000 0.298
2369.000 0.316
2370.000 0.322
2371.000 0.313
2372.000 0.325
2373.000 0.503
2374.000 0.367
2375.000 0.374
2376.000 0.387
2377.000 0.393
2378.000 0.436
2379.000 0.514
2380.000 0.363
2381.000 0.268
2382.000 0.621
2383.000 0.682
2384.000 0.722
2385.000 0.371
2386.000 0.428
2387.000 0.729
2388.000 0.297
2389.000 0.391
2390.000 0.311
2391.000 0.485
2392.000 0.440
2393.000 0.518
2394.000 0.426
2395.000 0.455
2396.000 0.444
2397.000 0.503
2398.000 0.493
2399.000 0.349
2400.000 0.194
2401.000 0.589
2402.000 0.613
2403.000 0.624
2404.000 0.569
2405.000 0.420
2406.000 0.490
2407.000 0.606
2408.000 0.554
2409.000 0.413
2410.000 0.722
2411.000 0.614
2412.000 0.362
2413.000 0.393
2414.000 0.325
2415.000 0.438
2416.000 0.233
2417.000 0.147
2418.000 0.223
2419.000 0.265
2420.000 0.433
2421.000 0.376
2422.000 0.576
2423.000 0.504
2424.000 0.380
2425.000 0.341
2426.000 0.418
2427.000 0.322
2428.000 0.228
2429.000 0.323
2430.000 0.536
2431.000 0.416
2432.000 0.372
2433.000 0.268
2434.000 0.232
2435.000 0.661
2436.000 0.331
2437.000 0.493
2438.000 0.410
2439.000 0.312
2440.000 0.412
2441.000 0.525
2442.000 0.430
2443.000 0.499
2444.000 0.432
2445.000 0.502
2446.000 0.563
2447.000 0.488
2448.000 0.441
2449.000 0.358
2450.000 0.432
2451.000 0.573
2452.000 0.485
2453.000 0.711
2454.000 0.538
2455.000 0.394
2456.000 0.490
2457.000 0.418
2458.000 0.566
2459.000 0.414
2460.000 0.399
2461.000 0.573
2462.000 0.542
2463.000 0.435
2464.000 0.557
2465.000 0.325
2466.000 0.439
2467.000 0.520
2468.000 0.521
2469.000 0.350
2470.000 0.515
2471.000 0.608
2472.000 0.608
2473.000 0.439
2474.000 0.330
2475.000 0.338
2476.000 0.345
2477.000 0.454
2478.000 0.640
2479.000 0.471
2480.000 0.594
2481.000 0.468
2482.000 0.354
2483.000 0.262
2484.000 0.513
2485.000 0.573
2486.000 0.521
2487.000 0.682
2488.000 0.371
2489.000 0.300
2490.000 0.343
2491.000 0.459
2492.000 0.410
2493.000 0.499
2494.000 0.455
2495.000 0.217
2496.000 0.348
2497.000 0.448
2498.000 0.219
2499.000 0.390
2500.000 0.490
