391.000 0.076
392.000 0.082
393.000 0.083
394.000 0.078
395.000 0.075
396.000 0.073
397.000 0.073
398.000 0.083
399.000 0.077
400.000 0.075
401.000 0.084
402.000 0.082
403.000 0.080
404.000 0.081
405.000 0.082
406.000 0.081
407.000 0.080
408.000 0.079
409.000 0.081
410.000 0.081
411.000 0.084
412.000 0.088
413.000 0.087
414.000 0.085
415.000 0.083
416.000 0.082
417.000 0.078
418.000 0.078
419.000 0.082
420.000 0.087
421.000 0.088
422.000 0.089
423.000 0.090
424.000 0.082
425.000 0.082
426.000 0.085
427.000 0.082
428.000 0.082
429.000 0.085
430.000 0.090
431.000 0.091
432.000 0.087
433.000 0.085
434.000 0.087
435.000 0.087
436.000 0.087
437.000 0.086
438.000 0.087
439.000 0.088
440.000 0.088
441.000 0.087
442.000 0.087
443.000 0.089
444.000 0.089
445.000 0.089
446.000 0.087
447.000 0.088
448.000 0.090
449.000 0.089
450.000 0.087
451.000 0.090
452.000 0.095
453.000 0.092
454.000 0.088
455.000 0.088
456.000 0.091
457.000 0.092
458.000 0.093
459.000 0.094
460.000 0.091
461.000 0.088
462.000 0.088
463.000 0.091
464.000 0.089
465.000 0.091
466.000 0.093
467.000 0.092
468.000 0.093
469.000 0.094
470.000 0.095
471.000 0.093
472.000 0.093
473.000 0.094
474.000 0.094
475.000 0.094
476.000 0.094
477.000 0.094
478.000 0.094
479.000 0.092
480.000 0.093
481.000 0.094
482.000 0.094
483.000 0.094
484.000 0.096
485.000 0.097
486.000 0.096
487.000 0.097
488.000 0.098
489.000 0.096
490.000 0.097
491.000 0.097
492.000 0.097
493.000 0.096
494.000 0.100
495.000 0.100
496.000 0.096
497.000 0.099
498.000 0.098
499.000 0.097
500.000 0.100
501.000 0.101
502.000 0.101
503.000 0.101
504.000 0.104
505.000 0.104
506.000 0.105
507.000 0.108
508.000 0.110
509.000 0.109
510.000 0.108
511.000 0.111
512.000 0.112
513.000 0.113
514.000 0.115
515.000 0.117
516.000 0.120
517.000 0.122
518.000 0.125
519.000 0.125
520.000 0.128
521.000 0.132
522.000 0.135
523.000 0.139
524.000 0.142
525.000 0.144
526.000 0.146
527.000 0.149
528.000 0.151
529.000 0.152
530.000 0.154
531.000 0.156
532.000 0.158
533.000 0.159
534.000 0.160
535.000 0.162
536.000 0.164
537.000 0.165
538.000 0.166
539.000 0.165
540.000 0.166
541.000 0.167
542.000 0.168
543.000 0.168
544.000 0.167
545.000 0.168
546.000 0.169
547.000 0.169
548.000 0.170
549.000 0.169
550.000 0.169
551.000 0.170
552.000 0.170
553.000 0.170
554.000 0.171
555.000 0.170
556.000 0.168
557.000 0.169
558.000 0.168
559.000 0.167
560.000 0.166
561.000 0.167
562.000 0.166
563.000 0.165
564.000 0.163
565.000 0.161
566.000 0.160
567.000 0.157
568.000 0.155
569.000 0.155
570.000 0.154
571.000 0.152
572.000 0.151
573.000 0.149
574.000 0.147
575.000 0.146
576.000 0.146
577.000 0.143
578.000 0.142
579.000 0.142
580.000 0.142
581.000 0.142
582.000 0.142
583.000 0.138
584.000 0.138
585.000 0.138
586.000 0.137
587.000 0.138
588.000 0.137
589.000 0.136
590.000 0.136
591.000 0.135
592.000 0.134
593.000 0.133
594.000 0.132
595.000 0.132
596.000 0.132
597.000 0.131
598.000 0.132
599.000 0.133
600.000 0.133
601.000 0.131
602.000 0.130
603.000 0.131
604.000 0.133
605.000 0.133
606.000 0.133
607.000 0.133
608.000 0.132
609.000 0.130
610.000 0.128
611.000 0.127
612.000 0.128
613.000 0.130
614.000 0.129
615.000 0.127
616.000 0.128
617.000 0.126
618.000 0.125
619.000 0.127
620.000 0.128
621.000 0.128
622.000 0.126
623.000 0.127
624.000 0.128
625.000 0.128
626.000 0.128
627.000 0.129
628.000 0.127
629.000 0.126
630.000 0.126
631.000 0.125
632.000 0.126
633.000 0.127
634.000 0.127
635.000 0.127
636.000 0.127
637.000 0.127
638.000 0.127
639.000 0.127
640.000 0.128
641.000 0.126
642.000 0.124
643.000 0.123
644.000 0.124
645.000 0.124
646.000 0.123
647.000 0.123
648.000 0.124
649.000 0.122
650.000 0.121
651.000 0.122
652.000 0.123
653.000 0.124
654.000 0.124
655.000 0.122
656.000 0.122
657.000 0.127
658.000 0.128
659.000 0.123
660.000 0.128
661.000 0.129
662.000 0.125
663.000 0.126
664.000 0.126
665.000 0.126
666.000 0.130
667.000 0.129
668.000 0.130
669.000 0.132
670.000 0.130
671.000 0.132
672.000 0.133
673.000 0.133
674.000 0.136
675.000 0.137
676.000 0.138
677.000 0.141
678.000 0.144
679.000 0.144
680.000 0.143
681.000 0.146
682.000 0.146
683.000 0.146
684.000 0.148
685.000 0.150
686.000 0.150
687.000 0.149
688.000 0.150
689.000 0.152
690.000 0.153
691.000 0.155
692.000 0.158
693.000 0.161
694.000 0.164
695.000 0.167
696.000 0.174
697.000 0.179
698.000 0.184
699.000 0.191
700.000 0.198
701.000 0.204
702.000 0.210
703.000 0.217
704.000 0.223
705.000 0.229
706.000 0.235
707.000 0.241
708.000 0.248
709.000 0.254
710.000 0.260
711.000 0.265
712.000 0.270
713.000 0.275
714.000 0.281
715.000 0.286
716.000 0.289
717.000 0.292
718.000 0.296
719.000 0.302
720.000 0.307
721.000 0.313
722.000 0.317
723.000 0.321
724.000 0.324
725.000 0.328
726.000 0.333
727.000 0.336
728.000 0.340
729.000 0.343
730.000 0.346
731.000 0.350
732.000 0.355
733.000 0.359
734.000 0.362
735.000 0.365
736.000 0.368
737.000 0.370
738.000 0.373
739.000 0.375
740.000 0.378
741.000 0.380
742.000 0.382
743.000 0.385
744.000 0.386
745.000 0.388
746.000 0.389
747.000 0.391
748.000 0.392
749.000 0.394
750.000 0.394
751.000 0.395
752.000 0.396
753.000 0.397
754.000 0.398
755.000 0.399
756.000 0.400
757.000 0.400
758.000 0.400
759.000 0.399
760.000 0.396
761.000 0.392
762.000 0.391
763.000 0.392
764.000 0.394
765.000 0.397
766.000 0.400
767.000 0.402
768.000 0.404
769.000 0.404
770.000 0.405
771.000 0.406
772.000 0.407
773.000 0.408
774.000 0.408
775.000 0.408
776.000 0.408
777.000 0.409
778.000 0.409
779.000 0.409
780.000 0.409
781.000 0.409
782.000 0.410
783.000 0.410
784.000 0.410
785.000 0.410
786.000 0.410
787.000 0.409
788.000 0.409
789.000 0.409
790.000 0.409
791.000 0.410
792.000 0.410
793.000 0.411
794.000 0.411
795.000 0.411
796.000 0.411
797.000 0.411
798.000 0.412
799.000 0.412
800.000 0.412
801.000 0.412
802.000 0.412
803.000 0.412
804.000 0.413
805.000 0.414
806.000 0.414
807.000 0.414
808.000 0.415
809.000 0.414
810.000 0.413
811.000 0.412
812.000 0.411
813.000 0.410
814.000 0.408
815.000 0.407
816.000 0.407
817.000 0.407
818.000 0.407
819.000 0.409
820.000 0.411
821.000 0.411
822.000 0.411
823.000 0.411
824.000 0.411
825.000 0.413
826.000 0.413
827.000 0.414
828.000 0.414
829.000 0.414
830.000 0.414
831.000 0.415
832.000 0.416
833.000 0.416
834.000 0.417
835.000 0.418
836.000 0.419
837.000 0.419
838.000 0.420
839.000 0.421
840.000 0.421
841.000 0.422
842.000 0.423
843.000 0.423
844.000 0.424
845.000 0.424
846.000 0.424
847.000 0.425
848.000 0.425
849.000 0.425
850.000 0.426
851.000 0.426
852.000 0.426
853.000 0.426
854.000 0.426
855.000 0.426
856.000 0.427
857.000 0.427
858.000 0.427
859.000 0.427
860.000 0.428
861.000 0.428
862.000 0.428
863.000 0.429
864.000 0.429
865.000 0.429
866.000 0.429
867.000 0.429
868.000 0.429
869.000 0.430
870.000 0.430
871.000 0.430
872.000 0.431
873.000 0.430
874.000 0.431
875.000 0.431
876.000 0.431
877.000 0.431
878.000 0.431
879.000 0.431
880.000 0.431
881.000 0.432
882.000 0.432
883.000 0.432
884.000 0.433
885.000 0.432
886.000 0.433
887.000 0.433
888.000 0.433
889.000 0.433
890.000 0.432
891.000 0.432
892.000 0.432
893.000 0.431
894.000 0.429
895.000 0.428
896.000 0.427
897.000 0.425
898.000 0.424
899.000 0.424
900.000 0.423
901.000 0.424
902.000 0.425
903.000 0.426
904.000 0.426
905.000 0.426
906.000 0.425
907.000 0.425
908.000 0.425
909.000 0.424
910.000 0.423
911.000 0.422
912.000 0.423
913.000 0.422
914.000 0.422
915.000 0.422
916.000 0.423
917.000 0.424
918.000 0.425
919.000 0.426
920.000 0.427
921.000 0.428
922.000 0.429
923.000 0.428
924.000 0.428
925.000 0.426
926.000 0.425
927.000 0.424
928.000 0.421
929.000 0.418
930.000 0.416
931.000 0.413
932.000 0.408
933.000 0.404
934.000 0.400
935.000 0.398
936.000 0.399
937.000 0.400
938.000 0.400
939.000 0.399
940.000 0.402
941.000 0.403
942.000 0.402
943.000 0.401
944.000 0.400
945.000 0.401
946.000 0.402
947.000 0.404
948.000 0.403
949.000 0.403
950.000 0.403
951.000 0.405
952.000 0.405
953.000 0.405
954.000 0.404
955.000 0.406
956.000 0.407
957.000 0.407
958.000 0.408
959.000 0.411
960.000 0.413
961.000 0.414
962.000 0.416
963.000 0.419
964.000 0.420
965.000 0.420
966.000 0.421
967.000 0.424
968.000 0.426
969.000 0.426
970.000 0.426
971.000 0.427
972.000 0.430
973.000 0.431
974.000 0.431
975.000 0.430
976.000 0.429
977.000 0.430
978.000 0.431
979.000 0.431
980.000 0.432
981.000 0.435
982.000 0.438
983.000 0.438
984.000 0.437
985.000 0.438
986.000 0.441
987.000 0.442
988.000 0.441
989.000 0.442
990.000 0.444
991.000 0.446
992.000 0.446
993.000 0.444
994.000 0.445
995.000 0.447
996.000 0.446
997.000 0.446
998.000 0.447
999.000 0.448
1000.000 0.447
1001.000 0.449
1002.000 0.449
1003.000 0.449
1004.000 0.449
1005.000 0.449
1006.000 0.450
1007.000 0.451
1008.000 0.451
1009.000 0.452
1010.000 0.452
1011.000 0.452
1012.000 0.452
1013.000 0.452
1014.000 0.452
1015.000 0.452
1016.000 0.454
1017.000 0.454
1018.000 0.455
1019.000 0.455
1020.000 0.456
1021.000 0.456
1022.000 0.455
1023.000 0.454
1024.000 0.454
1025.000 0.454
1026.000 0.455
1027.000 0.456
1028.000 0.457
1029.000 0.457
1030.000 0.458
1031.000 0.459
1032.000 0.459
1033.000 0.459
1034.000 0.459
1035.000 0.459
1036.000 0.459
1037.000 0.459
1038.000 0.459
1039.000 0.460
1040.000 0.459
1041.000 0.459
1042.000 0.460
1043.000 0.459
1044.000 0.459
1045.000 0.459
1046.000 0.460
1047.000 0.460
1048.000 0.461
1049.000 0.461
1050.000 0.462
1051.000 0.462
1052.000 0.462
1053.000 0.462
1054.000 0.461
1055.000 0.462
1056.000 0.462
1057.000 0.462
1058.000 0.463
1059.000 0.462
1060.000 0.462
1061.000 0.462
1062.000 0.463
1063.000 0.463
1064.000 0.463
1065.000 0.463
1066.000 0.463
1067.000 0.463
1068.000 0.463
1069.000 0.463
1070.000 0.463
1071.000 0.463
1072.000 0.463
1073.000 0.464
1074.000 0.464
1075.000 0.464
1076.000 0.463
1077.000 0.463
1078.000 0.463
1079.000 0.463
1080.000 0.463
1081.000 0.463
1082.000 0.463
1083.000 0.463
1084.000 0.463
1085.000 0.463
1086.000 0.463
1087.000 0.463
1088.000 0.463
1089.000 0.463
1090.000 0.463
1091.000 0.463
1092.000 0.462
1093.000 0.462
1094.000 0.461
1095.000 0.460
1096.000 0.459
1097.000 0.458
1098.000 0.458
1099.000 0.457
1100.000 0.457
1101.000 0.456
1102.000 0.455
1103.000 0.454
1104.000 0.453
1105.000 0.452
1106.000 0.451
1107.000 0.450
1108.000 0.449
1109.000 0.448
1110.000 0.447
1111.000 0.446
1112.000 0.445
1113.000 0.442
1114.000 0.441
1115.000 0.438
1116.000 0.435
1117.000 0.433
1118.000 0.429
1119.000 0.424
1120.000 0.420
1121.000 0.418
1122.000 0.414
1123.000 0.411
1124.000 0.411
1125.000 0.411
1126.000 0.412
1127.000 0.413
1128.000 0.417
1129.000 0.418
1130.000 0.420
1131.000 0.420
1132.000 0.421
1133.000 0.422
1134.000 0.422
1135.000 0.423
1136.000 0.424
1137.000 0.424
1138.000 0.425
1139.000 0.425
1140.000 0.423
1141.000 0.421
1142.000 0.420
1143.000 0.419
1144.000 0.420
1145.000 0.421
1146.000 0.422
1147.000 0.422
1148.000 0.423
1149.000 0.423
1150.000 0.424
1151.000 0.424
1152.000 0.425
1153.000 0.426
1154.000 0.429
1155.000 0.431
1156.000 0.433
1157.000 0.434
1158.000 0.435
1159.000 0.437
1160.000 0.439
1161.000 0.440
1162.000 0.443
1163.000 0.445
1164.000 0.446
1165.000 0.447
1166.000 0.449
1167.000 0.449
1168.000 0.450
1169.000 0.451
1170.000 0.450
1171.000 0.450
1172.000 0.452
1173.000 0.452
1174.000 0.453
1175.000 0.454
1176.000 0.455
1177.000 0.455
1178.000 0.455
1179.000 0.455
1180.000 0.455
1181.000 0.454
1182.000 0.454
1183.000 0.454
1184.000 0.454
1185.000 0.455
1186.000 0.455
1187.000 0.456
1188.000 0.456
1189.000 0.456
1190.000 0.456
1191.000 0.456
1192.000 0.456
1193.000 0.457
1194.000 0.457
1195.000 0.458
1196.000 0.458
1197.000 0.459
1198.000 0.459
1199.000 0.459
1200.000 0.460
1201.000 0.460
1202.000 0.460
1203.000 0.460
1204.000 0.461
1205.000 0.461
1206.000 0.461
1207.000 0.461
1208.000 0.461
1209.000 0.462
1210.000 0.462
1211.000 0.463
1212.000 0.463
1213.000 0.464
1214.000 0.464
1215.000 0.465
1216.000 0.465
1217.000 0.466
1218.000 0.466
1219.000 0.466
1220.000 0.467
1221.000 0.467
1222.000 0.467
1223.000 0.468
1224.000 0.469
1225.000 0.469
1226.000 0.470
1227.000 0.471
1228.000 0.472
1229.000 0.472
1230.000 0.472
1231.000 0.473
1232.000 0.473
1233.000 0.473
1234.000 0.473
1235.000 0.474
1236.000 0.474
1237.000 0.474
1238.000 0.475
1239.000 0.475
1240.000 0.476
1241.000 0.476
1242.000 0.477
1243.000 0.477
1244.000 0.476
1245.000 0.477
1246.000 0.477
1247.000 0.477
1248.000 0.478
1249.000 0.478
1250.000 0.479
1251.000 0.479
1252.000 0.479
1253.000 0.480
1254.000 0.480
1255.000 0.479
1256.000 0.480
1257.000 0.479
1258.000 0.479
1259.000 0.479
1260.000 0.479
1261.000 0.479
1262.000 0.479
1263.000 0.478
1264.000 0.478
1265.000 0.478
1266.000 0.478
1267.000 0.477
1268.000 0.477
1269.000 0.477
1270.000 0.478
1271.000 0.478
1272.000 0.479
1273.000 0.479
1274.000 0.480
1275.000 0.480
1276.000 0.481
1277.000 0.482
1278.000 0.482
1279.000 0.483
1280.000 0.483
1281.000 0.483
1282.000 0.483
1283.000 0.483
1284.000 0.482
1285.000 0.482
1286.000 0.481
1287.000 0.481
1288.000 0.480
1289.000 0.480
1290.000 0.480
1291.000 0.480
1292.000 0.481
1293.000 0.480
1294.000 0.480
1295.000 0.480
1296.000 0.479
1297.000 0.478
1298.000 0.478
1299.000 0.478
1300.000 0.477
1301.000 0.476
1302.000 0.476
1303.000 0.475
1304.000 0.474
1305.000 0.473
1306.000 0.472
1307.000 0.471
1308.000 0.470
1309.000 0.470
1310.000 0.469
1311.000 0.467
1312.000 0.466
1313.000 0.464
1314.000 0.462
1315.000 0.462
1316.000 0.462
1317.000 0.461
1318.000 0.460
1319.000 0.459
1320.000 0.459
1321.000 0.457
1322.000 0.456
1323.000 0.455
1324.000 0.453
1325.000 0.451
1326.000 0.449
1327.000 0.447
1328.000 0.444
1329.000 0.442
1330.000 0.440
1331.000 0.439
1332.000 0.439
1333.000 0.438
1334.000 0.437
1335.000 0.435
1336.000 0.432
1337.000 0.430
1338.000 0.429
1339.000 0.427
1340.000 0.427
1341.000 0.426
1342.000 0.424
1343.000 0.422
1344.000 0.417
1345.000 0.414
1346.000 0.412
1347.000 0.409
1348.000 0.408
1349.000 0.413
1350.000 0.412
1351.000 0.407
1352.000 0.402
1353.000 0.395
1354.000 0.375
1355.000 0.346
1356.000 0.309
1357.000 0.277
1358.000 0.256
1359.000 0.271
1360.000 0.279
1361.000 0.250
1362.000 0.255
1363.000 0.209
1364.000 0.195
1365.000 0.198
1366.000 0.261
1367.000 0.296
1368.000 0.288
1369.000 0.325
1370.000 0.388
1371.000 0.222
1372.000 0.254
1373.000 0.364
1374.000 0.455
1375.000 0.358
1376.000 0.298
1377.000 0.262
1378.000 0.257
1379.000 0.331
1380.000 0.376
1381.000 0.420
1382.000 0.472
1383.000 0.421
1384.000 0.514
1385.000 0.555
1386.000 0.408
1387.000 0.696
1388.000 0.386
1389.000 0.346
1390.000 0.241
1391.000 0.270
1392.000 0.309
1393.000 0.273
1394.000 0.235
1395.000 0.280
1396.000 0.343
1397.000 0.386
1398.000 0.410
1399.000 0.391
1400.000 0.500
1401.000 0.576
1402.000 0.570
1403.000 0.599
1404.000 0.660
1405.000 0.590
1406.000 0.279
1407.000 0.204
1408.000 0.158
1409.000 0.145
1410.000 0.300
1411.000 0.260
1412.000 0.178
1413.000 0.446
1414.000 0.405
1415.000 0.325
1416.000 0.348
1417.000 0.221
1418.000 0.244
1419.000 0.249
1420.000 0.327
1421.000 0.325
1422.000 0.319
1423.000 0.258
1424.000 0.254
1425.000 0.242
1426.000 0.251
1427.000 0.320
1428.000 0.328
1429.000 0.404
1430.000 0.353
1431.000 0.310
1432.000 0.260
1433.000 0.230
1434.000 0.209
1435.000 0.223
1436.000 0.228
1437.000 0.206
1438.000 0.198
1439.000 0.173
1440.000 0.171
1441.000 0.167
1442.000 0.182
1443.000 0.200
1444.000 0.201
1445.000 0.190
1446.000 0.188
1447.000 0.178
1448.000 0.168
1449.000 0.180
1450.000 0.191
1451.000 0.184
1452.000 0.192
1453.000 0.193
1454.000 0.186
1455.000 0.191
1456.000 0.203
1457.000 0.208
1458.000 0.214
1459.000 0.215
1460.000 0.212
1461.000 0.208
1462.000 0.201
1463.000 0.201
1464.000 0.201
1465.000 0.202
1466.000 0.214
1467.000 0.212
1468.000 0.200
1469.000 0.196
1470.000 0.191
1471.000 0.186
1472.000 0.185
1473.000 0.183
1474.000 0.176
1475.000 0.176
1476.000 0.178
1477.000 0.184
1478.000 0.195
1479.000 0.201
1480.000 0.209
1481.000 0.213
1482.000 0.210
1483.000 0.211
1484.000 0.207
1485.000 0.212
1486.000 0.225
1487.000 0.232
1488.000 0.242
1489.000 0.248
1490.000 0.249
1491.000 0.250
1492.000 0.249
1493.000 0.251
1494.000 0.254
1495.000 0.257
1496.000 0.263
1497.000 0.267
1498.000 0.268
1499.000 0.268
1500.000 0.269
1501.000 0.270
1502.000 0.271
1503.000 0.273
1504.000 0.275
1505.000 0.278
1506.000 0.280
1507.000 0.283
1508.000 0.284
1509.000 0.283
1510.000 0.284
1511.000 0.287
1512.000 0.288
1513.000 0.289
1514.000 0.290
1515.000 0.288
1516.000 0.288
1517.000 0.289
1518.000 0.291
1519.000 0.293
1520.000 0.296
1521.000 0.298
1522.000 0.300
1523.000 0.300
1524.000 0.301
1525.000 0.302
1526.000 0.304
1527.000 0.306
1528.000 0.307
1529.000 0.307
1530.000 0.309
1531.000 0.312
1532.000 0.314
1533.000 0.318
1534.000 0.320
1535.000 0.320
1536.000 0.321
1537.000 0.322
1538.000 0.322
1539.000 0.322
1540.000 0.322
1541.000 0.325
1542.000 0.326
1543.000 0.328
1544.000 0.329
1545.000 0.329
1546.000 0.330
1547.000 0.331
1548.000 0.333
1549.000 0.337
1550.000 0.338
1551.000 0.340
1552.000 0.341
1553.000 0.340
1554.000 0.340
1555.000 0.340
1556.000 0.340
1557.000 0.340
1558.000 0.341
1559.000 0.343
1560.000 0.344
1561.000 0.347
1562.000 0.349
1563.000 0.352
1564.000 0.353
1565.000 0.354
1566.000 0.355
1567.000 0.354
1568.000 0.353
1569.000 0.353
1570.000 0.353
1571.000 0.354
1572.000 0.355
1573.000 0.357
1574.000 0.358
1575.000 0.358
1576.000 0.359
1577.000 0.359
1578.000 0.360
1579.000 0.362
1580.000 0.364
1581.000 0.365
1582.000 0.366
1583.000 0.366
1584.000 0.367
1585.000 0.369
1586.000 0.370
1587.000 0.373
1588.000 0.374
1589.000 0.375
1590.000 0.375
1591.000 0.373
1592.000 0.373
1593.000 0.374
1594.000 0.374
1595.000 0.376
1596.000 0.377
1597.000 0.378
1598.000 0.378
1599.000 0.379
1600.000 0.379
1601.000 0.379
1602.000 0.379
1603.000 0.378
1604.000 0.379
1605.000 0.381
1606.000 0.383
1607.000 0.385
1608.000 0.387
1609.000 0.387
1610.000 0.386
1611.000 0.386
1612.000 0.386
1613.000 0.387
1614.000 0.387
1615.000 0.388
1616.000 0.388
1617.000 0.386
1618.000 0.384
1619.000 0.383
1620.000 0.383
1621.000 0.385
1622.000 0.386
1623.000 0.389
1624.000 0.390
1625.000 0.390
1626.000 0.391
1627.000 0.389
1628.000 0.389
1629.000 0.390
1630.000 0.391
1631.000 0.393
1632.000 0.393
1633.000 0.395
1634.000 0.395
1635.000 0.394
1636.000 0.394
1637.000 0.393
1638.000 0.393
1639.000 0.392
1640.000 0.393
1641.000 0.395
1642.000 0.396
1643.000 0.397
1644.000 0.398
1645.000 0.400
1646.000 0.400
1647.000 0.400
1648.000 0.401
1649.000 0.399
1650.000 0.399
1651.000 0.399
1652.000 0.400
1653.000 0.401
1654.000 0.402
1655.000 0.403
1656.000 0.403
1657.000 0.402
1658.000 0.402
1659.000 0.400
1660.000 0.400
1661.000 0.402
1662.000 0.402
1663.000 0.404
1664.000 0.404
1665.000 0.403
1666.000 0.403
1667.000 0.404
1668.000 0.404
1669.000 0.406
1670.000 0.407
1671.000 0.406
1672.000 0.406
1673.000 0.404
1674.000 0.404
1675.000 0.406
1676.000 0.407
1677.000 0.409
1678.000 0.410
1679.000 0.410
1680.000 0.409
1681.000 0.408
1682.000 0.407
1683.000 0.408
1684.000 0.408
1685.000 0.408
1686.000 0.407
1687.000 0.406
1688.000 0.405
1689.000 0.405
1690.000 0.405
1691.000 0.404
1692.000 0.405
1693.000 0.408
1694.000 0.408
1695.000 0.408
1696.000 0.407
1697.000 0.406
1698.000 0.404
1699.000 0.404
1700.000 0.404
1701.000 0.403
1702.000 0.403
1703.000 0.402
1704.000 0.402
1705.000 0.402
1706.000 0.402
1707.000 0.404
1708.000 0.403
1709.000 0.404
1710.000 0.404
1711.000 0.404
1712.000 0.405
1713.000 0.404
1714.000 0.400
1715.000 0.399
1716.000 0.398
1717.000 0.398
1718.000 0.398
1719.000 0.396
1720.000 0.395
1721.000 0.394
1722.000 0.395
1723.000 0.396
1724.000 0.397
1725.000 0.396
1726.000 0.394
1727.000 0.393
1728.000 0.393
1729.000 0.393
1730.000 0.392
1731.000 0.390
1732.000 0.386
1733.000 0.384
1734.000 0.387
1735.000 0.387
1736.000 0.387
1737.000 0.387
1738.000 0.384
1739.000 0.384
1740.000 0.383
1741.000 0.383
1742.000 0.384
1743.000 0.384
1744.000 0.384
1745.000 0.384
1746.000 0.383
1747.000 0.381
1748.000 0.380
1749.000 0.378
1750.000 0.375
1751.000 0.372
1752.000 0.367
1753.000 0.364
1754.000 0.361
1755.000 0.359
1756.000 0.360
1757.000 0.360
1758.000 0.357
1759.000 0.356
1760.000 0.355
1761.000 0.357
1762.000 0.363
1763.000 0.364
1764.000 0.364
1765.000 0.361
1766.000 0.359
1767.000 0.356
1768.000 0.353
1769.000 0.356
1770.000 0.357
1771.000 0.361
1772.000 0.368
1773.000 0.370
1774.000 0.367
1775.000 0.363
1776.000 0.362
1777.000 0.356
1778.000 0.349
1779.000 0.344
1780.000 0.333
1781.000 0.328
1782.000 0.327
1783.000 0.324
1784.000 0.320
1785.000 0.313
1786.000 0.310
1787.000 0.317
1788.000 0.319
1789.000 0.323
1790.000 0.325
1791.000 0.317
1792.000 0.313
1793.000 0.307
1794.000 0.296
1795.000 0.309
1796.000 0.307
1797.000 0.296
1798.000 0.290
1799.000 0.286
1800.000 0.282
1801.000 0.356
1802.000 0.365
1803.000 0.376
1804.000 0.410
1805.000 0.402
1806.000 0.408
1807.000 0.461
1808.000 0.482
1809.000 0.508
1810.000 0.531
1811.000 0.538
1812.000 0.485
1813.000 0.490
1814.000 0.486
1815.000 0.471
1816.000 0.516
1817.000 0.491
1818.000 0.426
1819.000 0.558
1820.000 0.503
1821.000 0.360
1822.000 0.353
1823.000 0.482
1824.000 0.483
1825.000 0.511
1826.000 0.467
1827.000 0.472
1828.000 0.599
1829.000 0.559
1830.000 0.539
1831.000 0.471
1832.000 0.467
1833.000 0.539
1834.000 0.344
1835.000 0.360
1836.000 0.506
1837.000 0.610
1838.000 0.538
1839.000 0.350
1840.000 0.365
1841.000 0.387
1842.000 0.398
1843.000 0.347
1844.000 0.297
1845.000 0.366
1846.000 0.412
1847.000 0.383
1848.000 0.484
1849.000 0.539
1850.000 0.394
1851.000 0.398
1852.000 0.420
1853.000 0.453
1854.000 0.345
1855.000 0.370
1856.000 0.423
1857.000 0.303
1858.000 0.298
1859.000 0.323
1860.000 0.447
1861.000 0.533
1862.000 0.578
1863.000 0.619
1864.000 0.698
1865.000 0.624
1866.000 0.553
1867.000 0.423
1868.000 0.534
1869.000 0.572
1870.000 0.608
1871.000 0.463
1872.000 0.399
1873.000 0.514
1874.000 0.555
1875.000 0.538
1876.000 0.448
1877.000 0.318
1878.000 0.439
1879.000 0.456
1880.000 0.531
1881.000 0.546
1882.000 0.590
1883.000 0.565
1884.000 0.451
1885.000 0.581
1886.000 0.549
1887.000 0.538
1888.000 0.541
1889.000 0.462
1890.000 0.428
1891.000 0.536
1892.000 0.656
1893.000 0.754
1894.000 0.430
1895.000 0.306
1896.000 0.271
1897.000 0.263
1898.000 0.354
1899.000 0.419
1900.000 0.562
1901.000 0.410
1902.000 0.341
1903.000 0.335
1904.000 0.339
1905.000 0.319
1906.000 0.409
1907.000 0.427
1908.000 0.476
1909.000 0.448
1910.000 0.529
1911.000 0.356
1912.000 0.318
1913.000 0.412
1914.000 0.507
1915.000 0.478
1916.000 0.485
1917.000 0.483
1918.000 0.478
1919.000 0.691
1920.000 0.689
1921.000 0.641
1922.000 0.421
1923.000 0.464
1924.000 0.429
1925.000 0.433
1926.000 0.561
1927.000 0.598
1928.000 0.633
1929.000 0.578
1930.000 0.487
1931.000 0.455
1932.000 0.506
1933.000 0.550
1934.000 0.535
1935.000 0.513
1936.000 0.560
1937.000 0.510
1938.000 0.520
1939.000 0.483
1940.000 0.691
1941.000 0.620
1942.000 0.480
1943.000 0.572
1944.000 0.566
1945.000 0.563
1946.000 0.336
1947.000 0.417
1948.000 0.512
1949.000 0.475
1950.000 0.570
1951.000 0.573
1952.000 0.518
1953.000 0.405
1954.000 0.618
1955.000 0.358
1956.000 0.279
1957.000 0.343
1958.000 0.303
1959.000 0.317
1960.000 0.390
1961.000 0.402
1962.000 0.471
1963.000 0.468
1964.000 0.416
1965.000 0.303
1966.000 0.319
1967.000 0.346
1968.000 0.294
1969.000 0.251
1970.000 0.234
1971.000 0.210
1972.000 0.214
1973.000 0.218
1974.000 0.234
1975.000 0.227
1976.000 0.176
1977.000 0.173
1978.000 0.181
1979.000 0.216
1980.000 0.262
1981.000 0.260
1982.000 0.269
1983.000 0.258
1984.000 0.224
1985.000 0.239
1986.000 0.226
1987.000 0.197
1988.000 0.193
1989.000 0.204
1990.000 0.204
1991.000 0.203
1992.000 0.217
1993.000 0.214
1994.000 0.198
1995.000 0.212
1996.000 0.227
1997.000 0.235
1998.000 0.241
1999.000 0.249
2000.000 0.258
2001.000 0.270
2002.000 0.288
2003.000 0.286
2004.000 0.331
2005.000 0.364
2006.000 0.396
2007.000 0.382
2008.000 0.329
2009.000 0.288
2010.000 0.238
2011.000 0.226
2012.000 0.249
2013.000 0.254
2014.000 0.263
2015.000 0.297
2016.000 0.291
2017.000 0.251
2018.000 0.229
2019.000 0.217
2020.000 0.244
2021.000 0.218
2022.000 0.173
2023.000 0.160
2024.000 0.152
2025.000 0.148
2026.000 0.154
2027.000 0.164
2028.000 0.194
2029.000 0.204
2030.000 0.203
2031.000 0.212
2032.000 0.220
2033.000 0.219
2034.000 0.215
2035.000 0.225
2036.000 0.214
2037.000 0.209
2038.000 0.219
2039.000 0.215
2040.000 0.213
2041.000 0.220
2042.000 0.219
2043.000 0.212
2044.000 0.213
2045.000 0.221
2046.000 0.217
2047.000 0.211
2048.000 0.205
2049.000 0.187
2050.000 0.182
2051.000 0.190
2052.000 0.199
2053.000 0.221
2054.000 0.233
2055.000 0.230
2056.000 0.237
2057.000 0.233
2058.000 0.218
2059.000 0.209
2060.000 0.191
2061.000 0.187
2062.000 0.190
2063.000 0.198
2064.000 0.226
2065.000 0.245
2066.000 0.268
2067.000 0.281
2068.000 0.272
2069.000 0.266
2070.000 0.260
2071.000 0.243
2072.000 0.234
2073.000 0.233
2074.000 0.225
2075.000 0.212
2076.000 0.210
2077.000 0.209
2078.000 0.210
2079.000 0.218
2080.000 0.220
2081.000 0.212
2082.000 0.217
2083.000 0.221
2084.000 0.220
2085.000 0.230
2086.000 0.232
2087.000 0.231
2088.000 0.230
2089.000 0.227
2090.000 0.214
2091.000 0.215
2092.000 0.225
2093.000 0.232
2094.000 0.250
2095.000 0.256
2096.000 0.255
2097.000 0.252
2098.000 0.248
2099.000 0.238
2100.000 0.230
2101.000 0.224
2102.000 0.228
2103.000 0.235
2104.000 0.238
2105.000 0.246
2106.000 0.246
2107.000 0.239
2108.000 0.237
2109.000 0.232
2110.000 0.236
2111.000 0.251
2112.000 0.259
2113.000 0.275
2114.000 0.285
2115.000 0.289
2116.000 0.288
2117.000 0.280
2118.000 0.274
2119.000 0.268
2120.000 0.267
2121.000 0.273
2122.000 0.280
2123.000 0.281
2124.000 0.275
2125.000 0.273
2126.000 0.269
2127.000 0.268
2128.000 0.268
2129.000 0.271
2130.000 0.274
2131.000 0.277
2132.000 0.288
2133.000 0.290
2134.000 0.282
2135.000 0.279
2136.000 0.272
2137.000 0.262
2138.000 0.266
2139.000 0.271
2140.000 0.271
2141.000 0.278
2142.000 0.283
2143.000 0.289
2144.000 0.291
2145.000 0.294
2146.000 0.293
2147.000 0.287
2148.000 0.281
2149.000 0.271
2150.000 0.269
2151.000 0.264
2152.000 0.265
2153.000 0.274
2154.000 0.281
2155.000 0.290
2156.000 0.300
2157.000 0.301
2158.000 0.301
2159.000 0.296
2160.000 0.281
2161.000 0.273
2162.000 0.265
2163.000 0.264
2164.000 0.267
2165.000 0.268
2166.000 0.275
2167.000 0.281
2168.000 0.287
2169.000 0.291
2170.000 0.297
2171.000 0.298
2172.000 0.292
2173.000 0.291
2174.000 0.298
2175.000 0.294
2176.000 0.288
2177.000 0.272
2178.000 0.258
2179.000 0.250
2180.000 0.239
2181.000 0.238
2182.000 0.241
2183.000 0.238
2184.000 0.241
2185.000 0.256
2186.000 0.263
2187.000 0.271
2188.000 0.275
2189.000 0.276
2190.000 0.270
2191.000 0.255
2192.000 0.246
2193.000 0.230
2194.000 0.228
2195.000 0.238
2196.000 0.245
2197.000 0.261
2198.000 0.272
2199.000 0.282
2200.000 0.289
2201.000 0.293
2202.000 0.297
2203.000 0.293
2204.000 0.295
2205.000 0.307
2206.000 0.312
2207.000 0.314
2208.000 0.308
2209.000 0.295
2210.000 0.266
2211.000 0.260
2212.000 0.257
2213.000 0.257
2214.000 0.271
2215.000 0.276
2216.000 0.274
2217.000 0.278
2218.000 0.290
2219.000 0.292
2220.000 0.289
2221.000 0.288
2222.000 0.277
2223.000 0.272
2224.000 0.271
2225.000 0.271
2226.000 0.275
2227.000 0.276
2228.000 0.272
2229.000 0.279
2230.000 0.288
2231.000 0.288
2232.000 0.279
2233.000 0.264
2234.000 0.245
2235.000 0.234
2236.000 0.235
2237.000 0.242
2238.000 0.251
2239.000 0.273
2240.000 0.276
2241.000 0.270
2242.000 0.270
2243.000 0.259
2244.000 0.256
2245.000 0.263
2246.000 0.263
2247.000 0.255
2248.000 0.253
2249.000 0.256
2250.000 0.254
2251.000 0.251
2252.000 0.248
2253.000 0.245
2254.000 0.241
2255.000 0.237
2256.000 0.238
2257.000 0.244
2258.000 0.248
2259.000 0.262
2260.000 0.262
2261.000 0.255
2262.000 0.249
2263.000 0.233
2264.000 0.218
2265.000 0.207
2266.000 0.199
2267.000 0.203
2268.000 0.218
2269.000 0.230
2270.000 0.247
2271.000 0.266
2272.000 0.259
2273.000 0.260
2274.000 0.261
2275.000 0.262
2276.000 0.264
2277.000 0.262
2278.000 0.251
2279.000 0.242
2280.000 0.225
2281.000 0.219
2282.000 0.221
2283.000 0.215
2284.000 0.207
2285.000 0.205
2286.000 0.203
2287.000 0.201
2288.000 0.206
2289.000 0.211
2290.000 0.210
2291.000 0.217
2292.000 0.236
2293.000 0.244
2294.000 0.262
2295.000 0.269
2296.000 0.249
2297.000 0.253
2298.000 0.286
2299.000 0.282
2300.000 0.296
2301.000 0.314
2302.000 0.301
2303.000 0.271
2304.000 0.253
2305.000 0.247
2306.000 0.263
2307.000 0.275
2308.000 0.264
2309.000 0.267
2310.000 0.253
2311.000 0.221
2312.000 0.201
2313.000 0.192
2314.000 0.177
2315.000 0.178
2316.000 0.197
2317.000 0.199
2318.000 0.199
2319.000 0.204
2320.000 0.216
2321.000 0.216
2322.000 0.221
2323.000 0.211
2324.000 0.196
2325.000 0.196
2326.000 0.192
2327.000 0.185
2328.000 0.190
2329.000 0.199
2330.000 0.203
2331.000 0.202
2332.000 0.204
2333.000 0.224
2334.000 0.243
2335.000 0.258
2336.000 0.261
2337.000 0.222
2338.000 0.198
2339.000 0.161
2340.000 0.165
2341.000 0.216
2342.000 0.279
2343.000 0.345
2344.000 0.408
2345.000 0.283
2346.000 0.338
2347.000 0.330
2348.000 0.282
2349.000 0.320
2350.000 0.308
2351.000 0.280
2352.000 0.272
2353.000 0.216
2354.000 0.213
2355.000 0.223
2356.000 0.238
2357.000 0.247
2358.000 0.230
2359.000 0.156
2360.000 0.157
2361.000 0.139
2362.000 0.106
2363.000 0.108
2364.000 0.145
2365.000 0.290
2366.000 0.385
2367.000 0.215
2368.000 0.345
2369.000 0.240
2370.000 0.259
2371.000 0.295
2372.000 0.286
2373.000 0.429
2374.000 0.368
2375.000 0.229
2376.000 0.192
2377.000 0.207
2378.000 0.185
2379.000 0.284
2380.000 0.239
2381.000 0.343
2382.000 0.491
2383.000 0.334
2384.000 0.300
2385.000 0.217
2386.000 0.187
2387.000 0.371
2388.000 0.379
2389.000 0.452
2390.000 0.252
2391.000 0.433
2392.000 0.409
2393.000 0.349
2394.000 0.223
2395.000 0.266
2396.000 0.149
2397.000 0.202
2398.000 0.171
2399.000 0.169
2400.000 0.236
2401.000 0.349
2402.000 0.336
2403.000 0.540
2404.000 0.433
2405.000 0.379
2406.000 0.314
2407.000 0.324
2408.000 0.334
2409.000 0.416
2410.000 0.381
2411.000 0.455
2412.000 0.268
2413.000 0.400
2414.000 0.549
2415.000 0.221
2416.000 0.290
2417.000 0.244
2418.000 0.497
2419.000 0.398
2420.000 0.510
2421.000 0.660
2422.000 0.677
2423.000 0.665
2424.000 0.465
2425.000 0.369
2426.000 0.232
2427.000 0.255
2428.000 0.360
2429.000 0.405
2430.000 0.339
2431.000 0.332
2432.000 0.334
2433.000 0.319
2434.000 0.156
2435.000 0.438
2436.000 0.452
2437.000 0.436
2438.000 0.394
2439.000 0.313
2440.000 0.243
2441.000 0.218
2442.000 0.212
2443.000 0.203
2444.000 0.186
2445.000 0.159
2446.000 0.285
2447.000 0.133
2448.000 0.139
2449.000 0.292
2450.000 0.258
2451.000 0.223
2452.000 0.240
2453.000 0.215
2454.000 0.340
2455.000 0.376
2456.000 0.439
2457.000 0.321
2458.000 0.342
2459.000 0.352
2460.000 0.423
2461.000 0.329
2462.000 0.384
2463.000 0.334
2464.000 0.406
2465.000 0.214
2466.000 0.455
2467.000 0.639
2468.000 0.418
2469.000 0.167
2470.000 0.234
2471.000 0.348
2472.000 0.370
2473.000 0.392
2474.000 0.201
2475.000 0.274
2476.000 0.418
2477.000 0.500
2478.000 0.400
2479.000 0.329
2480.000 0.188
2481.000 0.244
2482.000 0.226
2483.000 0.315
2484.000 0.217
2485.000 0.602
2486.000 0.300
2487.000 0.360
2488.000 0.228
2489.000 0.307
2490.000 0.490
2491.000 0.540
2492.000 0.314
2493.000 0.374
2494.000 0.388
2495.000 0.344
2496.000 0.406
2497.000 0.517
2498.000 0.406
2499.000 0.351
2500.000 0.509
