391.000 0.042
392.000 0.043
393.000 0.041
394.000 0.044
395.000 0.044
396.000 0.041
397.000 0.040
398.000 0.046
399.000 0.042
400.000 0.041
401.000 0.047
402.000 0.045
403.000 0.043
404.000 0.044
405.000 0.047
406.000 0.045
407.000 0.044
408.000 0.045
409.000 0.044
410.000 0.044
411.000 0.047
412.000 0.050
413.000 0.047
414.000 0.046
415.000 0.046
416.000 0.045
417.000 0.042
418.000 0.042
419.000 0.044
420.000 0.047
421.000 0.047
422.000 0.048
423.000 0.049
424.000 0.044
425.000 0.045
426.000 0.046
427.000 0.044
428.000 0.043
429.000 0.045
430.000 0.048
431.000 0.049
432.000 0.047
433.000 0.046
434.000 0.047
435.000 0.047
436.000 0.046
437.000 0.045
438.000 0.046
439.000 0.046
440.000 0.047
441.000 0.048
442.000 0.047
443.000 0.047
444.000 0.047
445.000 0.048
446.000 0.046
447.000 0.046
448.000 0.047
449.000 0.047
450.000 0.046
451.000 0.048
452.000 0.051
453.000 0.050
454.000 0.048
455.000 0.047
456.000 0.048
457.000 0.049
458.000 0.050
459.000 0.050
460.000 0.050
461.000 0.047
462.000 0.046
463.000 0.048
464.000 0.048
465.000 0.050
466.000 0.051
467.000 0.049
468.000 0.050
469.000 0.051
470.000 0.052
471.000 0.050
472.000 0.050
473.000 0.051
474.000 0.050
475.000 0.051
476.000 0.051
477.000 0.050
478.000 0.051
479.000 0.049
480.000 0.050
481.000 0.050
482.000 0.051
483.000 0.052
484.000 0.052
485.000 0.053
486.000 0.051
487.000 0.052
488.000 0.054
489.000 0.053
490.000 0.051
491.000 0.051
492.000 0.053
493.000 0.052
494.000 0.054
495.000 0.054
496.000 0.053
497.000 0.054
498.000 0.054
499.000 0.053
500.000 0.055
501.000 0.055
502.000 0.055
503.000 0.056
504.000 0.058
505.000 0.058
506.000 0.058
507.000 0.061
508.000 0.062
509.000 0.062
510.000 0.061
511.000 0.063
512.000 0.065
513.000 0.066
514.000 0.068
515.000 0.069
516.000 0.071
517.000 0.073
518.000 0.075
519.000 0.075
520.000 0.077
521.000 0.081
522.000 0.084
523.000 0.086
524.000 0.088
525.000 0.089
526.000 0.093
527.000 0.095
528.000 0.096
529.000 0.097
530.000 0.099
531.000 0.100
532.000 0.102
533.000 0.103
534.000 0.104
535.000 0.105
536.000 0.107
537.000 0.108
538.000 0.109
539.000 0.109
540.000 0.109
541.000 0.110
542.000 0.111
543.000 0.110
544.000 0.111
545.000 0.111
546.000 0.111
547.000 0.112
548.000 0.112
549.000 0.112
550.000 0.112
551.000 0.113
552.000 0.113
553.000 0.113
554.000 0.113
555.000 0.113
556.000 0.112
557.000 0.112
558.000 0.111
559.000 0.110
560.000 0.110
561.000 0.109
562.000 0.109
563.000 0.108
564.000 0.107
565.000 0.105
566.000 0.104
567.000 0.102
568.000 0.100
569.000 0.100
570.000 0.099
571.000 0.098
572.000 0.097
573.000 0.095
574.000 0.094
575.000 0.092
576.000 0.092
577.000 0.090
578.000 0.090
579.000 0.090
580.000 0.089
581.000 0.089
582.000 0.088
583.000 0.086
584.000 0.086
585.000 0.086
586.000 0.086
587.000 0.087
588.000 0.085
589.000 0.084
590.000 0.084
591.000 0.083
592.000 0.083
593.000 0.082
594.000 0.082
595.000 0.082
596.000 0.082
597.000 0.082
598.000 0.082
599.000 0.082
600.000 0.082
601.000 0.081
602.000 0.081
603.000 0.081
604.000 0.082
605.000 0.082
606.000 0.083
607.000 0.082
608.000 0.081
609.000 0.081
610.000 0.079
611.000 0.078
612.000 0.079
613.000 0.081
614.000 0.080
615.000 0.078
616.000 0.079
617.000 0.077
618.000 0.077
619.000 0.079
620.000 0.079
621.000 0.079
622.000 0.078
623.000 0.078
624.000 0.078
625.000 0.078
626.000 0.079
627.000 0.079
628.000 0.078
629.000 0.077
630.000 0.077
631.000 0.077
632.000 0.077
633.000 0.078
634.000 0.079
635.000 0.078
636.000 0.078
637.000 0.079
638.000 0.079
639.000 0.079
640.000 0.078
641.000 0.077
642.000 0.076
643.000 0.076
644.000 0.076
645.000 0.076
646.000 0.076
647.000 0.075
648.000 0.076
649.000 0.075
650.000 0.075
651.000 0.075
652.000 0.075
653.000 0.076
654.000 0.076
655.000 0.075
656.000 0.075
657.000 0.078
658.000 0.078
659.000 0.076
660.000 0.079
661.000 0.079
662.000 0.077
663.000 0.078
664.000 0.078
665.000 0.077
666.000 0.079
667.000 0.080
668.000 0.081
669.000 0.082
670.000 0.081
671.000 0.082
672.000 0.082
673.000 0.081
674.000 0.084
675.000 0.085
676.000 0.086
677.000 0.088
678.000 0.089
679.000 0.089
680.000 0.088
681.000 0.090
682.000 0.090
683.000 0.091
684.000 0.093
685.000 0.094
686.000 0.093
687.000 0.094
688.000 0.096
689.000 0.097
690.000 0.099
691.000 0.100
692.000 0.103
693.000 0.106
694.000 0.108
695.000 0.111
696.000 0.118
697.000 0.122
698.000 0.127
699.000 0.133
700.000 0.139
701.000 0.145
702.000 0.152
703.000 0.159
704.000 0.167
705.000 0.174
706.000 0.180
707.000 0.188
708.000 0.195
709.000 0.202
710.000 0.209
711.000 0.217
712.000 0.223
713.000 0.231
714.000 0.237
715.000 0.245
716.000 0.251
717.000 0.257
718.000 0.265
719.000 0.273
720.000 0.281
721.000 0.289
722.000 0.295
723.000 0.301
724.000 0.308
725.000 0.315
726.000 0.322
727.000 0.328
728.000 0.333
729.000 0.339
730.000 0.344
731.000 0.350
732.000 0.355
733.000 0.360
734.000 0.364
735.000 0.368
736.000 0.373
737.000 0.376
738.000 0.380
739.000 0.383
740.000 0.387
741.000 0.389
742.000 0.392
743.000 0.395
744.000 0.397
745.000 0.399
746.000 0.402
747.000 0.403
748.000 0.406
749.000 0.407
750.000 0.409
751.000 0.410
752.000 0.411
753.000 0.413
754.000 0.413
755.000 0.415
756.000 0.416
757.000 0.417
758.000 0.417
759.000 0.418
760.000 0.418
761.000 0.418
762.000 0.418
763.000 0.419
764.000 0.420
765.000 0.421
766.000 0.422
767.000 0.423
768.000 0.424
769.000 0.424
770.000 0.425
771.000 0.426
772.000 0.426
773.000 0.427
774.000 0.427
775.000 0.428
776.000 0.428
777.000 0.429
778.000 0.429
779.000 0.430
780.000 0.430
781.000 0.431
782.000 0.431
783.000 0.431
784.000 0.432
785.000 0.432
786.000 0.432
787.000 0.432
788.000 0.433
789.000 0.433
790.000 0.433
791.000 0.434
792.000 0.435
793.000 0.435
794.000 0.435
795.000 0.436
796.000 0.436
797.000 0.436
798.000 0.437
799.000 0.437
800.000 0.438
801.000 0.438
802.000 0.438
803.000 0.438
804.000 0.439
805.000 0.440
806.000 0.440
807.000 0.440
808.000 0.441
809.000 0.441
810.000 0.441
811.000 0.441
812.000 0.441
813.000 0.441
814.000 0.441
815.000 0.441
816.000 0.441
817.000 0.442
818.000 0.442
819.000 0.443
820.000 0.444
821.000 0.444
822.000 0.444
823.000 0.445
824.000 0.446
825.000 0.446
826.000 0.446
827.000 0.447
828.000 0.447
829.000 0.447
830.000 0.448
831.000 0.449
832.000 0.449
833.000 0.449
834.000 0.450
835.000 0.450
836.000 0.451
837.000 0.451
838.000 0.452
839.000 0.452
840.000 0.453
841.000 0.453
842.000 0.453
843.000 0.454
844.000 0.454
845.000 0.455
846.000 0.455
847.000 0.455
848.000 0.456
849.000 0.456
850.000 0.457
851.000 0.457
852.000 0.457
853.000 0.457
854.000 0.458
855.000 0.458
856.000 0.459
857.000 0.459
858.000 0.459
859.000 0.459
860.000 0.459
861.000 0.460
862.000 0.460
863.000 0.460
864.000 0.461
865.000 0.461
866.000 0.461
867.000 0.461
868.000 0.462
869.000 0.462
870.000 0.462
871.000 0.463
872.000 0.463
873.000 0.463
874.000 0.463
875.000 0.464
876.000 0.464
877.000 0.465
878.000 0.465
879.000 0.465
880.000 0.465
881.000 0.465
882.000 0.466
883.000 0.467
884.000 0.467
885.000 0.467
886.000 0.468
887.000 0.468
888.000 0.469
889.000 0.469
890.000 0.469
891.000 0.469
892.000 0.469
893.000 0.470
894.000 0.469
895.000 0.469
896.000 0.469
897.000 0.469
898.000 0.468
899.000 0.469
900.000 0.469
901.000 0.469
902.000 0.470
903.000 0.471
904.000 0.471
905.000 0.471
906.000 0.471
907.000 0.471
908.000 0.471
909.000 0.471
910.000 0.471
911.000 0.471
912.000 0.471
913.000 0.472
914.000 0.472
915.000 0.472
916.000 0.473
917.000 0.473
918.000 0.474
919.000 0.474
920.000 0.474
921.000 0.476
922.000 0.476
923.000 0.475
924.000 0.476
925.000 0.475
926.000 0.475
927.000 0.475
928.000 0.474
929.000 0.473
930.000 0.472
931.000 0.471
932.000 0.469
933.000 0.467
934.000 0.463
935.000 0.462
936.000 0.465
937.000 0.468
938.000 0.467
939.000 0.464
940.000 0.467
941.000 0.467
942.000 0.467
943.000 0.465
944.000 0.465
945.000 0.466
946.000 0.469
947.000 0.469
948.000 0.468
949.000 0.467
950.000 0.468
951.000 0.470
952.000 0.468
953.000 0.466
954.000 0.467
955.000 0.469
956.000 0.468
957.000 0.466
958.000 0.467
959.000 0.470
960.000 0.471
961.000 0.471
962.000 0.471
963.000 0.473
964.000 0.475
965.000 0.473
966.000 0.474
967.000 0.477
968.000 0.477
969.000 0.476
970.000 0.475
971.000 0.476
972.000 0.479
973.000 0.480
974.000 0.480
975.000 0.480
976.000 0.478
977.000 0.478
978.000 0.480
979.000 0.480
980.000 0.479
981.000 0.482
982.000 0.484
983.000 0.483
984.000 0.481
985.000 0.483
986.000 0.485
987.000 0.485
988.000 0.484
989.000 0.485
990.000 0.487
991.000 0.489
992.000 0.488
993.000 0.487
994.000 0.487
995.000 0.488
996.000 0.487
997.000 0.489
998.000 0.490
999.000 0.490
1000.000 0.490
1001.000 0.487
1002.000 0.487
1003.000 0.488
1004.000 0.488
1005.000 0.489
1006.000 0.491
1007.000 0.491
1008.000 0.491
1009.000 0.492
1010.000 0.492
1011.000 0.491
1012.000 0.491
1013.000 0.491
1014.000 0.491
1015.000 0.491
1016.000 0.492
1017.000 0.493
1018.000 0.494
1019.000 0.494
1020.000 0.495
1021.000 0.496
1022.000 0.495
1023.000 0.494
1024.000 0.495
1025.000 0.495
1026.000 0.495
1027.000 0.496
1028.000 0.497
1029.000 0.498
1030.000 0.498
1031.000 0.499
1032.000 0.499
1033.000 0.500
1034.000 0.501
1035.000 0.501
1036.000 0.502
1037.000 0.501
1038.000 0.501
1039.000 0.501
1040.000 0.501
1041.000 0.501
1042.000 0.502
1043.000 0.502
1044.000 0.501
1045.000 0.502
1046.000 0.503
1047.000 0.503
1048.000 0.504
1049.000 0.505
1050.000 0.505
1051.000 0.505
1052.000 0.506
1053.000 0.505
1054.000 0.505
1055.000 0.505
1056.000 0.505
1057.000 0.506
1058.000 0.507
1059.000 0.506
1060.000 0.506
1061.000 0.506
1062.000 0.507
1063.000 0.506
1064.000 0.507
1065.000 0.508
1066.000 0.508
1067.000 0.508
1068.000 0.508
1069.000 0.508
1070.000 0.508
1071.000 0.508
1072.000 0.508
1073.000 0.509
1074.000 0.509
1075.000 0.509
1076.000 0.509
1077.000 0.508
1078.000 0.509
1079.000 0.509
1080.000 0.509
1081.000 0.510
1082.000 0.510
1083.000 0.510
1084.000 0.510
1085.000 0.510
1086.000 0.511
1087.000 0.511
1088.000 0.511
1089.000 0.511
1090.000 0.512
1091.000 0.512
1092.000 0.513
1093.000 0.513
1094.000 0.512
1095.000 0.511
1096.000 0.511
1097.000 0.511
1098.000 0.511
1099.000 0.511
1100.000 0.511
1101.000 0.510
1102.000 0.510
1103.000 0.509
1104.000 0.509
1105.000 0.508
1106.000 0.508
1107.000 0.508
1108.000 0.508
1109.000 0.507
1110.000 0.507
1111.000 0.507
1112.000 0.506
1113.000 0.506
1114.000 0.506
1115.000 0.507
1116.000 0.507
1117.000 0.507
1118.000 0.507
1119.000 0.503
1120.000 0.498
1121.000 0.496
1122.000 0.491
1123.000 0.488
1124.000 0.491
1125.000 0.492
1126.000 0.492
1127.000 0.494
1128.000 0.496
1129.000 0.497
1130.000 0.499
1131.000 0.500
1132.000 0.500
1133.000 0.499
1134.000 0.498
1135.000 0.497
1136.000 0.497
1137.000 0.496
1138.000 0.497
1139.000 0.495
1140.000 0.494
1141.000 0.492
1142.000 0.490
1143.000 0.488
1144.000 0.488
1145.000 0.489
1146.000 0.489
1147.000 0.490
1148.000 0.491
1149.000 0.490
1150.000 0.488
1151.000 0.488
1152.000 0.487
1153.000 0.486
1154.000 0.488
1155.000 0.489
1156.000 0.489
1157.000 0.489
1158.000 0.489
1159.000 0.490
1160.000 0.490
1161.000 0.490
1162.000 0.491
1163.000 0.492
1164.000 0.492
1165.000 0.493
1166.000 0.493
1167.000 0.493
1168.000 0.493
1169.000 0.494
1170.000 0.494
1171.000 0.494
1172.000 0.494
1173.000 0.495
1174.000 0.496
1175.000 0.496
1176.000 0.497
1177.000 0.497
1178.000 0.497
1179.000 0.497
1180.000 0.496
1181.000 0.496
1182.000 0.495
1183.000 0.495
1184.000 0.495
1185.000 0.496
1186.000 0.496
1187.000 0.496
1188.000 0.496
1189.000 0.497
1190.000 0.497
1191.000 0.497
1192.000 0.497
1193.000 0.497
1194.000 0.497
1195.000 0.497
1196.000 0.498
1197.000 0.498
1198.000 0.499
1199.000 0.499
1200.000 0.499
1201.000 0.499
1202.000 0.499
1203.000 0.499
1204.000 0.499
1205.000 0.499
1206.000 0.499
1207.000 0.499
1208.000 0.500
1209.000 0.501
1210.000 0.502
1211.000 0.502
1212.000 0.502
1213.000 0.502
1214.000 0.503
1215.000 0.504
1216.000 0.504
1217.000 0.505
1218.000 0.505
1219.000 0.505
1220.000 0.506
1221.000 0.506
1222.000 0.506
1223.000 0.506
1224.000 0.507
1225.000 0.508
1226.000 0.509
1227.000 0.510
1228.000 0.511
1229.000 0.511
1230.000 0.511
1231.000 0.511
1232.000 0.510
1233.000 0.510
1234.000 0.510
1235.000 0.511
1236.000 0.511
1237.000 0.512
1238.000 0.513
1239.000 0.513
1240.000 0.512
1241.000 0.513
1242.000 0.514
1243.000 0.514
1244.000 0.514
1245.000 0.515
1246.000 0.515
1247.000 0.515
1248.000 0.516
1249.000 0.516
1250.000 0.517
1251.000 0.517
1252.000 0.518
1253.000 0.518
1254.000 0.518
1255.000 0.518
1256.000 0.518
1257.000 0.518
1258.000 0.518
1259.000 0.519
1260.000 0.519
1261.000 0.519
1262.000 0.519
1263.000 0.519
1264.000 0.519
1265.000 0.519
1266.000 0.518
1267.000 0.519
1268.000 0.519
1269.000 0.519
1270.000 0.520
1271.000 0.520
1272.000 0.520
1273.000 0.520
1274.000 0.521
1275.000 0.521
1276.000 0.521
1277.000 0.521
1278.000 0.522
1279.000 0.522
1280.000 0.522
1281.000 0.522
1282.000 0.522
1283.000 0.523
1284.000 0.522
1285.000 0.522
1286.000 0.522
1287.000 0.522
1288.000 0.521
1289.000 0.521
1290.000 0.521
1291.000 0.521
1292.000 0.522
1293.000 0.522
1294.000 0.522
1295.000 0.521
1296.000 0.521
1297.000 0.520
1298.000 0.520
1299.000 0.520
1300.000 0.520
1301.000 0.519
1302.000 0.519
1303.000 0.518
1304.000 0.518
1305.000 0.517
1306.000 0.516
1307.000 0.515
1308.000 0.514
1309.000 0.514
1310.000 0.513
1311.000 0.512
1312.000 0.512
1313.000 0.509
1314.000 0.508
1315.000 0.508
1316.000 0.508
1317.000 0.507
1318.000 0.506
1319.000 0.505
1320.000 0.504
1321.000 0.503
1322.000 0.502
1323.000 0.501
1324.000 0.499
1325.000 0.498
1326.000 0.497
1327.000 0.496
1328.000 0.495
1329.000 0.493
1330.000 0.490
1331.000 0.488
1332.000 0.487
1333.000 0.486
1334.000 0.484
1335.000 0.482
1336.000 0.480
1337.000 0.478
1338.000 0.477
1339.000 0.475
1340.000 0.475
1341.000 0.474
1342.000 0.474
1343.000 0.472
1344.000 0.469
1345.000 0.466
1346.000 0.464
1347.000 0.461
1348.000 0.459
1349.000 0.464
1350.000 0.462
1351.000 0.456
1352.000 0.442
1353.000 0.405
1354.000 0.364
1355.000 0.317
1356.000 0.261
1357.000 0.250
1358.000 0.254
1359.000 0.256
1360.000 0.248
1361.000 0.220
1362.000 0.200
1363.000 0.198
1364.000 0.181
1365.000 0.136
1366.000 0.200
1367.000 0.213
1368.000 0.238
1369.000 0.265
1370.000 0.455
1371.000 0.294
1372.000 0.277
1373.000 0.332
1374.000 0.494
1375.000 0.176
1376.000 0.249
1377.000 0.340
1378.000 0.447
1379.000 0.418
1380.000 0.424
1381.000 0.478
1382.000 0.602
1383.000 0.575
1384.000 0.440
1385.000 0.737
1386.000 0.683
1387.000 0.659
1388.000 0.558
1389.000 0.469
1390.000 0.283
1391.000 0.290
1392.000 0.389
1393.000 0.415
1394.000 0.441
1395.000 0.321
1396.000 0.586
1397.000 0.629
1398.000 0.697
1399.000 0.718
1400.000 0.746
1401.000 0.765
1402.000 0.732
1403.000 0.730
1404.000 0.747
1405.000 0.636
1406.000 0.463
1407.000 0.304
1408.000 0.131
1409.000 0.103
1410.000 0.402
1411.000 0.377
1412.000 0.251
1413.000 0.672
1414.000 0.521
1415.000 0.343
1416.000 0.488
1417.000 0.340
1418.000 0.253
1419.000 0.241
1420.000 0.313
1421.000 0.335
1422.000 0.330
1423.000 0.269
1424.000 0.244
1425.000 0.230
1426.000 0.231
1427.000 0.311
1428.000 0.330
1429.000 0.365
1430.000 0.322
1431.000 0.278
1432.000 0.262
1433.000 0.272
1434.000 0.270
1435.000 0.323
1436.000 0.324
1437.000 0.302
1438.000 0.266
1439.000 0.185
1440.000 0.175
1441.000 0.176
1442.000 0.184
1443.000 0.207
1444.000 0.213
1445.000 0.221
1446.000 0.221
1447.000 0.203
1448.000 0.191
1449.000 0.190
1450.000 0.191
1451.000 0.184
1452.000 0.191
1453.000 0.191
1454.000 0.186
1455.000 0.188
1456.000 0.196
1457.000 0.198
1458.000 0.202
1459.000 0.205
1460.000 0.206
1461.000 0.207
1462.000 0.207
1463.000 0.210
1464.000 0.213
1465.000 0.214
1466.000 0.218
1467.000 0.214
1468.000 0.200
1469.000 0.192
1470.000 0.185
1471.000 0.181
1472.000 0.180
1473.000 0.180
1474.000 0.181
1475.000 0.180
1476.000 0.176
1477.000 0.179
1478.000 0.186
1479.000 0.191
1480.000 0.204
1481.000 0.208
1482.000 0.203
1483.000 0.205
1484.000 0.204
1485.000 0.208
1486.000 0.219
1487.000 0.225
1488.000 0.232
1489.000 0.236
1490.000 0.239
1491.000 0.241
1492.000 0.240
1493.000 0.241
1494.000 0.241
1495.000 0.244
1496.000 0.249
1497.000 0.253
1498.000 0.256
1499.000 0.257
1500.000 0.258
1501.000 0.258
1502.000 0.260
1503.000 0.261
1504.000 0.262
1505.000 0.265
1506.000 0.266
1507.000 0.267
1508.000 0.267
1509.000 0.267
1510.000 0.269
1511.000 0.272
1512.000 0.274
1513.000 0.276
1514.000 0.277
1515.000 0.277
1516.000 0.278
1517.000 0.279
1518.000 0.280
1519.000 0.283
1520.000 0.285
1521.000 0.288
1522.000 0.290
1523.000 0.292
1524.000 0.293
1525.000 0.293
1526.000 0.295
1527.000 0.296
1528.000 0.297
1529.000 0.298
1530.000 0.300
1531.000 0.302
1532.000 0.303
1533.000 0.306
1534.000 0.308
1535.000 0.310
1536.000 0.311
1537.000 0.314
1538.000 0.314
1539.000 0.313
1540.000 0.314
1541.000 0.316
1542.000 0.318
1543.000 0.320
1544.000 0.322
1545.000 0.322
1546.000 0.323
1547.000 0.325
1548.000 0.326
1549.000 0.329
1550.000 0.330
1551.000 0.331
1552.000 0.332
1553.000 0.333
1554.000 0.334
1555.000 0.336
1556.000 0.336
1557.000 0.337
1558.000 0.338
1559.000 0.339
1560.000 0.341
1561.000 0.343
1562.000 0.345
1563.000 0.347
1564.000 0.349
1565.000 0.349
1566.000 0.350
1567.000 0.349
1568.000 0.349
1569.000 0.349
1570.000 0.350
1571.000 0.351
1572.000 0.352
1573.000 0.355
1574.000 0.356
1575.000 0.357
1576.000 0.358
1577.000 0.358
1578.000 0.360
1579.000 0.363
1580.000 0.365
1581.000 0.366
1582.000 0.367
1583.000 0.366
1584.000 0.367
1585.000 0.368
1586.000 0.369
1587.000 0.372
1588.000 0.373
1589.000 0.374
1590.000 0.375
1591.000 0.374
1592.000 0.374
1593.000 0.376
1594.000 0.376
1595.000 0.377
1596.000 0.378
1597.000 0.379
1598.000 0.380
1599.000 0.380
1600.000 0.381
1601.000 0.381
1602.000 0.381
1603.000 0.382
1604.000 0.383
1605.000 0.385
1606.000 0.387
1607.000 0.389
1608.000 0.390
1609.000 0.390
1610.000 0.389
1611.000 0.389
1612.000 0.390
1613.000 0.390
1614.000 0.391
1615.000 0.392
1616.000 0.393
1617.000 0.392
1618.000 0.391
1619.000 0.391
1620.000 0.392
1621.000 0.392
1622.000 0.392
1623.000 0.394
1624.000 0.394
1625.000 0.395
1626.000 0.396
1627.000 0.395
1628.000 0.396
1629.000 0.398
1630.000 0.399
1631.000 0.401
1632.000 0.402
1633.000 0.403
1634.000 0.403
1635.000 0.402
1636.000 0.402
1637.000 0.402
1638.000 0.402
1639.000 0.403
1640.000 0.404
1641.000 0.405
1642.000 0.406
1643.000 0.406
1644.000 0.407
1645.000 0.408
1646.000 0.409
1647.000 0.409
1648.000 0.410
1649.000 0.408
1650.000 0.407
1651.000 0.407
1652.000 0.407
1653.000 0.408
1654.000 0.409
1655.000 0.408
1656.000 0.409
1657.000 0.410
1658.000 0.411
1659.000 0.410
1660.000 0.410
1661.000 0.409
1662.000 0.409
1663.000 0.411
1664.000 0.412
1665.000 0.411
1666.000 0.411
1667.000 0.410
1668.000 0.410
1669.000 0.412
1670.000 0.413
1671.000 0.412
1672.000 0.412
1673.000 0.412
1674.000 0.413
1675.000 0.413
1676.000 0.414
1677.000 0.415
1678.000 0.415
1679.000 0.415
1680.000 0.414
1681.000 0.414
1682.000 0.414
1683.000 0.414
1684.000 0.414
1685.000 0.413
1686.000 0.413
1687.000 0.413
1688.000 0.413
1689.000 0.413
1690.000 0.413
1691.000 0.411
1692.000 0.410
1693.000 0.412
1694.000 0.412
1695.000 0.411
1696.000 0.411
1697.000 0.410
1698.000 0.410
1699.000 0.409
1700.000 0.410
1701.000 0.411
1702.000 0.410
1703.000 0.411
1704.000 0.412
1705.000 0.411
1706.000 0.411
1707.000 0.413
1708.000 0.411
1709.000 0.408
1710.000 0.407
1711.000 0.407
1712.000 0.409
1713.000 0.411
1714.000 0.409
1715.000 0.408
1716.000 0.407
1717.000 0.406
1718.000 0.406
1719.000 0.404
1720.000 0.403
1721.000 0.401
1722.000 0.401
1723.000 0.402
1724.000 0.401
1725.000 0.399
1726.000 0.398
1727.000 0.397
1728.000 0.397
1729.000 0.399
1730.000 0.399
1731.000 0.399
1732.000 0.395
1733.000 0.391
1734.000 0.392
1735.000 0.390
1736.000 0.391
1737.000 0.392
1738.000 0.392
1739.000 0.393
1740.000 0.396
1741.000 0.396
1742.000 0.396
1743.000 0.394
1744.000 0.392
1745.000 0.390
1746.000 0.390
1747.000 0.388
1748.000 0.387
1749.000 0.384
1750.000 0.382
1751.000 0.380
1752.000 0.379
1753.000 0.378
1754.000 0.376
1755.000 0.375
1756.000 0.374
1757.000 0.373
1758.000 0.370
1759.000 0.367
1760.000 0.366
1761.000 0.365
1762.000 0.368
1763.000 0.370
1764.000 0.371
1765.000 0.372
1766.000 0.372
1767.000 0.369
1768.000 0.365
1769.000 0.363
1770.000 0.363
1771.000 0.364
1772.000 0.369
1773.000 0.369
1774.000 0.365
1775.000 0.363
1776.000 0.366
1777.000 0.366
1778.000 0.366
1779.000 0.363
1780.000 0.352
1781.000 0.347
1782.000 0.346
1783.000 0.345
1784.000 0.341
1785.000 0.333
1786.000 0.331
1787.000 0.335
1788.000 0.335
1789.000 0.337
1790.000 0.340
1791.000 0.335
1792.000 0.332
1793.000 0.331
1794.000 0.318
1795.000 0.316
1796.000 0.316
1797.000 0.301
1798.000 0.301
1799.000 0.305
1800.000 0.311
1801.000 0.363
1802.000 0.394
1803.000 0.450
1804.000 0.454
1805.000 0.468
1806.000 0.497
1807.000 0.501
1808.000 0.377
1809.000 0.377
1810.000 0.446
1811.000 0.534
1812.000 0.607
1813.000 0.704
1814.000 0.760
1815.000 0.695
1816.000 0.645
1817.000 0.349
1818.000 0.282
1819.000 0.394
1820.000 0.440
1821.000 0.492
1822.000 0.197
1823.000 0.388
1824.000 0.497
1825.000 0.611
1826.000 0.596
1827.000 0.582
1828.000 0.682
1829.000 0.673
1830.000 0.616
1831.000 0.595
1832.000 0.627
1833.000 0.692
1834.000 0.262
1835.000 0.180
1836.000 0.389
1837.000 0.580
1838.000 0.526
1839.000 0.386
1840.000 0.465
1841.000 0.465
1842.000 0.458
1843.000 0.451
1844.000 0.372
1845.000 0.383
1846.000 0.519
1847.000 0.392
1848.000 0.472
1849.000 0.576
1850.000 0.464
1851.000 0.472
1852.000 0.377
1853.000 0.481
1854.000 0.357
1855.000 0.454
1856.000 0.605
1857.000 0.324
1858.000 0.311
1859.000 0.410
1860.000 0.404
1861.000 0.480
1862.000 0.513
1863.000 0.543
1864.000 0.603
1865.000 0.583
1866.000 0.529
1867.000 0.465
1868.000 0.660
1869.000 0.712
1870.000 0.713
1871.000 0.623
1872.000 0.558
1873.000 0.581
1874.000 0.566
1875.000 0.438
1876.000 0.396
1877.000 0.408
1878.000 0.509
1879.000 0.468
1880.000 0.391
1881.000 0.279
1882.000 0.419
1883.000 0.541
1884.000 0.462
1885.000 0.503
1886.000 0.681
1887.000 0.395
1888.000 0.416
1889.000 0.676
1890.000 0.469
1891.000 0.508
1892.000 0.589
1893.000 0.626
1894.000 0.324
1895.000 0.217
1896.000 0.287
1897.000 0.204
1898.000 0.360
1899.000 0.367
1900.000 0.468
1901.000 0.609
1902.000 0.494
1903.000 0.446
1904.000 0.389
1905.000 0.403
1906.000 0.433
1907.000 0.354
1908.000 0.366
1909.000 0.339
1910.000 0.331
1911.000 0.259
1912.000 0.349
1913.000 0.416
1914.000 0.476
1915.000 0.478
1916.000 0.495
1917.000 0.503
1918.000 0.522
1919.000 0.609
1920.000 0.553
1921.000 0.481
1922.000 0.363
1923.000 0.371
1924.000 0.367
1925.000 0.353
1926.000 0.758
1927.000 0.720
1928.000 0.653
1929.000 0.566
1930.000 0.394
1931.000 0.393
1932.000 0.520
1933.000 0.492
1934.000 0.709
1935.000 0.525
1936.000 0.518
1937.000 0.680
1938.000 0.579
1939.000 0.399
1940.000 0.577
1941.000 0.521
1942.000 0.388
1943.000 0.448
1944.000 0.528
1945.000 0.459
1946.000 0.401
1947.000 0.437
1948.000 0.509
1949.000 0.484
1950.000 0.571
1951.000 0.680
1952.000 0.511
1953.000 0.495
1954.000 0.553
1955.000 0.467
1956.000 0.281
1957.000 0.249
1958.000 0.208
1959.000 0.178
1960.000 0.272
1961.000 0.403
1962.000 0.453
1963.000 0.476
1964.000 0.436
1965.000 0.329
1966.000 0.278
1967.000 0.265
1968.000 0.252
1969.000 0.232
1970.000 0.215
1971.000 0.194
1972.000 0.179
1973.000 0.190
1974.000 0.199
1975.000 0.189
1976.000 0.147
1977.000 0.141
1978.000 0.143
1979.000 0.164
1980.000 0.201
1981.000 0.196
1982.000 0.187
1983.000 0.181
1984.000 0.157
1985.000 0.157
1986.000 0.157
1987.000 0.133
1988.000 0.115
1989.000 0.116
1990.000 0.120
1991.000 0.130
1992.000 0.147
1993.000 0.163
1994.000 0.164
1995.000 0.180
1996.000 0.201
1997.000 0.211
1998.000 0.215
1999.000 0.226
2000.000 0.223
2001.000 0.229
2002.000 0.249
2003.000 0.238
2004.000 0.240
2005.000 0.263
2006.000 0.306
2007.000 0.330
2008.000 0.292
2009.000 0.255
2010.000 0.223
2011.000 0.219
2012.000 0.225
2013.000 0.240
2014.000 0.242
2015.000 0.242
2016.000 0.236
2017.000 0.225
2018.000 0.208
2019.000 0.182
2020.000 0.207
2021.000 0.184
2022.000 0.156
2023.000 0.147
2024.000 0.149
2025.000 0.147
2026.000 0.152
2027.000 0.156
2028.000 0.169
2029.000 0.171
2030.000 0.168
2031.000 0.169
2032.000 0.168
2033.000 0.166
2034.000 0.163
2035.000 0.166
2036.000 0.165
2037.000 0.167
2038.000 0.176
2039.000 0.178
2040.000 0.177
2041.000 0.184
2042.000 0.185
2043.000 0.180
2044.000 0.183
2045.000 0.192
2046.000 0.193
2047.000 0.201
2048.000 0.201
2049.000 0.191
2050.000 0.186
2051.000 0.182
2052.000 0.182
2053.000 0.193
2054.000 0.202
2055.000 0.198
2056.000 0.196
2057.000 0.191
2058.000 0.176
2059.000 0.168
2060.000 0.160
2061.000 0.158
2062.000 0.158
2063.000 0.163
2064.000 0.181
2065.000 0.194
2066.000 0.210
2067.000 0.224
2068.000 0.226
2069.000 0.225
2070.000 0.228
2071.000 0.220
2072.000 0.215
2073.000 0.213
2074.000 0.206
2075.000 0.191
2076.000 0.187
2077.000 0.189
2078.000 0.187
2079.000 0.187
2080.000 0.187
2081.000 0.183
2082.000 0.187
2083.000 0.192
2084.000 0.205
2085.000 0.219
2086.000 0.221
2087.000 0.219
2088.000 0.211
2089.000 0.205
2090.000 0.191
2091.000 0.189
2092.000 0.197
2093.000 0.201
2094.000 0.213
2095.000 0.217
2096.000 0.221
2097.000 0.219
2098.000 0.212
2099.000 0.206
2100.000 0.199
2101.000 0.193
2102.000 0.197
2103.000 0.203
2104.000 0.206
2105.000 0.210
2106.000 0.212
2107.000 0.210
2108.000 0.210
2109.000 0.213
2110.000 0.214
2111.000 0.215
2112.000 0.217
2113.000 0.222
2114.000 0.228
2115.000 0.238
2116.000 0.242
2117.000 0.244
2118.000 0.247
2119.000 0.245
2120.000 0.243
2121.000 0.245
2122.000 0.246
2123.000 0.245
2124.000 0.243
2125.000 0.242
2126.000 0.241
2127.000 0.240
2128.000 0.239
2129.000 0.241
2130.000 0.243
2131.000 0.246
2132.000 0.253
2133.000 0.257
2134.000 0.262
2135.000 0.262
2136.000 0.258
2137.000 0.251
2138.000 0.242
2139.000 0.236
2140.000 0.234
2141.000 0.238
2142.000 0.240
2143.000 0.249
2144.000 0.249
2145.000 0.244
2146.000 0.243
2147.000 0.239
2148.000 0.238
2149.000 0.241
2150.000 0.244
2151.000 0.245
2152.000 0.247
2153.000 0.249
2154.000 0.252
2155.000 0.258
2156.000 0.262
2157.000 0.260
2158.000 0.262
2159.000 0.260
2160.000 0.251
2161.000 0.246
2162.000 0.244
2163.000 0.244
2164.000 0.246
2165.000 0.247
2166.000 0.250
2167.000 0.253
2168.000 0.257
2169.000 0.258
2170.000 0.259
2171.000 0.261
2172.000 0.259
2173.000 0.259
2174.000 0.265
2175.000 0.264
2176.000 0.263
2177.000 0.253
2178.000 0.247
2179.000 0.239
2180.000 0.231
2181.000 0.234
2182.000 0.235
2183.000 0.232
2184.000 0.232
2185.000 0.232
2186.000 0.235
2187.000 0.243
2188.000 0.246
2189.000 0.250
2190.000 0.247
2191.000 0.235
2192.000 0.231
2193.000 0.223
2194.000 0.222
2195.000 0.229
2196.000 0.232
2197.000 0.239
2198.000 0.244
2199.000 0.248
2200.000 0.251
2201.000 0.256
2202.000 0.257
2203.000 0.254
2204.000 0.252
2205.000 0.258
2206.000 0.259
2207.000 0.263
2208.000 0.265
2209.000 0.262
2210.000 0.250
2211.000 0.247
2212.000 0.244
2213.000 0.243
2214.000 0.246
2215.000 0.248
2216.000 0.249
2217.000 0.254
2218.000 0.262
2219.000 0.265
2220.000 0.265
2221.000 0.264
2222.000 0.255
2223.000 0.252
2224.000 0.250
2225.000 0.250
2226.000 0.253
2227.000 0.256
2228.000 0.254
2229.000 0.261
2230.000 0.271
2231.000 0.269
2232.000 0.259
2233.000 0.244
2234.000 0.226
2235.000 0.213
2236.000 0.218
2237.000 0.225
2238.000 0.230
2239.000 0.242
2240.000 0.242
2241.000 0.235
2242.000 0.231
2243.000 0.224
2244.000 0.221
2245.000 0.221
2246.000 0.222
2247.000 0.224
2248.000 0.227
2249.000 0.234
2250.000 0.234
2251.000 0.227
2252.000 0.222
2253.000 0.213
2254.000 0.208
2255.000 0.206
2256.000 0.208
2257.000 0.215
2258.000 0.219
2259.000 0.235
2260.000 0.244
2261.000 0.243
2262.000 0.247
2263.000 0.234
2264.000 0.216
2265.000 0.200
2266.000 0.188
2267.000 0.186
2268.000 0.191
2269.000 0.202
2270.000 0.221
2271.000 0.233
2272.000 0.227
2273.000 0.226
2274.000 0.215
2275.000 0.212
2276.000 0.215
2277.000 0.215
2278.000 0.215
2279.000 0.210
2280.000 0.202
2281.000 0.200
2282.000 0.198
2283.000 0.194
2284.000 0.195
2285.000 0.195
2286.000 0.193
2287.000 0.192
2288.000 0.194
2289.000 0.191
2290.000 0.178
2291.000 0.179
2292.000 0.185
2293.000 0.190
2294.000 0.215
2295.000 0.228
2296.000 0.224
2297.000 0.236
2298.000 0.251
2299.000 0.240
2300.000 0.237
2301.000 0.234
2302.000 0.225
2303.000 0.200
2304.000 0.182
2305.000 0.174
2306.000 0.187
2307.000 0.194
2308.000 0.183
2309.000 0.196
2310.000 0.188
2311.000 0.163
2312.000 0.166
2313.000 0.157
2314.000 0.141
2315.000 0.159
2316.000 0.177
2317.000 0.180
2318.000 0.186
2319.000 0.179
2320.000 0.167
2321.000 0.155
2322.000 0.158
2323.000 0.164
2324.000 0.182
2325.000 0.206
2326.000 0.212
2327.000 0.193
2328.000 0.191
2329.000 0.182
2330.000 0.176
2331.000 0.176
2332.000 0.175
2333.000 0.175
2334.000 0.193
2335.000 0.195
2336.000 0.196
2337.000 0.191
2338.000 0.181
2339.000 0.149
2340.000 0.150
2341.000 0.186
2342.000 0.213
2343.000 0.258
2344.000 0.308
2345.000 0.252
2346.000 0.248
2347.000 0.261
2348.000 0.238
2349.000 0.231
2350.000 0.214
2351.000 0.168
2352.000 0.155
2353.000 0.146
2354.000 0.172
2355.000 0.186
2356.000 0.209
2357.000 0.203
2358.000 0.182
2359.000 0.136
2360.000 0.169
2361.000 0.192
2362.000 0.199
2363.000 0.160
2364.000 0.117
2365.000 0.207
2366.000 0.257
2367.000 0.212
2368.000 0.249
2369.000 0.211
2370.000 0.232
2371.000 0.261
2372.000 0.343
2373.000 0.423
2374.000 0.368
2375.000 0.245
2376.000 0.144
2377.000 0.150
2378.000 0.160
2379.000 0.227
2380.000 0.179
2381.000 0.262
2382.000 0.301
2383.000 0.290
2384.000 0.213
2385.000 0.194
2386.000 0.167
2387.000 0.258
2388.000 0.262
2389.000 0.250
2390.000 0.237
2391.000 0.300
2392.000 0.232
2393.000 0.235
2394.000 0.135
2395.000 0.157
2396.000 0.096
2397.000 0.119
2398.000 0.112
2399.000 0.144
2400.000 0.173
2401.000 0.190
2402.000 0.192
2403.000 0.288
2404.000 0.247
2405.000 0.343
2406.000 0.315
2407.000 0.350
2408.000 0.241
2409.000 0.321
2410.000 0.130
2411.000 0.274
2412.000 0.181
2413.000 0.226
2414.000 0.320
2415.000 0.228
2416.000 0.204
2417.000 0.212
2418.000 0.200
2419.000 0.310
2420.000 0.421
2421.000 0.590
2422.000 0.515
2423.000 0.431
2424.000 0.647
2425.000 0.480
2426.000 0.208
2427.000 0.258
2428.000 0.356
2429.000 0.433
2430.000 0.275
2431.000 0.279
2432.000 0.235
2433.000 0.189
2434.000 0.040
2435.000 0.295
2436.000 0.251
2437.000 0.256
2438.000 0.255
2439.000 0.194
2440.000 0.108
2441.000 0.105
2442.000 0.202
2443.000 0.257
2444.000 0.384
2445.000 0.247
2446.000 0.621
2447.000 0.175
2448.000 0.089
2449.000 0.176
2450.000 0.124
2451.000 0.094
2452.000 0.197
2453.000 0.096
2454.000 0.260
2455.000 0.236
2456.000 0.314
2457.000 0.177
2458.000 0.150
2459.000 0.182
2460.000 0.302
2461.000 0.339
2462.000 0.461
2463.000 0.594
2464.000 0.629
2465.000 0.298
2466.000 0.310
2467.000 0.520
2468.000 0.405
2469.000 0.171
2470.000 0.165
2471.000 0.305
2472.000 0.220
2473.000 0.239
2474.000 0.171
2475.000 0.655
2476.000 0.608
2477.000 0.537
2478.000 0.393
2479.000 0.292
2480.000 0.133
2481.000 0.222
2482.000 0.251
2483.000 0.367
2484.000 0.208
2485.000 0.584
2486.000 0.196
2487.000 0.534
2488.000 0.414
2489.000 0.291
2490.000 0.305
2491.000 0.254
2492.000 0.209
2493.000 0.302
2494.000 0.472
2495.000 0.615
2496.000 0.555
2497.000 0.589
2498.000 0.575
2499.000 0.549
2500.000 0.621
