391.000 0.051
392.000 0.051
393.000 0.048
394.000 0.054
395.000 0.053
396.000 0.051
397.000 0.050
398.000 0.050
399.000 0.051
400.000 0.051
401.000 0.050
402.000 0.049
403.000 0.049
404.000 0.049
405.000 0.051
406.000 0.051
407.000 0.050
408.000 0.049
409.000 0.051
410.000 0.050
411.000 0.049
412.000 0.051
413.000 0.050
414.000 0.052
415.000 0.052
416.000 0.051
417.000 0.047
418.000 0.047
419.000 0.051
420.000 0.051
421.000 0.051
422.000 0.051
423.000 0.053
424.000 0.051
425.000 0.051
426.000 0.053
427.000 0.051
428.000 0.049
429.000 0.050
430.000 0.053
431.000 0.053
432.000 0.053
433.000 0.053
434.000 0.052
435.000 0.052
436.000 0.051
437.000 0.051
438.000 0.051
439.000 0.050
440.000 0.051
441.000 0.052
442.000 0.052
443.000 0.052
444.000 0.052
445.000 0.051
446.000 0.050
447.000 0.051
448.000 0.051
449.000 0.052
450.000 0.052
451.000 0.053
452.000 0.053
453.000 0.053
454.000 0.053
455.000 0.052
456.000 0.053
457.000 0.053
458.000 0.053
459.000 0.053
460.000 0.055
461.000 0.052
462.000 0.051
463.000 0.052
464.000 0.053
465.000 0.053
466.000 0.053
467.000 0.053
468.000 0.053
469.000 0.053
470.000 0.054
471.000 0.055
472.000 0.053
473.000 0.052
474.000 0.054
475.000 0.054
476.000 0.054
477.000 0.054
478.000 0.055
479.000 0.054
480.000 0.054
481.000 0.054
482.000 0.054
483.000 0.055
484.000 0.054
485.000 0.054
486.000 0.053
487.000 0.055
488.000 0.055
489.000 0.053
490.000 0.054
491.000 0.054
492.000 0.054
493.000 0.054
494.000 0.054
495.000 0.055
496.000 0.056
497.000 0.055
498.000 0.055
499.000 0.056
500.000 0.056
501.000 0.056
502.000 0.056
503.000 0.057
504.000 0.058
505.000 0.058
506.000 0.059
507.000 0.060
508.000 0.061
509.000 0.060
510.000 0.061
511.000 0.062
512.000 0.064
513.000 0.065
514.000 0.066
515.000 0.068
516.000 0.069
517.000 0.071
518.000 0.073
519.000 0.075
520.000 0.077
521.000 0.080
522.000 0.083
523.000 0.084
524.000 0.086
525.000 0.088
526.000 0.092
527.000 0.093
528.000 0.094
529.000 0.097
530.000 0.099
531.000 0.100
532.000 0.102
533.000 0.103
534.000 0.104
535.000 0.105
536.000 0.106
537.000 0.107
538.000 0.108
539.000 0.108
540.000 0.109
541.000 0.110
542.000 0.110
543.000 0.110
544.000 0.111
545.000 0.110
546.000 0.111
547.000 0.111
548.000 0.111
549.000 0.111
550.000 0.111
551.000 0.112
552.000 0.111
553.000 0.112
554.000 0.112
555.000 0.111
556.000 0.111
557.000 0.110
558.000 0.109
559.000 0.108
560.000 0.107
561.000 0.107
562.000 0.105
563.000 0.105
564.000 0.104
565.000 0.102
566.000 0.101
567.000 0.099
568.000 0.097
569.000 0.095
570.000 0.094
571.000 0.093
572.000 0.090
573.000 0.090
574.000 0.088
575.000 0.087
576.000 0.086
577.000 0.086
578.000 0.085
579.000 0.084
580.000 0.083
581.000 0.082
582.000 0.081
583.000 0.080
584.000 0.080
585.000 0.079
586.000 0.079
587.000 0.078
588.000 0.078
589.000 0.077
590.000 0.076
591.000 0.076
592.000 0.076
593.000 0.076
594.000 0.075
595.000 0.074
596.000 0.074
597.000 0.074
598.000 0.074
599.000 0.073
600.000 0.073
601.000 0.073
602.000 0.073
603.000 0.073
604.000 0.072
605.000 0.072
606.000 0.072
607.000 0.072
608.000 0.071
609.000 0.072
610.000 0.071
611.000 0.070
612.000 0.070
613.000 0.070
614.000 0.068
615.000 0.068
616.000 0.067
617.000 0.068
618.000 0.067
619.000 0.068
620.000 0.068
621.000 0.067
622.000 0.066
623.000 0.066
624.000 0.066
625.000 0.066
626.000 0.066
627.000 0.066
628.000 0.066
629.000 0.066
630.000 0.066
631.000 0.066
632.000 0.065
633.000 0.065
634.000 0.066
635.000 0.065
636.000 0.065
637.000 0.066
638.000 0.065
639.000 0.065
640.000 0.064
641.000 0.063
642.000 0.062
643.000 0.062
644.000 0.061
645.000 0.060
646.000 0.062
647.000 0.062
648.000 0.062
649.000 0.061
650.000 0.061
651.000 0.061
652.000 0.060
653.000 0.060
654.000 0.061
655.000 0.060
656.000 0.061
657.000 0.061
658.000 0.061
659.000 0.061
660.000 0.061
661.000 0.061
662.000 0.061
663.000 0.062
664.000 0.063
665.000 0.063
666.000 0.063
667.000 0.064
668.000 0.063
669.000 0.063
670.000 0.064
671.000 0.064
672.000 0.064
673.000 0.064
674.000 0.066
675.000 0.068
676.000 0.069
677.000 0.070
678.000 0.070
679.000 0.070
680.000 0.070
681.000 0.070
682.000 0.072
683.000 0.073
684.000 0.073
685.000 0.074
686.000 0.075
687.000 0.076
688.000 0.079
689.000 0.080
690.000 0.080
691.000 0.081
692.000 0.084
693.000 0.087
694.000 0.091
695.000 0.095
696.000 0.101
697.000 0.106
698.000 0.111
699.000 0.118
700.000 0.124
701.000 0.132
702.000 0.141
703.000 0.149
704.000 0.157
705.000 0.165
706.000 0.173
707.000 0.181
708.000 0.190
709.000 0.199
710.000 0.208
711.000 0.217
712.000 0.226
713.000 0.236
714.000 0.244
715.000 0.253
716.000 0.262
717.000 0.272
718.000 0.283
719.000 0.294
720.000 0.305
721.000 0.316
722.000 0.324
723.000 0.333
724.000 0.343
725.000 0.354
726.000 0.364
727.000 0.374
728.000 0.383
729.000 0.392
730.000 0.401
731.000 0.410
732.000 0.419
733.000 0.427
734.000 0.434
735.000 0.441
736.000 0.449
737.000 0.455
738.000 0.462
739.000 0.468
740.000 0.474
741.000 0.480
742.000 0.485
743.000 0.490
744.000 0.494
745.000 0.498
746.000 0.503
747.000 0.506
748.000 0.510
749.000 0.513
750.000 0.516
751.000 0.518
752.000 0.521
753.000 0.523
754.000 0.526
755.000 0.528
756.000 0.529
757.000 0.531
758.000 0.532
759.000 0.532
760.000 0.533
761.000 0.533
762.000 0.534
763.000 0.535
764.000 0.536
765.000 0.538
766.000 0.540
767.000 0.541
768.000 0.542
769.000 0.543
770.000 0.544
771.000 0.544
772.000 0.545
773.000 0.546
774.000 0.547
775.000 0.547
776.000 0.547
777.000 0.548
778.000 0.549
779.000 0.549
780.000 0.550
781.000 0.550
782.000 0.550
783.000 0.550
784.000 0.551
785.000 0.551
786.000 0.552
787.000 0.552
788.000 0.552
789.000 0.552
790.000 0.552
791.000 0.552
792.000 0.553
793.000 0.554
794.000 0.554
795.000 0.554
796.000 0.555
797.000 0.555
798.000 0.556
799.000 0.556
800.000 0.556
801.000 0.556
802.000 0.556
803.000 0.557
804.000 0.557
805.000 0.558
806.000 0.558
807.000 0.558
808.000 0.559
809.000 0.559
810.000 0.559
811.000 0.560
812.000 0.559
813.000 0.559
814.000 0.559
815.000 0.559
816.000 0.559
817.000 0.560
818.000 0.559
819.000 0.560
820.000 0.561
821.000 0.561
822.000 0.562
823.000 0.562
824.000 0.563
825.000 0.562
826.000 0.563
827.000 0.563
828.000 0.563
829.000 0.563
830.000 0.564
831.000 0.564
832.000 0.565
833.000 0.565
834.000 0.565
835.000 0.565
836.000 0.566
837.000 0.567
838.000 0.567
839.000 0.567
840.000 0.568
841.000 0.568
842.000 0.568
843.000 0.569
844.000 0.569
845.000 0.569
846.000 0.569
847.000 0.569
848.000 0.570
849.000 0.570
850.000 0.570
851.000 0.571
852.000 0.571
853.000 0.571
854.000 0.572
855.000 0.572
856.000 0.572
857.000 0.572
858.000 0.572
859.000 0.572
860.000 0.573
861.000 0.573
862.000 0.573
863.000 0.574
864.000 0.574
865.000 0.574
866.000 0.575
867.000 0.574
868.000 0.575
869.000 0.575
870.000 0.575
871.000 0.575
872.000 0.575
873.000 0.576
874.000 0.575
875.000 0.575
876.000 0.576
877.000 0.577
878.000 0.577
879.000 0.577
880.000 0.578
881.000 0.577
882.000 0.578
883.000 0.578
884.000 0.578
885.000 0.578
886.000 0.578
887.000 0.578
888.000 0.579
889.000 0.579
890.000 0.579
891.000 0.579
892.000 0.579
893.000 0.579
894.000 0.580
895.000 0.579
896.000 0.578
897.000 0.579
898.000 0.578
899.000 0.579
900.000 0.579
901.000 0.579
902.000 0.580
903.000 0.580
904.000 0.580
905.000 0.580
906.000 0.581
907.000 0.580
908.000 0.580
909.000 0.580
910.000 0.580
911.000 0.580
912.000 0.580
913.000 0.580
914.000 0.580
915.000 0.580
916.000 0.580
917.000 0.581
918.000 0.582
919.000 0.581
920.000 0.582
921.000 0.583
922.000 0.582
923.000 0.582
924.000 0.582
925.000 0.581
926.000 0.582
927.000 0.582
928.000 0.580
929.000 0.579
930.000 0.579
931.000 0.579
932.000 0.578
933.000 0.574
934.000 0.570
935.000 0.570
936.000 0.573
937.000 0.576
938.000 0.575
939.000 0.571
940.000 0.572
941.000 0.571
942.000 0.570
943.000 0.570
944.000 0.570
945.000 0.571
946.000 0.571
947.000 0.570
948.000 0.568
949.000 0.568
950.000 0.569
951.000 0.569
952.000 0.567
953.000 0.565
954.000 0.564
955.000 0.565
956.000 0.564
957.000 0.562
958.000 0.560
959.000 0.561
960.000 0.564
961.000 0.564
962.000 0.563
963.000 0.563
964.000 0.565
965.000 0.563
966.000 0.563
967.000 0.566
968.000 0.565
969.000 0.564
970.000 0.563
971.000 0.564
972.000 0.565
973.000 0.565
974.000 0.567
975.000 0.568
976.000 0.564
977.000 0.566
978.000 0.567
979.000 0.566
980.000 0.565
981.000 0.567
982.000 0.569
983.000 0.567
984.000 0.566
985.000 0.568
986.000 0.569
987.000 0.569
988.000 0.569
989.000 0.569
990.000 0.571
991.000 0.573
992.000 0.574
993.000 0.573
994.000 0.573
995.000 0.575
996.000 0.574
997.000 0.575
998.000 0.575
999.000 0.576
1000.000 0.576
1001.000 0.575
1002.000 0.575
1003.000 0.576
1004.000 0.577
1005.000 0.578
1006.000 0.580
1007.000 0.580
1008.000 0.580
1009.000 0.581
1010.000 0.581
1011.000 0.580
1012.000 0.581
1013.000 0.581
1014.000 0.582
1015.000 0.582
1016.000 0.583
1017.000 0.584
1018.000 0.585
1019.000 0.586
1020.000 0.587
1021.000 0.587
1022.000 0.586
1023.000 0.586
1024.000 0.586
1025.000 0.587
1026.000 0.587
1027.000 0.588
1028.000 0.589
1029.000 0.590
1030.000 0.590
1031.000 0.591
1032.000 0.592
1033.000 0.593
1034.000 0.594
1035.000 0.595
1036.000 0.595
1037.000 0.595
1038.000 0.595
1039.000 0.595
1040.000 0.596
1041.000 0.596
1042.000 0.597
1043.000 0.596
1044.000 0.596
1045.000 0.596
1046.000 0.598
1047.000 0.598
1048.000 0.599
1049.000 0.600
1050.000 0.600
1051.000 0.600
1052.000 0.600
1053.000 0.600
1054.000 0.601
1055.000 0.601
1056.000 0.601
1057.000 0.602
1058.000 0.603
1059.000 0.603
1060.000 0.603
1061.000 0.603
1062.000 0.603
1063.000 0.603
1064.000 0.604
1065.000 0.605
1066.000 0.604
1067.000 0.604
1068.000 0.604
1069.000 0.603
1070.000 0.604
1071.000 0.604
1072.000 0.604
1073.000 0.604
1074.000 0.604
1075.000 0.604
1076.000 0.604
1077.000 0.604
1078.000 0.605
1079.000 0.605
1080.000 0.606
1081.000 0.606
1082.000 0.606
1083.000 0.605
1084.000 0.605
1085.000 0.606
1086.000 0.606
1087.000 0.606
1088.000 0.606
1089.000 0.606
1090.000 0.606
1091.000 0.606
1092.000 0.607
1093.000 0.607
1094.000 0.606
1095.000 0.606
1096.000 0.606
1097.000 0.605
1098.000 0.605
1099.000 0.605
1100.000 0.604
1101.000 0.603
1102.000 0.602
1103.000 0.602
1104.000 0.602
1105.000 0.602
1106.000 0.602
1107.000 0.602
1108.000 0.602
1109.000 0.600
1110.000 0.600
1111.000 0.599
1112.000 0.598
1113.000 0.598
1114.000 0.598
1115.000 0.598
1116.000 0.599
1117.000 0.600
1118.000 0.600
1119.000 0.598
1120.000 0.594
1121.000 0.593
1122.000 0.587
1123.000 0.584
1124.000 0.586
1125.000 0.584
1126.000 0.583
1127.000 0.583
1128.000 0.587
1129.000 0.585
1130.000 0.585
1131.000 0.583
1132.000 0.581
1133.000 0.581
1134.000 0.579
1135.000 0.578
1136.000 0.576
1137.000 0.574
1138.000 0.573
1139.000 0.570
1140.000 0.567
1141.000 0.565
1142.000 0.562
1143.000 0.559
1144.000 0.557
1145.000 0.556
1146.000 0.554
1147.000 0.555
1148.000 0.553
1149.000 0.552
1150.000 0.549
1151.000 0.548
1152.000 0.546
1153.000 0.545
1154.000 0.546
1155.000 0.544
1156.000 0.543
1157.000 0.542
1158.000 0.542
1159.000 0.541
1160.000 0.542
1161.000 0.542
1162.000 0.542
1163.000 0.542
1164.000 0.542
1165.000 0.541
1166.000 0.541
1167.000 0.541
1168.000 0.540
1169.000 0.540
1170.000 0.541
1171.000 0.541
1172.000 0.542
1173.000 0.542
1174.000 0.542
1175.000 0.543
1176.000 0.543
1177.000 0.543
1178.000 0.542
1179.000 0.541
1180.000 0.541
1181.000 0.540
1182.000 0.540
1183.000 0.540
1184.000 0.539
1185.000 0.539
1186.000 0.539
1187.000 0.539
1188.000 0.539
1189.000 0.540
1190.000 0.539
1191.000 0.540
1192.000 0.540
1193.000 0.539
1194.000 0.539
1195.000 0.539
1196.000 0.539
1197.000 0.540
1198.000 0.540
1199.000 0.540
1200.000 0.540
1201.000 0.541
1202.000 0.541
1203.000 0.541
1204.000 0.541
1205.000 0.541
1206.000 0.541
1207.000 0.542
1208.000 0.542
1209.000 0.542
1210.000 0.542
1211.000 0.543
1212.000 0.543
1213.000 0.544
1214.000 0.544
1215.000 0.545
1216.000 0.546
1217.000 0.546
1218.000 0.547
1219.000 0.548
1220.000 0.548
1221.000 0.548
1222.000 0.548
1223.000 0.548
1224.000 0.548
1225.000 0.549
1226.000 0.550
1227.000 0.551
1228.000 0.551
1229.000 0.552
1230.000 0.552
1231.000 0.552
1232.000 0.552
1233.000 0.552
1234.000 0.552
1235.000 0.552
1236.000 0.553
1237.000 0.553
1238.000 0.554
1239.000 0.554
1240.000 0.555
1241.000 0.555
1242.000 0.555
1243.000 0.556
1244.000 0.556
1245.000 0.557
1246.000 0.557
1247.000 0.557
1248.000 0.558
1249.000 0.559
1250.000 0.559
1251.000 0.559
1252.000 0.560
1253.000 0.560
1254.000 0.560
1255.000 0.560
1256.000 0.560
1257.000 0.560
1258.000 0.560
1259.000 0.561
1260.000 0.561
1261.000 0.560
1262.000 0.560
1263.000 0.560
1264.000 0.560
1265.000 0.560
1266.000 0.561
1267.000 0.561
1268.000 0.562
1269.000 0.562
1270.000 0.562
1271.000 0.562
1272.000 0.561
1273.000 0.561
1274.000 0.562
1275.000 0.562
1276.000 0.562
1277.000 0.562
1278.000 0.562
1279.000 0.562
1280.000 0.562
1281.000 0.562
1282.000 0.561
1283.000 0.561
1284.000 0.561
1285.000 0.561
1286.000 0.560
1287.000 0.559
1288.000 0.559
1289.000 0.559
1290.000 0.558
1291.000 0.558
1292.000 0.559
1293.000 0.559
1294.000 0.558
1295.000 0.557
1296.000 0.557
1297.000 0.556
1298.000 0.555
1299.000 0.555
1300.000 0.554
1301.000 0.554
1302.000 0.553
1303.000 0.552
1304.000 0.551
1305.000 0.549
1306.000 0.547
1307.000 0.547
1308.000 0.545
1309.000 0.545
1310.000 0.544
1311.000 0.542
1312.000 0.541
1313.000 0.538
1314.000 0.536
1315.000 0.534
1316.000 0.532
1317.000 0.532
1318.000 0.531
1319.000 0.529
1320.000 0.528
1321.000 0.527
1322.000 0.525
1323.000 0.524
1324.000 0.522
1325.000 0.520
1326.000 0.519
1327.000 0.517
1328.000 0.515
1329.000 0.512
1330.000 0.510
1331.000 0.507
1332.000 0.504
1333.000 0.500
1334.000 0.496
1335.000 0.493
1336.000 0.493
1337.000 0.492
1338.000 0.488
1339.000 0.487
1340.000 0.486
1341.000 0.481
1342.000 0.480
1343.000 0.479
1344.000 0.475
1345.000 0.472
1346.000 0.468
1347.000 0.465
1348.000 0.462
1349.000 0.461
1350.000 0.457
1351.000 0.453
1352.000 0.434
1353.000 0.390
1354.000 0.341
1355.000 0.298
1356.000 0.228
1357.000 0.263
1358.000 0.232
1359.000 0.254
1360.000 0.211
1361.000 0.298
1362.000 0.219
1363.000 0.245
1364.000 0.267
1365.000 0.339
1366.000 0.451
1367.000 0.318
1368.000 0.777
1369.000 0.614
1370.000 0.435
1371.000 0.110
1372.000 0.127
1373.000 0.215
1374.000 0.240
1375.000 0.611
1376.000 0.717
1377.000 0.571
1378.000 0.300
1379.000 0.329
1380.000 0.284
1381.000 0.301
1382.000 0.470
1383.000 0.488
1384.000 0.467
1385.000 0.447
1386.000 0.499
1387.000 0.477
1388.000 0.526
1389.000 0.537
1390.000 0.587
1391.000 0.602
1392.000 0.867
1393.000 0.605
1394.000 0.382
1395.000 0.414
1396.000 0.521
1397.000 0.590
1398.000 0.752
1399.000 0.721
1400.000 0.166
1401.000 0.211
1402.000 0.303
1403.000 0.350
1404.000 0.401
1405.000 0.796
1406.000 0.912
1407.000 0.741
1408.000 0.488
1409.000 0.633
1410.000 0.128
1411.000 0.424
1412.000 0.602
1413.000 0.607
1414.000 0.629
1415.000 0.664
1416.000 0.680
1417.000 0.548
1418.000 0.419
1419.000 0.295
1420.000 0.285
1421.000 0.286
1422.000 0.199
1423.000 0.193
1424.000 0.336
1425.000 0.171
1426.000 0.172
1427.000 0.200
1428.000 0.207
1429.000 0.276
1430.000 0.266
1431.000 0.191
1432.000 0.179
1433.000 0.201
1434.000 0.233
1435.000 0.217
1436.000 0.185
1437.000 0.143
1438.000 0.151
1439.000 0.116
1440.000 0.115
1441.000 0.142
1442.000 0.152
1443.000 0.148
1444.000 0.138
1445.000 0.146
1446.000 0.149
1447.000 0.159
1448.000 0.162
1449.000 0.161
1450.000 0.150
1451.000 0.138
1452.000 0.136
1453.000 0.139
1454.000 0.141
1455.000 0.146
1456.000 0.156
1457.000 0.160
1458.000 0.159
1459.000 0.161
1460.000 0.162
1461.000 0.165
1462.000 0.170
1463.000 0.172
1464.000 0.175
1465.000 0.177
1466.000 0.171
1467.000 0.163
1468.000 0.149
1469.000 0.142
1470.000 0.131
1471.000 0.128
1472.000 0.139
1473.000 0.147
1474.000 0.162
1475.000 0.166
1476.000 0.167
1477.000 0.168
1478.000 0.164
1479.000 0.168
1480.000 0.177
1481.000 0.180
1482.000 0.181
1483.000 0.182
1484.000 0.178
1485.000 0.178
1486.000 0.179
1487.000 0.182
1488.000 0.184
1489.000 0.187
1490.000 0.193
1491.000 0.195
1492.000 0.196
1493.000 0.196
1494.000 0.194
1495.000 0.195
1496.000 0.198
1497.000 0.200
1498.000 0.204
1499.000 0.208
1500.000 0.210
1501.000 0.212
1502.000 0.214
1503.000 0.216
1504.000 0.216
1505.000 0.217
1506.000 0.218
1507.000 0.219
1508.000 0.221
1509.000 0.223
1510.000 0.225
1511.000 0.229
1512.000 0.231
1513.000 0.233
1514.000 0.234
1515.000 0.235
1516.000 0.236
1517.000 0.237
1518.000 0.238
1519.000 0.239
1520.000 0.240
1521.000 0.241
1522.000 0.243
1523.000 0.245
1524.000 0.247
1525.000 0.249
1526.000 0.250
1527.000 0.251
1528.000 0.251
1529.000 0.252
1530.000 0.252
1531.000 0.254
1532.000 0.256
1533.000 0.258
1534.000 0.260
1535.000 0.264
1536.000 0.266
1537.000 0.267
1538.000 0.269
1539.000 0.269
1540.000 0.270
1541.000 0.272
1542.000 0.273
1543.000 0.276
1544.000 0.277
1545.000 0.279
1546.000 0.280
1547.000 0.282
1548.000 0.283
1549.000 0.285
1550.000 0.286
1551.000 0.287
1552.000 0.288
1553.000 0.289
1554.000 0.290
1555.000 0.293
1556.000 0.295
1557.000 0.298
1558.000 0.300
1559.000 0.301
1560.000 0.302
1561.000 0.303
1562.000 0.304
1563.000 0.305
1564.000 0.305
1565.000 0.307
1566.000 0.309
1567.000 0.310
1568.000 0.311
1569.000 0.311
1570.000 0.312
1571.000 0.314
1572.000 0.315
1573.000 0.317
1574.000 0.318
1575.000 0.319
1576.000 0.320
1577.000 0.321
1578.000 0.323
1579.000 0.324
1580.000 0.325
1581.000 0.327
1582.000 0.328
1583.000 0.330
1584.000 0.330
1585.000 0.331
1586.000 0.331
1587.000 0.333
1588.000 0.333
1589.000 0.334
1590.000 0.335
1591.000 0.335
1592.000 0.335
1593.000 0.336
1594.000 0.337
1595.000 0.338
1596.000 0.339
1597.000 0.339
1598.000 0.340
1599.000 0.341
1600.000 0.342
1601.000 0.344
1602.000 0.346
1603.000 0.347
1604.000 0.348
1605.000 0.349
1606.000 0.350
1607.000 0.350
1608.000 0.351
1609.000 0.353
1610.000 0.354
1611.000 0.355
1612.000 0.356
1613.000 0.356
1614.000 0.356
1615.000 0.358
1616.000 0.359
1617.000 0.360
1618.000 0.360
1619.000 0.361
1620.000 0.361
1621.000 0.361
1622.000 0.361
1623.000 0.361
1624.000 0.361
1625.000 0.363
1626.000 0.364
1627.000 0.364
1628.000 0.365
1629.000 0.367
1630.000 0.368
1631.000 0.369
1632.000 0.370
1633.000 0.370
1634.000 0.370
1635.000 0.370
1636.000 0.371
1637.000 0.371
1638.000 0.371
1639.000 0.373
1640.000 0.374
1641.000 0.375
1642.000 0.375
1643.000 0.375
1644.000 0.375
1645.000 0.376
1646.000 0.376
1647.000 0.376
1648.000 0.376
1649.000 0.374
1650.000 0.373
1651.000 0.374
1652.000 0.374
1653.000 0.375
1654.000 0.376
1655.000 0.376
1656.000 0.377
1657.000 0.379
1658.000 0.379
1659.000 0.379
1660.000 0.379
1661.000 0.378
1662.000 0.378
1663.000 0.380
1664.000 0.380
1665.000 0.381
1666.000 0.381
1667.000 0.380
1668.000 0.380
1669.000 0.382
1670.000 0.382
1671.000 0.382
1672.000 0.382
1673.000 0.382
1674.000 0.382
1675.000 0.383
1676.000 0.383
1677.000 0.383
1678.000 0.383
1679.000 0.384
1680.000 0.385
1681.000 0.385
1682.000 0.385
1683.000 0.385
1684.000 0.384
1685.000 0.384
1686.000 0.384
1687.000 0.385
1688.000 0.384
1689.000 0.383
1690.000 0.383
1691.000 0.382
1692.000 0.381
1693.000 0.382
1694.000 0.381
1695.000 0.380
1696.000 0.379
1697.000 0.379
1698.000 0.378
1699.000 0.377
1700.000 0.378
1701.000 0.377
1702.000 0.379
1703.000 0.381
1704.000 0.381
1705.000 0.381
1706.000 0.381
1707.000 0.381
1708.000 0.379
1709.000 0.377
1710.000 0.377
1711.000 0.376
1712.000 0.377
1713.000 0.378
1714.000 0.376
1715.000 0.376
1716.000 0.377
1717.000 0.376
1718.000 0.376
1719.000 0.375
1720.000 0.373
1721.000 0.371
1722.000 0.369
1723.000 0.370
1724.000 0.369
1725.000 0.369
1726.000 0.368
1727.000 0.365
1728.000 0.364
1729.000 0.365
1730.000 0.365
1731.000 0.365
1732.000 0.362
1733.000 0.359
1734.000 0.360
1735.000 0.359
1736.000 0.359
1737.000 0.360
1738.000 0.360
1739.000 0.360
1740.000 0.363
1741.000 0.363
1742.000 0.360
1743.000 0.358
1744.000 0.356
1745.000 0.355
1746.000 0.355
1747.000 0.354
1748.000 0.350
1749.000 0.349
1750.000 0.347
1751.000 0.345
1752.000 0.347
1753.000 0.346
1754.000 0.344
1755.000 0.342
1756.000 0.339
1757.000 0.337
1758.000 0.338
1759.000 0.337
1760.000 0.336
1761.000 0.334
1762.000 0.333
1763.000 0.332
1764.000 0.333
1765.000 0.335
1766.000 0.336
1767.000 0.333
1768.000 0.330
1769.000 0.330
1770.000 0.329
1771.000 0.331
1772.000 0.335
1773.000 0.336
1774.000 0.332
1775.000 0.328
1776.000 0.327
1777.000 0.324
1778.000 0.322
1779.000 0.325
1780.000 0.321
1781.000 0.320
1782.000 0.321
1783.000 0.319
1784.000 0.319
1785.000 0.316
1786.000 0.317
1787.000 0.321
1788.000 0.323
1789.000 0.327
1790.000 0.330
1791.000 0.324
1792.000 0.317
1793.000 0.319
1794.000 0.317
1795.000 0.333
1796.000 0.338
1797.000 0.333
1798.000 0.328
1799.000 0.317
1800.000 0.307
1801.000 0.362
1802.000 0.371
1803.000 0.422
1804.000 0.449
1805.000 0.503
1806.000 0.575
1807.000 0.676
1808.000 0.800
1809.000 0.766
1810.000 0.728
1811.000 0.678
1812.000 0.645
1813.000 0.605
1814.000 0.579
1815.000 0.524
1816.000 0.491
1817.000 0.435
1818.000 0.365
1819.000 0.406
1820.000 0.422
1821.000 0.522
1822.000 0.649
1823.000 0.665
1824.000 0.602
1825.000 0.586
1826.000 0.246
1827.000 0.420
1828.000 0.347
1829.000 0.262
1830.000 0.392
1831.000 0.376
1832.000 0.364
1833.000 0.524
1834.000 0.467
1835.000 0.673
1836.000 0.795
1837.000 0.463
1838.000 0.440
1839.000 0.582
1840.000 0.589
1841.000 0.527
1842.000 0.576
1843.000 0.493
1844.000 0.480
1845.000 0.509
1846.000 0.582
1847.000 0.624
1848.000 0.545
1849.000 0.473
1850.000 0.596
1851.000 0.349
1852.000 0.212
1853.000 0.284
1854.000 0.512
1855.000 0.556
1856.000 0.513
1857.000 0.323
1858.000 0.356
1859.000 0.407
1860.000 0.346
1861.000 0.607
1862.000 0.676
1863.000 0.773
1864.000 0.809
1865.000 0.829
1866.000 0.807
1867.000 0.814
1868.000 0.810
1869.000 0.725
1870.000 0.637
1871.000 0.564
1872.000 0.532
1873.000 0.465
1874.000 0.361
1875.000 0.607
1876.000 0.564
1877.000 0.202
1878.000 0.205
1879.000 0.248
1880.000 0.329
1881.000 0.451
1882.000 0.365
1883.000 0.722
1884.000 0.686
1885.000 0.291
1886.000 0.431
1887.000 0.767
1888.000 0.741
1889.000 0.737
1890.000 0.760
1891.000 0.665
1892.000 0.656
1893.000 0.652
1894.000 0.480
1895.000 0.467
1896.000 0.397
1897.000 0.413
1898.000 0.413
1899.000 0.442
1900.000 0.414
1901.000 0.519
1902.000 0.346
1903.000 0.373
1904.000 0.324
1905.000 0.308
1906.000 0.258
1907.000 0.377
1908.000 0.438
1909.000 0.525
1910.000 0.416
1911.000 0.444
1912.000 0.558
1913.000 0.581
1914.000 0.595
1915.000 0.600
1916.000 0.662
1917.000 0.688
1918.000 0.733
1919.000 0.782
1920.000 0.822
1921.000 0.547
1922.000 0.523
1923.000 0.487
1924.000 0.362
1925.000 0.494
1926.000 0.497
1927.000 0.498
1928.000 0.477
1929.000 0.457
1930.000 0.398
1931.000 0.409
1932.000 0.503
1933.000 0.578
1934.000 0.431
1935.000 0.389
1936.000 0.654
1937.000 0.436
1938.000 0.379
1939.000 0.435
1940.000 0.355
1941.000 0.304
1942.000 0.311
1943.000 0.382
1944.000 0.492
1945.000 0.685
1946.000 0.623
1947.000 0.585
1948.000 0.536
1949.000 0.217
1950.000 0.645
1951.000 0.434
1952.000 0.588
1953.000 0.330
1954.000 0.445
1955.000 0.502
1956.000 0.437
1957.000 0.354
1958.000 0.308
1959.000 0.389
1960.000 0.430
1961.000 0.362
1962.000 0.368
1963.000 0.319
1964.000 0.330
1965.000 0.286
1966.000 0.312
1967.000 0.292
1968.000 0.265
1969.000 0.252
1970.000 0.215
1971.000 0.181
1972.000 0.179
1973.000 0.165
1974.000 0.167
1975.000 0.194
1976.000 0.205
1977.000 0.203
1978.000 0.185
1979.000 0.167
1980.000 0.133
1981.000 0.134
1982.000 0.141
1983.000 0.148
1984.000 0.153
1985.000 0.149
1986.000 0.145
1987.000 0.131
1988.000 0.131
1989.000 0.157
1990.000 0.163
1991.000 0.149
1992.000 0.156
1993.000 0.156
1994.000 0.146
1995.000 0.157
1996.000 0.151
1997.000 0.158
1998.000 0.156
1999.000 0.175
2000.000 0.201
2001.000 0.217
2002.000 0.252
2003.000 0.233
2004.000 0.220
2005.000 0.269
2006.000 0.307
2007.000 0.296
2008.000 0.279
2009.000 0.263
2010.000 0.253
2011.000 0.235
2012.000 0.220
2013.000 0.212
2014.000 0.207
2015.000 0.206
2016.000 0.198
2017.000 0.200
2018.000 0.188
2019.000 0.182
2020.000 0.166
2021.000 0.172
2022.000 0.158
2023.000 0.151
2024.000 0.152
2025.000 0.137
2026.000 0.133
2027.000 0.132
2028.000 0.139
2029.000 0.138
2030.000 0.134
2031.000 0.133
2032.000 0.131
2033.000 0.129
2034.000 0.128
2035.000 0.137
2036.000 0.145
2037.000 0.142
2038.000 0.143
2039.000 0.147
2040.000 0.140
2041.000 0.136
2042.000 0.135
2043.000 0.135
2044.000 0.141
2045.000 0.155
2046.000 0.166
2047.000 0.185
2048.000 0.194
2049.000 0.203
2050.000 0.210
2051.000 0.190
2052.000 0.181
2053.000 0.162
2054.000 0.141
2055.000 0.144
2056.000 0.150
2057.000 0.153
2058.000 0.165
2059.000 0.169
2060.000 0.162
2061.000 0.162
2062.000 0.166
2063.000 0.167
2064.000 0.171
2065.000 0.173
2066.000 0.174
2067.000 0.169
2068.000 0.160
2069.000 0.160
2070.000 0.163
2071.000 0.174
2072.000 0.182
2073.000 0.199
2074.000 0.204
2075.000 0.201
2076.000 0.200
2077.000 0.200
2078.000 0.195
2079.000 0.184
2080.000 0.179
2081.000 0.173
2082.000 0.166
2083.000 0.169
2084.000 0.168
2085.000 0.167
2086.000 0.168
2087.000 0.170
2088.000 0.177
2089.000 0.179
2090.000 0.182
2091.000 0.180
2092.000 0.171
2093.000 0.168
2094.000 0.167
2095.000 0.166
2096.000 0.170
2097.000 0.170
2098.000 0.167
2099.000 0.167
2100.000 0.168
2101.000 0.170
2102.000 0.172
2103.000 0.175
2104.000 0.175
2105.000 0.175
2106.000 0.177
2107.000 0.179
2108.000 0.181
2109.000 0.189
2110.000 0.193
2111.000 0.196
2112.000 0.199
2113.000 0.199
2114.000 0.198
2115.000 0.195
2116.000 0.192
2117.000 0.189
2118.000 0.185
2119.000 0.183
2120.000 0.184
2121.000 0.189
2122.000 0.196
2123.000 0.201
2124.000 0.208
2125.000 0.213
2126.000 0.218
2127.000 0.221
2128.000 0.224
2129.000 0.225
2130.000 0.219
2131.000 0.217
2132.000 0.214
2133.000 0.215
2134.000 0.222
2135.000 0.221
2136.000 0.218
2137.000 0.214
2138.000 0.208
2139.000 0.201
2140.000 0.199
2141.000 0.201
2142.000 0.201
2143.000 0.203
2144.000 0.204
2145.000 0.206
2146.000 0.206
2147.000 0.208
2148.000 0.207
2149.000 0.203
2150.000 0.203
2151.000 0.204
2152.000 0.206
2153.000 0.212
2154.000 0.215
2155.000 0.215
2156.000 0.216
2157.000 0.219
2158.000 0.220
2159.000 0.218
2160.000 0.217
2161.000 0.217
2162.000 0.213
2163.000 0.214
2164.000 0.220
2165.000 0.222
2166.000 0.225
2167.000 0.227
2168.000 0.229
2169.000 0.228
2170.000 0.226
2171.000 0.226
2172.000 0.223
2173.000 0.224
2174.000 0.227
2175.000 0.229
2176.000 0.232
2177.000 0.231
2178.000 0.228
2179.000 0.228
2180.000 0.230
2181.000 0.232
2182.000 0.230
2183.000 0.228
2184.000 0.225
2185.000 0.218
2186.000 0.218
2187.000 0.223
2188.000 0.223
2189.000 0.227
2190.000 0.225
2191.000 0.216
2192.000 0.212
2193.000 0.205
2194.000 0.202
2195.000 0.202
2196.000 0.205
2197.000 0.212
2198.000 0.218
2199.000 0.228
2200.000 0.232
2201.000 0.231
2202.000 0.230
2203.000 0.224
2204.000 0.221
2205.000 0.225
2206.000 0.227
2207.000 0.232
2208.000 0.230
2209.000 0.228
2210.000 0.219
2211.000 0.217
2212.000 0.218
2213.000 0.218
2214.000 0.223
2215.000 0.223
2216.000 0.217
2217.000 0.219
2218.000 0.231
2219.000 0.233
2220.000 0.241
2221.000 0.240
2222.000 0.221
2223.000 0.215
2224.000 0.211
2225.000 0.211
2226.000 0.216
2227.000 0.228
2228.000 0.233
2229.000 0.234
2230.000 0.235
2231.000 0.229
2232.000 0.221
2233.000 0.214
2234.000 0.208
2235.000 0.204
2236.000 0.206
2237.000 0.209
2238.000 0.211
2239.000 0.215
2240.000 0.215
2241.000 0.213
2242.000 0.211
2243.000 0.207
2244.000 0.206
2245.000 0.209
2246.000 0.210
2247.000 0.214
2248.000 0.217
2249.000 0.220
2250.000 0.221
2251.000 0.222
2252.000 0.220
2253.000 0.213
2254.000 0.209
2255.000 0.207
2256.000 0.203
2257.000 0.197
2258.000 0.197
2259.000 0.203
2260.000 0.207
2261.000 0.222
2262.000 0.230
2263.000 0.232
2264.000 0.227
2265.000 0.212
2266.000 0.205
2267.000 0.203
2268.000 0.205
2269.000 0.216
2270.000 0.226
2271.000 0.234
2272.000 0.237
2273.000 0.236
2274.000 0.229
2275.000 0.220
2276.000 0.200
2277.000 0.191
2278.000 0.183
2279.000 0.182
2280.000 0.187
2281.000 0.187
2282.000 0.187
2283.000 0.188
2284.000 0.189
2285.000 0.189
2286.000 0.190
2287.000 0.189
2288.000 0.181
2289.000 0.176
2290.000 0.170
2291.000 0.168
2292.000 0.195
2293.000 0.201
2294.000 0.188
2295.000 0.202
2296.000 0.212
2297.000 0.213
2298.000 0.214
2299.000 0.205
2300.000 0.188
2301.000 0.181
2302.000 0.173
2303.000 0.171
2304.000 0.184
2305.000 0.189
2306.000 0.187
2307.000 0.196
2308.000 0.194
2309.000 0.190
2310.000 0.182
2311.000 0.176
2312.000 0.173
2313.000 0.168
2314.000 0.160
2315.000 0.169
2316.000 0.189
2317.000 0.212
2318.000 0.228
2319.000 0.205
2320.000 0.176
2321.000 0.155
2322.000 0.153
2323.000 0.150
2324.000 0.174
2325.000 0.196
2326.000 0.209
2327.000 0.215
2328.000 0.212
2329.000 0.183
2330.000 0.170
2331.000 0.153
2332.000 0.142
2333.000 0.152
2334.000 0.154
2335.000 0.163
2336.000 0.164
2337.000 0.154
2338.000 0.142
2339.000 0.159
2340.000 0.174
2341.000 0.181
2342.000 0.177
2343.000 0.176
2344.000 0.167
2345.000 0.174
2346.000 0.182
2347.000 0.186
2348.000 0.174
2349.000 0.149
2350.000 0.135
2351.000 0.120
2352.000 0.127
2353.000 0.158
2354.000 0.167
2355.000 0.144
2356.000 0.139
2357.000 0.149
2358.000 0.123
2359.000 0.151
2360.000 0.189
2361.000 0.191
2362.000 0.200
2363.000 0.188
2364.000 0.195
2365.000 0.166
2366.000 0.148
2367.000 0.149
2368.000 0.161
2369.000 0.144
2370.000 0.205
2371.000 0.220
2372.000 0.292
2373.000 0.264
2374.000 0.269
2375.000 0.273
2376.000 0.201
2377.000 0.219
2378.000 0.177
2379.000 0.170
2380.000 0.305
2381.000 0.346
2382.000 0.330
2383.000 0.386
2384.000 0.287
2385.000 0.298
2386.000 0.219
2387.000 0.235
2388.000 0.235
2389.000 0.191
2390.000 0.214
2391.000 0.141
2392.000 0.141
2393.000 0.112
2394.000 0.248
2395.000 0.140
2396.000 0.224
2397.000 0.330
2398.000 0.296
2399.000 0.330
2400.000 0.368
2401.000 0.236
2402.000 0.271
2403.000 0.194
2404.000 0.215
2405.000 0.235
2406.000 0.284
2407.000 0.272
2408.000 0.388
2409.000 0.347
2410.000 0.328
2411.000 0.265
2412.000 0.202
2413.000 0.155
2414.000 0.188
2415.000 0.289
2416.000 0.288
2417.000 0.295
2418.000 0.308
2419.000 0.294
2420.000 0.358
2421.000 0.239
2422.000 0.332
2423.000 0.139
2424.000 0.140
2425.000 0.273
2426.000 0.311
2427.000 0.296
2428.000 0.297
2429.000 0.552
2430.000 0.375
2431.000 0.351
2432.000 0.332
2433.000 0.308
2434.000 0.255
2435.000 0.306
2436.000 0.344
2437.000 0.327
2438.000 0.288
2439.000 0.239
2440.000 0.226
2441.000 0.305
2442.000 0.200
2443.000 0.171
2444.000 0.816
2445.000 0.611
2446.000 0.287
2447.000 0.413
2448.000 0.536
2449.000 0.347
2450.000 0.206
2451.000 0.172
2452.000 0.301
2453.000 0.338
2454.000 0.358
2455.000 0.315
2456.000 0.149
2457.000 0.208
2458.000 0.321
2459.000 0.287
2460.000 0.407
2461.000 0.465
2462.000 0.382
2463.000 0.289
2464.000 0.469
2465.000 0.638
2466.000 0.653
2467.000 0.621
2468.000 0.502
2469.000 0.293
2470.000 0.248
2471.000 0.293
2472.000 0.278
2473.000 0.255
2474.000 0.509
2475.000 0.408
2476.000 0.592
2477.000 0.515
2478.000 0.473
2479.000 0.401
2480.000 0.238
2481.000 0.228
2482.000 0.241
2483.000 0.313
2484.000 0.472
2485.000 0.460
2486.000 0.319
2487.000 0.372
2488.000 0.408
2489.000 0.123
2490.000 0.070
2491.000 0.124
2492.000 0.122
2493.000 0.270
2494.000 0.472
2495.000 0.715
2496.000 0.875
2497.000 0.354
2498.000 0.372
2499.000 0.410
2500.000 0.383
