391.000 0.053
392.000 0.057
393.000 0.061
394.000 0.054
395.000 0.051
396.000 0.052
397.000 0.054
398.000 0.063
399.000 0.057
400.000 0.054
401.000 0.063
402.000 0.062
403.000 0.060
404.000 0.061
405.000 0.062
406.000 0.062
407.000 0.060
408.000 0.060
409.000 0.060
410.000 0.059
411.000 0.064
412.000 0.070
413.000 0.066
414.000 0.063
415.000 0.061
416.000 0.061
417.000 0.059
418.000 0.059
419.000 0.062
420.000 0.065
421.000 0.066
422.000 0.067
423.000 0.068
424.000 0.062
425.000 0.063
426.000 0.065
427.000 0.061
428.000 0.062
429.000 0.066
430.000 0.069
431.000 0.070
432.000 0.066
433.000 0.063
434.000 0.065
435.000 0.066
436.000 0.066
437.000 0.066
438.000 0.066
439.000 0.067
440.000 0.067
441.000 0.065
442.000 0.065
443.000 0.066
444.000 0.067
445.000 0.067
446.000 0.066
447.000 0.067
448.000 0.069
449.000 0.069
450.000 0.066
451.000 0.068
452.000 0.072
453.000 0.070
454.000 0.067
455.000 0.067
456.000 0.070
457.000 0.071
458.000 0.072
459.000 0.072
460.000 0.070
461.000 0.067
462.000 0.068
463.000 0.070
464.000 0.067
465.000 0.070
466.000 0.072
467.000 0.070
468.000 0.071
469.000 0.073
470.000 0.074
471.000 0.071
472.000 0.072
473.000 0.073
474.000 0.072
475.000 0.072
476.000 0.073
477.000 0.073
478.000 0.073
479.000 0.070
480.000 0.071
481.000 0.073
482.000 0.074
483.000 0.073
484.000 0.074
485.000 0.075
486.000 0.073
487.000 0.074
488.000 0.076
489.000 0.076
490.000 0.075
491.000 0.075
492.000 0.076
493.000 0.075
494.000 0.078
495.000 0.078
496.000 0.075
497.000 0.078
498.000 0.077
499.000 0.076
500.000 0.078
501.000 0.079
502.000 0.080
503.000 0.079
504.000 0.082
505.000 0.082
506.000 0.083
507.000 0.085
508.000 0.086
509.000 0.086
510.000 0.086
511.000 0.088
512.000 0.088
513.000 0.089
514.000 0.090
515.000 0.093
516.000 0.094
517.000 0.096
518.000 0.099
519.000 0.098
520.000 0.100
521.000 0.103
522.000 0.105
523.000 0.108
524.000 0.111
525.000 0.113
526.000 0.114
527.000 0.116
528.000 0.118
529.000 0.118
530.000 0.120
531.000 0.121
532.000 0.123
533.000 0.124
534.000 0.125
535.000 0.126
536.000 0.127
537.000 0.129
538.000 0.130
539.000 0.129
540.000 0.129
541.000 0.130
542.000 0.131
543.000 0.131
544.000 0.130
545.000 0.131
546.000 0.132
547.000 0.132
548.000 0.133
549.000 0.132
550.000 0.132
551.000 0.133
552.000 0.133
553.000 0.133
554.000 0.133
555.000 0.132
556.000 0.132
557.000 0.132
558.000 0.132
559.000 0.131
560.000 0.131
561.000 0.131
562.000 0.131
563.000 0.130
564.000 0.128
565.000 0.127
566.000 0.126
567.000 0.124
568.000 0.122
569.000 0.123
570.000 0.122
571.000 0.121
572.000 0.120
573.000 0.118
574.000 0.117
575.000 0.117
576.000 0.116
577.000 0.114
578.000 0.114
579.000 0.114
580.000 0.113
581.000 0.115
582.000 0.115
583.000 0.111
584.000 0.112
585.000 0.111
586.000 0.111
587.000 0.112
588.000 0.111
589.000 0.110
590.000 0.111
591.000 0.109
592.000 0.108
593.000 0.108
594.000 0.108
595.000 0.109
596.000 0.108
597.000 0.107
598.000 0.108
599.000 0.110
600.000 0.109
601.000 0.108
602.000 0.107
603.000 0.108
604.000 0.110
605.000 0.110
606.000 0.111
607.000 0.111
608.000 0.109
609.000 0.109
610.000 0.107
611.000 0.106
612.000 0.107
613.000 0.109
614.000 0.109
615.000 0.107
616.000 0.108
617.000 0.107
618.000 0.106
619.000 0.107
620.000 0.109
621.000 0.108
622.000 0.108
623.000 0.108
624.000 0.109
625.000 0.108
626.000 0.109
627.000 0.110
628.000 0.109
629.000 0.108
630.000 0.108
631.000 0.107
632.000 0.109
633.000 0.110
634.000 0.109
635.000 0.109
636.000 0.110
637.000 0.110
638.000 0.110
639.000 0.110
640.000 0.110
641.000 0.110
642.000 0.109
643.000 0.108
644.000 0.109
645.000 0.110
646.000 0.108
647.000 0.107
648.000 0.109
649.000 0.107
650.000 0.107
651.000 0.108
652.000 0.109
653.000 0.110
654.000 0.110
655.000 0.109
656.000 0.109
657.000 0.112
658.000 0.114
659.000 0.110
660.000 0.114
661.000 0.116
662.000 0.113
663.000 0.114
664.000 0.113
665.000 0.113
666.000 0.117
667.000 0.116
668.000 0.117
669.000 0.119
670.000 0.117
671.000 0.119
672.000 0.120
673.000 0.120
674.000 0.122
675.000 0.123
676.000 0.125
677.000 0.127
678.000 0.129
679.000 0.129
680.000 0.128
681.000 0.131
682.000 0.130
683.000 0.131
684.000 0.133
685.000 0.133
686.000 0.133
687.000 0.133
688.000 0.133
689.000 0.134
690.000 0.135
691.000 0.137
692.000 0.138
693.000 0.140
694.000 0.141
695.000 0.143
696.000 0.149
697.000 0.151
698.000 0.154
699.000 0.158
700.000 0.163
701.000 0.168
702.000 0.171
703.000 0.176
704.000 0.181
705.000 0.185
706.000 0.190
707.000 0.194
708.000 0.200
709.000 0.205
710.000 0.209
711.000 0.213
712.000 0.217
713.000 0.222
714.000 0.227
715.000 0.231
716.000 0.234
717.000 0.237
718.000 0.242
719.000 0.246
720.000 0.252
721.000 0.257
722.000 0.262
723.000 0.266
724.000 0.270
725.000 0.274
726.000 0.279
727.000 0.283
728.000 0.288
729.000 0.291
730.000 0.296
731.000 0.300
732.000 0.306
733.000 0.310
734.000 0.314
735.000 0.317
736.000 0.321
737.000 0.325
738.000 0.328
739.000 0.331
740.000 0.335
741.000 0.337
742.000 0.340
743.000 0.343
744.000 0.345
745.000 0.347
746.000 0.349
747.000 0.351
748.000 0.353
749.000 0.355
750.000 0.356
751.000 0.358
752.000 0.359
753.000 0.360
754.000 0.361
755.000 0.363
756.000 0.364
757.000 0.364
758.000 0.364
759.000 0.363
760.000 0.360
761.000 0.358
762.000 0.356
763.000 0.357
764.000 0.359
765.000 0.362
766.000 0.365
767.000 0.367
768.000 0.369
769.000 0.370
770.000 0.371
771.000 0.372
772.000 0.373
773.000 0.374
774.000 0.374
775.000 0.375
776.000 0.375
777.000 0.376
778.000 0.376
779.000 0.376
780.000 0.377
781.000 0.377
782.000 0.377
783.000 0.378
784.000 0.378
785.000 0.378
786.000 0.378
787.000 0.377
788.000 0.378
789.000 0.377
790.000 0.378
791.000 0.378
792.000 0.379
793.000 0.379
794.000 0.380
795.000 0.380
796.000 0.380
797.000 0.380
798.000 0.380
799.000 0.380
800.000 0.380
801.000 0.381
802.000 0.381
803.000 0.381
804.000 0.382
805.000 0.383
806.000 0.383
807.000 0.384
808.000 0.384
809.000 0.384
810.000 0.383
811.000 0.382
812.000 0.381
813.000 0.380
814.000 0.378
815.000 0.377
816.000 0.376
817.000 0.377
818.000 0.378
819.000 0.379
820.000 0.381
821.000 0.381
822.000 0.381
823.000 0.382
824.000 0.382
825.000 0.383
826.000 0.384
827.000 0.384
828.000 0.384
829.000 0.385
830.000 0.385
831.000 0.386
832.000 0.386
833.000 0.387
834.000 0.389
835.000 0.389
836.000 0.390
837.000 0.391
838.000 0.392
839.000 0.392
840.000 0.393
841.000 0.394
842.000 0.394
843.000 0.395
844.000 0.396
845.000 0.396
846.000 0.397
847.000 0.397
848.000 0.397
849.000 0.398
850.000 0.398
851.000 0.398
852.000 0.398
853.000 0.398
854.000 0.398
855.000 0.398
856.000 0.399
857.000 0.400
858.000 0.400
859.000 0.400
860.000 0.401
861.000 0.401
862.000 0.401
863.000 0.402
864.000 0.402
865.000 0.402
866.000 0.402
867.000 0.403
868.000 0.403
869.000 0.403
870.000 0.403
871.000 0.403
872.000 0.404
873.000 0.404
874.000 0.404
875.000 0.405
876.000 0.404
877.000 0.405
878.000 0.405
879.000 0.405
880.000 0.405
881.000 0.406
882.000 0.406
883.000 0.406
884.000 0.407
885.000 0.407
886.000 0.407
887.000 0.407
888.000 0.407
889.000 0.407
890.000 0.406
891.000 0.406
892.000 0.406
893.000 0.405
894.000 0.403
895.000 0.402
896.000 0.401
897.000 0.400
898.000 0.398
899.000 0.398
900.000 0.398
901.000 0.398
902.000 0.399
903.000 0.399
904.000 0.400
905.000 0.400
906.000 0.400
907.000 0.400
908.000 0.400
909.000 0.399
910.000 0.398
911.000 0.397
912.000 0.398
913.000 0.397
914.000 0.397
915.000 0.397
916.000 0.398
917.000 0.398
918.000 0.399
919.000 0.400
920.000 0.402
921.000 0.403
922.000 0.403
923.000 0.403
924.000 0.402
925.000 0.401
926.000 0.400
927.000 0.398
928.000 0.395
929.000 0.393
930.000 0.391
931.000 0.388
932.000 0.383
933.000 0.380
934.000 0.377
935.000 0.374
936.000 0.375
937.000 0.375
938.000 0.375
939.000 0.375
940.000 0.377
941.000 0.376
942.000 0.376
943.000 0.376
944.000 0.374
945.000 0.374
946.000 0.376
947.000 0.378
948.000 0.379
949.000 0.378
950.000 0.376
951.000 0.375
952.000 0.379
953.000 0.378
954.000 0.377
955.000 0.378
956.000 0.378
957.000 0.380
958.000 0.382
959.000 0.383
960.000 0.383
961.000 0.385
962.000 0.388
963.000 0.390
964.000 0.393
965.000 0.394
966.000 0.394
967.000 0.395
968.000 0.399
969.000 0.399
970.000 0.398
971.000 0.400
972.000 0.401
973.000 0.402
974.000 0.402
975.000 0.401
976.000 0.402
977.000 0.403
978.000 0.403
979.000 0.404
980.000 0.405
981.000 0.408
982.000 0.409
983.000 0.410
984.000 0.410
985.000 0.412
986.000 0.413
987.000 0.414
988.000 0.415
989.000 0.416
990.000 0.418
991.000 0.419
992.000 0.419
993.000 0.417
994.000 0.418
995.000 0.420
996.000 0.420
997.000 0.420
998.000 0.420
999.000 0.422
1000.000 0.421
1001.000 0.427
1002.000 0.427
1003.000 0.427
1004.000 0.426
1005.000 0.425
1006.000 0.426
1007.000 0.427
1008.000 0.428
1009.000 0.429
1010.000 0.429
1011.000 0.430
1012.000 0.430
1013.000 0.430
1014.000 0.430
1015.000 0.430
1016.000 0.432
1017.000 0.432
1018.000 0.433
1019.000 0.433
1020.000 0.433
1021.000 0.433
1022.000 0.433
1023.000 0.433
1024.000 0.433
1025.000 0.433
1026.000 0.433
1027.000 0.434
1028.000 0.435
1029.000 0.436
1030.000 0.437
1031.000 0.437
1032.000 0.438
1033.000 0.438
1034.000 0.438
1035.000 0.438
1036.000 0.438
1037.000 0.438
1038.000 0.438
1039.000 0.438
1040.000 0.438
1041.000 0.439
1042.000 0.439
1043.000 0.439
1044.000 0.438
1045.000 0.439
1046.000 0.439
1047.000 0.439
1048.000 0.439
1049.000 0.440
1050.000 0.441
1051.000 0.441
1052.000 0.441
1053.000 0.441
1054.000 0.441
1055.000 0.442
1056.000 0.442
1057.000 0.442
1058.000 0.442
1059.000 0.442
1060.000 0.442
1061.000 0.442
1062.000 0.443
1063.000 0.443
1064.000 0.444
1065.000 0.443
1066.000 0.443
1067.000 0.443
1068.000 0.443
1069.000 0.443
1070.000 0.444
1071.000 0.444
1072.000 0.444
1073.000 0.444
1074.000 0.444
1075.000 0.444
1076.000 0.443
1077.000 0.443
1078.000 0.443
1079.000 0.443
1080.000 0.443
1081.000 0.443
1082.000 0.443
1083.000 0.443
1084.000 0.443
1085.000 0.443
1086.000 0.442
1087.000 0.443
1088.000 0.442
1089.000 0.442
1090.000 0.442
1091.000 0.442
1092.000 0.442
1093.000 0.441
1094.000 0.441
1095.000 0.440
1096.000 0.438
1097.000 0.437
1098.000 0.436
1099.000 0.436
1100.000 0.435
1101.000 0.435
1102.000 0.433
1103.000 0.432
1104.000 0.431
1105.000 0.430
1106.000 0.429
1107.000 0.428
1108.000 0.427
1109.000 0.427
1110.000 0.426
1111.000 0.424
1112.000 0.422
1113.000 0.418
1114.000 0.415
1115.000 0.412
1116.000 0.409
1117.000 0.405
1118.000 0.401
1119.000 0.397
1120.000 0.392
1121.000 0.391
1122.000 0.388
1123.000 0.385
1124.000 0.383
1125.000 0.382
1126.000 0.381
1127.000 0.381
1128.000 0.381
1129.000 0.382
1130.000 0.385
1131.000 0.387
1132.000 0.389
1133.000 0.391
1134.000 0.391
1135.000 0.393
1136.000 0.394
1137.000 0.394
1138.000 0.394
1139.000 0.392
1140.000 0.391
1141.000 0.390
1142.000 0.390
1143.000 0.390
1144.000 0.390
1145.000 0.390
1146.000 0.391
1147.000 0.392
1148.000 0.391
1149.000 0.393
1150.000 0.393
1151.000 0.392
1152.000 0.394
1153.000 0.395
1154.000 0.398
1155.000 0.400
1156.000 0.401
1157.000 0.402
1158.000 0.403
1159.000 0.405
1160.000 0.407
1161.000 0.409
1162.000 0.411
1163.000 0.413
1164.000 0.414
1165.000 0.415
1166.000 0.417
1167.000 0.417
1168.000 0.418
1169.000 0.420
1170.000 0.420
1171.000 0.420
1172.000 0.421
1173.000 0.421
1174.000 0.421
1175.000 0.422
1176.000 0.423
1177.000 0.423
1178.000 0.423
1179.000 0.424
1180.000 0.424
1181.000 0.423
1182.000 0.423
1183.000 0.421
1184.000 0.422
1185.000 0.422
1186.000 0.423
1187.000 0.423
1188.000 0.423
1189.000 0.424
1190.000 0.424
1191.000 0.425
1192.000 0.425
1193.000 0.426
1194.000 0.426
1195.000 0.427
1196.000 0.427
1197.000 0.428
1198.000 0.428
1199.000 0.429
1200.000 0.429
1201.000 0.429
1202.000 0.429
1203.000 0.429
1204.000 0.429
1205.000 0.429
1206.000 0.429
1207.000 0.429
1208.000 0.429
1209.000 0.430
1210.000 0.430
1211.000 0.431
1212.000 0.431
1213.000 0.432
1214.000 0.432
1215.000 0.433
1216.000 0.433
1217.000 0.434
1218.000 0.434
1219.000 0.434
1220.000 0.435
1221.000 0.435
1222.000 0.435
1223.000 0.436
1224.000 0.437
1225.000 0.438
1226.000 0.439
1227.000 0.440
1228.000 0.440
1229.000 0.441
1230.000 0.441
1231.000 0.441
1232.000 0.442
1233.000 0.443
1234.000 0.443
1235.000 0.444
1236.000 0.444
1237.000 0.444
1238.000 0.444
1239.000 0.444
1240.000 0.445
1241.000 0.445
1242.000 0.445
1243.000 0.445
1244.000 0.445
1245.000 0.445
1246.000 0.445
1247.000 0.446
1248.000 0.446
1249.000 0.447
1250.000 0.448
1251.000 0.448
1252.000 0.448
1253.000 0.448
1254.000 0.448
1255.000 0.448
1256.000 0.447
1257.000 0.447
1258.000 0.447
1259.000 0.446
1260.000 0.446
1261.000 0.446
1262.000 0.446
1263.000 0.445
1264.000 0.445
1265.000 0.445
1266.000 0.445
1267.000 0.444
1268.000 0.444
1269.000 0.444
1270.000 0.444
1271.000 0.446
1272.000 0.446
1273.000 0.447
1274.000 0.447
1275.000 0.448
1276.000 0.449
1277.000 0.450
1278.000 0.450
1279.000 0.450
1280.000 0.450
1281.000 0.450
1282.000 0.450
1283.000 0.450
1284.000 0.450
1285.000 0.450
1286.000 0.450
1287.000 0.449
1288.000 0.449
1289.000 0.449
1290.000 0.448
1291.000 0.448
1292.000 0.448
1293.000 0.447
1294.000 0.447
1295.000 0.446
1296.000 0.445
1297.000 0.445
1298.000 0.444
1299.000 0.444
1300.000 0.443
1301.000 0.442
1302.000 0.441
1303.000 0.440
1304.000 0.439
1305.000 0.439
1306.000 0.438
1307.000 0.436
1308.000 0.436
1309.000 0.435
1310.000 0.434
1311.000 0.432
1312.000 0.431
1313.000 0.429
1314.000 0.427
1315.000 0.427
1316.000 0.426
1317.000 0.426
1318.000 0.425
1319.000 0.424
1320.000 0.423
1321.000 0.421
1322.000 0.420
1323.000 0.419
1324.000 0.416
1325.000 0.414
1326.000 0.412
1327.000 0.409
1328.000 0.406
1329.000 0.404
1330.000 0.401
1331.000 0.399
1332.000 0.400
1333.000 0.399
1334.000 0.400
1335.000 0.399
1336.000 0.395
1337.000 0.394
1338.000 0.392
1339.000 0.390
1340.000 0.391
1341.000 0.390
1342.000 0.388
1343.000 0.386
1344.000 0.381
1345.000 0.377
1346.000 0.376
1347.000 0.373
1348.000 0.369
1349.000 0.368
1350.000 0.365
1351.000 0.355
1352.000 0.351
1353.000 0.376
1354.000 0.375
1355.000 0.365
1356.000 0.360
1357.000 0.312
1358.000 0.298
1359.000 0.371
1360.000 0.374
1361.000 0.390
1362.000 0.378
1363.000 0.259
1364.000 0.248
1365.000 0.216
1366.000 0.245
1367.000 0.296
1368.000 0.245
1369.000 0.322
1370.000 0.339
1371.000 0.224
1372.000 0.269
1373.000 0.545
1374.000 0.588
1375.000 0.505
1376.000 0.403
1377.000 0.261
1378.000 0.171
1379.000 0.445
1380.000 0.502
1381.000 0.504
1382.000 0.490
1383.000 0.326
1384.000 0.279
1385.000 0.296
1386.000 0.291
1387.000 0.406
1388.000 0.322
1389.000 0.287
1390.000 0.185
1391.000 0.186
1392.000 0.162
1393.000 0.227
1394.000 0.230
1395.000 0.269
1396.000 0.291
1397.000 0.317
1398.000 0.298
1399.000 0.266
1400.000 0.305
1401.000 0.395
1402.000 0.375
1403.000 0.441
1404.000 0.574
1405.000 0.519
1406.000 0.224
1407.000 0.167
1408.000 0.107
1409.000 0.081
1410.000 0.151
1411.000 0.164
1412.000 0.197
1413.000 0.377
1414.000 0.360
1415.000 0.245
1416.000 0.223
1417.000 0.203
1418.000 0.231
1419.000 0.263
1420.000 0.304
1421.000 0.317
1422.000 0.321
1423.000 0.271
1424.000 0.296
1425.000 0.291
1426.000 0.285
1427.000 0.314
1428.000 0.312
1429.000 0.349
1430.000 0.285
1431.000 0.284
1432.000 0.256
1433.000 0.221
1434.000 0.180
1435.000 0.190
1436.000 0.182
1437.000 0.179
1438.000 0.179
1439.000 0.169
1440.000 0.178
1441.000 0.178
1442.000 0.189
1443.000 0.195
1444.000 0.188
1445.000 0.171
1446.000 0.170
1447.000 0.160
1448.000 0.148
1449.000 0.171
1450.000 0.185
1451.000 0.185
1452.000 0.190
1453.000 0.188
1454.000 0.174
1455.000 0.176
1456.000 0.190
1457.000 0.192
1458.000 0.194
1459.000 0.194
1460.000 0.188
1461.000 0.184
1462.000 0.187
1463.000 0.188
1464.000 0.186
1465.000 0.191
1466.000 0.205
1467.000 0.208
1468.000 0.211
1469.000 0.210
1470.000 0.202
1471.000 0.195
1472.000 0.185
1473.000 0.180
1474.000 0.172
1475.000 0.171
1476.000 0.173
1477.000 0.178
1478.000 0.191
1479.000 0.196
1480.000 0.198
1481.000 0.201
1482.000 0.200
1483.000 0.201
1484.000 0.203
1485.000 0.206
1486.000 0.208
1487.000 0.212
1488.000 0.219
1489.000 0.223
1490.000 0.229
1491.000 0.232
1492.000 0.234
1493.000 0.236
1494.000 0.237
1495.000 0.239
1496.000 0.241
1497.000 0.244
1498.000 0.246
1499.000 0.247
1500.000 0.249
1501.000 0.250
1502.000 0.251
1503.000 0.252
1504.000 0.254
1505.000 0.257
1506.000 0.259
1507.000 0.262
1508.000 0.263
1509.000 0.263
1510.000 0.264
1511.000 0.264
1512.000 0.265
1513.000 0.265
1514.000 0.265
1515.000 0.263
1516.000 0.264
1517.000 0.264
1518.000 0.266
1519.000 0.268
1520.000 0.270
1521.000 0.273
1522.000 0.274
1523.000 0.274
1524.000 0.274
1525.000 0.276
1526.000 0.277
1527.000 0.279
1528.000 0.280
1529.000 0.280
1530.000 0.281
1531.000 0.283
1532.000 0.285
1533.000 0.289
1534.000 0.291
1535.000 0.291
1536.000 0.292
1537.000 0.293
1538.000 0.293
1539.000 0.293
1540.000 0.294
1541.000 0.296
1542.000 0.297
1543.000 0.298
1544.000 0.298
1545.000 0.298
1546.000 0.298
1547.000 0.301
1548.000 0.302
1549.000 0.305
1550.000 0.307
1551.000 0.309
1552.000 0.309
1553.000 0.308
1554.000 0.307
1555.000 0.306
1556.000 0.306
1557.000 0.307
1558.000 0.308
1559.000 0.310
1560.000 0.311
1561.000 0.312
1562.000 0.313
1563.000 0.316
1564.000 0.317
1565.000 0.320
1566.000 0.320
1567.000 0.319
1568.000 0.320
1569.000 0.319
1570.000 0.319
1571.000 0.320
1572.000 0.321
1573.000 0.322
1574.000 0.323
1575.000 0.323
1576.000 0.323
1577.000 0.323
1578.000 0.323
1579.000 0.324
1580.000 0.325
1581.000 0.327
1582.000 0.327
1583.000 0.328
1584.000 0.329
1585.000 0.330
1586.000 0.331
1587.000 0.333
1588.000 0.335
1589.000 0.336
1590.000 0.336
1591.000 0.336
1592.000 0.336
1593.000 0.337
1594.000 0.337
1595.000 0.337
1596.000 0.337
1597.000 0.337
1598.000 0.338
1599.000 0.338
1600.000 0.339
1601.000 0.337
1602.000 0.337
1603.000 0.337
1604.000 0.338
1605.000 0.340
1606.000 0.341
1607.000 0.342
1608.000 0.343
1609.000 0.343
1610.000 0.343
1611.000 0.343
1612.000 0.344
1613.000 0.345
1614.000 0.345
1615.000 0.345
1616.000 0.344
1617.000 0.342
1618.000 0.341
1619.000 0.340
1620.000 0.341
1621.000 0.343
1622.000 0.345
1623.000 0.347
1624.000 0.349
1625.000 0.349
1626.000 0.350
1627.000 0.348
1628.000 0.348
1629.000 0.348
1630.000 0.348
1631.000 0.349
1632.000 0.350
1633.000 0.351
1634.000 0.351
1635.000 0.351
1636.000 0.350
1637.000 0.350
1638.000 0.349
1639.000 0.348
1640.000 0.349
1641.000 0.351
1642.000 0.352
1643.000 0.353
1644.000 0.354
1645.000 0.355
1646.000 0.355
1647.000 0.356
1648.000 0.356
1649.000 0.354
1650.000 0.353
1651.000 0.354
1652.000 0.354
1653.000 0.355
1654.000 0.356
1655.000 0.355
1656.000 0.355
1657.000 0.354
1658.000 0.353
1659.000 0.352
1660.000 0.353
1661.000 0.355
1662.000 0.356
1663.000 0.357
1664.000 0.358
1665.000 0.356
1666.000 0.356
1667.000 0.357
1668.000 0.357
1669.000 0.359
1670.000 0.359
1671.000 0.358
1672.000 0.357
1673.000 0.355
1674.000 0.354
1675.000 0.355
1676.000 0.356
1677.000 0.359
1678.000 0.359
1679.000 0.359
1680.000 0.359
1681.000 0.357
1682.000 0.356
1683.000 0.357
1684.000 0.356
1685.000 0.357
1686.000 0.357
1687.000 0.357
1688.000 0.357
1689.000 0.357
1690.000 0.357
1691.000 0.359
1692.000 0.358
1693.000 0.360
1694.000 0.359
1695.000 0.358
1696.000 0.358
1697.000 0.358
1698.000 0.357
1699.000 0.356
1700.000 0.355
1701.000 0.354
1702.000 0.354
1703.000 0.353
1704.000 0.353
1705.000 0.351
1706.000 0.352
1707.000 0.355
1708.000 0.354
1709.000 0.355
1710.000 0.354
1711.000 0.352
1712.000 0.351
1713.000 0.350
1714.000 0.346
1715.000 0.345
1716.000 0.346
1717.000 0.346
1718.000 0.347
1719.000 0.346
1720.000 0.345
1721.000 0.344
1722.000 0.345
1723.000 0.346
1724.000 0.346
1725.000 0.347
1726.000 0.345
1727.000 0.345
1728.000 0.345
1729.000 0.345
1730.000 0.344
1731.000 0.343
1732.000 0.340
1733.000 0.337
1734.000 0.340
1735.000 0.341
1736.000 0.341
1737.000 0.342
1738.000 0.338
1739.000 0.337
1740.000 0.336
1741.000 0.336
1742.000 0.336
1743.000 0.336
1744.000 0.338
1745.000 0.338
1746.000 0.339
1747.000 0.337
1748.000 0.333
1749.000 0.331
1750.000 0.328
1751.000 0.325
1752.000 0.323
1753.000 0.320
1754.000 0.317
1755.000 0.315
1756.000 0.314
1757.000 0.313
1758.000 0.311
1759.000 0.309
1760.000 0.310
1761.000 0.311
1762.000 0.312
1763.000 0.313
1764.000 0.311
1765.000 0.309
1766.000 0.310
1767.000 0.311
1768.000 0.312
1769.000 0.316
1770.000 0.317
1771.000 0.321
1772.000 0.324
1773.000 0.323
1774.000 0.319
1775.000 0.313
1776.000 0.311
1777.000 0.307
1778.000 0.307
1779.000 0.306
1780.000 0.301
1781.000 0.299
1782.000 0.295
1783.000 0.288
1784.000 0.284
1785.000 0.280
1786.000 0.278
1787.000 0.284
1788.000 0.287
1789.000 0.292
1790.000 0.292
1791.000 0.286
1792.000 0.279
1793.000 0.265
1794.000 0.263
1795.000 0.276
1796.000 0.273
1797.000 0.261
1798.000 0.248
1799.000 0.251
1800.000 0.254
1801.000 0.387
1802.000 0.392
1803.000 0.414
1804.000 0.473
1805.000 0.501
1806.000 0.423
1807.000 0.468
1808.000 0.426
1809.000 0.422
1810.000 0.448
1811.000 0.429
1812.000 0.436
1813.000 0.456
1814.000 0.410
1815.000 0.386
1816.000 0.348
1817.000 0.629
1818.000 0.667
1819.000 0.745
1820.000 0.653
1821.000 0.449
1822.000 0.475
1823.000 0.547
1824.000 0.466
1825.000 0.405
1826.000 0.382
1827.000 0.368
1828.000 0.412
1829.000 0.443
1830.000 0.457
1831.000 0.446
1832.000 0.485
1833.000 0.570
1834.000 0.536
1835.000 0.515
1836.000 0.532
1837.000 0.638
1838.000 0.569
1839.000 0.429
1840.000 0.410
1841.000 0.411
1842.000 0.383
1843.000 0.338
1844.000 0.322
1845.000 0.342
1846.000 0.352
1847.000 0.321
1848.000 0.460
1849.000 0.491
1850.000 0.334
1851.000 0.346
1852.000 0.326
1853.000 0.336
1854.000 0.256
1855.000 0.257
1856.000 0.281
1857.000 0.262
1858.000 0.228
1859.000 0.296
1860.000 0.296
1861.000 0.451
1862.000 0.420
1863.000 0.393
1864.000 0.416
1865.000 0.395
1866.000 0.385
1867.000 0.353
1868.000 0.401
1869.000 0.433
1870.000 0.543
1871.000 0.497
1872.000 0.456
1873.000 0.579
1874.000 0.635
1875.000 0.641
1876.000 0.541
1877.000 0.356
1878.000 0.445
1879.000 0.529
1880.000 0.555
1881.000 0.554
1882.000 0.479
1883.000 0.358
1884.000 0.384
1885.000 0.407
1886.000 0.465
1887.000 0.415
1888.000 0.422
1889.000 0.368
1890.000 0.471
1891.000 0.724
1892.000 0.745
1893.000 0.742
1894.000 0.482
1895.000 0.282
1896.000 0.327
1897.000 0.433
1898.000 0.418
1899.000 0.448
1900.000 0.456
1901.000 0.440
1902.000 0.432
1903.000 0.465
1904.000 0.510
1905.000 0.471
1906.000 0.483
1907.000 0.441
1908.000 0.406
1909.000 0.352
1910.000 0.557
1911.000 0.296
1912.000 0.313
1913.000 0.404
1914.000 0.431
1915.000 0.514
1916.000 0.500
1917.000 0.501
1918.000 0.526
1919.000 0.538
1920.000 0.650
1921.000 0.663
1922.000 0.407
1923.000 0.554
1924.000 0.505
1925.000 0.492
1926.000 0.510
1927.000 0.531
1928.000 0.512
1929.000 0.408
1930.000 0.283
1931.000 0.273
1932.000 0.241
1933.000 0.383
1934.000 0.370
1935.000 0.293
1936.000 0.438
1937.000 0.470
1938.000 0.420
1939.000 0.548
1940.000 0.689
1941.000 0.634
1942.000 0.546
1943.000 0.540
1944.000 0.505
1945.000 0.539
1946.000 0.365
1947.000 0.454
1948.000 0.677
1949.000 0.575
1950.000 0.688
1951.000 0.641
1952.000 0.618
1953.000 0.522
1954.000 0.612
1955.000 0.511
1956.000 0.391
1957.000 0.353
1958.000 0.307
1959.000 0.297
1960.000 0.524
1961.000 0.498
1962.000 0.468
1963.000 0.506
1964.000 0.440
1965.000 0.409
1966.000 0.375
1967.000 0.369
1968.000 0.322
1969.000 0.279
1970.000 0.282
1971.000 0.274
1972.000 0.325
1973.000 0.362
1974.000 0.350
1975.000 0.336
1976.000 0.244
1977.000 0.242
1978.000 0.248
1979.000 0.316
1980.000 0.360
1981.000 0.333
1982.000 0.339
1983.000 0.287
1984.000 0.245
1985.000 0.254
1986.000 0.225
1987.000 0.232
1988.000 0.248
1989.000 0.294
1990.000 0.316
1991.000 0.341
1992.000 0.322
1993.000 0.278
1994.000 0.228
1995.000 0.251
1996.000 0.253
1997.000 0.272
1998.000 0.257
1999.000 0.246
2000.000 0.258
2001.000 0.270
2002.000 0.300
2003.000 0.296
2004.000 0.333
2005.000 0.379
2006.000 0.470
2007.000 0.448
2008.000 0.407
2009.000 0.378
2010.000 0.328
2011.000 0.295
2012.000 0.323
2013.000 0.342
2014.000 0.337
2015.000 0.358
2016.000 0.336
2017.000 0.268
2018.000 0.245
2019.000 0.228
2020.000 0.240
2021.000 0.202
2022.000 0.182
2023.000 0.181
2024.000 0.185
2025.000 0.182
2026.000 0.184
2027.000 0.197
2028.000 0.235
2029.000 0.246
2030.000 0.254
2031.000 0.262
2032.000 0.260
2033.000 0.250
2034.000 0.236
2035.000 0.229
2036.000 0.213
2037.000 0.200
2038.000 0.211
2039.000 0.217
2040.000 0.218
2041.000 0.229
2042.000 0.228
2043.000 0.214
2044.000 0.213
2045.000 0.219
2046.000 0.215
2047.000 0.210
2048.000 0.205
2049.000 0.191
2050.000 0.179
2051.000 0.185
2052.000 0.203
2053.000 0.235
2054.000 0.254
2055.000 0.247
2056.000 0.258
2057.000 0.256
2058.000 0.236
2059.000 0.222
2060.000 0.196
2061.000 0.190
2062.000 0.187
2063.000 0.192
2064.000 0.223
2065.000 0.243
2066.000 0.267
2067.000 0.274
2068.000 0.263
2069.000 0.258
2070.000 0.245
2071.000 0.225
2072.000 0.219
2073.000 0.226
2074.000 0.225
2075.000 0.224
2076.000 0.227
2077.000 0.235
2078.000 0.233
2079.000 0.230
2080.000 0.225
2081.000 0.208
2082.000 0.203
2083.000 0.203
2084.000 0.206
2085.000 0.222
2086.000 0.231
2087.000 0.232
2088.000 0.231
2089.000 0.226
2090.000 0.205
2091.000 0.205
2092.000 0.220
2093.000 0.224
2094.000 0.234
2095.000 0.239
2096.000 0.232
2097.000 0.229
2098.000 0.232
2099.000 0.226
2100.000 0.223
2101.000 0.222
2102.000 0.232
2103.000 0.244
2104.000 0.246
2105.000 0.247
2106.000 0.246
2107.000 0.239
2108.000 0.236
2109.000 0.235
2110.000 0.237
2111.000 0.241
2112.000 0.245
2113.000 0.255
2114.000 0.262
2115.000 0.269
2116.000 0.270
2117.000 0.266
2118.000 0.263
2119.000 0.258
2120.000 0.258
2121.000 0.265
2122.000 0.269
2123.000 0.268
2124.000 0.263
2125.000 0.260
2126.000 0.251
2127.000 0.249
2128.000 0.252
2129.000 0.254
2130.000 0.263
2131.000 0.265
2132.000 0.267
2133.000 0.268
2134.000 0.265
2135.000 0.263
2136.000 0.260
2137.000 0.256
2138.000 0.261
2139.000 0.261
2140.000 0.257
2141.000 0.263
2142.000 0.266
2143.000 0.268
2144.000 0.266
2145.000 0.263
2146.000 0.260
2147.000 0.251
2148.000 0.247
2149.000 0.245
2150.000 0.245
2151.000 0.246
2152.000 0.248
2153.000 0.253
2154.000 0.259
2155.000 0.267
2156.000 0.274
2157.000 0.279
2158.000 0.280
2159.000 0.282
2160.000 0.272
2161.000 0.264
2162.000 0.256
2163.000 0.252
2164.000 0.245
2165.000 0.246
2166.000 0.255
2167.000 0.260
2168.000 0.271
2169.000 0.272
2170.000 0.268
2171.000 0.267
2172.000 0.259
2173.000 0.259
2174.000 0.270
2175.000 0.269
2176.000 0.269
2177.000 0.259
2178.000 0.246
2179.000 0.241
2180.000 0.233
2181.000 0.233
2182.000 0.236
2183.000 0.232
2184.000 0.233
2185.000 0.239
2186.000 0.244
2187.000 0.253
2188.000 0.258
2189.000 0.265
2190.000 0.264
2191.000 0.254
2192.000 0.248
2193.000 0.233
2194.000 0.229
2195.000 0.229
2196.000 0.230
2197.000 0.238
2198.000 0.245
2199.000 0.256
2200.000 0.263
2201.000 0.268
2202.000 0.276
2203.000 0.277
2204.000 0.279
2205.000 0.289
2206.000 0.298
2207.000 0.299
2208.000 0.293
2209.000 0.279
2210.000 0.249
2211.000 0.243
2212.000 0.241
2213.000 0.241
2214.000 0.257
2215.000 0.263
2216.000 0.264
2217.000 0.267
2218.000 0.275
2219.000 0.274
2220.000 0.268
2221.000 0.266
2222.000 0.260
2223.000 0.258
2224.000 0.260
2225.000 0.260
2226.000 0.260
2227.000 0.258
2228.000 0.254
2229.000 0.260
2230.000 0.264
2231.000 0.263
2232.000 0.255
2233.000 0.241
2234.000 0.230
2235.000 0.225
2236.000 0.230
2237.000 0.238
2238.000 0.244
2239.000 0.254
2240.000 0.252
2241.000 0.241
2242.000 0.238
2243.000 0.229
2244.000 0.230
2245.000 0.242
2246.000 0.246
2247.000 0.249
2248.000 0.250
2249.000 0.247
2250.000 0.245
2251.000 0.243
2252.000 0.238
2253.000 0.236
2254.000 0.229
2255.000 0.215
2256.000 0.213
2257.000 0.215
2258.000 0.215
2259.000 0.229
2260.000 0.228
2261.000 0.228
2262.000 0.226
2263.000 0.216
2264.000 0.208
2265.000 0.195
2266.000 0.190
2267.000 0.195
2268.000 0.206
2269.000 0.215
2270.000 0.224
2271.000 0.240
2272.000 0.230
2273.000 0.230
2274.000 0.235
2275.000 0.235
2276.000 0.233
2277.000 0.234
2278.000 0.231
2279.000 0.224
2280.000 0.210
2281.000 0.207
2282.000 0.209
2283.000 0.206
2284.000 0.205
2285.000 0.205
2286.000 0.206
2287.000 0.206
2288.000 0.210
2289.000 0.215
2290.000 0.206
2291.000 0.211
2292.000 0.232
2293.000 0.242
2294.000 0.262
2295.000 0.270
2296.000 0.251
2297.000 0.247
2298.000 0.270
2299.000 0.272
2300.000 0.286
2301.000 0.304
2302.000 0.293
2303.000 0.259
2304.000 0.244
2305.000 0.235
2306.000 0.275
2307.000 0.301
2308.000 0.282
2309.000 0.293
2310.000 0.279
2311.000 0.246
2312.000 0.238
2313.000 0.231
2314.000 0.213
2315.000 0.211
2316.000 0.229
2317.000 0.227
2318.000 0.224
2319.000 0.237
2320.000 0.241
2321.000 0.250
2322.000 0.259
2323.000 0.247
2324.000 0.245
2325.000 0.260
2326.000 0.252
2327.000 0.238
2328.000 0.226
2329.000 0.204
2330.000 0.195
2331.000 0.186
2332.000 0.181
2333.000 0.209
2334.000 0.224
2335.000 0.253
2336.000 0.268
2337.000 0.220
2338.000 0.203
2339.000 0.160
2340.000 0.173
2341.000 0.213
2342.000 0.251
2343.000 0.282
2344.000 0.375
2345.000 0.312
2346.000 0.299
2347.000 0.256
2348.000 0.231
2349.000 0.246
2350.000 0.233
2351.000 0.245
2352.000 0.257
2353.000 0.236
2354.000 0.238
2355.000 0.255
2356.000 0.261
2357.000 0.252
2358.000 0.212
2359.000 0.149
2360.000 0.159
2361.000 0.150
2362.000 0.133
2363.000 0.170
2364.000 0.207
2365.000 0.337
2366.000 0.410
2367.000 0.321
2368.000 0.409
2369.000 0.351
2370.000 0.315
2371.000 0.317
2372.000 0.329
2373.000 0.494
2374.000 0.329
2375.000 0.285
2376.000 0.284
2377.000 0.312
2378.000 0.386
2379.000 0.514
2380.000 0.349
2381.000 0.300
2382.000 0.661
2383.000 0.648
2384.000 0.570
2385.000 0.367
2386.000 0.317
2387.000 0.637
2388.000 0.339
2389.000 0.444
2390.000 0.336
2391.000 0.579
2392.000 0.514
2393.000 0.522
2394.000 0.371
2395.000 0.389
2396.000 0.335
2397.000 0.386
2398.000 0.349
2399.000 0.257
2400.000 0.197
2401.000 0.574
2402.000 0.525
2403.000 0.645
2404.000 0.554
2405.000 0.496
2406.000 0.448
2407.000 0.469
2408.000 0.403
2409.000 0.333
2410.000 0.575
2411.000 0.634
2412.000 0.359
2413.000 0.476
2414.000 0.491
2415.000 0.452
2416.000 0.321
2417.000 0.268
2418.000 0.369
2419.000 0.381
2420.000 0.481
2421.000 0.489
2422.000 0.587
2423.000 0.587
2424.000 0.455
2425.000 0.358
2426.000 0.323
2427.000 0.302
2428.000 0.310
2429.000 0.435
2430.000 0.494
2431.000 0.426
2432.000 0.364
2433.000 0.314
2434.000 0.181
2435.000 0.693
2436.000 0.430
2437.000 0.539
2438.000 0.439
2439.000 0.342
2440.000 0.322
2441.000 0.383
2442.000 0.335
2443.000 0.325
2444.000 0.357
2445.000 0.365
2446.000 0.390
2447.000 0.347
2448.000 0.366
2449.000 0.392
2450.000 0.408
2451.000 0.443
2452.000 0.340
2453.000 0.469
2454.000 0.524
2455.000 0.408
2456.000 0.508
2457.000 0.351
2458.000 0.472
2459.000 0.492
2460.000 0.538
2461.000 0.587
2462.000 0.596
2463.000 0.381
2464.000 0.322
2465.000 0.250
2466.000 0.379
2467.000 0.724
2468.000 0.573
2469.000 0.308
2470.000 0.479
2471.000 0.556
2472.000 0.471
2473.000 0.422
2474.000 0.308
2475.000 0.250
2476.000 0.350
2477.000 0.439
2478.000 0.494
2479.000 0.338
2480.000 0.394
2481.000 0.295
2482.000 0.223
2483.000 0.177
2484.000 0.364
2485.000 0.500
2486.000 0.353
2487.000 0.687
2488.000 0.280
2489.000 0.320
2490.000 0.452
2491.000 0.559
2492.000 0.503
2493.000 0.452
2494.000 0.460
2495.000 0.277
2496.000 0.379
2497.000 0.495
2498.000 0.318
2499.000 0.386
2500.000 0.578
