391.000 0.039
392.000 0.039
393.000 0.041
394.000 0.040
395.000 0.043
396.000 0.043
397.000 0.039
398.000 0.040
399.000 0.042
400.000 0.042
401.000 0.042
402.000 0.042
403.000 0.041
404.000 0.042
405.000 0.042
406.000 0.039
407.000 0.040
408.000 0.044
409.000 0.041
410.000 0.041
411.000 0.042
412.000 0.043
413.000 0.041
414.000 0.041
415.000 0.041
416.000 0.040
417.000 0.039
418.000 0.040
419.000 0.041
420.000 0.041
421.000 0.040
422.000 0.040
423.000 0.042
424.000 0.042
425.000 0.042
426.000 0.041
427.000 0.039
428.000 0.041
429.000 0.041
430.000 0.040
431.000 0.040
432.000 0.040
433.000 0.041
434.000 0.042
435.000 0.039
436.000 0.040
437.000 0.041
438.000 0.040
439.000 0.041
440.000 0.040
441.000 0.039
442.000 0.041
443.000 0.040
444.000 0.039
445.000 0.040
446.000 0.040
447.000 0.041
448.000 0.041
449.000 0.040
450.000 0.040
451.000 0.040
452.000 0.040
453.000 0.040
454.000 0.040
455.000 0.040
456.000 0.041
457.000 0.040
458.000 0.040
459.000 0.040
460.000 0.040
461.000 0.041
462.000 0.041
463.000 0.040
464.000 0.040
465.000 0.040
466.000 0.041
467.000 0.039
468.000 0.040
469.000 0.040
470.000 0.040
471.000 0.041
472.000 0.041
473.000 0.041
474.000 0.042
475.000 0.040
476.000 0.040
477.000 0.040
478.000 0.039
479.000 0.041
480.000 0.041
481.000 0.040
482.000 0.039
483.000 0.040
484.000 0.041
485.000 0.042
486.000 0.042
487.000 0.042
488.000 0.042
489.000 0.041
490.000 0.041
491.000 0.040
492.000 0.041
493.000 0.041
494.000 0.041
495.000 0.041
496.000 0.041
497.000 0.042
498.000 0.042
499.000 0.041
500.000 0.042
501.000 0.043
502.000 0.044
503.000 0.044
504.000 0.045
505.000 0.044
506.000 0.045
507.000 0.046
508.000 0.046
509.000 0.046
510.000 0.048
511.000 0.048
512.000 0.050
513.000 0.051
514.000 0.052
515.000 0.054
516.000 0.055
517.000 0.057
518.000 0.059
519.000 0.061
520.000 0.062
521.000 0.064
522.000 0.065
523.000 0.067
524.000 0.068
525.000 0.070
526.000 0.072
527.000 0.074
528.000 0.076
529.000 0.078
530.000 0.080
531.000 0.081
532.000 0.082
533.000 0.082
534.000 0.084
535.000 0.085
536.000 0.085
537.000 0.086
538.000 0.087
539.000 0.087
540.000 0.088
541.000 0.088
542.000 0.089
543.000 0.089
544.000 0.089
545.000 0.090
546.000 0.090
547.000 0.090
548.000 0.090
549.000 0.091
550.000 0.091
551.000 0.091
552.000 0.091
553.000 0.091
554.000 0.091
555.000 0.091
556.000 0.090
557.000 0.090
558.000 0.089
559.000 0.088
560.000 0.088
561.000 0.088
562.000 0.087
563.000 0.086
564.000 0.084
565.000 0.083
566.000 0.081
567.000 0.081
568.000 0.079
569.000 0.078
570.000 0.077
571.000 0.075
572.000 0.074
573.000 0.073
574.000 0.072
575.000 0.071
576.000 0.071
577.000 0.070
578.000 0.069
579.000 0.067
580.000 0.067
581.000 0.066
582.000 0.066
583.000 0.066
584.000 0.064
585.000 0.064
586.000 0.063
587.000 0.063
588.000 0.063
589.000 0.062
590.000 0.062
591.000 0.061
592.000 0.061
593.000 0.061
594.000 0.059
595.000 0.060
596.000 0.060
597.000 0.061
598.000 0.060
599.000 0.060
600.000 0.059
601.000 0.059
602.000 0.059
603.000 0.059
604.000 0.058
605.000 0.058
606.000 0.058
607.000 0.057
608.000 0.057
609.000 0.056
610.000 0.056
611.000 0.056
612.000 0.056
613.000 0.055
614.000 0.055
615.000 0.054
616.000 0.055
617.000 0.053
618.000 0.053
619.000 0.054
620.000 0.054
621.000 0.053
622.000 0.053
623.000 0.053
624.000 0.054
625.000 0.054
626.000 0.053
627.000 0.053
628.000 0.053
629.000 0.053
630.000 0.052
631.000 0.052
632.000 0.052
633.000 0.052
634.000 0.052
635.000 0.052
636.000 0.051
637.000 0.050
638.000 0.053
639.000 0.052
640.000 0.049
641.000 0.049
642.000 0.049
643.000 0.049
644.000 0.048
645.000 0.049
646.000 0.048
647.000 0.047
648.000 0.048
649.000 0.048
650.000 0.047
651.000 0.047
652.000 0.048
653.000 0.046
654.000 0.046
655.000 0.048
656.000 0.048
657.000 0.046
658.000 0.045
659.000 0.048
660.000 0.048
661.000 0.047
662.000 0.047
663.000 0.047
664.000 0.047
665.000 0.047
666.000 0.047
667.000 0.046
668.000 0.046
669.000 0.047
670.000 0.048
671.000 0.048
672.000 0.048
673.000 0.048
674.000 0.049
675.000 0.049
676.000 0.050
677.000 0.050
678.000 0.051
679.000 0.051
680.000 0.051
681.000 0.052
682.000 0.052
683.000 0.053
684.000 0.056
685.000 0.055
686.000 0.056
687.000 0.058
688.000 0.060
689.000 0.061
690.000 0.062
691.000 0.065
692.000 0.067
693.000 0.070
694.000 0.073
695.000 0.078
696.000 0.081
697.000 0.086
698.000 0.092
699.000 0.098
700.000 0.105
701.000 0.113
702.000 0.120
703.000 0.127
704.000 0.134
705.000 0.141
706.000 0.149
707.000 0.156
708.000 0.164
709.000 0.172
710.000 0.181
711.000 0.188
712.000 0.196
713.000 0.205
714.000 0.213
715.000 0.221
716.000 0.228
717.000 0.237
718.000 0.246
719.000 0.256
720.000 0.265
721.000 0.273
722.000 0.281
723.000 0.288
724.000 0.297
725.000 0.305
726.000 0.313
727.000 0.320
728.000 0.328
729.000 0.335
730.000 0.341
731.000 0.348
732.000 0.355
733.000 0.361
734.000 0.366
735.000 0.371
736.000 0.376
737.000 0.381
738.000 0.386
739.000 0.390
740.000 0.394
741.000 0.398
742.000 0.401
743.000 0.404
744.000 0.407
745.000 0.410
746.000 0.413
747.000 0.415
748.000 0.417
749.000 0.419
750.000 0.421
751.000 0.423
752.000 0.425
753.000 0.426
754.000 0.428
755.000 0.429
756.000 0.430
757.000 0.431
758.000 0.432
759.000 0.433
760.000 0.434
761.000 0.436
762.000 0.436
763.000 0.437
764.000 0.437
765.000 0.439
766.000 0.439
767.000 0.440
768.000 0.440
769.000 0.440
770.000 0.440
771.000 0.441
772.000 0.441
773.000 0.442
774.000 0.442
775.000 0.443
776.000 0.443
777.000 0.443
778.000 0.444
779.000 0.444
780.000 0.444
781.000 0.445
782.000 0.445
783.000 0.445
784.000 0.446
785.000 0.446
786.000 0.447
787.000 0.447
788.000 0.447
789.000 0.447
790.000 0.447
791.000 0.448
792.000 0.448
793.000 0.449
794.000 0.449
795.000 0.449
796.000 0.450
797.000 0.450
798.000 0.450
799.000 0.451
800.000 0.451
801.000 0.451
802.000 0.452
803.000 0.452
804.000 0.452
805.000 0.453
806.000 0.453
807.000 0.453
808.000 0.454
809.000 0.454
810.000 0.455
811.000 0.455
812.000 0.455
813.000 0.455
814.000 0.455
815.000 0.455
816.000 0.455
817.000 0.456
818.000 0.456
819.000 0.456
820.000 0.457
821.000 0.457
822.000 0.457
823.000 0.457
824.000 0.458
825.000 0.458
826.000 0.458
827.000 0.459
828.000 0.459
829.000 0.459
830.000 0.459
831.000 0.459
832.000 0.460
833.000 0.460
834.000 0.460
835.000 0.461
836.000 0.461
837.000 0.461
838.000 0.462
839.000 0.462
840.000 0.462
841.000 0.462
842.000 0.462
843.000 0.463
844.000 0.463
845.000 0.463
846.000 0.463
847.000 0.464
848.000 0.464
849.000 0.463
850.000 0.464
851.000 0.465
852.000 0.464
853.000 0.464
854.000 0.465
855.000 0.465
856.000 0.466
857.000 0.465
858.000 0.465
859.000 0.466
860.000 0.466
861.000 0.467
862.000 0.466
863.000 0.467
864.000 0.467
865.000 0.467
866.000 0.467
867.000 0.467
868.000 0.467
869.000 0.467
870.000 0.467
871.000 0.468
872.000 0.468
873.000 0.468
874.000 0.468
875.000 0.469
876.000 0.469
877.000 0.469
878.000 0.469
879.000 0.469
880.000 0.470
881.000 0.470
882.000 0.470
883.000 0.470
884.000 0.470
885.000 0.470
886.000 0.471
887.000 0.471
888.000 0.472
889.000 0.472
890.000 0.472
891.000 0.472
892.000 0.472
893.000 0.472
894.000 0.473
895.000 0.473
896.000 0.473
897.000 0.473
898.000 0.473
899.000 0.473
900.000 0.474
901.000 0.474
902.000 0.474
903.000 0.475
904.000 0.475
905.000 0.475
906.000 0.475
907.000 0.475
908.000 0.475
909.000 0.475
910.000 0.476
911.000 0.475
912.000 0.476
913.000 0.476
914.000 0.476
915.000 0.476
916.000 0.476
917.000 0.477
918.000 0.477
919.000 0.477
920.000 0.477
921.000 0.477
922.000 0.477
923.000 0.477
924.000 0.477
925.000 0.477
926.000 0.477
927.000 0.476
928.000 0.477
929.000 0.475
930.000 0.475
931.000 0.475
932.000 0.474
933.000 0.474
934.000 0.471
935.000 0.468
936.000 0.470
937.000 0.472
938.000 0.471
939.000 0.470
940.000 0.471
941.000 0.470
942.000 0.471
943.000 0.471
944.000 0.470
945.000 0.468
946.000 0.467
947.000 0.466
948.000 0.466
949.000 0.467
950.000 0.467
951.000 0.466
952.000 0.466
953.000 0.465
954.000 0.464
955.000 0.464
956.000 0.465
957.000 0.464
958.000 0.462
959.000 0.461
960.000 0.460
961.000 0.463
962.000 0.463
963.000 0.462
964.000 0.462
965.000 0.463
966.000 0.464
967.000 0.465
968.000 0.464
969.000 0.464
970.000 0.465
971.000 0.465
972.000 0.464
973.000 0.465
974.000 0.466
975.000 0.465
976.000 0.464
977.000 0.464
978.000 0.465
979.000 0.467
980.000 0.467
981.000 0.467
982.000 0.466
983.000 0.465
984.000 0.466
985.000 0.468
986.000 0.469
987.000 0.469
988.000 0.468
989.000 0.469
990.000 0.470
991.000 0.470
992.000 0.470
993.000 0.471
994.000 0.470
995.000 0.469
996.000 0.472
997.000 0.474
998.000 0.473
999.000 0.472
1000.000 0.474
1001.000 0.478
1002.000 0.478
1003.000 0.478
1004.000 0.479
1005.000 0.479
1006.000 0.479
1007.000 0.479
1008.000 0.479
1009.000 0.479
1010.000 0.481
1011.000 0.482
1012.000 0.483
1013.000 0.483
1014.000 0.484
1015.000 0.485
1016.000 0.485
1017.000 0.486
1018.000 0.486
1019.000 0.486
1020.000 0.488
1021.000 0.489
1022.000 0.489
1023.000 0.490
1024.000 0.489
1025.000 0.490
1026.000 0.490
1027.000 0.491
1028.000 0.492
1029.000 0.492
1030.000 0.493
1031.000 0.493
1032.000 0.493
1033.000 0.494
1034.000 0.494
1035.000 0.495
1036.000 0.496
1037.000 0.496
1038.000 0.496
1039.000 0.496
1040.000 0.497
1041.000 0.498
1042.000 0.498
1043.000 0.499
1044.000 0.499
1045.000 0.499
1046.000 0.499
1047.000 0.499
1048.000 0.500
1049.000 0.500
1050.000 0.500
1051.000 0.500
1052.000 0.501
1053.000 0.502
1054.000 0.502
1055.000 0.503
1056.000 0.502
1057.000 0.503
1058.000 0.503
1059.000 0.503
1060.000 0.504
1061.000 0.504
1062.000 0.504
1063.000 0.504
1064.000 0.504
1065.000 0.504
1066.000 0.505
1067.000 0.505
1068.000 0.505
1069.000 0.506
1070.000 0.506
1071.000 0.506
1072.000 0.506
1073.000 0.506
1074.000 0.507
1075.000 0.507
1076.000 0.508
1077.000 0.508
1078.000 0.507
1079.000 0.507
1080.000 0.507
1081.000 0.507
1082.000 0.508
1083.000 0.508
1084.000 0.508
1085.000 0.507
1086.000 0.507
1087.000 0.508
1088.000 0.508
1089.000 0.509
1090.000 0.509
1091.000 0.509
1092.000 0.509
1093.000 0.509
1094.000 0.508
1095.000 0.508
1096.000 0.508
1097.000 0.508
1098.000 0.508
1099.000 0.507
1100.000 0.507
1101.000 0.507
1102.000 0.506
1103.000 0.506
1104.000 0.506
1105.000 0.506
1106.000 0.507
1107.000 0.506
1108.000 0.507
1109.000 0.506
1110.000 0.506
1111.000 0.506
1112.000 0.506
1113.000 0.506
1114.000 0.505
1115.000 0.505
1116.000 0.505
1117.000 0.504
1118.000 0.503
1119.000 0.501
1120.000 0.500
1121.000 0.500
1122.000 0.500
1123.000 0.499
1124.000 0.499
1125.000 0.498
1126.000 0.497
1127.000 0.496
1128.000 0.496
1129.000 0.496
1130.000 0.497
1131.000 0.498
1132.000 0.498
1133.000 0.496
1134.000 0.494
1135.000 0.491
1136.000 0.490
1137.000 0.490
1138.000 0.489
1139.000 0.488
1140.000 0.488
1141.000 0.487
1142.000 0.486
1143.000 0.486
1144.000 0.485
1145.000 0.483
1146.000 0.481
1147.000 0.479
1148.000 0.478
1149.000 0.476
1150.000 0.475
1151.000 0.472
1152.000 0.470
1153.000 0.470
1154.000 0.470
1155.000 0.469
1156.000 0.469
1157.000 0.469
1158.000 0.468
1159.000 0.468
1160.000 0.468
1161.000 0.468
1162.000 0.468
1163.000 0.468
1164.000 0.468
1165.000 0.467
1166.000 0.467
1167.000 0.467
1168.000 0.467
1169.000 0.467
1170.000 0.467
1171.000 0.468
1172.000 0.468
1173.000 0.468
1174.000 0.468
1175.000 0.468
1176.000 0.467
1177.000 0.467
1178.000 0.466
1179.000 0.466
1180.000 0.466
1181.000 0.466
1182.000 0.466
1183.000 0.466
1184.000 0.466
1185.000 0.466
1186.000 0.466
1187.000 0.466
1188.000 0.466
1189.000 0.466
1190.000 0.466
1191.000 0.466
1192.000 0.467
1193.000 0.467
1194.000 0.467
1195.000 0.467
1196.000 0.467
1197.000 0.467
1198.000 0.467
1199.000 0.466
1200.000 0.466
1201.000 0.466
1202.000 0.468
1203.000 0.468
1204.000 0.469
1205.000 0.470
1206.000 0.470
1207.000 0.469
1208.000 0.469
1209.000 0.469
1210.000 0.469
1211.000 0.469
1212.000 0.470
1213.000 0.471
1214.000 0.472
1215.000 0.473
1216.000 0.473
1217.000 0.473
1218.000 0.473
1219.000 0.474
1220.000 0.474
1221.000 0.475
1222.000 0.475
1223.000 0.475
1224.000 0.476
1225.000 0.476
1226.000 0.477
1227.000 0.477
1228.000 0.478
1229.000 0.478
1230.000 0.479
1231.000 0.479
1232.000 0.479
1233.000 0.480
1234.000 0.480
1235.000 0.481
1236.000 0.481
1237.000 0.482
1238.000 0.482
1239.000 0.482
1240.000 0.483
1241.000 0.484
1242.000 0.484
1243.000 0.484
1244.000 0.484
1245.000 0.484
1246.000 0.485
1247.000 0.485
1248.000 0.486
1249.000 0.486
1250.000 0.487
1251.000 0.487
1252.000 0.488
1253.000 0.488
1254.000 0.488
1255.000 0.489
1256.000 0.489
1257.000 0.489
1258.000 0.490
1259.000 0.490
1260.000 0.490
1261.000 0.490
1262.000 0.490
1263.000 0.490
1264.000 0.490
1265.000 0.490
1266.000 0.490
1267.000 0.490
1268.000 0.491
1269.000 0.491
1270.000 0.492
1271.000 0.493
1272.000 0.493
1273.000 0.493
1274.000 0.493
1275.000 0.493
1276.000 0.493
1277.000 0.492
1278.000 0.492
1279.000 0.492
1280.000 0.492
1281.000 0.491
1282.000 0.491
1283.000 0.491
1284.000 0.491
1285.000 0.491
1286.000 0.490
1287.000 0.490
1288.000 0.490
1289.000 0.489
1290.000 0.490
1291.000 0.490
1292.000 0.489
1293.000 0.489
1294.000 0.488
1295.000 0.488
1296.000 0.488
1297.000 0.487
1298.000 0.486
1299.000 0.486
1300.000 0.485
1301.000 0.486
1302.000 0.485
1303.000 0.484
1304.000 0.484
1305.000 0.481
1306.000 0.480
1307.000 0.479
1308.000 0.478
1309.000 0.478
1310.000 0.477
1311.000 0.476
1312.000 0.474
1313.000 0.474
1314.000 0.473
1315.000 0.472
1316.000 0.471
1317.000 0.470
1318.000 0.468
1319.000 0.468
1320.000 0.466
1321.000 0.465
1322.000 0.465
1323.000 0.463
1324.000 0.462
1325.000 0.460
1326.000 0.459
1327.000 0.458
1328.000 0.458
1329.000 0.455
1330.000 0.453
1331.000 0.451
1332.000 0.449
1333.000 0.446
1334.000 0.444
1335.000 0.441
1336.000 0.437
1337.000 0.436
1338.000 0.435
1339.000 0.434
1340.000 0.434
1341.000 0.434
1342.000 0.432
1343.000 0.432
1344.000 0.432
1345.000 0.431
1346.000 0.431
1347.000 0.429
1348.000 0.428
1349.000 0.424
1350.000 0.421
1351.000 0.418
1352.000 0.412
1353.000 0.405
1354.000 0.396
1355.000 0.383
1356.000 0.368
1357.000 0.381
1358.000 0.356
1359.000 0.284
1360.000 0.324
1361.000 0.393
1362.000 0.383
1363.000 0.493
1364.000 0.705
1365.000 0.836
1366.000 0.859
1367.000 0.616
1368.000 0.538
1369.000 0.665
1370.000 0.766
1371.000 0.401
1372.000 0.292
1373.000 0.189
1374.000 0.081
1375.000 0.446
1376.000 0.411
1377.000 0.381
1378.000 0.280
1379.000 0.365
1380.000 0.428
1381.000 0.542
1382.000 0.648
1383.000 0.393
1384.000 0.113
1385.000 0.376
1386.000 0.300
1387.000 0.272
1388.000 0.245
1389.000 0.291
1390.000 0.374
1391.000 0.339
1392.000 0.638
1393.000 0.491
1394.000 0.345
1395.000 0.221
1396.000 0.106
1397.000 0.191
1398.000 0.338
1399.000 0.366
1400.000 0.347
1401.000 0.288
1402.000 0.253
1403.000 0.234
1404.000 0.199
1405.000 0.247
1406.000 0.286
1407.000 0.251
1408.000 0.153
1409.000 0.104
1410.000 0.204
1411.000 0.250
1412.000 0.324
1413.000 0.419
1414.000 0.353
1415.000 0.169
1416.000 0.140
1417.000 0.180
1418.000 0.189
1419.000 0.193
1420.000 0.170
1421.000 0.167
1422.000 0.166
1423.000 0.110
1424.000 0.126
1425.000 0.149
1426.000 0.157
1427.000 0.146
1428.000 0.164
1429.000 0.158
1430.000 0.147
1431.000 0.102
1432.000 0.099
1433.000 0.099
1434.000 0.103
1435.000 0.126
1436.000 0.138
1437.000 0.148
1438.000 0.158
1439.000 0.142
1440.000 0.143
1441.000 0.154
1442.000 0.159
1443.000 0.189
1444.000 0.182
1445.000 0.151
1446.000 0.142
1447.000 0.129
1448.000 0.128
1449.000 0.141
1450.000 0.155
1451.000 0.169
1452.000 0.178
1453.000 0.175
1454.000 0.164
1455.000 0.159
1456.000 0.151
1457.000 0.151
1458.000 0.156
1459.000 0.160
1460.000 0.166
1461.000 0.170
1462.000 0.175
1463.000 0.175
1464.000 0.172
1465.000 0.166
1466.000 0.150
1467.000 0.145
1468.000 0.141
1469.000 0.142
1470.000 0.155
1471.000 0.158
1472.000 0.158
1473.000 0.156
1474.000 0.149
1475.000 0.145
1476.000 0.138
1477.000 0.138
1478.000 0.142
1479.000 0.144
1480.000 0.151
1481.000 0.155
1482.000 0.152
1483.000 0.156
1484.000 0.162
1485.000 0.166
1486.000 0.172
1487.000 0.175
1488.000 0.177
1489.000 0.179
1490.000 0.178
1491.000 0.179
1492.000 0.180
1493.000 0.182
1494.000 0.184
1495.000 0.185
1496.000 0.185
1497.000 0.186
1498.000 0.187
1499.000 0.189
1500.000 0.190
1501.000 0.192
1502.000 0.193
1503.000 0.192
1504.000 0.193
1505.000 0.194
1506.000 0.195
1507.000 0.197
1508.000 0.200
1509.000 0.201
1510.000 0.203
1511.000 0.205
1512.000 0.207
1513.000 0.210
1514.000 0.212
1515.000 0.213
1516.000 0.215
1517.000 0.215
1518.000 0.216
1519.000 0.217
1520.000 0.218
1521.000 0.220
1522.000 0.221
1523.000 0.221
1524.000 0.223
1525.000 0.224
1526.000 0.226
1527.000 0.227
1528.000 0.229
1529.000 0.230
1530.000 0.231
1531.000 0.232
1532.000 0.233
1533.000 0.234
1534.000 0.235
1535.000 0.237
1536.000 0.238
1537.000 0.240
1538.000 0.241
1539.000 0.241
1540.000 0.243
1541.000 0.245
1542.000 0.246
1543.000 0.248
1544.000 0.249
1545.000 0.251
1546.000 0.253
1547.000 0.254
1548.000 0.256
1549.000 0.255
1550.000 0.256
1551.000 0.257
1552.000 0.258
1553.000 0.260
1554.000 0.260
1555.000 0.262
1556.000 0.264
1557.000 0.266
1558.000 0.268
1559.000 0.269
1560.000 0.271
1561.000 0.271
1562.000 0.272
1563.000 0.273
1564.000 0.274
1565.000 0.276
1566.000 0.277
1567.000 0.278
1568.000 0.280
1569.000 0.281
1570.000 0.282
1571.000 0.283
1572.000 0.283
1573.000 0.283
1574.000 0.284
1575.000 0.285
1576.000 0.286
1577.000 0.289
1578.000 0.290
1579.000 0.292
1580.000 0.294
1581.000 0.295
1582.000 0.297
1583.000 0.297
1584.000 0.299
1585.000 0.300
1586.000 0.301
1587.000 0.300
1588.000 0.301
1589.000 0.301
1590.000 0.301
1591.000 0.304
1592.000 0.306
1593.000 0.307
1594.000 0.308
1595.000 0.307
1596.000 0.307
1597.000 0.307
1598.000 0.308
1599.000 0.310
1600.000 0.312
1601.000 0.314
1602.000 0.315
1603.000 0.317
1604.000 0.318
1605.000 0.319
1606.000 0.319
1607.000 0.320
1608.000 0.320
1609.000 0.320
1610.000 0.320
1611.000 0.322
1612.000 0.323
1613.000 0.325
1614.000 0.326
1615.000 0.325
1616.000 0.326
1617.000 0.326
1618.000 0.327
1619.000 0.327
1620.000 0.327
1621.000 0.327
1622.000 0.327
1623.000 0.328
1624.000 0.330
1625.000 0.331
1626.000 0.332
1627.000 0.331
1628.000 0.332
1629.000 0.332
1630.000 0.332
1631.000 0.333
1632.000 0.333
1633.000 0.333
1634.000 0.334
1635.000 0.334
1636.000 0.334
1637.000 0.335
1638.000 0.336
1639.000 0.336
1640.000 0.337
1641.000 0.336
1642.000 0.337
1643.000 0.338
1644.000 0.338
1645.000 0.340
1646.000 0.340
1647.000 0.340
1648.000 0.340
1649.000 0.340
1650.000 0.340
1651.000 0.340
1652.000 0.341
1653.000 0.340
1654.000 0.340
1655.000 0.341
1656.000 0.341
1657.000 0.343
1658.000 0.344
1659.000 0.344
1660.000 0.345
1661.000 0.345
1662.000 0.345
1663.000 0.344
1664.000 0.344
1665.000 0.343
1666.000 0.343
1667.000 0.343
1668.000 0.344
1669.000 0.345
1670.000 0.345
1671.000 0.345
1672.000 0.345
1673.000 0.343
1674.000 0.343
1675.000 0.343
1676.000 0.343
1677.000 0.344
1678.000 0.344
1679.000 0.343
1680.000 0.342
1681.000 0.343
1682.000 0.343
1683.000 0.344
1684.000 0.345
1685.000 0.344
1686.000 0.344
1687.000 0.343
1688.000 0.343
1689.000 0.345
1690.000 0.346
1691.000 0.347
1692.000 0.347
1693.000 0.346
1694.000 0.345
1695.000 0.345
1696.000 0.344
1697.000 0.344
1698.000 0.344
1699.000 0.342
1700.000 0.342
1701.000 0.342
1702.000 0.341
1703.000 0.341
1704.000 0.341
1705.000 0.340
1706.000 0.340
1707.000 0.340
1708.000 0.340
1709.000 0.338
1710.000 0.338
1711.000 0.338
1712.000 0.338
1713.000 0.338
1714.000 0.338
1715.000 0.337
1716.000 0.335
1717.000 0.334
1718.000 0.333
1719.000 0.330
1720.000 0.331
1721.000 0.331
1722.000 0.331
1723.000 0.331
1724.000 0.331
1725.000 0.330
1726.000 0.331
1727.000 0.333
1728.000 0.333
1729.000 0.333
1730.000 0.333
1731.000 0.331
1732.000 0.330
1733.000 0.329
1734.000 0.329
1735.000 0.327
1736.000 0.326
1737.000 0.325
1738.000 0.323
1739.000 0.322
1740.000 0.322
1741.000 0.321
1742.000 0.318
1743.000 0.317
1744.000 0.320
1745.000 0.320
1746.000 0.321
1747.000 0.321
1748.000 0.317
1749.000 0.315
1750.000 0.315
1751.000 0.313
1752.000 0.310
1753.000 0.309
1754.000 0.307
1755.000 0.307
1756.000 0.309
1757.000 0.310
1758.000 0.310
1759.000 0.309
1760.000 0.306
1761.000 0.306
1762.000 0.304
1763.000 0.303
1764.000 0.302
1765.000 0.298
1766.000 0.299
1767.000 0.300
1768.000 0.300
1769.000 0.301
1770.000 0.301
1771.000 0.301
1772.000 0.299
1773.000 0.299
1774.000 0.298
1775.000 0.297
1776.000 0.299
1777.000 0.303
1778.000 0.305
1779.000 0.306
1780.000 0.306
1781.000 0.307
1782.000 0.306
1783.000 0.307
1784.000 0.308
1785.000 0.297
1786.000 0.291
1787.000 0.280
1788.000 0.273
1789.000 0.272
1790.000 0.272
1791.000 0.278
1792.000 0.284
1793.000 0.289
1794.000 0.291
1795.000 0.282
1796.000 0.276
1797.000 0.288
1798.000 0.295
1799.000 0.314
1800.000 0.338
1801.000 0.486
1802.000 0.480
1803.000 0.537
1804.000 0.514
1805.000 0.516
1806.000 0.523
1807.000 0.546
1808.000 0.510
1809.000 0.547
1810.000 0.581
1811.000 0.600
1812.000 0.598
1813.000 0.490
1814.000 0.422
1815.000 0.432
1816.000 0.480
1817.000 0.648
1818.000 0.672
1819.000 0.687
1820.000 0.608
1821.000 0.606
1822.000 0.590
1823.000 0.632
1824.000 0.725
1825.000 0.818
1826.000 0.531
1827.000 0.616
1828.000 0.447
1829.000 0.514
1830.000 0.384
1831.000 0.298
1832.000 0.488
1833.000 0.437
1834.000 0.449
1835.000 0.534
1836.000 0.504
1837.000 0.576
1838.000 0.574
1839.000 0.793
1840.000 0.797
1841.000 0.800
1842.000 0.652
1843.000 0.443
1844.000 0.495
1845.000 0.583
1846.000 0.726
1847.000 0.771
1848.000 0.706
1849.000 0.635
1850.000 0.437
1851.000 0.291
1852.000 0.435
1853.000 0.507
1854.000 0.665
1855.000 0.317
1856.000 0.319
1857.000 0.349
1858.000 0.498
1859.000 0.361
1860.000 0.395
1861.000 0.608
1862.000 0.708
1863.000 0.589
1864.000 0.651
1865.000 0.557
1866.000 0.387
1867.000 0.364
1868.000 0.672
1869.000 0.587
1870.000 0.542
1871.000 0.505
1872.000 0.523
1873.000 0.529
1874.000 0.516
1875.000 0.486
1876.000 0.477
1877.000 0.466
1878.000 0.442
1879.000 0.302
1880.000 0.427
1881.000 0.431
1882.000 0.409
1883.000 0.439
1884.000 0.538
1885.000 0.504
1886.000 0.435
1887.000 0.352
1888.000 0.296
1889.000 0.273
1890.000 0.193
1891.000 0.168
1892.000 0.140
1893.000 0.110
1894.000 0.157
1895.000 0.228
1896.000 0.280
1897.000 0.288
1898.000 0.409
1899.000 0.520
1900.000 0.551
1901.000 0.556
1902.000 0.610
1903.000 0.621
1904.000 0.641
1905.000 0.657
1906.000 0.311
1907.000 0.328
1908.000 0.367
1909.000 0.229
1910.000 0.383
1911.000 0.613
1912.000 0.523
1913.000 0.468
1914.000 0.647
1915.000 0.581
1916.000 0.739
1917.000 0.525
1918.000 0.425
1919.000 0.277
1920.000 0.715
1921.000 0.505
1922.000 0.506
1923.000 0.413
1924.000 0.403
1925.000 0.630
1926.000 0.413
1927.000 0.359
1928.000 0.436
1929.000 0.425
1930.000 0.453
1931.000 0.406
1932.000 0.371
1933.000 0.359
1934.000 0.311
1935.000 0.263
1936.000 0.267
1937.000 0.320
1938.000 0.360
1939.000 0.412
1940.000 0.464
1941.000 0.534
1942.000 0.502
1943.000 0.327
1944.000 0.334
1945.000 0.420
1946.000 0.433
1947.000 0.463
1948.000 0.431
1949.000 0.427
1950.000 0.309
1951.000 0.446
1952.000 0.474
1953.000 0.461
1954.000 0.426
1955.000 0.381
1956.000 0.307
1957.000 0.281
1958.000 0.306
1959.000 0.252
1960.000 0.318
1961.000 0.248
1962.000 0.237
1963.000 0.211
1964.000 0.211
1965.000 0.190
1966.000 0.207
1967.000 0.193
1968.000 0.194
1969.000 0.206
1970.000 0.185
1971.000 0.138
1972.000 0.119
1973.000 0.125
1974.000 0.121
1975.000 0.121
1976.000 0.153
1977.000 0.151
1978.000 0.123
1979.000 0.110
1980.000 0.107
1981.000 0.096
1982.000 0.106
1983.000 0.114
1984.000 0.116
1985.000 0.117
1986.000 0.115
1987.000 0.108
1988.000 0.105
1989.000 0.101
1990.000 0.100
1991.000 0.097
1992.000 0.106
1993.000 0.106
1994.000 0.110
1995.000 0.126
1996.000 0.130
1997.000 0.146
1998.000 0.154
1999.000 0.156
2000.000 0.139
2001.000 0.139
2002.000 0.149
2003.000 0.147
2004.000 0.144
2005.000 0.153
2006.000 0.157
2007.000 0.149
2008.000 0.197
2009.000 0.258
2010.000 0.270
2011.000 0.258
2012.000 0.242
2013.000 0.174
2014.000 0.156
2015.000 0.162
2016.000 0.166
2017.000 0.183
2018.000 0.178
2019.000 0.172
2020.000 0.153
2021.000 0.144
2022.000 0.137
2023.000 0.142
2024.000 0.143
2025.000 0.137
2026.000 0.131
2027.000 0.126
2028.000 0.119
2029.000 0.114
2030.000 0.109
2031.000 0.104
2032.000 0.097
2033.000 0.095
2034.000 0.097
2035.000 0.098
2036.000 0.104
2037.000 0.110
2038.000 0.112
2039.000 0.121
2040.000 0.122
2041.000 0.118
2042.000 0.116
2043.000 0.108
2044.000 0.109
2045.000 0.117
2046.000 0.121
2047.000 0.132
2048.000 0.140
2049.000 0.143
2050.000 0.149
2051.000 0.158
2052.000 0.159
2053.000 0.155
2054.000 0.155
2055.000 0.154
2056.000 0.146
2057.000 0.146
2058.000 0.155
2059.000 0.153
2060.000 0.150
2061.000 0.147
2062.000 0.132
2063.000 0.130
2064.000 0.136
2065.000 0.137
2066.000 0.140
2067.000 0.148
2068.000 0.145
2069.000 0.143
2070.000 0.150
2071.000 0.149
2072.000 0.150
2073.000 0.155
2074.000 0.156
2075.000 0.152
2076.000 0.152
2077.000 0.156
2078.000 0.154
2079.000 0.144
2080.000 0.143
2081.000 0.143
2082.000 0.143
2083.000 0.146
2084.000 0.151
2085.000 0.150
2086.000 0.146
2087.000 0.148
2088.000 0.154
2089.000 0.158
2090.000 0.163
2091.000 0.163
2092.000 0.155
2093.000 0.155
2094.000 0.157
2095.000 0.157
2096.000 0.159
2097.000 0.160
2098.000 0.159
2099.000 0.157
2100.000 0.157
2101.000 0.155
2102.000 0.152
2103.000 0.156
2104.000 0.160
2105.000 0.167
2106.000 0.172
2107.000 0.175
2108.000 0.178
2109.000 0.181
2110.000 0.183
2111.000 0.183
2112.000 0.184
2113.000 0.182
2114.000 0.182
2115.000 0.184
2116.000 0.184
2117.000 0.183
2118.000 0.187
2119.000 0.183
2120.000 0.181
2121.000 0.181
2122.000 0.175
2123.000 0.174
2124.000 0.177
2125.000 0.177
2126.000 0.181
2127.000 0.180
2128.000 0.177
2129.000 0.178
2130.000 0.173
2131.000 0.176
2132.000 0.189
2133.000 0.193
2134.000 0.198
2135.000 0.200
2136.000 0.196
2137.000 0.193
2138.000 0.193
2139.000 0.192
2140.000 0.189
2141.000 0.187
2142.000 0.184
2143.000 0.179
2144.000 0.175
2145.000 0.169
2146.000 0.168
2147.000 0.170
2148.000 0.172
2149.000 0.180
2150.000 0.183
2151.000 0.182
2152.000 0.184
2153.000 0.190
2154.000 0.195
2155.000 0.203
2156.000 0.211
2157.000 0.207
2158.000 0.205
2159.000 0.205
2160.000 0.204
2161.000 0.204
2162.000 0.207
2163.000 0.206
2164.000 0.203
2165.000 0.198
2166.000 0.190
2167.000 0.187
2168.000 0.181
2169.000 0.181
2170.000 0.190
2171.000 0.194
2172.000 0.197
2173.000 0.200
2174.000 0.201
2175.000 0.203
2176.000 0.205
2177.000 0.208
2178.000 0.210
2179.000 0.212
2180.000 0.211
2181.000 0.207
2182.000 0.205
2183.000 0.193
2184.000 0.190
2185.000 0.191
2186.000 0.190
2187.000 0.193
2188.000 0.194
2189.000 0.191
2190.000 0.194
2191.000 0.200
2192.000 0.203
2193.000 0.210
2194.000 0.212
2195.000 0.206
2196.000 0.202
2197.000 0.194
2198.000 0.192
2199.000 0.195
2200.000 0.195
2201.000 0.198
2202.000 0.201
2203.000 0.201
2204.000 0.200
2205.000 0.204
2206.000 0.208
2207.000 0.207
2208.000 0.210
2209.000 0.210
2210.000 0.209
2211.000 0.204
2212.000 0.197
2213.000 0.194
2214.000 0.193
2215.000 0.191
2216.000 0.193
2217.000 0.192
2218.000 0.185
2219.000 0.183
2220.000 0.181
2221.000 0.183
2222.000 0.192
2223.000 0.195
2224.000 0.204
2225.000 0.205
2226.000 0.196
2227.000 0.188
2228.000 0.189
2229.000 0.187
2230.000 0.194
2231.000 0.205
2232.000 0.206
2233.000 0.208
2234.000 0.202
2235.000 0.194
2236.000 0.188
2237.000 0.180
2238.000 0.179
2239.000 0.180
2240.000 0.183
2241.000 0.191
2242.000 0.194
2243.000 0.198
2244.000 0.195
2245.000 0.183
2246.000 0.180
2247.000 0.178
2248.000 0.175
2249.000 0.177
2250.000 0.177
2251.000 0.174
2252.000 0.175
2253.000 0.181
2254.000 0.182
2255.000 0.181
2256.000 0.181
2257.000 0.176
2258.000 0.177
2259.000 0.177
2260.000 0.179
2261.000 0.183
2262.000 0.179
2263.000 0.185
2264.000 0.189
2265.000 0.187
2266.000 0.194
2267.000 0.195
2268.000 0.187
2269.000 0.184
2270.000 0.177
2271.000 0.173
2272.000 0.172
2273.000 0.170
2274.000 0.170
2275.000 0.168
2276.000 0.161
2277.000 0.158
2278.000 0.156
2279.000 0.157
2280.000 0.162
2281.000 0.166
2282.000 0.175
2283.000 0.178
2284.000 0.176
2285.000 0.174
2286.000 0.168
2287.000 0.168
2288.000 0.175
2289.000 0.177
2290.000 0.178
2291.000 0.180
2292.000 0.193
2293.000 0.189
2294.000 0.166
2295.000 0.164
2296.000 0.162
2297.000 0.159
2298.000 0.168
2299.000 0.182
2300.000 0.179
2301.000 0.171
2302.000 0.173
2303.000 0.183
2304.000 0.188
2305.000 0.175
2306.000 0.161
2307.000 0.144
2308.000 0.135
2309.000 0.138
2310.000 0.142
2311.000 0.152
2312.000 0.158
2313.000 0.150
2314.000 0.134
2315.000 0.124
2316.000 0.120
2317.000 0.126
2318.000 0.133
2319.000 0.134
2320.000 0.144
2321.000 0.141
2322.000 0.139
2323.000 0.161
2324.000 0.150
2325.000 0.145
2326.000 0.149
2327.000 0.155
2328.000 0.154
2329.000 0.161
2330.000 0.161
2331.000 0.151
2332.000 0.150
2333.000 0.157
2334.000 0.161
2335.000 0.161
2336.000 0.155
2337.000 0.146
2338.000 0.140
2339.000 0.129
2340.000 0.125
2341.000 0.125
2342.000 0.126
2343.000 0.132
2344.000 0.141
2345.000 0.180
2346.000 0.215
2347.000 0.207
2348.000 0.223
2349.000 0.242
2350.000 0.212
2351.000 0.226
2352.000 0.184
2353.000 0.132
2354.000 0.121
2355.000 0.101
2356.000 0.123
2357.000 0.132
2358.000 0.147
2359.000 0.115
2360.000 0.128
2361.000 0.096
2362.000 0.113
2363.000 0.137
2364.000 0.149
2365.000 0.155
2366.000 0.124
2367.000 0.108
2368.000 0.124
2369.000 0.100
2370.000 0.110
2371.000 0.116
2372.000 0.103
2373.000 0.195
2374.000 0.282
2375.000 0.192
2376.000 0.220
2377.000 0.222
2378.000 0.184
2379.000 0.187
2380.000 0.166
2381.000 0.213
2382.000 0.288
2383.000 0.390
2384.000 0.426
2385.000 0.432
2386.000 0.324
2387.000 0.202
2388.000 0.092
2389.000 0.106
2390.000 0.095
2391.000 0.110
2392.000 0.136
2393.000 0.156
2394.000 0.191
2395.000 0.199
2396.000 0.168
2397.000 0.130
2398.000 0.157
2399.000 0.211
2400.000 0.125
2401.000 0.133
2402.000 0.295
2403.000 0.249
2404.000 0.217
2405.000 0.191
2406.000 0.188
2407.000 0.286
2408.000 0.292
2409.000 0.326
2410.000 0.296
2411.000 0.220
2412.000 0.103
2413.000 0.099
2414.000 0.064
2415.000 0.103
2416.000 0.146
2417.000 0.196
2418.000 0.364
2419.000 0.603
2420.000 0.601
2421.000 0.386
2422.000 0.319
2423.000 0.272
2424.000 0.255
2425.000 0.263
2426.000 0.314
2427.000 0.390
2428.000 0.206
2429.000 0.357
2430.000 0.343
2431.000 0.262
2432.000 0.465
2433.000 0.206
2434.000 0.348
2435.000 0.322
2436.000 0.261
2437.000 0.202
2438.000 0.136
2439.000 0.204
2440.000 0.268
2441.000 0.309
2442.000 0.196
2443.000 0.425
2444.000 0.125
2445.000 0.307
2446.000 0.459
2447.000 0.268
2448.000 0.106
2449.000 0.146
2450.000 0.171
2451.000 0.399
2452.000 0.402
2453.000 0.398
2454.000 0.122
2455.000 0.219
2456.000 0.351
2457.000 0.450
2458.000 0.288
2459.000 0.150
2460.000 0.193
2461.000 0.515
2462.000 0.497
2463.000 0.517
2464.000 0.444
2465.000 0.363
2466.000 0.302
2467.000 0.121
2468.000 0.194
2469.000 0.187
2470.000 0.152
2471.000 0.337
2472.000 0.676
2473.000 0.645
2474.000 0.476
2475.000 0.440
2476.000 0.397
2477.000 0.390
2478.000 0.456
2479.000 0.487
2480.000 0.450
2481.000 0.492
2482.000 0.410
2483.000 0.307
2484.000 0.403
2485.000 0.262
2486.000 0.332
2487.000 0.699
2488.000 0.589
2489.000 0.445
2490.000 0.433
2491.000 0.452
2492.000 0.418
2493.000 0.513
2494.000 0.257
2495.000 0.331
2496.000 0.431
2497.000 0.349
2498.000 0.340
2499.000 0.348
2500.000 0.287
