391.000 0.028
392.000 0.029
393.000 0.030
394.000 0.030
395.000 0.032
396.000 0.031
397.000 0.029
398.000 0.029
399.000 0.030
400.000 0.031
401.000 0.031
402.000 0.030
403.000 0.030
404.000 0.031
405.000 0.032
406.000 0.030
407.000 0.030
408.000 0.032
409.000 0.031
410.000 0.031
411.000 0.032
412.000 0.032
413.000 0.031
414.000 0.031
415.000 0.032
416.000 0.031
417.000 0.030
418.000 0.031
419.000 0.031
420.000 0.032
421.000 0.032
422.000 0.032
423.000 0.031
424.000 0.032
425.000 0.032
426.000 0.032
427.000 0.032
428.000 0.032
429.000 0.032
430.000 0.032
431.000 0.032
432.000 0.032
433.000 0.032
434.000 0.033
435.000 0.032
436.000 0.033
437.000 0.032
438.000 0.032
439.000 0.032
440.000 0.032
441.000 0.032
442.000 0.033
443.000 0.033
444.000 0.033
445.000 0.033
446.000 0.033
447.000 0.033
448.000 0.033
449.000 0.034
450.000 0.034
451.000 0.033
452.000 0.033
453.000 0.034
454.000 0.034
455.000 0.034
456.000 0.034
457.000 0.034
458.000 0.034
459.000 0.034
460.000 0.034
461.000 0.035
462.000 0.035
463.000 0.035
464.000 0.035
465.000 0.034
466.000 0.035
467.000 0.035
468.000 0.035
469.000 0.035
470.000 0.035
471.000 0.035
472.000 0.035
473.000 0.035
474.000 0.036
475.000 0.035
476.000 0.035
477.000 0.035
478.000 0.035
479.000 0.036
480.000 0.036
481.000 0.035
482.000 0.035
483.000 0.036
484.000 0.036
485.000 0.036
486.000 0.036
487.000 0.037
488.000 0.037
489.000 0.036
490.000 0.037
491.000 0.037
492.000 0.038
493.000 0.038
494.000 0.038
495.000 0.038
496.000 0.039
497.000 0.039
498.000 0.040
499.000 0.040
500.000 0.040
501.000 0.041
502.000 0.042
503.000 0.043
504.000 0.044
505.000 0.045
506.000 0.045
507.000 0.047
508.000 0.048
509.000 0.049
510.000 0.051
511.000 0.052
512.000 0.054
513.000 0.056
514.000 0.057
515.000 0.059
516.000 0.062
517.000 0.063
518.000 0.066
519.000 0.068
520.000 0.070
521.000 0.073
522.000 0.075
523.000 0.077
524.000 0.080
525.000 0.082
526.000 0.084
527.000 0.086
528.000 0.088
529.000 0.090
530.000 0.092
531.000 0.094
532.000 0.095
533.000 0.097
534.000 0.098
535.000 0.100
536.000 0.101
537.000 0.101
538.000 0.102
539.000 0.103
540.000 0.104
541.000 0.105
542.000 0.105
543.000 0.106
544.000 0.106
545.000 0.107
546.000 0.107
547.000 0.108
548.000 0.108
549.000 0.108
550.000 0.109
551.000 0.109
552.000 0.109
553.000 0.109
554.000 0.109
555.000 0.109
556.000 0.109
557.000 0.109
558.000 0.109
559.000 0.108
560.000 0.108
561.000 0.107
562.000 0.106
563.000 0.105
564.000 0.104
565.000 0.103
566.000 0.102
567.000 0.101
568.000 0.100
569.000 0.098
570.000 0.097
571.000 0.096
572.000 0.094
573.000 0.094
574.000 0.093
575.000 0.091
576.000 0.091
577.000 0.090
578.000 0.089
579.000 0.088
580.000 0.088
581.000 0.087
582.000 0.087
583.000 0.086
584.000 0.085
585.000 0.085
586.000 0.084
587.000 0.084
588.000 0.083
589.000 0.083
590.000 0.083
591.000 0.082
592.000 0.082
593.000 0.081
594.000 0.081
595.000 0.081
596.000 0.081
597.000 0.081
598.000 0.080
599.000 0.080
600.000 0.079
601.000 0.080
602.000 0.079
603.000 0.079
604.000 0.079
605.000 0.078
606.000 0.078
607.000 0.078
608.000 0.077
609.000 0.076
610.000 0.076
611.000 0.076
612.000 0.075
613.000 0.075
614.000 0.075
615.000 0.074
616.000 0.074
617.000 0.073
618.000 0.072
619.000 0.072
620.000 0.072
621.000 0.072
622.000 0.072
623.000 0.071
624.000 0.071
625.000 0.071
626.000 0.072
627.000 0.071
628.000 0.071
629.000 0.071
630.000 0.071
631.000 0.071
632.000 0.071
633.000 0.071
634.000 0.071
635.000 0.070
636.000 0.070
637.000 0.069
638.000 0.069
639.000 0.068
640.000 0.066
641.000 0.066
642.000 0.065
643.000 0.065
644.000 0.064
645.000 0.063
646.000 0.063
647.000 0.062
648.000 0.061
649.000 0.061
650.000 0.060
651.000 0.060
652.000 0.059
653.000 0.059
654.000 0.059
655.000 0.059
656.000 0.059
657.000 0.058
658.000 0.058
659.000 0.058
660.000 0.057
661.000 0.056
662.000 0.056
663.000 0.056
664.000 0.056
665.000 0.055
666.000 0.055
667.000 0.054
668.000 0.054
669.000 0.054
670.000 0.054
671.000 0.054
672.000 0.054
673.000 0.054
674.000 0.055
675.000 0.055
676.000 0.056
677.000 0.056
678.000 0.057
679.000 0.058
680.000 0.058
681.000 0.059
682.000 0.060
683.000 0.061
684.000 0.063
685.000 0.065
686.000 0.067
687.000 0.069
688.000 0.073
689.000 0.075
690.000 0.078
691.000 0.081
692.000 0.085
693.000 0.090
694.000 0.095
695.000 0.100
696.000 0.106
697.000 0.112
698.000 0.119
699.000 0.126
700.000 0.133
701.000 0.141
702.000 0.148
703.000 0.156
704.000 0.163
705.000 0.170
706.000 0.178
707.000 0.185
708.000 0.192
709.000 0.200
710.000 0.208
711.000 0.215
712.000 0.222
713.000 0.230
714.000 0.238
715.000 0.246
716.000 0.254
717.000 0.262
718.000 0.271
719.000 0.280
720.000 0.288
721.000 0.296
722.000 0.302
723.000 0.308
724.000 0.316
725.000 0.324
726.000 0.331
727.000 0.338
728.000 0.344
729.000 0.349
730.000 0.355
731.000 0.361
732.000 0.366
733.000 0.370
734.000 0.375
735.000 0.379
736.000 0.383
737.000 0.387
738.000 0.391
739.000 0.394
740.000 0.398
741.000 0.401
742.000 0.403
743.000 0.406
744.000 0.409
745.000 0.411
746.000 0.413
747.000 0.415
748.000 0.417
749.000 0.419
750.000 0.421
751.000 0.422
752.000 0.424
753.000 0.425
754.000 0.426
755.000 0.427
756.000 0.429
757.000 0.430
758.000 0.431
759.000 0.432
760.000 0.435
761.000 0.439
762.000 0.440
763.000 0.441
764.000 0.440
765.000 0.440
766.000 0.439
767.000 0.438
768.000 0.438
769.000 0.438
770.000 0.438
771.000 0.439
772.000 0.439
773.000 0.440
774.000 0.440
775.000 0.440
776.000 0.441
777.000 0.441
778.000 0.441
779.000 0.442
780.000 0.442
781.000 0.443
782.000 0.443
783.000 0.443
784.000 0.444
785.000 0.444
786.000 0.445
787.000 0.445
788.000 0.446
789.000 0.446
790.000 0.446
791.000 0.447
792.000 0.447
793.000 0.448
794.000 0.448
795.000 0.448
796.000 0.449
797.000 0.450
798.000 0.450
799.000 0.450
800.000 0.450
801.000 0.451
802.000 0.452
803.000 0.452
804.000 0.452
805.000 0.452
806.000 0.453
807.000 0.453
808.000 0.453
809.000 0.454
810.000 0.455
811.000 0.455
812.000 0.455
813.000 0.456
814.000 0.456
815.000 0.457
816.000 0.457
817.000 0.458
818.000 0.458
819.000 0.458
820.000 0.459
821.000 0.458
822.000 0.459
823.000 0.459
824.000 0.460
825.000 0.459
826.000 0.459
827.000 0.460
828.000 0.460
829.000 0.461
830.000 0.461
831.000 0.460
832.000 0.461
833.000 0.461
834.000 0.461
835.000 0.461
836.000 0.461
837.000 0.461
838.000 0.461
839.000 0.462
840.000 0.461
841.000 0.462
842.000 0.462
843.000 0.463
844.000 0.463
845.000 0.463
846.000 0.463
847.000 0.463
848.000 0.463
849.000 0.463
850.000 0.464
851.000 0.464
852.000 0.464
853.000 0.464
854.000 0.465
855.000 0.465
856.000 0.465
857.000 0.465
858.000 0.465
859.000 0.466
860.000 0.466
861.000 0.466
862.000 0.466
863.000 0.466
864.000 0.466
865.000 0.467
866.000 0.467
867.000 0.467
868.000 0.467
869.000 0.468
870.000 0.468
871.000 0.468
872.000 0.468
873.000 0.467
874.000 0.469
875.000 0.469
876.000 0.469
877.000 0.469
878.000 0.469
879.000 0.469
880.000 0.470
881.000 0.470
882.000 0.470
883.000 0.470
884.000 0.470
885.000 0.471
886.000 0.471
887.000 0.471
888.000 0.471
889.000 0.472
890.000 0.472
891.000 0.472
892.000 0.472
893.000 0.473
894.000 0.473
895.000 0.473
896.000 0.474
897.000 0.474
898.000 0.475
899.000 0.470
900.000 0.471
901.000 0.471
902.000 0.472
903.000 0.471
904.000 0.476
905.000 0.475
906.000 0.471
907.000 0.472
908.000 0.472
909.000 0.472
910.000 0.472
911.000 0.472
912.000 0.472
913.000 0.473
914.000 0.473
915.000 0.473
916.000 0.473
917.000 0.473
918.000 0.472
919.000 0.472
920.000 0.473
921.000 0.473
922.000 0.477
923.000 0.477
924.000 0.476
925.000 0.476
926.000 0.472
927.000 0.472
928.000 0.471
929.000 0.470
930.000 0.470
931.000 0.471
932.000 0.470
933.000 0.470
934.000 0.470
935.000 0.466
936.000 0.466
937.000 0.465
938.000 0.464
939.000 0.465
940.000 0.464
941.000 0.462
942.000 0.462
943.000 0.463
944.000 0.462
945.000 0.460
946.000 0.459
947.000 0.458
948.000 0.458
949.000 0.461
950.000 0.458
951.000 0.456
952.000 0.455
953.000 0.454
954.000 0.454
955.000 0.453
956.000 0.450
957.000 0.449
958.000 0.448
959.000 0.447
960.000 0.444
961.000 0.445
962.000 0.445
963.000 0.444
964.000 0.442
965.000 0.442
966.000 0.441
967.000 0.442
968.000 0.441
969.000 0.441
970.000 0.441
971.000 0.442
972.000 0.442
973.000 0.442
974.000 0.442
975.000 0.440
976.000 0.439
977.000 0.442
978.000 0.442
979.000 0.442
980.000 0.441
981.000 0.442
982.000 0.441
983.000 0.442
984.000 0.443
985.000 0.443
986.000 0.443
987.000 0.443
988.000 0.443
989.000 0.443
990.000 0.444
991.000 0.444
992.000 0.444
993.000 0.444
994.000 0.445
995.000 0.447
996.000 0.448
997.000 0.447
998.000 0.448
999.000 0.449
1000.000 0.450
1001.000 0.452
1002.000 0.453
1003.000 0.453
1004.000 0.454
1005.000 0.455
1006.000 0.456
1007.000 0.458
1008.000 0.458
1009.000 0.459
1010.000 0.459
1011.000 0.460
1012.000 0.461
1013.000 0.463
1014.000 0.464
1015.000 0.465
1016.000 0.466
1017.000 0.466
1018.000 0.467
1019.000 0.467
1020.000 0.468
1021.000 0.469
1022.000 0.470
1023.000 0.471
1024.000 0.472
1025.000 0.473
1026.000 0.473
1027.000 0.475
1028.000 0.476
1029.000 0.476
1030.000 0.477
1031.000 0.478
1032.000 0.479
1033.000 0.479
1034.000 0.480
1035.000 0.480
1036.000 0.480
1037.000 0.481
1038.000 0.482
1039.000 0.483
1040.000 0.484
1041.000 0.485
1042.000 0.485
1043.000 0.486
1044.000 0.486
1045.000 0.487
1046.000 0.487
1047.000 0.488
1048.000 0.488
1049.000 0.489
1050.000 0.490
1051.000 0.490
1052.000 0.491
1053.000 0.493
1054.000 0.493
1055.000 0.494
1056.000 0.494
1057.000 0.494
1058.000 0.494
1059.000 0.495
1060.000 0.495
1061.000 0.495
1062.000 0.496
1063.000 0.496
1064.000 0.496
1065.000 0.496
1066.000 0.497
1067.000 0.497
1068.000 0.497
1069.000 0.498
1070.000 0.498
1071.000 0.499
1072.000 0.499
1073.000 0.499
1074.000 0.499
1075.000 0.499
1076.000 0.499
1077.000 0.499
1078.000 0.499
1079.000 0.499
1080.000 0.499
1081.000 0.499
1082.000 0.499
1083.000 0.500
1084.000 0.500
1085.000 0.500
1086.000 0.499
1087.000 0.499
1088.000 0.499
1089.000 0.499
1090.000 0.500
1091.000 0.501
1092.000 0.500
1093.000 0.500
1094.000 0.500
1095.000 0.500
1096.000 0.500
1097.000 0.500
1098.000 0.499
1099.000 0.498
1100.000 0.498
1101.000 0.499
1102.000 0.498
1103.000 0.499
1104.000 0.500
1105.000 0.500
1106.000 0.500
1107.000 0.494
1108.000 0.494
1109.000 0.494
1110.000 0.494
1111.000 0.494
1112.000 0.495
1113.000 0.495
1114.000 0.495
1115.000 0.495
1116.000 0.495
1117.000 0.495
1118.000 0.495
1119.000 0.496
1120.000 0.496
1121.000 0.491
1122.000 0.490
1123.000 0.488
1124.000 0.486
1125.000 0.485
1126.000 0.483
1127.000 0.483
1128.000 0.485
1129.000 0.483
1130.000 0.482
1131.000 0.484
1132.000 0.479
1133.000 0.475
1134.000 0.475
1135.000 0.472
1136.000 0.469
1137.000 0.465
1138.000 0.463
1139.000 0.459
1140.000 0.457
1141.000 0.456
1142.000 0.453
1143.000 0.450
1144.000 0.447
1145.000 0.444
1146.000 0.440
1147.000 0.437
1148.000 0.433
1149.000 0.428
1150.000 0.424
1151.000 0.421
1152.000 0.420
1153.000 0.419
1154.000 0.419
1155.000 0.418
1156.000 0.417
1157.000 0.417
1158.000 0.416
1159.000 0.415
1160.000 0.416
1161.000 0.416
1162.000 0.414
1163.000 0.414
1164.000 0.414
1165.000 0.413
1166.000 0.413
1167.000 0.413
1168.000 0.413
1169.000 0.412
1170.000 0.411
1171.000 0.410
1172.000 0.411
1173.000 0.410
1174.000 0.410
1175.000 0.410
1176.000 0.409
1177.000 0.408
1178.000 0.407
1179.000 0.407
1180.000 0.407
1181.000 0.407
1182.000 0.407
1183.000 0.408
1184.000 0.408
1185.000 0.408
1186.000 0.408
1187.000 0.408
1188.000 0.407
1189.000 0.407
1190.000 0.407
1191.000 0.406
1192.000 0.406
1193.000 0.406
1194.000 0.406
1195.000 0.406
1196.000 0.406
1197.000 0.406
1198.000 0.406
1199.000 0.406
1200.000 0.406
1201.000 0.406
1202.000 0.406
1203.000 0.407
1204.000 0.407
1205.000 0.407
1206.000 0.408
1207.000 0.408
1208.000 0.408
1209.000 0.407
1210.000 0.407
1211.000 0.408
1212.000 0.408
1213.000 0.409
1214.000 0.409
1215.000 0.409
1216.000 0.410
1217.000 0.410
1218.000 0.411
1219.000 0.411
1220.000 0.411
1221.000 0.412
1222.000 0.412
1223.000 0.413
1224.000 0.413
1225.000 0.414
1226.000 0.414
1227.000 0.415
1228.000 0.416
1229.000 0.416
1230.000 0.416
1231.000 0.417
1232.000 0.417
1233.000 0.418
1234.000 0.418
1235.000 0.419
1236.000 0.419
1237.000 0.419
1238.000 0.420
1239.000 0.421
1240.000 0.421
1241.000 0.422
1242.000 0.422
1243.000 0.422
1244.000 0.423
1245.000 0.423
1246.000 0.423
1247.000 0.424
1248.000 0.424
1249.000 0.425
1250.000 0.425
1251.000 0.425
1252.000 0.426
1253.000 0.427
1254.000 0.427
1255.000 0.428
1256.000 0.428
1257.000 0.428
1258.000 0.428
1259.000 0.429
1260.000 0.429
1261.000 0.429
1262.000 0.429
1263.000 0.430
1264.000 0.430
1265.000 0.431
1266.000 0.431
1267.000 0.430
1268.000 0.431
1269.000 0.431
1270.000 0.431
1271.000 0.432
1272.000 0.432
1273.000 0.431
1274.000 0.431
1275.000 0.431
1276.000 0.431
1277.000 0.431
1278.000 0.430
1279.000 0.430
1280.000 0.430
1281.000 0.430
1282.000 0.430
1283.000 0.430
1284.000 0.430
1285.000 0.430
1286.000 0.428
1287.000 0.428
1288.000 0.428
1289.000 0.427
1290.000 0.427
1291.000 0.426
1292.000 0.426
1293.000 0.426
1294.000 0.425
1295.000 0.424
1296.000 0.424
1297.000 0.423
1298.000 0.422
1299.000 0.421
1300.000 0.420
1301.000 0.420
1302.000 0.419
1303.000 0.417
1304.000 0.416
1305.000 0.415
1306.000 0.413
1307.000 0.412
1308.000 0.411
1309.000 0.410
1310.000 0.409
1311.000 0.408
1312.000 0.406
1313.000 0.405
1314.000 0.403
1315.000 0.402
1316.000 0.401
1317.000 0.398
1318.000 0.396
1319.000 0.395
1320.000 0.393
1321.000 0.392
1322.000 0.391
1323.000 0.389
1324.000 0.388
1325.000 0.387
1326.000 0.385
1327.000 0.383
1328.000 0.381
1329.000 0.379
1330.000 0.378
1331.000 0.375
1332.000 0.373
1333.000 0.371
1334.000 0.368
1335.000 0.365
1336.000 0.362
1337.000 0.361
1338.000 0.361
1339.000 0.359
1340.000 0.357
1341.000 0.357
1342.000 0.355
1343.000 0.353
1344.000 0.353
1345.000 0.351
1346.000 0.348
1347.000 0.344
1348.000 0.341
1349.000 0.340
1350.000 0.339
1351.000 0.349
1352.000 0.348
1353.000 0.334
1354.000 0.325
1355.000 0.304
1356.000 0.278
1357.000 0.293
1358.000 0.273
1359.000 0.263
1360.000 0.259
1361.000 0.307
1362.000 0.351
1363.000 0.377
1364.000 0.638
1365.000 0.522
1366.000 0.474
1367.000 0.345
1368.000 0.412
1369.000 0.502
1370.000 0.544
1371.000 0.387
1372.000 0.335
1373.000 0.267
1374.000 0.189
1375.000 0.225
1376.000 0.187
1377.000 0.323
1378.000 0.358
1379.000 0.469
1380.000 0.362
1381.000 0.318
1382.000 0.351
1383.000 0.300
1384.000 0.231
1385.000 0.239
1386.000 0.220
1387.000 0.244
1388.000 0.489
1389.000 0.406
1390.000 0.433
1391.000 0.372
1392.000 0.382
1393.000 0.325
1394.000 0.175
1395.000 0.230
1396.000 0.201
1397.000 0.143
1398.000 0.194
1399.000 0.257
1400.000 0.279
1401.000 0.280
1402.000 0.361
1403.000 0.438
1404.000 0.366
1405.000 0.374
1406.000 0.440
1407.000 0.402
1408.000 0.226
1409.000 0.201
1410.000 0.244
1411.000 0.248
1412.000 0.232
1413.000 0.229
1414.000 0.267
1415.000 0.261
1416.000 0.257
1417.000 0.251
1418.000 0.207
1419.000 0.253
1420.000 0.217
1421.000 0.141
1422.000 0.180
1423.000 0.189
1424.000 0.226
1425.000 0.149
1426.000 0.146
1427.000 0.147
1428.000 0.153
1429.000 0.231
1430.000 0.133
1431.000 0.165
1432.000 0.202
1433.000 0.240
1434.000 0.282
1435.000 0.139
1436.000 0.122
1437.000 0.131
1438.000 0.141
1439.000 0.160
1440.000 0.158
1441.000 0.139
1442.000 0.129
1443.000 0.119
1444.000 0.116
1445.000 0.121
1446.000 0.119
1447.000 0.114
1448.000 0.114
1449.000 0.114
1450.000 0.110
1451.000 0.106
1452.000 0.106
1453.000 0.105
1454.000 0.106
1455.000 0.104
1456.000 0.103
1457.000 0.105
1458.000 0.106
1459.000 0.109
1460.000 0.114
1461.000 0.120
1462.000 0.120
1463.000 0.117
1464.000 0.107
1465.000 0.101
1466.000 0.098
1467.000 0.096
1468.000 0.097
1469.000 0.098
1470.000 0.099
1471.000 0.104
1472.000 0.114
1473.000 0.120
1474.000 0.131
1475.000 0.131
1476.000 0.118
1477.000 0.114
1478.000 0.107
1479.000 0.105
1480.000 0.110
1481.000 0.111
1482.000 0.109
1483.000 0.110
1484.000 0.111
1485.000 0.113
1486.000 0.117
1487.000 0.119
1488.000 0.122
1489.000 0.123
1490.000 0.123
1491.000 0.124
1492.000 0.123
1493.000 0.124
1494.000 0.125
1495.000 0.125
1496.000 0.126
1497.000 0.127
1498.000 0.127
1499.000 0.127
1500.000 0.128
1501.000 0.128
1502.000 0.130
1503.000 0.131
1504.000 0.132
1505.000 0.133
1506.000 0.135
1507.000 0.137
1508.000 0.138
1509.000 0.138
1510.000 0.139
1511.000 0.139
1512.000 0.140
1513.000 0.142
1514.000 0.143
1515.000 0.144
1516.000 0.146
1517.000 0.146
1518.000 0.147
1519.000 0.148
1520.000 0.149
1521.000 0.151
1522.000 0.152
1523.000 0.152
1524.000 0.153
1525.000 0.154
1526.000 0.156
1527.000 0.157
1528.000 0.158
1529.000 0.159
1530.000 0.161
1531.000 0.161
1532.000 0.162
1533.000 0.163
1534.000 0.164
1535.000 0.165
1536.000 0.166
1537.000 0.167
1538.000 0.168
1539.000 0.168
1540.000 0.170
1541.000 0.171
1542.000 0.172
1543.000 0.174
1544.000 0.176
1545.000 0.178
1546.000 0.180
1547.000 0.181
1548.000 0.182
1549.000 0.182
1550.000 0.183
1551.000 0.183
1552.000 0.183
1553.000 0.184
1554.000 0.184
1555.000 0.186
1556.000 0.187
1557.000 0.189
1558.000 0.190
1559.000 0.191
1560.000 0.192
1561.000 0.193
1562.000 0.194
1563.000 0.196
1564.000 0.196
1565.000 0.197
1566.000 0.198
1567.000 0.199
1568.000 0.200
1569.000 0.201
1570.000 0.202
1571.000 0.202
1572.000 0.203
1573.000 0.204
1574.000 0.205
1575.000 0.206
1576.000 0.207
1577.000 0.208
1578.000 0.209
1579.000 0.211
1580.000 0.212
1581.000 0.212
1582.000 0.212
1583.000 0.213
1584.000 0.213
1585.000 0.215
1586.000 0.216
1587.000 0.217
1588.000 0.217
1589.000 0.217
1590.000 0.217
1591.000 0.218
1592.000 0.219
1593.000 0.219
1594.000 0.220
1595.000 0.220
1596.000 0.221
1597.000 0.222
1598.000 0.223
1599.000 0.224
1600.000 0.225
1601.000 0.226
1602.000 0.227
1603.000 0.228
1604.000 0.229
1605.000 0.229
1606.000 0.230
1607.000 0.230
1608.000 0.231
1609.000 0.232
1610.000 0.232
1611.000 0.234
1612.000 0.235
1613.000 0.236
1614.000 0.236
1615.000 0.236
1616.000 0.237
1617.000 0.237
1618.000 0.238
1619.000 0.238
1620.000 0.239
1621.000 0.240
1622.000 0.241
1623.000 0.240
1624.000 0.241
1625.000 0.241
1626.000 0.241
1627.000 0.242
1628.000 0.244
1629.000 0.244
1630.000 0.245
1631.000 0.245
1632.000 0.245
1633.000 0.245
1634.000 0.245
1635.000 0.246
1636.000 0.246
1637.000 0.246
1638.000 0.246
1639.000 0.246
1640.000 0.247
1641.000 0.248
1642.000 0.248
1643.000 0.249
1644.000 0.249
1645.000 0.249
1646.000 0.250
1647.000 0.251
1648.000 0.250
1649.000 0.250
1650.000 0.250
1651.000 0.251
1652.000 0.251
1653.000 0.252
1654.000 0.252
1655.000 0.252
1656.000 0.253
1657.000 0.253
1658.000 0.253
1659.000 0.254
1660.000 0.255
1661.000 0.254
1662.000 0.254
1663.000 0.254
1664.000 0.254
1665.000 0.254
1666.000 0.254
1667.000 0.253
1668.000 0.253
1669.000 0.252
1670.000 0.252
1671.000 0.253
1672.000 0.253
1673.000 0.252
1674.000 0.253
1675.000 0.254
1676.000 0.254
1677.000 0.256
1678.000 0.256
1679.000 0.255
1680.000 0.255
1681.000 0.254
1682.000 0.254
1683.000 0.255
1684.000 0.255
1685.000 0.254
1686.000 0.254
1687.000 0.253
1688.000 0.253
1689.000 0.255
1690.000 0.256
1691.000 0.256
1692.000 0.256
1693.000 0.254
1694.000 0.253
1695.000 0.252
1696.000 0.252
1697.000 0.254
1698.000 0.254
1699.000 0.254
1700.000 0.254
1701.000 0.252
1702.000 0.251
1703.000 0.250
1704.000 0.250
1705.000 0.250
1706.000 0.250
1707.000 0.250
1708.000 0.249
1709.000 0.248
1710.000 0.248
1711.000 0.249
1712.000 0.249
1713.000 0.250
1714.000 0.249
1715.000 0.248
1716.000 0.247
1717.000 0.246
1718.000 0.246
1719.000 0.245
1720.000 0.245
1721.000 0.244
1722.000 0.243
1723.000 0.242
1724.000 0.242
1725.000 0.242
1726.000 0.242
1727.000 0.241
1728.000 0.239
1729.000 0.238
1730.000 0.237
1731.000 0.236
1732.000 0.235
1733.000 0.236
1734.000 0.236
1735.000 0.236
1736.000 0.234
1737.000 0.234
1738.000 0.235
1739.000 0.235
1740.000 0.235
1741.000 0.234
1742.000 0.232
1743.000 0.232
1744.000 0.235
1745.000 0.235
1746.000 0.235
1747.000 0.233
1748.000 0.229
1749.000 0.228
1750.000 0.228
1751.000 0.227
1752.000 0.227
1753.000 0.226
1754.000 0.225
1755.000 0.226
1756.000 0.226
1757.000 0.226
1758.000 0.226
1759.000 0.225
1760.000 0.222
1761.000 0.220
1762.000 0.218
1763.000 0.218
1764.000 0.219
1765.000 0.220
1766.000 0.220
1767.000 0.222
1768.000 0.221
1769.000 0.221
1770.000 0.223
1771.000 0.222
1772.000 0.221
1773.000 0.221
1774.000 0.218
1775.000 0.218
1776.000 0.218
1777.000 0.219
1778.000 0.221
1779.000 0.220
1780.000 0.219
1781.000 0.217
1782.000 0.213
1783.000 0.212
1784.000 0.211
1785.000 0.212
1786.000 0.210
1787.000 0.203
1788.000 0.205
1789.000 0.213
1790.000 0.219
1791.000 0.236
1792.000 0.242
1793.000 0.237
1794.000 0.225
1795.000 0.223
1796.000 0.223
1797.000 0.227
1798.000 0.254
1799.000 0.258
1800.000 0.262
1801.000 0.362
1802.000 0.374
1803.000 0.404
1804.000 0.382
1805.000 0.382
1806.000 0.335
1807.000 0.339
1808.000 0.291
1809.000 0.263
1810.000 0.333
1811.000 0.284
1812.000 0.381
1813.000 0.438
1814.000 0.389
1815.000 0.362
1816.000 0.396
1817.000 0.468
1818.000 0.468
1819.000 0.647
1820.000 0.495
1821.000 0.434
1822.000 0.459
1823.000 0.511
1824.000 0.595
1825.000 0.706
1826.000 0.403
1827.000 0.548
1828.000 0.303
1829.000 0.326
1830.000 0.322
1831.000 0.362
1832.000 0.417
1833.000 0.433
1834.000 0.409
1835.000 0.500
1836.000 0.486
1837.000 0.778
1838.000 0.782
1839.000 0.812
1840.000 0.801
1841.000 0.787
1842.000 0.658
1843.000 0.503
1844.000 0.545
1845.000 0.501
1846.000 0.444
1847.000 0.686
1848.000 0.727
1849.000 0.695
1850.000 0.516
1851.000 0.328
1852.000 0.459
1853.000 0.399
1854.000 0.501
1855.000 0.439
1856.000 0.595
1857.000 0.624
1858.000 0.692
1859.000 0.364
1860.000 0.394
1861.000 0.521
1862.000 0.582
1863.000 0.473
1864.000 0.639
1865.000 0.585
1866.000 0.502
1867.000 0.590
1868.000 0.552
1869.000 0.539
1870.000 0.545
1871.000 0.588
1872.000 0.502
1873.000 0.514
1874.000 0.629
1875.000 0.644
1876.000 0.562
1877.000 0.475
1878.000 0.449
1879.000 0.254
1880.000 0.552
1881.000 0.454
1882.000 0.336
1883.000 0.425
1884.000 0.565
1885.000 0.578
1886.000 0.611
1887.000 0.549
1888.000 0.470
1889.000 0.373
1890.000 0.507
1891.000 0.474
1892.000 0.412
1893.000 0.312
1894.000 0.361
1895.000 0.323
1896.000 0.397
1897.000 0.371
1898.000 0.434
1899.000 0.517
1900.000 0.479
1901.000 0.485
1902.000 0.500
1903.000 0.505
1904.000 0.433
1905.000 0.364
1906.000 0.272
1907.000 0.301
1908.000 0.288
1909.000 0.213
1910.000 0.321
1911.000 0.301
1912.000 0.339
1913.000 0.432
1914.000 0.596
1915.000 0.428
1916.000 0.470
1917.000 0.450
1918.000 0.469
1919.000 0.447
1920.000 0.632
1921.000 0.435
1922.000 0.467
1923.000 0.328
1924.000 0.368
1925.000 0.429
1926.000 0.443
1927.000 0.455
1928.000 0.487
1929.000 0.475
1930.000 0.472
1931.000 0.423
1932.000 0.369
1933.000 0.381
1934.000 0.283
1935.000 0.320
1936.000 0.317
1937.000 0.295
1938.000 0.197
1939.000 0.294
1940.000 0.245
1941.000 0.278
1942.000 0.255
1943.000 0.289
1944.000 0.357
1945.000 0.408
1946.000 0.318
1947.000 0.341
1948.000 0.332
1949.000 0.296
1950.000 0.292
1951.000 0.298
1952.000 0.289
1953.000 0.181
1954.000 0.101
1955.000 0.124
1956.000 0.146
1957.000 0.152
1958.000 0.176
1959.000 0.125
1960.000 0.220
1961.000 0.232
1962.000 0.179
1963.000 0.239
1964.000 0.227
1965.000 0.187
1966.000 0.146
1967.000 0.134
1968.000 0.112
1969.000 0.097
1970.000 0.094
1971.000 0.087
1972.000 0.100
1973.000 0.111
1974.000 0.103
1975.000 0.103
1976.000 0.113
1977.000 0.113
1978.000 0.093
1979.000 0.096
1980.000 0.096
1981.000 0.089
1982.000 0.103
1983.000 0.109
1984.000 0.094
1985.000 0.081
1986.000 0.074
1987.000 0.075
1988.000 0.072
1989.000 0.081
1990.000 0.079
1991.000 0.075
1992.000 0.077
1993.000 0.076
1994.000 0.075
1995.000 0.076
1996.000 0.080
1997.000 0.079
1998.000 0.096
1999.000 0.119
2000.000 0.180
2001.000 0.205
2002.000 0.189
2003.000 0.185
2004.000 0.137
2005.000 0.113
2006.000 0.149
2007.000 0.147
2008.000 0.193
2009.000 0.227
2010.000 0.170
2011.000 0.155
2012.000 0.145
2013.000 0.109
2014.000 0.099
2015.000 0.118
2016.000 0.119
2017.000 0.120
2018.000 0.107
2019.000 0.100
2020.000 0.098
2021.000 0.090
2022.000 0.093
2023.000 0.085
2024.000 0.080
2025.000 0.075
2026.000 0.072
2027.000 0.071
2028.000 0.076
2029.000 0.075
2030.000 0.093
2031.000 0.096
2032.000 0.096
2033.000 0.094
2034.000 0.085
2035.000 0.079
2036.000 0.080
2037.000 0.084
2038.000 0.087
2039.000 0.093
2040.000 0.091
2041.000 0.091
2042.000 0.091
2043.000 0.087
2044.000 0.086
2045.000 0.089
2046.000 0.089
2047.000 0.088
2048.000 0.096
2049.000 0.101
2050.000 0.101
2051.000 0.098
2052.000 0.102
2053.000 0.096
2054.000 0.095
2055.000 0.099
2056.000 0.096
2057.000 0.098
2058.000 0.104
2059.000 0.104
2060.000 0.101
2061.000 0.100
2062.000 0.100
2063.000 0.099
2064.000 0.094
2065.000 0.092
2066.000 0.090
2067.000 0.093
2068.000 0.099
2069.000 0.109
2070.000 0.116
2071.000 0.120
2072.000 0.120
2073.000 0.113
2074.000 0.112
2075.000 0.116
2076.000 0.114
2077.000 0.114
2078.000 0.113
2079.000 0.108
2080.000 0.107
2081.000 0.109
2082.000 0.110
2083.000 0.110
2084.000 0.110
2085.000 0.108
2086.000 0.107
2087.000 0.108
2088.000 0.112
2089.000 0.112
2090.000 0.110
2091.000 0.108
2092.000 0.100
2093.000 0.098
2094.000 0.099
2095.000 0.099
2096.000 0.104
2097.000 0.106
2098.000 0.105
2099.000 0.105
2100.000 0.107
2101.000 0.109
2102.000 0.112
2103.000 0.115
2104.000 0.114
2105.000 0.108
2106.000 0.107
2107.000 0.107
2108.000 0.107
2109.000 0.110
2110.000 0.110
2111.000 0.109
2112.000 0.110
2113.000 0.113
2114.000 0.114
2115.000 0.117
2116.000 0.118
2117.000 0.118
2118.000 0.116
2119.000 0.118
2120.000 0.119
2121.000 0.118
2122.000 0.120
2123.000 0.120
2124.000 0.118
2125.000 0.118
2126.000 0.120
2127.000 0.119
2128.000 0.117
2129.000 0.117
2130.000 0.115
2131.000 0.116
2132.000 0.120
2133.000 0.121
2134.000 0.122
2135.000 0.122
2136.000 0.120
2137.000 0.118
2138.000 0.120
2139.000 0.120
2140.000 0.123
2141.000 0.126
2142.000 0.128
2143.000 0.128
2144.000 0.129
2145.000 0.128
2146.000 0.129
2147.000 0.134
2148.000 0.134
2149.000 0.132
2150.000 0.132
2151.000 0.130
2152.000 0.130
2153.000 0.139
2154.000 0.141
2155.000 0.139
2156.000 0.140
2157.000 0.140
2158.000 0.136
2159.000 0.135
2160.000 0.133
2161.000 0.132
2162.000 0.129
2163.000 0.128
2164.000 0.127
2165.000 0.125
2166.000 0.124
2167.000 0.123
2168.000 0.121
2169.000 0.120
2170.000 0.119
2171.000 0.120
2172.000 0.122
2173.000 0.125
2174.000 0.131
2175.000 0.134
2176.000 0.136
2177.000 0.140
2178.000 0.140
2179.000 0.144
2180.000 0.146
2181.000 0.145
2182.000 0.143
2183.000 0.137
2184.000 0.135
2185.000 0.132
2186.000 0.130
2187.000 0.130
2188.000 0.130
2189.000 0.128
2190.000 0.129
2191.000 0.132
2192.000 0.134
2193.000 0.140
2194.000 0.142
2195.000 0.143
2196.000 0.143
2197.000 0.137
2198.000 0.136
2199.000 0.134
2200.000 0.134
2201.000 0.137
2202.000 0.136
2203.000 0.137
2204.000 0.138
2205.000 0.137
2206.000 0.138
2207.000 0.135
2208.000 0.133
2209.000 0.133
2210.000 0.137
2211.000 0.136
2212.000 0.137
2213.000 0.137
2214.000 0.137
2215.000 0.134
2216.000 0.132
2217.000 0.130
2218.000 0.123
2219.000 0.121
2220.000 0.121
2221.000 0.121
2222.000 0.124
2223.000 0.127
2224.000 0.131
2225.000 0.134
2226.000 0.135
2227.000 0.139
2228.000 0.144
2229.000 0.145
2230.000 0.145
2231.000 0.144
2232.000 0.143
2233.000 0.142
2234.000 0.140
2235.000 0.138
2236.000 0.135
2237.000 0.133
2238.000 0.133
2239.000 0.136
2240.000 0.138
2241.000 0.141
2242.000 0.141
2243.000 0.139
2244.000 0.138
2245.000 0.136
2246.000 0.133
2247.000 0.126
2248.000 0.124
2249.000 0.122
2250.000 0.121
2251.000 0.125
2252.000 0.127
2253.000 0.129
2254.000 0.129
2255.000 0.127
2256.000 0.126
2257.000 0.123
2258.000 0.126
2259.000 0.125
2260.000 0.124
2261.000 0.123
2262.000 0.119
2263.000 0.120
2264.000 0.123
2265.000 0.127
2266.000 0.128
2267.000 0.129
2268.000 0.128
2269.000 0.127
2270.000 0.127
2271.000 0.124
2272.000 0.119
2273.000 0.116
2274.000 0.110
2275.000 0.109
2276.000 0.110
2277.000 0.111
2278.000 0.116
2279.000 0.119
2280.000 0.120
2281.000 0.123
2282.000 0.125
2283.000 0.125
2284.000 0.123
2285.000 0.122
2286.000 0.117
2287.000 0.115
2288.000 0.118
2289.000 0.117
2290.000 0.113
2291.000 0.112
2292.000 0.115
2293.000 0.113
2294.000 0.118
2295.000 0.118
2296.000 0.112
2297.000 0.107
2298.000 0.104
2299.000 0.101
2300.000 0.100
2301.000 0.098
2302.000 0.105
2303.000 0.116
2304.000 0.120
2305.000 0.112
2306.000 0.108
2307.000 0.107
2308.000 0.104
2309.000 0.101
2310.000 0.095
2311.000 0.096
2312.000 0.100
2313.000 0.093
2314.000 0.089
2315.000 0.089
2316.000 0.087
2317.000 0.092
2318.000 0.097
2319.000 0.111
2320.000 0.110
2321.000 0.089
2322.000 0.095
2323.000 0.103
2324.000 0.104
2325.000 0.114
2326.000 0.120
2327.000 0.118
2328.000 0.112
2329.000 0.122
2330.000 0.120
2331.000 0.093
2332.000 0.090
2333.000 0.088
2334.000 0.088
2335.000 0.097
2336.000 0.101
2337.000 0.096
2338.000 0.095
2339.000 0.099
2340.000 0.121
2341.000 0.114
2342.000 0.108
2343.000 0.084
2344.000 0.083
2345.000 0.075
2346.000 0.095
2347.000 0.148
2348.000 0.159
2349.000 0.166
2350.000 0.160
2351.000 0.119
2352.000 0.110
2353.000 0.097
2354.000 0.096
2355.000 0.089
2356.000 0.094
2357.000 0.095
2358.000 0.094
2359.000 0.088
2360.000 0.073
2361.000 0.071
2362.000 0.060
2363.000 0.064
2364.000 0.087
2365.000 0.106
2366.000 0.131
2367.000 0.104
2368.000 0.114
2369.000 0.099
2370.000 0.083
2371.000 0.075
2372.000 0.079
2373.000 0.117
2374.000 0.149
2375.000 0.151
2376.000 0.211
2377.000 0.180
2378.000 0.143
2379.000 0.159
2380.000 0.100
2381.000 0.085
2382.000 0.112
2383.000 0.125
2384.000 0.153
2385.000 0.179
2386.000 0.229
2387.000 0.178
2388.000 0.149
2389.000 0.121
2390.000 0.201
2391.000 0.161
2392.000 0.160
2393.000 0.143
2394.000 0.128
2395.000 0.224
2396.000 0.198
2397.000 0.175
2398.000 0.186
2399.000 0.188
2400.000 0.267
2401.000 0.084
2402.000 0.224
2403.000 0.212
2404.000 0.231
2405.000 0.213
2406.000 0.208
2407.000 0.218
2408.000 0.195
2409.000 0.164
2410.000 0.154
2411.000 0.189
2412.000 0.163
2413.000 0.175
2414.000 0.177
2415.000 0.164
2416.000 0.161
2417.000 0.149
2418.000 0.194
2419.000 0.224
2420.000 0.308
2421.000 0.207
2422.000 0.218
2423.000 0.258
2424.000 0.186
2425.000 0.214
2426.000 0.248
2427.000 0.295
2428.000 0.271
2429.000 0.263
2430.000 0.213
2431.000 0.219
2432.000 0.245
2433.000 0.183
2434.000 0.219
2435.000 0.235
2436.000 0.234
2437.000 0.276
2438.000 0.211
2439.000 0.226
2440.000 0.219
2441.000 0.183
2442.000 0.123
2443.000 0.125
2444.000 0.130
2445.000 0.212
2446.000 0.230
2447.000 0.205
2448.000 0.206
2449.000 0.227
2450.000 0.326
2451.000 0.400
2452.000 0.295
2453.000 0.148
2454.000 0.109
2455.000 0.154
2456.000 0.203
2457.000 0.207
2458.000 0.179
2459.000 0.178
2460.000 0.181
2461.000 0.273
2462.000 0.330
2463.000 0.327
2464.000 0.314
2465.000 0.179
2466.000 0.204
2467.000 0.212
2468.000 0.325
2469.000 0.308
2470.000 0.307
2471.000 0.347
2472.000 0.430
2473.000 0.641
2474.000 0.279
2475.000 0.391
2476.000 0.427
2477.000 0.290
2478.000 0.402
2479.000 0.514
2480.000 0.284
2481.000 0.246
2482.000 0.498
2483.000 0.363
2484.000 0.483
2485.000 0.289
2486.000 0.370
2487.000 0.452
2488.000 0.429
2489.000 0.455
2490.000 0.448
2491.000 0.412
2492.000 0.350
2493.000 0.357
2494.000 0.320
2495.000 0.418
2496.000 0.506
2497.000 0.279
2498.000 0.213
2499.000 0.183
2500.000 0.383
