391.000 0.046
392.000 0.048
393.000 0.048
394.000 0.047
395.000 0.046
396.000 0.044
397.000 0.044
398.000 0.053
399.000 0.047
400.000 0.045
401.000 0.054
402.000 0.052
403.000 0.049
404.000 0.050
405.000 0.053
406.000 0.052
407.000 0.050
408.000 0.050
409.000 0.050
410.000 0.050
411.000 0.054
412.000 0.058
413.000 0.055
414.000 0.053
415.000 0.052
416.000 0.051
417.000 0.049
418.000 0.048
419.000 0.051
420.000 0.054
421.000 0.054
422.000 0.055
423.000 0.057
424.000 0.051
425.000 0.052
426.000 0.054
427.000 0.050
428.000 0.050
429.000 0.053
430.000 0.056
431.000 0.058
432.000 0.055
433.000 0.053
434.000 0.054
435.000 0.055
436.000 0.054
437.000 0.053
438.000 0.053
439.000 0.054
440.000 0.055
441.000 0.055
442.000 0.054
443.000 0.055
444.000 0.056
445.000 0.056
446.000 0.054
447.000 0.055
448.000 0.056
449.000 0.056
450.000 0.054
451.000 0.056
452.000 0.060
453.000 0.059
454.000 0.056
455.000 0.055
456.000 0.057
457.000 0.059
458.000 0.059
459.000 0.059
460.000 0.058
461.000 0.055
462.000 0.055
463.000 0.057
464.000 0.055
465.000 0.058
466.000 0.060
467.000 0.058
468.000 0.059
469.000 0.061
470.000 0.062
471.000 0.059
472.000 0.059
473.000 0.060
474.000 0.060
475.000 0.060
476.000 0.060
477.000 0.060
478.000 0.061
479.000 0.058
480.000 0.059
481.000 0.060
482.000 0.061
483.000 0.061
484.000 0.062
485.000 0.063
486.000 0.061
487.000 0.062
488.000 0.064
489.000 0.063
490.000 0.061
491.000 0.062
492.000 0.063
493.000 0.062
494.000 0.064
495.000 0.065
496.000 0.063
497.000 0.064
498.000 0.064
499.000 0.063
500.000 0.065
501.000 0.066
502.000 0.066
503.000 0.066
504.000 0.069
505.000 0.069
506.000 0.069
507.000 0.072
508.000 0.073
509.000 0.073
510.000 0.072
511.000 0.075
512.000 0.075
513.000 0.076
514.000 0.079
515.000 0.080
516.000 0.082
517.000 0.084
518.000 0.086
519.000 0.086
520.000 0.087
521.000 0.092
522.000 0.095
523.000 0.097
524.000 0.099
525.000 0.100
526.000 0.103
527.000 0.105
528.000 0.106
529.000 0.107
530.000 0.109
531.000 0.110
532.000 0.112
533.000 0.113
534.000 0.113
535.000 0.115
536.000 0.117
537.000 0.118
538.000 0.119
539.000 0.118
540.000 0.119
541.000 0.120
542.000 0.120
543.000 0.120
544.000 0.120
545.000 0.120
546.000 0.121
547.000 0.121
548.000 0.122
549.000 0.122
550.000 0.122
551.000 0.123
552.000 0.123
553.000 0.123
554.000 0.123
555.000 0.123
556.000 0.122
557.000 0.122
558.000 0.122
559.000 0.121
560.000 0.120
561.000 0.120
562.000 0.120
563.000 0.119
564.000 0.118
565.000 0.116
566.000 0.115
567.000 0.113
568.000 0.111
569.000 0.111
570.000 0.110
571.000 0.109
572.000 0.108
573.000 0.107
574.000 0.106
575.000 0.105
576.000 0.104
577.000 0.102
578.000 0.102
579.000 0.103
580.000 0.101
581.000 0.102
582.000 0.102
583.000 0.099
584.000 0.099
585.000 0.099
586.000 0.099
587.000 0.100
588.000 0.098
589.000 0.097
590.000 0.097
591.000 0.096
592.000 0.096
593.000 0.096
594.000 0.095
595.000 0.096
596.000 0.095
597.000 0.095
598.000 0.095
599.000 0.096
600.000 0.096
601.000 0.095
602.000 0.094
603.000 0.095
604.000 0.096
605.000 0.097
606.000 0.097
607.000 0.097
608.000 0.095
609.000 0.096
610.000 0.094
611.000 0.093
612.000 0.094
613.000 0.096
614.000 0.095
615.000 0.093
616.000 0.094
617.000 0.093
618.000 0.092
619.000 0.094
620.000 0.095
621.000 0.095
622.000 0.094
623.000 0.094
624.000 0.094
625.000 0.094
626.000 0.095
627.000 0.096
628.000 0.094
629.000 0.093
630.000 0.093
631.000 0.093
632.000 0.093
633.000 0.094
634.000 0.095
635.000 0.095
636.000 0.095
637.000 0.096
638.000 0.095
639.000 0.096
640.000 0.095
641.000 0.095
642.000 0.094
643.000 0.093
644.000 0.093
645.000 0.094
646.000 0.093
647.000 0.092
648.000 0.094
649.000 0.092
650.000 0.092
651.000 0.093
652.000 0.093
653.000 0.094
654.000 0.094
655.000 0.094
656.000 0.093
657.000 0.096
658.000 0.098
659.000 0.095
660.000 0.098
661.000 0.099
662.000 0.097
663.000 0.097
664.000 0.097
665.000 0.097
666.000 0.099
667.000 0.100
668.000 0.101
669.000 0.102
670.000 0.101
671.000 0.102
672.000 0.103
673.000 0.102
674.000 0.105
675.000 0.106
676.000 0.107
677.000 0.110
678.000 0.111
679.000 0.111
680.000 0.110
681.000 0.112
682.000 0.112
683.000 0.113
684.000 0.115
685.000 0.116
686.000 0.115
687.000 0.115
688.000 0.117
689.000 0.118
690.000 0.119
691.000 0.121
692.000 0.123
693.000 0.125
694.000 0.127
695.000 0.130
696.000 0.136
697.000 0.140
698.000 0.144
699.000 0.148
700.000 0.155
701.000 0.160
702.000 0.165
703.000 0.171
704.000 0.178
705.000 0.184
706.000 0.189
707.000 0.196
708.000 0.202
709.000 0.208
710.000 0.214
711.000 0.220
712.000 0.226
713.000 0.232
714.000 0.238
715.000 0.244
716.000 0.249
717.000 0.253
718.000 0.259
719.000 0.266
720.000 0.273
721.000 0.280
722.000 0.285
723.000 0.290
724.000 0.295
725.000 0.301
726.000 0.306
727.000 0.311
728.000 0.316
729.000 0.320
730.000 0.325
731.000 0.330
732.000 0.335
733.000 0.339
734.000 0.343
735.000 0.347
736.000 0.350
737.000 0.353
738.000 0.356
739.000 0.360
740.000 0.363
741.000 0.365
742.000 0.368
743.000 0.370
744.000 0.372
745.000 0.374
746.000 0.376
747.000 0.378
748.000 0.380
749.000 0.381
750.000 0.382
751.000 0.384
752.000 0.384
753.000 0.386
754.000 0.386
755.000 0.388
756.000 0.389
757.000 0.389
758.000 0.390
759.000 0.390
760.000 0.389
761.000 0.387
762.000 0.387
763.000 0.388
764.000 0.389
765.000 0.391
766.000 0.393
767.000 0.394
768.000 0.396
769.000 0.396
770.000 0.397
771.000 0.398
772.000 0.398
773.000 0.399
774.000 0.399
775.000 0.400
776.000 0.400
777.000 0.401
778.000 0.401
779.000 0.401
780.000 0.402
781.000 0.402
782.000 0.402
783.000 0.403
784.000 0.403
785.000 0.404
786.000 0.404
787.000 0.404
788.000 0.404
789.000 0.404
790.000 0.404
791.000 0.405
792.000 0.406
793.000 0.406
794.000 0.406
795.000 0.407
796.000 0.407
797.000 0.407
798.000 0.408
799.000 0.408
800.000 0.409
801.000 0.409
802.000 0.409
803.000 0.409
804.000 0.410
805.000 0.411
806.000 0.411
807.000 0.411
808.000 0.412
809.000 0.412
810.000 0.412
811.000 0.412
812.000 0.411
813.000 0.411
814.000 0.410
815.000 0.409
816.000 0.409
817.000 0.410
818.000 0.410
819.000 0.411
820.000 0.413
821.000 0.413
822.000 0.413
823.000 0.413
824.000 0.414
825.000 0.415
826.000 0.415
827.000 0.416
828.000 0.416
829.000 0.416
830.000 0.417
831.000 0.418
832.000 0.418
833.000 0.418
834.000 0.420
835.000 0.420
836.000 0.421
837.000 0.421
838.000 0.422
839.000 0.423
840.000 0.423
841.000 0.424
842.000 0.424
843.000 0.425
844.000 0.425
845.000 0.426
846.000 0.426
847.000 0.426
848.000 0.427
849.000 0.427
850.000 0.428
851.000 0.428
852.000 0.428
853.000 0.428
854.000 0.428
855.000 0.428
856.000 0.429
857.000 0.430
858.000 0.430
859.000 0.430
860.000 0.430
861.000 0.431
862.000 0.431
863.000 0.431
864.000 0.432
865.000 0.432
866.000 0.432
867.000 0.432
868.000 0.433
869.000 0.433
870.000 0.433
871.000 0.434
872.000 0.434
873.000 0.434
874.000 0.434
875.000 0.435
876.000 0.435
877.000 0.436
878.000 0.436
879.000 0.436
880.000 0.436
881.000 0.436
882.000 0.437
883.000 0.438
884.000 0.438
885.000 0.438
886.000 0.439
887.000 0.439
888.000 0.439
889.000 0.439
890.000 0.439
891.000 0.439
892.000 0.439
893.000 0.439
894.000 0.438
895.000 0.438
896.000 0.437
897.000 0.436
898.000 0.436
899.000 0.436
900.000 0.436
901.000 0.436
902.000 0.437
903.000 0.438
904.000 0.438
905.000 0.438
906.000 0.438
907.000 0.438
908.000 0.437
909.000 0.438
910.000 0.437
911.000 0.437
912.000 0.437
913.000 0.437
914.000 0.437
915.000 0.437
916.000 0.438
917.000 0.439
918.000 0.440
919.000 0.440
920.000 0.441
921.000 0.443
922.000 0.443
923.000 0.442
924.000 0.442
925.000 0.441
926.000 0.441
927.000 0.440
928.000 0.438
929.000 0.437
930.000 0.435
931.000 0.433
932.000 0.429
933.000 0.426
934.000 0.422
935.000 0.420
936.000 0.423
937.000 0.426
938.000 0.426
939.000 0.424
940.000 0.426
941.000 0.427
942.000 0.426
943.000 0.425
944.000 0.423
945.000 0.425
946.000 0.428
947.000 0.428
948.000 0.427
949.000 0.426
950.000 0.427
951.000 0.429
952.000 0.428
953.000 0.427
954.000 0.427
955.000 0.430
956.000 0.429
957.000 0.428
958.000 0.429
959.000 0.432
960.000 0.434
961.000 0.434
962.000 0.435
963.000 0.437
964.000 0.439
965.000 0.438
966.000 0.439
967.000 0.443
968.000 0.443
969.000 0.442
970.000 0.442
971.000 0.443
972.000 0.446
973.000 0.447
974.000 0.447
975.000 0.447
976.000 0.445
977.000 0.445
978.000 0.447
979.000 0.447
980.000 0.447
981.000 0.450
982.000 0.452
983.000 0.452
984.000 0.450
985.000 0.452
986.000 0.454
987.000 0.454
988.000 0.453
989.000 0.455
990.000 0.457
991.000 0.459
992.000 0.459
993.000 0.457
994.000 0.457
995.000 0.459
996.000 0.458
997.000 0.459
998.000 0.460
999.000 0.460
1000.000 0.460
1001.000 0.459
1002.000 0.459
1003.000 0.460
1004.000 0.460
1005.000 0.460
1006.000 0.461
1007.000 0.462
1008.000 0.462
1009.000 0.463
1010.000 0.463
1011.000 0.462
1012.000 0.463
1013.000 0.463
1014.000 0.463
1015.000 0.463
1016.000 0.464
1017.000 0.465
1018.000 0.465
1019.000 0.466
1020.000 0.466
1021.000 0.467
1022.000 0.466
1023.000 0.465
1024.000 0.466
1025.000 0.466
1026.000 0.466
1027.000 0.467
1028.000 0.468
1029.000 0.469
1030.000 0.469
1031.000 0.470
1032.000 0.470
1033.000 0.471
1034.000 0.471
1035.000 0.472
1036.000 0.472
1037.000 0.472
1038.000 0.472
1039.000 0.472
1040.000 0.472
1041.000 0.472
1042.000 0.472
1043.000 0.472
1044.000 0.472
1045.000 0.472
1046.000 0.473
1047.000 0.473
1048.000 0.474
1049.000 0.475
1050.000 0.475
1051.000 0.476
1052.000 0.476
1053.000 0.476
1054.000 0.475
1055.000 0.476
1056.000 0.475
1057.000 0.476
1058.000 0.477
1059.000 0.476
1060.000 0.476
1061.000 0.476
1062.000 0.477
1063.000 0.476
1064.000 0.477
1065.000 0.477
1066.000 0.478
1067.000 0.478
1068.000 0.478
1069.000 0.477
1070.000 0.478
1071.000 0.478
1072.000 0.478
1073.000 0.478
1074.000 0.478
1075.000 0.478
1076.000 0.478
1077.000 0.478
1078.000 0.478
1079.000 0.478
1080.000 0.478
1081.000 0.479
1082.000 0.479
1083.000 0.478
1084.000 0.479
1085.000 0.479
1086.000 0.479
1087.000 0.479
1088.000 0.479
1089.000 0.479
1090.000 0.480
1091.000 0.480
1092.000 0.480
1093.000 0.480
1094.000 0.479
1095.000 0.478
1096.000 0.477
1097.000 0.477
1098.000 0.477
1099.000 0.477
1100.000 0.476
1101.000 0.476
1102.000 0.475
1103.000 0.474
1104.000 0.474
1105.000 0.473
1106.000 0.472
1107.000 0.472
1108.000 0.471
1109.000 0.470
1110.000 0.470
1111.000 0.469
1112.000 0.468
1113.000 0.467
1114.000 0.467
1115.000 0.466
1116.000 0.466
1117.000 0.465
1118.000 0.463
1119.000 0.458
1120.000 0.454
1121.000 0.451
1122.000 0.446
1123.000 0.443
1124.000 0.445
1125.000 0.445
1126.000 0.446
1127.000 0.447
1128.000 0.450
1129.000 0.451
1130.000 0.454
1131.000 0.455
1132.000 0.455
1133.000 0.455
1134.000 0.454
1135.000 0.453
1136.000 0.454
1137.000 0.454
1138.000 0.454
1139.000 0.453
1140.000 0.451
1141.000 0.449
1142.000 0.448
1143.000 0.447
1144.000 0.446
1145.000 0.448
1146.000 0.448
1147.000 0.449
1148.000 0.450
1149.000 0.450
1150.000 0.449
1151.000 0.449
1152.000 0.449
1153.000 0.449
1154.000 0.451
1155.000 0.452
1156.000 0.453
1157.000 0.454
1158.000 0.454
1159.000 0.456
1160.000 0.456
1161.000 0.457
1162.000 0.458
1163.000 0.460
1164.000 0.461
1165.000 0.461
1166.000 0.462
1167.000 0.463
1168.000 0.463
1169.000 0.463
1170.000 0.464
1171.000 0.464
1172.000 0.464
1173.000 0.465
1174.000 0.466
1175.000 0.466
1176.000 0.467
1177.000 0.467
1178.000 0.467
1179.000 0.467
1180.000 0.467
1181.000 0.466
1182.000 0.466
1183.000 0.465
1184.000 0.466
1185.000 0.466
1186.000 0.467
1187.000 0.467
1188.000 0.467
1189.000 0.468
1190.000 0.468
1191.000 0.468
1192.000 0.468
1193.000 0.469
1194.000 0.468
1195.000 0.469
1196.000 0.469
1197.000 0.470
1198.000 0.470
1199.000 0.470
1200.000 0.471
1201.000 0.470
1202.000 0.471
1203.000 0.470
1204.000 0.471
1205.000 0.471
1206.000 0.471
1207.000 0.471
1208.000 0.472
1209.000 0.473
1210.000 0.473
1211.000 0.473
1212.000 0.474
1213.000 0.474
1214.000 0.474
1215.000 0.475
1216.000 0.476
1217.000 0.476
1218.000 0.477
1219.000 0.476
1220.000 0.477
1221.000 0.477
1222.000 0.477
1223.000 0.478
1224.000 0.479
1225.000 0.480
1226.000 0.481
1227.000 0.482
1228.000 0.483
1229.000 0.483
1230.000 0.483
1231.000 0.483
1232.000 0.483
1233.000 0.483
1234.000 0.482
1235.000 0.483
1236.000 0.484
1237.000 0.484
1238.000 0.485
1239.000 0.485
1240.000 0.485
1241.000 0.486
1242.000 0.486
1243.000 0.486
1244.000 0.487
1245.000 0.487
1246.000 0.487
1247.000 0.487
1248.000 0.488
1249.000 0.488
1250.000 0.489
1251.000 0.489
1252.000 0.490
1253.000 0.490
1254.000 0.490
1255.000 0.490
1256.000 0.490
1257.000 0.490
1258.000 0.490
1259.000 0.490
1260.000 0.490
1261.000 0.491
1262.000 0.490
1263.000 0.490
1264.000 0.490
1265.000 0.490
1266.000 0.489
1267.000 0.489
1268.000 0.489
1269.000 0.490
1270.000 0.490
1271.000 0.491
1272.000 0.491
1273.000 0.491
1274.000 0.491
1275.000 0.492
1276.000 0.492
1277.000 0.493
1278.000 0.493
1279.000 0.493
1280.000 0.493
1281.000 0.493
1282.000 0.493
1283.000 0.494
1284.000 0.493
1285.000 0.493
1286.000 0.493
1287.000 0.493
1288.000 0.492
1289.000 0.492
1290.000 0.492
1291.000 0.492
1292.000 0.493
1293.000 0.492
1294.000 0.492
1295.000 0.492
1296.000 0.491
1297.000 0.490
1298.000 0.490
1299.000 0.490
1300.000 0.490
1301.000 0.489
1302.000 0.488
1303.000 0.487
1304.000 0.487
1305.000 0.486
1306.000 0.485
1307.000 0.484
1308.000 0.484
1309.000 0.483
1310.000 0.482
1311.000 0.481
1312.000 0.481
1313.000 0.478
1314.000 0.477
1315.000 0.477
1316.000 0.476
1317.000 0.475
1318.000 0.474
1319.000 0.473
1320.000 0.472
1321.000 0.471
1322.000 0.470
1323.000 0.469
1324.000 0.467
1325.000 0.466
1326.000 0.465
1327.000 0.464
1328.000 0.462
1329.000 0.459
1330.000 0.457
1331.000 0.455
1332.000 0.454
1333.000 0.453
1334.000 0.452
1335.000 0.450
1336.000 0.447
1337.000 0.445
1338.000 0.444
1339.000 0.442
1340.000 0.442
1341.000 0.441
1342.000 0.440
1343.000 0.438
1344.000 0.434
1345.000 0.431
1346.000 0.429
1347.000 0.426
1348.000 0.425
1349.000 0.430
1350.000 0.429
1351.000 0.423
1352.000 0.411
1353.000 0.382
1354.000 0.346
1355.000 0.302
1356.000 0.254
1357.000 0.252
1358.000 0.262
1359.000 0.276
1360.000 0.275
1361.000 0.225
1362.000 0.203
1363.000 0.206
1364.000 0.190
1365.000 0.145
1366.000 0.208
1367.000 0.211
1368.000 0.233
1369.000 0.256
1370.000 0.411
1371.000 0.276
1372.000 0.264
1373.000 0.336
1374.000 0.482
1375.000 0.226
1376.000 0.277
1377.000 0.326
1378.000 0.406
1379.000 0.428
1380.000 0.417
1381.000 0.474
1382.000 0.625
1383.000 0.546
1384.000 0.415
1385.000 0.661
1386.000 0.628
1387.000 0.618
1388.000 0.519
1389.000 0.426
1390.000 0.239
1391.000 0.246
1392.000 0.325
1393.000 0.347
1394.000 0.380
1395.000 0.294
1396.000 0.484
1397.000 0.526
1398.000 0.598
1399.000 0.635
1400.000 0.653
1401.000 0.686
1402.000 0.652
1403.000 0.653
1404.000 0.686
1405.000 0.588
1406.000 0.425
1407.000 0.287
1408.000 0.126
1409.000 0.101
1410.000 0.348
1411.000 0.329
1412.000 0.226
1413.000 0.583
1414.000 0.460
1415.000 0.313
1416.000 0.430
1417.000 0.316
1418.000 0.254
1419.000 0.260
1420.000 0.329
1421.000 0.360
1422.000 0.357
1423.000 0.289
1424.000 0.270
1425.000 0.255
1426.000 0.253
1427.000 0.340
1428.000 0.355
1429.000 0.387
1430.000 0.323
1431.000 0.281
1432.000 0.260
1433.000 0.255
1434.000 0.249
1435.000 0.297
1436.000 0.296
1437.000 0.278
1438.000 0.252
1439.000 0.184
1440.000 0.179
1441.000 0.184
1442.000 0.192
1443.000 0.210
1444.000 0.210
1445.000 0.206
1446.000 0.203
1447.000 0.186
1448.000 0.172
1449.000 0.178
1450.000 0.184
1451.000 0.179
1452.000 0.188
1453.000 0.189
1454.000 0.183
1455.000 0.186
1456.000 0.196
1457.000 0.199
1458.000 0.203
1459.000 0.205
1460.000 0.205
1461.000 0.205
1462.000 0.205
1463.000 0.207
1464.000 0.209
1465.000 0.209
1466.000 0.215
1467.000 0.212
1468.000 0.201
1469.000 0.195
1470.000 0.187
1471.000 0.182
1472.000 0.178
1473.000 0.175
1474.000 0.173
1475.000 0.172
1476.000 0.170
1477.000 0.174
1478.000 0.184
1479.000 0.190
1480.000 0.200
1481.000 0.204
1482.000 0.199
1483.000 0.201
1484.000 0.200
1485.000 0.205
1486.000 0.215
1487.000 0.222
1488.000 0.230
1489.000 0.234
1490.000 0.238
1491.000 0.240
1492.000 0.240
1493.000 0.241
1494.000 0.242
1495.000 0.245
1496.000 0.250
1497.000 0.253
1498.000 0.256
1499.000 0.257
1500.000 0.257
1501.000 0.258
1502.000 0.260
1503.000 0.261
1504.000 0.262
1505.000 0.265
1506.000 0.266
1507.000 0.267
1508.000 0.267
1509.000 0.266
1510.000 0.268
1511.000 0.271
1512.000 0.273
1513.000 0.275
1514.000 0.276
1515.000 0.275
1516.000 0.276
1517.000 0.276
1518.000 0.278
1519.000 0.281
1520.000 0.283
1521.000 0.286
1522.000 0.287
1523.000 0.288
1524.000 0.290
1525.000 0.290
1526.000 0.292
1527.000 0.292
1528.000 0.294
1529.000 0.295
1530.000 0.297
1531.000 0.299
1532.000 0.300
1533.000 0.303
1534.000 0.305
1535.000 0.306
1536.000 0.308
1537.000 0.310
1538.000 0.310
1539.000 0.309
1540.000 0.309
1541.000 0.312
1542.000 0.313
1543.000 0.315
1544.000 0.316
1545.000 0.316
1546.000 0.318
1547.000 0.319
1548.000 0.321
1549.000 0.324
1550.000 0.325
1551.000 0.326
1552.000 0.327
1553.000 0.327
1554.000 0.328
1555.000 0.329
1556.000 0.329
1557.000 0.330
1558.000 0.331
1559.000 0.332
1560.000 0.334
1561.000 0.336
1562.000 0.338
1563.000 0.340
1564.000 0.341
1565.000 0.342
1566.000 0.343
1567.000 0.342
1568.000 0.342
1569.000 0.341
1570.000 0.341
1571.000 0.343
1572.000 0.344
1573.000 0.346
1574.000 0.348
1575.000 0.348
1576.000 0.348
1577.000 0.349
1578.000 0.350
1579.000 0.353
1580.000 0.355
1581.000 0.356
1582.000 0.357
1583.000 0.356
1584.000 0.357
1585.000 0.357
1586.000 0.359
1587.000 0.362
1588.000 0.363
1589.000 0.364
1590.000 0.365
1591.000 0.364
1592.000 0.364
1593.000 0.365
1594.000 0.365
1595.000 0.366
1596.000 0.366
1597.000 0.368
1598.000 0.369
1599.000 0.369
1600.000 0.369
1601.000 0.369
1602.000 0.369
1603.000 0.369
1604.000 0.371
1605.000 0.373
1606.000 0.375
1607.000 0.377
1608.000 0.378
1609.000 0.377
1610.000 0.377
1611.000 0.376
1612.000 0.377
1613.000 0.377
1614.000 0.378
1615.000 0.379
1616.000 0.380
1617.000 0.378
1618.000 0.377
1619.000 0.377
1620.000 0.378
1621.000 0.378
1622.000 0.378
1623.000 0.380
1624.000 0.381
1625.000 0.382
1626.000 0.382
1627.000 0.381
1628.000 0.382
1629.000 0.383
1630.000 0.385
1631.000 0.386
1632.000 0.387
1633.000 0.388
1634.000 0.388
1635.000 0.387
1636.000 0.387
1637.000 0.387
1638.000 0.387
1639.000 0.388
1640.000 0.388
1641.000 0.390
1642.000 0.391
1643.000 0.391
1644.000 0.392
1645.000 0.393
1646.000 0.393
1647.000 0.394
1648.000 0.394
1649.000 0.392
1650.000 0.391
1651.000 0.392
1652.000 0.392
1653.000 0.393
1654.000 0.393
1655.000 0.393
1656.000 0.394
1657.000 0.394
1658.000 0.395
1659.000 0.394
1660.000 0.393
1661.000 0.393
1662.000 0.393
1663.000 0.396
1664.000 0.396
1665.000 0.395
1666.000 0.396
1667.000 0.395
1668.000 0.395
1669.000 0.398
1670.000 0.398
1671.000 0.397
1672.000 0.397
1673.000 0.396
1674.000 0.396
1675.000 0.397
1676.000 0.398
1677.000 0.400
1678.000 0.400
1679.000 0.400
1680.000 0.400
1681.000 0.399
1682.000 0.399
1683.000 0.399
1684.000 0.399
1685.000 0.398
1686.000 0.397
1687.000 0.398
1688.000 0.397
1689.000 0.397
1690.000 0.397
1691.000 0.395
1692.000 0.395
1693.000 0.397
1694.000 0.397
1695.000 0.397
1696.000 0.397
1697.000 0.395
1698.000 0.395
1699.000 0.394
1700.000 0.395
1701.000 0.395
1702.000 0.395
1703.000 0.396
1704.000 0.396
1705.000 0.395
1706.000 0.395
1707.000 0.397
1708.000 0.396
1709.000 0.394
1710.000 0.393
1711.000 0.393
1712.000 0.395
1713.000 0.396
1714.000 0.393
1715.000 0.392
1716.000 0.391
1717.000 0.390
1718.000 0.389
1719.000 0.387
1720.000 0.386
1721.000 0.385
1722.000 0.385
1723.000 0.386
1724.000 0.385
1725.000 0.384
1726.000 0.383
1727.000 0.382
1728.000 0.383
1729.000 0.384
1730.000 0.384
1731.000 0.383
1732.000 0.380
1733.000 0.376
1734.000 0.377
1735.000 0.376
1736.000 0.376
1737.000 0.377
1738.000 0.376
1739.000 0.377
1740.000 0.379
1741.000 0.379
1742.000 0.379
1743.000 0.378
1744.000 0.376
1745.000 0.374
1746.000 0.374
1747.000 0.373
1748.000 0.372
1749.000 0.370
1750.000 0.367
1751.000 0.364
1752.000 0.362
1753.000 0.361
1754.000 0.359
1755.000 0.357
1756.000 0.357
1757.000 0.356
1758.000 0.352
1759.000 0.350
1760.000 0.349
1761.000 0.349
1762.000 0.353
1763.000 0.355
1764.000 0.355
1765.000 0.355
1766.000 0.354
1767.000 0.352
1768.000 0.348
1769.000 0.349
1770.000 0.349
1771.000 0.352
1772.000 0.357
1773.000 0.358
1774.000 0.354
1775.000 0.351
1776.000 0.352
1777.000 0.350
1778.000 0.348
1779.000 0.345
1780.000 0.335
1781.000 0.331
1782.000 0.330
1783.000 0.328
1784.000 0.324
1785.000 0.314
1786.000 0.312
1787.000 0.317
1788.000 0.317
1789.000 0.318
1790.000 0.320
1791.000 0.314
1792.000 0.311
1793.000 0.310
1794.000 0.297
1795.000 0.295
1796.000 0.294
1797.000 0.280
1798.000 0.280
1799.000 0.289
1800.000 0.297
1801.000 0.347
1802.000 0.371
1803.000 0.417
1804.000 0.429
1805.000 0.442
1806.000 0.465
1807.000 0.475
1808.000 0.386
1809.000 0.392
1810.000 0.440
1811.000 0.514
1812.000 0.572
1813.000 0.661
1814.000 0.685
1815.000 0.630
1816.000 0.597
1817.000 0.399
1818.000 0.311
1819.000 0.424
1820.000 0.438
1821.000 0.430
1822.000 0.219
1823.000 0.422
1824.000 0.498
1825.000 0.582
1826.000 0.584
1827.000 0.594
1828.000 0.703
1829.000 0.668
1830.000 0.600
1831.000 0.550
1832.000 0.564
1833.000 0.623
1834.000 0.258
1835.000 0.201
1836.000 0.388
1837.000 0.581
1838.000 0.518
1839.000 0.374
1840.000 0.437
1841.000 0.444
1842.000 0.427
1843.000 0.421
1844.000 0.354
1845.000 0.365
1846.000 0.480
1847.000 0.373
1848.000 0.492
1849.000 0.593
1850.000 0.443
1851.000 0.451
1852.000 0.367
1853.000 0.461
1854.000 0.338
1855.000 0.423
1856.000 0.558
1857.000 0.325
1858.000 0.301
1859.000 0.417
1860.000 0.398
1861.000 0.527
1862.000 0.547
1863.000 0.567
1864.000 0.622
1865.000 0.588
1866.000 0.532
1867.000 0.463
1868.000 0.620
1869.000 0.664
1870.000 0.693
1871.000 0.594
1872.000 0.517
1873.000 0.564
1874.000 0.558
1875.000 0.461
1876.000 0.408
1877.000 0.371
1878.000 0.478
1879.000 0.478
1880.000 0.419
1881.000 0.314
1882.000 0.442
1883.000 0.500
1884.000 0.458
1885.000 0.479
1886.000 0.629
1887.000 0.384
1888.000 0.394
1889.000 0.580
1890.000 0.457
1891.000 0.545
1892.000 0.647
1893.000 0.693
1894.000 0.377
1895.000 0.232
1896.000 0.269
1897.000 0.208
1898.000 0.341
1899.000 0.345
1900.000 0.443
1901.000 0.593
1902.000 0.515
1903.000 0.487
1904.000 0.456
1905.000 0.450
1906.000 0.464
1907.000 0.390
1908.000 0.389
1909.000 0.350
1910.000 0.351
1911.000 0.249
1912.000 0.315
1913.000 0.397
1914.000 0.458
1915.000 0.468
1916.000 0.487
1917.000 0.497
1918.000 0.515
1919.000 0.618
1920.000 0.592
1921.000 0.555
1922.000 0.402
1923.000 0.404
1924.000 0.386
1925.000 0.378
1926.000 0.716
1927.000 0.696
1928.000 0.633
1929.000 0.548
1930.000 0.384
1931.000 0.384
1932.000 0.485
1933.000 0.526
1934.000 0.697
1935.000 0.511
1936.000 0.530
1937.000 0.645
1938.000 0.571
1939.000 0.461
1940.000 0.648
1941.000 0.573
1942.000 0.442
1943.000 0.479
1944.000 0.518
1945.000 0.492
1946.000 0.398
1947.000 0.433
1948.000 0.523
1949.000 0.468
1950.000 0.583
1951.000 0.658
1952.000 0.522
1953.000 0.500
1954.000 0.561
1955.000 0.476
1956.000 0.276
1957.000 0.251
1958.000 0.211
1959.000 0.167
1960.000 0.329
1961.000 0.444
1962.000 0.479
1963.000 0.500
1964.000 0.454
1965.000 0.324
1966.000 0.296
1967.000 0.286
1968.000 0.263
1969.000 0.229
1970.000 0.215
1971.000 0.199
1972.000 0.190
1973.000 0.209
1974.000 0.218
1975.000 0.211
1976.000 0.163
1977.000 0.160
1978.000 0.169
1979.000 0.204
1980.000 0.249
1981.000 0.236
1982.000 0.221
1983.000 0.206
1984.000 0.170
1985.000 0.172
1986.000 0.167
1987.000 0.142
1988.000 0.128
1989.000 0.127
1990.000 0.131
1991.000 0.140
1992.000 0.159
1993.000 0.174
1994.000 0.172
1995.000 0.190
1996.000 0.210
1997.000 0.211
1998.000 0.210
1999.000 0.223
2000.000 0.224
2001.000 0.233
2002.000 0.272
2003.000 0.260
2004.000 0.263
2005.000 0.296
2006.000 0.357
2007.000 0.369
2008.000 0.321
2009.000 0.264
2010.000 0.224
2011.000 0.220
2012.000 0.229
2013.000 0.242
2014.000 0.249
2015.000 0.266
2016.000 0.264
2017.000 0.251
2018.000 0.231
2019.000 0.199
2020.000 0.229
2021.000 0.194
2022.000 0.160
2023.000 0.148
2024.000 0.147
2025.000 0.145
2026.000 0.151
2027.000 0.157
2028.000 0.178
2029.000 0.182
2030.000 0.179
2031.000 0.182
2032.000 0.180
2033.000 0.176
2034.000 0.171
2035.000 0.174
2036.000 0.172
2037.000 0.173
2038.000 0.183
2039.000 0.184
2040.000 0.184
2041.000 0.190
2042.000 0.191
2043.000 0.185
2044.000 0.189
2045.000 0.200
2046.000 0.200
2047.000 0.205
2048.000 0.204
2049.000 0.190
2050.000 0.181
2051.000 0.180
2052.000 0.183
2053.000 0.198
2054.000 0.210
2055.000 0.202
2056.000 0.200
2057.000 0.194
2058.000 0.179
2059.000 0.170
2060.000 0.161
2061.000 0.160
2062.000 0.161
2063.000 0.167
2064.000 0.187
2065.000 0.203
2066.000 0.222
2067.000 0.237
2068.000 0.236
2069.000 0.236
2070.000 0.236
2071.000 0.225
2072.000 0.219
2073.000 0.219
2074.000 0.212
2075.000 0.197
2076.000 0.194
2077.000 0.194
2078.000 0.192
2079.000 0.191
2080.000 0.191
2081.000 0.184
2082.000 0.188
2083.000 0.192
2084.000 0.204
2085.000 0.219
2086.000 0.223
2087.000 0.221
2088.000 0.213
2089.000 0.206
2090.000 0.189
2091.000 0.187
2092.000 0.198
2093.000 0.203
2094.000 0.215
2095.000 0.220
2096.000 0.220
2097.000 0.217
2098.000 0.212
2099.000 0.205
2100.000 0.200
2101.000 0.196
2102.000 0.203
2103.000 0.212
2104.000 0.215
2105.000 0.218
2106.000 0.219
2107.000 0.214
2108.000 0.212
2109.000 0.213
2110.000 0.214
2111.000 0.216
2112.000 0.220
2113.000 0.228
2114.000 0.236
2115.000 0.247
2116.000 0.252
2117.000 0.253
2118.000 0.254
2119.000 0.249
2120.000 0.246
2121.000 0.249
2122.000 0.250
2123.000 0.249
2124.000 0.246
2125.000 0.244
2126.000 0.242
2127.000 0.240
2128.000 0.239
2129.000 0.241
2130.000 0.243
2131.000 0.246
2132.000 0.255
2133.000 0.260
2134.000 0.264
2135.000 0.264
2136.000 0.259
2137.000 0.251
2138.000 0.244
2139.000 0.240
2140.000 0.238
2141.000 0.242
2142.000 0.245
2143.000 0.254
2144.000 0.253
2145.000 0.248
2146.000 0.246
2147.000 0.240
2148.000 0.239
2149.000 0.242
2150.000 0.244
2151.000 0.244
2152.000 0.246
2153.000 0.248
2154.000 0.252
2155.000 0.259
2156.000 0.266
2157.000 0.266
2158.000 0.270
2159.000 0.270
2160.000 0.259
2161.000 0.253
2162.000 0.247
2163.000 0.245
2164.000 0.244
2165.000 0.244
2166.000 0.248
2167.000 0.251
2168.000 0.256
2169.000 0.259
2170.000 0.262
2171.000 0.264
2172.000 0.262
2173.000 0.263
2174.000 0.271
2175.000 0.270
2176.000 0.267
2177.000 0.255
2178.000 0.246
2179.000 0.237
2180.000 0.225
2181.000 0.228
2182.000 0.229
2183.000 0.226
2184.000 0.226
2185.000 0.230
2186.000 0.234
2187.000 0.244
2188.000 0.247
2189.000 0.250
2190.000 0.246
2191.000 0.232
2192.000 0.227
2193.000 0.217
2194.000 0.216
2195.000 0.224
2196.000 0.228
2197.000 0.236
2198.000 0.242
2199.000 0.246
2200.000 0.249
2201.000 0.256
2202.000 0.259
2203.000 0.258
2204.000 0.257
2205.000 0.263
2206.000 0.265
2207.000 0.267
2208.000 0.267
2209.000 0.261
2210.000 0.245
2211.000 0.241
2212.000 0.240
2213.000 0.240
2214.000 0.245
2215.000 0.248
2216.000 0.250
2217.000 0.254
2218.000 0.264
2219.000 0.266
2220.000 0.266
2221.000 0.264
2222.000 0.254
2223.000 0.251
2224.000 0.248
2225.000 0.248
2226.000 0.252
2227.000 0.255
2228.000 0.251
2229.000 0.259
2230.000 0.269
2231.000 0.266
2232.000 0.256
2233.000 0.241
2234.000 0.222
2235.000 0.211
2236.000 0.216
2237.000 0.224
2238.000 0.230
2239.000 0.245
2240.000 0.246
2241.000 0.236
2242.000 0.233
2243.000 0.223
2244.000 0.220
2245.000 0.224
2246.000 0.225
2247.000 0.227
2248.000 0.229
2249.000 0.234
2250.000 0.233
2251.000 0.227
2252.000 0.223
2253.000 0.216
2254.000 0.211
2255.000 0.206
2256.000 0.206
2257.000 0.209
2258.000 0.211
2259.000 0.226
2260.000 0.233
2261.000 0.233
2262.000 0.237
2263.000 0.224
2264.000 0.208
2265.000 0.193
2266.000 0.182
2267.000 0.180
2268.000 0.185
2269.000 0.196
2270.000 0.215
2271.000 0.230
2272.000 0.222
2273.000 0.221
2274.000 0.212
2275.000 0.210
2276.000 0.214
2277.000 0.216
2278.000 0.217
2279.000 0.212
2280.000 0.200
2281.000 0.197
2282.000 0.196
2283.000 0.192
2284.000 0.193
2285.000 0.193
2286.000 0.190
2287.000 0.187
2288.000 0.188
2289.000 0.185
2290.000 0.171
2291.000 0.173
2292.000 0.185
2293.000 0.193
2294.000 0.222
2295.000 0.238
2296.000 0.230
2297.000 0.241
2298.000 0.263
2299.000 0.258
2300.000 0.261
2301.000 0.266
2302.000 0.256
2303.000 0.224
2304.000 0.201
2305.000 0.190
2306.000 0.215
2307.000 0.226
2308.000 0.209
2309.000 0.224
2310.000 0.211
2311.000 0.175
2312.000 0.177
2313.000 0.168
2314.000 0.149
2315.000 0.169
2316.000 0.194
2317.000 0.199
2318.000 0.202
2319.000 0.199
2320.000 0.185
2321.000 0.172
2322.000 0.172
2323.000 0.168
2324.000 0.181
2325.000 0.203
2326.000 0.207
2327.000 0.194
2328.000 0.193
2329.000 0.185
2330.000 0.180
2331.000 0.179
2332.000 0.178
2333.000 0.178
2334.000 0.203
2335.000 0.205
2336.000 0.207
2337.000 0.197
2338.000 0.188
2339.000 0.148
2340.000 0.153
2341.000 0.206
2342.000 0.238
2343.000 0.284
2344.000 0.350
2345.000 0.285
2346.000 0.280
2347.000 0.279
2348.000 0.254
2349.000 0.249
2350.000 0.231
2351.000 0.193
2352.000 0.183
2353.000 0.164
2354.000 0.184
2355.000 0.203
2356.000 0.237
2357.000 0.227
2358.000 0.203
2359.000 0.152
2360.000 0.176
2361.000 0.187
2362.000 0.180
2363.000 0.156
2364.000 0.130
2365.000 0.238
2366.000 0.303
2367.000 0.255
2368.000 0.302
2369.000 0.240
2370.000 0.244
2371.000 0.278
2372.000 0.333
2373.000 0.421
2374.000 0.347
2375.000 0.225
2376.000 0.131
2377.000 0.161
2378.000 0.176
2379.000 0.266
2380.000 0.204
2381.000 0.283
2382.000 0.363
2383.000 0.352
2384.000 0.240
2385.000 0.235
2386.000 0.183
2387.000 0.291
2388.000 0.290
2389.000 0.279
2390.000 0.256
2391.000 0.355
2392.000 0.287
2393.000 0.284
2394.000 0.160
2395.000 0.192
2396.000 0.123
2397.000 0.139
2398.000 0.115
2399.000 0.144
2400.000 0.185
2401.000 0.225
2402.000 0.235
2403.000 0.359
2404.000 0.290
2405.000 0.402
2406.000 0.328
2407.000 0.336
2408.000 0.240
2409.000 0.310
2410.000 0.162
2411.000 0.343
2412.000 0.211
2413.000 0.282
2414.000 0.394
2415.000 0.265
2416.000 0.254
2417.000 0.264
2418.000 0.267
2419.000 0.364
2420.000 0.458
2421.000 0.602
2422.000 0.542
2423.000 0.474
2424.000 0.632
2425.000 0.468
2426.000 0.224
2427.000 0.277
2428.000 0.377
2429.000 0.467
2430.000 0.310
2431.000 0.319
2432.000 0.283
2433.000 0.238
2434.000 0.047
2435.000 0.369
2436.000 0.330
2437.000 0.320
2438.000 0.309
2439.000 0.225
2440.000 0.119
2441.000 0.118
2442.000 0.179
2443.000 0.223
2444.000 0.340
2445.000 0.226
2446.000 0.530
2447.000 0.158
2448.000 0.101
2449.000 0.212
2450.000 0.155
2451.000 0.116
2452.000 0.188
2453.000 0.093
2454.000 0.293
2455.000 0.264
2456.000 0.359
2457.000 0.184
2458.000 0.186
2459.000 0.253
2460.000 0.395
2461.000 0.420
2462.000 0.525
2463.000 0.556
2464.000 0.519
2465.000 0.285
2466.000 0.290
2467.000 0.592
2468.000 0.432
2469.000 0.157
2470.000 0.186
2471.000 0.329
2472.000 0.240
2473.000 0.276
2474.000 0.203
2475.000 0.561
2476.000 0.557
2477.000 0.515
2478.000 0.365
2479.000 0.279
2480.000 0.138
2481.000 0.204
2482.000 0.223
2483.000 0.326
2484.000 0.192
2485.000 0.521
2486.000 0.172
2487.000 0.572
2488.000 0.363
2489.000 0.304
2490.000 0.355
2491.000 0.337
2492.000 0.295
2493.000 0.314
2494.000 0.472
2495.000 0.586
2496.000 0.542
2497.000 0.566
2498.000 0.546
2499.000 0.517
2500.000 0.623
