391.000 0.099
392.000 0.108
393.000 0.112
394.000 0.102
395.000 0.102
396.000 0.099
397.000 0.095
398.000 0.106
399.000 0.101
400.000 0.098
401.000 0.108
402.000 0.104
403.000 0.103
404.000 0.106
405.000 0.106
406.000 0.105
407.000 0.103
408.000 0.102
409.000 0.104
410.000 0.104
411.000 0.106
412.000 0.111
413.000 0.111
414.000 0.109
415.000 0.108
416.000 0.106
417.000 0.101
418.000 0.101
419.000 0.107
420.000 0.113
421.000 0.115
422.000 0.116
423.000 0.115
424.000 0.106
425.000 0.106
426.000 0.109
427.000 0.107
428.000 0.106
429.000 0.110
430.000 0.115
431.000 0.116
432.000 0.112
433.000 0.110
434.000 0.113
435.000 0.112
436.000 0.111
437.000 0.112
438.000 0.113
439.000 0.114
440.000 0.113
441.000 0.111
442.000 0.114
443.000 0.115
444.000 0.115
445.000 0.114
446.000 0.112
447.000 0.114
448.000 0.116
449.000 0.114
450.000 0.112
451.000 0.115
452.000 0.122
453.000 0.118
454.000 0.113
455.000 0.113
456.000 0.118
457.000 0.118
458.000 0.119
459.000 0.120
460.000 0.117
461.000 0.114
462.000 0.113
463.000 0.116
464.000 0.116
465.000 0.117
466.000 0.118
467.000 0.118
468.000 0.119
469.000 0.120
470.000 0.120
471.000 0.120
472.000 0.120
473.000 0.121
474.000 0.121
475.000 0.121
476.000 0.121
477.000 0.121
478.000 0.121
479.000 0.119
480.000 0.119
481.000 0.120
482.000 0.119
483.000 0.120
484.000 0.123
485.000 0.125
486.000 0.124
487.000 0.125
488.000 0.125
489.000 0.123
490.000 0.126
491.000 0.127
492.000 0.125
493.000 0.123
494.000 0.128
495.000 0.128
496.000 0.123
497.000 0.125
498.000 0.125
499.000 0.125
500.000 0.128
501.000 0.131
502.000 0.130
503.000 0.130
504.000 0.133
505.000 0.133
506.000 0.133
507.000 0.136
508.000 0.138
509.000 0.138
510.000 0.137
511.000 0.140
512.000 0.141
513.000 0.142
514.000 0.144
515.000 0.146
516.000 0.149
517.000 0.152
518.000 0.156
519.000 0.156
520.000 0.159
521.000 0.163
522.000 0.167
523.000 0.171
524.000 0.175
525.000 0.177
526.000 0.180
527.000 0.182
528.000 0.185
529.000 0.187
530.000 0.189
531.000 0.191
532.000 0.194
533.000 0.195
534.000 0.197
535.000 0.199
536.000 0.201
537.000 0.202
538.000 0.203
539.000 0.202
540.000 0.203
541.000 0.204
542.000 0.205
543.000 0.205
544.000 0.204
545.000 0.205
546.000 0.206
547.000 0.206
548.000 0.207
549.000 0.207
550.000 0.206
551.000 0.208
552.000 0.208
553.000 0.208
554.000 0.209
555.000 0.207
556.000 0.205
557.000 0.205
558.000 0.206
559.000 0.205
560.000 0.203
561.000 0.203
562.000 0.203
563.000 0.201
564.000 0.199
565.000 0.198
566.000 0.195
567.000 0.193
568.000 0.190
569.000 0.190
570.000 0.189
571.000 0.187
572.000 0.185
573.000 0.184
574.000 0.181
575.000 0.181
576.000 0.180
577.000 0.177
578.000 0.175
579.000 0.175
580.000 0.175
581.000 0.176
582.000 0.176
583.000 0.171
584.000 0.171
585.000 0.171
586.000 0.170
587.000 0.171
588.000 0.168
589.000 0.168
590.000 0.169
591.000 0.167
592.000 0.166
593.000 0.165
594.000 0.163
595.000 0.164
596.000 0.164
597.000 0.163
598.000 0.165
599.000 0.165
600.000 0.164
601.000 0.162
602.000 0.162
603.000 0.163
604.000 0.165
605.000 0.164
606.000 0.164
607.000 0.164
608.000 0.163
609.000 0.161
610.000 0.159
611.000 0.158
612.000 0.159
613.000 0.160
614.000 0.159
615.000 0.157
616.000 0.158
617.000 0.155
618.000 0.155
619.000 0.158
620.000 0.159
621.000 0.157
622.000 0.156
623.000 0.157
624.000 0.159
625.000 0.159
626.000 0.159
627.000 0.160
628.000 0.158
629.000 0.156
630.000 0.157
631.000 0.156
632.000 0.156
633.000 0.158
634.000 0.158
635.000 0.157
636.000 0.157
637.000 0.156
638.000 0.156
639.000 0.158
640.000 0.159
641.000 0.157
642.000 0.154
643.000 0.153
644.000 0.153
645.000 0.153
646.000 0.153
647.000 0.154
648.000 0.155
649.000 0.152
650.000 0.151
651.000 0.153
652.000 0.153
653.000 0.155
654.000 0.155
655.000 0.152
656.000 0.153
657.000 0.157
658.000 0.158
659.000 0.153
660.000 0.158
661.000 0.160
662.000 0.155
663.000 0.156
664.000 0.156
665.000 0.157
666.000 0.161
667.000 0.159
668.000 0.161
669.000 0.163
670.000 0.161
671.000 0.164
672.000 0.165
673.000 0.165
674.000 0.169
675.000 0.169
676.000 0.169
677.000 0.172
678.000 0.177
679.000 0.178
680.000 0.177
681.000 0.180
682.000 0.180
683.000 0.180
684.000 0.182
685.000 0.185
686.000 0.185
687.000 0.184
688.000 0.185
689.000 0.186
690.000 0.187
691.000 0.190
692.000 0.193
693.000 0.197
694.000 0.200
695.000 0.205
696.000 0.212
697.000 0.218
698.000 0.224
699.000 0.232
700.000 0.240
701.000 0.247
702.000 0.254
703.000 0.261
704.000 0.269
705.000 0.275
706.000 0.281
707.000 0.288
708.000 0.295
709.000 0.302
710.000 0.308
711.000 0.313
712.000 0.318
713.000 0.323
714.000 0.329
715.000 0.334
716.000 0.337
717.000 0.340
718.000 0.345
719.000 0.350
720.000 0.354
721.000 0.359
722.000 0.363
723.000 0.366
724.000 0.370
725.000 0.373
726.000 0.377
727.000 0.379
728.000 0.383
729.000 0.385
730.000 0.388
731.000 0.392
732.000 0.396
733.000 0.399
734.000 0.402
735.000 0.404
736.000 0.406
737.000 0.409
738.000 0.410
739.000 0.413
740.000 0.415
741.000 0.417
742.000 0.419
743.000 0.421
744.000 0.422
745.000 0.424
746.000 0.425
747.000 0.426
748.000 0.427
749.000 0.428
750.000 0.429
751.000 0.430
752.000 0.431
753.000 0.432
754.000 0.432
755.000 0.433
756.000 0.434
757.000 0.434
758.000 0.434
759.000 0.433
760.000 0.429
761.000 0.425
762.000 0.424
763.000 0.425
764.000 0.427
765.000 0.429
766.000 0.433
767.000 0.434
768.000 0.437
769.000 0.438
770.000 0.438
771.000 0.439
772.000 0.440
773.000 0.440
774.000 0.441
775.000 0.440
776.000 0.441
777.000 0.442
778.000 0.442
779.000 0.441
780.000 0.442
781.000 0.442
782.000 0.442
783.000 0.442
784.000 0.443
785.000 0.443
786.000 0.442
787.000 0.442
788.000 0.442
789.000 0.441
790.000 0.441
791.000 0.442
792.000 0.442
793.000 0.443
794.000 0.443
795.000 0.443
796.000 0.443
797.000 0.443
798.000 0.444
799.000 0.443
800.000 0.444
801.000 0.444
802.000 0.444
803.000 0.444
804.000 0.445
805.000 0.445
806.000 0.446
807.000 0.446
808.000 0.446
809.000 0.446
810.000 0.445
811.000 0.444
812.000 0.443
813.000 0.442
814.000 0.440
815.000 0.438
816.000 0.438
817.000 0.438
818.000 0.439
819.000 0.441
820.000 0.442
821.000 0.442
822.000 0.442
823.000 0.442
824.000 0.442
825.000 0.444
826.000 0.444
827.000 0.445
828.000 0.445
829.000 0.444
830.000 0.445
831.000 0.446
832.000 0.447
833.000 0.447
834.000 0.448
835.000 0.449
836.000 0.449
837.000 0.450
838.000 0.450
839.000 0.451
840.000 0.451
841.000 0.452
842.000 0.453
843.000 0.453
844.000 0.454
845.000 0.454
846.000 0.455
847.000 0.455
848.000 0.455
849.000 0.455
850.000 0.455
851.000 0.456
852.000 0.456
853.000 0.455
854.000 0.456
855.000 0.456
856.000 0.457
857.000 0.457
858.000 0.457
859.000 0.457
860.000 0.457
861.000 0.457
862.000 0.458
863.000 0.458
864.000 0.459
865.000 0.459
866.000 0.459
867.000 0.459
868.000 0.459
869.000 0.459
870.000 0.459
871.000 0.459
872.000 0.460
873.000 0.460
874.000 0.460
875.000 0.460
876.000 0.460
877.000 0.461
878.000 0.460
879.000 0.460
880.000 0.461
881.000 0.461
882.000 0.461
883.000 0.461
884.000 0.461
885.000 0.461
886.000 0.461
887.000 0.461
888.000 0.461
889.000 0.461
890.000 0.461
891.000 0.460
892.000 0.460
893.000 0.459
894.000 0.458
895.000 0.457
896.000 0.455
897.000 0.454
898.000 0.452
899.000 0.452
900.000 0.452
901.000 0.452
902.000 0.453
903.000 0.454
904.000 0.454
905.000 0.454
906.000 0.453
907.000 0.453
908.000 0.453
909.000 0.452
910.000 0.451
911.000 0.450
912.000 0.451
913.000 0.450
914.000 0.450
915.000 0.450
916.000 0.451
917.000 0.452
918.000 0.452
919.000 0.454
920.000 0.455
921.000 0.456
922.000 0.456
923.000 0.456
924.000 0.456
925.000 0.454
926.000 0.453
927.000 0.451
928.000 0.449
929.000 0.446
930.000 0.444
931.000 0.441
932.000 0.437
933.000 0.433
934.000 0.430
935.000 0.428
936.000 0.428
937.000 0.429
938.000 0.429
939.000 0.430
940.000 0.432
941.000 0.432
942.000 0.431
943.000 0.431
944.000 0.430
945.000 0.430
946.000 0.432
947.000 0.434
948.000 0.434
949.000 0.433
950.000 0.433
951.000 0.434
952.000 0.435
953.000 0.434
954.000 0.434
955.000 0.436
956.000 0.436
957.000 0.436
958.000 0.437
959.000 0.440
960.000 0.443
961.000 0.444
962.000 0.445
963.000 0.447
964.000 0.449
965.000 0.448
966.000 0.449
967.000 0.452
968.000 0.455
969.000 0.455
970.000 0.455
971.000 0.455
972.000 0.457
973.000 0.458
974.000 0.458
975.000 0.458
976.000 0.457
977.000 0.459
978.000 0.459
979.000 0.458
980.000 0.460
981.000 0.463
982.000 0.465
983.000 0.466
984.000 0.464
985.000 0.465
986.000 0.468
987.000 0.469
988.000 0.468
989.000 0.469
990.000 0.471
991.000 0.473
992.000 0.473
993.000 0.471
994.000 0.472
995.000 0.473
996.000 0.474
997.000 0.473
998.000 0.473
999.000 0.474
1000.000 0.474
1001.000 0.477
1002.000 0.477
1003.000 0.477
1004.000 0.476
1005.000 0.476
1006.000 0.477
1007.000 0.477
1008.000 0.479
1009.000 0.479
1010.000 0.479
1011.000 0.479
1012.000 0.479
1013.000 0.479
1014.000 0.479
1015.000 0.480
1016.000 0.482
1017.000 0.482
1018.000 0.483
1019.000 0.483
1020.000 0.483
1021.000 0.483
1022.000 0.482
1023.000 0.481
1024.000 0.481
1025.000 0.481
1026.000 0.482
1027.000 0.483
1028.000 0.484
1029.000 0.484
1030.000 0.485
1031.000 0.485
1032.000 0.486
1033.000 0.486
1034.000 0.486
1035.000 0.486
1036.000 0.486
1037.000 0.486
1038.000 0.486
1039.000 0.486
1040.000 0.486
1041.000 0.486
1042.000 0.486
1043.000 0.486
1044.000 0.485
1045.000 0.485
1046.000 0.486
1047.000 0.487
1048.000 0.487
1049.000 0.487
1050.000 0.488
1051.000 0.488
1052.000 0.489
1053.000 0.488
1054.000 0.488
1055.000 0.488
1056.000 0.488
1057.000 0.488
1058.000 0.489
1059.000 0.489
1060.000 0.489
1061.000 0.489
1062.000 0.489
1063.000 0.489
1064.000 0.490
1065.000 0.489
1066.000 0.489
1067.000 0.489
1068.000 0.489
1069.000 0.489
1070.000 0.489
1071.000 0.489
1072.000 0.489
1073.000 0.490
1074.000 0.490
1075.000 0.490
1076.000 0.489
1077.000 0.489
1078.000 0.489
1079.000 0.489
1080.000 0.489
1081.000 0.489
1082.000 0.489
1083.000 0.489
1084.000 0.489
1085.000 0.489
1086.000 0.489
1087.000 0.489
1088.000 0.489
1089.000 0.489
1090.000 0.488
1091.000 0.488
1092.000 0.488
1093.000 0.487
1094.000 0.487
1095.000 0.487
1096.000 0.485
1097.000 0.484
1098.000 0.484
1099.000 0.484
1100.000 0.483
1101.000 0.483
1102.000 0.482
1103.000 0.481
1104.000 0.481
1105.000 0.480
1106.000 0.479
1107.000 0.478
1108.000 0.477
1109.000 0.476
1110.000 0.475
1111.000 0.474
1112.000 0.473
1113.000 0.470
1114.000 0.468
1115.000 0.465
1116.000 0.461
1117.000 0.458
1118.000 0.454
1119.000 0.450
1120.000 0.445
1121.000 0.445
1122.000 0.443
1123.000 0.441
1124.000 0.440
1125.000 0.440
1126.000 0.442
1127.000 0.443
1128.000 0.447
1129.000 0.448
1130.000 0.450
1131.000 0.449
1132.000 0.451
1133.000 0.452
1134.000 0.453
1135.000 0.455
1136.000 0.456
1137.000 0.456
1138.000 0.456
1139.000 0.456
1140.000 0.455
1141.000 0.452
1142.000 0.451
1143.000 0.451
1144.000 0.452
1145.000 0.453
1146.000 0.455
1147.000 0.455
1148.000 0.455
1149.000 0.456
1150.000 0.456
1151.000 0.457
1152.000 0.458
1153.000 0.459
1154.000 0.462
1155.000 0.464
1156.000 0.466
1157.000 0.467
1158.000 0.467
1159.000 0.469
1160.000 0.471
1161.000 0.473
1162.000 0.476
1163.000 0.478
1164.000 0.479
1165.000 0.480
1166.000 0.482
1167.000 0.482
1168.000 0.483
1169.000 0.483
1170.000 0.482
1171.000 0.483
1172.000 0.484
1173.000 0.485
1174.000 0.485
1175.000 0.487
1176.000 0.487
1177.000 0.487
1178.000 0.487
1179.000 0.488
1180.000 0.487
1181.000 0.487
1182.000 0.487
1183.000 0.486
1184.000 0.486
1185.000 0.487
1186.000 0.488
1187.000 0.488
1188.000 0.489
1189.000 0.489
1190.000 0.489
1191.000 0.489
1192.000 0.489
1193.000 0.490
1194.000 0.490
1195.000 0.491
1196.000 0.491
1197.000 0.492
1198.000 0.492
1199.000 0.492
1200.000 0.492
1201.000 0.492
1202.000 0.494
1203.000 0.494
1204.000 0.493
1205.000 0.494
1206.000 0.493
1207.000 0.493
1208.000 0.493
1209.000 0.494
1210.000 0.494
1211.000 0.495
1212.000 0.496
1213.000 0.497
1214.000 0.497
1215.000 0.497
1216.000 0.498
1217.000 0.498
1218.000 0.499
1219.000 0.498
1220.000 0.499
1221.000 0.499
1222.000 0.499
1223.000 0.501
1224.000 0.502
1225.000 0.502
1226.000 0.503
1227.000 0.503
1228.000 0.504
1229.000 0.504
1230.000 0.503
1231.000 0.504
1232.000 0.505
1233.000 0.505
1234.000 0.505
1235.000 0.506
1236.000 0.506
1237.000 0.506
1238.000 0.507
1239.000 0.508
1240.000 0.508
1241.000 0.509
1242.000 0.509
1243.000 0.509
1244.000 0.508
1245.000 0.509
1246.000 0.509
1247.000 0.509
1248.000 0.510
1249.000 0.510
1250.000 0.511
1251.000 0.511
1252.000 0.512
1253.000 0.512
1254.000 0.512
1255.000 0.512
1256.000 0.512
1257.000 0.511
1258.000 0.511
1259.000 0.511
1260.000 0.511
1261.000 0.512
1262.000 0.511
1263.000 0.511
1264.000 0.511
1265.000 0.511
1266.000 0.510
1267.000 0.510
1268.000 0.510
1269.000 0.509
1270.000 0.510
1271.000 0.511
1272.000 0.511
1273.000 0.511
1274.000 0.512
1275.000 0.513
1276.000 0.514
1277.000 0.515
1278.000 0.515
1279.000 0.516
1280.000 0.516
1281.000 0.516
1282.000 0.516
1283.000 0.516
1284.000 0.515
1285.000 0.514
1286.000 0.514
1287.000 0.514
1288.000 0.513
1289.000 0.513
1290.000 0.513
1291.000 0.513
1292.000 0.513
1293.000 0.513
1294.000 0.513
1295.000 0.512
1296.000 0.512
1297.000 0.511
1298.000 0.511
1299.000 0.511
1300.000 0.510
1301.000 0.509
1302.000 0.509
1303.000 0.508
1304.000 0.508
1305.000 0.507
1306.000 0.506
1307.000 0.505
1308.000 0.504
1309.000 0.503
1310.000 0.503
1311.000 0.501
1312.000 0.500
1313.000 0.498
1314.000 0.497
1315.000 0.496
1316.000 0.496
1317.000 0.495
1318.000 0.495
1319.000 0.494
1320.000 0.494
1321.000 0.493
1322.000 0.493
1323.000 0.491
1324.000 0.490
1325.000 0.488
1326.000 0.485
1327.000 0.483
1328.000 0.480
1329.000 0.479
1330.000 0.478
1331.000 0.477
1332.000 0.478
1333.000 0.478
1334.000 0.476
1335.000 0.475
1336.000 0.471
1337.000 0.469
1338.000 0.468
1339.000 0.467
1340.000 0.468
1341.000 0.468
1342.000 0.465
1343.000 0.463
1344.000 0.458
1345.000 0.454
1346.000 0.452
1347.000 0.449
1348.000 0.446
1349.000 0.448
1350.000 0.447
1351.000 0.440
1352.000 0.437
1353.000 0.452
1354.000 0.442
1355.000 0.417
1356.000 0.391
1357.000 0.302
1358.000 0.228
1359.000 0.246
1360.000 0.256
1361.000 0.210
1362.000 0.220
1363.000 0.186
1364.000 0.197
1365.000 0.201
1366.000 0.237
1367.000 0.285
1368.000 0.279
1369.000 0.321
1370.000 0.315
1371.000 0.170
1372.000 0.217
1373.000 0.325
1374.000 0.428
1375.000 0.408
1376.000 0.334
1377.000 0.270
1378.000 0.219
1379.000 0.222
1380.000 0.385
1381.000 0.425
1382.000 0.368
1383.000 0.391
1384.000 0.504
1385.000 0.411
1386.000 0.259
1387.000 0.739
1388.000 0.288
1389.000 0.321
1390.000 0.326
1391.000 0.325
1392.000 0.316
1393.000 0.271
1394.000 0.238
1395.000 0.284
1396.000 0.351
1397.000 0.412
1398.000 0.423
1399.000 0.347
1400.000 0.442
1401.000 0.500
1402.000 0.524
1403.000 0.519
1404.000 0.559
1405.000 0.571
1406.000 0.225
1407.000 0.172
1408.000 0.142
1409.000 0.165
1410.000 0.270
1411.000 0.232
1412.000 0.226
1413.000 0.377
1414.000 0.309
1415.000 0.291
1416.000 0.288
1417.000 0.234
1418.000 0.243
1419.000 0.268
1420.000 0.364
1421.000 0.318
1422.000 0.305
1423.000 0.300
1424.000 0.296
1425.000 0.233
1426.000 0.243
1427.000 0.289
1428.000 0.318
1429.000 0.392
1430.000 0.385
1431.000 0.367
1432.000 0.308
1433.000 0.227
1434.000 0.200
1435.000 0.189
1436.000 0.197
1437.000 0.200
1438.000 0.192
1439.000 0.196
1440.000 0.197
1441.000 0.178
1442.000 0.190
1443.000 0.206
1444.000 0.211
1445.000 0.208
1446.000 0.212
1447.000 0.208
1448.000 0.210
1449.000 0.229
1450.000 0.239
1451.000 0.231
1452.000 0.243
1453.000 0.243
1454.000 0.232
1455.000 0.236
1456.000 0.249
1457.000 0.255
1458.000 0.260
1459.000 0.260
1460.000 0.256
1461.000 0.251
1462.000 0.244
1463.000 0.242
1464.000 0.246
1465.000 0.247
1466.000 0.256
1467.000 0.253
1468.000 0.243
1469.000 0.239
1470.000 0.238
1471.000 0.233
1472.000 0.227
1473.000 0.226
1474.000 0.216
1475.000 0.217
1476.000 0.222
1477.000 0.228
1478.000 0.240
1479.000 0.248
1480.000 0.258
1481.000 0.263
1482.000 0.263
1483.000 0.265
1484.000 0.259
1485.000 0.264
1486.000 0.277
1487.000 0.284
1488.000 0.296
1489.000 0.301
1490.000 0.300
1491.000 0.300
1492.000 0.295
1493.000 0.297
1494.000 0.303
1495.000 0.306
1496.000 0.314
1497.000 0.317
1498.000 0.318
1499.000 0.317
1500.000 0.318
1501.000 0.319
1502.000 0.320
1503.000 0.322
1504.000 0.325
1505.000 0.328
1506.000 0.330
1507.000 0.334
1508.000 0.336
1509.000 0.334
1510.000 0.336
1511.000 0.340
1512.000 0.340
1513.000 0.340
1514.000 0.340
1515.000 0.336
1516.000 0.336
1517.000 0.339
1518.000 0.341
1519.000 0.343
1520.000 0.345
1521.000 0.347
1522.000 0.348
1523.000 0.348
1524.000 0.349
1525.000 0.350
1526.000 0.351
1527.000 0.354
1528.000 0.356
1529.000 0.356
1530.000 0.357
1531.000 0.360
1532.000 0.362
1533.000 0.367
1534.000 0.369
1535.000 0.369
1536.000 0.369
1537.000 0.369
1538.000 0.369
1539.000 0.369
1540.000 0.370
1541.000 0.373
1542.000 0.375
1543.000 0.377
1544.000 0.378
1545.000 0.378
1546.000 0.379
1547.000 0.380
1548.000 0.381
1549.000 0.385
1550.000 0.386
1551.000 0.388
1552.000 0.389
1553.000 0.387
1554.000 0.387
1555.000 0.386
1556.000 0.386
1557.000 0.386
1558.000 0.387
1559.000 0.388
1560.000 0.390
1561.000 0.394
1562.000 0.396
1563.000 0.399
1564.000 0.401
1565.000 0.401
1566.000 0.401
1567.000 0.401
1568.000 0.400
1569.000 0.400
1570.000 0.400
1571.000 0.400
1572.000 0.401
1573.000 0.401
1574.000 0.402
1575.000 0.403
1576.000 0.404
1577.000 0.405
1578.000 0.405
1579.000 0.406
1580.000 0.408
1581.000 0.410
1582.000 0.411
1583.000 0.413
1584.000 0.415
1585.000 0.416
1586.000 0.418
1587.000 0.420
1588.000 0.421
1589.000 0.422
1590.000 0.422
1591.000 0.420
1592.000 0.419
1593.000 0.421
1594.000 0.421
1595.000 0.423
1596.000 0.424
1597.000 0.424
1598.000 0.425
1599.000 0.425
1600.000 0.425
1601.000 0.426
1602.000 0.425
1603.000 0.424
1604.000 0.424
1605.000 0.427
1606.000 0.428
1607.000 0.431
1608.000 0.433
1609.000 0.433
1610.000 0.432
1611.000 0.432
1612.000 0.432
1613.000 0.434
1614.000 0.434
1615.000 0.434
1616.000 0.433
1617.000 0.430
1618.000 0.428
1619.000 0.427
1620.000 0.427
1621.000 0.430
1622.000 0.432
1623.000 0.435
1624.000 0.437
1625.000 0.436
1626.000 0.435
1627.000 0.434
1628.000 0.433
1629.000 0.434
1630.000 0.435
1631.000 0.436
1632.000 0.437
1633.000 0.438
1634.000 0.439
1635.000 0.438
1636.000 0.438
1637.000 0.437
1638.000 0.436
1639.000 0.435
1640.000 0.434
1641.000 0.437
1642.000 0.439
1643.000 0.440
1644.000 0.441
1645.000 0.444
1646.000 0.445
1647.000 0.445
1648.000 0.445
1649.000 0.443
1650.000 0.443
1651.000 0.445
1652.000 0.446
1653.000 0.447
1654.000 0.448
1655.000 0.448
1656.000 0.448
1657.000 0.446
1658.000 0.445
1659.000 0.443
1660.000 0.443
1661.000 0.447
1662.000 0.448
1663.000 0.449
1664.000 0.449
1665.000 0.448
1666.000 0.447
1667.000 0.447
1668.000 0.448
1669.000 0.451
1670.000 0.451
1671.000 0.451
1672.000 0.451
1673.000 0.448
1674.000 0.448
1675.000 0.450
1676.000 0.451
1677.000 0.454
1678.000 0.455
1679.000 0.454
1680.000 0.453
1681.000 0.451
1682.000 0.451
1683.000 0.452
1684.000 0.452
1685.000 0.452
1686.000 0.452
1687.000 0.450
1688.000 0.450
1689.000 0.448
1690.000 0.449
1691.000 0.451
1692.000 0.451
1693.000 0.455
1694.000 0.455
1695.000 0.453
1696.000 0.452
1697.000 0.450
1698.000 0.448
1699.000 0.448
1700.000 0.447
1701.000 0.445
1702.000 0.445
1703.000 0.444
1704.000 0.443
1705.000 0.444
1706.000 0.444
1707.000 0.447
1708.000 0.447
1709.000 0.449
1710.000 0.450
1711.000 0.450
1712.000 0.450
1713.000 0.447
1714.000 0.443
1715.000 0.440
1716.000 0.440
1717.000 0.440
1718.000 0.441
1719.000 0.441
1720.000 0.439
1721.000 0.438
1722.000 0.438
1723.000 0.440
1724.000 0.441
1725.000 0.441
1726.000 0.438
1727.000 0.437
1728.000 0.437
1729.000 0.436
1730.000 0.434
1731.000 0.431
1732.000 0.427
1733.000 0.426
1734.000 0.430
1735.000 0.431
1736.000 0.430
1737.000 0.429
1738.000 0.426
1739.000 0.424
1740.000 0.423
1741.000 0.423
1742.000 0.425
1743.000 0.426
1744.000 0.428
1745.000 0.428
1746.000 0.427
1747.000 0.425
1748.000 0.424
1749.000 0.422
1750.000 0.420
1751.000 0.416
1752.000 0.409
1753.000 0.405
1754.000 0.401
1755.000 0.400
1756.000 0.403
1757.000 0.403
1758.000 0.402
1759.000 0.401
1760.000 0.399
1761.000 0.401
1762.000 0.407
1763.000 0.411
1764.000 0.414
1765.000 0.411
1766.000 0.408
1767.000 0.402
1768.000 0.397
1769.000 0.401
1770.000 0.403
1771.000 0.408
1772.000 0.415
1773.000 0.418
1774.000 0.416
1775.000 0.411
1776.000 0.410
1777.000 0.401
1778.000 0.391
1779.000 0.386
1780.000 0.377
1781.000 0.370
1782.000 0.369
1783.000 0.362
1784.000 0.353
1785.000 0.346
1786.000 0.343
1787.000 0.357
1788.000 0.364
1789.000 0.374
1790.000 0.379
1791.000 0.367
1792.000 0.362
1793.000 0.352
1794.000 0.343
1795.000 0.365
1796.000 0.361
1797.000 0.347
1798.000 0.339
1799.000 0.321
1800.000 0.305
1801.000 0.384
1802.000 0.385
1803.000 0.357
1804.000 0.411
1805.000 0.390
1806.000 0.381
1807.000 0.436
1808.000 0.532
1809.000 0.513
1810.000 0.592
1811.000 0.579
1812.000 0.500
1813.000 0.495
1814.000 0.526
1815.000 0.509
1816.000 0.552
1817.000 0.601
1818.000 0.595
1819.000 0.697
1820.000 0.552
1821.000 0.416
1822.000 0.454
1823.000 0.497
1824.000 0.521
1825.000 0.536
1826.000 0.383
1827.000 0.357
1828.000 0.507
1829.000 0.479
1830.000 0.510
1831.000 0.435
1832.000 0.468
1833.000 0.529
1834.000 0.528
1835.000 0.480
1836.000 0.538
1837.000 0.574
1838.000 0.524
1839.000 0.379
1840.000 0.364
1841.000 0.360
1842.000 0.439
1843.000 0.342
1844.000 0.320
1845.000 0.467
1846.000 0.474
1847.000 0.492
1848.000 0.559
1849.000 0.532
1850.000 0.445
1851.000 0.408
1852.000 0.456
1853.000 0.463
1854.000 0.401
1855.000 0.400
1856.000 0.398
1857.000 0.349
1858.000 0.400
1859.000 0.334
1860.000 0.587
1861.000 0.581
1862.000 0.621
1863.000 0.667
1864.000 0.701
1865.000 0.624
1866.000 0.603
1867.000 0.543
1868.000 0.550
1869.000 0.520
1870.000 0.591
1871.000 0.485
1872.000 0.450
1873.000 0.572
1874.000 0.615
1875.000 0.682
1876.000 0.579
1877.000 0.405
1878.000 0.500
1879.000 0.440
1880.000 0.542
1881.000 0.581
1882.000 0.603
1883.000 0.572
1884.000 0.379
1885.000 0.590
1886.000 0.506
1887.000 0.556
1888.000 0.580
1889.000 0.386
1890.000 0.384
1891.000 0.484
1892.000 0.560
1893.000 0.724
1894.000 0.463
1895.000 0.454
1896.000 0.378
1897.000 0.363
1898.000 0.453
1899.000 0.535
1900.000 0.690
1901.000 0.196
1902.000 0.159
1903.000 0.166
1904.000 0.194
1905.000 0.209
1906.000 0.398
1907.000 0.454
1908.000 0.522
1909.000 0.607
1910.000 0.695
1911.000 0.464
1912.000 0.392
1913.000 0.396
1914.000 0.402
1915.000 0.345
1916.000 0.353
1917.000 0.417
1918.000 0.419
1919.000 0.712
1920.000 0.645
1921.000 0.651
1922.000 0.413
1923.000 0.453
1924.000 0.416
1925.000 0.402
1926.000 0.395
1927.000 0.457
1928.000 0.612
1929.000 0.539
1930.000 0.478
1931.000 0.513
1932.000 0.584
1933.000 0.596
1934.000 0.494
1935.000 0.648
1936.000 0.673
1937.000 0.499
1938.000 0.510
1939.000 0.458
1940.000 0.619
1941.000 0.499
1942.000 0.410
1943.000 0.593
1944.000 0.591
1945.000 0.614
1946.000 0.402
1947.000 0.387
1948.000 0.453
1949.000 0.505
1950.000 0.535
1951.000 0.519
1952.000 0.506
1953.000 0.230
1954.000 0.552
1955.000 0.214
1956.000 0.318
1957.000 0.401
1958.000 0.367
1959.000 0.513
1960.000 0.346
1961.000 0.338
1962.000 0.397
1963.000 0.403
1964.000 0.379
1965.000 0.377
1966.000 0.422
1967.000 0.474
1968.000 0.427
1969.000 0.366
1970.000 0.287
1971.000 0.255
1972.000 0.254
1973.000 0.240
1974.000 0.282
1975.000 0.277
1976.000 0.224
1977.000 0.221
1978.000 0.217
1979.000 0.235
1980.000 0.269
1981.000 0.287
1982.000 0.323
1983.000 0.308
1984.000 0.281
1985.000 0.301
1986.000 0.294
1987.000 0.273
1988.000 0.279
1989.000 0.305
1990.000 0.305
1991.000 0.300
1992.000 0.306
1993.000 0.281
1994.000 0.241
1995.000 0.226
1996.000 0.222
1997.000 0.248
1998.000 0.268
1999.000 0.278
2000.000 0.297
2001.000 0.315
2002.000 0.287
2003.000 0.304
2004.000 0.421
2005.000 0.451
2006.000 0.432
2007.000 0.420
2008.000 0.358
2009.000 0.332
2010.000 0.297
2011.000 0.281
2012.000 0.317
2013.000 0.326
2014.000 0.330
2015.000 0.367
2016.000 0.363
2017.000 0.313
2018.000 0.290
2019.000 0.293
2020.000 0.316
2021.000 0.313
2022.000 0.260
2023.000 0.242
2024.000 0.218
2025.000 0.209
2026.000 0.208
2027.000 0.216
2028.000 0.252
2029.000 0.265
2030.000 0.265
2031.000 0.278
2032.000 0.290
2033.000 0.292
2034.000 0.292
2035.000 0.312
2036.000 0.294
2037.000 0.284
2038.000 0.293
2039.000 0.275
2040.000 0.273
2041.000 0.283
2042.000 0.282
2043.000 0.274
2044.000 0.274
2045.000 0.276
2046.000 0.269
2047.000 0.262
2048.000 0.254
2049.000 0.233
2050.000 0.229
2051.000 0.242
2052.000 0.249
2053.000 0.268
2054.000 0.271
2055.000 0.273
2056.000 0.291
2057.000 0.292
2058.000 0.287
2059.000 0.285
2060.000 0.263
2061.000 0.260
2062.000 0.268
2063.000 0.277
2064.000 0.301
2065.000 0.319
2066.000 0.343
2067.000 0.352
2068.000 0.334
2069.000 0.329
2070.000 0.318
2071.000 0.293
2072.000 0.281
2073.000 0.277
2074.000 0.268
2075.000 0.256
2076.000 0.256
2077.000 0.257
2078.000 0.262
2079.000 0.283
2080.000 0.289
2081.000 0.283
2082.000 0.289
2083.000 0.290
2084.000 0.275
2085.000 0.275
2086.000 0.274
2087.000 0.273
2088.000 0.276
2089.000 0.274
2090.000 0.264
2091.000 0.266
2092.000 0.272
2093.000 0.280
2094.000 0.307
2095.000 0.318
2096.000 0.319
2097.000 0.319
2098.000 0.315
2099.000 0.303
2100.000 0.292
2101.000 0.281
2102.000 0.280
2103.000 0.282
2104.000 0.284
2105.000 0.296
2106.000 0.296
2107.000 0.286
2108.000 0.286
2109.000 0.281
2110.000 0.288
2111.000 0.318
2112.000 0.332
2113.000 0.354
2114.000 0.366
2115.000 0.365
2116.000 0.359
2117.000 0.341
2118.000 0.327
2119.000 0.315
2120.000 0.314
2121.000 0.323
2122.000 0.339
2123.000 0.342
2124.000 0.335
2125.000 0.336
2126.000 0.334
2127.000 0.334
2128.000 0.337
2129.000 0.339
2130.000 0.337
2131.000 0.336
2132.000 0.346
2133.000 0.345
2134.000 0.333
2135.000 0.327
2136.000 0.319
2137.000 0.308
2138.000 0.320
2139.000 0.329
2140.000 0.328
2141.000 0.337
2142.000 0.344
2143.000 0.347
2144.000 0.351
2145.000 0.366
2146.000 0.367
2147.000 0.361
2148.000 0.352
2149.000 0.331
2150.000 0.325
2151.000 0.318
2152.000 0.317
2153.000 0.329
2154.000 0.336
2155.000 0.344
2156.000 0.355
2157.000 0.358
2158.000 0.356
2159.000 0.347
2160.000 0.333
2161.000 0.326
2162.000 0.319
2163.000 0.321
2164.000 0.331
2165.000 0.335
2166.000 0.343
2167.000 0.350
2168.000 0.354
2169.000 0.355
2170.000 0.358
2171.000 0.356
2172.000 0.343
2173.000 0.342
2174.000 0.353
2175.000 0.349
2176.000 0.347
2177.000 0.332
2178.000 0.317
2179.000 0.312
2180.000 0.299
2181.000 0.295
2182.000 0.297
2183.000 0.290
2184.000 0.296
2185.000 0.321
2186.000 0.331
2187.000 0.340
2188.000 0.344
2189.000 0.344
2190.000 0.337
2191.000 0.321
2192.000 0.309
2193.000 0.287
2194.000 0.283
2195.000 0.291
2196.000 0.298
2197.000 0.316
2198.000 0.331
2199.000 0.347
2200.000 0.355
2201.000 0.357
2202.000 0.364
2203.000 0.358
2204.000 0.361
2205.000 0.376
2206.000 0.382
2207.000 0.383
2208.000 0.373
2209.000 0.355
2210.000 0.321
2211.000 0.313
2212.000 0.310
2213.000 0.309
2214.000 0.321
2215.000 0.327
2216.000 0.325
2217.000 0.332
2218.000 0.353
2219.000 0.359
2220.000 0.360
2221.000 0.358
2222.000 0.341
2223.000 0.333
2224.000 0.328
2225.000 0.326
2226.000 0.330
2227.000 0.331
2228.000 0.328
2229.000 0.331
2230.000 0.340
2231.000 0.342
2232.000 0.335
2233.000 0.325
2234.000 0.307
2235.000 0.294
2236.000 0.291
2237.000 0.296
2238.000 0.306
2239.000 0.332
2240.000 0.335
2241.000 0.332
2242.000 0.335
2243.000 0.329
2244.000 0.326
2245.000 0.333
2246.000 0.331
2247.000 0.310
2248.000 0.302
2249.000 0.301
2250.000 0.300
2251.000 0.303
2252.000 0.305
2253.000 0.308
2254.000 0.307
2255.000 0.299
2256.000 0.303
2257.000 0.311
2258.000 0.318
2259.000 0.336
2260.000 0.332
2261.000 0.318
2262.000 0.302
2263.000 0.283
2264.000 0.269
2265.000 0.257
2266.000 0.250
2267.000 0.255
2268.000 0.273
2269.000 0.292
2270.000 0.309
2271.000 0.327
2272.000 0.321
2273.000 0.328
2274.000 0.343
2275.000 0.349
2276.000 0.357
2277.000 0.352
2278.000 0.326
2279.000 0.313
2280.000 0.295
2281.000 0.287
2282.000 0.295
2283.000 0.289
2284.000 0.271
2285.000 0.266
2286.000 0.263
2287.000 0.262
2288.000 0.279
2289.000 0.290
2290.000 0.295
2291.000 0.300
2292.000 0.298
2293.000 0.300
2294.000 0.315
2295.000 0.317
2296.000 0.297
2297.000 0.302
2298.000 0.337
2299.000 0.324
2300.000 0.342
2301.000 0.363
2302.000 0.350
2303.000 0.337
2304.000 0.332
2305.000 0.337
2306.000 0.333
2307.000 0.335
2308.000 0.340
2309.000 0.332
2310.000 0.314
2311.000 0.294
2312.000 0.248
2313.000 0.236
2314.000 0.229
2315.000 0.205
2316.000 0.206
2317.000 0.197
2318.000 0.205
2319.000 0.216
2320.000 0.248
2321.000 0.279
2322.000 0.291
2323.000 0.279
2324.000 0.244
2325.000 0.234
2326.000 0.225
2327.000 0.215
2328.000 0.217
2329.000 0.231
2330.000 0.237
2331.000 0.243
2332.000 0.257
2333.000 0.302
2334.000 0.315
2335.000 0.367
2336.000 0.372
2337.000 0.290
2338.000 0.261
2339.000 0.213
2340.000 0.227
2341.000 0.273
2342.000 0.353
2343.000 0.434
2344.000 0.464
2345.000 0.291
2346.000 0.393
2347.000 0.382
2348.000 0.318
2349.000 0.384
2350.000 0.407
2351.000 0.379
2352.000 0.378
2353.000 0.302
2354.000 0.276
2355.000 0.258
2356.000 0.234
2357.000 0.247
2358.000 0.231
2359.000 0.152
2360.000 0.165
2361.000 0.148
2362.000 0.119
2363.000 0.134
2364.000 0.222
2365.000 0.383
2366.000 0.469
2367.000 0.197
2368.000 0.357
2369.000 0.307
2370.000 0.317
2371.000 0.353
2372.000 0.301
2373.000 0.509
2374.000 0.512
2375.000 0.398
2376.000 0.373
2377.000 0.366
2378.000 0.252
2379.000 0.304
2380.000 0.353
2381.000 0.485
2382.000 0.551
2383.000 0.258
2384.000 0.322
2385.000 0.237
2386.000 0.205
2387.000 0.369
2388.000 0.479
2389.000 0.605
2390.000 0.278
2391.000 0.409
2392.000 0.455
2393.000 0.348
2394.000 0.305
2395.000 0.395
2396.000 0.250
2397.000 0.312
2398.000 0.316
2399.000 0.293
2400.000 0.434
2401.000 0.511
2402.000 0.505
2403.000 0.799
2404.000 0.472
2405.000 0.334
2406.000 0.222
2407.000 0.288
2408.000 0.416
2409.000 0.543
2410.000 0.586
2411.000 0.508
2412.000 0.476
2413.000 0.531
2414.000 0.657
2415.000 0.137
2416.000 0.224
2417.000 0.257
2418.000 0.647
2419.000 0.341
2420.000 0.450
2421.000 0.535
2422.000 0.633
2423.000 0.681
2424.000 0.462
2425.000 0.299
2426.000 0.210
2427.000 0.212
2428.000 0.319
2429.000 0.348
2430.000 0.447
2431.000 0.428
2432.000 0.435
2433.000 0.413
2434.000 0.263
2435.000 0.319
2436.000 0.480
2437.000 0.475
2438.000 0.430
2439.000 0.315
2440.000 0.302
2441.000 0.322
2442.000 0.248
2443.000 0.238
2444.000 0.189
2445.000 0.186
2446.000 0.213
2447.000 0.164
2448.000 0.122
2449.000 0.321
2450.000 0.286
2451.000 0.295
2452.000 0.264
2453.000 0.250
2454.000 0.323
2455.000 0.541
2456.000 0.393
2457.000 0.353
2458.000 0.559
2459.000 0.448
2460.000 0.473
2461.000 0.184
2462.000 0.124
2463.000 0.106
2464.000 0.298
2465.000 0.303
2466.000 0.674
2467.000 0.506
2468.000 0.257
2469.000 0.128
2470.000 0.216
2471.000 0.304
2472.000 0.468
2473.000 0.467
2474.000 0.172
2475.000 0.130
2476.000 0.371
2477.000 0.493
2478.000 0.354
2479.000 0.308
2480.000 0.217
2481.000 0.269
2482.000 0.269
2483.000 0.258
2484.000 0.261
2485.000 0.742
2486.000 0.465
2487.000 0.219
2488.000 0.290
2489.000 0.419
2490.000 0.638
2491.000 0.725
2492.000 0.330
2493.000 0.460
2494.000 0.442
2495.000 0.223
2496.000 0.319
2497.000 0.421
2498.000 0.292
2499.000 0.249
2500.000 0.432
