391.000 0.028
392.000 0.028
393.000 0.029
394.000 0.030
395.000 0.030
396.000 0.029
397.000 0.029
398.000 0.028
399.000 0.029
400.000 0.030
401.000 0.030
402.000 0.029
403.000 0.029
404.000 0.030
405.000 0.030
406.000 0.028
407.000 0.028
408.000 0.030
409.000 0.030
410.000 0.029
411.000 0.030
412.000 0.030
413.000 0.029
414.000 0.029
415.000 0.030
416.000 0.029
417.000 0.028
418.000 0.029
419.000 0.029
420.000 0.029
421.000 0.029
422.000 0.029
423.000 0.029
424.000 0.030
425.000 0.030
426.000 0.029
427.000 0.029
428.000 0.029
429.000 0.029
430.000 0.029
431.000 0.029
432.000 0.029
433.000 0.029
434.000 0.030
435.000 0.029
436.000 0.029
437.000 0.030
438.000 0.029
439.000 0.029
440.000 0.029
441.000 0.029
442.000 0.030
443.000 0.030
444.000 0.029
445.000 0.029
446.000 0.030
447.000 0.030
448.000 0.030
449.000 0.030
450.000 0.030
451.000 0.030
452.000 0.030
453.000 0.030
454.000 0.030
455.000 0.030
456.000 0.030
457.000 0.030
458.000 0.030
459.000 0.030
460.000 0.030
461.000 0.031
462.000 0.030
463.000 0.030
464.000 0.031
465.000 0.031
466.000 0.031
467.000 0.030
468.000 0.030
469.000 0.031
470.000 0.031
471.000 0.031
472.000 0.031
473.000 0.031
474.000 0.031
475.000 0.031
476.000 0.031
477.000 0.030
478.000 0.030
479.000 0.031
480.000 0.031
481.000 0.031
482.000 0.030
483.000 0.031
484.000 0.031
485.000 0.031
486.000 0.031
487.000 0.032
488.000 0.032
489.000 0.031
490.000 0.032
491.000 0.032
492.000 0.032
493.000 0.032
494.000 0.032
495.000 0.032
496.000 0.033
497.000 0.033
498.000 0.034
499.000 0.034
500.000 0.034
501.000 0.035
502.000 0.036
503.000 0.036
504.000 0.037
505.000 0.037
506.000 0.038
507.000 0.039
508.000 0.040
509.000 0.041
510.000 0.043
511.000 0.043
512.000 0.045
513.000 0.046
514.000 0.048
515.000 0.049
516.000 0.051
517.000 0.053
518.000 0.055
519.000 0.057
520.000 0.059
521.000 0.061
522.000 0.062
523.000 0.065
524.000 0.066
525.000 0.068
526.000 0.070
527.000 0.072
528.000 0.074
529.000 0.076
530.000 0.078
531.000 0.079
532.000 0.080
533.000 0.081
534.000 0.083
535.000 0.084
536.000 0.085
537.000 0.085
538.000 0.086
539.000 0.087
540.000 0.088
541.000 0.088
542.000 0.088
543.000 0.089
544.000 0.089
545.000 0.090
546.000 0.090
547.000 0.090
548.000 0.091
549.000 0.091
550.000 0.091
551.000 0.091
552.000 0.091
553.000 0.091
554.000 0.091
555.000 0.091
556.000 0.091
557.000 0.091
558.000 0.091
559.000 0.090
560.000 0.090
561.000 0.089
562.000 0.088
563.000 0.087
564.000 0.086
565.000 0.085
566.000 0.084
567.000 0.083
568.000 0.082
569.000 0.081
570.000 0.079
571.000 0.078
572.000 0.077
573.000 0.076
574.000 0.075
575.000 0.074
576.000 0.073
577.000 0.072
578.000 0.072
579.000 0.071
580.000 0.070
581.000 0.069
582.000 0.069
583.000 0.069
584.000 0.068
585.000 0.067
586.000 0.066
587.000 0.066
588.000 0.066
589.000 0.065
590.000 0.065
591.000 0.065
592.000 0.064
593.000 0.064
594.000 0.063
595.000 0.063
596.000 0.063
597.000 0.063
598.000 0.063
599.000 0.063
600.000 0.062
601.000 0.062
602.000 0.062
603.000 0.062
604.000 0.061
605.000 0.061
606.000 0.061
607.000 0.060
608.000 0.060
609.000 0.059
610.000 0.059
611.000 0.059
612.000 0.058
613.000 0.058
614.000 0.058
615.000 0.057
616.000 0.057
617.000 0.056
618.000 0.055
619.000 0.055
620.000 0.055
621.000 0.055
622.000 0.055
623.000 0.055
624.000 0.054
625.000 0.054
626.000 0.055
627.000 0.055
628.000 0.054
629.000 0.054
630.000 0.054
631.000 0.054
632.000 0.054
633.000 0.054
634.000 0.054
635.000 0.053
636.000 0.053
637.000 0.052
638.000 0.052
639.000 0.052
640.000 0.050
641.000 0.050
642.000 0.049
643.000 0.049
644.000 0.047
645.000 0.047
646.000 0.047
647.000 0.046
648.000 0.046
649.000 0.045
650.000 0.045
651.000 0.044
652.000 0.044
653.000 0.044
654.000 0.044
655.000 0.044
656.000 0.044
657.000 0.043
658.000 0.043
659.000 0.043
660.000 0.043
661.000 0.042
662.000 0.042
663.000 0.042
664.000 0.041
665.000 0.041
666.000 0.040
667.000 0.040
668.000 0.040
669.000 0.040
670.000 0.040
671.000 0.040
672.000 0.040
673.000 0.040
674.000 0.041
675.000 0.041
676.000 0.041
677.000 0.041
678.000 0.042
679.000 0.043
680.000 0.043
681.000 0.044
682.000 0.044
683.000 0.046
684.000 0.047
685.000 0.048
686.000 0.050
687.000 0.052
688.000 0.054
689.000 0.056
690.000 0.058
691.000 0.061
692.000 0.064
693.000 0.068
694.000 0.072
695.000 0.077
696.000 0.082
697.000 0.087
698.000 0.093
699.000 0.099
700.000 0.106
701.000 0.112
702.000 0.119
703.000 0.126
704.000 0.133
705.000 0.140
706.000 0.148
707.000 0.154
708.000 0.162
709.000 0.169
710.000 0.177
711.000 0.184
712.000 0.191
713.000 0.200
714.000 0.207
715.000 0.215
716.000 0.222
717.000 0.230
718.000 0.238
719.000 0.247
720.000 0.256
721.000 0.264
722.000 0.271
723.000 0.278
724.000 0.286
725.000 0.294
726.000 0.301
727.000 0.308
728.000 0.315
729.000 0.322
730.000 0.328
731.000 0.335
732.000 0.340
733.000 0.346
734.000 0.351
735.000 0.356
736.000 0.361
737.000 0.366
738.000 0.370
739.000 0.374
740.000 0.378
741.000 0.382
742.000 0.385
743.000 0.388
744.000 0.391
745.000 0.394
746.000 0.397
747.000 0.399
748.000 0.401
749.000 0.403
750.000 0.405
751.000 0.407
752.000 0.408
753.000 0.409
754.000 0.411
755.000 0.412
756.000 0.413
757.000 0.415
758.000 0.416
759.000 0.416
760.000 0.417
761.000 0.419
762.000 0.420
763.000 0.420
764.000 0.420
765.000 0.421
766.000 0.421
767.000 0.422
768.000 0.423
769.000 0.422
770.000 0.423
771.000 0.424
772.000 0.424
773.000 0.425
774.000 0.425
775.000 0.426
776.000 0.426
777.000 0.426
778.000 0.427
779.000 0.427
780.000 0.427
781.000 0.428
782.000 0.428
783.000 0.428
784.000 0.429
785.000 0.429
786.000 0.429
787.000 0.429
788.000 0.429
789.000 0.430
790.000 0.429
791.000 0.430
792.000 0.430
793.000 0.431
794.000 0.431
795.000 0.431
796.000 0.432
797.000 0.432
798.000 0.432
799.000 0.433
800.000 0.433
801.000 0.433
802.000 0.433
803.000 0.434
804.000 0.434
805.000 0.435
806.000 0.435
807.000 0.435
808.000 0.435
809.000 0.435
810.000 0.436
811.000 0.436
812.000 0.435
813.000 0.435
814.000 0.435
815.000 0.435
816.000 0.435
817.000 0.435
818.000 0.436
819.000 0.437
820.000 0.437
821.000 0.437
822.000 0.437
823.000 0.437
824.000 0.438
825.000 0.438
826.000 0.438
827.000 0.439
828.000 0.439
829.000 0.439
830.000 0.439
831.000 0.439
832.000 0.439
833.000 0.439
834.000 0.440
835.000 0.440
836.000 0.441
837.000 0.440
838.000 0.441
839.000 0.441
840.000 0.441
841.000 0.442
842.000 0.442
843.000 0.443
844.000 0.443
845.000 0.443
846.000 0.443
847.000 0.443
848.000 0.443
849.000 0.443
850.000 0.444
851.000 0.444
852.000 0.444
853.000 0.444
854.000 0.444
855.000 0.444
856.000 0.445
857.000 0.445
858.000 0.445
859.000 0.445
860.000 0.445
861.000 0.446
862.000 0.446
863.000 0.446
864.000 0.446
865.000 0.446
866.000 0.446
867.000 0.446
868.000 0.447
869.000 0.447
870.000 0.447
871.000 0.447
872.000 0.447
873.000 0.447
874.000 0.448
875.000 0.448
876.000 0.448
877.000 0.448
878.000 0.448
879.000 0.448
880.000 0.448
881.000 0.448
882.000 0.448
883.000 0.448
884.000 0.448
885.000 0.448
886.000 0.449
887.000 0.449
888.000 0.449
889.000 0.449
890.000 0.449
891.000 0.450
892.000 0.449
893.000 0.449
894.000 0.449
895.000 0.448
896.000 0.448
897.000 0.447
898.000 0.447
899.000 0.444
900.000 0.444
901.000 0.444
902.000 0.445
903.000 0.445
904.000 0.448
905.000 0.448
906.000 0.445
907.000 0.445
908.000 0.444
909.000 0.445
910.000 0.444
911.000 0.444
912.000 0.444
913.000 0.444
914.000 0.443
915.000 0.444
916.000 0.444
917.000 0.444
918.000 0.444
919.000 0.444
920.000 0.445
921.000 0.445
922.000 0.448
923.000 0.448
924.000 0.447
925.000 0.446
926.000 0.442
927.000 0.442
928.000 0.441
929.000 0.439
930.000 0.438
931.000 0.437
932.000 0.434
933.000 0.432
934.000 0.429
935.000 0.426
936.000 0.425
937.000 0.425
938.000 0.424
939.000 0.425
940.000 0.424
941.000 0.423
942.000 0.424
943.000 0.424
944.000 0.423
945.000 0.421
946.000 0.419
947.000 0.417
948.000 0.418
949.000 0.420
950.000 0.417
951.000 0.416
952.000 0.416
953.000 0.415
954.000 0.413
955.000 0.413
956.000 0.413
957.000 0.412
958.000 0.410
959.000 0.410
960.000 0.408
961.000 0.409
962.000 0.410
963.000 0.409
964.000 0.409
965.000 0.409
966.000 0.410
967.000 0.411
968.000 0.411
969.000 0.411
970.000 0.411
971.000 0.412
972.000 0.412
973.000 0.412
974.000 0.412
975.000 0.411
976.000 0.410
977.000 0.411
978.000 0.412
979.000 0.413
980.000 0.413
981.000 0.413
982.000 0.413
983.000 0.413
984.000 0.415
985.000 0.416
986.000 0.416
987.000 0.416
988.000 0.417
989.000 0.417
990.000 0.418
991.000 0.418
992.000 0.418
993.000 0.419
994.000 0.419
995.000 0.420
996.000 0.421
997.000 0.422
998.000 0.422
999.000 0.422
1000.000 0.424
1001.000 0.426
1002.000 0.426
1003.000 0.427
1004.000 0.428
1005.000 0.428
1006.000 0.429
1007.000 0.430
1008.000 0.430
1009.000 0.431
1010.000 0.431
1011.000 0.432
1012.000 0.433
1013.000 0.434
1014.000 0.436
1015.000 0.437
1016.000 0.437
1017.000 0.438
1018.000 0.438
1019.000 0.439
1020.000 0.440
1021.000 0.441
1022.000 0.442
1023.000 0.442
1024.000 0.443
1025.000 0.444
1026.000 0.444
1027.000 0.446
1028.000 0.446
1029.000 0.447
1030.000 0.447
1031.000 0.448
1032.000 0.449
1033.000 0.450
1034.000 0.451
1035.000 0.451
1036.000 0.452
1037.000 0.452
1038.000 0.453
1039.000 0.454
1040.000 0.455
1041.000 0.456
1042.000 0.456
1043.000 0.457
1044.000 0.457
1045.000 0.457
1046.000 0.457
1047.000 0.457
1048.000 0.458
1049.000 0.459
1050.000 0.460
1051.000 0.460
1052.000 0.461
1053.000 0.462
1054.000 0.462
1055.000 0.463
1056.000 0.463
1057.000 0.463
1058.000 0.463
1059.000 0.463
1060.000 0.464
1061.000 0.464
1062.000 0.464
1063.000 0.464
1064.000 0.464
1065.000 0.465
1066.000 0.466
1067.000 0.466
1068.000 0.466
1069.000 0.466
1070.000 0.466
1071.000 0.466
1072.000 0.466
1073.000 0.466
1074.000 0.466
1075.000 0.466
1076.000 0.467
1077.000 0.467
1078.000 0.466
1079.000 0.466
1080.000 0.466
1081.000 0.466
1082.000 0.466
1083.000 0.466
1084.000 0.467
1085.000 0.466
1086.000 0.465
1087.000 0.465
1088.000 0.465
1089.000 0.465
1090.000 0.465
1091.000 0.465
1092.000 0.465
1093.000 0.465
1094.000 0.464
1095.000 0.463
1096.000 0.463
1097.000 0.462
1098.000 0.462
1099.000 0.461
1100.000 0.460
1101.000 0.460
1102.000 0.459
1103.000 0.459
1104.000 0.459
1105.000 0.458
1106.000 0.458
1107.000 0.454
1108.000 0.454
1109.000 0.453
1110.000 0.452
1111.000 0.451
1112.000 0.451
1113.000 0.451
1114.000 0.450
1115.000 0.449
1116.000 0.448
1117.000 0.446
1118.000 0.445
1119.000 0.443
1120.000 0.441
1121.000 0.436
1122.000 0.434
1123.000 0.431
1124.000 0.428
1125.000 0.426
1126.000 0.424
1127.000 0.422
1128.000 0.423
1129.000 0.422
1130.000 0.421
1131.000 0.423
1132.000 0.420
1133.000 0.418
1134.000 0.419
1135.000 0.417
1136.000 0.416
1137.000 0.414
1138.000 0.413
1139.000 0.410
1140.000 0.409
1141.000 0.407
1142.000 0.405
1143.000 0.402
1144.000 0.399
1145.000 0.397
1146.000 0.393
1147.000 0.390
1148.000 0.388
1149.000 0.385
1150.000 0.383
1151.000 0.380
1152.000 0.379
1153.000 0.379
1154.000 0.379
1155.000 0.378
1156.000 0.378
1157.000 0.378
1158.000 0.377
1159.000 0.377
1160.000 0.378
1161.000 0.377
1162.000 0.377
1163.000 0.377
1164.000 0.377
1165.000 0.377
1166.000 0.377
1167.000 0.377
1168.000 0.377
1169.000 0.377
1170.000 0.376
1171.000 0.376
1172.000 0.376
1173.000 0.376
1174.000 0.376
1175.000 0.375
1176.000 0.375
1177.000 0.375
1178.000 0.374
1179.000 0.374
1180.000 0.374
1181.000 0.373
1182.000 0.373
1183.000 0.373
1184.000 0.373
1185.000 0.373
1186.000 0.373
1187.000 0.373
1188.000 0.373
1189.000 0.373
1190.000 0.373
1191.000 0.373
1192.000 0.373
1193.000 0.373
1194.000 0.373
1195.000 0.373
1196.000 0.373
1197.000 0.373
1198.000 0.373
1199.000 0.372
1200.000 0.372
1201.000 0.372
1202.000 0.372
1203.000 0.373
1204.000 0.373
1205.000 0.374
1206.000 0.374
1207.000 0.375
1208.000 0.375
1209.000 0.374
1210.000 0.375
1211.000 0.375
1212.000 0.375
1213.000 0.376
1214.000 0.376
1215.000 0.377
1216.000 0.377
1217.000 0.377
1218.000 0.378
1219.000 0.378
1220.000 0.378
1221.000 0.379
1222.000 0.379
1223.000 0.380
1224.000 0.381
1225.000 0.381
1226.000 0.381
1227.000 0.382
1228.000 0.382
1229.000 0.383
1230.000 0.383
1231.000 0.384
1232.000 0.384
1233.000 0.384
1234.000 0.385
1235.000 0.385
1236.000 0.386
1237.000 0.386
1238.000 0.386
1239.000 0.387
1240.000 0.387
1241.000 0.388
1242.000 0.388
1243.000 0.389
1244.000 0.389
1245.000 0.389
1246.000 0.389
1247.000 0.390
1248.000 0.390
1249.000 0.390
1250.000 0.390
1251.000 0.391
1252.000 0.391
1253.000 0.392
1254.000 0.392
1255.000 0.393
1256.000 0.393
1257.000 0.393
1258.000 0.393
1259.000 0.394
1260.000 0.394
1261.000 0.394
1262.000 0.394
1263.000 0.393
1264.000 0.394
1265.000 0.394
1266.000 0.394
1267.000 0.394
1268.000 0.394
1269.000 0.394
1270.000 0.394
1271.000 0.395
1272.000 0.395
1273.000 0.395
1274.000 0.395
1275.000 0.395
1276.000 0.394
1277.000 0.394
1278.000 0.394
1279.000 0.394
1280.000 0.394
1281.000 0.393
1282.000 0.393
1283.000 0.393
1284.000 0.393
1285.000 0.392
1286.000 0.391
1287.000 0.391
1288.000 0.390
1289.000 0.389
1290.000 0.389
1291.000 0.388
1292.000 0.388
1293.000 0.388
1294.000 0.387
1295.000 0.386
1296.000 0.385
1297.000 0.384
1298.000 0.383
1299.000 0.382
1300.000 0.381
1301.000 0.381
1302.000 0.379
1303.000 0.378
1304.000 0.377
1305.000 0.375
1306.000 0.374
1307.000 0.372
1308.000 0.371
1309.000 0.370
1310.000 0.369
1311.000 0.367
1312.000 0.366
1313.000 0.364
1314.000 0.363
1315.000 0.362
1316.000 0.360
1317.000 0.358
1318.000 0.356
1319.000 0.354
1320.000 0.353
1321.000 0.351
1322.000 0.350
1323.000 0.348
1324.000 0.346
1325.000 0.344
1326.000 0.343
1327.000 0.341
1328.000 0.339
1329.000 0.336
1330.000 0.335
1331.000 0.332
1332.000 0.330
1333.000 0.328
1334.000 0.324
1335.000 0.322
1336.000 0.320
1337.000 0.318
1338.000 0.318
1339.000 0.316
1340.000 0.314
1341.000 0.313
1342.000 0.313
1343.000 0.311
1344.000 0.311
1345.000 0.310
1346.000 0.307
1347.000 0.305
1348.000 0.303
1349.000 0.301
1350.000 0.298
1351.000 0.297
1352.000 0.292
1353.000 0.280
1354.000 0.270
1355.000 0.264
1356.000 0.254
1357.000 0.287
1358.000 0.306
1359.000 0.261
1360.000 0.258
1361.000 0.330
1362.000 0.359
1363.000 0.420
1364.000 0.670
1365.000 0.723
1366.000 0.591
1367.000 0.384
1368.000 0.329
1369.000 0.467
1370.000 0.543
1371.000 0.469
1372.000 0.337
1373.000 0.231
1374.000 0.192
1375.000 0.309
1376.000 0.269
1377.000 0.262
1378.000 0.363
1379.000 0.495
1380.000 0.486
1381.000 0.487
1382.000 0.407
1383.000 0.285
1384.000 0.207
1385.000 0.220
1386.000 0.179
1387.000 0.232
1388.000 0.391
1389.000 0.371
1390.000 0.418
1391.000 0.367
1392.000 0.403
1393.000 0.354
1394.000 0.225
1395.000 0.208
1396.000 0.196
1397.000 0.215
1398.000 0.250
1399.000 0.303
1400.000 0.314
1401.000 0.283
1402.000 0.319
1403.000 0.337
1404.000 0.290
1405.000 0.394
1406.000 0.439
1407.000 0.358
1408.000 0.234
1409.000 0.175
1410.000 0.223
1411.000 0.220
1412.000 0.219
1413.000 0.220
1414.000 0.208
1415.000 0.197
1416.000 0.188
1417.000 0.204
1418.000 0.164
1419.000 0.168
1420.000 0.145
1421.000 0.121
1422.000 0.129
1423.000 0.103
1424.000 0.106
1425.000 0.085
1426.000 0.084
1427.000 0.111
1428.000 0.108
1429.000 0.103
1430.000 0.121
1431.000 0.122
1432.000 0.127
1433.000 0.138
1434.000 0.145
1435.000 0.111
1436.000 0.105
1437.000 0.103
1438.000 0.109
1439.000 0.107
1440.000 0.105
1441.000 0.099
1442.000 0.095
1443.000 0.093
1444.000 0.085
1445.000 0.082
1446.000 0.082
1447.000 0.087
1448.000 0.090
1449.000 0.091
1450.000 0.092
1451.000 0.095
1452.000 0.098
1453.000 0.097
1454.000 0.096
1455.000 0.093
1456.000 0.088
1457.000 0.087
1458.000 0.087
1459.000 0.088
1460.000 0.092
1461.000 0.093
1462.000 0.094
1463.000 0.094
1464.000 0.093
1465.000 0.092
1466.000 0.090
1467.000 0.090
1468.000 0.093
1469.000 0.094
1470.000 0.094
1471.000 0.095
1472.000 0.096
1473.000 0.097
1474.000 0.100
1475.000 0.098
1476.000 0.093
1477.000 0.092
1478.000 0.091
1479.000 0.090
1480.000 0.092
1481.000 0.093
1482.000 0.091
1483.000 0.092
1484.000 0.094
1485.000 0.096
1486.000 0.100
1487.000 0.102
1488.000 0.103
1489.000 0.104
1490.000 0.105
1491.000 0.105
1492.000 0.106
1493.000 0.107
1494.000 0.108
1495.000 0.108
1496.000 0.109
1497.000 0.109
1498.000 0.110
1499.000 0.111
1500.000 0.112
1501.000 0.113
1502.000 0.114
1503.000 0.114
1504.000 0.115
1505.000 0.116
1506.000 0.117
1507.000 0.119
1508.000 0.120
1509.000 0.121
1510.000 0.122
1511.000 0.122
1512.000 0.124
1513.000 0.125
1514.000 0.126
1515.000 0.127
1516.000 0.128
1517.000 0.128
1518.000 0.129
1519.000 0.130
1520.000 0.131
1521.000 0.132
1522.000 0.133
1523.000 0.134
1524.000 0.135
1525.000 0.136
1526.000 0.138
1527.000 0.139
1528.000 0.140
1529.000 0.141
1530.000 0.142
1531.000 0.143
1532.000 0.144
1533.000 0.145
1534.000 0.146
1535.000 0.146
1536.000 0.148
1537.000 0.148
1538.000 0.149
1539.000 0.150
1540.000 0.151
1541.000 0.151
1542.000 0.152
1543.000 0.154
1544.000 0.155
1545.000 0.157
1546.000 0.159
1547.000 0.159
1548.000 0.161
1549.000 0.161
1550.000 0.161
1551.000 0.162
1552.000 0.163
1553.000 0.164
1554.000 0.165
1555.000 0.166
1556.000 0.168
1557.000 0.168
1558.000 0.170
1559.000 0.170
1560.000 0.171
1561.000 0.172
1562.000 0.173
1563.000 0.174
1564.000 0.174
1565.000 0.175
1566.000 0.176
1567.000 0.177
1568.000 0.178
1569.000 0.179
1570.000 0.180
1571.000 0.181
1572.000 0.181
1573.000 0.182
1574.000 0.183
1575.000 0.184
1576.000 0.185
1577.000 0.186
1578.000 0.187
1579.000 0.188
1580.000 0.189
1581.000 0.190
1582.000 0.191
1583.000 0.191
1584.000 0.192
1585.000 0.192
1586.000 0.193
1587.000 0.194
1588.000 0.194
1589.000 0.194
1590.000 0.195
1591.000 0.196
1592.000 0.197
1593.000 0.198
1594.000 0.199
1595.000 0.199
1596.000 0.199
1597.000 0.200
1598.000 0.201
1599.000 0.201
1600.000 0.202
1601.000 0.203
1602.000 0.204
1603.000 0.205
1604.000 0.206
1605.000 0.206
1606.000 0.206
1607.000 0.207
1608.000 0.207
1609.000 0.207
1610.000 0.208
1611.000 0.209
1612.000 0.210
1613.000 0.210
1614.000 0.211
1615.000 0.211
1616.000 0.212
1617.000 0.213
1618.000 0.213
1619.000 0.214
1620.000 0.214
1621.000 0.216
1622.000 0.216
1623.000 0.216
1624.000 0.216
1625.000 0.217
1626.000 0.217
1627.000 0.217
1628.000 0.218
1629.000 0.219
1630.000 0.219
1631.000 0.219
1632.000 0.219
1633.000 0.220
1634.000 0.220
1635.000 0.221
1636.000 0.221
1637.000 0.221
1638.000 0.221
1639.000 0.222
1640.000 0.222
1641.000 0.223
1642.000 0.223
1643.000 0.223
1644.000 0.224
1645.000 0.224
1646.000 0.224
1647.000 0.225
1648.000 0.225
1649.000 0.225
1650.000 0.225
1651.000 0.225
1652.000 0.225
1653.000 0.226
1654.000 0.226
1655.000 0.226
1656.000 0.226
1657.000 0.226
1658.000 0.227
1659.000 0.227
1660.000 0.228
1661.000 0.228
1662.000 0.229
1663.000 0.229
1664.000 0.228
1665.000 0.228
1666.000 0.228
1667.000 0.227
1668.000 0.227
1669.000 0.228
1670.000 0.228
1671.000 0.228
1672.000 0.228
1673.000 0.228
1674.000 0.228
1675.000 0.229
1676.000 0.229
1677.000 0.229
1678.000 0.230
1679.000 0.230
1680.000 0.229
1681.000 0.229
1682.000 0.229
1683.000 0.229
1684.000 0.229
1685.000 0.228
1686.000 0.228
1687.000 0.228
1688.000 0.228
1689.000 0.229
1690.000 0.229
1691.000 0.229
1692.000 0.229
1693.000 0.228
1694.000 0.228
1695.000 0.227
1696.000 0.227
1697.000 0.227
1698.000 0.227
1699.000 0.227
1700.000 0.226
1701.000 0.226
1702.000 0.225
1703.000 0.224
1704.000 0.224
1705.000 0.224
1706.000 0.224
1707.000 0.225
1708.000 0.224
1709.000 0.223
1710.000 0.223
1711.000 0.223
1712.000 0.223
1713.000 0.223
1714.000 0.223
1715.000 0.223
1716.000 0.222
1717.000 0.221
1718.000 0.221
1719.000 0.220
1720.000 0.220
1721.000 0.220
1722.000 0.219
1723.000 0.218
1724.000 0.217
1725.000 0.216
1726.000 0.216
1727.000 0.216
1728.000 0.215
1729.000 0.215
1730.000 0.215
1731.000 0.214
1732.000 0.214
1733.000 0.213
1734.000 0.212
1735.000 0.212
1736.000 0.211
1737.000 0.211
1738.000 0.211
1739.000 0.211
1740.000 0.211
1741.000 0.210
1742.000 0.208
1743.000 0.208
1744.000 0.209
1745.000 0.209
1746.000 0.208
1747.000 0.207
1748.000 0.205
1749.000 0.203
1750.000 0.203
1751.000 0.202
1752.000 0.201
1753.000 0.201
1754.000 0.201
1755.000 0.202
1756.000 0.202
1757.000 0.202
1758.000 0.200
1759.000 0.199
1760.000 0.197
1761.000 0.195
1762.000 0.194
1763.000 0.193
1764.000 0.193
1765.000 0.192
1766.000 0.192
1767.000 0.193
1768.000 0.193
1769.000 0.192
1770.000 0.193
1771.000 0.192
1772.000 0.190
1773.000 0.190
1774.000 0.189
1775.000 0.190
1776.000 0.190
1777.000 0.192
1778.000 0.193
1779.000 0.193
1780.000 0.193
1781.000 0.193
1782.000 0.191
1783.000 0.191
1784.000 0.190
1785.000 0.189
1786.000 0.188
1787.000 0.183
1788.000 0.182
1789.000 0.183
1790.000 0.183
1791.000 0.189
1792.000 0.191
1793.000 0.191
1794.000 0.191
1795.000 0.192
1796.000 0.191
1797.000 0.194
1798.000 0.201
1799.000 0.192
1800.000 0.204
1801.000 0.282
1802.000 0.279
1803.000 0.316
1804.000 0.307
1805.000 0.311
1806.000 0.304
1807.000 0.301
1808.000 0.263
1809.000 0.263
1810.000 0.309
1811.000 0.301
1812.000 0.322
1813.000 0.386
1814.000 0.364
1815.000 0.358
1816.000 0.408
1817.000 0.587
1818.000 0.624
1819.000 0.587
1820.000 0.478
1821.000 0.496
1822.000 0.467
1823.000 0.556
1824.000 0.709
1825.000 0.817
1826.000 0.376
1827.000 0.540
1828.000 0.301
1829.000 0.365
1830.000 0.321
1831.000 0.349
1832.000 0.446
1833.000 0.451
1834.000 0.453
1835.000 0.554
1836.000 0.493
1837.000 0.787
1838.000 0.721
1839.000 0.811
1840.000 0.790
1841.000 0.770
1842.000 0.662
1843.000 0.476
1844.000 0.469
1845.000 0.464
1846.000 0.611
1847.000 0.815
1848.000 0.835
1849.000 0.781
1850.000 0.533
1851.000 0.387
1852.000 0.486
1853.000 0.483
1854.000 0.428
1855.000 0.372
1856.000 0.405
1857.000 0.579
1858.000 0.644
1859.000 0.377
1860.000 0.405
1861.000 0.514
1862.000 0.655
1863.000 0.507
1864.000 0.558
1865.000 0.571
1866.000 0.425
1867.000 0.502
1868.000 0.528
1869.000 0.485
1870.000 0.594
1871.000 0.668
1872.000 0.656
1873.000 0.582
1874.000 0.546
1875.000 0.449
1876.000 0.439
1877.000 0.442
1878.000 0.556
1879.000 0.360
1880.000 0.562
1881.000 0.538
1882.000 0.497
1883.000 0.554
1884.000 0.699
1885.000 0.706
1886.000 0.625
1887.000 0.516
1888.000 0.474
1889.000 0.468
1890.000 0.306
1891.000 0.279
1892.000 0.249
1893.000 0.201
1894.000 0.296
1895.000 0.334
1896.000 0.326
1897.000 0.346
1898.000 0.476
1899.000 0.572
1900.000 0.551
1901.000 0.484
1902.000 0.507
1903.000 0.501
1904.000 0.479
1905.000 0.434
1906.000 0.292
1907.000 0.329
1908.000 0.403
1909.000 0.320
1910.000 0.422
1911.000 0.551
1912.000 0.589
1913.000 0.635
1914.000 0.676
1915.000 0.458
1916.000 0.600
1917.000 0.322
1918.000 0.359
1919.000 0.403
1920.000 0.696
1921.000 0.430
1922.000 0.455
1923.000 0.352
1924.000 0.420
1925.000 0.485
1926.000 0.447
1927.000 0.446
1928.000 0.441
1929.000 0.471
1930.000 0.509
1931.000 0.465
1932.000 0.422
1933.000 0.390
1934.000 0.320
1935.000 0.279
1936.000 0.231
1937.000 0.250
1938.000 0.207
1939.000 0.274
1940.000 0.270
1941.000 0.342
1942.000 0.328
1943.000 0.332
1944.000 0.346
1945.000 0.350
1946.000 0.349
1947.000 0.335
1948.000 0.318
1949.000 0.213
1950.000 0.223
1951.000 0.241
1952.000 0.266
1953.000 0.171
1954.000 0.178
1955.000 0.164
1956.000 0.162
1957.000 0.137
1958.000 0.129
1959.000 0.123
1960.000 0.201
1961.000 0.193
1962.000 0.153
1963.000 0.128
1964.000 0.117
1965.000 0.109
1966.000 0.111
1967.000 0.101
1968.000 0.098
1969.000 0.093
1970.000 0.088
1971.000 0.073
1972.000 0.068
1973.000 0.073
1974.000 0.067
1975.000 0.068
1976.000 0.078
1977.000 0.075
1978.000 0.070
1979.000 0.071
1980.000 0.067
1981.000 0.059
1982.000 0.063
1983.000 0.066
1984.000 0.065
1985.000 0.056
1986.000 0.057
1987.000 0.059
1988.000 0.058
1989.000 0.059
1990.000 0.058
1991.000 0.054
1992.000 0.056
1993.000 0.054
1994.000 0.049
1995.000 0.053
1996.000 0.057
1997.000 0.057
1998.000 0.068
1999.000 0.077
2000.000 0.101
2001.000 0.116
2002.000 0.116
2003.000 0.119
2004.000 0.110
2005.000 0.089
2006.000 0.099
2007.000 0.094
2008.000 0.118
2009.000 0.137
2010.000 0.140
2011.000 0.127
2012.000 0.126
2013.000 0.097
2014.000 0.084
2015.000 0.090
2016.000 0.088
2017.000 0.087
2018.000 0.084
2019.000 0.080
2020.000 0.074
2021.000 0.070
2022.000 0.067
2023.000 0.066
2024.000 0.065
2025.000 0.059
2026.000 0.057
2027.000 0.055
2028.000 0.056
2029.000 0.054
2030.000 0.063
2031.000 0.065
2032.000 0.065
2033.000 0.064
2034.000 0.062
2035.000 0.059
2036.000 0.060
2037.000 0.061
2038.000 0.063
2039.000 0.068
2040.000 0.069
2041.000 0.069
2042.000 0.069
2043.000 0.065
2044.000 0.065
2045.000 0.066
2046.000 0.066
2047.000 0.069
2048.000 0.070
2049.000 0.073
2050.000 0.078
2051.000 0.080
2052.000 0.081
2053.000 0.079
2054.000 0.078
2055.000 0.077
2056.000 0.074
2057.000 0.075
2058.000 0.080
2059.000 0.080
2060.000 0.082
2061.000 0.082
2062.000 0.078
2063.000 0.077
2064.000 0.076
2065.000 0.076
2066.000 0.075
2067.000 0.079
2068.000 0.080
2069.000 0.082
2070.000 0.085
2071.000 0.086
2072.000 0.086
2073.000 0.087
2074.000 0.088
2075.000 0.091
2076.000 0.091
2077.000 0.091
2078.000 0.089
2079.000 0.085
2080.000 0.084
2081.000 0.084
2082.000 0.084
2083.000 0.085
2084.000 0.087
2085.000 0.088
2086.000 0.087
2087.000 0.088
2088.000 0.090
2089.000 0.090
2090.000 0.092
2091.000 0.092
2092.000 0.088
2093.000 0.088
2094.000 0.089
2095.000 0.089
2096.000 0.091
2097.000 0.091
2098.000 0.091
2099.000 0.090
2100.000 0.090
2101.000 0.090
2102.000 0.090
2103.000 0.092
2104.000 0.093
2105.000 0.093
2106.000 0.093
2107.000 0.092
2108.000 0.093
2109.000 0.096
2110.000 0.096
2111.000 0.098
2112.000 0.099
2113.000 0.099
2114.000 0.099
2115.000 0.101
2116.000 0.102
2117.000 0.102
2118.000 0.102
2119.000 0.104
2120.000 0.103
2121.000 0.103
2122.000 0.103
2123.000 0.102
2124.000 0.101
2125.000 0.101
2126.000 0.103
2127.000 0.103
2128.000 0.106
2129.000 0.107
2130.000 0.107
2131.000 0.108
2132.000 0.110
2133.000 0.110
2134.000 0.113
2135.000 0.113
2136.000 0.112
2137.000 0.111
2138.000 0.110
2139.000 0.109
2140.000 0.110
2141.000 0.109
2142.000 0.109
2143.000 0.109
2144.000 0.109
2145.000 0.107
2146.000 0.108
2147.000 0.110
2148.000 0.110
2149.000 0.111
2150.000 0.110
2151.000 0.107
2152.000 0.106
2153.000 0.109
2154.000 0.110
2155.000 0.112
2156.000 0.116
2157.000 0.116
2158.000 0.115
2159.000 0.115
2160.000 0.115
2161.000 0.115
2162.000 0.114
2163.000 0.114
2164.000 0.113
2165.000 0.112
2166.000 0.110
2167.000 0.109
2168.000 0.107
2169.000 0.108
2170.000 0.111
2171.000 0.113
2172.000 0.116
2173.000 0.117
2174.000 0.117
2175.000 0.118
2176.000 0.118
2177.000 0.119
2178.000 0.120
2179.000 0.121
2180.000 0.122
2181.000 0.121
2182.000 0.121
2183.000 0.117
2184.000 0.117
2185.000 0.116
2186.000 0.115
2187.000 0.116
2188.000 0.117
2189.000 0.114
2190.000 0.116
2191.000 0.118
2192.000 0.120
2193.000 0.124
2194.000 0.124
2195.000 0.121
2196.000 0.120
2197.000 0.116
2198.000 0.115
2199.000 0.116
2200.000 0.116
2201.000 0.118
2202.000 0.118
2203.000 0.119
2204.000 0.120
2205.000 0.119
2206.000 0.119
2207.000 0.118
2208.000 0.117
2209.000 0.117
2210.000 0.121
2211.000 0.121
2212.000 0.120
2213.000 0.119
2214.000 0.117
2215.000 0.116
2216.000 0.116
2217.000 0.116
2218.000 0.115
2219.000 0.115
2220.000 0.114
2221.000 0.113
2222.000 0.113
2223.000 0.114
2224.000 0.115
2225.000 0.116
2226.000 0.116
2227.000 0.116
2228.000 0.118
2229.000 0.118
2230.000 0.119
2231.000 0.121
2232.000 0.123
2233.000 0.125
2234.000 0.124
2235.000 0.122
2236.000 0.118
2237.000 0.115
2238.000 0.115
2239.000 0.116
2240.000 0.117
2241.000 0.118
2242.000 0.118
2243.000 0.117
2244.000 0.116
2245.000 0.114
2246.000 0.113
2247.000 0.111
2248.000 0.110
2249.000 0.110
2250.000 0.109
2251.000 0.111
2252.000 0.111
2253.000 0.111
2254.000 0.111
2255.000 0.110
2256.000 0.110
2257.000 0.108
2258.000 0.108
2259.000 0.105
2260.000 0.103
2261.000 0.104
2262.000 0.103
2263.000 0.104
2264.000 0.106
2265.000 0.106
2266.000 0.106
2267.000 0.106
2268.000 0.104
2269.000 0.103
2270.000 0.104
2271.000 0.105
2272.000 0.104
2273.000 0.104
2274.000 0.104
2275.000 0.102
2276.000 0.100
2277.000 0.099
2278.000 0.099
2279.000 0.100
2280.000 0.102
2281.000 0.104
2282.000 0.108
2283.000 0.107
2284.000 0.102
2285.000 0.101
2286.000 0.098
2287.000 0.096
2288.000 0.098
2289.000 0.097
2290.000 0.092
2291.000 0.093
2292.000 0.098
2293.000 0.098
2294.000 0.099
2295.000 0.100
2296.000 0.098
2297.000 0.094
2298.000 0.094
2299.000 0.094
2300.000 0.093
2301.000 0.094
2302.000 0.094
2303.000 0.095
2304.000 0.092
2305.000 0.084
2306.000 0.086
2307.000 0.086
2308.000 0.088
2309.000 0.094
2310.000 0.094
2311.000 0.096
2312.000 0.099
2313.000 0.094
2314.000 0.091
2315.000 0.090
2316.000 0.083
2317.000 0.083
2318.000 0.088
2319.000 0.093
2320.000 0.093
2321.000 0.084
2322.000 0.083
2323.000 0.083
2324.000 0.078
2325.000 0.081
2326.000 0.083
2327.000 0.084
2328.000 0.085
2329.000 0.094
2330.000 0.093
2331.000 0.091
2332.000 0.090
2333.000 0.088
2334.000 0.089
2335.000 0.085
2336.000 0.088
2337.000 0.094
2338.000 0.094
2339.000 0.091
2340.000 0.090
2341.000 0.087
2342.000 0.084
2343.000 0.080
2344.000 0.075
2345.000 0.075
2346.000 0.084
2347.000 0.090
2348.000 0.110
2349.000 0.134
2350.000 0.129
2351.000 0.114
2352.000 0.098
2353.000 0.087
2354.000 0.081
2355.000 0.076
2356.000 0.080
2357.000 0.081
2358.000 0.077
2359.000 0.065
2360.000 0.056
2361.000 0.050
2362.000 0.038
2363.000 0.045
2364.000 0.065
2365.000 0.085
2366.000 0.094
2367.000 0.100
2368.000 0.108
2369.000 0.083
2370.000 0.077
2371.000 0.070
2372.000 0.076
2373.000 0.106
2374.000 0.137
2375.000 0.113
2376.000 0.154
2377.000 0.117
2378.000 0.079
2379.000 0.095
2380.000 0.068
2381.000 0.075
2382.000 0.111
2383.000 0.156
2384.000 0.193
2385.000 0.140
2386.000 0.130
2387.000 0.116
2388.000 0.098
2389.000 0.093
2390.000 0.140
2391.000 0.112
2392.000 0.110
2393.000 0.109
2394.000 0.104
2395.000 0.133
2396.000 0.091
2397.000 0.065
2398.000 0.093
2399.000 0.102
2400.000 0.123
2401.000 0.035
2402.000 0.157
2403.000 0.144
2404.000 0.152
2405.000 0.147
2406.000 0.156
2407.000 0.173
2408.000 0.178
2409.000 0.155
2410.000 0.167
2411.000 0.110
2412.000 0.098
2413.000 0.118
2414.000 0.116
2415.000 0.111
2416.000 0.088
2417.000 0.091
2418.000 0.163
2419.000 0.247
2420.000 0.310
2421.000 0.199
2422.000 0.192
2423.000 0.193
2424.000 0.173
2425.000 0.237
2426.000 0.270
2427.000 0.246
2428.000 0.157
2429.000 0.202
2430.000 0.178
2431.000 0.157
2432.000 0.177
2433.000 0.145
2434.000 0.128
2435.000 0.170
2436.000 0.173
2437.000 0.146
2438.000 0.133
2439.000 0.158
2440.000 0.192
2441.000 0.185
2442.000 0.110
2443.000 0.170
2444.000 0.119
2445.000 0.249
2446.000 0.290
2447.000 0.236
2448.000 0.212
2449.000 0.199
2450.000 0.205
2451.000 0.376
2452.000 0.261
2453.000 0.167
2454.000 0.131
2455.000 0.100
2456.000 0.149
2457.000 0.183
2458.000 0.172
2459.000 0.158
2460.000 0.157
2461.000 0.274
2462.000 0.301
2463.000 0.373
2464.000 0.293
2465.000 0.175
2466.000 0.203
2467.000 0.215
2468.000 0.325
2469.000 0.366
2470.000 0.277
2471.000 0.330
2472.000 0.526
2473.000 0.648
2474.000 0.415
2475.000 0.386
2476.000 0.382
2477.000 0.372
2478.000 0.462
2479.000 0.555
2480.000 0.377
2481.000 0.335
2482.000 0.562
2483.000 0.393
2484.000 0.474
2485.000 0.413
2486.000 0.400
2487.000 0.464
2488.000 0.438
2489.000 0.534
2490.000 0.553
2491.000 0.488
2492.000 0.430
2493.000 0.401
2494.000 0.308
2495.000 0.364
2496.000 0.509
2497.000 0.364
2498.000 0.415
2499.000 0.373
2500.000 0.289
