391.000 0.069
392.000 0.073
393.000 0.076
394.000 0.069
395.000 0.067
396.000 0.067
397.000 0.069
398.000 0.078
399.000 0.075
400.000 0.071
401.000 0.077
402.000 0.074
403.000 0.074
404.000 0.076
405.000 0.076
406.000 0.076
407.000 0.074
408.000 0.073
409.000 0.072
410.000 0.072
411.000 0.076
412.000 0.081
413.000 0.077
414.000 0.074
415.000 0.074
416.000 0.076
417.000 0.073
418.000 0.073
419.000 0.076
420.000 0.076
421.000 0.076
422.000 0.079
423.000 0.081
424.000 0.075
425.000 0.075
426.000 0.078
427.000 0.075
428.000 0.074
429.000 0.076
430.000 0.080
431.000 0.082
432.000 0.079
433.000 0.076
434.000 0.076
435.000 0.076
436.000 0.076
437.000 0.077
438.000 0.077
439.000 0.079
440.000 0.079
441.000 0.077
442.000 0.076
443.000 0.078
444.000 0.079
445.000 0.077
446.000 0.077
447.000 0.079
448.000 0.081
449.000 0.080
450.000 0.076
451.000 0.078
452.000 0.082
453.000 0.081
454.000 0.078
455.000 0.079
456.000 0.081
457.000 0.081
458.000 0.081
459.000 0.081
460.000 0.081
461.000 0.078
462.000 0.078
463.000 0.080
464.000 0.078
465.000 0.080
466.000 0.082
467.000 0.080
468.000 0.081
469.000 0.083
470.000 0.084
471.000 0.082
472.000 0.081
473.000 0.081
474.000 0.081
475.000 0.082
476.000 0.082
477.000 0.082
478.000 0.083
479.000 0.081
480.000 0.082
481.000 0.082
482.000 0.082
483.000 0.082
484.000 0.083
485.000 0.083
486.000 0.083
487.000 0.083
488.000 0.085
489.000 0.084
490.000 0.084
491.000 0.084
492.000 0.085
493.000 0.083
494.000 0.085
495.000 0.086
496.000 0.085
497.000 0.086
498.000 0.086
499.000 0.085
500.000 0.086
501.000 0.088
502.000 0.089
503.000 0.088
504.000 0.090
505.000 0.091
506.000 0.091
507.000 0.092
508.000 0.093
509.000 0.093
510.000 0.094
511.000 0.097
512.000 0.098
513.000 0.099
514.000 0.101
515.000 0.103
516.000 0.105
517.000 0.108
518.000 0.111
519.000 0.112
520.000 0.114
521.000 0.117
522.000 0.121
523.000 0.125
524.000 0.128
525.000 0.130
526.000 0.133
527.000 0.136
528.000 0.138
529.000 0.139
530.000 0.141
531.000 0.144
532.000 0.146
533.000 0.147
534.000 0.149
535.000 0.150
536.000 0.152
537.000 0.153
538.000 0.154
539.000 0.154
540.000 0.154
541.000 0.155
542.000 0.156
543.000 0.156
544.000 0.156
545.000 0.156
546.000 0.157
547.000 0.157
548.000 0.158
549.000 0.158
550.000 0.157
551.000 0.158
552.000 0.158
553.000 0.158
554.000 0.158
555.000 0.157
556.000 0.156
557.000 0.156
558.000 0.156
559.000 0.154
560.000 0.153
561.000 0.153
562.000 0.152
563.000 0.150
564.000 0.148
565.000 0.146
566.000 0.145
567.000 0.142
568.000 0.140
569.000 0.140
570.000 0.138
571.000 0.136
572.000 0.134
573.000 0.132
574.000 0.131
575.000 0.129
576.000 0.129
577.000 0.127
578.000 0.126
579.000 0.125
580.000 0.124
581.000 0.124
582.000 0.124
583.000 0.121
584.000 0.121
585.000 0.119
586.000 0.118
587.000 0.120
588.000 0.118
589.000 0.117
590.000 0.117
591.000 0.115
592.000 0.114
593.000 0.114
594.000 0.114
595.000 0.114
596.000 0.113
597.000 0.113
598.000 0.113
599.000 0.114
600.000 0.113
601.000 0.112
602.000 0.111
603.000 0.112
604.000 0.113
605.000 0.113
606.000 0.113
607.000 0.112
608.000 0.111
609.000 0.111
610.000 0.109
611.000 0.109
612.000 0.108
613.000 0.109
614.000 0.108
615.000 0.107
616.000 0.107
617.000 0.106
618.000 0.106
619.000 0.106
620.000 0.107
621.000 0.106
622.000 0.106
623.000 0.106
624.000 0.106
625.000 0.105
626.000 0.107
627.000 0.107
628.000 0.106
629.000 0.105
630.000 0.104
631.000 0.104
632.000 0.105
633.000 0.106
634.000 0.105
635.000 0.105
636.000 0.105
637.000 0.105
638.000 0.105
639.000 0.104
640.000 0.104
641.000 0.103
642.000 0.104
643.000 0.103
644.000 0.101
645.000 0.102
646.000 0.101
647.000 0.100
648.000 0.100
649.000 0.099
650.000 0.100
651.000 0.101
652.000 0.101
653.000 0.101
654.000 0.101
655.000 0.100
656.000 0.099
657.000 0.101
658.000 0.102
659.000 0.102
660.000 0.104
661.000 0.105
662.000 0.103
663.000 0.103
664.000 0.102
665.000 0.102
666.000 0.105
667.000 0.104
668.000 0.106
669.000 0.107
670.000 0.106
671.000 0.107
672.000 0.109
673.000 0.108
674.000 0.109
675.000 0.111
676.000 0.112
677.000 0.114
678.000 0.115
679.000 0.117
680.000 0.117
681.000 0.117
682.000 0.117
683.000 0.118
684.000 0.120
685.000 0.120
686.000 0.121
687.000 0.122
688.000 0.123
689.000 0.123
690.000 0.125
691.000 0.126
692.000 0.128
693.000 0.131
694.000 0.134
695.000 0.138
696.000 0.146
697.000 0.150
698.000 0.155
699.000 0.162
700.000 0.170
701.000 0.178
702.000 0.184
703.000 0.192
704.000 0.200
705.000 0.208
706.000 0.215
707.000 0.223
708.000 0.231
709.000 0.240
710.000 0.247
711.000 0.255
712.000 0.263
713.000 0.271
714.000 0.279
715.000 0.286
716.000 0.292
717.000 0.298
718.000 0.305
719.000 0.313
720.000 0.323
721.000 0.333
722.000 0.341
723.000 0.348
724.000 0.354
725.000 0.362
726.000 0.370
727.000 0.377
728.000 0.384
729.000 0.391
730.000 0.398
731.000 0.406
732.000 0.415
733.000 0.422
734.000 0.428
735.000 0.434
736.000 0.440
737.000 0.446
738.000 0.451
739.000 0.456
740.000 0.462
741.000 0.466
742.000 0.471
743.000 0.475
744.000 0.478
745.000 0.482
746.000 0.485
747.000 0.488
748.000 0.491
749.000 0.493
750.000 0.495
751.000 0.497
752.000 0.499
753.000 0.500
754.000 0.502
755.000 0.504
756.000 0.505
757.000 0.506
758.000 0.506
759.000 0.504
760.000 0.500
761.000 0.495
762.000 0.493
763.000 0.494
764.000 0.497
765.000 0.501
766.000 0.505
767.000 0.508
768.000 0.511
769.000 0.513
770.000 0.514
771.000 0.515
772.000 0.516
773.000 0.516
774.000 0.517
775.000 0.517
776.000 0.517
777.000 0.518
778.000 0.518
779.000 0.518
780.000 0.519
781.000 0.519
782.000 0.519
783.000 0.519
784.000 0.519
785.000 0.519
786.000 0.518
787.000 0.518
788.000 0.517
789.000 0.516
790.000 0.516
791.000 0.517
792.000 0.517
793.000 0.518
794.000 0.519
795.000 0.518
796.000 0.518
797.000 0.518
798.000 0.518
799.000 0.518
800.000 0.518
801.000 0.518
802.000 0.518
803.000 0.518
804.000 0.519
805.000 0.519
806.000 0.520
807.000 0.520
808.000 0.520
809.000 0.520
810.000 0.518
811.000 0.517
812.000 0.515
813.000 0.513
814.000 0.510
815.000 0.508
816.000 0.507
817.000 0.507
818.000 0.508
819.000 0.510
820.000 0.512
821.000 0.512
822.000 0.512
823.000 0.512
824.000 0.513
825.000 0.514
826.000 0.515
827.000 0.515
828.000 0.515
829.000 0.515
830.000 0.515
831.000 0.515
832.000 0.517
833.000 0.518
834.000 0.519
835.000 0.520
836.000 0.521
837.000 0.522
838.000 0.523
839.000 0.523
840.000 0.524
841.000 0.525
842.000 0.526
843.000 0.526
844.000 0.526
845.000 0.527
846.000 0.528
847.000 0.528
848.000 0.528
849.000 0.528
850.000 0.528
851.000 0.528
852.000 0.529
853.000 0.529
854.000 0.528
855.000 0.528
856.000 0.529
857.000 0.530
858.000 0.530
859.000 0.530
860.000 0.530
861.000 0.531
862.000 0.531
863.000 0.531
864.000 0.531
865.000 0.532
866.000 0.531
867.000 0.532
868.000 0.532
869.000 0.532
870.000 0.531
871.000 0.532
872.000 0.532
873.000 0.532
874.000 0.532
875.000 0.532
876.000 0.532
877.000 0.532
878.000 0.532
879.000 0.532
880.000 0.532
881.000 0.532
882.000 0.532
883.000 0.532
884.000 0.533
885.000 0.532
886.000 0.532
887.000 0.532
888.000 0.532
889.000 0.532
890.000 0.531
891.000 0.530
892.000 0.529
893.000 0.527
894.000 0.525
895.000 0.523
896.000 0.521
897.000 0.518
898.000 0.517
899.000 0.516
900.000 0.515
901.000 0.516
902.000 0.517
903.000 0.517
904.000 0.517
905.000 0.518
906.000 0.517
907.000 0.517
908.000 0.516
909.000 0.515
910.000 0.513
911.000 0.512
912.000 0.512
913.000 0.511
914.000 0.511
915.000 0.511
916.000 0.512
917.000 0.512
918.000 0.513
919.000 0.515
920.000 0.517
921.000 0.517
922.000 0.518
923.000 0.517
924.000 0.515
925.000 0.515
926.000 0.513
927.000 0.509
928.000 0.505
929.000 0.503
930.000 0.499
931.000 0.495
932.000 0.487
933.000 0.484
934.000 0.480
935.000 0.476
936.000 0.477
937.000 0.476
938.000 0.476
939.000 0.477
940.000 0.478
941.000 0.477
942.000 0.476
943.000 0.476
944.000 0.474
945.000 0.474
946.000 0.475
947.000 0.478
948.000 0.478
949.000 0.476
950.000 0.474
951.000 0.472
952.000 0.476
953.000 0.475
954.000 0.473
955.000 0.475
956.000 0.474
957.000 0.477
958.000 0.479
959.000 0.479
960.000 0.479
961.000 0.482
962.000 0.484
963.000 0.487
964.000 0.491
965.000 0.492
966.000 0.492
967.000 0.493
968.000 0.498
969.000 0.498
970.000 0.498
971.000 0.499
972.000 0.500
973.000 0.501
974.000 0.501
975.000 0.500
976.000 0.502
977.000 0.503
978.000 0.503
979.000 0.503
980.000 0.504
981.000 0.507
982.000 0.509
983.000 0.509
984.000 0.511
985.000 0.513
986.000 0.514
987.000 0.515
988.000 0.516
989.000 0.517
990.000 0.519
991.000 0.521
992.000 0.520
993.000 0.519
994.000 0.520
995.000 0.522
996.000 0.523
997.000 0.522
998.000 0.523
999.000 0.525
1000.000 0.523
1001.000 0.529
1002.000 0.529
1003.000 0.529
1004.000 0.528
1005.000 0.527
1006.000 0.528
1007.000 0.528
1008.000 0.530
1009.000 0.531
1010.000 0.531
1011.000 0.532
1012.000 0.533
1013.000 0.533
1014.000 0.533
1015.000 0.533
1016.000 0.535
1017.000 0.535
1018.000 0.536
1019.000 0.537
1020.000 0.537
1021.000 0.537
1022.000 0.536
1023.000 0.536
1024.000 0.536
1025.000 0.536
1026.000 0.537
1027.000 0.538
1028.000 0.538
1029.000 0.540
1030.000 0.540
1031.000 0.541
1032.000 0.542
1033.000 0.542
1034.000 0.543
1035.000 0.543
1036.000 0.543
1037.000 0.542
1038.000 0.543
1039.000 0.543
1040.000 0.544
1041.000 0.544
1042.000 0.545
1043.000 0.545
1044.000 0.544
1045.000 0.544
1046.000 0.544
1047.000 0.545
1048.000 0.545
1049.000 0.545
1050.000 0.546
1051.000 0.546
1052.000 0.546
1053.000 0.547
1054.000 0.547
1055.000 0.547
1056.000 0.547
1057.000 0.546
1058.000 0.546
1059.000 0.546
1060.000 0.547
1061.000 0.547
1062.000 0.548
1063.000 0.548
1064.000 0.548
1065.000 0.547
1066.000 0.547
1067.000 0.547
1068.000 0.546
1069.000 0.547
1070.000 0.548
1071.000 0.548
1072.000 0.548
1073.000 0.548
1074.000 0.547
1075.000 0.547
1076.000 0.546
1077.000 0.546
1078.000 0.546
1079.000 0.546
1080.000 0.546
1081.000 0.546
1082.000 0.546
1083.000 0.545
1084.000 0.544
1085.000 0.544
1086.000 0.544
1087.000 0.544
1088.000 0.543
1089.000 0.543
1090.000 0.542
1091.000 0.541
1092.000 0.541
1093.000 0.540
1094.000 0.540
1095.000 0.539
1096.000 0.537
1097.000 0.535
1098.000 0.534
1099.000 0.533
1100.000 0.531
1101.000 0.530
1102.000 0.528
1103.000 0.526
1104.000 0.525
1105.000 0.524
1106.000 0.523
1107.000 0.521
1108.000 0.520
1109.000 0.519
1110.000 0.517
1111.000 0.515
1112.000 0.512
1113.000 0.508
1114.000 0.503
1115.000 0.500
1116.000 0.495
1117.000 0.489
1118.000 0.486
1119.000 0.480
1120.000 0.474
1121.000 0.470
1122.000 0.466
1123.000 0.463
1124.000 0.459
1125.000 0.456
1126.000 0.454
1127.000 0.452
1128.000 0.450
1129.000 0.452
1130.000 0.456
1131.000 0.460
1132.000 0.463
1133.000 0.464
1134.000 0.465
1135.000 0.467
1136.000 0.468
1137.000 0.468
1138.000 0.466
1139.000 0.464
1140.000 0.462
1141.000 0.460
1142.000 0.459
1143.000 0.459
1144.000 0.459
1145.000 0.459
1146.000 0.459
1147.000 0.460
1148.000 0.458
1149.000 0.459
1150.000 0.459
1151.000 0.457
1152.000 0.459
1153.000 0.461
1154.000 0.463
1155.000 0.466
1156.000 0.467
1157.000 0.468
1158.000 0.469
1159.000 0.471
1160.000 0.473
1161.000 0.475
1162.000 0.478
1163.000 0.480
1164.000 0.481
1165.000 0.482
1166.000 0.484
1167.000 0.484
1168.000 0.485
1169.000 0.487
1170.000 0.487
1171.000 0.488
1172.000 0.489
1173.000 0.489
1174.000 0.489
1175.000 0.490
1176.000 0.491
1177.000 0.491
1178.000 0.491
1179.000 0.492
1180.000 0.491
1181.000 0.490
1182.000 0.489
1183.000 0.487
1184.000 0.487
1185.000 0.488
1186.000 0.489
1187.000 0.489
1188.000 0.489
1189.000 0.490
1190.000 0.490
1191.000 0.491
1192.000 0.491
1193.000 0.492
1194.000 0.492
1195.000 0.493
1196.000 0.493
1197.000 0.493
1198.000 0.495
1199.000 0.495
1200.000 0.496
1201.000 0.496
1202.000 0.496
1203.000 0.495
1204.000 0.495
1205.000 0.494
1206.000 0.494
1207.000 0.494
1208.000 0.494
1209.000 0.495
1210.000 0.495
1211.000 0.496
1212.000 0.496
1213.000 0.497
1214.000 0.498
1215.000 0.498
1216.000 0.499
1217.000 0.499
1218.000 0.500
1219.000 0.500
1220.000 0.500
1221.000 0.500
1222.000 0.501
1223.000 0.502
1224.000 0.503
1225.000 0.504
1226.000 0.504
1227.000 0.506
1228.000 0.506
1229.000 0.507
1230.000 0.507
1231.000 0.508
1232.000 0.509
1233.000 0.509
1234.000 0.510
1235.000 0.510
1236.000 0.511
1237.000 0.510
1238.000 0.511
1239.000 0.511
1240.000 0.511
1241.000 0.512
1242.000 0.512
1243.000 0.512
1244.000 0.512
1245.000 0.512
1246.000 0.513
1247.000 0.513
1248.000 0.514
1249.000 0.514
1250.000 0.515
1251.000 0.515
1252.000 0.515
1253.000 0.514
1254.000 0.514
1255.000 0.515
1256.000 0.513
1257.000 0.513
1258.000 0.513
1259.000 0.513
1260.000 0.512
1261.000 0.513
1262.000 0.512
1263.000 0.512
1264.000 0.511
1265.000 0.511
1266.000 0.511
1267.000 0.510
1268.000 0.510
1269.000 0.510
1270.000 0.510
1271.000 0.511
1272.000 0.512
1273.000 0.513
1274.000 0.513
1275.000 0.513
1276.000 0.514
1277.000 0.514
1278.000 0.514
1279.000 0.515
1280.000 0.514
1281.000 0.515
1282.000 0.514
1283.000 0.514
1284.000 0.514
1285.000 0.513
1286.000 0.513
1287.000 0.512
1288.000 0.511
1289.000 0.511
1290.000 0.510
1291.000 0.510
1292.000 0.508
1293.000 0.507
1294.000 0.507
1295.000 0.506
1296.000 0.504
1297.000 0.504
1298.000 0.503
1299.000 0.502
1300.000 0.501
1301.000 0.499
1302.000 0.498
1303.000 0.497
1304.000 0.496
1305.000 0.494
1306.000 0.493
1307.000 0.491
1308.000 0.490
1309.000 0.489
1310.000 0.487
1311.000 0.485
1312.000 0.483
1313.000 0.480
1314.000 0.478
1315.000 0.477
1316.000 0.476
1317.000 0.475
1318.000 0.473
1319.000 0.472
1320.000 0.470
1321.000 0.468
1322.000 0.467
1323.000 0.464
1324.000 0.461
1325.000 0.458
1326.000 0.454
1327.000 0.451
1328.000 0.448
1329.000 0.445
1330.000 0.442
1331.000 0.440
1332.000 0.439
1333.000 0.438
1334.000 0.437
1335.000 0.434
1336.000 0.431
1337.000 0.429
1338.000 0.427
1339.000 0.425
1340.000 0.425
1341.000 0.426
1342.000 0.424
1343.000 0.421
1344.000 0.416
1345.000 0.412
1346.000 0.408
1347.000 0.402
1348.000 0.397
1349.000 0.392
1350.000 0.385
1351.000 0.371
1352.000 0.360
1353.000 0.361
1354.000 0.345
1355.000 0.328
1356.000 0.310
1357.000 0.265
1358.000 0.236
1359.000 0.359
1360.000 0.350
1361.000 0.346
1362.000 0.329
1363.000 0.260
1364.000 0.259
1365.000 0.293
1366.000 0.297
1367.000 0.249
1368.000 0.223
1369.000 0.278
1370.000 0.247
1371.000 0.202
1372.000 0.226
1373.000 0.636
1374.000 0.601
1375.000 0.553
1376.000 0.518
1377.000 0.416
1378.000 0.369
1379.000 0.485
1380.000 0.534
1381.000 0.542
1382.000 0.411
1383.000 0.314
1384.000 0.259
1385.000 0.230
1386.000 0.340
1387.000 0.263
1388.000 0.283
1389.000 0.262
1390.000 0.262
1391.000 0.233
1392.000 0.218
1393.000 0.326
1394.000 0.444
1395.000 0.441
1396.000 0.468
1397.000 0.483
1398.000 0.493
1399.000 0.542
1400.000 0.334
1401.000 0.411
1402.000 0.366
1403.000 0.343
1404.000 0.336
1405.000 0.333
1406.000 0.444
1407.000 0.480
1408.000 0.195
1409.000 0.165
1410.000 0.193
1411.000 0.201
1412.000 0.244
1413.000 0.358
1414.000 0.366
1415.000 0.309
1416.000 0.346
1417.000 0.278
1418.000 0.266
1419.000 0.376
1420.000 0.392
1421.000 0.364
1422.000 0.349
1423.000 0.287
1424.000 0.266
1425.000 0.227
1426.000 0.191
1427.000 0.234
1428.000 0.227
1429.000 0.215
1430.000 0.187
1431.000 0.220
1432.000 0.220
1433.000 0.195
1434.000 0.158
1435.000 0.162
1436.000 0.150
1437.000 0.136
1438.000 0.143
1439.000 0.136
1440.000 0.144
1441.000 0.155
1442.000 0.164
1443.000 0.165
1444.000 0.166
1445.000 0.174
1446.000 0.174
1447.000 0.148
1448.000 0.143
1449.000 0.156
1450.000 0.163
1451.000 0.161
1452.000 0.161
1453.000 0.161
1454.000 0.154
1455.000 0.155
1456.000 0.164
1457.000 0.164
1458.000 0.161
1459.000 0.160
1460.000 0.155
1461.000 0.155
1462.000 0.158
1463.000 0.161
1464.000 0.167
1465.000 0.173
1466.000 0.184
1467.000 0.186
1468.000 0.182
1469.000 0.179
1470.000 0.168
1471.000 0.164
1472.000 0.168
1473.000 0.166
1474.000 0.164
1475.000 0.164
1476.000 0.159
1477.000 0.160
1478.000 0.166
1479.000 0.168
1480.000 0.169
1481.000 0.172
1482.000 0.173
1483.000 0.176
1484.000 0.180
1485.000 0.185
1486.000 0.189
1487.000 0.193
1488.000 0.200
1489.000 0.203
1490.000 0.207
1491.000 0.209
1492.000 0.210
1493.000 0.210
1494.000 0.210
1495.000 0.211
1496.000 0.212
1497.000 0.213
1498.000 0.216
1499.000 0.218
1500.000 0.220
1501.000 0.222
1502.000 0.224
1503.000 0.225
1504.000 0.228
1505.000 0.230
1506.000 0.232
1507.000 0.234
1508.000 0.235
1509.000 0.236
1510.000 0.238
1511.000 0.240
1512.000 0.240
1513.000 0.239
1514.000 0.240
1515.000 0.238
1516.000 0.240
1517.000 0.242
1518.000 0.245
1519.000 0.249
1520.000 0.250
1521.000 0.252
1522.000 0.253
1523.000 0.252
1524.000 0.253
1525.000 0.256
1526.000 0.257
1527.000 0.259
1528.000 0.260
1529.000 0.261
1530.000 0.262
1531.000 0.263
1532.000 0.265
1533.000 0.269
1534.000 0.271
1535.000 0.273
1536.000 0.275
1537.000 0.275
1538.000 0.276
1539.000 0.277
1540.000 0.278
1541.000 0.280
1542.000 0.281
1543.000 0.282
1544.000 0.283
1545.000 0.284
1546.000 0.285
1547.000 0.286
1548.000 0.288
1549.000 0.290
1550.000 0.292
1551.000 0.294
1552.000 0.296
1553.000 0.296
1554.000 0.296
1555.000 0.295
1556.000 0.295
1557.000 0.296
1558.000 0.298
1559.000 0.300
1560.000 0.302
1561.000 0.302
1562.000 0.303
1563.000 0.305
1564.000 0.307
1565.000 0.310
1566.000 0.311
1567.000 0.310
1568.000 0.311
1569.000 0.311
1570.000 0.312
1571.000 0.313
1572.000 0.315
1573.000 0.316
1574.000 0.317
1575.000 0.318
1576.000 0.319
1577.000 0.320
1578.000 0.321
1579.000 0.321
1580.000 0.322
1581.000 0.323
1582.000 0.324
1583.000 0.325
1584.000 0.326
1585.000 0.327
1586.000 0.329
1587.000 0.331
1588.000 0.333
1589.000 0.334
1590.000 0.335
1591.000 0.335
1592.000 0.335
1593.000 0.337
1594.000 0.338
1595.000 0.337
1596.000 0.336
1597.000 0.336
1598.000 0.335
1599.000 0.336
1600.000 0.337
1601.000 0.336
1602.000 0.336
1603.000 0.338
1604.000 0.339
1605.000 0.341
1606.000 0.343
1607.000 0.343
1608.000 0.344
1609.000 0.345
1610.000 0.346
1611.000 0.347
1612.000 0.348
1613.000 0.348
1614.000 0.348
1615.000 0.348
1616.000 0.347
1617.000 0.346
1618.000 0.346
1619.000 0.345
1620.000 0.346
1621.000 0.348
1622.000 0.350
1623.000 0.352
1624.000 0.354
1625.000 0.353
1626.000 0.354
1627.000 0.352
1628.000 0.353
1629.000 0.353
1630.000 0.354
1631.000 0.355
1632.000 0.356
1633.000 0.356
1634.000 0.356
1635.000 0.356
1636.000 0.356
1637.000 0.355
1638.000 0.355
1639.000 0.356
1640.000 0.356
1641.000 0.357
1642.000 0.359
1643.000 0.359
1644.000 0.359
1645.000 0.362
1646.000 0.362
1647.000 0.362
1648.000 0.363
1649.000 0.360
1650.000 0.359
1651.000 0.361
1652.000 0.361
1653.000 0.363
1654.000 0.364
1655.000 0.363
1656.000 0.363
1657.000 0.361
1658.000 0.361
1659.000 0.360
1660.000 0.361
1661.000 0.364
1662.000 0.364
1663.000 0.364
1664.000 0.364
1665.000 0.363
1666.000 0.363
1667.000 0.364
1668.000 0.365
1669.000 0.365
1670.000 0.365
1671.000 0.365
1672.000 0.364
1673.000 0.363
1674.000 0.363
1675.000 0.364
1676.000 0.365
1677.000 0.367
1678.000 0.368
1679.000 0.368
1680.000 0.367
1681.000 0.366
1682.000 0.365
1683.000 0.365
1684.000 0.365
1685.000 0.365
1686.000 0.365
1687.000 0.366
1688.000 0.366
1689.000 0.366
1690.000 0.367
1691.000 0.367
1692.000 0.367
1693.000 0.368
1694.000 0.367
1695.000 0.365
1696.000 0.364
1697.000 0.365
1698.000 0.363
1699.000 0.362
1700.000 0.361
1701.000 0.360
1702.000 0.360
1703.000 0.361
1704.000 0.361
1705.000 0.361
1706.000 0.361
1707.000 0.364
1708.000 0.364
1709.000 0.363
1710.000 0.362
1711.000 0.360
1712.000 0.359
1713.000 0.358
1714.000 0.354
1715.000 0.354
1716.000 0.354
1717.000 0.355
1718.000 0.355
1719.000 0.354
1720.000 0.353
1721.000 0.351
1722.000 0.351
1723.000 0.351
1724.000 0.352
1725.000 0.352
1726.000 0.352
1727.000 0.351
1728.000 0.350
1729.000 0.350
1730.000 0.349
1731.000 0.349
1732.000 0.346
1733.000 0.344
1734.000 0.344
1735.000 0.344
1736.000 0.343
1737.000 0.343
1738.000 0.341
1739.000 0.339
1740.000 0.339
1741.000 0.339
1742.000 0.338
1743.000 0.338
1744.000 0.340
1745.000 0.340
1746.000 0.342
1747.000 0.341
1748.000 0.335
1749.000 0.332
1750.000 0.328
1751.000 0.325
1752.000 0.324
1753.000 0.322
1754.000 0.319
1755.000 0.317
1756.000 0.316
1757.000 0.314
1758.000 0.314
1759.000 0.311
1760.000 0.310
1761.000 0.310
1762.000 0.308
1763.000 0.309
1764.000 0.308
1765.000 0.309
1766.000 0.312
1767.000 0.311
1768.000 0.312
1769.000 0.313
1770.000 0.310
1771.000 0.315
1772.000 0.318
1773.000 0.318
1774.000 0.314
1775.000 0.308
1776.000 0.308
1777.000 0.308
1778.000 0.310
1779.000 0.310
1780.000 0.304
1781.000 0.299
1782.000 0.295
1783.000 0.289
1784.000 0.281
1785.000 0.278
1786.000 0.277
1787.000 0.281
1788.000 0.284
1789.000 0.287
1790.000 0.285
1791.000 0.279
1792.000 0.268
1793.000 0.251
1794.000 0.245
1795.000 0.248
1796.000 0.252
1797.000 0.246
1798.000 0.234
1799.000 0.241
1800.000 0.245
1801.000 0.330
1802.000 0.335
1803.000 0.355
1804.000 0.388
1805.000 0.437
1806.000 0.493
1807.000 0.470
1808.000 0.480
1809.000 0.514
1810.000 0.516
1811.000 0.538
1812.000 0.524
1813.000 0.427
1814.000 0.279
1815.000 0.291
1816.000 0.250
1817.000 0.467
1818.000 0.637
1819.000 0.737
1820.000 0.799
1821.000 0.674
1822.000 0.539
1823.000 0.522
1824.000 0.475
1825.000 0.439
1826.000 0.325
1827.000 0.270
1828.000 0.394
1829.000 0.464
1830.000 0.506
1831.000 0.477
1832.000 0.399
1833.000 0.449
1834.000 0.404
1835.000 0.351
1836.000 0.299
1837.000 0.399
1838.000 0.380
1839.000 0.353
1840.000 0.337
1841.000 0.352
1842.000 0.343
1843.000 0.360
1844.000 0.350
1845.000 0.290
1846.000 0.308
1847.000 0.310
1848.000 0.399
1849.000 0.393
1850.000 0.356
1851.000 0.380
1852.000 0.307
1853.000 0.332
1854.000 0.282
1855.000 0.325
1856.000 0.299
1857.000 0.307
1858.000 0.411
1859.000 0.481
1860.000 0.442
1861.000 0.531
1862.000 0.520
1863.000 0.511
1864.000 0.388
1865.000 0.330
1866.000 0.362
1867.000 0.377
1868.000 0.402
1869.000 0.377
1870.000 0.550
1871.000 0.474
1872.000 0.475
1873.000 0.495
1874.000 0.418
1875.000 0.606
1876.000 0.475
1877.000 0.338
1878.000 0.328
1879.000 0.490
1880.000 0.453
1881.000 0.445
1882.000 0.343
1883.000 0.322
1884.000 0.386
1885.000 0.382
1886.000 0.484
1887.000 0.297
1888.000 0.417
1889.000 0.401
1890.000 0.506
1891.000 0.576
1892.000 0.525
1893.000 0.472
1894.000 0.368
1895.000 0.237
1896.000 0.352
1897.000 0.381
1898.000 0.270
1899.000 0.529
1900.000 0.576
1901.000 0.619
1902.000 0.600
1903.000 0.621
1904.000 0.585
1905.000 0.531
1906.000 0.445
1907.000 0.400
1908.000 0.355
1909.000 0.304
1910.000 0.453
1911.000 0.356
1912.000 0.450
1913.000 0.523
1914.000 0.518
1915.000 0.475
1916.000 0.488
1917.000 0.505
1918.000 0.605
1919.000 0.588
1920.000 0.577
1921.000 0.665
1922.000 0.520
1923.000 0.496
1924.000 0.530
1925.000 0.492
1926.000 0.504
1927.000 0.513
1928.000 0.495
1929.000 0.493
1930.000 0.440
1931.000 0.216
1932.000 0.256
1933.000 0.398
1934.000 0.318
1935.000 0.342
1936.000 0.393
1937.000 0.469
1938.000 0.475
1939.000 0.526
1940.000 0.605
1941.000 0.570
1942.000 0.438
1943.000 0.448
1944.000 0.453
1945.000 0.539
1946.000 0.583
1947.000 0.558
1948.000 0.733
1949.000 0.690
1950.000 0.612
1951.000 0.485
1952.000 0.448
1953.000 0.624
1954.000 0.629
1955.000 0.647
1956.000 0.591
1957.000 0.333
1958.000 0.346
1959.000 0.322
1960.000 0.472
1961.000 0.436
1962.000 0.419
1963.000 0.483
1964.000 0.485
1965.000 0.528
1966.000 0.395
1967.000 0.398
1968.000 0.345
1969.000 0.301
1970.000 0.282
1971.000 0.278
1972.000 0.329
1973.000 0.358
1974.000 0.345
1975.000 0.317
1976.000 0.211
1977.000 0.212
1978.000 0.214
1979.000 0.279
1980.000 0.307
1981.000 0.309
1982.000 0.287
1983.000 0.249
1984.000 0.216
1985.000 0.212
1986.000 0.186
1987.000 0.174
1988.000 0.209
1989.000 0.266
1990.000 0.286
1991.000 0.281
1992.000 0.236
1993.000 0.219
1994.000 0.198
1995.000 0.228
1996.000 0.238
1997.000 0.264
1998.000 0.267
1999.000 0.251
2000.000 0.247
2001.000 0.254
2002.000 0.289
2003.000 0.304
2004.000 0.343
2005.000 0.383
2006.000 0.444
2007.000 0.438
2008.000 0.416
2009.000 0.427
2010.000 0.370
2011.000 0.366
2012.000 0.338
2013.000 0.350
2014.000 0.335
2015.000 0.371
2016.000 0.352
2017.000 0.317
2018.000 0.295
2019.000 0.265
2020.000 0.236
2021.000 0.218
2022.000 0.209
2023.000 0.215
2024.000 0.208
2025.000 0.192
2026.000 0.180
2027.000 0.183
2028.000 0.210
2029.000 0.216
2030.000 0.224
2031.000 0.224
2032.000 0.222
2033.000 0.210
2034.000 0.193
2035.000 0.189
2036.000 0.179
2037.000 0.160
2038.000 0.173
2039.000 0.179
2040.000 0.183
2041.000 0.192
2042.000 0.190
2043.000 0.173
2044.000 0.170
2045.000 0.167
2046.000 0.164
2047.000 0.170
2048.000 0.169
2049.000 0.163
2050.000 0.157
2051.000 0.154
2052.000 0.159
2053.000 0.183
2054.000 0.203
2055.000 0.212
2056.000 0.221
2057.000 0.220
2058.000 0.203
2059.000 0.191
2060.000 0.171
2061.000 0.168
2062.000 0.172
2063.000 0.175
2064.000 0.187
2065.000 0.201
2066.000 0.223
2067.000 0.229
2068.000 0.223
2069.000 0.227
2070.000 0.213
2071.000 0.198
2072.000 0.193
2073.000 0.198
2074.000 0.196
2075.000 0.194
2076.000 0.194
2077.000 0.194
2078.000 0.192
2079.000 0.188
2080.000 0.186
2081.000 0.178
2082.000 0.180
2083.000 0.181
2084.000 0.183
2085.000 0.195
2086.000 0.201
2087.000 0.201
2088.000 0.199
2089.000 0.193
2090.000 0.172
2091.000 0.170
2092.000 0.180
2093.000 0.183
2094.000 0.191
2095.000 0.197
2096.000 0.204
2097.000 0.204
2098.000 0.205
2099.000 0.199
2100.000 0.185
2101.000 0.180
2102.000 0.187
2103.000 0.200
2104.000 0.205
2105.000 0.210
2106.000 0.213
2107.000 0.208
2108.000 0.208
2109.000 0.210
2110.000 0.213
2111.000 0.216
2112.000 0.219
2113.000 0.222
2114.000 0.227
2115.000 0.233
2116.000 0.234
2117.000 0.233
2118.000 0.238
2119.000 0.235
2120.000 0.233
2121.000 0.235
2122.000 0.231
2123.000 0.227
2124.000 0.221
2125.000 0.220
2126.000 0.219
2127.000 0.222
2128.000 0.233
2129.000 0.237
2130.000 0.242
2131.000 0.241
2132.000 0.235
2133.000 0.232
2134.000 0.229
2135.000 0.227
2136.000 0.225
2137.000 0.222
2138.000 0.225
2139.000 0.224
2140.000 0.222
2141.000 0.229
2142.000 0.232
2143.000 0.235
2144.000 0.234
2145.000 0.230
2146.000 0.228
2147.000 0.224
2148.000 0.222
2149.000 0.224
2150.000 0.222
2151.000 0.216
2152.000 0.215
2153.000 0.218
2154.000 0.221
2155.000 0.228
2156.000 0.237
2157.000 0.243
2158.000 0.240
2159.000 0.244
2160.000 0.244
2161.000 0.240
2162.000 0.237
2163.000 0.234
2164.000 0.223
2165.000 0.222
2166.000 0.228
2167.000 0.232
2168.000 0.244
2169.000 0.244
2170.000 0.237
2171.000 0.234
2172.000 0.223
2173.000 0.223
2174.000 0.236
2175.000 0.237
2176.000 0.238
2177.000 0.234
2178.000 0.225
2179.000 0.224
2180.000 0.221
2181.000 0.224
2182.000 0.224
2183.000 0.223
2184.000 0.225
2185.000 0.231
2186.000 0.236
2187.000 0.248
2188.000 0.250
2189.000 0.248
2190.000 0.245
2191.000 0.237
2192.000 0.231
2193.000 0.223
2194.000 0.221
2195.000 0.222
2196.000 0.222
2197.000 0.223
2198.000 0.227
2199.000 0.235
2200.000 0.239
2201.000 0.240
2202.000 0.247
2203.000 0.253
2204.000 0.254
2205.000 0.264
2206.000 0.273
2207.000 0.267
2208.000 0.256
2209.000 0.246
2210.000 0.225
2211.000 0.221
2212.000 0.227
2213.000 0.227
2214.000 0.235
2215.000 0.240
2216.000 0.241
2217.000 0.244
2218.000 0.256
2219.000 0.257
2220.000 0.254
2221.000 0.251
2222.000 0.241
2223.000 0.237
2224.000 0.233
2225.000 0.234
2226.000 0.238
2227.000 0.243
2228.000 0.253
2229.000 0.262
2230.000 0.264
2231.000 0.266
2232.000 0.252
2233.000 0.235
2234.000 0.224
2235.000 0.214
2236.000 0.214
2237.000 0.221
2238.000 0.224
2239.000 0.231
2240.000 0.230
2241.000 0.220
2242.000 0.219
2243.000 0.220
2244.000 0.221
2245.000 0.230
2246.000 0.234
2247.000 0.235
2248.000 0.237
2249.000 0.242
2250.000 0.243
2251.000 0.241
2252.000 0.236
2253.000 0.227
2254.000 0.217
2255.000 0.203
2256.000 0.198
2257.000 0.196
2258.000 0.199
2259.000 0.218
2260.000 0.224
2261.000 0.228
2262.000 0.222
2263.000 0.209
2264.000 0.199
2265.000 0.183
2266.000 0.181
2267.000 0.187
2268.000 0.198
2269.000 0.210
2270.000 0.215
2271.000 0.219
2272.000 0.198
2273.000 0.192
2274.000 0.192
2275.000 0.191
2276.000 0.196
2277.000 0.199
2278.000 0.196
2279.000 0.195
2280.000 0.194
2281.000 0.194
2282.000 0.195
2283.000 0.196
2284.000 0.194
2285.000 0.200
2286.000 0.221
2287.000 0.226
2288.000 0.229
2289.000 0.231
2290.000 0.222
2291.000 0.220
2292.000 0.217
2293.000 0.224
2294.000 0.254
2295.000 0.264
2296.000 0.269
2297.000 0.244
2298.000 0.258
2299.000 0.249
2300.000 0.266
2301.000 0.280
2302.000 0.268
2303.000 0.250
2304.000 0.235
2305.000 0.226
2306.000 0.235
2307.000 0.274
2308.000 0.255
2309.000 0.258
2310.000 0.239
2311.000 0.247
2312.000 0.241
2313.000 0.235
2314.000 0.242
2315.000 0.232
2316.000 0.242
2317.000 0.245
2318.000 0.224
2319.000 0.217
2320.000 0.201
2321.000 0.212
2322.000 0.227
2323.000 0.232
2324.000 0.230
2325.000 0.239
2326.000 0.255
2327.000 0.216
2328.000 0.207
2329.000 0.176
2330.000 0.153
2331.000 0.125
2332.000 0.133
2333.000 0.140
2334.000 0.148
2335.000 0.217
2336.000 0.215
2337.000 0.183
2338.000 0.178
2339.000 0.138
2340.000 0.146
2341.000 0.188
2342.000 0.211
2343.000 0.220
2344.000 0.279
2345.000 0.284
2346.000 0.257
2347.000 0.257
2348.000 0.247
2349.000 0.214
2350.000 0.201
2351.000 0.223
2352.000 0.234
2353.000 0.204
2354.000 0.181
2355.000 0.209
2356.000 0.221
2357.000 0.187
2358.000 0.132
2359.000 0.118
2360.000 0.138
2361.000 0.153
2362.000 0.140
2363.000 0.211
2364.000 0.227
2365.000 0.284
2366.000 0.263
2367.000 0.207
2368.000 0.220
2369.000 0.303
2370.000 0.272
2371.000 0.291
2372.000 0.416
2373.000 0.426
2374.000 0.340
2375.000 0.481
2376.000 0.395
2377.000 0.494
2378.000 0.555
2379.000 0.518
2380.000 0.400
2381.000 0.356
2382.000 0.563
2383.000 0.499
2384.000 0.697
2385.000 0.434
2386.000 0.381
2387.000 0.567
2388.000 0.309
2389.000 0.333
2390.000 0.486
2391.000 0.461
2392.000 0.593
2393.000 0.435
2394.000 0.409
2395.000 0.388
2396.000 0.472
2397.000 0.410
2398.000 0.359
2399.000 0.290
2400.000 0.286
2401.000 0.538
2402.000 0.526
2403.000 0.428
2404.000 0.425
2405.000 0.503
2406.000 0.498
2407.000 0.555
2408.000 0.450
2409.000 0.318
2410.000 0.460
2411.000 0.455
2412.000 0.459
2413.000 0.493
2414.000 0.486
2415.000 0.591
2416.000 0.391
2417.000 0.380
2418.000 0.368
2419.000 0.433
2420.000 0.233
2421.000 0.262
2422.000 0.456
2423.000 0.356
2424.000 0.317
2425.000 0.262
2426.000 0.236
2427.000 0.293
2428.000 0.373
2429.000 0.469
2430.000 0.519
2431.000 0.342
2432.000 0.416
2433.000 0.525
2434.000 0.448
2435.000 0.625
2436.000 0.417
2437.000 0.636
2438.000 0.372
2439.000 0.336
2440.000 0.351
2441.000 0.416
2442.000 0.452
2443.000 0.391
2444.000 0.386
2445.000 0.313
2446.000 0.341
2447.000 0.402
2448.000 0.514
2449.000 0.320
2450.000 0.460
2451.000 0.499
2452.000 0.482
2453.000 0.410
2454.000 0.400
2455.000 0.280
2456.000 0.350
2457.000 0.414
2458.000 0.311
2459.000 0.571
2460.000 0.468
2461.000 0.347
2462.000 0.493
2463.000 0.524
2464.000 0.388
2465.000 0.203
2466.000 0.403
2467.000 0.561
2468.000 0.486
2469.000 0.391
2470.000 0.478
2471.000 0.529
2472.000 0.500
2473.000 0.497
2474.000 0.434
2475.000 0.413
2476.000 0.554
2477.000 0.542
2478.000 0.600
2479.000 0.400
2480.000 0.481
2481.000 0.384
2482.000 0.313
2483.000 0.235
2484.000 0.478
2485.000 0.490
2486.000 0.481
2487.000 0.722
2488.000 0.426
2489.000 0.305
2490.000 0.215
2491.000 0.415
2492.000 0.417
2493.000 0.339
2494.000 0.378
2495.000 0.409
2496.000 0.399
2497.000 0.483
2498.000 0.350
2499.000 0.438
2500.000 0.556
