391.000 0.045
392.000 0.048
393.000 0.053
394.000 0.049
395.000 0.048
396.000 0.043
397.000 0.038
398.000 0.050
399.000 0.051
400.000 0.050
401.000 0.052
402.000 0.050
403.000 0.049
404.000 0.051
405.000 0.054
406.000 0.052
407.000 0.048
408.000 0.046
409.000 0.047
410.000 0.050
411.000 0.056
412.000 0.061
413.000 0.057
414.000 0.053
415.000 0.052
416.000 0.053
417.000 0.052
418.000 0.052
419.000 0.053
420.000 0.057
421.000 0.058
422.000 0.060
423.000 0.063
424.000 0.057
425.000 0.057
426.000 0.059
427.000 0.056
428.000 0.057
429.000 0.060
430.000 0.062
431.000 0.062
432.000 0.058
433.000 0.057
434.000 0.059
435.000 0.059
436.000 0.058
437.000 0.058
438.000 0.060
439.000 0.061
440.000 0.060
441.000 0.060
442.000 0.059
443.000 0.060
444.000 0.061
445.000 0.060
446.000 0.060
447.000 0.061
448.000 0.062
449.000 0.063
450.000 0.060
451.000 0.063
452.000 0.066
453.000 0.066
454.000 0.062
455.000 0.062
456.000 0.063
457.000 0.065
458.000 0.066
459.000 0.066
460.000 0.066
461.000 0.061
462.000 0.061
463.000 0.063
464.000 0.063
465.000 0.066
466.000 0.068
467.000 0.066
468.000 0.066
469.000 0.066
470.000 0.068
471.000 0.067
472.000 0.067
473.000 0.067
474.000 0.069
475.000 0.068
476.000 0.069
477.000 0.070
478.000 0.070
479.000 0.068
480.000 0.069
481.000 0.071
482.000 0.070
483.000 0.070
484.000 0.071
485.000 0.071
486.000 0.071
487.000 0.073
488.000 0.074
489.000 0.073
490.000 0.074
491.000 0.073
492.000 0.073
493.000 0.073
494.000 0.076
495.000 0.077
496.000 0.074
497.000 0.075
498.000 0.075
499.000 0.074
500.000 0.075
501.000 0.077
502.000 0.076
503.000 0.075
504.000 0.078
505.000 0.079
506.000 0.078
507.000 0.079
508.000 0.081
509.000 0.080
510.000 0.079
511.000 0.081
512.000 0.080
513.000 0.079
514.000 0.079
515.000 0.081
516.000 0.082
517.000 0.082
518.000 0.083
519.000 0.082
520.000 0.083
521.000 0.084
522.000 0.085
523.000 0.086
524.000 0.086
525.000 0.087
526.000 0.088
527.000 0.089
528.000 0.088
529.000 0.087
530.000 0.088
531.000 0.089
532.000 0.090
533.000 0.090
534.000 0.090
535.000 0.091
536.000 0.092
537.000 0.093
538.000 0.094
539.000 0.094
540.000 0.094
541.000 0.095
542.000 0.095
543.000 0.095
544.000 0.095
545.000 0.095
546.000 0.097
547.000 0.097
548.000 0.099
549.000 0.098
550.000 0.097
551.000 0.098
552.000 0.099
553.000 0.099
554.000 0.099
555.000 0.099
556.000 0.099
557.000 0.099
558.000 0.100
559.000 0.099
560.000 0.100
561.000 0.102
562.000 0.102
563.000 0.102
564.000 0.102
565.000 0.101
566.000 0.101
567.000 0.102
568.000 0.102
569.000 0.103
570.000 0.102
571.000 0.102
572.000 0.103
573.000 0.103
574.000 0.103
575.000 0.103
576.000 0.103
577.000 0.103
578.000 0.104
579.000 0.104
580.000 0.104
581.000 0.106
582.000 0.107
583.000 0.105
584.000 0.105
585.000 0.106
586.000 0.106
587.000 0.108
588.000 0.108
589.000 0.107
590.000 0.109
591.000 0.108
592.000 0.108
593.000 0.109
594.000 0.109
595.000 0.109
596.000 0.110
597.000 0.109
598.000 0.110
599.000 0.112
600.000 0.113
601.000 0.113
602.000 0.112
603.000 0.113
604.000 0.114
605.000 0.115
606.000 0.116
607.000 0.116
608.000 0.116
609.000 0.116
610.000 0.115
611.000 0.115
612.000 0.116
613.000 0.118
614.000 0.118
615.000 0.118
616.000 0.120
617.000 0.120
618.000 0.121
619.000 0.121
620.000 0.122
621.000 0.122
622.000 0.123
623.000 0.123
624.000 0.124
625.000 0.126
626.000 0.126
627.000 0.127
628.000 0.126
629.000 0.126
630.000 0.127
631.000 0.126
632.000 0.127
633.000 0.128
634.000 0.129
635.000 0.130
636.000 0.131
637.000 0.132
638.000 0.132
639.000 0.133
640.000 0.134
641.000 0.135
642.000 0.136
643.000 0.136
644.000 0.136
645.000 0.136
646.000 0.137
647.000 0.138
648.000 0.140
649.000 0.140
650.000 0.141
651.000 0.142
652.000 0.141
653.000 0.142
654.000 0.142
655.000 0.142
656.000 0.143
657.000 0.146
658.000 0.146
659.000 0.145
660.000 0.149
661.000 0.152
662.000 0.149
663.000 0.149
664.000 0.149
665.000 0.150
666.000 0.152
667.000 0.152
668.000 0.153
669.000 0.154
670.000 0.152
671.000 0.156
672.000 0.158
673.000 0.158
674.000 0.159
675.000 0.158
676.000 0.159
677.000 0.163
678.000 0.166
679.000 0.165
680.000 0.163
681.000 0.164
682.000 0.165
683.000 0.165
684.000 0.167
685.000 0.168
686.000 0.167
687.000 0.167
688.000 0.168
689.000 0.167
690.000 0.167
691.000 0.168
692.000 0.167
693.000 0.167
694.000 0.167
695.000 0.168
696.000 0.169
697.000 0.169
698.000 0.168
699.000 0.170
700.000 0.172
701.000 0.173
702.000 0.174
703.000 0.175
704.000 0.176
705.000 0.178
706.000 0.180
707.000 0.182
708.000 0.184
709.000 0.186
710.000 0.188
711.000 0.190
712.000 0.192
713.000 0.194
714.000 0.198
715.000 0.199
716.000 0.201
717.000 0.204
718.000 0.206
719.000 0.209
720.000 0.212
721.000 0.214
722.000 0.216
723.000 0.219
724.000 0.221
725.000 0.225
726.000 0.227
727.000 0.230
728.000 0.232
729.000 0.234
730.000 0.237
731.000 0.240
732.000 0.242
733.000 0.244
734.000 0.246
735.000 0.248
736.000 0.251
737.000 0.253
738.000 0.255
739.000 0.257
740.000 0.259
741.000 0.261
742.000 0.263
743.000 0.264
744.000 0.266
745.000 0.268
746.000 0.269
747.000 0.271
748.000 0.272
749.000 0.274
750.000 0.275
751.000 0.277
752.000 0.278
753.000 0.279
754.000 0.281
755.000 0.281
756.000 0.282
757.000 0.284
758.000 0.284
759.000 0.285
760.000 0.285
761.000 0.287
762.000 0.289
763.000 0.289
764.000 0.290
765.000 0.291
766.000 0.292
767.000 0.293
768.000 0.293
769.000 0.294
770.000 0.295
771.000 0.296
772.000 0.297
773.000 0.298
774.000 0.299
775.000 0.299
776.000 0.300
777.000 0.301
778.000 0.302
779.000 0.302
780.000 0.303
781.000 0.304
782.000 0.304
783.000 0.305
784.000 0.305
785.000 0.306
786.000 0.307
787.000 0.308
788.000 0.309
789.000 0.310
790.000 0.311
791.000 0.311
792.000 0.312
793.000 0.312
794.000 0.313
795.000 0.314
796.000 0.315
797.000 0.315
798.000 0.316
799.000 0.317
800.000 0.318
801.000 0.319
802.000 0.320
803.000 0.320
804.000 0.321
805.000 0.321
806.000 0.322
807.000 0.322
808.000 0.323
809.000 0.324
810.000 0.325
811.000 0.325
812.000 0.326
813.000 0.327
814.000 0.328
815.000 0.329
816.000 0.329
817.000 0.330
818.000 0.331
819.000 0.332
820.000 0.333
821.000 0.333
822.000 0.333
823.000 0.334
824.000 0.335
825.000 0.336
826.000 0.336
827.000 0.336
828.000 0.338
829.000 0.338
830.000 0.339
831.000 0.339
832.000 0.340
833.000 0.341
834.000 0.341
835.000 0.341
836.000 0.342
837.000 0.343
838.000 0.343
839.000 0.344
840.000 0.345
841.000 0.345
842.000 0.346
843.000 0.347
844.000 0.347
845.000 0.347
846.000 0.348
847.000 0.349
848.000 0.349
849.000 0.350
850.000 0.350
851.000 0.351
852.000 0.351
853.000 0.352
854.000 0.353
855.000 0.353
856.000 0.354
857.000 0.354
858.000 0.355
859.000 0.355
860.000 0.356
861.000 0.357
862.000 0.357
863.000 0.357
864.000 0.358
865.000 0.359
866.000 0.359
867.000 0.359
868.000 0.360
869.000 0.360
870.000 0.361
871.000 0.362
872.000 0.362
873.000 0.363
874.000 0.363
875.000 0.364
876.000 0.364
877.000 0.365
878.000 0.365
879.000 0.366
880.000 0.366
881.000 0.367
882.000 0.368
883.000 0.369
884.000 0.369
885.000 0.370
886.000 0.370
887.000 0.371
888.000 0.371
889.000 0.372
890.000 0.373
891.000 0.373
892.000 0.374
893.000 0.374
894.000 0.375
895.000 0.376
896.000 0.377
897.000 0.377
898.000 0.378
899.000 0.379
900.000 0.379
901.000 0.380
902.000 0.380
903.000 0.381
904.000 0.381
905.000 0.381
906.000 0.382
907.000 0.383
908.000 0.383
909.000 0.384
910.000 0.384
911.000 0.384
912.000 0.385
913.000 0.386
914.000 0.386
915.000 0.387
916.000 0.387
917.000 0.388
918.000 0.388
919.000 0.388
920.000 0.389
921.000 0.390
922.000 0.390
923.000 0.391
924.000 0.391
925.000 0.391
926.000 0.392
927.000 0.392
928.000 0.391
929.000 0.392
930.000 0.393
931.000 0.393
932.000 0.392
933.000 0.392
934.000 0.392
935.000 0.392
936.000 0.391
937.000 0.392
938.000 0.393
939.000 0.393
940.000 0.394
941.000 0.395
942.000 0.395
943.000 0.395
944.000 0.396
945.000 0.395
946.000 0.397
947.000 0.401
948.000 0.401
949.000 0.399
950.000 0.397
951.000 0.396
952.000 0.399
953.000 0.397
954.000 0.397
955.000 0.399
956.000 0.398
957.000 0.398
958.000 0.398
959.000 0.399
960.000 0.400
961.000 0.401
962.000 0.402
963.000 0.404
964.000 0.404
965.000 0.402
966.000 0.401
967.000 0.402
968.000 0.405
969.000 0.405
970.000 0.404
971.000 0.404
972.000 0.404
973.000 0.406
974.000 0.406
975.000 0.406
976.000 0.405
977.000 0.406
978.000 0.406
979.000 0.406
980.000 0.406
981.000 0.408
982.000 0.411
983.000 0.410
984.000 0.408
985.000 0.409
986.000 0.409
987.000 0.410
988.000 0.410
989.000 0.410
990.000 0.411
991.000 0.413
992.000 0.413
993.000 0.412
994.000 0.412
995.000 0.413
996.000 0.414
997.000 0.414
998.000 0.413
999.000 0.414
1000.000 0.414
1001.000 0.419
1002.000 0.418
1003.000 0.419
1004.000 0.418
1005.000 0.418
1006.000 0.419
1007.000 0.420
1008.000 0.421
1009.000 0.423
1010.000 0.423
1011.000 0.423
1012.000 0.423
1013.000 0.424
1014.000 0.423
1015.000 0.424
1016.000 0.426
1017.000 0.426
1018.000 0.427
1019.000 0.428
1020.000 0.428
1021.000 0.428
1022.000 0.428
1023.000 0.428
1024.000 0.429
1025.000 0.429
1026.000 0.429
1027.000 0.430
1028.000 0.430
1029.000 0.431
1030.000 0.432
1031.000 0.432
1032.000 0.433
1033.000 0.433
1034.000 0.434
1035.000 0.434
1036.000 0.434
1037.000 0.434
1038.000 0.434
1039.000 0.435
1040.000 0.436
1041.000 0.436
1042.000 0.436
1043.000 0.436
1044.000 0.436
1045.000 0.436
1046.000 0.436
1047.000 0.437
1048.000 0.438
1049.000 0.439
1050.000 0.439
1051.000 0.439
1052.000 0.440
1053.000 0.440
1054.000 0.441
1055.000 0.441
1056.000 0.442
1057.000 0.442
1058.000 0.442
1059.000 0.443
1060.000 0.443
1061.000 0.443
1062.000 0.444
1063.000 0.444
1064.000 0.445
1065.000 0.445
1066.000 0.445
1067.000 0.445
1068.000 0.446
1069.000 0.446
1070.000 0.447
1071.000 0.447
1072.000 0.448
1073.000 0.448
1074.000 0.449
1075.000 0.449
1076.000 0.449
1077.000 0.449
1078.000 0.449
1079.000 0.449
1080.000 0.450
1081.000 0.450
1082.000 0.450
1083.000 0.451
1084.000 0.451
1085.000 0.451
1086.000 0.452
1087.000 0.453
1088.000 0.453
1089.000 0.454
1090.000 0.454
1091.000 0.455
1092.000 0.455
1093.000 0.456
1094.000 0.456
1095.000 0.456
1096.000 0.456
1097.000 0.457
1098.000 0.457
1099.000 0.459
1100.000 0.459
1101.000 0.460
1102.000 0.460
1103.000 0.461
1104.000 0.462
1105.000 0.463
1106.000 0.463
1107.000 0.463
1108.000 0.463
1109.000 0.462
1110.000 0.462
1111.000 0.463
1112.000 0.464
1113.000 0.462
1114.000 0.462
1115.000 0.461
1116.000 0.461
1117.000 0.461
1118.000 0.462
1119.000 0.463
1120.000 0.464
1121.000 0.466
1122.000 0.465
1123.000 0.465
1124.000 0.463
1125.000 0.464
1126.000 0.466
1127.000 0.467
1128.000 0.468
1129.000 0.469
1130.000 0.469
1131.000 0.470
1132.000 0.471
1133.000 0.472
1134.000 0.472
1135.000 0.473
1136.000 0.473
1137.000 0.474
1138.000 0.474
1139.000 0.473
1140.000 0.472
1141.000 0.470
1142.000 0.469
1143.000 0.469
1144.000 0.469
1145.000 0.471
1146.000 0.471
1147.000 0.471
1148.000 0.470
1149.000 0.470
1150.000 0.468
1151.000 0.467
1152.000 0.467
1153.000 0.466
1154.000 0.466
1155.000 0.466
1156.000 0.466
1157.000 0.465
1158.000 0.464
1159.000 0.464
1160.000 0.464
1161.000 0.464
1162.000 0.466
1163.000 0.467
1164.000 0.468
1165.000 0.467
1166.000 0.468
1167.000 0.467
1168.000 0.467
1169.000 0.466
1170.000 0.466
1171.000 0.466
1172.000 0.466
1173.000 0.467
1174.000 0.467
1175.000 0.468
1176.000 0.468
1177.000 0.468
1178.000 0.467
1179.000 0.468
1180.000 0.468
1181.000 0.468
1182.000 0.467
1183.000 0.467
1184.000 0.467
1185.000 0.467
1186.000 0.468
1187.000 0.468
1188.000 0.469
1189.000 0.469
1190.000 0.470
1191.000 0.470
1192.000 0.470
1193.000 0.470
1194.000 0.471
1195.000 0.471
1196.000 0.471
1197.000 0.472
1198.000 0.472
1199.000 0.472
1200.000 0.473
1201.000 0.473
1202.000 0.474
1203.000 0.474
1204.000 0.474
1205.000 0.474
1206.000 0.474
1207.000 0.474
1208.000 0.474
1209.000 0.474
1210.000 0.475
1211.000 0.476
1212.000 0.477
1213.000 0.477
1214.000 0.478
1215.000 0.478
1216.000 0.478
1217.000 0.479
1218.000 0.479
1219.000 0.478
1220.000 0.479
1221.000 0.479
1222.000 0.480
1223.000 0.481
1224.000 0.483
1225.000 0.483
1226.000 0.484
1227.000 0.485
1228.000 0.485
1229.000 0.485
1230.000 0.485
1231.000 0.485
1232.000 0.486
1233.000 0.486
1234.000 0.486
1235.000 0.487
1236.000 0.487
1237.000 0.487
1238.000 0.488
1239.000 0.489
1240.000 0.489
1241.000 0.489
1242.000 0.490
1243.000 0.490
1244.000 0.490
1245.000 0.491
1246.000 0.491
1247.000 0.492
1248.000 0.493
1249.000 0.494
1250.000 0.495
1251.000 0.496
1252.000 0.496
1253.000 0.496
1254.000 0.496
1255.000 0.496
1256.000 0.496
1257.000 0.497
1258.000 0.498
1259.000 0.498
1260.000 0.499
1261.000 0.499
1262.000 0.499
1263.000 0.500
1264.000 0.500
1265.000 0.501
1266.000 0.501
1267.000 0.500
1268.000 0.500
1269.000 0.500
1270.000 0.500
1271.000 0.501
1272.000 0.502
1273.000 0.502
1274.000 0.502
1275.000 0.503
1276.000 0.504
1277.000 0.505
1278.000 0.505
1279.000 0.506
1280.000 0.506
1281.000 0.506
1282.000 0.507
1283.000 0.507
1284.000 0.506
1285.000 0.506
1286.000 0.506
1287.000 0.506
1288.000 0.507
1289.000 0.507
1290.000 0.507
1291.000 0.507
1292.000 0.508
1293.000 0.509
1294.000 0.509
1295.000 0.509
1296.000 0.509
1297.000 0.509
1298.000 0.509
1299.000 0.509
1300.000 0.510
1301.000 0.509
1302.000 0.510
1303.000 0.511
1304.000 0.510
1305.000 0.510
1306.000 0.509
1307.000 0.509
1308.000 0.509
1309.000 0.510
1310.000 0.510
1311.000 0.510
1312.000 0.510
1313.000 0.509
1314.000 0.509
1315.000 0.509
1316.000 0.509
1317.000 0.509
1318.000 0.509
1319.000 0.509
1320.000 0.508
1321.000 0.508
1322.000 0.508
1323.000 0.508
1324.000 0.507
1325.000 0.506
1326.000 0.504
1327.000 0.502
1328.000 0.501
1329.000 0.501
1330.000 0.502
1331.000 0.502
1332.000 0.504
1333.000 0.505
1334.000 0.505
1335.000 0.505
1336.000 0.503
1337.000 0.502
1338.000 0.500
1339.000 0.499
1340.000 0.499
1341.000 0.499
1342.000 0.499
1343.000 0.498
1344.000 0.493
1345.000 0.491
1346.000 0.490
1347.000 0.488
1348.000 0.486
1349.000 0.489
1350.000 0.488
1351.000 0.479
1352.000 0.481
1353.000 0.506
1354.000 0.515
1355.000 0.533
1356.000 0.520
1357.000 0.422
1358.000 0.355
1359.000 0.305
1360.000 0.304
1361.000 0.332
1362.000 0.323
1363.000 0.299
1364.000 0.327
1365.000 0.376
1366.000 0.398
1367.000 0.412
1368.000 0.395
1369.000 0.253
1370.000 0.295
1371.000 0.238
1372.000 0.244
1373.000 0.461
1374.000 0.431
1375.000 0.450
1376.000 0.464
1377.000 0.457
1378.000 0.626
1379.000 0.806
1380.000 0.646
1381.000 0.322
1382.000 0.321
1383.000 0.374
1384.000 0.424
1385.000 0.345
1386.000 0.206
1387.000 0.299
1388.000 0.256
1389.000 0.215
1390.000 0.220
1391.000 0.251
1392.000 0.258
1393.000 0.273
1394.000 0.372
1395.000 0.387
1396.000 0.504
1397.000 0.727
1398.000 0.475
1399.000 0.523
1400.000 0.424
1401.000 0.424
1402.000 0.473
1403.000 0.537
1404.000 0.567
1405.000 0.567
1406.000 0.267
1407.000 0.233
1408.000 0.183
1409.000 0.158
1410.000 0.131
1411.000 0.218
1412.000 0.268
1413.000 0.392
1414.000 0.369
1415.000 0.308
1416.000 0.253
1417.000 0.230
1418.000 0.271
1419.000 0.356
1420.000 0.431
1421.000 0.404
1422.000 0.444
1423.000 0.390
1424.000 0.391
1425.000 0.404
1426.000 0.395
1427.000 0.391
1428.000 0.368
1429.000 0.436
1430.000 0.471
1431.000 0.460
1432.000 0.406
1433.000 0.286
1434.000 0.257
1435.000 0.259
1436.000 0.257
1437.000 0.312
1438.000 0.324
1439.000 0.308
1440.000 0.325
1441.000 0.357
1442.000 0.359
1443.000 0.373
1444.000 0.364
1445.000 0.308
1446.000 0.294
1447.000 0.283
1448.000 0.284
1449.000 0.300
1450.000 0.309
1451.000 0.293
1452.000 0.300
1453.000 0.300
1454.000 0.287
1455.000 0.293
1456.000 0.320
1457.000 0.321
1458.000 0.314
1459.000 0.310
1460.000 0.296
1461.000 0.292
1462.000 0.301
1463.000 0.305
1464.000 0.320
1465.000 0.318
1466.000 0.333
1467.000 0.339
1468.000 0.350
1469.000 0.347
1470.000 0.327
1471.000 0.318
1472.000 0.309
1473.000 0.304
1474.000 0.305
1475.000 0.301
1476.000 0.296
1477.000 0.296
1478.000 0.296
1479.000 0.299
1480.000 0.308
1481.000 0.312
1482.000 0.316
1483.000 0.319
1484.000 0.316
1485.000 0.321
1486.000 0.332
1487.000 0.339
1488.000 0.349
1489.000 0.355
1490.000 0.357
1491.000 0.357
1492.000 0.353
1493.000 0.354
1494.000 0.357
1495.000 0.358
1496.000 0.361
1497.000 0.364
1498.000 0.364
1499.000 0.362
1500.000 0.364
1501.000 0.369
1502.000 0.372
1503.000 0.374
1504.000 0.375
1505.000 0.374
1506.000 0.375
1507.000 0.376
1508.000 0.376
1509.000 0.378
1510.000 0.379
1511.000 0.381
1512.000 0.379
1513.000 0.376
1514.000 0.375
1515.000 0.371
1516.000 0.372
1517.000 0.377
1518.000 0.380
1519.000 0.383
1520.000 0.384
1521.000 0.383
1522.000 0.383
1523.000 0.383
1524.000 0.383
1525.000 0.384
1526.000 0.385
1527.000 0.386
1528.000 0.386
1529.000 0.386
1530.000 0.388
1531.000 0.390
1532.000 0.393
1533.000 0.398
1534.000 0.400
1535.000 0.402
1536.000 0.402
1537.000 0.401
1538.000 0.401
1539.000 0.399
1540.000 0.400
1541.000 0.402
1542.000 0.402
1543.000 0.403
1544.000 0.403
1545.000 0.402
1546.000 0.402
1547.000 0.401
1548.000 0.402
1549.000 0.406
1550.000 0.408
1551.000 0.411
1552.000 0.411
1553.000 0.410
1554.000 0.409
1555.000 0.409
1556.000 0.409
1557.000 0.407
1558.000 0.408
1559.000 0.409
1560.000 0.411
1561.000 0.414
1562.000 0.416
1563.000 0.418
1564.000 0.420
1565.000 0.420
1566.000 0.421
1567.000 0.418
1568.000 0.419
1569.000 0.419
1570.000 0.419
1571.000 0.419
1572.000 0.420
1573.000 0.420
1574.000 0.421
1575.000 0.422
1576.000 0.423
1577.000 0.423
1578.000 0.424
1579.000 0.426
1580.000 0.427
1581.000 0.427
1582.000 0.428
1583.000 0.428
1584.000 0.429
1585.000 0.432
1586.000 0.433
1587.000 0.437
1588.000 0.439
1589.000 0.439
1590.000 0.439
1591.000 0.437
1592.000 0.436
1593.000 0.438
1594.000 0.439
1595.000 0.439
1596.000 0.440
1597.000 0.440
1598.000 0.440
1599.000 0.440
1600.000 0.440
1601.000 0.438
1602.000 0.438
1603.000 0.439
1604.000 0.441
1605.000 0.445
1606.000 0.446
1607.000 0.447
1608.000 0.448
1609.000 0.446
1610.000 0.446
1611.000 0.448
1612.000 0.449
1613.000 0.450
1614.000 0.451
1615.000 0.449
1616.000 0.448
1617.000 0.445
1618.000 0.444
1619.000 0.444
1620.000 0.444
1621.000 0.447
1622.000 0.449
1623.000 0.452
1624.000 0.453
1625.000 0.452
1626.000 0.451
1627.000 0.450
1628.000 0.451
1629.000 0.451
1630.000 0.452
1631.000 0.455
1632.000 0.456
1633.000 0.456
1634.000 0.456
1635.000 0.455
1636.000 0.454
1637.000 0.454
1638.000 0.454
1639.000 0.453
1640.000 0.454
1641.000 0.456
1642.000 0.457
1643.000 0.457
1644.000 0.458
1645.000 0.459
1646.000 0.459
1647.000 0.461
1648.000 0.462
1649.000 0.461
1650.000 0.461
1651.000 0.462
1652.000 0.463
1653.000 0.462
1654.000 0.462
1655.000 0.463
1656.000 0.462
1657.000 0.462
1658.000 0.461
1659.000 0.458
1660.000 0.457
1661.000 0.460
1662.000 0.460
1663.000 0.461
1664.000 0.461
1665.000 0.458
1666.000 0.458
1667.000 0.459
1668.000 0.460
1669.000 0.463
1670.000 0.463
1671.000 0.462
1672.000 0.461
1673.000 0.459
1674.000 0.459
1675.000 0.460
1676.000 0.460
1677.000 0.464
1678.000 0.464
1679.000 0.463
1680.000 0.462
1681.000 0.460
1682.000 0.460
1683.000 0.461
1684.000 0.461
1685.000 0.461
1686.000 0.461
1687.000 0.460
1688.000 0.459
1689.000 0.457
1690.000 0.458
1691.000 0.459
1692.000 0.461
1693.000 0.465
1694.000 0.466
1695.000 0.463
1696.000 0.461
1697.000 0.457
1698.000 0.455
1699.000 0.456
1700.000 0.454
1701.000 0.453
1702.000 0.453
1703.000 0.451
1704.000 0.450
1705.000 0.450
1706.000 0.450
1707.000 0.453
1708.000 0.454
1709.000 0.456
1710.000 0.457
1711.000 0.457
1712.000 0.458
1713.000 0.455
1714.000 0.451
1715.000 0.450
1716.000 0.450
1717.000 0.450
1718.000 0.451
1719.000 0.448
1720.000 0.445
1721.000 0.444
1722.000 0.443
1723.000 0.443
1724.000 0.443
1725.000 0.443
1726.000 0.443
1727.000 0.444
1728.000 0.446
1729.000 0.447
1730.000 0.444
1731.000 0.441
1732.000 0.438
1733.000 0.436
1734.000 0.440
1735.000 0.443
1736.000 0.443
1737.000 0.442
1738.000 0.439
1739.000 0.438
1740.000 0.439
1741.000 0.439
1742.000 0.441
1743.000 0.441
1744.000 0.441
1745.000 0.442
1746.000 0.445
1747.000 0.444
1748.000 0.441
1749.000 0.439
1750.000 0.435
1751.000 0.431
1752.000 0.427
1753.000 0.426
1754.000 0.426
1755.000 0.426
1756.000 0.430
1757.000 0.432
1758.000 0.431
1759.000 0.430
1760.000 0.429
1761.000 0.432
1762.000 0.435
1763.000 0.442
1764.000 0.446
1765.000 0.440
1766.000 0.438
1767.000 0.431
1768.000 0.426
1769.000 0.433
1770.000 0.438
1771.000 0.444
1772.000 0.451
1773.000 0.454
1774.000 0.453
1775.000 0.451
1776.000 0.453
1777.000 0.448
1778.000 0.441
1779.000 0.430
1780.000 0.419
1781.000 0.412
1782.000 0.410
1783.000 0.407
1784.000 0.405
1785.000 0.399
1786.000 0.399
1787.000 0.416
1788.000 0.423
1789.000 0.426
1790.000 0.432
1791.000 0.424
1792.000 0.433
1793.000 0.427
1794.000 0.422
1795.000 0.444
1796.000 0.435
1797.000 0.437
1798.000 0.441
1799.000 0.451
1800.000 0.466
1801.000 0.384
1802.000 0.360
1803.000 0.347
1804.000 0.375
1805.000 0.410
1806.000 0.524
1807.000 0.513
1808.000 0.557
1809.000 0.531
1810.000 0.541
1811.000 0.670
1812.000 0.568
1813.000 0.548
1814.000 0.639
1815.000 0.661
1816.000 0.677
1817.000 0.479
1818.000 0.688
1819.000 0.808
1820.000 0.653
1821.000 0.404
1822.000 0.405
1823.000 0.353
1824.000 0.456
1825.000 0.556
1826.000 0.314
1827.000 0.467
1828.000 0.384
1829.000 0.378
1830.000 0.327
1831.000 0.239
1832.000 0.225
1833.000 0.243
1834.000 0.194
1835.000 0.156
1836.000 0.161
1837.000 0.274
1838.000 0.387
1839.000 0.646
1840.000 0.450
1841.000 0.491
1842.000 0.478
1843.000 0.431
1844.000 0.419
1845.000 0.416
1846.000 0.400
1847.000 0.382
1848.000 0.380
1849.000 0.405
1850.000 0.361
1851.000 0.413
1852.000 0.505
1853.000 0.512
1854.000 0.493
1855.000 0.396
1856.000 0.430
1857.000 0.387
1858.000 0.413
1859.000 0.467
1860.000 0.620
1861.000 0.586
1862.000 0.527
1863.000 0.455
1864.000 0.647
1865.000 0.566
1866.000 0.553
1867.000 0.513
1868.000 0.488
1869.000 0.456
1870.000 0.468
1871.000 0.465
1872.000 0.579
1873.000 0.522
1874.000 0.639
1875.000 0.430
1876.000 0.391
1877.000 0.313
1878.000 0.420
1879.000 0.474
1880.000 0.536
1881.000 0.742
1882.000 0.698
1883.000 0.589
1884.000 0.556
1885.000 0.547
1886.000 0.499
1887.000 0.464
1888.000 0.548
1889.000 0.553
1890.000 0.610
1891.000 0.586
1892.000 0.465
1893.000 0.594
1894.000 0.681
1895.000 0.530
1896.000 0.577
1897.000 0.480
1898.000 0.512
1899.000 0.429
1900.000 0.339
1901.000 0.461
1902.000 0.589
1903.000 0.711
1904.000 0.221
1905.000 0.292
1906.000 0.272
1907.000 0.137
1908.000 0.359
1909.000 0.556
1910.000 0.391
1911.000 0.373
1912.000 0.303
1913.000 0.388
1914.000 0.376
1915.000 0.357
1916.000 0.356
1917.000 0.412
1918.000 0.378
1919.000 0.619
1920.000 0.368
1921.000 0.661
1922.000 0.691
1923.000 0.456
1924.000 0.443
1925.000 0.412
1926.000 0.404
1927.000 0.395
1928.000 0.464
1929.000 0.558
1930.000 0.409
1931.000 0.444
1932.000 0.319
1933.000 0.274
1934.000 0.365
1935.000 0.396
1936.000 0.370
1937.000 0.423
1938.000 0.524
1939.000 0.455
1940.000 0.460
1941.000 0.564
1942.000 0.561
1943.000 0.479
1944.000 0.303
1945.000 0.271
1946.000 0.456
1947.000 0.618
1948.000 0.419
1949.000 0.395
1950.000 0.607
1951.000 0.573
1952.000 0.616
1953.000 0.515
1954.000 0.603
1955.000 0.638
1956.000 0.466
1957.000 0.429
1958.000 0.401
1959.000 0.277
1960.000 0.444
1961.000 0.649
1962.000 0.611
1963.000 0.411
1964.000 0.325
1965.000 0.342
1966.000 0.424
1967.000 0.424
1968.000 0.471
1969.000 0.384
1970.000 0.342
1971.000 0.331
1972.000 0.357
1973.000 0.392
1974.000 0.404
1975.000 0.407
1976.000 0.364
1977.000 0.355
1978.000 0.350
1979.000 0.382
1980.000 0.380
1981.000 0.387
1982.000 0.376
1983.000 0.350
1984.000 0.345
1985.000 0.390
1986.000 0.399
1987.000 0.397
1988.000 0.411
1989.000 0.439
1990.000 0.448
1991.000 0.437
1992.000 0.450
1993.000 0.443
1994.000 0.429
1995.000 0.427
1996.000 0.396
1997.000 0.380
1998.000 0.369
1999.000 0.360
2000.000 0.425
2001.000 0.436
2002.000 0.424
2003.000 0.440
2004.000 0.435
2005.000 0.412
2006.000 0.392
2007.000 0.384
2008.000 0.359
2009.000 0.381
2010.000 0.349
2011.000 0.352
2012.000 0.416
2013.000 0.436
2014.000 0.446
2015.000 0.489
2016.000 0.476
2017.000 0.449
2018.000 0.411
2019.000 0.367
2020.000 0.363
2021.000 0.332
2022.000 0.306
2023.000 0.286
2024.000 0.275
2025.000 0.271
2026.000 0.278
2027.000 0.284
2028.000 0.297
2029.000 0.315
2030.000 0.339
2031.000 0.358
2032.000 0.386
2033.000 0.390
2034.000 0.372
2035.000 0.381
2036.000 0.365
2037.000 0.339
2038.000 0.347
2039.000 0.335
2040.000 0.333
2041.000 0.344
2042.000 0.340
2043.000 0.324
2044.000 0.323
2045.000 0.330
2046.000 0.322
2047.000 0.315
2048.000 0.306
2049.000 0.278
2050.000 0.274
2051.000 0.285
2052.000 0.295
2053.000 0.336
2054.000 0.335
2055.000 0.323
2056.000 0.340
2057.000 0.336
2058.000 0.319
2059.000 0.315
2060.000 0.299
2061.000 0.306
2062.000 0.335
2063.000 0.348
2064.000 0.374
2065.000 0.396
2066.000 0.415
2067.000 0.409
2068.000 0.392
2069.000 0.396
2070.000 0.368
2071.000 0.333
2072.000 0.318
2073.000 0.312
2074.000 0.303
2075.000 0.298
2076.000 0.299
2077.000 0.300
2078.000 0.301
2079.000 0.313
2080.000 0.314
2081.000 0.302
2082.000 0.303
2083.000 0.316
2084.000 0.309
2085.000 0.313
2086.000 0.325
2087.000 0.323
2088.000 0.322
2089.000 0.321
2090.000 0.302
2091.000 0.308
2092.000 0.331
2093.000 0.338
2094.000 0.345
2095.000 0.348
2096.000 0.332
2097.000 0.327
2098.000 0.327
2099.000 0.327
2100.000 0.329
2101.000 0.332
2102.000 0.339
2103.000 0.349
2104.000 0.351
2105.000 0.353
2106.000 0.349
2107.000 0.334
2108.000 0.331
2109.000 0.328
2110.000 0.332
2111.000 0.352
2112.000 0.363
2113.000 0.373
2114.000 0.381
2115.000 0.389
2116.000 0.384
2117.000 0.375
2118.000 0.361
2119.000 0.340
2120.000 0.327
2121.000 0.325
2122.000 0.333
2123.000 0.333
2124.000 0.331
2125.000 0.339
2126.000 0.352
2127.000 0.358
2128.000 0.376
2129.000 0.381
2130.000 0.367
2131.000 0.366
2132.000 0.372
2133.000 0.372
2134.000 0.373
2135.000 0.371
2136.000 0.363
2137.000 0.354
2138.000 0.353
2139.000 0.350
2140.000 0.352
2141.000 0.361
2142.000 0.365
2143.000 0.374
2144.000 0.373
2145.000 0.360
2146.000 0.356
2147.000 0.352
2148.000 0.345
2149.000 0.338
2150.000 0.335
2151.000 0.326
2152.000 0.323
2153.000 0.327
2154.000 0.333
2155.000 0.341
2156.000 0.352
2157.000 0.361
2158.000 0.363
2159.000 0.367
2160.000 0.359
2161.000 0.352
2162.000 0.342
2163.000 0.340
2164.000 0.336
2165.000 0.337
2166.000 0.348
2167.000 0.351
2168.000 0.350
2169.000 0.352
2170.000 0.354
2171.000 0.355
2172.000 0.351
2173.000 0.354
2174.000 0.369
2175.000 0.367
2176.000 0.363
2177.000 0.347
2178.000 0.330
2179.000 0.314
2180.000 0.299
2181.000 0.300
2182.000 0.298
2183.000 0.294
2184.000 0.296
2185.000 0.307
2186.000 0.312
2187.000 0.319
2188.000 0.325
2189.000 0.330
2190.000 0.332
2191.000 0.336
2192.000 0.331
2193.000 0.314
2194.000 0.310
2195.000 0.304
2196.000 0.304
2197.000 0.315
2198.000 0.324
2199.000 0.336
2200.000 0.344
2201.000 0.349
2202.000 0.359
2203.000 0.366
2204.000 0.364
2205.000 0.378
2206.000 0.388
2207.000 0.388
2208.000 0.383
2209.000 0.372
2210.000 0.343
2211.000 0.341
2212.000 0.352
2213.000 0.353
2214.000 0.364
2215.000 0.367
2216.000 0.356
2217.000 0.357
2218.000 0.372
2219.000 0.376
2220.000 0.381
2221.000 0.381
2222.000 0.372
2223.000 0.365
2224.000 0.353
2225.000 0.347
2226.000 0.342
2227.000 0.344
2228.000 0.347
2229.000 0.356
2230.000 0.368
2231.000 0.370
2232.000 0.350
2233.000 0.327
2234.000 0.306
2235.000 0.296
2236.000 0.308
2237.000 0.327
2238.000 0.338
2239.000 0.359
2240.000 0.359
2241.000 0.342
2242.000 0.337
2243.000 0.325
2244.000 0.318
2245.000 0.316
2246.000 0.314
2247.000 0.307
2248.000 0.306
2249.000 0.314
2250.000 0.318
2251.000 0.331
2252.000 0.333
2253.000 0.332
2254.000 0.328
2255.000 0.311
2256.000 0.306
2257.000 0.305
2258.000 0.307
2259.000 0.329
2260.000 0.339
2261.000 0.333
2262.000 0.323
2263.000 0.297
2264.000 0.273
2265.000 0.257
2266.000 0.251
2267.000 0.260
2268.000 0.283
2269.000 0.310
2270.000 0.331
2271.000 0.336
2272.000 0.318
2273.000 0.313
2274.000 0.306
2275.000 0.308
2276.000 0.328
2277.000 0.332
2278.000 0.329
2279.000 0.328
2280.000 0.322
2281.000 0.311
2282.000 0.301
2283.000 0.290
2284.000 0.265
2285.000 0.257
2286.000 0.265
2287.000 0.266
2288.000 0.271
2289.000 0.278
2290.000 0.287
2291.000 0.288
2292.000 0.286
2293.000 0.303
2294.000 0.306
2295.000 0.305
2296.000 0.292
2297.000 0.273
2298.000 0.293
2299.000 0.311
2300.000 0.321
2301.000 0.357
2302.000 0.379
2303.000 0.360
2304.000 0.384
2305.000 0.395
2306.000 0.372
2307.000 0.374
2308.000 0.363
2309.000 0.356
2310.000 0.353
2311.000 0.336
2312.000 0.290
2313.000 0.261
2314.000 0.250
2315.000 0.227
2316.000 0.222
2317.000 0.235
2318.000 0.250
2319.000 0.285
2320.000 0.306
2321.000 0.304
2322.000 0.297
2323.000 0.277
2324.000 0.269
2325.000 0.284
2326.000 0.265
2327.000 0.224
2328.000 0.212
2329.000 0.186
2330.000 0.183
2331.000 0.202
2332.000 0.210
2333.000 0.223
2334.000 0.229
2335.000 0.264
2336.000 0.258
2337.000 0.218
2338.000 0.204
2339.000 0.172
2340.000 0.173
2341.000 0.220
2342.000 0.315
2343.000 0.412
2344.000 0.456
2345.000 0.399
2346.000 0.372
2347.000 0.297
2348.000 0.287
2349.000 0.276
2350.000 0.237
2351.000 0.190
2352.000 0.189
2353.000 0.214
2354.000 0.229
2355.000 0.223
2356.000 0.238
2357.000 0.241
2358.000 0.252
2359.000 0.229
2360.000 0.235
2361.000 0.233
2362.000 0.261
2363.000 0.252
2364.000 0.227
2365.000 0.263
2366.000 0.368
2367.000 0.442
2368.000 0.542
2369.000 0.519
2370.000 0.372
2371.000 0.359
2372.000 0.270
2373.000 0.231
2374.000 0.335
2375.000 0.344
2376.000 0.450
2377.000 0.387
2378.000 0.376
2379.000 0.417
2380.000 0.431
2381.000 0.497
2382.000 0.398
2383.000 0.511
2384.000 0.528
2385.000 0.502
2386.000 0.604
2387.000 0.568
2388.000 0.702
2389.000 0.642
2390.000 0.569
2391.000 0.546
2392.000 0.504
2393.000 0.260
2394.000 0.385
2395.000 0.224
2396.000 0.323
2397.000 0.442
2398.000 0.267
2399.000 0.354
2400.000 0.507
2401.000 0.373
2402.000 0.324
2403.000 0.686
2404.000 0.687
2405.000 0.564
2406.000 0.504
2407.000 0.445
2408.000 0.373
2409.000 0.274
2410.000 0.247
2411.000 0.333
2412.000 0.524
2413.000 0.424
2414.000 0.732
2415.000 0.273
2416.000 0.459
2417.000 0.685
2418.000 0.294
2419.000 0.323
2420.000 0.134
2421.000 0.285
2422.000 0.436
2423.000 0.277
2424.000 0.248
2425.000 0.127
2426.000 0.173
2427.000 0.213
2428.000 0.397
2429.000 0.412
2430.000 0.686
2431.000 0.570
2432.000 0.476
2433.000 0.439
2434.000 0.603
2435.000 0.739
2436.000 0.656
2437.000 0.560
2438.000 0.524
2439.000 0.527
2440.000 0.463
2441.000 0.328
2442.000 0.194
2443.000 0.187
2444.000 0.225
2445.000 0.157
2446.000 0.134
2447.000 0.245
2448.000 0.362
2449.000 0.516
2450.000 0.745
2451.000 0.525
2452.000 0.558
2453.000 0.572
2454.000 0.550
2455.000 0.703
2456.000 0.716
2457.000 0.454
2458.000 0.319
2459.000 0.503
2460.000 0.436
2461.000 0.298
2462.000 0.283
2463.000 0.256
2464.000 0.202
2465.000 0.332
2466.000 0.578
2467.000 0.762
2468.000 0.769
2469.000 0.475
2470.000 0.281
2471.000 0.214
2472.000 0.107
2473.000 0.222
2474.000 0.334
2475.000 0.519
2476.000 0.548
2477.000 0.197
2478.000 0.143
2479.000 0.172
2480.000 0.196
2481.000 0.434
2482.000 0.133
2483.000 0.178
2484.000 0.247
2485.000 0.613
2486.000 0.653
2487.000 0.303
2488.000 0.473
2489.000 0.256
2490.000 0.420
2491.000 0.572
2492.000 0.377
2493.000 0.206
2494.000 0.166
2495.000 0.057
2496.000 0.144
2497.000 0.417
2498.000 0.367
2499.000 0.139
2500.000 0.150
