391.000 0.041
392.000 0.051
393.000 0.056
394.000 0.047
395.000 0.055
396.000 0.053
397.000 0.042
398.000 0.053
399.000 0.048
400.000 0.045
401.000 0.056
402.000 0.050
403.000 0.049
404.000 0.054
405.000 0.057
406.000 0.056
407.000 0.053
408.000 0.052
409.000 0.052
410.000 0.051
411.000 0.056
412.000 0.064
413.000 0.062
414.000 0.058
415.000 0.056
416.000 0.054
417.000 0.050
418.000 0.050
419.000 0.057
420.000 0.063
421.000 0.063
422.000 0.063
423.000 0.064
424.000 0.056
425.000 0.056
426.000 0.059
427.000 0.057
428.000 0.055
429.000 0.058
430.000 0.063
431.000 0.066
432.000 0.061
433.000 0.059
434.000 0.063
435.000 0.060
436.000 0.058
437.000 0.059
438.000 0.061
439.000 0.062
440.000 0.060
441.000 0.059
442.000 0.061
443.000 0.064
444.000 0.064
445.000 0.062
446.000 0.060
447.000 0.062
448.000 0.064
449.000 0.063
450.000 0.061
451.000 0.065
452.000 0.071
453.000 0.068
454.000 0.062
455.000 0.062
456.000 0.068
457.000 0.068
458.000 0.069
459.000 0.068
460.000 0.068
461.000 0.064
462.000 0.064
463.000 0.066
464.000 0.065
465.000 0.067
466.000 0.069
467.000 0.067
468.000 0.070
469.000 0.071
470.000 0.072
471.000 0.071
472.000 0.070
473.000 0.071
474.000 0.072
475.000 0.070
476.000 0.072
477.000 0.073
478.000 0.073
479.000 0.069
480.000 0.069
481.000 0.071
482.000 0.070
483.000 0.072
484.000 0.075
485.000 0.076
486.000 0.074
487.000 0.075
488.000 0.076
489.000 0.076
490.000 0.078
491.000 0.078
492.000 0.076
493.000 0.074
494.000 0.079
495.000 0.081
496.000 0.076
497.000 0.076
498.000 0.076
499.000 0.077
500.000 0.080
501.000 0.083
502.000 0.082
503.000 0.080
504.000 0.083
505.000 0.083
506.000 0.083
507.000 0.085
508.000 0.086
509.000 0.085
510.000 0.083
511.000 0.086
512.000 0.085
513.000 0.086
514.000 0.087
515.000 0.088
516.000 0.088
517.000 0.089
518.000 0.090
519.000 0.089
520.000 0.089
521.000 0.091
522.000 0.094
523.000 0.097
524.000 0.098
525.000 0.098
526.000 0.100
527.000 0.100
528.000 0.100
529.000 0.101
530.000 0.101
531.000 0.102
532.000 0.104
533.000 0.104
534.000 0.105
535.000 0.106
536.000 0.106
537.000 0.107
538.000 0.108
539.000 0.108
540.000 0.108
541.000 0.109
542.000 0.110
543.000 0.110
544.000 0.108
545.000 0.109
546.000 0.110
547.000 0.111
548.000 0.112
549.000 0.112
550.000 0.112
551.000 0.113
552.000 0.113
553.000 0.114
554.000 0.115
555.000 0.114
556.000 0.112
557.000 0.112
558.000 0.114
559.000 0.114
560.000 0.113
561.000 0.113
562.000 0.115
563.000 0.115
564.000 0.114
565.000 0.114
566.000 0.113
567.000 0.112
568.000 0.112
569.000 0.113
570.000 0.113
571.000 0.113
572.000 0.113
573.000 0.113
574.000 0.112
575.000 0.112
576.000 0.113
577.000 0.112
578.000 0.112
579.000 0.113
580.000 0.112
581.000 0.115
582.000 0.116
583.000 0.113
584.000 0.113
585.000 0.113
586.000 0.114
587.000 0.116
588.000 0.114
589.000 0.114
590.000 0.116
591.000 0.116
592.000 0.115
593.000 0.115
594.000 0.114
595.000 0.116
596.000 0.117
597.000 0.116
598.000 0.118
599.000 0.118
600.000 0.118
601.000 0.118
602.000 0.118
603.000 0.119
604.000 0.121
605.000 0.122
606.000 0.122
607.000 0.123
608.000 0.123
609.000 0.123
610.000 0.121
611.000 0.121
612.000 0.123
613.000 0.124
614.000 0.124
615.000 0.124
616.000 0.124
617.000 0.122
618.000 0.124
619.000 0.128
620.000 0.128
621.000 0.128
622.000 0.127
623.000 0.128
624.000 0.129
625.000 0.131
626.000 0.133
627.000 0.133
628.000 0.131
629.000 0.129
630.000 0.131
631.000 0.131
632.000 0.132
633.000 0.133
634.000 0.135
635.000 0.136
636.000 0.137
637.000 0.137
638.000 0.136
639.000 0.138
640.000 0.140
641.000 0.140
642.000 0.140
643.000 0.139
644.000 0.139
645.000 0.139
646.000 0.140
647.000 0.142
648.000 0.143
649.000 0.142
650.000 0.142
651.000 0.145
652.000 0.145
653.000 0.148
654.000 0.148
655.000 0.145
656.000 0.146
657.000 0.149
658.000 0.150
659.000 0.148
660.000 0.154
661.000 0.155
662.000 0.151
663.000 0.153
664.000 0.155
665.000 0.157
666.000 0.158
667.000 0.156
668.000 0.159
669.000 0.162
670.000 0.158
671.000 0.163
672.000 0.164
673.000 0.162
674.000 0.167
675.000 0.166
676.000 0.166
677.000 0.169
678.000 0.172
679.000 0.173
680.000 0.174
681.000 0.175
682.000 0.175
683.000 0.175
684.000 0.176
685.000 0.178
686.000 0.177
687.000 0.175
688.000 0.175
689.000 0.175
690.000 0.175
691.000 0.176
692.000 0.176
693.000 0.177
694.000 0.176
695.000 0.177
696.000 0.179
697.000 0.179
698.000 0.180
699.000 0.181
700.000 0.184
701.000 0.185
702.000 0.187
703.000 0.189
704.000 0.191
705.000 0.193
706.000 0.196
707.000 0.198
708.000 0.201
709.000 0.204
710.000 0.207
711.000 0.209
712.000 0.211
713.000 0.213
714.000 0.216
715.000 0.218
716.000 0.221
717.000 0.223
718.000 0.225
719.000 0.228
720.000 0.231
721.000 0.234
722.000 0.236
723.000 0.238
724.000 0.241
725.000 0.243
726.000 0.246
727.000 0.248
728.000 0.251
729.000 0.252
730.000 0.254
731.000 0.257
732.000 0.260
733.000 0.262
734.000 0.264
735.000 0.266
736.000 0.268
737.000 0.270
738.000 0.272
739.000 0.274
740.000 0.276
741.000 0.278
742.000 0.279
743.000 0.281
744.000 0.283
745.000 0.284
746.000 0.285
747.000 0.286
748.000 0.288
749.000 0.289
750.000 0.290
751.000 0.291
752.000 0.292
753.000 0.293
754.000 0.294
755.000 0.295
756.000 0.296
757.000 0.297
758.000 0.298
759.000 0.297
760.000 0.297
761.000 0.296
762.000 0.296
763.000 0.297
764.000 0.298
765.000 0.300
766.000 0.302
767.000 0.303
768.000 0.305
769.000 0.306
770.000 0.306
771.000 0.307
772.000 0.308
773.000 0.309
774.000 0.309
775.000 0.310
776.000 0.310
777.000 0.311
778.000 0.312
779.000 0.312
780.000 0.313
781.000 0.314
782.000 0.314
783.000 0.314
784.000 0.315
785.000 0.316
786.000 0.316
787.000 0.317
788.000 0.317
789.000 0.317
790.000 0.317
791.000 0.318
792.000 0.319
793.000 0.320
794.000 0.321
795.000 0.321
796.000 0.321
797.000 0.321
798.000 0.322
799.000 0.323
800.000 0.323
801.000 0.324
802.000 0.324
803.000 0.325
804.000 0.325
805.000 0.326
806.000 0.327
807.000 0.328
808.000 0.328
809.000 0.329
810.000 0.329
811.000 0.329
812.000 0.328
813.000 0.329
814.000 0.328
815.000 0.328
816.000 0.328
817.000 0.329
818.000 0.330
819.000 0.331
820.000 0.332
821.000 0.332
822.000 0.333
823.000 0.333
824.000 0.334
825.000 0.335
826.000 0.335
827.000 0.336
828.000 0.336
829.000 0.337
830.000 0.337
831.000 0.338
832.000 0.339
833.000 0.340
834.000 0.340
835.000 0.341
836.000 0.342
837.000 0.343
838.000 0.343
839.000 0.344
840.000 0.344
841.000 0.345
842.000 0.346
843.000 0.347
844.000 0.347
845.000 0.348
846.000 0.348
847.000 0.348
848.000 0.349
849.000 0.350
850.000 0.350
851.000 0.351
852.000 0.351
853.000 0.351
854.000 0.351
855.000 0.352
856.000 0.352
857.000 0.353
858.000 0.354
859.000 0.354
860.000 0.354
861.000 0.355
862.000 0.356
863.000 0.355
864.000 0.356
865.000 0.357
866.000 0.357
867.000 0.358
868.000 0.358
869.000 0.358
870.000 0.359
871.000 0.359
872.000 0.360
873.000 0.360
874.000 0.360
875.000 0.361
876.000 0.361
877.000 0.362
878.000 0.362
879.000 0.362
880.000 0.363
881.000 0.363
882.000 0.364
883.000 0.364
884.000 0.364
885.000 0.365
886.000 0.365
887.000 0.366
888.000 0.366
889.000 0.366
890.000 0.366
891.000 0.367
892.000 0.367
893.000 0.367
894.000 0.366
895.000 0.366
896.000 0.366
897.000 0.365
898.000 0.365
899.000 0.365
900.000 0.365
901.000 0.366
902.000 0.367
903.000 0.367
904.000 0.368
905.000 0.368
906.000 0.368
907.000 0.368
908.000 0.368
909.000 0.368
910.000 0.368
911.000 0.368
912.000 0.368
913.000 0.368
914.000 0.368
915.000 0.369
916.000 0.370
917.000 0.370
918.000 0.371
919.000 0.372
920.000 0.372
921.000 0.373
922.000 0.374
923.000 0.374
924.000 0.374
925.000 0.373
926.000 0.373
927.000 0.373
928.000 0.371
929.000 0.370
930.000 0.369
931.000 0.367
932.000 0.364
933.000 0.362
934.000 0.359
935.000 0.358
936.000 0.360
937.000 0.361
938.000 0.361
939.000 0.362
940.000 0.364
941.000 0.363
942.000 0.361
943.000 0.362
944.000 0.360
945.000 0.363
946.000 0.365
947.000 0.366
948.000 0.365
949.000 0.365
950.000 0.366
951.000 0.367
952.000 0.366
953.000 0.366
954.000 0.367
955.000 0.368
956.000 0.368
957.000 0.368
958.000 0.369
959.000 0.372
960.000 0.374
961.000 0.374
962.000 0.375
963.000 0.377
964.000 0.379
965.000 0.377
966.000 0.377
967.000 0.380
968.000 0.382
969.000 0.381
970.000 0.381
971.000 0.382
972.000 0.385
973.000 0.385
974.000 0.386
975.000 0.385
976.000 0.384
977.000 0.385
978.000 0.386
979.000 0.385
980.000 0.386
981.000 0.388
982.000 0.390
983.000 0.390
984.000 0.388
985.000 0.390
986.000 0.392
987.000 0.392
988.000 0.391
989.000 0.394
990.000 0.396
991.000 0.397
992.000 0.397
993.000 0.395
994.000 0.395
995.000 0.396
996.000 0.397
997.000 0.397
998.000 0.397
999.000 0.398
1000.000 0.399
1001.000 0.403
1002.000 0.403
1003.000 0.403
1004.000 0.403
1005.000 0.404
1006.000 0.404
1007.000 0.405
1008.000 0.406
1009.000 0.407
1010.000 0.407
1011.000 0.406
1012.000 0.406
1013.000 0.407
1014.000 0.407
1015.000 0.407
1016.000 0.409
1017.000 0.409
1018.000 0.410
1019.000 0.411
1020.000 0.411
1021.000 0.412
1022.000 0.411
1023.000 0.410
1024.000 0.411
1025.000 0.411
1026.000 0.411
1027.000 0.412
1028.000 0.413
1029.000 0.414
1030.000 0.414
1031.000 0.415
1032.000 0.415
1033.000 0.415
1034.000 0.415
1035.000 0.415
1036.000 0.416
1037.000 0.416
1038.000 0.416
1039.000 0.416
1040.000 0.417
1041.000 0.417
1042.000 0.417
1043.000 0.417
1044.000 0.417
1045.000 0.417
1046.000 0.418
1047.000 0.419
1048.000 0.419
1049.000 0.420
1050.000 0.420
1051.000 0.421
1052.000 0.421
1053.000 0.421
1054.000 0.421
1055.000 0.421
1056.000 0.422
1057.000 0.422
1058.000 0.423
1059.000 0.423
1060.000 0.423
1061.000 0.423
1062.000 0.423
1063.000 0.423
1064.000 0.424
1065.000 0.424
1066.000 0.424
1067.000 0.424
1068.000 0.424
1069.000 0.424
1070.000 0.424
1071.000 0.424
1072.000 0.425
1073.000 0.425
1074.000 0.426
1075.000 0.426
1076.000 0.426
1077.000 0.426
1078.000 0.426
1079.000 0.426
1080.000 0.427
1081.000 0.427
1082.000 0.427
1083.000 0.427
1084.000 0.427
1085.000 0.428
1086.000 0.428
1087.000 0.428
1088.000 0.428
1089.000 0.428
1090.000 0.428
1091.000 0.428
1092.000 0.429
1093.000 0.428
1094.000 0.428
1095.000 0.428
1096.000 0.428
1097.000 0.427
1098.000 0.427
1099.000 0.427
1100.000 0.427
1101.000 0.427
1102.000 0.427
1103.000 0.426
1104.000 0.426
1105.000 0.426
1106.000 0.426
1107.000 0.425
1108.000 0.424
1109.000 0.424
1110.000 0.423
1111.000 0.424
1112.000 0.423
1113.000 0.422
1114.000 0.421
1115.000 0.420
1116.000 0.418
1117.000 0.416
1118.000 0.414
1119.000 0.411
1120.000 0.408
1121.000 0.407
1122.000 0.403
1123.000 0.401
1124.000 0.402
1125.000 0.403
1126.000 0.407
1127.000 0.410
1128.000 0.413
1129.000 0.413
1130.000 0.413
1131.000 0.412
1132.000 0.413
1133.000 0.413
1134.000 0.413
1135.000 0.415
1136.000 0.416
1137.000 0.416
1138.000 0.416
1139.000 0.415
1140.000 0.414
1141.000 0.412
1142.000 0.411
1143.000 0.410
1144.000 0.411
1145.000 0.412
1146.000 0.413
1147.000 0.415
1148.000 0.416
1149.000 0.416
1150.000 0.417
1151.000 0.418
1152.000 0.418
1153.000 0.419
1154.000 0.421
1155.000 0.421
1156.000 0.423
1157.000 0.423
1158.000 0.423
1159.000 0.423
1160.000 0.424
1161.000 0.425
1162.000 0.427
1163.000 0.429
1164.000 0.430
1165.000 0.431
1166.000 0.432
1167.000 0.432
1168.000 0.432
1169.000 0.432
1170.000 0.431
1171.000 0.432
1172.000 0.432
1173.000 0.433
1174.000 0.434
1175.000 0.435
1176.000 0.435
1177.000 0.435
1178.000 0.435
1179.000 0.435
1180.000 0.435
1181.000 0.435
1182.000 0.435
1183.000 0.435
1184.000 0.435
1185.000 0.435
1186.000 0.436
1187.000 0.436
1188.000 0.437
1189.000 0.437
1190.000 0.437
1191.000 0.438
1192.000 0.438
1193.000 0.438
1194.000 0.438
1195.000 0.438
1196.000 0.439
1197.000 0.440
1198.000 0.440
1199.000 0.441
1200.000 0.440
1201.000 0.440
1202.000 0.441
1203.000 0.441
1204.000 0.441
1205.000 0.442
1206.000 0.442
1207.000 0.442
1208.000 0.442
1209.000 0.442
1210.000 0.443
1211.000 0.444
1212.000 0.445
1213.000 0.445
1214.000 0.445
1215.000 0.446
1216.000 0.447
1217.000 0.447
1218.000 0.448
1219.000 0.447
1220.000 0.448
1221.000 0.448
1222.000 0.449
1223.000 0.450
1224.000 0.451
1225.000 0.452
1226.000 0.452
1227.000 0.453
1228.000 0.454
1229.000 0.454
1230.000 0.454
1231.000 0.455
1232.000 0.455
1233.000 0.455
1234.000 0.455
1235.000 0.456
1236.000 0.456
1237.000 0.456
1238.000 0.457
1239.000 0.458
1240.000 0.458
1241.000 0.459
1242.000 0.459
1243.000 0.459
1244.000 0.460
1245.000 0.460
1246.000 0.461
1247.000 0.461
1248.000 0.461
1249.000 0.462
1250.000 0.463
1251.000 0.463
1252.000 0.464
1253.000 0.464
1254.000 0.464
1255.000 0.464
1256.000 0.464
1257.000 0.463
1258.000 0.464
1259.000 0.464
1260.000 0.464
1261.000 0.465
1262.000 0.465
1263.000 0.465
1264.000 0.465
1265.000 0.465
1266.000 0.465
1267.000 0.465
1268.000 0.465
1269.000 0.465
1270.000 0.465
1271.000 0.466
1272.000 0.467
1273.000 0.466
1274.000 0.467
1275.000 0.467
1276.000 0.468
1277.000 0.469
1278.000 0.469
1279.000 0.470
1280.000 0.470
1281.000 0.471
1282.000 0.471
1283.000 0.471
1284.000 0.470
1285.000 0.470
1286.000 0.470
1287.000 0.470
1288.000 0.470
1289.000 0.470
1290.000 0.470
1291.000 0.471
1292.000 0.471
1293.000 0.472
1294.000 0.472
1295.000 0.471
1296.000 0.471
1297.000 0.471
1298.000 0.470
1299.000 0.471
1300.000 0.471
1301.000 0.470
1302.000 0.470
1303.000 0.470
1304.000 0.470
1305.000 0.469
1306.000 0.469
1307.000 0.468
1308.000 0.468
1309.000 0.467
1310.000 0.467
1311.000 0.466
1312.000 0.466
1313.000 0.464
1314.000 0.464
1315.000 0.463
1316.000 0.463
1317.000 0.462
1318.000 0.462
1319.000 0.462
1320.000 0.461
1321.000 0.462
1322.000 0.461
1323.000 0.461
1324.000 0.460
1325.000 0.459
1326.000 0.457
1327.000 0.455
1328.000 0.454
1329.000 0.453
1330.000 0.453
1331.000 0.452
1332.000 0.452
1333.000 0.451
1334.000 0.449
1335.000 0.449
1336.000 0.446
1337.000 0.445
1338.000 0.445
1339.000 0.445
1340.000 0.447
1341.000 0.447
1342.000 0.445
1343.000 0.444
1344.000 0.439
1345.000 0.435
1346.000 0.433
1347.000 0.430
1348.000 0.428
1349.000 0.431
1350.000 0.429
1351.000 0.425
1352.000 0.422
1353.000 0.425
1354.000 0.409
1355.000 0.376
1356.000 0.360
1357.000 0.297
1358.000 0.239
1359.000 0.247
1360.000 0.257
1361.000 0.256
1362.000 0.250
1363.000 0.242
1364.000 0.311
1365.000 0.281
1366.000 0.304
1367.000 0.397
1368.000 0.402
1369.000 0.398
1370.000 0.298
1371.000 0.202
1372.000 0.190
1373.000 0.255
1374.000 0.307
1375.000 0.400
1376.000 0.488
1377.000 0.421
1378.000 0.406
1379.000 0.259
1380.000 0.593
1381.000 0.549
1382.000 0.501
1383.000 0.463
1384.000 0.520
1385.000 0.479
1386.000 0.614
1387.000 0.602
1388.000 0.439
1389.000 0.387
1390.000 0.339
1391.000 0.323
1392.000 0.383
1393.000 0.380
1394.000 0.386
1395.000 0.382
1396.000 0.427
1397.000 0.418
1398.000 0.474
1399.000 0.500
1400.000 0.631
1401.000 0.520
1402.000 0.483
1403.000 0.372
1404.000 0.312
1405.000 0.409
1406.000 0.389
1407.000 0.350
1408.000 0.186
1409.000 0.204
1410.000 0.266
1411.000 0.264
1412.000 0.308
1413.000 0.345
1414.000 0.350
1415.000 0.338
1416.000 0.337
1417.000 0.370
1418.000 0.314
1419.000 0.369
1420.000 0.446
1421.000 0.444
1422.000 0.425
1423.000 0.427
1424.000 0.398
1425.000 0.341
1426.000 0.333
1427.000 0.420
1428.000 0.452
1429.000 0.474
1430.000 0.471
1431.000 0.465
1432.000 0.419
1433.000 0.337
1434.000 0.315
1435.000 0.285
1436.000 0.319
1437.000 0.357
1438.000 0.305
1439.000 0.293
1440.000 0.283
1441.000 0.274
1442.000 0.256
1443.000 0.250
1444.000 0.242
1445.000 0.232
1446.000 0.232
1447.000 0.220
1448.000 0.228
1449.000 0.254
1450.000 0.267
1451.000 0.260
1452.000 0.287
1453.000 0.290
1454.000 0.270
1455.000 0.274
1456.000 0.291
1457.000 0.295
1458.000 0.295
1459.000 0.295
1460.000 0.294
1461.000 0.292
1462.000 0.293
1463.000 0.292
1464.000 0.306
1465.000 0.304
1466.000 0.300
1467.000 0.295
1468.000 0.291
1469.000 0.287
1470.000 0.288
1471.000 0.281
1472.000 0.257
1473.000 0.251
1474.000 0.237
1475.000 0.235
1476.000 0.238
1477.000 0.244
1478.000 0.256
1479.000 0.263
1480.000 0.270
1481.000 0.275
1482.000 0.275
1483.000 0.278
1484.000 0.276
1485.000 0.282
1486.000 0.296
1487.000 0.303
1488.000 0.313
1489.000 0.318
1490.000 0.318
1491.000 0.319
1492.000 0.315
1493.000 0.317
1494.000 0.323
1495.000 0.326
1496.000 0.333
1497.000 0.336
1498.000 0.334
1499.000 0.333
1500.000 0.332
1501.000 0.332
1502.000 0.333
1503.000 0.335
1504.000 0.339
1505.000 0.341
1506.000 0.342
1507.000 0.343
1508.000 0.344
1509.000 0.340
1510.000 0.342
1511.000 0.346
1512.000 0.346
1513.000 0.345
1514.000 0.345
1515.000 0.343
1516.000 0.343
1517.000 0.346
1518.000 0.348
1519.000 0.350
1520.000 0.351
1521.000 0.350
1522.000 0.351
1523.000 0.351
1524.000 0.351
1525.000 0.351
1526.000 0.352
1527.000 0.354
1528.000 0.355
1529.000 0.356
1530.000 0.358
1531.000 0.359
1532.000 0.362
1533.000 0.366
1534.000 0.368
1535.000 0.370
1536.000 0.370
1537.000 0.368
1538.000 0.368
1539.000 0.365
1540.000 0.365
1541.000 0.368
1542.000 0.369
1543.000 0.372
1544.000 0.373
1545.000 0.373
1546.000 0.374
1547.000 0.374
1548.000 0.375
1549.000 0.378
1550.000 0.379
1551.000 0.380
1552.000 0.380
1553.000 0.378
1554.000 0.378
1555.000 0.379
1556.000 0.379
1557.000 0.378
1558.000 0.379
1559.000 0.379
1560.000 0.381
1561.000 0.385
1562.000 0.387
1563.000 0.388
1564.000 0.389
1565.000 0.388
1566.000 0.388
1567.000 0.388
1568.000 0.387
1569.000 0.387
1570.000 0.386
1571.000 0.385
1572.000 0.386
1573.000 0.386
1574.000 0.386
1575.000 0.387
1576.000 0.388
1577.000 0.388
1578.000 0.389
1579.000 0.390
1580.000 0.392
1581.000 0.394
1582.000 0.395
1583.000 0.396
1584.000 0.398
1585.000 0.398
1586.000 0.399
1587.000 0.401
1588.000 0.402
1589.000 0.403
1590.000 0.404
1591.000 0.402
1592.000 0.403
1593.000 0.404
1594.000 0.404
1595.000 0.406
1596.000 0.406
1597.000 0.406
1598.000 0.406
1599.000 0.405
1600.000 0.405
1601.000 0.406
1602.000 0.405
1603.000 0.404
1604.000 0.405
1605.000 0.407
1606.000 0.408
1607.000 0.411
1608.000 0.412
1609.000 0.412
1610.000 0.412
1611.000 0.412
1612.000 0.412
1613.000 0.413
1614.000 0.413
1615.000 0.412
1616.000 0.412
1617.000 0.409
1618.000 0.408
1619.000 0.408
1620.000 0.408
1621.000 0.411
1622.000 0.412
1623.000 0.414
1624.000 0.415
1625.000 0.414
1626.000 0.414
1627.000 0.412
1628.000 0.412
1629.000 0.413
1630.000 0.414
1631.000 0.415
1632.000 0.415
1633.000 0.414
1634.000 0.415
1635.000 0.415
1636.000 0.415
1637.000 0.415
1638.000 0.415
1639.000 0.414
1640.000 0.414
1641.000 0.415
1642.000 0.416
1643.000 0.416
1644.000 0.418
1645.000 0.421
1646.000 0.421
1647.000 0.421
1648.000 0.421
1649.000 0.419
1650.000 0.419
1651.000 0.420
1652.000 0.420
1653.000 0.420
1654.000 0.420
1655.000 0.420
1656.000 0.420
1657.000 0.420
1658.000 0.420
1659.000 0.418
1660.000 0.417
1661.000 0.418
1662.000 0.419
1663.000 0.420
1664.000 0.421
1665.000 0.419
1666.000 0.419
1667.000 0.418
1668.000 0.418
1669.000 0.422
1670.000 0.422
1671.000 0.421
1672.000 0.420
1673.000 0.418
1674.000 0.417
1675.000 0.419
1676.000 0.420
1677.000 0.423
1678.000 0.424
1679.000 0.423
1680.000 0.423
1681.000 0.421
1682.000 0.421
1683.000 0.422
1684.000 0.422
1685.000 0.421
1686.000 0.421
1687.000 0.420
1688.000 0.420
1689.000 0.419
1690.000 0.419
1691.000 0.421
1692.000 0.421
1693.000 0.423
1694.000 0.422
1695.000 0.419
1696.000 0.417
1697.000 0.416
1698.000 0.414
1699.000 0.415
1700.000 0.414
1701.000 0.413
1702.000 0.412
1703.000 0.412
1704.000 0.411
1705.000 0.411
1706.000 0.412
1707.000 0.413
1708.000 0.413
1709.000 0.413
1710.000 0.415
1711.000 0.416
1712.000 0.416
1713.000 0.415
1714.000 0.410
1715.000 0.407
1716.000 0.404
1717.000 0.404
1718.000 0.405
1719.000 0.405
1720.000 0.403
1721.000 0.402
1722.000 0.401
1723.000 0.402
1724.000 0.403
1725.000 0.403
1726.000 0.403
1727.000 0.403
1728.000 0.404
1729.000 0.404
1730.000 0.401
1731.000 0.398
1732.000 0.394
1733.000 0.393
1734.000 0.396
1735.000 0.397
1736.000 0.396
1737.000 0.395
1738.000 0.393
1739.000 0.392
1740.000 0.393
1741.000 0.395
1742.000 0.397
1743.000 0.398
1744.000 0.397
1745.000 0.397
1746.000 0.393
1747.000 0.392
1748.000 0.392
1749.000 0.391
1750.000 0.390
1751.000 0.388
1752.000 0.384
1753.000 0.383
1754.000 0.381
1755.000 0.381
1756.000 0.385
1757.000 0.385
1758.000 0.385
1759.000 0.383
1760.000 0.379
1761.000 0.379
1762.000 0.384
1763.000 0.390
1764.000 0.396
1765.000 0.395
1766.000 0.394
1767.000 0.386
1768.000 0.379
1769.000 0.385
1770.000 0.387
1771.000 0.390
1772.000 0.398
1773.000 0.400
1774.000 0.398
1775.000 0.397
1776.000 0.398
1777.000 0.390
1778.000 0.378
1779.000 0.370
1780.000 0.362
1781.000 0.357
1782.000 0.360
1783.000 0.358
1784.000 0.350
1785.000 0.340
1786.000 0.337
1787.000 0.351
1788.000 0.358
1789.000 0.369
1790.000 0.377
1791.000 0.373
1792.000 0.372
1793.000 0.369
1794.000 0.360
1795.000 0.366
1796.000 0.359
1797.000 0.342
1798.000 0.359
1799.000 0.358
1800.000 0.336
1801.000 0.357
1802.000 0.370
1803.000 0.362
1804.000 0.406
1805.000 0.422
1806.000 0.410
1807.000 0.397
1808.000 0.477
1809.000 0.426
1810.000 0.484
1811.000 0.521
1812.000 0.524
1813.000 0.617
1814.000 0.635
1815.000 0.716
1816.000 0.712
1817.000 0.610
1818.000 0.727
1819.000 0.641
1820.000 0.401
1821.000 0.518
1822.000 0.557
1823.000 0.572
1824.000 0.735
1825.000 0.708
1826.000 0.694
1827.000 0.674
1828.000 0.797
1829.000 0.746
1830.000 0.643
1831.000 0.456
1832.000 0.629
1833.000 0.646
1834.000 0.569
1835.000 0.507
1836.000 0.564
1837.000 0.398
1838.000 0.309
1839.000 0.480
1840.000 0.452
1841.000 0.404
1842.000 0.415
1843.000 0.374
1844.000 0.402
1845.000 0.519
1846.000 0.557
1847.000 0.586
1848.000 0.687
1849.000 0.679
1850.000 0.485
1851.000 0.353
1852.000 0.368
1853.000 0.474
1854.000 0.367
1855.000 0.407
1856.000 0.413
1857.000 0.354
1858.000 0.404
1859.000 0.480
1860.000 0.546
1861.000 0.508
1862.000 0.536
1863.000 0.565
1864.000 0.585
1865.000 0.491
1866.000 0.523
1867.000 0.690
1868.000 0.534
1869.000 0.418
1870.000 0.432
1871.000 0.420
1872.000 0.432
1873.000 0.468
1874.000 0.486
1875.000 0.720
1876.000 0.674
1877.000 0.540
1878.000 0.657
1879.000 0.653
1880.000 0.693
1881.000 0.654
1882.000 0.647
1883.000 0.455
1884.000 0.512
1885.000 0.585
1886.000 0.295
1887.000 0.430
1888.000 0.399
1889.000 0.264
1890.000 0.349
1891.000 0.311
1892.000 0.435
1893.000 0.627
1894.000 0.482
1895.000 0.442
1896.000 0.358
1897.000 0.335
1898.000 0.426
1899.000 0.500
1900.000 0.597
1901.000 0.348
1902.000 0.360
1903.000 0.349
1904.000 0.345
1905.000 0.354
1906.000 0.371
1907.000 0.368
1908.000 0.442
1909.000 0.447
1910.000 0.551
1911.000 0.345
1912.000 0.385
1913.000 0.333
1914.000 0.296
1915.000 0.190
1916.000 0.241
1917.000 0.407
1918.000 0.492
1919.000 0.621
1920.000 0.456
1921.000 0.517
1922.000 0.539
1923.000 0.328
1924.000 0.376
1925.000 0.384
1926.000 0.368
1927.000 0.403
1928.000 0.572
1929.000 0.453
1930.000 0.398
1931.000 0.566
1932.000 0.820
1933.000 0.868
1934.000 0.861
1935.000 0.798
1936.000 0.767
1937.000 0.677
1938.000 0.488
1939.000 0.577
1940.000 0.431
1941.000 0.221
1942.000 0.302
1943.000 0.433
1944.000 0.435
1945.000 0.529
1946.000 0.651
1947.000 0.366
1948.000 0.401
1949.000 0.471
1950.000 0.491
1951.000 0.558
1952.000 0.479
1953.000 0.374
1954.000 0.415
1955.000 0.373
1956.000 0.389
1957.000 0.354
1958.000 0.366
1959.000 0.553
1960.000 0.259
1961.000 0.359
1962.000 0.288
1963.000 0.428
1964.000 0.450
1965.000 0.519
1966.000 0.499
1967.000 0.462
1968.000 0.461
1969.000 0.353
1970.000 0.267
1971.000 0.249
1972.000 0.235
1973.000 0.255
1974.000 0.298
1975.000 0.302
1976.000 0.258
1977.000 0.263
1978.000 0.276
1979.000 0.301
1980.000 0.348
1981.000 0.361
1982.000 0.355
1983.000 0.308
1984.000 0.268
1985.000 0.266
1986.000 0.251
1987.000 0.238
1988.000 0.245
1989.000 0.262
1990.000 0.267
1991.000 0.279
1992.000 0.299
1993.000 0.274
1994.000 0.233
1995.000 0.202
1996.000 0.171
1997.000 0.188
1998.000 0.232
1999.000 0.251
2000.000 0.289
2001.000 0.316
2002.000 0.292
2003.000 0.307
2004.000 0.396
2005.000 0.409
2006.000 0.373
2007.000 0.370
2008.000 0.301
2009.000 0.274
2010.000 0.270
2011.000 0.271
2012.000 0.312
2013.000 0.351
2014.000 0.374
2015.000 0.409
2016.000 0.419
2017.000 0.403
2018.000 0.382
2019.000 0.348
2020.000 0.368
2021.000 0.351
2022.000 0.307
2023.000 0.280
2024.000 0.260
2025.000 0.249
2026.000 0.240
2027.000 0.243
2028.000 0.266
2029.000 0.276
2030.000 0.287
2031.000 0.296
2032.000 0.301
2033.000 0.304
2034.000 0.302
2035.000 0.317
2036.000 0.305
2037.000 0.302
2038.000 0.307
2039.000 0.288
2040.000 0.295
2041.000 0.307
2042.000 0.305
2043.000 0.295
2044.000 0.294
2045.000 0.293
2046.000 0.283
2047.000 0.275
2048.000 0.264
2049.000 0.238
2050.000 0.225
2051.000 0.243
2052.000 0.247
2053.000 0.260
2054.000 0.265
2055.000 0.250
2056.000 0.252
2057.000 0.251
2058.000 0.255
2059.000 0.259
2060.000 0.256
2061.000 0.259
2062.000 0.274
2063.000 0.282
2064.000 0.286
2065.000 0.300
2066.000 0.326
2067.000 0.337
2068.000 0.324
2069.000 0.336
2070.000 0.334
2071.000 0.309
2072.000 0.294
2073.000 0.280
2074.000 0.271
2075.000 0.260
2076.000 0.259
2077.000 0.269
2078.000 0.275
2079.000 0.283
2080.000 0.285
2081.000 0.280
2082.000 0.280
2083.000 0.284
2084.000 0.272
2085.000 0.274
2086.000 0.275
2087.000 0.272
2088.000 0.270
2089.000 0.265
2090.000 0.251
2091.000 0.251
2092.000 0.260
2093.000 0.266
2094.000 0.284
2095.000 0.292
2096.000 0.286
2097.000 0.287
2098.000 0.287
2099.000 0.288
2100.000 0.291
2101.000 0.294
2102.000 0.297
2103.000 0.301
2104.000 0.302
2105.000 0.304
2106.000 0.300
2107.000 0.285
2108.000 0.284
2109.000 0.281
2110.000 0.287
2111.000 0.315
2112.000 0.330
2113.000 0.348
2114.000 0.360
2115.000 0.368
2116.000 0.365
2117.000 0.352
2118.000 0.336
2119.000 0.317
2120.000 0.312
2121.000 0.321
2122.000 0.330
2123.000 0.330
2124.000 0.325
2125.000 0.326
2126.000 0.326
2127.000 0.322
2128.000 0.320
2129.000 0.318
2130.000 0.307
2131.000 0.305
2132.000 0.318
2133.000 0.322
2134.000 0.324
2135.000 0.322
2136.000 0.314
2137.000 0.304
2138.000 0.303
2139.000 0.303
2140.000 0.301
2141.000 0.310
2142.000 0.316
2143.000 0.321
2144.000 0.325
2145.000 0.335
2146.000 0.333
2147.000 0.323
2148.000 0.317
2149.000 0.306
2150.000 0.302
2151.000 0.296
2152.000 0.295
2153.000 0.297
2154.000 0.302
2155.000 0.310
2156.000 0.325
2157.000 0.335
2158.000 0.340
2159.000 0.336
2160.000 0.324
2161.000 0.318
2162.000 0.305
2163.000 0.307
2164.000 0.317
2165.000 0.320
2166.000 0.326
2167.000 0.330
2168.000 0.329
2169.000 0.328
2170.000 0.329
2171.000 0.327
2172.000 0.315
2173.000 0.318
2174.000 0.335
2175.000 0.338
2176.000 0.347
2177.000 0.337
2178.000 0.328
2179.000 0.324
2180.000 0.304
2181.000 0.303
2182.000 0.302
2183.000 0.293
2184.000 0.295
2185.000 0.317
2186.000 0.325
2187.000 0.334
2188.000 0.337
2189.000 0.338
2190.000 0.332
2191.000 0.317
2192.000 0.305
2193.000 0.286
2194.000 0.280
2195.000 0.281
2196.000 0.282
2197.000 0.288
2198.000 0.296
2199.000 0.306
2200.000 0.314
2201.000 0.324
2202.000 0.342
2203.000 0.345
2204.000 0.347
2205.000 0.355
2206.000 0.351
2207.000 0.342
2208.000 0.329
2209.000 0.316
2210.000 0.292
2211.000 0.288
2212.000 0.293
2213.000 0.294
2214.000 0.301
2215.000 0.308
2216.000 0.310
2217.000 0.320
2218.000 0.348
2219.000 0.359
2220.000 0.368
2221.000 0.367
2222.000 0.348
2223.000 0.335
2224.000 0.316
2225.000 0.309
2226.000 0.305
2227.000 0.306
2228.000 0.306
2229.000 0.310
2230.000 0.322
2231.000 0.325
2232.000 0.318
2233.000 0.312
2234.000 0.298
2235.000 0.286
2236.000 0.290
2237.000 0.297
2238.000 0.302
2239.000 0.315
2240.000 0.313
2241.000 0.298
2242.000 0.297
2243.000 0.298
2244.000 0.297
2245.000 0.310
2246.000 0.309
2247.000 0.291
2248.000 0.286
2249.000 0.280
2250.000 0.276
2251.000 0.281
2252.000 0.282
2253.000 0.288
2254.000 0.289
2255.000 0.283
2256.000 0.285
2257.000 0.289
2258.000 0.291
2259.000 0.311
2260.000 0.305
2261.000 0.295
2262.000 0.286
2263.000 0.269
2264.000 0.262
2265.000 0.252
2266.000 0.241
2267.000 0.236
2268.000 0.240
2269.000 0.257
2270.000 0.274
2271.000 0.287
2272.000 0.287
2273.000 0.295
2274.000 0.301
2275.000 0.308
2276.000 0.327
2277.000 0.326
2278.000 0.302
2279.000 0.293
2280.000 0.279
2281.000 0.276
2282.000 0.291
2283.000 0.288
2284.000 0.277
2285.000 0.272
2286.000 0.265
2287.000 0.263
2288.000 0.277
2289.000 0.279
2290.000 0.270
2291.000 0.263
2292.000 0.234
2293.000 0.229
2294.000 0.259
2295.000 0.269
2296.000 0.270
2297.000 0.301
2298.000 0.319
2299.000 0.312
2300.000 0.324
2301.000 0.326
2302.000 0.332
2303.000 0.329
2304.000 0.327
2305.000 0.343
2306.000 0.346
2307.000 0.345
2308.000 0.360
2309.000 0.370
2310.000 0.357
2311.000 0.332
2312.000 0.288
2313.000 0.264
2314.000 0.248
2315.000 0.232
2316.000 0.217
2317.000 0.202
2318.000 0.224
2319.000 0.212
2320.000 0.231
2321.000 0.266
2322.000 0.266
2323.000 0.260
2324.000 0.238
2325.000 0.243
2326.000 0.237
2327.000 0.218
2328.000 0.211
2329.000 0.221
2330.000 0.216
2331.000 0.207
2332.000 0.224
2333.000 0.270
2334.000 0.286
2335.000 0.366
2336.000 0.381
2337.000 0.314
2338.000 0.294
2339.000 0.246
2340.000 0.291
2341.000 0.313
2342.000 0.344
2343.000 0.388
2344.000 0.386
2345.000 0.272
2346.000 0.310
2347.000 0.273
2348.000 0.267
2349.000 0.302
2350.000 0.366
2351.000 0.305
2352.000 0.310
2353.000 0.264
2354.000 0.246
2355.000 0.242
2356.000 0.216
2357.000 0.181
2358.000 0.145
2359.000 0.121
2360.000 0.162
2361.000 0.182
2362.000 0.204
2363.000 0.192
2364.000 0.268
2365.000 0.381
2366.000 0.390
2367.000 0.302
2368.000 0.326
2369.000 0.413
2370.000 0.301
2371.000 0.292
2372.000 0.315
2373.000 0.422
2374.000 0.453
2375.000 0.454
2376.000 0.451
2377.000 0.475
2378.000 0.376
2379.000 0.349
2380.000 0.400
2381.000 0.455
2382.000 0.528
2383.000 0.338
2384.000 0.286
2385.000 0.336
2386.000 0.294
2387.000 0.359
2388.000 0.377
2389.000 0.387
2390.000 0.327
2391.000 0.247
2392.000 0.275
2393.000 0.213
2394.000 0.292
2395.000 0.340
2396.000 0.301
2397.000 0.311
2398.000 0.290
2399.000 0.275
2400.000 0.434
2401.000 0.457
2402.000 0.383
2403.000 0.740
2404.000 0.277
2405.000 0.270
2406.000 0.088
2407.000 0.150
2408.000 0.229
2409.000 0.304
2410.000 0.421
2411.000 0.424
2412.000 0.638
2413.000 0.507
2414.000 0.415
2415.000 0.182
2416.000 0.086
2417.000 0.316
2418.000 0.223
2419.000 0.294
2420.000 0.180
2421.000 0.262
2422.000 0.242
2423.000 0.293
2424.000 0.783
2425.000 0.379
2426.000 0.280
2427.000 0.331
2428.000 0.427
2429.000 0.541
2430.000 0.643
2431.000 0.539
2432.000 0.472
2433.000 0.401
2434.000 0.080
2435.000 0.096
2436.000 0.255
2437.000 0.373
2438.000 0.322
2439.000 0.191
2440.000 0.121
2441.000 0.288
2442.000 0.293
2443.000 0.338
2444.000 0.289
2445.000 0.314
2446.000 0.342
2447.000 0.311
2448.000 0.215
2449.000 0.303
2450.000 0.224
2451.000 0.167
2452.000 0.117
2453.000 0.078
2454.000 0.301
2455.000 0.638
2456.000 0.230
2457.000 0.085
2458.000 0.675
2459.000 0.541
2460.000 0.444
2461.000 0.164
2462.000 0.163
2463.000 0.228
2464.000 0.326
2465.000 0.404
2466.000 0.473
2467.000 0.353
2468.000 0.192
2469.000 0.178
2470.000 0.233
2471.000 0.452
2472.000 0.530
2473.000 0.566
2474.000 0.342
2475.000 0.154
2476.000 0.387
2477.000 0.368
2478.000 0.305
2479.000 0.240
2480.000 0.203
2481.000 0.203
2482.000 0.259
2483.000 0.167
2484.000 0.265
2485.000 0.504
2486.000 0.598
2487.000 0.427
2488.000 0.540
2489.000 0.592
2490.000 0.609
2491.000 0.654
2492.000 0.554
2493.000 0.666
2494.000 0.614
2495.000 0.341
2496.000 0.423
2497.000 0.245
2498.000 0.344
2499.000 0.512
2500.000 0.641
