391.000 0.046
392.000 0.044
393.000 0.041
394.000 0.042
395.000 0.046
396.000 0.050
397.000 0.051
398.000 0.049
399.000 0.048
400.000 0.048
401.000 0.048
402.000 0.048
403.000 0.044
404.000 0.040
405.000 0.041
406.000 0.043
407.000 0.046
408.000 0.047
409.000 0.043
410.000 0.045
411.000 0.048
412.000 0.049
413.000 0.048
414.000 0.047
415.000 0.047
416.000 0.047
417.000 0.048
418.000 0.049
419.000 0.048
420.000 0.047
421.000 0.047
422.000 0.047
423.000 0.046
424.000 0.043
425.000 0.045
426.000 0.047
427.000 0.045
428.000 0.049
429.000 0.052
430.000 0.051
431.000 0.050
432.000 0.050
433.000 0.050
434.000 0.049
435.000 0.050
436.000 0.049
437.000 0.046
438.000 0.045
439.000 0.047
440.000 0.048
441.000 0.049
442.000 0.051
443.000 0.050
444.000 0.050
445.000 0.050
446.000 0.051
447.000 0.051
448.000 0.051
449.000 0.052
450.000 0.052
451.000 0.052
452.000 0.051
453.000 0.050
454.000 0.050
455.000 0.050
456.000 0.051
457.000 0.052
458.000 0.053
459.000 0.052
460.000 0.052
461.000 0.053
462.000 0.053
463.000 0.052
464.000 0.052
465.000 0.052
466.000 0.054
467.000 0.054
468.000 0.052
469.000 0.052
470.000 0.054
471.000 0.054
472.000 0.053
473.000 0.053
474.000 0.054
475.000 0.055
476.000 0.056
477.000 0.056
478.000 0.056
479.000 0.055
480.000 0.056
481.000 0.056
482.000 0.056
483.000 0.056
484.000 0.057
485.000 0.058
486.000 0.057
487.000 0.057
488.000 0.058
489.000 0.057
490.000 0.058
491.000 0.058
492.000 0.057
493.000 0.059
494.000 0.059
495.000 0.058
496.000 0.057
497.000 0.060
498.000 0.061
499.000 0.060
500.000 0.059
501.000 0.060
502.000 0.060
503.000 0.059
504.000 0.059
505.000 0.061
506.000 0.064
507.000 0.066
508.000 0.065
509.000 0.066
510.000 0.066
511.000 0.066
512.000 0.066
513.000 0.067
514.000 0.068
515.000 0.067
516.000 0.070
517.000 0.072
518.000 0.072
519.000 0.073
520.000 0.074
521.000 0.075
522.000 0.076
523.000 0.078
524.000 0.080
525.000 0.080
526.000 0.082
527.000 0.084
528.000 0.085
529.000 0.087
530.000 0.087
531.000 0.087
532.000 0.088
533.000 0.090
534.000 0.090
535.000 0.091
536.000 0.092
537.000 0.093
538.000 0.093
539.000 0.094
540.000 0.094
541.000 0.095
542.000 0.096
543.000 0.096
544.000 0.096
545.000 0.095
546.000 0.095
547.000 0.096
548.000 0.098
549.000 0.098
550.000 0.098
551.000 0.098
552.000 0.098
553.000 0.098
554.000 0.099
555.000 0.099
556.000 0.099
557.000 0.099
558.000 0.099
559.000 0.098
560.000 0.098
561.000 0.099
562.000 0.098
563.000 0.097
564.000 0.097
565.000 0.097
566.000 0.097
567.000 0.097
568.000 0.095
569.000 0.094
570.000 0.094
571.000 0.094
572.000 0.092
573.000 0.092
574.000 0.093
575.000 0.093
576.000 0.093
577.000 0.092
578.000 0.091
579.000 0.090
580.000 0.092
581.000 0.093
582.000 0.092
583.000 0.091
584.000 0.090
585.000 0.091
586.000 0.092
587.000 0.091
588.000 0.091
589.000 0.091
590.000 0.092
591.000 0.091
592.000 0.090
593.000 0.090
594.000 0.090
595.000 0.091
596.000 0.092
597.000 0.093
598.000 0.091
599.000 0.091
600.000 0.091
601.000 0.091
602.000 0.092
603.000 0.091
604.000 0.090
605.000 0.092
606.000 0.092
607.000 0.092
608.000 0.091
609.000 0.094
610.000 0.095
611.000 0.095
612.000 0.094
613.000 0.091
614.000 0.090
615.000 0.091
616.000 0.092
617.000 0.092
618.000 0.093
619.000 0.094
620.000 0.094
621.000 0.093
622.000 0.093
623.000 0.094
624.000 0.094
625.000 0.095
626.000 0.095
627.000 0.095
628.000 0.096
629.000 0.096
630.000 0.094
631.000 0.095
632.000 0.096
633.000 0.095
634.000 0.096
635.000 0.096
636.000 0.097
637.000 0.097
638.000 0.095
639.000 0.096
640.000 0.097
641.000 0.098
642.000 0.097
643.000 0.097
644.000 0.099
645.000 0.098
646.000 0.098
647.000 0.097
648.000 0.097
649.000 0.099
650.000 0.100
651.000 0.101
652.000 0.100
653.000 0.099
654.000 0.099
655.000 0.100
656.000 0.102
657.000 0.103
658.000 0.103
659.000 0.102
660.000 0.104
661.000 0.104
662.000 0.103
663.000 0.102
664.000 0.101
665.000 0.102
666.000 0.104
667.000 0.105
668.000 0.105
669.000 0.105
670.000 0.102
671.000 0.106
672.000 0.106
673.000 0.104
674.000 0.103
675.000 0.107
676.000 0.110
677.000 0.110
678.000 0.111
679.000 0.111
680.000 0.112
681.000 0.112
682.000 0.112
683.000 0.114
684.000 0.117
685.000 0.117
686.000 0.117
687.000 0.117
688.000 0.118
689.000 0.119
690.000 0.121
691.000 0.124
692.000 0.126
693.000 0.127
694.000 0.128
695.000 0.132
696.000 0.137
697.000 0.142
698.000 0.144
699.000 0.147
700.000 0.152
701.000 0.156
702.000 0.160
703.000 0.164
704.000 0.169
705.000 0.174
706.000 0.178
707.000 0.183
708.000 0.187
709.000 0.191
710.000 0.195
711.000 0.200
712.000 0.205
713.000 0.210
714.000 0.214
715.000 0.218
716.000 0.221
717.000 0.225
718.000 0.230
719.000 0.234
720.000 0.238
721.000 0.243
722.000 0.247
723.000 0.250
724.000 0.253
725.000 0.257
726.000 0.260
727.000 0.264
728.000 0.267
729.000 0.270
730.000 0.273
731.000 0.276
732.000 0.279
733.000 0.283
734.000 0.285
735.000 0.287
736.000 0.289
737.000 0.292
738.000 0.293
739.000 0.296
740.000 0.297
741.000 0.299
742.000 0.301
743.000 0.303
744.000 0.304
745.000 0.305
746.000 0.307
747.000 0.308
748.000 0.309
749.000 0.310
750.000 0.311
751.000 0.312
752.000 0.313
753.000 0.314
754.000 0.315
755.000 0.316
756.000 0.317
757.000 0.318
758.000 0.318
759.000 0.318
760.000 0.316
761.000 0.315
762.000 0.315
763.000 0.316
764.000 0.317
765.000 0.319
766.000 0.320
767.000 0.322
768.000 0.324
769.000 0.325
770.000 0.326
771.000 0.327
772.000 0.327
773.000 0.328
774.000 0.328
775.000 0.329
776.000 0.330
777.000 0.330
778.000 0.331
779.000 0.331
780.000 0.332
781.000 0.332
782.000 0.333
783.000 0.334
784.000 0.334
785.000 0.334
786.000 0.335
787.000 0.335
788.000 0.335
789.000 0.336
790.000 0.336
791.000 0.337
792.000 0.337
793.000 0.338
794.000 0.339
795.000 0.339
796.000 0.340
797.000 0.340
798.000 0.340
799.000 0.341
800.000 0.341
801.000 0.342
802.000 0.342
803.000 0.343
804.000 0.344
805.000 0.345
806.000 0.345
807.000 0.346
808.000 0.346
809.000 0.346
810.000 0.347
811.000 0.347
812.000 0.347
813.000 0.346
814.000 0.346
815.000 0.346
816.000 0.347
817.000 0.347
818.000 0.347
819.000 0.348
820.000 0.350
821.000 0.350
822.000 0.350
823.000 0.351
824.000 0.352
825.000 0.353
826.000 0.353
827.000 0.354
828.000 0.354
829.000 0.355
830.000 0.355
831.000 0.356
832.000 0.357
833.000 0.358
834.000 0.359
835.000 0.359
836.000 0.360
837.000 0.361
838.000 0.361
839.000 0.362
840.000 0.362
841.000 0.363
842.000 0.364
843.000 0.364
844.000 0.365
845.000 0.365
846.000 0.366
847.000 0.366
848.000 0.367
849.000 0.367
850.000 0.368
851.000 0.368
852.000 0.369
853.000 0.369
854.000 0.370
855.000 0.370
856.000 0.370
857.000 0.371
858.000 0.372
859.000 0.372
860.000 0.372
861.000 0.373
862.000 0.373
863.000 0.374
864.000 0.374
865.000 0.374
866.000 0.375
867.000 0.375
868.000 0.376
869.000 0.376
870.000 0.377
871.000 0.377
872.000 0.377
873.000 0.377
874.000 0.378
875.000 0.379
876.000 0.379
877.000 0.379
878.000 0.380
879.000 0.380
880.000 0.381
881.000 0.382
882.000 0.382
883.000 0.382
884.000 0.383
885.000 0.383
886.000 0.383
887.000 0.383
888.000 0.384
889.000 0.385
890.000 0.385
891.000 0.385
892.000 0.385
893.000 0.385
894.000 0.385
895.000 0.384
896.000 0.384
897.000 0.383
898.000 0.383
899.000 0.384
900.000 0.385
901.000 0.385
902.000 0.386
903.000 0.386
904.000 0.387
905.000 0.388
906.000 0.388
907.000 0.388
908.000 0.387
909.000 0.387
910.000 0.387
911.000 0.387
912.000 0.389
913.000 0.388
914.000 0.389
915.000 0.389
916.000 0.389
917.000 0.390
918.000 0.391
919.000 0.391
920.000 0.391
921.000 0.393
922.000 0.394
923.000 0.394
924.000 0.394
925.000 0.394
926.000 0.394
927.000 0.394
928.000 0.392
929.000 0.390
930.000 0.390
931.000 0.388
932.000 0.386
933.000 0.384
934.000 0.383
935.000 0.383
936.000 0.382
937.000 0.384
938.000 0.386
939.000 0.388
940.000 0.389
941.000 0.387
942.000 0.387
943.000 0.389
944.000 0.389
945.000 0.388
946.000 0.387
947.000 0.388
948.000 0.390
949.000 0.388
950.000 0.387
951.000 0.387
952.000 0.390
953.000 0.392
954.000 0.393
955.000 0.396
956.000 0.399
957.000 0.397
958.000 0.396
959.000 0.399
960.000 0.398
961.000 0.398
962.000 0.399
963.000 0.402
964.000 0.401
965.000 0.403
966.000 0.405
967.000 0.404
968.000 0.407
969.000 0.408
970.000 0.408
971.000 0.408
972.000 0.409
973.000 0.410
974.000 0.410
975.000 0.409
976.000 0.412
977.000 0.412
978.000 0.412
979.000 0.415
980.000 0.416
981.000 0.416
982.000 0.416
983.000 0.417
984.000 0.416
985.000 0.416
986.000 0.417
987.000 0.417
988.000 0.420
989.000 0.420
990.000 0.420
991.000 0.421
992.000 0.420
993.000 0.421
994.000 0.422
995.000 0.423
996.000 0.424
997.000 0.425
998.000 0.424
999.000 0.424
1000.000 0.425
1001.000 0.427
1002.000 0.427
1003.000 0.427
1004.000 0.428
1005.000 0.429
1006.000 0.429
1007.000 0.430
1008.000 0.430
1009.000 0.430
1010.000 0.431
1011.000 0.431
1012.000 0.431
1013.000 0.432
1014.000 0.432
1015.000 0.433
1016.000 0.433
1017.000 0.434
1018.000 0.434
1019.000 0.435
1020.000 0.435
1021.000 0.436
1022.000 0.436
1023.000 0.436
1024.000 0.436
1025.000 0.436
1026.000 0.436
1027.000 0.436
1028.000 0.436
1029.000 0.437
1030.000 0.438
1031.000 0.439
1032.000 0.440
1033.000 0.440
1034.000 0.440
1035.000 0.440
1036.000 0.441
1037.000 0.441
1038.000 0.442
1039.000 0.442
1040.000 0.441
1041.000 0.441
1042.000 0.442
1043.000 0.442
1044.000 0.442
1045.000 0.443
1046.000 0.444
1047.000 0.444
1048.000 0.444
1049.000 0.444
1050.000 0.444
1051.000 0.443
1052.000 0.443
1053.000 0.444
1054.000 0.445
1055.000 0.446
1056.000 0.446
1057.000 0.446
1058.000 0.446
1059.000 0.446
1060.000 0.446
1061.000 0.446
1062.000 0.446
1063.000 0.448
1064.000 0.448
1065.000 0.448
1066.000 0.448
1067.000 0.448
1068.000 0.448
1069.000 0.449
1070.000 0.449
1071.000 0.449
1072.000 0.448
1073.000 0.449
1074.000 0.449
1075.000 0.449
1076.000 0.450
1077.000 0.451
1078.000 0.451
1079.000 0.451
1080.000 0.451
1081.000 0.452
1082.000 0.452
1083.000 0.451
1084.000 0.451
1085.000 0.451
1086.000 0.452
1087.000 0.452
1088.000 0.453
1089.000 0.454
1090.000 0.453
1091.000 0.453
1092.000 0.453
1093.000 0.453
1094.000 0.452
1095.000 0.452
1096.000 0.452
1097.000 0.452
1098.000 0.452
1099.000 0.453
1100.000 0.454
1101.000 0.454
1102.000 0.453
1103.000 0.453
1104.000 0.452
1105.000 0.452
1106.000 0.451
1107.000 0.452
1108.000 0.451
1109.000 0.450
1110.000 0.450
1111.000 0.450
1112.000 0.449
1113.000 0.449
1114.000 0.449
1115.000 0.449
1116.000 0.449
1117.000 0.449
1118.000 0.448
1119.000 0.450
1120.000 0.449
1121.000 0.449
1122.000 0.451
1123.000 0.451
1124.000 0.447
1125.000 0.447
1126.000 0.446
1127.000 0.446
1128.000 0.447
1129.000 0.449
1130.000 0.448
1131.000 0.448
1132.000 0.449
1133.000 0.448
1134.000 0.448
1135.000 0.448
1136.000 0.448
1137.000 0.449
1138.000 0.452
1139.000 0.453
1140.000 0.454
1141.000 0.454
1142.000 0.454
1143.000 0.453
1144.000 0.452
1145.000 0.451
1146.000 0.450
1147.000 0.450
1148.000 0.453
1149.000 0.455
1150.000 0.456
1151.000 0.458
1152.000 0.459
1153.000 0.459
1154.000 0.459
1155.000 0.460
1156.000 0.459
1157.000 0.460
1158.000 0.462
1159.000 0.463
1160.000 0.463
1161.000 0.465
1162.000 0.466
1163.000 0.466
1164.000 0.467
1165.000 0.468
1166.000 0.469
1167.000 0.470
1168.000 0.470
1169.000 0.470
1170.000 0.471
1171.000 0.471
1172.000 0.472
1173.000 0.473
1174.000 0.474
1175.000 0.475
1176.000 0.475
1177.000 0.476
1178.000 0.476
1179.000 0.476
1180.000 0.476
1181.000 0.474
1182.000 0.474
1183.000 0.474
1184.000 0.474
1185.000 0.474
1186.000 0.475
1187.000 0.476
1188.000 0.477
1189.000 0.477
1190.000 0.478
1191.000 0.478
1192.000 0.478
1193.000 0.479
1194.000 0.479
1195.000 0.480
1196.000 0.479
1197.000 0.480
1198.000 0.481
1199.000 0.482
1200.000 0.483
1201.000 0.484
1202.000 0.484
1203.000 0.484
1204.000 0.484
1205.000 0.484
1206.000 0.484
1207.000 0.485
1208.000 0.485
1209.000 0.486
1210.000 0.487
1211.000 0.488
1212.000 0.487
1213.000 0.487
1214.000 0.487
1215.000 0.487
1216.000 0.487
1217.000 0.487
1218.000 0.488
1219.000 0.489
1220.000 0.489
1221.000 0.489
1222.000 0.490
1223.000 0.490
1224.000 0.490
1225.000 0.491
1226.000 0.493
1227.000 0.494
1228.000 0.495
1229.000 0.495
1230.000 0.495
1231.000 0.496
1232.000 0.496
1233.000 0.497
1234.000 0.497
1235.000 0.498
1236.000 0.498
1237.000 0.498
1238.000 0.499
1239.000 0.499
1240.000 0.500
1241.000 0.500
1242.000 0.499
1243.000 0.500
1244.000 0.500
1245.000 0.500
1246.000 0.500
1247.000 0.500
1248.000 0.501
1249.000 0.501
1250.000 0.502
1251.000 0.502
1252.000 0.502
1253.000 0.502
1254.000 0.502
1255.000 0.502
1256.000 0.503
1257.000 0.504
1258.000 0.504
1259.000 0.505
1260.000 0.505
1261.000 0.505
1262.000 0.505
1263.000 0.506
1264.000 0.506
1265.000 0.507
1266.000 0.507
1267.000 0.506
1268.000 0.506
1269.000 0.506
1270.000 0.507
1271.000 0.508
1272.000 0.509
1273.000 0.509
1274.000 0.510
1275.000 0.510
1276.000 0.509
1277.000 0.509
1278.000 0.510
1279.000 0.511
1280.000 0.512
1281.000 0.512
1282.000 0.512
1283.000 0.513
1284.000 0.513
1285.000 0.513
1286.000 0.514
1287.000 0.514
1288.000 0.514
1289.000 0.514
1290.000 0.514
1291.000 0.515
1292.000 0.514
1293.000 0.514
1294.000 0.513
1295.000 0.513
1296.000 0.513
1297.000 0.513
1298.000 0.513
1299.000 0.513
1300.000 0.513
1301.000 0.513
1302.000 0.513
1303.000 0.512
1304.000 0.512
1305.000 0.510
1306.000 0.510
1307.000 0.510
1308.000 0.510
1309.000 0.510
1310.000 0.510
1311.000 0.511
1312.000 0.511
1313.000 0.510
1314.000 0.510
1315.000 0.507
1316.000 0.506
1317.000 0.506
1318.000 0.505
1319.000 0.504
1320.000 0.505
1321.000 0.505
1322.000 0.506
1323.000 0.505
1324.000 0.505
1325.000 0.504
1326.000 0.502
1327.000 0.501
1328.000 0.500
1329.000 0.500
1330.000 0.500
1331.000 0.500
1332.000 0.501
1333.000 0.501
1334.000 0.501
1335.000 0.500
1336.000 0.499
1337.000 0.497
1338.000 0.496
1339.000 0.494
1340.000 0.491
1341.000 0.490
1342.000 0.487
1343.000 0.487
1344.000 0.490
1345.000 0.492
1346.000 0.495
1347.000 0.499
1348.000 0.503
1349.000 0.505
1350.000 0.510
1351.000 0.519
1352.000 0.539
1353.000 0.583
1354.000 0.576
1355.000 0.528
1356.000 0.470
1357.000 0.450
1358.000 0.434
1359.000 0.468
1360.000 0.502
1361.000 0.398
1362.000 0.265
1363.000 0.261
1364.000 0.240
1365.000 0.224
1366.000 0.228
1367.000 0.341
1368.000 0.445
1369.000 0.401
1370.000 0.371
1371.000 0.301
1372.000 0.527
1373.000 0.573
1374.000 0.687
1375.000 0.434
1376.000 0.433
1377.000 0.375
1378.000 0.377
1379.000 0.280
1380.000 0.388
1381.000 0.469
1382.000 0.429
1383.000 0.550
1384.000 0.397
1385.000 0.381
1386.000 0.382
1387.000 0.435
1388.000 0.296
1389.000 0.311
1390.000 0.337
1391.000 0.369
1392.000 0.456
1393.000 0.427
1394.000 0.414
1395.000 0.342
1396.000 0.330
1397.000 0.305
1398.000 0.264
1399.000 0.243
1400.000 0.194
1401.000 0.476
1402.000 0.365
1403.000 0.293
1404.000 0.463
1405.000 0.333
1406.000 0.310
1407.000 0.328
1408.000 0.404
1409.000 0.508
1410.000 0.408
1411.000 0.342
1412.000 0.494
1413.000 0.516
1414.000 0.498
1415.000 0.557
1416.000 0.425
1417.000 0.328
1418.000 0.270
1419.000 0.335
1420.000 0.391
1421.000 0.476
1422.000 0.517
1423.000 0.238
1424.000 0.352
1425.000 0.346
1426.000 0.382
1427.000 0.365
1428.000 0.340
1429.000 0.508
1430.000 0.454
1431.000 0.440
1432.000 0.403
1433.000 0.491
1434.000 0.464
1435.000 0.400
1436.000 0.388
1437.000 0.422
1438.000 0.402
1439.000 0.378
1440.000 0.365
1441.000 0.332
1442.000 0.366
1443.000 0.346
1444.000 0.358
1445.000 0.412
1446.000 0.415
1447.000 0.404
1448.000 0.398
1449.000 0.372
1450.000 0.350
1451.000 0.336
1452.000 0.329
1453.000 0.328
1454.000 0.330
1455.000 0.333
1456.000 0.342
1457.000 0.342
1458.000 0.341
1459.000 0.335
1460.000 0.324
1461.000 0.318
1462.000 0.314
1463.000 0.312
1464.000 0.312
1465.000 0.313
1466.000 0.332
1467.000 0.335
1468.000 0.316
1469.000 0.317
1470.000 0.316
1471.000 0.317
1472.000 0.334
1473.000 0.343
1474.000 0.344
1475.000 0.337
1476.000 0.306
1477.000 0.305
1478.000 0.313
1479.000 0.310
1480.000 0.313
1481.000 0.316
1482.000 0.313
1483.000 0.314
1484.000 0.318
1485.000 0.323
1486.000 0.328
1487.000 0.333
1488.000 0.343
1489.000 0.346
1490.000 0.347
1491.000 0.344
1492.000 0.335
1493.000 0.330
1494.000 0.325
1495.000 0.322
1496.000 0.324
1497.000 0.325
1498.000 0.325
1499.000 0.328
1500.000 0.332
1501.000 0.334
1502.000 0.339
1503.000 0.340
1504.000 0.339
1505.000 0.340
1506.000 0.342
1507.000 0.343
1508.000 0.345
1509.000 0.348
1510.000 0.349
1511.000 0.349
1512.000 0.349
1513.000 0.352
1514.000 0.353
1515.000 0.354
1516.000 0.355
1517.000 0.354
1518.000 0.355
1519.000 0.357
1520.000 0.360
1521.000 0.365
1522.000 0.367
1523.000 0.369
1524.000 0.370
1525.000 0.369
1526.000 0.371
1527.000 0.372
1528.000 0.374
1529.000 0.379
1530.000 0.382
1531.000 0.387
1532.000 0.389
1533.000 0.388
1534.000 0.388
1535.000 0.385
1536.000 0.384
1537.000 0.383
1538.000 0.382
1539.000 0.384
1540.000 0.385
1541.000 0.387
1542.000 0.389
1543.000 0.389
1544.000 0.390
1545.000 0.391
1546.000 0.393
1547.000 0.396
1548.000 0.397
1549.000 0.400
1550.000 0.401
1551.000 0.399
1552.000 0.399
1553.000 0.400
1554.000 0.401
1555.000 0.405
1556.000 0.407
1557.000 0.408
1558.000 0.409
1559.000 0.409
1560.000 0.409
1561.000 0.410
1562.000 0.409
1563.000 0.406
1564.000 0.406
1565.000 0.409
1566.000 0.411
1567.000 0.416
1568.000 0.418
1569.000 0.417
1570.000 0.417
1571.000 0.419
1572.000 0.420
1573.000 0.420
1574.000 0.421
1575.000 0.420
1576.000 0.421
1577.000 0.425
1578.000 0.427
1579.000 0.432
1580.000 0.433
1581.000 0.431
1582.000 0.431
1583.000 0.430
1584.000 0.430
1585.000 0.431
1586.000 0.432
1587.000 0.432
1588.000 0.433
1589.000 0.434
1590.000 0.435
1591.000 0.437
1592.000 0.439
1593.000 0.442
1594.000 0.442
1595.000 0.441
1596.000 0.441
1597.000 0.442
1598.000 0.443
1599.000 0.445
1600.000 0.447
1601.000 0.448
1602.000 0.450
1603.000 0.451
1604.000 0.452
1605.000 0.452
1606.000 0.452
1607.000 0.452
1608.000 0.452
1609.000 0.451
1610.000 0.451
1611.000 0.452
1612.000 0.453
1613.000 0.454
1614.000 0.455
1615.000 0.454
1616.000 0.455
1617.000 0.458
1618.000 0.459
1619.000 0.461
1620.000 0.462
1621.000 0.462
1622.000 0.462
1623.000 0.463
1624.000 0.464
1625.000 0.464
1626.000 0.464
1627.000 0.463
1628.000 0.464
1629.000 0.464
1630.000 0.464
1631.000 0.464
1632.000 0.464
1633.000 0.464
1634.000 0.465
1635.000 0.469
1636.000 0.469
1637.000 0.470
1638.000 0.471
1639.000 0.469
1640.000 0.470
1641.000 0.470
1642.000 0.471
1643.000 0.471
1644.000 0.472
1645.000 0.472
1646.000 0.473
1647.000 0.472
1648.000 0.471
1649.000 0.470
1650.000 0.469
1651.000 0.471
1652.000 0.470
1653.000 0.467
1654.000 0.467
1655.000 0.465
1656.000 0.464
1657.000 0.466
1658.000 0.467
1659.000 0.469
1660.000 0.470
1661.000 0.471
1662.000 0.472
1663.000 0.473
1664.000 0.472
1665.000 0.471
1666.000 0.470
1667.000 0.469
1668.000 0.468
1669.000 0.469
1670.000 0.469
1671.000 0.469
1672.000 0.470
1673.000 0.471
1674.000 0.471
1675.000 0.470
1676.000 0.470
1677.000 0.470
1678.000 0.469
1679.000 0.469
1680.000 0.469
1681.000 0.471
1682.000 0.470
1683.000 0.472
1684.000 0.472
1685.000 0.470
1686.000 0.468
1687.000 0.466
1688.000 0.466
1689.000 0.466
1690.000 0.466
1691.000 0.469
1692.000 0.469
1693.000 0.466
1694.000 0.466
1695.000 0.466
1696.000 0.467
1697.000 0.469
1698.000 0.471
1699.000 0.471
1700.000 0.471
1701.000 0.471
1702.000 0.470
1703.000 0.467
1704.000 0.466
1705.000 0.465
1706.000 0.464
1707.000 0.463
1708.000 0.462
1709.000 0.460
1710.000 0.458
1711.000 0.456
1712.000 0.454
1713.000 0.453
1714.000 0.454
1715.000 0.455
1716.000 0.456
1717.000 0.459
1718.000 0.461
1719.000 0.461
1720.000 0.462
1721.000 0.461
1722.000 0.458
1723.000 0.457
1724.000 0.459
1725.000 0.459
1726.000 0.464
1727.000 0.470
1728.000 0.472
1729.000 0.476
1730.000 0.472
1731.000 0.468
1732.000 0.466
1733.000 0.461
1734.000 0.460
1735.000 0.460
1736.000 0.459
1737.000 0.458
1738.000 0.456
1739.000 0.455
1740.000 0.453
1741.000 0.452
1742.000 0.451
1743.000 0.451
1744.000 0.454
1745.000 0.455
1746.000 0.459
1747.000 0.458
1748.000 0.448
1749.000 0.444
1750.000 0.439
1751.000 0.438
1752.000 0.445
1753.000 0.446
1754.000 0.444
1755.000 0.443
1756.000 0.439
1757.000 0.439
1758.000 0.440
1759.000 0.442
1760.000 0.441
1761.000 0.439
1762.000 0.441
1763.000 0.448
1764.000 0.450
1765.000 0.455
1766.000 0.458
1767.000 0.451
1768.000 0.447
1769.000 0.443
1770.000 0.437
1771.000 0.433
1772.000 0.426
1773.000 0.422
1774.000 0.424
1775.000 0.421
1776.000 0.419
1777.000 0.418
1778.000 0.416
1779.000 0.419
1780.000 0.430
1781.000 0.436
1782.000 0.436
1783.000 0.436
1784.000 0.426
1785.000 0.422
1786.000 0.419
1787.000 0.414
1788.000 0.417
1789.000 0.430
1790.000 0.433
1791.000 0.432
1792.000 0.431
1793.000 0.422
1794.000 0.424
1795.000 0.423
1796.000 0.421
1797.000 0.418
1798.000 0.416
1799.000 0.418
1800.000 0.441
1801.000 0.575
1802.000 0.610
1803.000 0.686
1804.000 0.711
1805.000 0.711
1806.000 0.678
1807.000 0.666
1808.000 0.572
1809.000 0.559
1810.000 0.688
1811.000 0.726
1812.000 0.701
1813.000 0.713
1814.000 0.655
1815.000 0.746
1816.000 0.752
1817.000 0.809
1818.000 0.812
1819.000 0.711
1820.000 0.605
1821.000 0.591
1822.000 0.692
1823.000 0.565
1824.000 0.526
1825.000 0.555
1826.000 0.678
1827.000 0.703
1828.000 0.757
1829.000 0.680
1830.000 0.615
1831.000 0.578
1832.000 0.548
1833.000 0.570
1834.000 0.638
1835.000 0.688
1836.000 0.641
1837.000 0.650
1838.000 0.668
1839.000 0.620
1840.000 0.587
1841.000 0.628
1842.000 0.639
1843.000 0.522
1844.000 0.493
1845.000 0.705
1846.000 0.659
1847.000 0.622
1848.000 0.599
1849.000 0.721
1850.000 0.826
1851.000 0.655
1852.000 0.738
1853.000 0.763
1854.000 0.792
1855.000 0.759
1856.000 0.706
1857.000 0.623
1858.000 0.544
1859.000 0.587
1860.000 0.593
1861.000 0.730
1862.000 0.567
1863.000 0.505
1864.000 0.584
1865.000 0.650
1866.000 0.628
1867.000 0.626
1868.000 0.616
1869.000 0.606
1870.000 0.592
1871.000 0.440
1872.000 0.511
1873.000 0.606
1874.000 0.511
1875.000 0.596
1876.000 0.515
1877.000 0.569
1878.000 0.591
1879.000 0.619
1880.000 0.626
1881.000 0.611
1882.000 0.601
1883.000 0.589
1884.000 0.586
1885.000 0.588
1886.000 0.584
1887.000 0.502
1888.000 0.482
1889.000 0.461
1890.000 0.501
1891.000 0.467
1892.000 0.386
1893.000 0.400
1894.000 0.446
1895.000 0.432
1896.000 0.648
1897.000 0.635
1898.000 0.588
1899.000 0.574
1900.000 0.498
1901.000 0.609
1902.000 0.535
1903.000 0.454
1904.000 0.609
1905.000 0.437
1906.000 0.656
1907.000 0.565
1908.000 0.530
1909.000 0.437
1910.000 0.441
1911.000 0.412
1912.000 0.553
1913.000 0.540
1914.000 0.537
1915.000 0.672
1916.000 0.668
1917.000 0.677
1918.000 0.662
1919.000 0.629
1920.000 0.551
1921.000 0.411
1922.000 0.396
1923.000 0.420
1924.000 0.474
1925.000 0.427
1926.000 0.469
1927.000 0.477
1928.000 0.446
1929.000 0.437
1930.000 0.591
1931.000 0.615
1932.000 0.620
1933.000 0.620
1934.000 0.412
1935.000 0.689
1936.000 0.726
1937.000 0.634
1938.000 0.624
1939.000 0.466
1940.000 0.428
1941.000 0.419
1942.000 0.397
1943.000 0.603
1944.000 0.637
1945.000 0.654
1946.000 0.369
1947.000 0.393
1948.000 0.391
1949.000 0.371
1950.000 0.305
1951.000 0.344
1952.000 0.505
1953.000 0.473
1954.000 0.448
1955.000 0.535
1956.000 0.574
1957.000 0.539
1958.000 0.675
1959.000 0.513
1960.000 0.514
1961.000 0.371
1962.000 0.363
1963.000 0.399
1964.000 0.402
1965.000 0.419
1966.000 0.409
1967.000 0.346
1968.000 0.287
1969.000 0.263
1970.000 0.288
1971.000 0.364
1972.000 0.422
1973.000 0.427
1974.000 0.424
1975.000 0.407
1976.000 0.327
1977.000 0.322
1978.000 0.318
1979.000 0.334
1980.000 0.387
1981.000 0.422
1982.000 0.373
1983.000 0.334
1984.000 0.305
1985.000 0.268
1986.000 0.249
1987.000 0.277
1988.000 0.274
1989.000 0.268
1990.000 0.272
1991.000 0.283
1992.000 0.298
1993.000 0.335
1994.000 0.420
1995.000 0.481
1996.000 0.518
1997.000 0.552
1998.000 0.536
1999.000 0.530
2000.000 0.471
2001.000 0.459
2002.000 0.452
2003.000 0.480
2004.000 0.519
2005.000 0.565
2006.000 0.654
2007.000 0.680
2008.000 0.553
2009.000 0.496
2010.000 0.470
2011.000 0.423
2012.000 0.442
2013.000 0.435
2014.000 0.461
2015.000 0.361
2016.000 0.312
2017.000 0.277
2018.000 0.269
2019.000 0.288
2020.000 0.308
2021.000 0.331
2022.000 0.324
2023.000 0.315
2024.000 0.305
2025.000 0.298
2026.000 0.336
2027.000 0.322
2028.000 0.308
2029.000 0.308
2030.000 0.305
2031.000 0.309
2032.000 0.310
2033.000 0.311
2034.000 0.305
2035.000 0.292
2036.000 0.275
2037.000 0.282
2038.000 0.283
2039.000 0.293
2040.000 0.313
2041.000 0.310
2042.000 0.293
2043.000 0.289
2044.000 0.287
2045.000 0.308
2046.000 0.315
2047.000 0.317
2048.000 0.321
2049.000 0.309
2050.000 0.302
2051.000 0.286
2052.000 0.282
2053.000 0.275
2054.000 0.263
2055.000 0.287
2056.000 0.312
2057.000 0.312
2058.000 0.304
2059.000 0.324
2060.000 0.316
2061.000 0.336
2062.000 0.334
2063.000 0.340
2064.000 0.331
2065.000 0.339
2066.000 0.350
2067.000 0.335
2068.000 0.345
2069.000 0.353
2070.000 0.337
2071.000 0.313
2072.000 0.302
2073.000 0.285
2074.000 0.281
2075.000 0.290
2076.000 0.296
2077.000 0.296
2078.000 0.297
2079.000 0.284
2080.000 0.281
2081.000 0.294
2082.000 0.301
2083.000 0.324
2084.000 0.339
2085.000 0.329
2086.000 0.349
2087.000 0.345
2088.000 0.316
2089.000 0.312
2090.000 0.310
2091.000 0.308
2092.000 0.313
2093.000 0.311
2094.000 0.317
2095.000 0.320
2096.000 0.328
2097.000 0.334
2098.000 0.336
2099.000 0.328
2100.000 0.328
2101.000 0.330
2102.000 0.329
2103.000 0.336
2104.000 0.341
2105.000 0.350
2106.000 0.348
2107.000 0.341
2108.000 0.339
2109.000 0.334
2110.000 0.333
2111.000 0.341
2112.000 0.339
2113.000 0.332
2114.000 0.325
2115.000 0.317
2116.000 0.312
2117.000 0.308
2118.000 0.305
2119.000 0.299
2120.000 0.299
2121.000 0.308
2122.000 0.312
2123.000 0.317
2124.000 0.328
2125.000 0.330
2126.000 0.330
2127.000 0.324
2128.000 0.309
2129.000 0.301
2130.000 0.289
2131.000 0.285
2132.000 0.293
2133.000 0.297
2134.000 0.303
2135.000 0.307
2136.000 0.308
2137.000 0.304
2138.000 0.308
2139.000 0.317
2140.000 0.328
2141.000 0.338
2142.000 0.344
2143.000 0.347
2144.000 0.345
2145.000 0.336
2146.000 0.329
2147.000 0.315
2148.000 0.308
2149.000 0.303
2150.000 0.300
2151.000 0.299
2152.000 0.302
2153.000 0.314
2154.000 0.325
2155.000 0.344
2156.000 0.364
2157.000 0.365
2158.000 0.364
2159.000 0.362
2160.000 0.358
2161.000 0.351
2162.000 0.337
2163.000 0.332
2164.000 0.327
2165.000 0.327
2166.000 0.332
2167.000 0.340
2168.000 0.356
2169.000 0.363
2170.000 0.382
2171.000 0.384
2172.000 0.362
2173.000 0.350
2174.000 0.324
2175.000 0.315
2176.000 0.318
2177.000 0.323
2178.000 0.326
2179.000 0.331
2180.000 0.331
2181.000 0.331
2182.000 0.331
2183.000 0.335
2184.000 0.342
2185.000 0.349
2186.000 0.355
2187.000 0.375
2188.000 0.369
2189.000 0.350
2190.000 0.336
2191.000 0.306
2192.000 0.297
2193.000 0.300
2194.000 0.302
2195.000 0.323
2196.000 0.332
2197.000 0.336
2198.000 0.340
2199.000 0.333
2200.000 0.335
2201.000 0.330
2202.000 0.332
2203.000 0.336
2204.000 0.355
2205.000 0.363
2206.000 0.366
2207.000 0.355
2208.000 0.343
2209.000 0.344
2210.000 0.300
2211.000 0.294
2212.000 0.293
2213.000 0.300
2214.000 0.334
2215.000 0.340
2216.000 0.337
2217.000 0.338
2218.000 0.326
2219.000 0.323
2220.000 0.323
2221.000 0.322
2222.000 0.309
2223.000 0.312
2224.000 0.342
2225.000 0.354
2226.000 0.368
2227.000 0.381
2228.000 0.368
2229.000 0.342
2230.000 0.319
2231.000 0.307
2232.000 0.299
2233.000 0.293
2234.000 0.307
2235.000 0.322
2236.000 0.320
2237.000 0.329
2238.000 0.328
2239.000 0.310
2240.000 0.307
2241.000 0.305
2242.000 0.307
2243.000 0.318
2244.000 0.324
2245.000 0.339
2246.000 0.336
2247.000 0.312
2248.000 0.303
2249.000 0.288
2250.000 0.285
2251.000 0.300
2252.000 0.306
2253.000 0.314
2254.000 0.325
2255.000 0.307
2256.000 0.307
2257.000 0.310
2258.000 0.320
2259.000 0.330
2260.000 0.322
2261.000 0.318
2262.000 0.316
2263.000 0.315
2264.000 0.320
2265.000 0.319
2266.000 0.330
2267.000 0.331
2268.000 0.336
2269.000 0.336
2270.000 0.310
2271.000 0.319
2272.000 0.328
2273.000 0.333
2274.000 0.359
2275.000 0.358
2276.000 0.335
2277.000 0.339
2278.000 0.333
2279.000 0.332
2280.000 0.345
2281.000 0.333
2282.000 0.307
2283.000 0.298
2284.000 0.319
2285.000 0.339
2286.000 0.304
2287.000 0.312
2288.000 0.336
2289.000 0.341
2290.000 0.358
2291.000 0.353
2292.000 0.324
2293.000 0.308
2294.000 0.304
2295.000 0.274
2296.000 0.306
2297.000 0.323
2298.000 0.319
2299.000 0.309
2300.000 0.286
2301.000 0.272
2302.000 0.262
2303.000 0.258
2304.000 0.272
2305.000 0.308
2306.000 0.305
2307.000 0.336
2308.000 0.386
2309.000 0.365
2310.000 0.417
2311.000 0.411
2312.000 0.394
2313.000 0.430
2314.000 0.361
2315.000 0.312
2316.000 0.323
2317.000 0.363
2318.000 0.316
2319.000 0.288
2320.000 0.284
2321.000 0.261
2322.000 0.269
2323.000 0.324
2324.000 0.346
2325.000 0.362
2326.000 0.351
2327.000 0.354
2328.000 0.346
2329.000 0.317
2330.000 0.312
2331.000 0.358
2332.000 0.347
2333.000 0.328
2334.000 0.357
2335.000 0.267
2336.000 0.253
2337.000 0.262
2338.000 0.282
2339.000 0.288
2340.000 0.277
2341.000 0.359
2342.000 0.435
2343.000 0.554
2344.000 0.480
2345.000 0.355
2346.000 0.351
2347.000 0.277
2348.000 0.263
2349.000 0.335
2350.000 0.355
2351.000 0.352
2352.000 0.332
2353.000 0.417
2354.000 0.400
2355.000 0.378
2356.000 0.346
2357.000 0.365
2358.000 0.394
2359.000 0.343
2360.000 0.353
2361.000 0.397
2362.000 0.350
2363.000 0.337
2364.000 0.334
2365.000 0.296
2366.000 0.315
2367.000 0.297
2368.000 0.357
2369.000 0.309
2370.000 0.338
2371.000 0.341
2372.000 0.555
2373.000 0.676
2374.000 0.706
2375.000 0.655
2376.000 0.602
2377.000 0.405
2378.000 0.289
2379.000 0.298
2380.000 0.320
2381.000 0.402
2382.000 0.425
2383.000 0.502
2384.000 0.666
2385.000 0.664
2386.000 0.509
2387.000 0.429
2388.000 0.630
2389.000 0.329
2390.000 0.385
2391.000 0.436
2392.000 0.599
2393.000 0.407
2394.000 0.288
2395.000 0.351
2396.000 0.456
2397.000 0.383
2398.000 0.334
2399.000 0.283
2400.000 0.353
2401.000 0.522
2402.000 0.359
2403.000 0.334
2404.000 0.612
2405.000 0.614
2406.000 0.209
2407.000 0.265
2408.000 0.164
2409.000 0.333
2410.000 0.411
2411.000 0.456
2412.000 0.550
2413.000 0.558
2414.000 0.485
2415.000 0.599
2416.000 0.482
2417.000 0.436
2418.000 0.386
2419.000 0.424
2420.000 0.338
2421.000 0.319
2422.000 0.369
2423.000 0.426
2424.000 0.507
2425.000 0.556
2426.000 0.544
2427.000 0.590
2428.000 0.658
2429.000 0.620
2430.000 0.581
2431.000 0.509
2432.000 0.590
2433.000 0.483
2434.000 0.381
2435.000 0.493
2436.000 0.639
2437.000 0.521
2438.000 0.441
2439.000 0.377
2440.000 0.526
2441.000 0.683
2442.000 0.423
2443.000 0.256
2444.000 0.294
2445.000 0.370
2446.000 0.376
2447.000 0.198
2448.000 0.380
2449.000 0.397
2450.000 0.419
2451.000 0.366
2452.000 0.391
2453.000 0.426
2454.000 0.491
2455.000 0.430
2456.000 0.321
2457.000 0.272
2458.000 0.266
2459.000 0.482
2460.000 0.405
2461.000 0.464
2462.000 0.500
2463.000 0.466
2464.000 0.344
2465.000 0.405
2466.000 0.421
2467.000 0.391
2468.000 0.717
2469.000 0.564
2470.000 0.467
2471.000 0.529
2472.000 0.259
2473.000 0.256
2474.000 0.366
2475.000 0.410
2476.000 0.619
2477.000 0.584
2478.000 0.569
2479.000 0.583
2480.000 0.536
2481.000 0.499
2482.000 0.542
2483.000 0.555
2484.000 0.498
2485.000 0.404
2486.000 0.522
2487.000 0.563
2488.000 0.547
2489.000 0.478
2490.000 0.433
2491.000 0.392
2492.000 0.288
2493.000 0.217
2494.000 0.286
2495.000 0.392
2496.000 0.400
2497.000 0.477
2498.000 0.436
2499.000 0.180
2500.000 0.220
