391.000 0.028
392.000 0.027
393.000 0.035
394.000 0.036
395.000 0.032
396.000 0.035
397.000 0.043
398.000 0.042
399.000 0.035
400.000 0.033
401.000 0.038
402.000 0.041
403.000 0.036
404.000 0.030
405.000 0.030
406.000 0.031
407.000 0.032
408.000 0.033
409.000 0.033
410.000 0.034
411.000 0.037
412.000 0.039
413.000 0.035
414.000 0.034
415.000 0.035
416.000 0.036
417.000 0.037
418.000 0.038
419.000 0.037
420.000 0.035
421.000 0.034
422.000 0.035
423.000 0.035
424.000 0.032
425.000 0.033
426.000 0.035
427.000 0.034
428.000 0.037
429.000 0.038
430.000 0.036
431.000 0.039
432.000 0.037
433.000 0.034
434.000 0.034
435.000 0.037
436.000 0.036
437.000 0.034
438.000 0.033
439.000 0.033
440.000 0.034
441.000 0.036
442.000 0.038
443.000 0.038
444.000 0.037
445.000 0.036
446.000 0.035
447.000 0.035
448.000 0.036
449.000 0.037
450.000 0.039
451.000 0.039
452.000 0.038
453.000 0.036
454.000 0.034
455.000 0.034
456.000 0.037
457.000 0.038
458.000 0.038
459.000 0.035
460.000 0.033
461.000 0.035
462.000 0.037
463.000 0.038
464.000 0.037
465.000 0.034
466.000 0.035
467.000 0.037
468.000 0.037
469.000 0.036
470.000 0.037
471.000 0.037
472.000 0.035
473.000 0.036
474.000 0.038
475.000 0.039
476.000 0.038
477.000 0.037
478.000 0.036
479.000 0.033
480.000 0.035
481.000 0.037
482.000 0.037
483.000 0.039
484.000 0.040
485.000 0.039
486.000 0.038
487.000 0.038
488.000 0.039
489.000 0.038
490.000 0.038
491.000 0.037
492.000 0.037
493.000 0.040
494.000 0.040
495.000 0.039
496.000 0.040
497.000 0.041
498.000 0.041
499.000 0.042
500.000 0.040
501.000 0.038
502.000 0.038
503.000 0.038
504.000 0.037
505.000 0.037
506.000 0.041
507.000 0.046
508.000 0.045
509.000 0.044
510.000 0.044
511.000 0.043
512.000 0.044
513.000 0.046
514.000 0.046
515.000 0.047
516.000 0.049
517.000 0.051
518.000 0.052
519.000 0.053
520.000 0.055
521.000 0.055
522.000 0.056
523.000 0.057
524.000 0.059
525.000 0.059
526.000 0.061
527.000 0.063
528.000 0.065
529.000 0.067
530.000 0.067
531.000 0.066
532.000 0.068
533.000 0.070
534.000 0.070
535.000 0.071
536.000 0.072
537.000 0.073
538.000 0.073
539.000 0.074
540.000 0.074
541.000 0.074
542.000 0.076
543.000 0.076
544.000 0.076
545.000 0.075
546.000 0.074
547.000 0.074
548.000 0.076
549.000 0.076
550.000 0.076
551.000 0.076
552.000 0.076
553.000 0.076
554.000 0.076
555.000 0.076
556.000 0.077
557.000 0.077
558.000 0.075
559.000 0.074
560.000 0.073
561.000 0.074
562.000 0.074
563.000 0.072
564.000 0.071
565.000 0.070
566.000 0.070
567.000 0.070
568.000 0.068
569.000 0.068
570.000 0.067
571.000 0.066
572.000 0.065
573.000 0.065
574.000 0.064
575.000 0.063
576.000 0.062
577.000 0.062
578.000 0.060
579.000 0.058
580.000 0.061
581.000 0.061
582.000 0.059
583.000 0.059
584.000 0.059
585.000 0.059
586.000 0.060
587.000 0.060
588.000 0.059
589.000 0.058
590.000 0.059
591.000 0.057
592.000 0.056
593.000 0.056
594.000 0.055
595.000 0.057
596.000 0.058
597.000 0.059
598.000 0.057
599.000 0.056
600.000 0.056
601.000 0.054
602.000 0.054
603.000 0.054
604.000 0.054
605.000 0.055
606.000 0.055
607.000 0.055
608.000 0.055
609.000 0.057
610.000 0.058
611.000 0.057
612.000 0.057
613.000 0.053
614.000 0.052
615.000 0.052
616.000 0.052
617.000 0.052
618.000 0.053
619.000 0.055
620.000 0.055
621.000 0.053
622.000 0.051
623.000 0.053
624.000 0.054
625.000 0.053
626.000 0.054
627.000 0.055
628.000 0.054
629.000 0.053
630.000 0.052
631.000 0.052
632.000 0.052
633.000 0.052
634.000 0.053
635.000 0.053
636.000 0.053
637.000 0.054
638.000 0.051
639.000 0.050
640.000 0.051
641.000 0.054
642.000 0.052
643.000 0.052
644.000 0.052
645.000 0.052
646.000 0.051
647.000 0.051
648.000 0.052
649.000 0.052
650.000 0.053
651.000 0.054
652.000 0.053
653.000 0.051
654.000 0.051
655.000 0.054
656.000 0.053
657.000 0.053
658.000 0.054
659.000 0.054
660.000 0.056
661.000 0.054
662.000 0.052
663.000 0.052
664.000 0.052
665.000 0.052
666.000 0.052
667.000 0.053
668.000 0.054
669.000 0.054
670.000 0.052
671.000 0.054
672.000 0.054
673.000 0.050
674.000 0.050
675.000 0.055
676.000 0.057
677.000 0.053
678.000 0.055
679.000 0.055
680.000 0.054
681.000 0.056
682.000 0.057
683.000 0.059
684.000 0.061
685.000 0.060
686.000 0.059
687.000 0.059
688.000 0.060
689.000 0.062
690.000 0.066
691.000 0.068
692.000 0.067
693.000 0.069
694.000 0.072
695.000 0.075
696.000 0.081
697.000 0.087
698.000 0.090
699.000 0.091
700.000 0.097
701.000 0.103
702.000 0.108
703.000 0.113
704.000 0.118
705.000 0.124
706.000 0.129
707.000 0.135
708.000 0.140
709.000 0.145
710.000 0.151
711.000 0.156
712.000 0.163
713.000 0.170
714.000 0.174
715.000 0.179
716.000 0.184
717.000 0.188
718.000 0.195
719.000 0.200
720.000 0.206
721.000 0.213
722.000 0.219
723.000 0.224
724.000 0.228
725.000 0.233
726.000 0.238
727.000 0.243
728.000 0.247
729.000 0.253
730.000 0.259
731.000 0.263
732.000 0.269
733.000 0.274
734.000 0.278
735.000 0.281
736.000 0.285
737.000 0.290
738.000 0.293
739.000 0.296
740.000 0.300
741.000 0.303
742.000 0.306
743.000 0.310
744.000 0.312
745.000 0.314
746.000 0.317
747.000 0.318
748.000 0.320
749.000 0.322
750.000 0.323
751.000 0.325
752.000 0.326
753.000 0.328
754.000 0.329
755.000 0.330
756.000 0.330
757.000 0.332
758.000 0.332
759.000 0.331
760.000 0.328
761.000 0.325
762.000 0.324
763.000 0.324
764.000 0.326
765.000 0.329
766.000 0.332
767.000 0.335
768.000 0.338
769.000 0.339
770.000 0.340
771.000 0.341
772.000 0.342
773.000 0.342
774.000 0.343
775.000 0.344
776.000 0.344
777.000 0.344
778.000 0.345
779.000 0.345
780.000 0.345
781.000 0.346
782.000 0.346
783.000 0.347
784.000 0.347
785.000 0.347
786.000 0.347
787.000 0.347
788.000 0.346
789.000 0.347
790.000 0.347
791.000 0.347
792.000 0.347
793.000 0.348
794.000 0.349
795.000 0.349
796.000 0.349
797.000 0.349
798.000 0.350
799.000 0.350
800.000 0.350
801.000 0.351
802.000 0.351
803.000 0.351
804.000 0.352
805.000 0.353
806.000 0.353
807.000 0.354
808.000 0.354
809.000 0.354
810.000 0.354
811.000 0.353
812.000 0.352
813.000 0.350
814.000 0.349
815.000 0.349
816.000 0.348
817.000 0.348
818.000 0.349
819.000 0.350
820.000 0.352
821.000 0.352
822.000 0.352
823.000 0.353
824.000 0.354
825.000 0.354
826.000 0.355
827.000 0.356
828.000 0.356
829.000 0.356
830.000 0.356
831.000 0.357
832.000 0.358
833.000 0.359
834.000 0.360
835.000 0.361
836.000 0.362
837.000 0.363
838.000 0.363
839.000 0.364
840.000 0.365
841.000 0.365
842.000 0.366
843.000 0.366
844.000 0.367
845.000 0.368
846.000 0.368
847.000 0.368
848.000 0.369
849.000 0.369
850.000 0.369
851.000 0.369
852.000 0.370
853.000 0.370
854.000 0.371
855.000 0.371
856.000 0.371
857.000 0.372
858.000 0.373
859.000 0.373
860.000 0.373
861.000 0.373
862.000 0.373
863.000 0.374
864.000 0.374
865.000 0.375
866.000 0.375
867.000 0.375
868.000 0.375
869.000 0.376
870.000 0.376
871.000 0.376
872.000 0.377
873.000 0.377
874.000 0.378
875.000 0.378
876.000 0.377
877.000 0.377
878.000 0.378
879.000 0.378
880.000 0.379
881.000 0.380
882.000 0.380
883.000 0.380
884.000 0.380
885.000 0.380
886.000 0.380
887.000 0.380
888.000 0.380
889.000 0.381
890.000 0.381
891.000 0.381
892.000 0.380
893.000 0.379
894.000 0.378
895.000 0.376
896.000 0.375
897.000 0.374
898.000 0.373
899.000 0.373
900.000 0.374
901.000 0.375
902.000 0.374
903.000 0.374
904.000 0.375
905.000 0.376
906.000 0.376
907.000 0.376
908.000 0.375
909.000 0.374
910.000 0.373
911.000 0.372
912.000 0.374
913.000 0.373
914.000 0.374
915.000 0.374
916.000 0.373
917.000 0.375
918.000 0.376
919.000 0.376
920.000 0.376
921.000 0.379
922.000 0.379
923.000 0.379
924.000 0.380
925.000 0.378
926.000 0.377
927.000 0.376
928.000 0.371
929.000 0.368
930.000 0.365
931.000 0.362
932.000 0.356
933.000 0.352
934.000 0.349
935.000 0.346
936.000 0.344
937.000 0.343
938.000 0.347
939.000 0.353
940.000 0.355
941.000 0.351
942.000 0.351
943.000 0.355
944.000 0.354
945.000 0.351
946.000 0.349
947.000 0.351
948.000 0.352
949.000 0.349
950.000 0.347
951.000 0.348
952.000 0.352
953.000 0.352
954.000 0.353
955.000 0.358
956.000 0.364
957.000 0.360
958.000 0.357
959.000 0.360
960.000 0.360
961.000 0.360
962.000 0.364
963.000 0.369
964.000 0.365
965.000 0.368
966.000 0.370
967.000 0.371
968.000 0.380
969.000 0.380
970.000 0.376
971.000 0.374
972.000 0.379
973.000 0.381
974.000 0.380
975.000 0.379
976.000 0.382
977.000 0.382
978.000 0.383
979.000 0.386
980.000 0.387
981.000 0.388
982.000 0.390
983.000 0.392
984.000 0.389
985.000 0.390
986.000 0.390
987.000 0.390
988.000 0.396
989.000 0.395
990.000 0.394
991.000 0.395
992.000 0.393
993.000 0.394
994.000 0.396
995.000 0.398
996.000 0.400
997.000 0.400
998.000 0.400
999.000 0.401
1000.000 0.402
1001.000 0.403
1002.000 0.403
1003.000 0.404
1004.000 0.406
1005.000 0.408
1006.000 0.408
1007.000 0.409
1008.000 0.409
1009.000 0.409
1010.000 0.409
1011.000 0.410
1012.000 0.410
1013.000 0.410
1014.000 0.411
1015.000 0.412
1016.000 0.412
1017.000 0.413
1018.000 0.413
1019.000 0.414
1020.000 0.414
1021.000 0.414
1022.000 0.414
1023.000 0.414
1024.000 0.415
1025.000 0.416
1026.000 0.416
1027.000 0.416
1028.000 0.416
1029.000 0.417
1030.000 0.417
1031.000 0.419
1032.000 0.420
1033.000 0.420
1034.000 0.419
1035.000 0.419
1036.000 0.420
1037.000 0.421
1038.000 0.422
1039.000 0.421
1040.000 0.420
1041.000 0.421
1042.000 0.422
1043.000 0.422
1044.000 0.423
1045.000 0.423
1046.000 0.424
1047.000 0.424
1048.000 0.423
1049.000 0.423
1050.000 0.421
1051.000 0.421
1052.000 0.421
1053.000 0.423
1054.000 0.426
1055.000 0.427
1056.000 0.428
1057.000 0.428
1058.000 0.425
1059.000 0.425
1060.000 0.424
1061.000 0.424
1062.000 0.425
1063.000 0.426
1064.000 0.427
1065.000 0.426
1066.000 0.427
1067.000 0.426
1068.000 0.426
1069.000 0.427
1070.000 0.428
1071.000 0.427
1072.000 0.427
1073.000 0.426
1074.000 0.426
1075.000 0.427
1076.000 0.428
1077.000 0.428
1078.000 0.429
1079.000 0.430
1080.000 0.430
1081.000 0.430
1082.000 0.429
1083.000 0.428
1084.000 0.428
1085.000 0.427
1086.000 0.427
1087.000 0.427
1088.000 0.428
1089.000 0.428
1090.000 0.426
1091.000 0.426
1092.000 0.426
1093.000 0.425
1094.000 0.424
1095.000 0.424
1096.000 0.423
1097.000 0.423
1098.000 0.423
1099.000 0.422
1100.000 0.422
1101.000 0.421
1102.000 0.419
1103.000 0.417
1104.000 0.415
1105.000 0.414
1106.000 0.412
1107.000 0.411
1108.000 0.410
1109.000 0.408
1110.000 0.407
1111.000 0.406
1112.000 0.403
1113.000 0.402
1114.000 0.402
1115.000 0.401
1116.000 0.401
1117.000 0.401
1118.000 0.399
1119.000 0.401
1120.000 0.397
1121.000 0.394
1122.000 0.397
1123.000 0.394
1124.000 0.387
1125.000 0.385
1126.000 0.382
1127.000 0.380
1128.000 0.379
1129.000 0.382
1130.000 0.380
1131.000 0.379
1132.000 0.381
1133.000 0.382
1134.000 0.379
1135.000 0.379
1136.000 0.379
1137.000 0.379
1138.000 0.383
1139.000 0.385
1140.000 0.386
1141.000 0.386
1142.000 0.385
1143.000 0.384
1144.000 0.383
1145.000 0.379
1146.000 0.377
1147.000 0.375
1148.000 0.377
1149.000 0.379
1150.000 0.381
1151.000 0.384
1152.000 0.386
1153.000 0.386
1154.000 0.386
1155.000 0.388
1156.000 0.387
1157.000 0.389
1158.000 0.393
1159.000 0.394
1160.000 0.394
1161.000 0.397
1162.000 0.398
1163.000 0.399
1164.000 0.401
1165.000 0.402
1166.000 0.403
1167.000 0.404
1168.000 0.404
1169.000 0.404
1170.000 0.406
1171.000 0.406
1172.000 0.407
1173.000 0.409
1174.000 0.409
1175.000 0.410
1176.000 0.410
1177.000 0.410
1178.000 0.410
1179.000 0.409
1180.000 0.409
1181.000 0.408
1182.000 0.407
1183.000 0.406
1184.000 0.406
1185.000 0.406
1186.000 0.407
1187.000 0.408
1188.000 0.409
1189.000 0.410
1190.000 0.410
1191.000 0.410
1192.000 0.409
1193.000 0.409
1194.000 0.409
1195.000 0.410
1196.000 0.409
1197.000 0.410
1198.000 0.413
1199.000 0.414
1200.000 0.415
1201.000 0.417
1202.000 0.417
1203.000 0.417
1204.000 0.417
1205.000 0.417
1206.000 0.417
1207.000 0.418
1208.000 0.419
1209.000 0.419
1210.000 0.421
1211.000 0.422
1212.000 0.421
1213.000 0.421
1214.000 0.420
1215.000 0.419
1216.000 0.418
1217.000 0.419
1218.000 0.419
1219.000 0.421
1220.000 0.421
1221.000 0.421
1222.000 0.422
1223.000 0.422
1224.000 0.423
1225.000 0.425
1226.000 0.427
1227.000 0.428
1228.000 0.429
1229.000 0.430
1230.000 0.430
1231.000 0.430
1232.000 0.430
1233.000 0.431
1234.000 0.432
1235.000 0.433
1236.000 0.434
1237.000 0.434
1238.000 0.434
1239.000 0.435
1240.000 0.435
1241.000 0.435
1242.000 0.435
1243.000 0.435
1244.000 0.435
1245.000 0.434
1246.000 0.434
1247.000 0.434
1248.000 0.434
1249.000 0.436
1250.000 0.436
1251.000 0.436
1252.000 0.436
1253.000 0.436
1254.000 0.436
1255.000 0.436
1256.000 0.437
1257.000 0.438
1258.000 0.438
1259.000 0.439
1260.000 0.439
1261.000 0.439
1262.000 0.439
1263.000 0.439
1264.000 0.439
1265.000 0.440
1266.000 0.440
1267.000 0.439
1268.000 0.438
1269.000 0.438
1270.000 0.438
1271.000 0.439
1272.000 0.441
1273.000 0.442
1274.000 0.442
1275.000 0.443
1276.000 0.442
1277.000 0.442
1278.000 0.442
1279.000 0.443
1280.000 0.444
1281.000 0.444
1282.000 0.444
1283.000 0.445
1284.000 0.446
1285.000 0.446
1286.000 0.445
1287.000 0.445
1288.000 0.444
1289.000 0.444
1290.000 0.444
1291.000 0.444
1292.000 0.443
1293.000 0.443
1294.000 0.441
1295.000 0.439
1296.000 0.438
1297.000 0.437
1298.000 0.437
1299.000 0.438
1300.000 0.438
1301.000 0.438
1302.000 0.437
1303.000 0.437
1304.000 0.435
1305.000 0.432
1306.000 0.430
1307.000 0.428
1308.000 0.427
1309.000 0.427
1310.000 0.427
1311.000 0.428
1312.000 0.428
1313.000 0.426
1314.000 0.425
1315.000 0.420
1316.000 0.418
1317.000 0.416
1318.000 0.415
1319.000 0.413
1320.000 0.412
1321.000 0.412
1322.000 0.412
1323.000 0.411
1324.000 0.411
1325.000 0.409
1326.000 0.406
1327.000 0.404
1328.000 0.403
1329.000 0.401
1330.000 0.401
1331.000 0.400
1332.000 0.399
1333.000 0.399
1334.000 0.399
1335.000 0.397
1336.000 0.393
1337.000 0.390
1338.000 0.387
1339.000 0.385
1340.000 0.382
1341.000 0.380
1342.000 0.379
1343.000 0.379
1344.000 0.383
1345.000 0.384
1346.000 0.386
1347.000 0.391
1348.000 0.397
1349.000 0.403
1350.000 0.413
1351.000 0.434
1352.000 0.476
1353.000 0.573
1354.000 0.541
1355.000 0.485
1356.000 0.431
1357.000 0.383
1358.000 0.345
1359.000 0.436
1360.000 0.507
1361.000 0.499
1362.000 0.149
1363.000 0.254
1364.000 0.235
1365.000 0.144
1366.000 0.195
1367.000 0.327
1368.000 0.420
1369.000 0.338
1370.000 0.263
1371.000 0.187
1372.000 0.330
1373.000 0.433
1374.000 0.627
1375.000 0.215
1376.000 0.236
1377.000 0.169
1378.000 0.237
1379.000 0.185
1380.000 0.366
1381.000 0.442
1382.000 0.348
1383.000 0.252
1384.000 0.207
1385.000 0.238
1386.000 0.277
1387.000 0.415
1388.000 0.214
1389.000 0.290
1390.000 0.368
1391.000 0.450
1392.000 0.416
1393.000 0.333
1394.000 0.394
1395.000 0.361
1396.000 0.374
1397.000 0.346
1398.000 0.299
1399.000 0.329
1400.000 0.294
1401.000 0.672
1402.000 0.389
1403.000 0.380
1404.000 0.546
1405.000 0.323
1406.000 0.352
1407.000 0.393
1408.000 0.550
1409.000 0.715
1410.000 0.554
1411.000 0.387
1412.000 0.561
1413.000 0.707
1414.000 0.650
1415.000 0.456
1416.000 0.324
1417.000 0.286
1418.000 0.201
1419.000 0.359
1420.000 0.426
1421.000 0.509
1422.000 0.582
1423.000 0.181
1424.000 0.355
1425.000 0.393
1426.000 0.438
1427.000 0.384
1428.000 0.334
1429.000 0.574
1430.000 0.500
1431.000 0.485
1432.000 0.404
1433.000 0.572
1434.000 0.546
1435.000 0.452
1436.000 0.426
1437.000 0.435
1438.000 0.389
1439.000 0.347
1440.000 0.311
1441.000 0.244
1442.000 0.324
1443.000 0.275
1444.000 0.325
1445.000 0.435
1446.000 0.432
1447.000 0.427
1448.000 0.420
1449.000 0.357
1450.000 0.299
1451.000 0.246
1452.000 0.215
1453.000 0.216
1454.000 0.234
1455.000 0.248
1456.000 0.276
1457.000 0.283
1458.000 0.281
1459.000 0.266
1460.000 0.237
1461.000 0.226
1462.000 0.225
1463.000 0.218
1464.000 0.219
1465.000 0.220
1466.000 0.256
1467.000 0.258
1468.000 0.213
1469.000 0.218
1470.000 0.218
1471.000 0.219
1472.000 0.254
1473.000 0.257
1474.000 0.254
1475.000 0.243
1476.000 0.202
1477.000 0.199
1478.000 0.206
1479.000 0.197
1480.000 0.202
1481.000 0.210
1482.000 0.218
1483.000 0.220
1484.000 0.220
1485.000 0.223
1486.000 0.219
1487.000 0.221
1488.000 0.230
1489.000 0.232
1490.000 0.236
1491.000 0.233
1492.000 0.220
1493.000 0.213
1494.000 0.203
1495.000 0.199
1496.000 0.199
1497.000 0.199
1498.000 0.199
1499.000 0.203
1500.000 0.210
1501.000 0.212
1502.000 0.217
1503.000 0.219
1504.000 0.216
1505.000 0.216
1506.000 0.218
1507.000 0.219
1508.000 0.221
1509.000 0.226
1510.000 0.226
1511.000 0.223
1512.000 0.223
1513.000 0.224
1514.000 0.225
1515.000 0.228
1516.000 0.230
1517.000 0.230
1518.000 0.231
1519.000 0.230
1520.000 0.232
1521.000 0.237
1522.000 0.239
1523.000 0.244
1524.000 0.246
1525.000 0.246
1526.000 0.248
1527.000 0.246
1528.000 0.250
1529.000 0.257
1530.000 0.260
1531.000 0.265
1532.000 0.267
1533.000 0.262
1534.000 0.260
1535.000 0.258
1536.000 0.256
1537.000 0.256
1538.000 0.256
1539.000 0.258
1540.000 0.259
1541.000 0.261
1542.000 0.261
1543.000 0.259
1544.000 0.259
1545.000 0.259
1546.000 0.261
1547.000 0.267
1548.000 0.270
1549.000 0.273
1550.000 0.274
1551.000 0.271
1552.000 0.272
1553.000 0.273
1554.000 0.274
1555.000 0.278
1556.000 0.281
1557.000 0.282
1558.000 0.283
1559.000 0.281
1560.000 0.281
1561.000 0.281
1562.000 0.281
1563.000 0.279
1564.000 0.281
1565.000 0.283
1566.000 0.285
1567.000 0.288
1568.000 0.290
1569.000 0.287
1570.000 0.287
1571.000 0.289
1572.000 0.290
1573.000 0.291
1574.000 0.292
1575.000 0.289
1576.000 0.291
1577.000 0.295
1578.000 0.298
1579.000 0.305
1580.000 0.307
1581.000 0.302
1582.000 0.301
1583.000 0.300
1584.000 0.300
1585.000 0.305
1586.000 0.307
1587.000 0.307
1588.000 0.308
1589.000 0.308
1590.000 0.308
1591.000 0.311
1592.000 0.312
1593.000 0.312
1594.000 0.312
1595.000 0.309
1596.000 0.308
1597.000 0.309
1598.000 0.310
1599.000 0.314
1600.000 0.318
1601.000 0.321
1602.000 0.324
1603.000 0.326
1604.000 0.327
1605.000 0.326
1606.000 0.326
1607.000 0.325
1608.000 0.325
1609.000 0.324
1610.000 0.323
1611.000 0.325
1612.000 0.325
1613.000 0.326
1614.000 0.327
1615.000 0.327
1616.000 0.328
1617.000 0.331
1618.000 0.333
1619.000 0.335
1620.000 0.337
1621.000 0.338
1622.000 0.339
1623.000 0.338
1624.000 0.337
1625.000 0.335
1626.000 0.334
1627.000 0.334
1628.000 0.334
1629.000 0.334
1630.000 0.335
1631.000 0.334
1632.000 0.334
1633.000 0.336
1634.000 0.337
1635.000 0.339
1636.000 0.341
1637.000 0.342
1638.000 0.344
1639.000 0.347
1640.000 0.348
1641.000 0.348
1642.000 0.349
1643.000 0.347
1644.000 0.346
1645.000 0.347
1646.000 0.347
1647.000 0.345
1648.000 0.344
1649.000 0.344
1650.000 0.344
1651.000 0.345
1652.000 0.344
1653.000 0.338
1654.000 0.337
1655.000 0.333
1656.000 0.332
1657.000 0.335
1658.000 0.336
1659.000 0.336
1660.000 0.339
1661.000 0.343
1662.000 0.346
1663.000 0.349
1664.000 0.349
1665.000 0.348
1666.000 0.346
1667.000 0.343
1668.000 0.341
1669.000 0.341
1670.000 0.341
1671.000 0.342
1672.000 0.343
1673.000 0.344
1674.000 0.345
1675.000 0.346
1676.000 0.346
1677.000 0.348
1678.000 0.349
1679.000 0.348
1680.000 0.347
1681.000 0.348
1682.000 0.346
1683.000 0.345
1684.000 0.344
1685.000 0.343
1686.000 0.341
1687.000 0.339
1688.000 0.339
1689.000 0.341
1690.000 0.343
1691.000 0.350
1692.000 0.351
1693.000 0.345
1694.000 0.345
1695.000 0.345
1696.000 0.345
1697.000 0.350
1698.000 0.352
1699.000 0.352
1700.000 0.351
1701.000 0.349
1702.000 0.347
1703.000 0.340
1704.000 0.337
1705.000 0.336
1706.000 0.335
1707.000 0.336
1708.000 0.337
1709.000 0.338
1710.000 0.337
1711.000 0.337
1712.000 0.333
1713.000 0.328
1714.000 0.323
1715.000 0.323
1716.000 0.327
1717.000 0.334
1718.000 0.341
1719.000 0.344
1720.000 0.344
1721.000 0.341
1722.000 0.340
1723.000 0.341
1724.000 0.344
1725.000 0.348
1726.000 0.355
1727.000 0.358
1728.000 0.359
1729.000 0.359
1730.000 0.353
1731.000 0.348
1732.000 0.344
1733.000 0.342
1734.000 0.341
1735.000 0.342
1736.000 0.338
1737.000 0.336
1738.000 0.333
1739.000 0.330
1740.000 0.329
1741.000 0.330
1742.000 0.332
1743.000 0.334
1744.000 0.340
1745.000 0.342
1746.000 0.342
1747.000 0.337
1748.000 0.324
1749.000 0.319
1750.000 0.312
1751.000 0.311
1752.000 0.320
1753.000 0.322
1754.000 0.321
1755.000 0.321
1756.000 0.320
1757.000 0.318
1758.000 0.315
1759.000 0.314
1760.000 0.313
1761.000 0.310
1762.000 0.316
1763.000 0.326
1764.000 0.326
1765.000 0.329
1766.000 0.334
1767.000 0.329
1768.000 0.325
1769.000 0.326
1770.000 0.318
1771.000 0.315
1772.000 0.315
1773.000 0.316
1774.000 0.320
1775.000 0.320
1776.000 0.316
1777.000 0.311
1778.000 0.304
1779.000 0.304
1780.000 0.309
1781.000 0.313
1782.000 0.310
1783.000 0.306
1784.000 0.294
1785.000 0.293
1786.000 0.286
1787.000 0.265
1788.000 0.265
1789.000 0.276
1790.000 0.278
1791.000 0.295
1792.000 0.295
1793.000 0.282
1794.000 0.290
1795.000 0.294
1796.000 0.306
1797.000 0.328
1798.000 0.331
1799.000 0.340
1800.000 0.383
1801.000 0.439
1802.000 0.457
1803.000 0.488
1804.000 0.532
1805.000 0.550
1806.000 0.547
1807.000 0.574
1808.000 0.524
1809.000 0.502
1810.000 0.585
1811.000 0.624
1812.000 0.595
1813.000 0.591
1814.000 0.559
1815.000 0.623
1816.000 0.648
1817.000 0.783
1818.000 0.793
1819.000 0.655
1820.000 0.505
1821.000 0.579
1822.000 0.665
1823.000 0.553
1824.000 0.459
1825.000 0.507
1826.000 0.689
1827.000 0.706
1828.000 0.666
1829.000 0.552
1830.000 0.455
1831.000 0.412
1832.000 0.382
1833.000 0.452
1834.000 0.617
1835.000 0.563
1836.000 0.443
1837.000 0.550
1838.000 0.642
1839.000 0.632
1840.000 0.591
1841.000 0.583
1842.000 0.547
1843.000 0.486
1844.000 0.403
1845.000 0.537
1846.000 0.514
1847.000 0.519
1848.000 0.452
1849.000 0.690
1850.000 0.839
1851.000 0.584
1852.000 0.717
1853.000 0.748
1854.000 0.786
1855.000 0.751
1856.000 0.708
1857.000 0.608
1858.000 0.556
1859.000 0.621
1860.000 0.632
1861.000 0.791
1862.000 0.472
1863.000 0.505
1864.000 0.577
1865.000 0.586
1866.000 0.562
1867.000 0.569
1868.000 0.570
1869.000 0.571
1870.000 0.576
1871.000 0.532
1872.000 0.558
1873.000 0.574
1874.000 0.578
1875.000 0.604
1876.000 0.601
1877.000 0.621
1878.000 0.683
1879.000 0.640
1880.000 0.661
1881.000 0.637
1882.000 0.613
1883.000 0.588
1884.000 0.567
1885.000 0.592
1886.000 0.561
1887.000 0.521
1888.000 0.496
1889.000 0.463
1890.000 0.465
1891.000 0.422
1892.000 0.338
1893.000 0.494
1894.000 0.502
1895.000 0.470
1896.000 0.489
1897.000 0.468
1898.000 0.417
1899.000 0.431
1900.000 0.530
1901.000 0.689
1902.000 0.530
1903.000 0.413
1904.000 0.542
1905.000 0.218
1906.000 0.434
1907.000 0.372
1908.000 0.434
1909.000 0.321
1910.000 0.467
1911.000 0.515
1912.000 0.781
1913.000 0.677
1914.000 0.578
1915.000 0.503
1916.000 0.520
1917.000 0.531
1918.000 0.535
1919.000 0.512
1920.000 0.385
1921.000 0.279
1922.000 0.273
1923.000 0.327
1924.000 0.464
1925.000 0.337
1926.000 0.434
1927.000 0.433
1928.000 0.367
1929.000 0.373
1930.000 0.667
1931.000 0.735
1932.000 0.739
1933.000 0.654
1934.000 0.350
1935.000 0.770
1936.000 0.719
1937.000 0.704
1938.000 0.624
1939.000 0.431
1940.000 0.438
1941.000 0.450
1942.000 0.393
1943.000 0.431
1944.000 0.492
1945.000 0.465
1946.000 0.344
1947.000 0.321
1948.000 0.338
1949.000 0.341
1950.000 0.330
1951.000 0.353
1952.000 0.503
1953.000 0.385
1954.000 0.362
1955.000 0.452
1956.000 0.451
1957.000 0.321
1958.000 0.486
1959.000 0.398
1960.000 0.384
1961.000 0.275
1962.000 0.286
1963.000 0.308
1964.000 0.334
1965.000 0.403
1966.000 0.400
1967.000 0.338
1968.000 0.263
1969.000 0.200
1970.000 0.213
1971.000 0.253
1972.000 0.291
1973.000 0.292
1974.000 0.286
1975.000 0.278
1976.000 0.233
1977.000 0.215
1978.000 0.202
1979.000 0.201
1980.000 0.219
1981.000 0.233
1982.000 0.226
1983.000 0.227
1984.000 0.224
1985.000 0.204
1986.000 0.186
1987.000 0.213
1988.000 0.210
1989.000 0.212
1990.000 0.210
1991.000 0.193
1992.000 0.185
1993.000 0.210
1994.000 0.268
1995.000 0.337
1996.000 0.423
1997.000 0.473
1998.000 0.517
1999.000 0.513
2000.000 0.447
2001.000 0.430
2002.000 0.369
2003.000 0.388
2004.000 0.449
2005.000 0.530
2006.000 0.689
2007.000 0.667
2008.000 0.582
2009.000 0.486
2010.000 0.375
2011.000 0.279
2012.000 0.284
2013.000 0.266
2014.000 0.269
2015.000 0.232
2016.000 0.205
2017.000 0.195
2018.000 0.192
2019.000 0.230
2020.000 0.229
2021.000 0.256
2022.000 0.238
2023.000 0.202
2024.000 0.232
2025.000 0.203
2026.000 0.234
2027.000 0.199
2028.000 0.167
2029.000 0.166
2030.000 0.185
2031.000 0.196
2032.000 0.199
2033.000 0.206
2034.000 0.185
2035.000 0.182
2036.000 0.184
2037.000 0.204
2038.000 0.203
2039.000 0.206
2040.000 0.233
2041.000 0.215
2042.000 0.188
2043.000 0.199
2044.000 0.192
2045.000 0.223
2046.000 0.237
2047.000 0.243
2048.000 0.250
2049.000 0.236
2050.000 0.222
2051.000 0.212
2052.000 0.217
2053.000 0.216
2054.000 0.216
2055.000 0.243
2056.000 0.269
2057.000 0.261
2058.000 0.229
2059.000 0.243
2060.000 0.214
2061.000 0.226
2062.000 0.192
2063.000 0.196
2064.000 0.197
2065.000 0.203
2066.000 0.236
2067.000 0.238
2068.000 0.260
2069.000 0.294
2070.000 0.270
2071.000 0.226
2072.000 0.219
2073.000 0.216
2074.000 0.214
2075.000 0.226
2076.000 0.240
2077.000 0.213
2078.000 0.203
2079.000 0.186
2080.000 0.169
2081.000 0.185
2082.000 0.201
2083.000 0.220
2084.000 0.235
2085.000 0.225
2086.000 0.238
2087.000 0.229
2088.000 0.193
2089.000 0.188
2090.000 0.183
2091.000 0.182
2092.000 0.184
2093.000 0.197
2094.000 0.226
2095.000 0.240
2096.000 0.257
2097.000 0.270
2098.000 0.277
2099.000 0.257
2100.000 0.264
2101.000 0.270
2102.000 0.257
2103.000 0.257
2104.000 0.256
2105.000 0.253
2106.000 0.247
2107.000 0.242
2108.000 0.240
2109.000 0.235
2110.000 0.236
2111.000 0.249
2112.000 0.249
2113.000 0.241
2114.000 0.236
2115.000 0.227
2116.000 0.219
2117.000 0.212
2118.000 0.204
2119.000 0.195
2120.000 0.190
2121.000 0.191
2122.000 0.197
2123.000 0.201
2124.000 0.210
2125.000 0.214
2126.000 0.225
2127.000 0.225
2128.000 0.214
2129.000 0.208
2130.000 0.195
2131.000 0.186
2132.000 0.180
2133.000 0.179
2134.000 0.179
2135.000 0.182
2136.000 0.192
2137.000 0.203
2138.000 0.213
2139.000 0.230
2140.000 0.250
2141.000 0.253
2142.000 0.255
2143.000 0.254
2144.000 0.244
2145.000 0.219
2146.000 0.210
2147.000 0.202
2148.000 0.195
2149.000 0.192
2150.000 0.189
2151.000 0.179
2152.000 0.182
2153.000 0.209
2154.000 0.223
2155.000 0.243
2156.000 0.266
2157.000 0.261
2158.000 0.245
2159.000 0.250
2160.000 0.250
2161.000 0.242
2162.000 0.225
2163.000 0.222
2164.000 0.219
2165.000 0.221
2166.000 0.233
2167.000 0.245
2168.000 0.259
2169.000 0.268
2170.000 0.300
2171.000 0.304
2172.000 0.278
2173.000 0.264
2174.000 0.236
2175.000 0.227
2176.000 0.234
2177.000 0.235
2178.000 0.235
2179.000 0.243
2180.000 0.248
2181.000 0.253
2182.000 0.250
2183.000 0.250
2184.000 0.249
2185.000 0.238
2186.000 0.240
2187.000 0.263
2188.000 0.258
2189.000 0.240
2190.000 0.228
2191.000 0.203
2192.000 0.197
2193.000 0.204
2194.000 0.207
2195.000 0.238
2196.000 0.244
2197.000 0.224
2198.000 0.222
2199.000 0.211
2200.000 0.208
2201.000 0.202
2202.000 0.204
2203.000 0.207
2204.000 0.236
2205.000 0.254
2206.000 0.267
2207.000 0.247
2208.000 0.237
2209.000 0.245
2210.000 0.188
2211.000 0.182
2212.000 0.179
2213.000 0.190
2214.000 0.245
2215.000 0.247
2216.000 0.231
2217.000 0.222
2218.000 0.185
2219.000 0.174
2220.000 0.178
2221.000 0.180
2222.000 0.169
2223.000 0.178
2224.000 0.220
2225.000 0.240
2226.000 0.262
2227.000 0.285
2228.000 0.260
2229.000 0.234
2230.000 0.220
2231.000 0.210
2232.000 0.211
2233.000 0.210
2234.000 0.221
2235.000 0.237
2236.000 0.230
2237.000 0.230
2238.000 0.223
2239.000 0.200
2240.000 0.194
2241.000 0.194
2242.000 0.198
2243.000 0.217
2244.000 0.229
2245.000 0.258
2246.000 0.258
2247.000 0.230
2248.000 0.217
2249.000 0.193
2250.000 0.184
2251.000 0.194
2252.000 0.193
2253.000 0.188
2254.000 0.199
2255.000 0.180
2256.000 0.177
2257.000 0.182
2258.000 0.199
2259.000 0.222
2260.000 0.208
2261.000 0.204
2262.000 0.212
2263.000 0.215
2264.000 0.212
2265.000 0.213
2266.000 0.227
2267.000 0.223
2268.000 0.221
2269.000 0.206
2270.000 0.182
2271.000 0.201
2272.000 0.229
2273.000 0.239
2274.000 0.274
2275.000 0.258
2276.000 0.186
2277.000 0.197
2278.000 0.187
2279.000 0.197
2280.000 0.257
2281.000 0.243
2282.000 0.177
2283.000 0.160
2284.000 0.206
2285.000 0.237
2286.000 0.191
2287.000 0.203
2288.000 0.215
2289.000 0.202
2290.000 0.213
2291.000 0.203
2292.000 0.182
2293.000 0.179
2294.000 0.204
2295.000 0.175
2296.000 0.251
2297.000 0.278
2298.000 0.254
2299.000 0.241
2300.000 0.231
2301.000 0.201
2302.000 0.175
2303.000 0.178
2304.000 0.172
2305.000 0.191
2306.000 0.185
2307.000 0.172
2308.000 0.208
2309.000 0.192
2310.000 0.218
2311.000 0.212
2312.000 0.201
2313.000 0.187
2314.000 0.150
2315.000 0.141
2316.000 0.163
2317.000 0.187
2318.000 0.155
2319.000 0.163
2320.000 0.184
2321.000 0.186
2322.000 0.170
2323.000 0.245
2324.000 0.266
2325.000 0.257
2326.000 0.229
2327.000 0.245
2328.000 0.255
2329.000 0.254
2330.000 0.268
2331.000 0.398
2332.000 0.400
2333.000 0.362
2334.000 0.411
2335.000 0.231
2336.000 0.189
2337.000 0.216
2338.000 0.251
2339.000 0.217
2340.000 0.166
2341.000 0.285
2342.000 0.396
2343.000 0.666
2344.000 0.585
2345.000 0.413
2346.000 0.408
2347.000 0.265
2348.000 0.248
2349.000 0.354
2350.000 0.394
2351.000 0.356
2352.000 0.260
2353.000 0.334
2354.000 0.296
2355.000 0.244
2356.000 0.194
2357.000 0.215
2358.000 0.262
2359.000 0.240
2360.000 0.249
2361.000 0.275
2362.000 0.237
2363.000 0.274
2364.000 0.346
2365.000 0.357
2366.000 0.410
2367.000 0.333
2368.000 0.391
2369.000 0.217
2370.000 0.284
2371.000 0.306
2372.000 0.596
2373.000 0.809
2374.000 0.778
2375.000 0.708
2376.000 0.647
2377.000 0.421
2378.000 0.263
2379.000 0.273
2380.000 0.283
2381.000 0.281
2382.000 0.281
2383.000 0.363
2384.000 0.605
2385.000 0.739
2386.000 0.537
2387.000 0.475
2388.000 0.746
2389.000 0.312
2390.000 0.356
2391.000 0.339
2392.000 0.406
2393.000 0.262
2394.000 0.165
2395.000 0.248
2396.000 0.591
2397.000 0.523
2398.000 0.467
2399.000 0.343
2400.000 0.318
2401.000 0.590
2402.000 0.362
2403.000 0.214
2404.000 0.302
2405.000 0.358
2406.000 0.252
2407.000 0.235
2408.000 0.122
2409.000 0.151
2410.000 0.288
2411.000 0.515
2412.000 0.719
2413.000 0.794
2414.000 0.750
2415.000 0.746
2416.000 0.627
2417.000 0.504
2418.000 0.571
2419.000 0.520
2420.000 0.244
2421.000 0.292
2422.000 0.310
2423.000 0.325
2424.000 0.370
2425.000 0.560
2426.000 0.581
2427.000 0.713
2428.000 0.808
2429.000 0.735
2430.000 0.654
2431.000 0.600
2432.000 0.570
2433.000 0.448
2434.000 0.482
2435.000 0.391
2436.000 0.455
2437.000 0.560
2438.000 0.566
2439.000 0.545
2440.000 0.570
2441.000 0.563
2442.000 0.360
2443.000 0.349
2444.000 0.395
2445.000 0.502
2446.000 0.359
2447.000 0.189
2448.000 0.439
2449.000 0.286
2450.000 0.328
2451.000 0.281
2452.000 0.396
2453.000 0.525
2454.000 0.588
2455.000 0.631
2456.000 0.483
2457.000 0.214
2458.000 0.271
2459.000 0.361
2460.000 0.293
2461.000 0.553
2462.000 0.481
2463.000 0.374
2464.000 0.240
2465.000 0.404
2466.000 0.445
2467.000 0.314
2468.000 0.502
2469.000 0.566
2470.000 0.546
2471.000 0.710
2472.000 0.309
2473.000 0.299
2474.000 0.414
2475.000 0.415
2476.000 0.808
2477.000 0.546
2478.000 0.629
2479.000 0.489
2480.000 0.528
2481.000 0.287
2482.000 0.436
2483.000 0.486
2484.000 0.482
2485.000 0.329
2486.000 0.525
2487.000 0.641
2488.000 0.732
2489.000 0.583
2490.000 0.421
2491.000 0.464
2492.000 0.267
2493.000 0.148
2494.000 0.209
2495.000 0.271
2496.000 0.251
2497.000 0.463
2498.000 0.311
2499.000 0.118
2500.000 0.096
