391.000 0.042
392.000 0.043
393.000 0.042
394.000 0.043
395.000 0.046
396.000 0.045
397.000 0.042
398.000 0.043
399.000 0.043
400.000 0.044
401.000 0.044
402.000 0.044
403.000 0.045
404.000 0.046
405.000 0.047
406.000 0.046
407.000 0.045
408.000 0.046
409.000 0.046
410.000 0.046
411.000 0.046
412.000 0.046
413.000 0.046
414.000 0.046
415.000 0.046
416.000 0.046
417.000 0.046
418.000 0.046
419.000 0.046
420.000 0.046
421.000 0.047
422.000 0.047
423.000 0.046
424.000 0.047
425.000 0.047
426.000 0.047
427.000 0.046
428.000 0.047
429.000 0.047
430.000 0.047
431.000 0.047
432.000 0.047
433.000 0.047
434.000 0.048
435.000 0.048
436.000 0.048
437.000 0.048
438.000 0.047
439.000 0.048
440.000 0.048
441.000 0.048
442.000 0.048
443.000 0.049
444.000 0.050
445.000 0.049
446.000 0.048
447.000 0.049
448.000 0.049
449.000 0.050
450.000 0.050
451.000 0.049
452.000 0.050
453.000 0.051
454.000 0.050
455.000 0.050
456.000 0.051
457.000 0.051
458.000 0.051
459.000 0.051
460.000 0.051
461.000 0.051
462.000 0.051
463.000 0.052
464.000 0.053
465.000 0.052
466.000 0.051
467.000 0.052
468.000 0.052
469.000 0.053
470.000 0.053
471.000 0.052
472.000 0.052
473.000 0.053
474.000 0.053
475.000 0.054
476.000 0.053
477.000 0.053
478.000 0.054
479.000 0.054
480.000 0.054
481.000 0.053
482.000 0.053
483.000 0.053
484.000 0.054
485.000 0.054
486.000 0.054
487.000 0.055
488.000 0.055
489.000 0.055
490.000 0.056
491.000 0.056
492.000 0.057
493.000 0.057
494.000 0.058
495.000 0.058
496.000 0.059
497.000 0.060
498.000 0.061
499.000 0.062
500.000 0.063
501.000 0.065
502.000 0.066
503.000 0.067
504.000 0.069
505.000 0.072
506.000 0.073
507.000 0.075
508.000 0.077
509.000 0.080
510.000 0.083
511.000 0.085
512.000 0.089
513.000 0.092
514.000 0.095
515.000 0.098
516.000 0.103
517.000 0.107
518.000 0.111
519.000 0.115
520.000 0.119
521.000 0.124
522.000 0.128
523.000 0.132
524.000 0.136
525.000 0.141
526.000 0.145
527.000 0.148
528.000 0.152
529.000 0.156
530.000 0.160
531.000 0.162
532.000 0.165
533.000 0.167
534.000 0.170
535.000 0.173
536.000 0.174
537.000 0.175
538.000 0.177
539.000 0.179
540.000 0.180
541.000 0.181
542.000 0.182
543.000 0.183
544.000 0.184
545.000 0.185
546.000 0.186
547.000 0.186
548.000 0.188
549.000 0.189
550.000 0.189
551.000 0.189
552.000 0.190
553.000 0.190
554.000 0.190
555.000 0.190
556.000 0.190
557.000 0.190
558.000 0.189
559.000 0.188
560.000 0.187
561.000 0.186
562.000 0.184
563.000 0.183
564.000 0.182
565.000 0.180
566.000 0.178
567.000 0.176
568.000 0.174
569.000 0.172
570.000 0.170
571.000 0.167
572.000 0.165
573.000 0.164
574.000 0.162
575.000 0.160
576.000 0.159
577.000 0.157
578.000 0.155
579.000 0.155
580.000 0.153
581.000 0.152
582.000 0.151
583.000 0.149
584.000 0.148
585.000 0.147
586.000 0.146
587.000 0.145
588.000 0.144
589.000 0.144
590.000 0.143
591.000 0.142
592.000 0.142
593.000 0.141
594.000 0.141
595.000 0.141
596.000 0.140
597.000 0.139
598.000 0.139
599.000 0.138
600.000 0.138
601.000 0.138
602.000 0.137
603.000 0.136
604.000 0.136
605.000 0.135
606.000 0.135
607.000 0.134
608.000 0.133
609.000 0.132
610.000 0.131
611.000 0.130
612.000 0.130
613.000 0.129
614.000 0.128
615.000 0.126
616.000 0.126
617.000 0.125
618.000 0.124
619.000 0.124
620.000 0.123
621.000 0.123
622.000 0.122
623.000 0.122
624.000 0.121
625.000 0.121
626.000 0.121
627.000 0.121
628.000 0.121
629.000 0.121
630.000 0.121
631.000 0.121
632.000 0.121
633.000 0.120
634.000 0.120
635.000 0.119
636.000 0.118
637.000 0.117
638.000 0.116
639.000 0.114
640.000 0.112
641.000 0.112
642.000 0.109
643.000 0.108
644.000 0.106
645.000 0.104
646.000 0.102
647.000 0.102
648.000 0.101
649.000 0.099
650.000 0.098
651.000 0.098
652.000 0.097
653.000 0.097
654.000 0.096
655.000 0.095
656.000 0.095
657.000 0.094
658.000 0.094
659.000 0.093
660.000 0.092
661.000 0.090
662.000 0.090
663.000 0.089
664.000 0.087
665.000 0.087
666.000 0.086
667.000 0.085
668.000 0.085
669.000 0.085
670.000 0.084
671.000 0.084
672.000 0.084
673.000 0.084
674.000 0.085
675.000 0.085
676.000 0.086
677.000 0.087
678.000 0.088
679.000 0.089
680.000 0.091
681.000 0.092
682.000 0.094
683.000 0.096
684.000 0.098
685.000 0.102
686.000 0.106
687.000 0.110
688.000 0.116
689.000 0.122
690.000 0.127
691.000 0.133
692.000 0.140
693.000 0.149
694.000 0.159
695.000 0.168
696.000 0.178
697.000 0.189
698.000 0.200
699.000 0.212
700.000 0.224
701.000 0.237
702.000 0.249
703.000 0.261
704.000 0.273
705.000 0.285
706.000 0.295
707.000 0.306
708.000 0.318
709.000 0.330
710.000 0.341
711.000 0.352
712.000 0.363
713.000 0.374
714.000 0.385
715.000 0.397
716.000 0.408
717.000 0.421
718.000 0.434
719.000 0.447
720.000 0.458
721.000 0.467
722.000 0.476
723.000 0.485
724.000 0.495
725.000 0.505
726.000 0.515
727.000 0.524
728.000 0.532
729.000 0.539
730.000 0.547
731.000 0.554
732.000 0.561
733.000 0.566
734.000 0.571
735.000 0.577
736.000 0.582
737.000 0.587
738.000 0.592
739.000 0.596
740.000 0.600
741.000 0.604
742.000 0.607
743.000 0.610
744.000 0.614
745.000 0.616
746.000 0.619
747.000 0.621
748.000 0.624
749.000 0.626
750.000 0.628
751.000 0.630
752.000 0.631
753.000 0.633
754.000 0.634
755.000 0.636
756.000 0.637
757.000 0.639
758.000 0.640
759.000 0.642
760.000 0.644
761.000 0.648
762.000 0.650
763.000 0.650
764.000 0.650
765.000 0.649
766.000 0.648
767.000 0.647
768.000 0.648
769.000 0.648
770.000 0.648
771.000 0.648
772.000 0.649
773.000 0.649
774.000 0.649
775.000 0.651
776.000 0.650
777.000 0.651
778.000 0.652
779.000 0.652
780.000 0.652
781.000 0.653
782.000 0.653
783.000 0.654
784.000 0.654
785.000 0.655
786.000 0.655
787.000 0.655
788.000 0.656
789.000 0.657
790.000 0.657
791.000 0.657
792.000 0.658
793.000 0.659
794.000 0.659
795.000 0.659
796.000 0.660
797.000 0.661
798.000 0.660
799.000 0.661
800.000 0.661
801.000 0.662
802.000 0.662
803.000 0.662
804.000 0.663
805.000 0.664
806.000 0.664
807.000 0.664
808.000 0.665
809.000 0.665
810.000 0.666
811.000 0.666
812.000 0.666
813.000 0.667
814.000 0.667
815.000 0.668
816.000 0.668
817.000 0.668
818.000 0.669
819.000 0.669
820.000 0.669
821.000 0.670
822.000 0.669
823.000 0.670
824.000 0.670
825.000 0.670
826.000 0.671
827.000 0.671
828.000 0.670
829.000 0.671
830.000 0.671
831.000 0.671
832.000 0.671
833.000 0.671
834.000 0.671
835.000 0.671
836.000 0.671
837.000 0.671
838.000 0.671
839.000 0.672
840.000 0.672
841.000 0.671
842.000 0.672
843.000 0.672
844.000 0.672
845.000 0.672
846.000 0.673
847.000 0.672
848.000 0.672
849.000 0.673
850.000 0.673
851.000 0.673
852.000 0.673
853.000 0.674
854.000 0.674
855.000 0.674
856.000 0.674
857.000 0.674
858.000 0.674
859.000 0.675
860.000 0.675
861.000 0.675
862.000 0.676
863.000 0.675
864.000 0.675
865.000 0.676
866.000 0.676
867.000 0.676
868.000 0.676
869.000 0.677
870.000 0.677
871.000 0.677
872.000 0.677
873.000 0.677
874.000 0.677
875.000 0.677
876.000 0.678
877.000 0.678
878.000 0.678
879.000 0.678
880.000 0.679
881.000 0.679
882.000 0.679
883.000 0.679
884.000 0.679
885.000 0.679
886.000 0.680
887.000 0.680
888.000 0.680
889.000 0.679
890.000 0.680
891.000 0.681
892.000 0.681
893.000 0.681
894.000 0.681
895.000 0.681
896.000 0.682
897.000 0.681
898.000 0.681
899.000 0.669
900.000 0.669
901.000 0.670
902.000 0.671
903.000 0.671
904.000 0.683
905.000 0.683
906.000 0.670
907.000 0.671
908.000 0.671
909.000 0.671
910.000 0.670
911.000 0.670
912.000 0.670
913.000 0.670
914.000 0.670
915.000 0.671
916.000 0.671
917.000 0.670
918.000 0.669
919.000 0.669
920.000 0.671
921.000 0.671
922.000 0.683
923.000 0.681
924.000 0.680
925.000 0.680
926.000 0.668
927.000 0.668
928.000 0.667
929.000 0.664
930.000 0.663
931.000 0.663
932.000 0.659
933.000 0.660
934.000 0.658
935.000 0.652
936.000 0.650
937.000 0.650
938.000 0.650
939.000 0.651
940.000 0.650
941.000 0.648
942.000 0.645
943.000 0.646
944.000 0.645
945.000 0.641
946.000 0.640
947.000 0.641
948.000 0.638
949.000 0.648
950.000 0.645
951.000 0.644
952.000 0.640
953.000 0.640
954.000 0.641
955.000 0.639
956.000 0.633
957.000 0.632
958.000 0.632
959.000 0.631
960.000 0.627
961.000 0.626
962.000 0.627
963.000 0.625
964.000 0.625
965.000 0.625
966.000 0.624
967.000 0.624
968.000 0.624
969.000 0.623
970.000 0.622
971.000 0.623
972.000 0.625
973.000 0.625
974.000 0.622
975.000 0.620
976.000 0.620
977.000 0.624
978.000 0.625
979.000 0.623
980.000 0.621
981.000 0.623
982.000 0.625
983.000 0.625
984.000 0.626
985.000 0.627
986.000 0.626
987.000 0.624
988.000 0.627
989.000 0.626
990.000 0.627
991.000 0.627
992.000 0.627
993.000 0.627
994.000 0.629
995.000 0.632
996.000 0.633
997.000 0.631
998.000 0.632
999.000 0.635
1000.000 0.633
1001.000 0.635
1002.000 0.635
1003.000 0.635
1004.000 0.636
1005.000 0.637
1006.000 0.639
1007.000 0.642
1008.000 0.642
1009.000 0.644
1010.000 0.645
1011.000 0.646
1012.000 0.647
1013.000 0.649
1014.000 0.650
1015.000 0.651
1016.000 0.652
1017.000 0.653
1018.000 0.654
1019.000 0.655
1020.000 0.655
1021.000 0.656
1022.000 0.658
1023.000 0.659
1024.000 0.661
1025.000 0.662
1026.000 0.662
1027.000 0.664
1028.000 0.666
1029.000 0.667
1030.000 0.668
1031.000 0.669
1032.000 0.669
1033.000 0.669
1034.000 0.670
1035.000 0.671
1036.000 0.671
1037.000 0.673
1038.000 0.673
1039.000 0.675
1040.000 0.676
1041.000 0.678
1042.000 0.679
1043.000 0.679
1044.000 0.680
1045.000 0.681
1046.000 0.682
1047.000 0.683
1048.000 0.683
1049.000 0.684
1050.000 0.685
1051.000 0.686
1052.000 0.687
1053.000 0.688
1054.000 0.689
1055.000 0.690
1056.000 0.691
1057.000 0.691
1058.000 0.691
1059.000 0.691
1060.000 0.692
1061.000 0.692
1062.000 0.692
1063.000 0.692
1064.000 0.692
1065.000 0.692
1066.000 0.692
1067.000 0.692
1068.000 0.692
1069.000 0.693
1070.000 0.694
1071.000 0.694
1072.000 0.695
1073.000 0.694
1074.000 0.694
1075.000 0.694
1076.000 0.694
1077.000 0.693
1078.000 0.694
1079.000 0.694
1080.000 0.693
1081.000 0.693
1082.000 0.692
1083.000 0.693
1084.000 0.693
1085.000 0.692
1086.000 0.692
1087.000 0.692
1088.000 0.692
1089.000 0.692
1090.000 0.692
1091.000 0.692
1092.000 0.692
1093.000 0.692
1094.000 0.691
1095.000 0.691
1096.000 0.689
1097.000 0.689
1098.000 0.688
1099.000 0.687
1100.000 0.687
1101.000 0.688
1102.000 0.688
1103.000 0.689
1104.000 0.689
1105.000 0.688
1106.000 0.688
1107.000 0.675
1108.000 0.674
1109.000 0.673
1110.000 0.672
1111.000 0.671
1112.000 0.672
1113.000 0.672
1114.000 0.671
1115.000 0.672
1116.000 0.673
1117.000 0.674
1118.000 0.676
1119.000 0.677
1120.000 0.675
1121.000 0.661
1122.000 0.660
1123.000 0.659
1124.000 0.658
1125.000 0.655
1126.000 0.651
1127.000 0.648
1128.000 0.647
1129.000 0.643
1130.000 0.638
1131.000 0.650
1132.000 0.640
1133.000 0.634
1134.000 0.646
1135.000 0.643
1136.000 0.640
1137.000 0.636
1138.000 0.631
1139.000 0.624
1140.000 0.620
1141.000 0.618
1142.000 0.614
1143.000 0.608
1144.000 0.604
1145.000 0.600
1146.000 0.595
1147.000 0.590
1148.000 0.584
1149.000 0.578
1150.000 0.572
1151.000 0.569
1152.000 0.568
1153.000 0.566
1154.000 0.567
1155.000 0.566
1156.000 0.564
1157.000 0.563
1158.000 0.561
1159.000 0.561
1160.000 0.563
1161.000 0.563
1162.000 0.562
1163.000 0.561
1164.000 0.560
1165.000 0.559
1166.000 0.559
1167.000 0.559
1168.000 0.558
1169.000 0.557
1170.000 0.556
1171.000 0.555
1172.000 0.555
1173.000 0.555
1174.000 0.554
1175.000 0.553
1176.000 0.553
1177.000 0.551
1178.000 0.550
1179.000 0.550
1180.000 0.550
1181.000 0.550
1182.000 0.550
1183.000 0.550
1184.000 0.550
1185.000 0.551
1186.000 0.551
1187.000 0.551
1188.000 0.551
1189.000 0.551
1190.000 0.550
1191.000 0.549
1192.000 0.548
1193.000 0.548
1194.000 0.547
1195.000 0.547
1196.000 0.547
1197.000 0.547
1198.000 0.546
1199.000 0.546
1200.000 0.547
1201.000 0.547
1202.000 0.548
1203.000 0.548
1204.000 0.548
1205.000 0.549
1206.000 0.548
1207.000 0.548
1208.000 0.548
1209.000 0.548
1210.000 0.548
1211.000 0.549
1212.000 0.549
1213.000 0.549
1214.000 0.549
1215.000 0.549
1216.000 0.550
1217.000 0.550
1218.000 0.551
1219.000 0.552
1220.000 0.552
1221.000 0.552
1222.000 0.552
1223.000 0.553
1224.000 0.553
1225.000 0.553
1226.000 0.554
1227.000 0.555
1228.000 0.555
1229.000 0.555
1230.000 0.556
1231.000 0.557
1232.000 0.558
1233.000 0.558
1234.000 0.558
1235.000 0.559
1236.000 0.558
1237.000 0.559
1238.000 0.560
1239.000 0.560
1240.000 0.561
1241.000 0.562
1242.000 0.562
1243.000 0.563
1244.000 0.562
1245.000 0.563
1246.000 0.563
1247.000 0.564
1248.000 0.564
1249.000 0.565
1250.000 0.565
1251.000 0.565
1252.000 0.565
1253.000 0.566
1254.000 0.566
1255.000 0.567
1256.000 0.567
1257.000 0.568
1258.000 0.568
1259.000 0.568
1260.000 0.568
1261.000 0.569
1262.000 0.569
1263.000 0.569
1264.000 0.570
1265.000 0.570
1266.000 0.571
1267.000 0.570
1268.000 0.570
1269.000 0.570
1270.000 0.570
1271.000 0.570
1272.000 0.570
1273.000 0.570
1274.000 0.569
1275.000 0.569
1276.000 0.568
1277.000 0.568
1278.000 0.568
1279.000 0.568
1280.000 0.568
1281.000 0.568
1282.000 0.568
1283.000 0.567
1284.000 0.567
1285.000 0.566
1286.000 0.565
1287.000 0.564
1288.000 0.564
1289.000 0.562
1290.000 0.562
1291.000 0.561
1292.000 0.560
1293.000 0.559
1294.000 0.558
1295.000 0.557
1296.000 0.556
1297.000 0.555
1298.000 0.554
1299.000 0.553
1300.000 0.552
1301.000 0.550
1302.000 0.549
1303.000 0.546
1304.000 0.544
1305.000 0.541
1306.000 0.540
1307.000 0.538
1308.000 0.536
1309.000 0.536
1310.000 0.534
1311.000 0.534
1312.000 0.532
1313.000 0.529
1314.000 0.527
1315.000 0.525
1316.000 0.522
1317.000 0.519
1318.000 0.517
1319.000 0.514
1320.000 0.512
1321.000 0.510
1322.000 0.508
1323.000 0.505
1324.000 0.504
1325.000 0.501
1326.000 0.498
1327.000 0.494
1328.000 0.492
1329.000 0.489
1330.000 0.488
1331.000 0.486
1332.000 0.484
1333.000 0.481
1334.000 0.476
1335.000 0.473
1336.000 0.470
1337.000 0.467
1338.000 0.466
1339.000 0.465
1340.000 0.461
1341.000 0.460
1342.000 0.460
1343.000 0.458
1344.000 0.457
1345.000 0.455
1346.000 0.450
1347.000 0.446
1348.000 0.443
1349.000 0.446
1350.000 0.448
1351.000 0.464
1352.000 0.465
1353.000 0.442
1354.000 0.427
1355.000 0.392
1356.000 0.355
1357.000 0.436
1358.000 0.464
1359.000 0.423
1360.000 0.450
1361.000 0.330
1362.000 0.328
1363.000 0.358
1364.000 0.435
1365.000 0.447
1366.000 0.341
1367.000 0.412
1368.000 0.494
1369.000 0.439
1370.000 0.559
1371.000 0.426
1372.000 0.267
1373.000 0.267
1374.000 0.385
1375.000 0.366
1376.000 0.316
1377.000 0.237
1378.000 0.275
1379.000 0.332
1380.000 0.378
1381.000 0.404
1382.000 0.390
1383.000 0.354
1384.000 0.374
1385.000 0.380
1386.000 0.329
1387.000 0.358
1388.000 0.588
1389.000 0.246
1390.000 0.302
1391.000 0.453
1392.000 0.548
1393.000 0.611
1394.000 0.329
1395.000 0.438
1396.000 0.565
1397.000 0.554
1398.000 0.402
1399.000 0.462
1400.000 0.316
1401.000 0.270
1402.000 0.357
1403.000 0.313
1404.000 0.282
1405.000 0.351
1406.000 0.404
1407.000 0.380
1408.000 0.392
1409.000 0.337
1410.000 0.388
1411.000 0.408
1412.000 0.465
1413.000 0.358
1414.000 0.399
1415.000 0.332
1416.000 0.339
1417.000 0.383
1418.000 0.349
1419.000 0.326
1420.000 0.290
1421.000 0.223
1422.000 0.280
1423.000 0.289
1424.000 0.298
1425.000 0.207
1426.000 0.182
1427.000 0.254
1428.000 0.219
1429.000 0.215
1430.000 0.254
1431.000 0.282
1432.000 0.311
1433.000 0.353
1434.000 0.383
1435.000 0.205
1436.000 0.177
1437.000 0.171
1438.000 0.169
1439.000 0.207
1440.000 0.218
1441.000 0.173
1442.000 0.152
1443.000 0.118
1444.000 0.113
1445.000 0.138
1446.000 0.146
1447.000 0.166
1448.000 0.174
1449.000 0.162
1450.000 0.154
1451.000 0.151
1452.000 0.149
1453.000 0.150
1454.000 0.163
1455.000 0.156
1456.000 0.143
1457.000 0.143
1458.000 0.138
1459.000 0.140
1460.000 0.150
1461.000 0.152
1462.000 0.150
1463.000 0.150
1464.000 0.148
1465.000 0.151
1466.000 0.157
1467.000 0.160
1468.000 0.168
1469.000 0.168
1470.000 0.155
1471.000 0.156
1472.000 0.161
1473.000 0.165
1474.000 0.182
1475.000 0.182
1476.000 0.171
1477.000 0.168
1478.000 0.162
1479.000 0.159
1480.000 0.159
1481.000 0.157
1482.000 0.153
1483.000 0.151
1484.000 0.149
1485.000 0.150
1486.000 0.157
1487.000 0.159
1488.000 0.163
1489.000 0.164
1490.000 0.160
1491.000 0.159
1492.000 0.159
1493.000 0.158
1494.000 0.160
1495.000 0.161
1496.000 0.162
1497.000 0.164
1498.000 0.164
1499.000 0.164
1500.000 0.165
1501.000 0.164
1502.000 0.166
1503.000 0.169
1504.000 0.170
1505.000 0.172
1506.000 0.174
1507.000 0.177
1508.000 0.178
1509.000 0.180
1510.000 0.181
1511.000 0.180
1512.000 0.182
1513.000 0.183
1514.000 0.185
1515.000 0.188
1516.000 0.189
1517.000 0.189
1518.000 0.191
1519.000 0.192
1520.000 0.194
1521.000 0.196
1522.000 0.197
1523.000 0.198
1524.000 0.200
1525.000 0.202
1526.000 0.204
1527.000 0.205
1528.000 0.206
1529.000 0.208
1530.000 0.209
1531.000 0.210
1532.000 0.212
1533.000 0.212
1534.000 0.214
1535.000 0.215
1536.000 0.216
1537.000 0.218
1538.000 0.219
1539.000 0.219
1540.000 0.221
1541.000 0.221
1542.000 0.223
1543.000 0.225
1544.000 0.227
1545.000 0.231
1546.000 0.233
1547.000 0.235
1548.000 0.237
1549.000 0.237
1550.000 0.238
1551.000 0.238
1552.000 0.238
1553.000 0.239
1554.000 0.240
1555.000 0.243
1556.000 0.245
1557.000 0.247
1558.000 0.248
1559.000 0.249
1560.000 0.250
1561.000 0.252
1562.000 0.253
1563.000 0.254
1564.000 0.255
1565.000 0.257
1566.000 0.259
1567.000 0.261
1568.000 0.262
1569.000 0.262
1570.000 0.262
1571.000 0.264
1572.000 0.265
1573.000 0.267
1574.000 0.268
1575.000 0.270
1576.000 0.271
1577.000 0.271
1578.000 0.273
1579.000 0.275
1580.000 0.276
1581.000 0.277
1582.000 0.278
1583.000 0.277
1584.000 0.278
1585.000 0.279
1586.000 0.280
1587.000 0.282
1588.000 0.282
1589.000 0.282
1590.000 0.283
1591.000 0.283
1592.000 0.283
1593.000 0.283
1594.000 0.284
1595.000 0.285
1596.000 0.286
1597.000 0.288
1598.000 0.289
1599.000 0.290
1600.000 0.291
1601.000 0.292
1602.000 0.293
1603.000 0.295
1604.000 0.296
1605.000 0.297
1606.000 0.298
1607.000 0.298
1608.000 0.299
1609.000 0.299
1610.000 0.300
1611.000 0.301
1612.000 0.302
1613.000 0.302
1614.000 0.303
1615.000 0.303
1616.000 0.304
1617.000 0.304
1618.000 0.305
1619.000 0.307
1620.000 0.309
1621.000 0.312
1622.000 0.313
1623.000 0.312
1624.000 0.311
1625.000 0.310
1626.000 0.310
1627.000 0.312
1628.000 0.313
1629.000 0.315
1630.000 0.316
1631.000 0.316
1632.000 0.317
1633.000 0.317
1634.000 0.318
1635.000 0.319
1636.000 0.320
1637.000 0.319
1638.000 0.319
1639.000 0.319
1640.000 0.319
1641.000 0.321
1642.000 0.322
1643.000 0.321
1644.000 0.323
1645.000 0.325
1646.000 0.325
1647.000 0.326
1648.000 0.327
1649.000 0.326
1650.000 0.326
1651.000 0.326
1652.000 0.327
1653.000 0.328
1654.000 0.328
1655.000 0.327
1656.000 0.327
1657.000 0.328
1658.000 0.328
1659.000 0.330
1660.000 0.331
1661.000 0.330
1662.000 0.329
1663.000 0.328
1664.000 0.328
1665.000 0.329
1666.000 0.329
1667.000 0.327
1668.000 0.327
1669.000 0.326
1670.000 0.325
1671.000 0.328
1672.000 0.329
1673.000 0.330
1674.000 0.331
1675.000 0.331
1676.000 0.332
1677.000 0.332
1678.000 0.332
1679.000 0.333
1680.000 0.333
1681.000 0.334
1682.000 0.334
1683.000 0.335
1684.000 0.334
1685.000 0.334
1686.000 0.334
1687.000 0.333
1688.000 0.334
1689.000 0.335
1690.000 0.335
1691.000 0.334
1692.000 0.334
1693.000 0.332
1694.000 0.331
1695.000 0.330
1696.000 0.330
1697.000 0.332
1698.000 0.332
1699.000 0.333
1700.000 0.333
1701.000 0.332
1702.000 0.331
1703.000 0.331
1704.000 0.329
1705.000 0.327
1706.000 0.326
1707.000 0.326
1708.000 0.325
1709.000 0.324
1710.000 0.324
1711.000 0.324
1712.000 0.324
1713.000 0.324
1714.000 0.323
1715.000 0.323
1716.000 0.323
1717.000 0.324
1718.000 0.324
1719.000 0.324
1720.000 0.323
1721.000 0.321
1722.000 0.319
1723.000 0.317
1724.000 0.317
1725.000 0.316
1726.000 0.316
1727.000 0.315
1728.000 0.313
1729.000 0.311
1730.000 0.309
1731.000 0.309
1732.000 0.310
1733.000 0.311
1734.000 0.311
1735.000 0.310
1736.000 0.308
1737.000 0.307
1738.000 0.309
1739.000 0.309
1740.000 0.309
1741.000 0.309
1742.000 0.308
1743.000 0.308
1744.000 0.309
1745.000 0.307
1746.000 0.305
1747.000 0.304
1748.000 0.300
1749.000 0.299
1750.000 0.302
1751.000 0.301
1752.000 0.299
1753.000 0.299
1754.000 0.296
1755.000 0.295
1756.000 0.296
1757.000 0.296
1758.000 0.295
1759.000 0.295
1760.000 0.291
1761.000 0.286
1762.000 0.283
1763.000 0.282
1764.000 0.282
1765.000 0.283
1766.000 0.284
1767.000 0.285
1768.000 0.284
1769.000 0.281
1770.000 0.281
1771.000 0.280
1772.000 0.276
1773.000 0.279
1774.000 0.276
1775.000 0.275
1776.000 0.279
1777.000 0.277
1778.000 0.276
1779.000 0.279
1780.000 0.279
1781.000 0.277
1782.000 0.275
1783.000 0.271
1784.000 0.268
1785.000 0.271
1786.000 0.268
1787.000 0.259
1788.000 0.261
1789.000 0.272
1790.000 0.279
1791.000 0.302
1792.000 0.309
1793.000 0.298
1794.000 0.284
1795.000 0.290
1796.000 0.292
1797.000 0.281
1798.000 0.309
1799.000 0.260
1800.000 0.285
1801.000 0.508
1802.000 0.501
1803.000 0.559
1804.000 0.500
1805.000 0.531
1806.000 0.475
1807.000 0.450
1808.000 0.383
1809.000 0.332
1810.000 0.418
1811.000 0.356
1812.000 0.513
1813.000 0.646
1814.000 0.532
1815.000 0.436
1816.000 0.431
1817.000 0.607
1818.000 0.543
1819.000 0.433
1820.000 0.434
1821.000 0.417
1822.000 0.480
1823.000 0.454
1824.000 0.442
1825.000 0.419
1826.000 0.315
1827.000 0.425
1828.000 0.456
1829.000 0.428
1830.000 0.403
1831.000 0.434
1832.000 0.410
1833.000 0.368
1834.000 0.386
1835.000 0.442
1836.000 0.352
1837.000 0.639
1838.000 0.659
1839.000 0.692
1840.000 0.725
1841.000 0.779
1842.000 0.750
1843.000 0.572
1844.000 0.446
1845.000 0.496
1846.000 0.418
1847.000 0.513
1848.000 0.630
1849.000 0.424
1850.000 0.340
1851.000 0.288
1852.000 0.394
1853.000 0.527
1854.000 0.419
1855.000 0.496
1856.000 0.710
1857.000 0.740
1858.000 0.661
1859.000 0.504
1860.000 0.501
1861.000 0.602
1862.000 0.625
1863.000 0.604
1864.000 0.589
1865.000 0.570
1866.000 0.480
1867.000 0.454
1868.000 0.457
1869.000 0.466
1870.000 0.633
1871.000 0.686
1872.000 0.624
1873.000 0.546
1874.000 0.718
1875.000 0.588
1876.000 0.526
1877.000 0.315
1878.000 0.710
1879.000 0.664
1880.000 0.734
1881.000 0.569
1882.000 0.423
1883.000 0.445
1884.000 0.390
1885.000 0.558
1886.000 0.686
1887.000 0.685
1888.000 0.628
1889.000 0.565
1890.000 0.510
1891.000 0.493
1892.000 0.453
1893.000 0.367
1894.000 0.445
1895.000 0.287
1896.000 0.267
1897.000 0.465
1898.000 0.494
1899.000 0.474
1900.000 0.496
1901.000 0.466
1902.000 0.416
1903.000 0.558
1904.000 0.558
1905.000 0.482
1906.000 0.379
1907.000 0.327
1908.000 0.431
1909.000 0.473
1910.000 0.558
1911.000 0.393
1912.000 0.427
1913.000 0.493
1914.000 0.466
1915.000 0.403
1916.000 0.450
1917.000 0.429
1918.000 0.447
1919.000 0.518
1920.000 0.606
1921.000 0.472
1922.000 0.382
1923.000 0.301
1924.000 0.385
1925.000 0.413
1926.000 0.483
1927.000 0.498
1928.000 0.398
1929.000 0.420
1930.000 0.427
1931.000 0.425
1932.000 0.467
1933.000 0.475
1934.000 0.486
1935.000 0.565
1936.000 0.371
1937.000 0.371
1938.000 0.205
1939.000 0.389
1940.000 0.354
1941.000 0.376
1942.000 0.344
1943.000 0.454
1944.000 0.521
1945.000 0.457
1946.000 0.464
1947.000 0.498
1948.000 0.516
1949.000 0.428
1950.000 0.467
1951.000 0.470
1952.000 0.514
1953.000 0.217
1954.000 0.173
1955.000 0.200
1956.000 0.256
1957.000 0.228
1958.000 0.244
1959.000 0.228
1960.000 0.484
1961.000 0.543
1962.000 0.375
1963.000 0.308
1964.000 0.261
1965.000 0.255
1966.000 0.274
1967.000 0.204
1968.000 0.188
1969.000 0.147
1970.000 0.143
1971.000 0.156
1972.000 0.178
1973.000 0.181
1974.000 0.143
1975.000 0.139
1976.000 0.141
1977.000 0.132
1978.000 0.128
1979.000 0.151
1980.000 0.145
1981.000 0.145
1982.000 0.146
1983.000 0.145
1984.000 0.136
1985.000 0.096
1986.000 0.093
1987.000 0.092
1988.000 0.094
1989.000 0.117
1990.000 0.118
1991.000 0.113
1992.000 0.107
1993.000 0.086
1994.000 0.082
1995.000 0.094
1996.000 0.093
1997.000 0.079
1998.000 0.119
1999.000 0.149
2000.000 0.267
2001.000 0.332
2002.000 0.305
2003.000 0.324
2004.000 0.272
2005.000 0.179
2006.000 0.210
2007.000 0.207
2008.000 0.272
2009.000 0.287
2010.000 0.265
2011.000 0.208
2012.000 0.249
2013.000 0.233
2014.000 0.215
2015.000 0.264
2016.000 0.236
2017.000 0.185
2018.000 0.165
2019.000 0.139
2020.000 0.126
2021.000 0.113
2022.000 0.111
2023.000 0.102
2024.000 0.095
2025.000 0.087
2026.000 0.087
2027.000 0.085
2028.000 0.094
2029.000 0.092
2030.000 0.123
2031.000 0.128
2032.000 0.123
2033.000 0.119
2034.000 0.104
2035.000 0.092
2036.000 0.099
2037.000 0.106
2038.000 0.113
2039.000 0.122
2040.000 0.121
2041.000 0.117
2042.000 0.114
2043.000 0.110
2044.000 0.107
2045.000 0.105
2046.000 0.101
2047.000 0.102
2048.000 0.105
2049.000 0.111
2050.000 0.121
2051.000 0.115
2052.000 0.130
2053.000 0.124
2054.000 0.108
2055.000 0.109
2056.000 0.108
2057.000 0.116
2058.000 0.121
2059.000 0.124
2060.000 0.117
2061.000 0.116
2062.000 0.111
2063.000 0.110
2064.000 0.111
2065.000 0.111
2066.000 0.110
2067.000 0.120
2068.000 0.132
2069.000 0.141
2070.000 0.146
2071.000 0.144
2072.000 0.144
2073.000 0.132
2074.000 0.135
2075.000 0.151
2076.000 0.151
2077.000 0.145
2078.000 0.143
2079.000 0.135
2080.000 0.132
2081.000 0.133
2082.000 0.136
2083.000 0.136
2084.000 0.134
2085.000 0.136
2086.000 0.145
2087.000 0.147
2088.000 0.150
2089.000 0.148
2090.000 0.140
2091.000 0.134
2092.000 0.122
2093.000 0.121
2094.000 0.123
2095.000 0.125
2096.000 0.139
2097.000 0.143
2098.000 0.144
2099.000 0.144
2100.000 0.142
2101.000 0.141
2102.000 0.144
2103.000 0.144
2104.000 0.140
2105.000 0.133
2106.000 0.130
2107.000 0.127
2108.000 0.127
2109.000 0.128
2110.000 0.128
2111.000 0.128
2112.000 0.129
2113.000 0.133
2114.000 0.136
2115.000 0.144
2116.000 0.146
2117.000 0.144
2118.000 0.139
2119.000 0.139
2120.000 0.136
2121.000 0.137
2122.000 0.144
2123.000 0.147
2124.000 0.146
2125.000 0.149
2126.000 0.151
2127.000 0.153
2128.000 0.161
2129.000 0.165
2130.000 0.169
2131.000 0.170
2132.000 0.166
2133.000 0.165
2134.000 0.163
2135.000 0.161
2136.000 0.158
2137.000 0.158
2138.000 0.162
2139.000 0.162
2140.000 0.165
2141.000 0.170
2142.000 0.171
2143.000 0.169
2144.000 0.172
2145.000 0.173
2146.000 0.175
2147.000 0.179
2148.000 0.177
2149.000 0.172
2150.000 0.170
2151.000 0.164
2152.000 0.162
2153.000 0.168
2154.000 0.169
2155.000 0.166
2156.000 0.170
2157.000 0.173
2158.000 0.169
2159.000 0.171
2160.000 0.174
2161.000 0.170
2162.000 0.161
2163.000 0.156
2164.000 0.147
2165.000 0.145
2166.000 0.148
2167.000 0.150
2168.000 0.155
2169.000 0.156
2170.000 0.158
2171.000 0.160
2172.000 0.161
2173.000 0.163
2174.000 0.169
2175.000 0.173
2176.000 0.177
2177.000 0.186
2178.000 0.189
2179.000 0.192
2180.000 0.194
2181.000 0.188
2182.000 0.179
2183.000 0.173
2184.000 0.169
2185.000 0.163
2186.000 0.162
2187.000 0.166
2188.000 0.167
2189.000 0.168
2190.000 0.168
2191.000 0.166
2192.000 0.166
2193.000 0.168
2194.000 0.170
2195.000 0.174
2196.000 0.176
2197.000 0.179
2198.000 0.178
2199.000 0.172
2200.000 0.171
2201.000 0.170
2202.000 0.169
2203.000 0.174
2204.000 0.183
2205.000 0.186
2206.000 0.184
2207.000 0.178
2208.000 0.172
2209.000 0.170
2210.000 0.169
2211.000 0.171
2212.000 0.180
2213.000 0.182
2214.000 0.184
2215.000 0.184
2216.000 0.180
2217.000 0.178
2218.000 0.172
2219.000 0.169
2220.000 0.167
2221.000 0.165
2222.000 0.164
2223.000 0.166
2224.000 0.168
2225.000 0.172
2226.000 0.178
2227.000 0.186
2228.000 0.188
2229.000 0.189
2230.000 0.186
2231.000 0.185
2232.000 0.190
2233.000 0.191
2234.000 0.187
2235.000 0.181
2236.000 0.174
2237.000 0.171
2238.000 0.172
2239.000 0.185
2240.000 0.185
2241.000 0.181
2242.000 0.179
2243.000 0.172
2244.000 0.172
2245.000 0.178
2246.000 0.178
2247.000 0.178
2248.000 0.177
2249.000 0.174
2250.000 0.172
2251.000 0.171
2252.000 0.170
2253.000 0.167
2254.000 0.164
2255.000 0.158
2256.000 0.157
2257.000 0.154
2258.000 0.159
2259.000 0.163
2260.000 0.171
2261.000 0.171
2262.000 0.170
2263.000 0.168
2264.000 0.171
2265.000 0.171
2266.000 0.169
2267.000 0.169
2268.000 0.172
2269.000 0.166
2270.000 0.165
2271.000 0.169
2272.000 0.163
2273.000 0.164
2274.000 0.166
2275.000 0.165
2276.000 0.165
2277.000 0.167
2278.000 0.170
2279.000 0.173
2280.000 0.184
2281.000 0.186
2282.000 0.195
2283.000 0.186
2284.000 0.165
2285.000 0.159
2286.000 0.149
2287.000 0.142
2288.000 0.143
2289.000 0.143
2290.000 0.130
2291.000 0.132
2292.000 0.144
2293.000 0.154
2294.000 0.182
2295.000 0.185
2296.000 0.169
2297.000 0.147
2298.000 0.135
2299.000 0.123
2300.000 0.123
2301.000 0.139
2302.000 0.142
2303.000 0.152
2304.000 0.154
2305.000 0.137
2306.000 0.142
2307.000 0.148
2308.000 0.153
2309.000 0.168
2310.000 0.168
2311.000 0.163
2312.000 0.166
2313.000 0.153
2314.000 0.146
2315.000 0.137
2316.000 0.128
2317.000 0.134
2318.000 0.140
2319.000 0.177
2320.000 0.171
2321.000 0.134
2322.000 0.136
2323.000 0.123
2324.000 0.127
2325.000 0.148
2326.000 0.156
2327.000 0.166
2328.000 0.162
2329.000 0.170
2330.000 0.151
2331.000 0.119
2332.000 0.113
2333.000 0.103
2334.000 0.102
2335.000 0.115
2336.000 0.145
2337.000 0.171
2338.000 0.199
2339.000 0.209
2340.000 0.220
2341.000 0.206
2342.000 0.185
2343.000 0.161
2344.000 0.147
2345.000 0.126
2346.000 0.126
2347.000 0.157
2348.000 0.188
2349.000 0.263
2350.000 0.255
2351.000 0.164
2352.000 0.145
2353.000 0.140
2354.000 0.131
2355.000 0.173
2356.000 0.151
2357.000 0.168
2358.000 0.175
2359.000 0.140
2360.000 0.151
2361.000 0.176
2362.000 0.130
2363.000 0.154
2364.000 0.157
2365.000 0.162
2366.000 0.182
2367.000 0.196
2368.000 0.235
2369.000 0.223
2370.000 0.185
2371.000 0.109
2372.000 0.121
2373.000 0.112
2374.000 0.139
2375.000 0.149
2376.000 0.341
2377.000 0.215
2378.000 0.153
2379.000 0.198
2380.000 0.155
2381.000 0.117
2382.000 0.155
2383.000 0.122
2384.000 0.155
2385.000 0.106
2386.000 0.156
2387.000 0.221
2388.000 0.293
2389.000 0.186
2390.000 0.436
2391.000 0.313
2392.000 0.264
2393.000 0.241
2394.000 0.231
2395.000 0.256
2396.000 0.202
2397.000 0.205
2398.000 0.168
2399.000 0.118
2400.000 0.370
2401.000 0.161
2402.000 0.487
2403.000 0.437
2404.000 0.443
2405.000 0.398
2406.000 0.381
2407.000 0.410
2408.000 0.322
2409.000 0.209
2410.000 0.146
2411.000 0.156
2412.000 0.277
2413.000 0.380
2414.000 0.401
2415.000 0.352
2416.000 0.225
2417.000 0.206
2418.000 0.244
2419.000 0.240
2420.000 0.445
2421.000 0.214
2422.000 0.311
2423.000 0.398
2424.000 0.239
2425.000 0.238
2426.000 0.530
2427.000 0.393
2428.000 0.326
2429.000 0.273
2430.000 0.228
2431.000 0.248
2432.000 0.281
2433.000 0.383
2434.000 0.332
2435.000 0.336
2436.000 0.388
2437.000 0.363
2438.000 0.328
2439.000 0.299
2440.000 0.294
2441.000 0.286
2442.000 0.237
2443.000 0.147
2444.000 0.223
2445.000 0.328
2446.000 0.196
2447.000 0.272
2448.000 0.260
2449.000 0.248
2450.000 0.345
2451.000 0.365
2452.000 0.175
2453.000 0.252
2454.000 0.232
2455.000 0.197
2456.000 0.132
2457.000 0.216
2458.000 0.267
2459.000 0.333
2460.000 0.349
2461.000 0.480
2462.000 0.529
2463.000 0.433
2464.000 0.301
2465.000 0.305
2466.000 0.379
2467.000 0.370
2468.000 0.440
2469.000 0.492
2470.000 0.545
2471.000 0.452
2472.000 0.330
2473.000 0.663
2474.000 0.327
2475.000 0.267
2476.000 0.274
2477.000 0.291
2478.000 0.436
2479.000 0.777
2480.000 0.285
2481.000 0.338
2482.000 0.543
2483.000 0.470
2484.000 0.379
2485.000 0.439
2486.000 0.370
2487.000 0.327
2488.000 0.418
2489.000 0.426
2490.000 0.385
2491.000 0.482
2492.000 0.375
2493.000 0.421
2494.000 0.313
2495.000 0.238
2496.000 0.295
2497.000 0.299
2498.000 0.473
2499.000 0.387
2500.000 0.376
