391.000 0.012
392.000 0.015
393.000 0.026
394.000 0.023
395.000 0.015
396.000 0.020
397.000 0.033
398.000 0.033
399.000 0.024
400.000 0.019
401.000 0.023
402.000 0.029
403.000 0.026
404.000 0.018
405.000 0.019
406.000 0.018
407.000 0.018
408.000 0.021
409.000 0.024
410.000 0.026
411.000 0.025
412.000 0.025
413.000 0.021
414.000 0.022
415.000 0.025
416.000 0.024
417.000 0.025
418.000 0.026
419.000 0.028
420.000 0.024
421.000 0.023
422.000 0.024
423.000 0.024
424.000 0.021
425.000 0.022
426.000 0.023
427.000 0.023
428.000 0.025
429.000 0.025
430.000 0.024
431.000 0.027
432.000 0.025
433.000 0.022
434.000 0.022
435.000 0.026
436.000 0.026
437.000 0.022
438.000 0.022
439.000 0.022
440.000 0.024
441.000 0.026
442.000 0.027
443.000 0.027
444.000 0.026
445.000 0.026
446.000 0.023
447.000 0.023
448.000 0.024
449.000 0.027
450.000 0.028
451.000 0.028
452.000 0.027
453.000 0.026
454.000 0.023
455.000 0.022
456.000 0.026
457.000 0.027
458.000 0.027
459.000 0.024
460.000 0.021
461.000 0.022
462.000 0.025
463.000 0.027
464.000 0.026
465.000 0.022
466.000 0.021
467.000 0.026
468.000 0.026
469.000 0.025
470.000 0.025
471.000 0.024
472.000 0.023
473.000 0.024
474.000 0.027
475.000 0.027
476.000 0.026
477.000 0.024
478.000 0.021
479.000 0.020
480.000 0.022
481.000 0.026
482.000 0.027
483.000 0.028
484.000 0.029
485.000 0.026
486.000 0.026
487.000 0.026
488.000 0.027
489.000 0.026
490.000 0.025
491.000 0.024
492.000 0.025
493.000 0.028
494.000 0.028
495.000 0.028
496.000 0.029
497.000 0.029
498.000 0.030
499.000 0.030
500.000 0.027
501.000 0.026
502.000 0.026
503.000 0.026
504.000 0.024
505.000 0.024
506.000 0.027
507.000 0.033
508.000 0.030
509.000 0.029
510.000 0.029
511.000 0.028
512.000 0.029
513.000 0.030
514.000 0.029
515.000 0.030
516.000 0.032
517.000 0.033
518.000 0.034
519.000 0.036
520.000 0.036
521.000 0.035
522.000 0.035
523.000 0.035
524.000 0.035
525.000 0.035
526.000 0.036
527.000 0.038
528.000 0.040
529.000 0.041
530.000 0.039
531.000 0.038
532.000 0.041
533.000 0.042
534.000 0.042
535.000 0.042
536.000 0.042
537.000 0.042
538.000 0.043
539.000 0.044
540.000 0.045
541.000 0.044
542.000 0.045
543.000 0.047
544.000 0.046
545.000 0.044
546.000 0.043
547.000 0.043
548.000 0.045
549.000 0.045
550.000 0.044
551.000 0.043
552.000 0.044
553.000 0.045
554.000 0.044
555.000 0.045
556.000 0.046
557.000 0.046
558.000 0.045
559.000 0.043
560.000 0.043
561.000 0.044
562.000 0.045
563.000 0.044
564.000 0.042
565.000 0.042
566.000 0.043
567.000 0.042
568.000 0.041
569.000 0.041
570.000 0.041
571.000 0.041
572.000 0.041
573.000 0.041
574.000 0.039
575.000 0.037
576.000 0.037
577.000 0.038
578.000 0.037
579.000 0.035
580.000 0.038
581.000 0.038
582.000 0.037
583.000 0.038
584.000 0.036
585.000 0.037
586.000 0.038
587.000 0.039
588.000 0.037
589.000 0.037
590.000 0.037
591.000 0.036
592.000 0.036
593.000 0.036
594.000 0.035
595.000 0.037
596.000 0.038
597.000 0.039
598.000 0.037
599.000 0.036
600.000 0.035
601.000 0.034
602.000 0.033
603.000 0.034
604.000 0.035
605.000 0.035
606.000 0.035
607.000 0.035
608.000 0.035
609.000 0.039
610.000 0.040
611.000 0.038
612.000 0.038
613.000 0.036
614.000 0.034
615.000 0.035
616.000 0.034
617.000 0.034
618.000 0.035
619.000 0.037
620.000 0.038
621.000 0.036
622.000 0.033
623.000 0.037
624.000 0.037
625.000 0.036
626.000 0.037
627.000 0.039
628.000 0.037
629.000 0.036
630.000 0.035
631.000 0.034
632.000 0.035
633.000 0.037
634.000 0.036
635.000 0.036
636.000 0.036
637.000 0.038
638.000 0.035
639.000 0.033
640.000 0.035
641.000 0.038
642.000 0.036
643.000 0.036
644.000 0.036
645.000 0.038
646.000 0.037
647.000 0.037
648.000 0.038
649.000 0.037
650.000 0.038
651.000 0.039
652.000 0.038
653.000 0.036
654.000 0.038
655.000 0.041
656.000 0.038
657.000 0.038
658.000 0.039
659.000 0.042
660.000 0.043
661.000 0.041
662.000 0.037
663.000 0.039
664.000 0.039
665.000 0.037
666.000 0.039
667.000 0.041
668.000 0.042
669.000 0.041
670.000 0.039
671.000 0.041
672.000 0.040
673.000 0.036
674.000 0.037
675.000 0.041
676.000 0.043
677.000 0.039
678.000 0.041
679.000 0.041
680.000 0.039
681.000 0.039
682.000 0.040
683.000 0.042
684.000 0.044
685.000 0.044
686.000 0.041
687.000 0.040
688.000 0.042
689.000 0.044
690.000 0.046
691.000 0.048
692.000 0.044
693.000 0.046
694.000 0.047
695.000 0.047
696.000 0.052
697.000 0.057
698.000 0.058
699.000 0.057
700.000 0.058
701.000 0.062
702.000 0.065
703.000 0.068
704.000 0.071
705.000 0.073
706.000 0.076
707.000 0.080
708.000 0.082
709.000 0.084
710.000 0.087
711.000 0.090
712.000 0.094
713.000 0.099
714.000 0.102
715.000 0.105
716.000 0.107
717.000 0.109
718.000 0.113
719.000 0.117
720.000 0.121
721.000 0.125
722.000 0.128
723.000 0.132
724.000 0.134
725.000 0.138
726.000 0.142
727.000 0.144
728.000 0.147
729.000 0.151
730.000 0.156
731.000 0.155
732.000 0.158
733.000 0.161
734.000 0.163
735.000 0.166
736.000 0.169
737.000 0.172
738.000 0.174
739.000 0.177
740.000 0.180
741.000 0.182
742.000 0.185
743.000 0.186
744.000 0.188
745.000 0.190
746.000 0.192
747.000 0.193
748.000 0.195
749.000 0.196
750.000 0.193
751.000 0.194
752.000 0.195
753.000 0.196
754.000 0.197
755.000 0.198
756.000 0.199
757.000 0.199
758.000 0.200
759.000 0.199
760.000 0.198
761.000 0.197
762.000 0.196
763.000 0.197
764.000 0.198
765.000 0.200
766.000 0.201
767.000 0.204
768.000 0.205
769.000 0.206
770.000 0.207
771.000 0.207
772.000 0.208
773.000 0.208
774.000 0.209
775.000 0.209
776.000 0.210
777.000 0.210
778.000 0.210
779.000 0.211
780.000 0.211
781.000 0.211
782.000 0.211
783.000 0.212
784.000 0.212
785.000 0.213
786.000 0.213
787.000 0.213
788.000 0.213
789.000 0.213
790.000 0.213
791.000 0.213
792.000 0.213
793.000 0.214
794.000 0.215
795.000 0.215
796.000 0.215
797.000 0.216
798.000 0.216
799.000 0.216
800.000 0.216
801.000 0.217
802.000 0.217
803.000 0.217
804.000 0.218
805.000 0.219
806.000 0.219
807.000 0.219
808.000 0.219
809.000 0.219
810.000 0.219
811.000 0.219
812.000 0.219
813.000 0.217
814.000 0.217
815.000 0.217
816.000 0.217
817.000 0.216
818.000 0.217
819.000 0.218
820.000 0.219
821.000 0.219
822.000 0.220
823.000 0.220
824.000 0.221
825.000 0.222
826.000 0.222
827.000 0.223
828.000 0.223
829.000 0.223
830.000 0.222
831.000 0.223
832.000 0.224
833.000 0.225
834.000 0.225
835.000 0.226
836.000 0.227
837.000 0.227
838.000 0.228
839.000 0.228
840.000 0.229
841.000 0.229
842.000 0.230
843.000 0.229
844.000 0.231
845.000 0.231
846.000 0.232
847.000 0.232
848.000 0.232
849.000 0.232
850.000 0.232
851.000 0.232
852.000 0.232
853.000 0.233
854.000 0.234
855.000 0.234
856.000 0.234
857.000 0.234
858.000 0.235
859.000 0.235
860.000 0.236
861.000 0.236
862.000 0.236
863.000 0.236
864.000 0.237
865.000 0.237
866.000 0.237
867.000 0.237
868.000 0.238
869.000 0.238
870.000 0.238
871.000 0.239
872.000 0.239
873.000 0.240
874.000 0.240
875.000 0.240
876.000 0.239
877.000 0.239
878.000 0.240
879.000 0.240
880.000 0.240
881.000 0.242
882.000 0.241
883.000 0.241
884.000 0.242
885.000 0.242
886.000 0.242
887.000 0.241
888.000 0.242
889.000 0.243
890.000 0.243
891.000 0.243
892.000 0.242
893.000 0.242
894.000 0.241
895.000 0.240
896.000 0.239
897.000 0.239
898.000 0.237
899.000 0.237
900.000 0.240
901.000 0.241
902.000 0.239
903.000 0.239
904.000 0.240
905.000 0.241
906.000 0.240
907.000 0.240
908.000 0.239
909.000 0.239
910.000 0.238
911.000 0.238
912.000 0.239
913.000 0.239
914.000 0.240
915.000 0.240
916.000 0.239
917.000 0.240
918.000 0.241
919.000 0.241
920.000 0.239
921.000 0.242
922.000 0.243
923.000 0.242
924.000 0.244
925.000 0.242
926.000 0.242
927.000 0.241
928.000 0.238
929.000 0.236
930.000 0.217
931.000 0.213
932.000 0.208
933.000 0.207
934.000 0.206
935.000 0.203
936.000 0.203
937.000 0.200
938.000 0.202
939.000 0.209
940.000 0.211
941.000 0.206
942.000 0.205
943.000 0.209
944.000 0.210
945.000 0.210
946.000 0.208
947.000 0.206
948.000 0.206
949.000 0.202
950.000 0.202
951.000 0.207
952.000 0.208
953.000 0.203
954.000 0.204
955.000 0.216
956.000 0.220
957.000 0.214
958.000 0.210
959.000 0.211
960.000 0.211
961.000 0.223
962.000 0.230
963.000 0.234
964.000 0.230
965.000 0.234
966.000 0.235
967.000 0.234
968.000 0.244
969.000 0.243
970.000 0.237
971.000 0.236
972.000 0.243
973.000 0.243
974.000 0.241
975.000 0.240
976.000 0.244
977.000 0.245
978.000 0.246
979.000 0.248
980.000 0.248
981.000 0.249
982.000 0.250
983.000 0.251
984.000 0.249
985.000 0.249
986.000 0.247
987.000 0.247
988.000 0.254
989.000 0.255
990.000 0.253
991.000 0.251
992.000 0.250
993.000 0.249
994.000 0.252
995.000 0.258
996.000 0.259
997.000 0.257
998.000 0.258
999.000 0.260
1000.000 0.260
1001.000 0.263
1002.000 0.263
1003.000 0.264
1004.000 0.266
1005.000 0.267
1006.000 0.268
1007.000 0.268
1008.000 0.268
1009.000 0.268
1010.000 0.268
1011.000 0.267
1012.000 0.267
1013.000 0.268
1014.000 0.270
1015.000 0.270
1016.000 0.272
1017.000 0.272
1018.000 0.272
1019.000 0.273
1020.000 0.273
1021.000 0.272
1022.000 0.272
1023.000 0.272
1024.000 0.273
1025.000 0.274
1026.000 0.276
1027.000 0.275
1028.000 0.275
1029.000 0.275
1030.000 0.275
1031.000 0.276
1032.000 0.276
1033.000 0.275
1034.000 0.275
1035.000 0.275
1036.000 0.277
1037.000 0.277
1038.000 0.278
1039.000 0.278
1040.000 0.278
1041.000 0.278
1042.000 0.279
1043.000 0.280
1044.000 0.281
1045.000 0.281
1046.000 0.282
1047.000 0.280
1048.000 0.279
1049.000 0.277
1050.000 0.276
1051.000 0.277
1052.000 0.277
1053.000 0.279
1054.000 0.282
1055.000 0.283
1056.000 0.283
1057.000 0.283
1058.000 0.281
1059.000 0.280
1060.000 0.281
1061.000 0.281
1062.000 0.282
1063.000 0.283
1064.000 0.284
1065.000 0.283
1066.000 0.283
1067.000 0.283
1068.000 0.283
1069.000 0.283
1070.000 0.284
1071.000 0.283
1072.000 0.283
1073.000 0.282
1074.000 0.282
1075.000 0.283
1076.000 0.283
1077.000 0.284
1078.000 0.285
1079.000 0.285
1080.000 0.284
1081.000 0.285
1082.000 0.285
1083.000 0.284
1084.000 0.284
1085.000 0.283
1086.000 0.283
1087.000 0.283
1088.000 0.283
1089.000 0.283
1090.000 0.282
1091.000 0.282
1092.000 0.282
1093.000 0.282
1094.000 0.281
1095.000 0.281
1096.000 0.280
1097.000 0.280
1098.000 0.281
1099.000 0.276
1100.000 0.263
1101.000 0.262
1102.000 0.260
1103.000 0.259
1104.000 0.256
1105.000 0.256
1106.000 0.254
1107.000 0.253
1108.000 0.252
1109.000 0.251
1110.000 0.250
1111.000 0.249
1112.000 0.248
1113.000 0.247
1114.000 0.247
1115.000 0.245
1116.000 0.244
1117.000 0.244
1118.000 0.243
1119.000 0.245
1120.000 0.243
1121.000 0.238
1122.000 0.237
1123.000 0.235
1124.000 0.231
1125.000 0.230
1126.000 0.232
1127.000 0.231
1128.000 0.231
1129.000 0.231
1130.000 0.230
1131.000 0.227
1132.000 0.228
1133.000 0.230
1134.000 0.227
1135.000 0.228
1136.000 0.226
1137.000 0.224
1138.000 0.226
1139.000 0.226
1140.000 0.227
1141.000 0.228
1142.000 0.229
1143.000 0.231
1144.000 0.231
1145.000 0.226
1146.000 0.225
1147.000 0.223
1148.000 0.224
1149.000 0.227
1150.000 0.230
1151.000 0.234
1152.000 0.234
1153.000 0.232
1154.000 0.232
1155.000 0.232
1156.000 0.245
1157.000 0.251
1158.000 0.253
1159.000 0.254
1160.000 0.254
1161.000 0.254
1162.000 0.255
1163.000 0.255
1164.000 0.257
1165.000 0.258
1166.000 0.258
1167.000 0.259
1168.000 0.259
1169.000 0.261
1170.000 0.262
1171.000 0.263
1172.000 0.263
1173.000 0.264
1174.000 0.264
1175.000 0.265
1176.000 0.265
1177.000 0.265
1178.000 0.264
1179.000 0.264
1180.000 0.264
1181.000 0.263
1182.000 0.262
1183.000 0.261
1184.000 0.261
1185.000 0.261
1186.000 0.261
1187.000 0.263
1188.000 0.263
1189.000 0.264
1190.000 0.264
1191.000 0.264
1192.000 0.263
1193.000 0.262
1194.000 0.262
1195.000 0.262
1196.000 0.262
1197.000 0.263
1198.000 0.265
1199.000 0.266
1200.000 0.268
1201.000 0.269
1202.000 0.269
1203.000 0.269
1204.000 0.269
1205.000 0.268
1206.000 0.268
1207.000 0.269
1208.000 0.269
1209.000 0.271
1210.000 0.272
1211.000 0.272
1212.000 0.272
1213.000 0.271
1214.000 0.271
1215.000 0.270
1216.000 0.270
1217.000 0.269
1218.000 0.269
1219.000 0.270
1220.000 0.270
1221.000 0.270
1222.000 0.271
1223.000 0.271
1224.000 0.272
1225.000 0.274
1226.000 0.275
1227.000 0.276
1228.000 0.277
1229.000 0.278
1230.000 0.277
1231.000 0.277
1232.000 0.277
1233.000 0.278
1234.000 0.279
1235.000 0.280
1236.000 0.281
1237.000 0.281
1238.000 0.282
1239.000 0.282
1240.000 0.282
1241.000 0.282
1242.000 0.282
1243.000 0.282
1244.000 0.281
1245.000 0.281
1246.000 0.281
1247.000 0.281
1248.000 0.281
1249.000 0.281
1250.000 0.282
1251.000 0.282
1252.000 0.282
1253.000 0.283
1254.000 0.283
1255.000 0.283
1256.000 0.283
1257.000 0.284
1258.000 0.284
1259.000 0.285
1260.000 0.285
1261.000 0.285
1262.000 0.285
1263.000 0.285
1264.000 0.285
1265.000 0.285
1266.000 0.284
1267.000 0.283
1268.000 0.282
1269.000 0.284
1270.000 0.284
1271.000 0.285
1272.000 0.286
1273.000 0.287
1274.000 0.288
1275.000 0.288
1276.000 0.288
1277.000 0.288
1278.000 0.288
1279.000 0.288
1280.000 0.289
1281.000 0.289
1282.000 0.288
1283.000 0.288
1284.000 0.290
1285.000 0.289
1286.000 0.289
1287.000 0.289
1288.000 0.288
1289.000 0.288
1290.000 0.289
1291.000 0.289
1292.000 0.288
1293.000 0.288
1294.000 0.287
1295.000 0.285
1296.000 0.283
1297.000 0.283
1298.000 0.282
1299.000 0.282
1300.000 0.282
1301.000 0.283
1302.000 0.283
1303.000 0.283
1304.000 0.281
1305.000 0.279
1306.000 0.276
1307.000 0.274
1308.000 0.272
1309.000 0.272
1310.000 0.271
1311.000 0.273
1312.000 0.273
1313.000 0.273
1314.000 0.272
1315.000 0.269
1316.000 0.267
1317.000 0.266
1318.000 0.265
1319.000 0.264
1320.000 0.262
1321.000 0.262
1322.000 0.262
1323.000 0.261
1324.000 0.260
1325.000 0.258
1326.000 0.256
1327.000 0.254
1328.000 0.254
1329.000 0.252
1330.000 0.252
1331.000 0.252
1332.000 0.252
1333.000 0.252
1334.000 0.251
1335.000 0.250
1336.000 0.247
1337.000 0.244
1338.000 0.238
1339.000 0.236
1340.000 0.232
1341.000 0.231
1342.000 0.234
1343.000 0.237
1344.000 0.240
1345.000 0.242
1346.000 0.240
1347.000 0.242
1348.000 0.241
1349.000 0.228
1350.000 0.237
1351.000 0.270
1352.000 0.304
1353.000 0.360
1354.000 0.330
1355.000 0.460
1356.000 0.529
1357.000 0.588
1358.000 0.640
1359.000 0.709
1360.000 0.766
1361.000 0.762
1362.000 0.081
1363.000 0.649
1364.000 0.557
1365.000 0.237
1366.000 0.259
1367.000 0.186
1368.000 0.223
1369.000 0.178
1370.000 0.488
1371.000 0.678
1372.000 0.547
1373.000 0.433
1374.000 0.535
1375.000 0.258
1376.000 0.204
1377.000 0.156
1378.000 0.140
1379.000 0.108
1380.000 0.365
1381.000 0.587
1382.000 0.603
1383.000 0.410
1384.000 0.488
1385.000 0.424
1386.000 0.421
1387.000 0.411
1388.000 0.484
1389.000 0.515
1390.000 0.547
1391.000 0.577
1392.000 0.469
1393.000 0.431
1394.000 0.266
1395.000 0.371
1396.000 0.607
1397.000 0.555
1398.000 0.505
1399.000 0.560
1400.000 0.610
1401.000 0.641
1402.000 0.470
1403.000 0.529
1404.000 0.246
1405.000 0.340
1406.000 0.410
1407.000 0.404
1408.000 0.448
1409.000 0.637
1410.000 0.877
1411.000 0.483
1412.000 0.661
1413.000 0.848
1414.000 0.806
1415.000 0.354
1416.000 0.563
1417.000 0.488
1418.000 0.415
1419.000 0.546
1420.000 0.321
1421.000 0.273
1422.000 0.245
1423.000 0.180
1424.000 0.152
1425.000 0.641
1426.000 0.459
1427.000 0.316
1428.000 0.183
1429.000 0.224
1430.000 0.765
1431.000 0.581
1432.000 0.540
1433.000 0.586
1434.000 0.644
1435.000 0.507
1436.000 0.466
1437.000 0.309
1438.000 0.409
1439.000 0.281
1440.000 0.270
1441.000 0.299
1442.000 0.406
1443.000 0.266
1444.000 0.330
1445.000 0.414
1446.000 0.356
1447.000 0.345
1448.000 0.323
1449.000 0.246
1450.000 0.197
1451.000 0.158
1452.000 0.124
1453.000 0.131
1454.000 0.138
1455.000 0.146
1456.000 0.213
1457.000 0.231
1458.000 0.218
1459.000 0.202
1460.000 0.205
1461.000 0.196
1462.000 0.161
1463.000 0.164
1464.000 0.192
1465.000 0.197
1466.000 0.235
1467.000 0.221
1468.000 0.160
1469.000 0.147
1470.000 0.138
1471.000 0.139
1472.000 0.204
1473.000 0.194
1474.000 0.171
1475.000 0.175
1476.000 0.166
1477.000 0.162
1478.000 0.165
1479.000 0.130
1480.000 0.116
1481.000 0.113
1482.000 0.110
1483.000 0.110
1484.000 0.115
1485.000 0.121
1486.000 0.126
1487.000 0.131
1488.000 0.140
1489.000 0.145
1490.000 0.148
1491.000 0.149
1492.000 0.146
1493.000 0.144
1494.000 0.139
1495.000 0.137
1496.000 0.138
1497.000 0.137
1498.000 0.135
1499.000 0.137
1500.000 0.140
1501.000 0.138
1502.000 0.144
1503.000 0.146
1504.000 0.146
1505.000 0.148
1506.000 0.150
1507.000 0.150
1508.000 0.151
1509.000 0.153
1510.000 0.154
1511.000 0.154
1512.000 0.153
1513.000 0.152
1514.000 0.152
1515.000 0.153
1516.000 0.154
1517.000 0.156
1518.000 0.155
1519.000 0.151
1520.000 0.151
1521.000 0.151
1522.000 0.153
1523.000 0.160
1524.000 0.162
1525.000 0.164
1526.000 0.164
1527.000 0.160
1528.000 0.161
1529.000 0.163
1530.000 0.164
1531.000 0.167
1532.000 0.169
1533.000 0.166
1534.000 0.166
1535.000 0.167
1536.000 0.168
1537.000 0.170
1538.000 0.170
1539.000 0.172
1540.000 0.172
1541.000 0.171
1542.000 0.169
1543.000 0.165
1544.000 0.164
1545.000 0.165
1546.000 0.165
1547.000 0.169
1548.000 0.170
1549.000 0.168
1550.000 0.168
1551.000 0.168
1552.000 0.169
1553.000 0.173
1554.000 0.175
1555.000 0.178
1556.000 0.179
1557.000 0.179
1558.000 0.178
1559.000 0.176
1560.000 0.176
1561.000 0.178
1562.000 0.179
1563.000 0.180
1564.000 0.181
1565.000 0.182
1566.000 0.182
1567.000 0.181
1568.000 0.180
1569.000 0.177
1570.000 0.177
1571.000 0.181
1572.000 0.183
1573.000 0.186
1574.000 0.188
1575.000 0.184
1576.000 0.184
1577.000 0.185
1578.000 0.186
1579.000 0.192
1580.000 0.194
1581.000 0.192
1582.000 0.192
1583.000 0.190
1584.000 0.189
1585.000 0.190
1586.000 0.192
1587.000 0.193
1588.000 0.195
1589.000 0.198
1590.000 0.199
1591.000 0.200
1592.000 0.201
1593.000 0.201
1594.000 0.200
1595.000 0.197
1596.000 0.196
1597.000 0.196
1598.000 0.197
1599.000 0.200
1600.000 0.203
1601.000 0.209
1602.000 0.205
1603.000 0.202
1604.000 0.202
1605.000 0.199
1606.000 0.198
1607.000 0.199
1608.000 0.199
1609.000 0.199
1610.000 0.199
1611.000 0.197
1612.000 0.197
1613.000 0.196
1614.000 0.197
1615.000 0.198
1616.000 0.200
1617.000 0.203
1618.000 0.206
1619.000 0.209
1620.000 0.212
1621.000 0.215
1622.000 0.216
1623.000 0.213
1624.000 0.212
1625.000 0.206
1626.000 0.204
1627.000 0.204
1628.000 0.205
1629.000 0.207
1630.000 0.208
1631.000 0.207
1632.000 0.207
1633.000 0.206
1634.000 0.206
1635.000 0.209
1636.000 0.211
1637.000 0.211
1638.000 0.213
1639.000 0.216
1640.000 0.216
1641.000 0.219
1642.000 0.220
1643.000 0.219
1644.000 0.218
1645.000 0.216
1646.000 0.214
1647.000 0.209
1648.000 0.207
1649.000 0.209
1650.000 0.210
1651.000 0.213
1652.000 0.213
1653.000 0.209
1654.000 0.208
1655.000 0.205
1656.000 0.203
1657.000 0.202
1658.000 0.203
1659.000 0.203
1660.000 0.205
1661.000 0.210
1662.000 0.213
1663.000 0.216
1664.000 0.217
1665.000 0.214
1666.000 0.212
1667.000 0.208
1668.000 0.207
1669.000 0.209
1670.000 0.210
1671.000 0.212
1672.000 0.214
1673.000 0.211
1674.000 0.211
1675.000 0.213
1676.000 0.213
1677.000 0.213
1678.000 0.214
1679.000 0.213
1680.000 0.213
1681.000 0.216
1682.000 0.215
1683.000 0.210
1684.000 0.208
1685.000 0.204
1686.000 0.203
1687.000 0.202
1688.000 0.204
1689.000 0.209
1690.000 0.212
1691.000 0.219
1692.000 0.220
1693.000 0.213
1694.000 0.212
1695.000 0.210
1696.000 0.210
1697.000 0.214
1698.000 0.216
1699.000 0.219
1700.000 0.218
1701.000 0.217
1702.000 0.213
1703.000 0.203
1704.000 0.201
1705.000 0.200
1706.000 0.200
1707.000 0.205
1708.000 0.208
1709.000 0.210
1710.000 0.210
1711.000 0.211
1712.000 0.207
1713.000 0.201
1714.000 0.193
1715.000 0.194
1716.000 0.196
1717.000 0.203
1718.000 0.211
1719.000 0.214
1720.000 0.211
1721.000 0.208
1722.000 0.209
1723.000 0.213
1724.000 0.219
1725.000 0.229
1726.000 0.235
1727.000 0.234
1728.000 0.229
1729.000 0.224
1730.000 0.219
1731.000 0.217
1732.000 0.214
1733.000 0.214
1734.000 0.214
1735.000 0.211
1736.000 0.210
1737.000 0.207
1738.000 0.200
1739.000 0.196
1740.000 0.196
1741.000 0.199
1742.000 0.204
1743.000 0.207
1744.000 0.215
1745.000 0.219
1746.000 0.223
1747.000 0.219
1748.000 0.206
1749.000 0.201
1750.000 0.192
1751.000 0.188
1752.000 0.189
1753.000 0.190
1754.000 0.189
1755.000 0.190
1756.000 0.196
1757.000 0.199
1758.000 0.205
1759.000 0.203
1760.000 0.208
1761.000 0.202
1762.000 0.203
1763.000 0.200
1764.000 0.192
1765.000 0.184
1766.000 0.186
1767.000 0.187
1768.000 0.186
1769.000 0.193
1770.000 0.190
1771.000 0.183
1772.000 0.192
1773.000 0.202
1774.000 0.203
1775.000 0.215
1776.000 0.208
1777.000 0.197
1778.000 0.186
1779.000 0.168
1780.000 0.167
1781.000 0.169
1782.000 0.157
1783.000 0.159
1784.000 0.151
1785.000 0.157
1786.000 0.147
1787.000 0.130
1788.000 0.131
1789.000 0.139
1790.000 0.136
1791.000 0.170
1792.000 0.164
1793.000 0.156
1794.000 0.153
1795.000 0.147
1796.000 0.163
1797.000 0.156
1798.000 0.193
1799.000 0.206
1800.000 0.265
1801.000 0.450
1802.000 0.458
1803.000 0.479
1804.000 0.498
1805.000 0.524
1806.000 0.555
1807.000 0.599
1808.000 0.686
1809.000 0.599
1810.000 0.677
1811.000 0.588
1812.000 0.700
1813.000 0.639
1814.000 0.682
1815.000 0.548
1816.000 0.574
1817.000 0.624
1818.000 0.674
1819.000 0.627
1820.000 0.678
1821.000 0.756
1822.000 0.562
1823.000 0.538
1824.000 0.600
1825.000 0.599
1826.000 0.739
1827.000 0.675
1828.000 0.571
1829.000 0.462
1830.000 0.612
1831.000 0.613
1832.000 0.528
1833.000 0.590
1834.000 0.779
1835.000 0.644
1836.000 0.665
1837.000 0.630
1838.000 0.718
1839.000 0.742
1840.000 0.771
1841.000 0.782
1842.000 0.773
1843.000 0.539
1844.000 0.295
1845.000 0.414
1846.000 0.716
1847.000 0.829
1848.000 0.742
1849.000 0.858
1850.000 0.811
1851.000 0.750
1852.000 0.564
1853.000 0.612
1854.000 0.496
1855.000 0.467
1856.000 0.414
1857.000 0.573
1858.000 0.621
1859.000 0.726
1860.000 0.828
1861.000 0.652
1862.000 0.527
1863.000 0.441
1864.000 0.578
1865.000 0.734
1866.000 0.875
1867.000 0.813
1868.000 0.800
1869.000 0.785
1870.000 0.774
1871.000 0.766
1872.000 0.752
1873.000 0.691
1874.000 0.712
1875.000 0.717
1876.000 0.741
1877.000 0.764
1878.000 0.788
1879.000 0.760
1880.000 0.808
1881.000 0.691
1882.000 0.546
1883.000 0.446
1884.000 0.321
1885.000 0.296
1886.000 0.301
1887.000 0.213
1888.000 0.248
1889.000 0.272
1890.000 0.584
1891.000 0.587
1892.000 0.519
1893.000 0.589
1894.000 0.591
1895.000 0.555
1896.000 0.521
1897.000 0.462
1898.000 0.420
1899.000 0.363
1900.000 0.522
1901.000 0.640
1902.000 0.526
1903.000 0.570
1904.000 0.660
1905.000 0.236
1906.000 0.410
1907.000 0.293
1908.000 0.329
1909.000 0.371
1910.000 0.518
1911.000 0.658
1912.000 0.847
1913.000 0.827
1914.000 0.817
1915.000 0.724
1916.000 0.739
1917.000 0.743
1918.000 0.745
1919.000 0.759
1920.000 0.455
1921.000 0.407
1922.000 0.385
1923.000 0.403
1924.000 0.540
1925.000 0.402
1926.000 0.430
1927.000 0.422
1928.000 0.352
1929.000 0.499
1930.000 0.575
1931.000 0.816
1932.000 0.650
1933.000 0.649
1934.000 0.793
1935.000 0.664
1936.000 0.780
1937.000 0.817
1938.000 0.772
1939.000 0.636
1940.000 0.518
1941.000 0.568
1942.000 0.611
1943.000 0.620
1944.000 0.705
1945.000 0.693
1946.000 0.603
1947.000 0.558
1948.000 0.479
1949.000 0.471
1950.000 0.529
1951.000 0.483
1952.000 0.559
1953.000 0.635
1954.000 0.527
1955.000 0.439
1956.000 0.449
1957.000 0.330
1958.000 0.360
1959.000 0.418
1960.000 0.323
1961.000 0.308
1962.000 0.326
1963.000 0.400
1964.000 0.466
1965.000 0.605
1966.000 0.597
1967.000 0.543
1968.000 0.557
1969.000 0.407
1970.000 0.368
1971.000 0.313
1972.000 0.257
1973.000 0.238
1974.000 0.209
1975.000 0.210
1976.000 0.223
1977.000 0.217
1978.000 0.225
1979.000 0.233
1980.000 0.229
1981.000 0.224
1982.000 0.203
1983.000 0.163
1984.000 0.153
1985.000 0.160
1986.000 0.167
1987.000 0.202
1988.000 0.212
1989.000 0.208
1990.000 0.221
1991.000 0.222
1992.000 0.223
1993.000 0.284
1994.000 0.316
1995.000 0.369
1996.000 0.457
1997.000 0.493
1998.000 0.415
1999.000 0.380
2000.000 0.452
2001.000 0.431
2002.000 0.295
2003.000 0.372
2004.000 0.716
2005.000 0.768
2006.000 0.859
2007.000 0.888
2008.000 0.890
2009.000 0.587
2010.000 0.396
2011.000 0.295
2012.000 0.291
2013.000 0.321
2014.000 0.260
2015.000 0.268
2016.000 0.266
2017.000 0.263
2018.000 0.268
2019.000 0.298
2020.000 0.309
2021.000 0.313
2022.000 0.261
2023.000 0.212
2024.000 0.213
2025.000 0.207
2026.000 0.219
2027.000 0.204
2028.000 0.174
2029.000 0.174
2030.000 0.189
2031.000 0.188
2032.000 0.192
2033.000 0.193
2034.000 0.174
2035.000 0.167
2036.000 0.191
2037.000 0.207
2038.000 0.230
2039.000 0.209
2040.000 0.213
2041.000 0.195
2042.000 0.191
2043.000 0.204
2044.000 0.194
2045.000 0.205
2046.000 0.211
2047.000 0.217
2048.000 0.221
2049.000 0.224
2050.000 0.213
2051.000 0.200
2052.000 0.197
2053.000 0.184
2054.000 0.212
2055.000 0.243
2056.000 0.280
2057.000 0.283
2058.000 0.267
2059.000 0.263
2060.000 0.225
2061.000 0.203
2062.000 0.154
2063.000 0.176
2064.000 0.174
2065.000 0.184
2066.000 0.257
2067.000 0.275
2068.000 0.275
2069.000 0.310
2070.000 0.266
2071.000 0.207
2072.000 0.202
2073.000 0.221
2074.000 0.229
2075.000 0.264
2076.000 0.282
2077.000 0.245
2078.000 0.236
2079.000 0.218
2080.000 0.203
2081.000 0.222
2082.000 0.248
2083.000 0.258
2084.000 0.278
2085.000 0.259
2086.000 0.239
2087.000 0.225
2088.000 0.207
2089.000 0.199
2090.000 0.201
2091.000 0.191
2092.000 0.163
2093.000 0.166
2094.000 0.186
2095.000 0.193
2096.000 0.226
2097.000 0.238
2098.000 0.240
2099.000 0.215
2100.000 0.211
2101.000 0.205
2102.000 0.189
2103.000 0.195
2104.000 0.198
2105.000 0.205
2106.000 0.203
2107.000 0.203
2108.000 0.196
2109.000 0.169
2110.000 0.170
2111.000 0.195
2112.000 0.198
2113.000 0.211
2114.000 0.212
2115.000 0.187
2116.000 0.175
2117.000 0.166
2118.000 0.153
2119.000 0.147
2120.000 0.149
2121.000 0.138
2122.000 0.146
2123.000 0.151
2124.000 0.150
2125.000 0.156
2126.000 0.181
2127.000 0.186
2128.000 0.179
2129.000 0.181
2130.000 0.174
2131.000 0.165
2132.000 0.156
2133.000 0.146
2134.000 0.125
2135.000 0.121
2136.000 0.125
2137.000 0.142
2138.000 0.149
2139.000 0.167
2140.000 0.185
2141.000 0.174
2142.000 0.175
2143.000 0.180
2144.000 0.174
2145.000 0.163
2146.000 0.156
2147.000 0.145
2148.000 0.141
2149.000 0.141
2150.000 0.142
2151.000 0.143
2152.000 0.152
2153.000 0.182
2154.000 0.195
2155.000 0.209
2156.000 0.223
2157.000 0.197
2158.000 0.171
2159.000 0.167
2160.000 0.164
2161.000 0.160
2162.000 0.157
2163.000 0.163
2164.000 0.172
2165.000 0.179
2166.000 0.200
2167.000 0.211
2168.000 0.213
2169.000 0.216
2170.000 0.233
2171.000 0.226
2172.000 0.195
2173.000 0.177
2174.000 0.145
2175.000 0.137
2176.000 0.148
2177.000 0.158
2178.000 0.167
2179.000 0.187
2180.000 0.194
2181.000 0.197
2182.000 0.183
2183.000 0.170
2184.000 0.168
2185.000 0.157
2186.000 0.167
2187.000 0.212
2188.000 0.224
2189.000 0.230
2190.000 0.225
2191.000 0.194
2192.000 0.192
2193.000 0.199
2194.000 0.201
2195.000 0.223
2196.000 0.225
2197.000 0.206
2198.000 0.193
2199.000 0.169
2200.000 0.154
2201.000 0.158
2202.000 0.128
2203.000 0.133
2204.000 0.167
2205.000 0.203
2206.000 0.238
2207.000 0.229
2208.000 0.225
2209.000 0.220
2210.000 0.189
2211.000 0.180
2212.000 0.167
2213.000 0.176
2214.000 0.218
2215.000 0.217
2216.000 0.217
2217.000 0.209
2218.000 0.160
2219.000 0.151
2220.000 0.163
2221.000 0.167
2222.000 0.172
2223.000 0.180
2224.000 0.195
2225.000 0.200
2226.000 0.203
2227.000 0.210
2228.000 0.187
2229.000 0.184
2230.000 0.178
2231.000 0.173
2232.000 0.175
2233.000 0.168
2234.000 0.166
2235.000 0.167
2236.000 0.161
2237.000 0.154
2238.000 0.151
2239.000 0.146
2240.000 0.147
2241.000 0.154
2242.000 0.160
2243.000 0.174
2244.000 0.187
2245.000 0.211
2246.000 0.205
2247.000 0.195
2248.000 0.187
2249.000 0.168
2250.000 0.164
2251.000 0.178
2252.000 0.187
2253.000 0.206
2254.000 0.204
2255.000 0.167
2256.000 0.158
2257.000 0.147
2258.000 0.148
2259.000 0.156
2260.000 0.125
2261.000 0.145
2262.000 0.172
2263.000 0.164
2264.000 0.193
2265.000 0.196
2266.000 0.196
2267.000 0.207
2268.000 0.190
2269.000 0.160
2270.000 0.147
2271.000 0.135
2272.000 0.168
2273.000 0.184
2274.000 0.213
2275.000 0.213
2276.000 0.173
2277.000 0.184
2278.000 0.162
2279.000 0.190
2280.000 0.210
2281.000 0.213
2282.000 0.190
2283.000 0.189
2284.000 0.217
2285.000 0.218
2286.000 0.178
2287.000 0.167
2288.000 0.140
2289.000 0.123
2290.000 0.101
2291.000 0.105
2292.000 0.141
2293.000 0.152
2294.000 0.154
2295.000 0.157
2296.000 0.267
2297.000 0.296
2298.000 0.304
2299.000 0.203
2300.000 0.183
2301.000 0.165
2302.000 0.154
2303.000 0.185
2304.000 0.177
2305.000 0.180
2306.000 0.189
2307.000 0.157
2308.000 0.167
2309.000 0.175
2310.000 0.169
2311.000 0.143
2312.000 0.129
2313.000 0.075
2314.000 0.065
2315.000 0.071
2316.000 0.097
2317.000 0.130
2318.000 0.205
2319.000 0.233
2320.000 0.307
2321.000 0.315
2322.000 0.270
2323.000 0.278
2324.000 0.495
2325.000 0.276
2326.000 0.158
2327.000 0.169
2328.000 0.208
2329.000 0.181
2330.000 0.213
2331.000 0.347
2332.000 0.446
2333.000 0.336
2334.000 0.409
2335.000 0.275
2336.000 0.228
2337.000 0.266
2338.000 0.274
2339.000 0.250
2340.000 0.284
2341.000 0.345
2342.000 0.365
2343.000 0.491
2344.000 0.537
2345.000 0.373
2346.000 0.451
2347.000 0.276
2348.000 0.273
2349.000 0.492
2350.000 0.505
2351.000 0.568
2352.000 0.417
2353.000 0.134
2354.000 0.109
2355.000 0.107
2356.000 0.134
2357.000 0.097
2358.000 0.140
2359.000 0.175
2360.000 0.234
2361.000 0.407
2362.000 0.352
2363.000 0.126
2364.000 0.211
2365.000 0.239
2366.000 0.366
2367.000 0.247
2368.000 0.146
2369.000 0.059
2370.000 0.183
2371.000 0.299
2372.000 0.273
2373.000 0.352
2374.000 0.580
2375.000 0.811
2376.000 0.369
2377.000 0.235
2378.000 0.160
2379.000 0.172
2380.000 0.320
2381.000 0.199
2382.000 0.136
2383.000 0.279
2384.000 0.312
2385.000 0.460
2386.000 0.417
2387.000 0.465
2388.000 0.468
2389.000 0.227
2390.000 0.159
2391.000 0.225
2392.000 0.217
2393.000 0.187
2394.000 0.228
2395.000 0.133
2396.000 0.345
2397.000 0.437
2398.000 0.529
2399.000 0.500
2400.000 0.335
2401.000 0.690
2402.000 0.569
2403.000 0.443
2404.000 0.092
2405.000 0.091
2406.000 0.230
2407.000 0.147
2408.000 0.188
2409.000 0.190
2410.000 0.338
2411.000 0.619
2412.000 0.704
2413.000 0.769
2414.000 0.841
2415.000 0.759
2416.000 0.625
2417.000 0.485
2418.000 0.530
2419.000 0.459
2420.000 0.207
2421.000 0.215
2422.000 0.225
2423.000 0.516
2424.000 0.496
2425.000 0.657
2426.000 0.643
2427.000 0.546
2428.000 0.791
2429.000 0.802
2430.000 0.806
2431.000 0.811
2432.000 0.473
2433.000 0.529
2434.000 0.489
2435.000 0.343
2436.000 0.602
2437.000 0.659
2438.000 0.610
2439.000 0.557
2440.000 0.421
2441.000 0.252
2442.000 0.310
2443.000 0.626
2444.000 0.612
2445.000 0.661
2446.000 0.435
2447.000 0.474
2448.000 0.432
2449.000 0.325
2450.000 0.302
2451.000 0.428
2452.000 0.620
2453.000 0.714
2454.000 0.786
2455.000 0.551
2456.000 0.466
2457.000 0.262
2458.000 0.183
2459.000 0.261
2460.000 0.297
2461.000 0.617
2462.000 0.586
2463.000 0.550
2464.000 0.230
2465.000 0.388
2466.000 0.350
2467.000 0.295
2468.000 0.311
2469.000 0.291
2470.000 0.293
2471.000 0.474
2472.000 0.090
2473.000 0.139
2474.000 0.254
2475.000 0.325
2476.000 0.552
2477.000 0.227
2478.000 0.699
2479.000 0.431
2480.000 0.337
2481.000 0.370
2482.000 0.362
2483.000 0.344
2484.000 0.220
2485.000 0.312
2486.000 0.492
2487.000 0.615
2488.000 0.801
2489.000 0.759
2490.000 0.677
2491.000 0.531
2492.000 0.259
2493.000 0.264
2494.000 0.253
2495.000 0.418
2496.000 0.328
2497.000 0.442
2498.000 0.332
2499.000 0.210
2500.000 0.159
