391.000 0.054
392.000 0.054
393.000 0.050
394.000 0.050
395.000 0.056
396.000 0.061
397.000 0.061
398.000 0.058
399.000 0.057
400.000 0.057
401.000 0.052
402.000 0.053
403.000 0.052
404.000 0.050
405.000 0.050
406.000 0.050
407.000 0.053
408.000 0.057
409.000 0.055
410.000 0.055
411.000 0.055
412.000 0.056
413.000 0.055
414.000 0.055
415.000 0.055
416.000 0.056
417.000 0.056
418.000 0.057
419.000 0.056
420.000 0.055
421.000 0.057
422.000 0.058
423.000 0.054
424.000 0.052
425.000 0.055
426.000 0.057
427.000 0.055
428.000 0.058
429.000 0.060
430.000 0.060
431.000 0.059
432.000 0.058
433.000 0.058
434.000 0.058
435.000 0.059
436.000 0.057
437.000 0.054
438.000 0.054
439.000 0.057
440.000 0.057
441.000 0.056
442.000 0.058
443.000 0.058
444.000 0.058
445.000 0.060
446.000 0.061
447.000 0.061
448.000 0.060
449.000 0.061
450.000 0.061
451.000 0.061
452.000 0.060
453.000 0.059
454.000 0.059
455.000 0.060
456.000 0.061
457.000 0.062
458.000 0.062
459.000 0.061
460.000 0.061
461.000 0.061
462.000 0.061
463.000 0.060
464.000 0.062
465.000 0.062
466.000 0.062
467.000 0.064
468.000 0.061
469.000 0.060
470.000 0.062
471.000 0.062
472.000 0.062
473.000 0.062
474.000 0.062
475.000 0.064
476.000 0.063
477.000 0.063
478.000 0.064
479.000 0.064
480.000 0.065
481.000 0.066
482.000 0.065
483.000 0.064
484.000 0.064
485.000 0.066
486.000 0.065
487.000 0.065
488.000 0.066
489.000 0.066
490.000 0.067
491.000 0.067
492.000 0.066
493.000 0.067
494.000 0.067
495.000 0.065
496.000 0.065
497.000 0.069
498.000 0.070
499.000 0.069
500.000 0.069
501.000 0.071
502.000 0.071
503.000 0.070
504.000 0.070
505.000 0.073
506.000 0.075
507.000 0.077
508.000 0.078
509.000 0.079
510.000 0.081
511.000 0.081
512.000 0.083
513.000 0.085
514.000 0.086
515.000 0.087
516.000 0.090
517.000 0.094
518.000 0.095
519.000 0.097
520.000 0.099
521.000 0.103
522.000 0.105
523.000 0.108
524.000 0.110
525.000 0.113
526.000 0.116
527.000 0.119
528.000 0.122
529.000 0.123
530.000 0.124
531.000 0.126
532.000 0.129
533.000 0.130
534.000 0.132
535.000 0.132
536.000 0.134
537.000 0.134
538.000 0.135
539.000 0.136
540.000 0.137
541.000 0.138
542.000 0.139
543.000 0.140
544.000 0.139
545.000 0.138
546.000 0.138
547.000 0.139
548.000 0.141
549.000 0.141
550.000 0.142
551.000 0.141
552.000 0.141
553.000 0.141
554.000 0.141
555.000 0.141
556.000 0.141
557.000 0.140
558.000 0.140
559.000 0.139
560.000 0.138
561.000 0.138
562.000 0.136
563.000 0.135
564.000 0.134
565.000 0.133
566.000 0.132
567.000 0.131
568.000 0.129
569.000 0.126
570.000 0.125
571.000 0.124
572.000 0.122
573.000 0.120
574.000 0.121
575.000 0.120
576.000 0.118
577.000 0.117
578.000 0.115
579.000 0.114
580.000 0.115
581.000 0.114
582.000 0.114
583.000 0.112
584.000 0.111
585.000 0.111
586.000 0.111
587.000 0.109
588.000 0.108
589.000 0.109
590.000 0.110
591.000 0.108
592.000 0.107
593.000 0.106
594.000 0.105
595.000 0.105
596.000 0.106
597.000 0.106
598.000 0.104
599.000 0.104
600.000 0.104
601.000 0.104
602.000 0.104
603.000 0.103
604.000 0.103
605.000 0.103
606.000 0.103
607.000 0.103
608.000 0.100
609.000 0.102
610.000 0.103
611.000 0.103
612.000 0.101
613.000 0.099
614.000 0.098
615.000 0.099
616.000 0.099
617.000 0.098
618.000 0.098
619.000 0.098
620.000 0.098
621.000 0.097
622.000 0.096
623.000 0.097
624.000 0.097
625.000 0.097
626.000 0.097
627.000 0.096
628.000 0.097
629.000 0.098
630.000 0.096
631.000 0.096
632.000 0.097
633.000 0.096
634.000 0.095
635.000 0.095
636.000 0.095
637.000 0.094
638.000 0.092
639.000 0.092
640.000 0.094
641.000 0.093
642.000 0.091
643.000 0.091
644.000 0.092
645.000 0.091
646.000 0.090
647.000 0.089
648.000 0.088
649.000 0.088
650.000 0.089
651.000 0.090
652.000 0.091
653.000 0.090
654.000 0.088
655.000 0.087
656.000 0.089
657.000 0.091
658.000 0.090
659.000 0.088
660.000 0.090
661.000 0.091
662.000 0.089
663.000 0.086
664.000 0.086
665.000 0.088
666.000 0.090
667.000 0.088
668.000 0.089
669.000 0.091
670.000 0.087
671.000 0.089
672.000 0.091
673.000 0.090
674.000 0.090
675.000 0.093
676.000 0.097
677.000 0.097
678.000 0.098
679.000 0.099
680.000 0.100
681.000 0.099
682.000 0.098
683.000 0.101
684.000 0.105
685.000 0.106
686.000 0.108
687.000 0.111
688.000 0.111
689.000 0.111
690.000 0.114
691.000 0.118
692.000 0.123
693.000 0.125
694.000 0.130
695.000 0.136
696.000 0.143
697.000 0.150
698.000 0.157
699.000 0.164
700.000 0.172
701.000 0.180
702.000 0.188
703.000 0.196
704.000 0.205
705.000 0.212
706.000 0.220
707.000 0.228
708.000 0.236
709.000 0.243
710.000 0.251
711.000 0.258
712.000 0.267
713.000 0.275
714.000 0.283
715.000 0.290
716.000 0.297
717.000 0.305
718.000 0.313
719.000 0.322
720.000 0.330
721.000 0.337
722.000 0.344
723.000 0.351
724.000 0.357
725.000 0.365
726.000 0.372
727.000 0.377
728.000 0.384
729.000 0.391
730.000 0.396
731.000 0.403
732.000 0.408
733.000 0.413
734.000 0.417
735.000 0.422
736.000 0.426
737.000 0.430
738.000 0.433
739.000 0.437
740.000 0.440
741.000 0.443
742.000 0.446
743.000 0.449
744.000 0.451
745.000 0.454
746.000 0.457
747.000 0.459
748.000 0.460
749.000 0.462
750.000 0.465
751.000 0.466
752.000 0.467
753.000 0.469
754.000 0.471
755.000 0.471
756.000 0.473
757.000 0.474
758.000 0.475
759.000 0.475
760.000 0.475
761.000 0.476
762.000 0.477
763.000 0.478
764.000 0.479
765.000 0.480
766.000 0.481
767.000 0.482
768.000 0.483
769.000 0.483
770.000 0.484
771.000 0.484
772.000 0.485
773.000 0.485
774.000 0.486
775.000 0.486
776.000 0.487
777.000 0.488
778.000 0.488
779.000 0.489
780.000 0.489
781.000 0.490
782.000 0.490
783.000 0.491
784.000 0.491
785.000 0.492
786.000 0.492
787.000 0.492
788.000 0.493
789.000 0.493
790.000 0.494
791.000 0.494
792.000 0.494
793.000 0.495
794.000 0.495
795.000 0.496
796.000 0.497
797.000 0.497
798.000 0.497
799.000 0.498
800.000 0.498
801.000 0.498
802.000 0.499
803.000 0.499
804.000 0.500
805.000 0.500
806.000 0.501
807.000 0.501
808.000 0.502
809.000 0.502
810.000 0.502
811.000 0.502
812.000 0.503
813.000 0.503
814.000 0.503
815.000 0.503
816.000 0.504
817.000 0.505
818.000 0.505
819.000 0.505
820.000 0.506
821.000 0.506
822.000 0.506
823.000 0.506
824.000 0.508
825.000 0.508
826.000 0.508
827.000 0.509
828.000 0.509
829.000 0.509
830.000 0.509
831.000 0.510
832.000 0.509
833.000 0.510
834.000 0.511
835.000 0.511
836.000 0.512
837.000 0.512
838.000 0.512
839.000 0.513
840.000 0.513
841.000 0.514
842.000 0.514
843.000 0.514
844.000 0.514
845.000 0.514
846.000 0.515
847.000 0.515
848.000 0.515
849.000 0.516
850.000 0.516
851.000 0.516
852.000 0.517
853.000 0.517
854.000 0.517
855.000 0.518
856.000 0.518
857.000 0.518
858.000 0.519
859.000 0.519
860.000 0.519
861.000 0.520
862.000 0.520
863.000 0.520
864.000 0.520
865.000 0.520
866.000 0.520
867.000 0.520
868.000 0.521
869.000 0.521
870.000 0.522
871.000 0.521
872.000 0.522
873.000 0.522
874.000 0.523
875.000 0.523
876.000 0.523
877.000 0.523
878.000 0.524
879.000 0.524
880.000 0.524
881.000 0.525
882.000 0.525
883.000 0.525
884.000 0.526
885.000 0.526
886.000 0.526
887.000 0.527
888.000 0.527
889.000 0.528
890.000 0.528
891.000 0.528
892.000 0.528
893.000 0.528
894.000 0.529
895.000 0.528
896.000 0.528
897.000 0.529
898.000 0.529
899.000 0.529
900.000 0.530
901.000 0.530
902.000 0.531
903.000 0.531
904.000 0.532
905.000 0.532
906.000 0.532
907.000 0.532
908.000 0.532
909.000 0.532
910.000 0.532
911.000 0.532
912.000 0.533
913.000 0.533
914.000 0.533
915.000 0.533
916.000 0.534
917.000 0.535
918.000 0.534
919.000 0.534
920.000 0.534
921.000 0.535
922.000 0.536
923.000 0.535
924.000 0.536
925.000 0.535
926.000 0.536
927.000 0.537
928.000 0.535
929.000 0.535
930.000 0.537
931.000 0.537
932.000 0.537
933.000 0.536
934.000 0.535
935.000 0.536
936.000 0.538
937.000 0.538
938.000 0.538
939.000 0.537
940.000 0.537
941.000 0.536
942.000 0.535
943.000 0.535
944.000 0.538
945.000 0.539
946.000 0.537
947.000 0.534
948.000 0.536
949.000 0.535
950.000 0.534
951.000 0.534
952.000 0.536
953.000 0.535
954.000 0.535
955.000 0.538
956.000 0.540
957.000 0.536
958.000 0.534
959.000 0.537
960.000 0.538
961.000 0.534
962.000 0.533
963.000 0.534
964.000 0.533
965.000 0.536
966.000 0.537
967.000 0.534
968.000 0.535
969.000 0.535
970.000 0.535
971.000 0.535
972.000 0.537
973.000 0.537
974.000 0.535
975.000 0.536
976.000 0.538
977.000 0.538
978.000 0.538
979.000 0.539
980.000 0.541
981.000 0.539
982.000 0.538
983.000 0.540
984.000 0.540
985.000 0.539
986.000 0.539
987.000 0.539
988.000 0.541
989.000 0.541
990.000 0.542
991.000 0.542
992.000 0.541
993.000 0.541
994.000 0.542
995.000 0.544
996.000 0.546
997.000 0.545
998.000 0.544
999.000 0.546
1000.000 0.546
1001.000 0.547
1002.000 0.547
1003.000 0.546
1004.000 0.547
1005.000 0.548
1006.000 0.548
1007.000 0.549
1008.000 0.549
1009.000 0.549
1010.000 0.549
1011.000 0.549
1012.000 0.549
1013.000 0.549
1014.000 0.550
1015.000 0.551
1016.000 0.552
1017.000 0.553
1018.000 0.554
1019.000 0.554
1020.000 0.556
1021.000 0.555
1022.000 0.554
1023.000 0.554
1024.000 0.554
1025.000 0.553
1026.000 0.554
1027.000 0.554
1028.000 0.556
1029.000 0.557
1030.000 0.558
1031.000 0.558
1032.000 0.559
1033.000 0.560
1034.000 0.560
1035.000 0.562
1036.000 0.563
1037.000 0.562
1038.000 0.562
1039.000 0.562
1040.000 0.561
1041.000 0.561
1042.000 0.561
1043.000 0.562
1044.000 0.563
1045.000 0.564
1046.000 0.564
1047.000 0.565
1048.000 0.564
1049.000 0.564
1050.000 0.564
1051.000 0.564
1052.000 0.564
1053.000 0.565
1054.000 0.565
1055.000 0.565
1056.000 0.565
1057.000 0.565
1058.000 0.564
1059.000 0.564
1060.000 0.564
1061.000 0.565
1062.000 0.565
1063.000 0.565
1064.000 0.566
1065.000 0.566
1066.000 0.566
1067.000 0.567
1068.000 0.568
1069.000 0.568
1070.000 0.567
1071.000 0.566
1072.000 0.567
1073.000 0.567
1074.000 0.568
1075.000 0.569
1076.000 0.569
1077.000 0.569
1078.000 0.569
1079.000 0.569
1080.000 0.568
1081.000 0.569
1082.000 0.569
1083.000 0.568
1084.000 0.568
1085.000 0.568
1086.000 0.568
1087.000 0.568
1088.000 0.569
1089.000 0.570
1090.000 0.569
1091.000 0.569
1092.000 0.570
1093.000 0.569
1094.000 0.569
1095.000 0.570
1096.000 0.569
1097.000 0.569
1098.000 0.569
1099.000 0.569
1100.000 0.571
1101.000 0.571
1102.000 0.572
1103.000 0.572
1104.000 0.571
1105.000 0.572
1106.000 0.572
1107.000 0.572
1108.000 0.572
1109.000 0.572
1110.000 0.571
1111.000 0.571
1112.000 0.571
1113.000 0.571
1114.000 0.571
1115.000 0.570
1116.000 0.570
1117.000 0.571
1118.000 0.571
1119.000 0.573
1120.000 0.573
1121.000 0.573
1122.000 0.575
1123.000 0.574
1124.000 0.571
1125.000 0.572
1126.000 0.573
1127.000 0.574
1128.000 0.578
1129.000 0.579
1130.000 0.577
1131.000 0.575
1132.000 0.572
1133.000 0.569
1134.000 0.567
1135.000 0.566
1136.000 0.566
1137.000 0.566
1138.000 0.567
1139.000 0.566
1140.000 0.567
1141.000 0.568
1142.000 0.567
1143.000 0.565
1144.000 0.564
1145.000 0.561
1146.000 0.559
1147.000 0.558
1148.000 0.560
1149.000 0.561
1150.000 0.561
1151.000 0.560
1152.000 0.557
1153.000 0.554
1154.000 0.554
1155.000 0.553
1156.000 0.551
1157.000 0.551
1158.000 0.551
1159.000 0.551
1160.000 0.551
1161.000 0.552
1162.000 0.552
1163.000 0.552
1164.000 0.552
1165.000 0.552
1166.000 0.552
1167.000 0.552
1168.000 0.551
1169.000 0.551
1170.000 0.552
1171.000 0.551
1172.000 0.552
1173.000 0.553
1174.000 0.553
1175.000 0.554
1176.000 0.555
1177.000 0.555
1178.000 0.555
1179.000 0.554
1180.000 0.554
1181.000 0.552
1182.000 0.552
1183.000 0.552
1184.000 0.552
1185.000 0.553
1186.000 0.553
1187.000 0.554
1188.000 0.553
1189.000 0.553
1190.000 0.553
1191.000 0.554
1192.000 0.555
1193.000 0.555
1194.000 0.555
1195.000 0.555
1196.000 0.553
1197.000 0.553
1198.000 0.554
1199.000 0.554
1200.000 0.555
1201.000 0.556
1202.000 0.556
1203.000 0.556
1204.000 0.556
1205.000 0.556
1206.000 0.555
1207.000 0.555
1208.000 0.555
1209.000 0.555
1210.000 0.555
1211.000 0.556
1212.000 0.557
1213.000 0.558
1214.000 0.558
1215.000 0.558
1216.000 0.559
1217.000 0.558
1218.000 0.558
1219.000 0.559
1220.000 0.560
1221.000 0.559
1222.000 0.560
1223.000 0.559
1224.000 0.559
1225.000 0.561
1226.000 0.562
1227.000 0.562
1228.000 0.563
1229.000 0.563
1230.000 0.563
1231.000 0.563
1232.000 0.564
1233.000 0.565
1234.000 0.565
1235.000 0.565
1236.000 0.565
1237.000 0.566
1238.000 0.567
1239.000 0.567
1240.000 0.567
1241.000 0.567
1242.000 0.567
1243.000 0.568
1244.000 0.568
1245.000 0.568
1246.000 0.568
1247.000 0.568
1248.000 0.569
1249.000 0.569
1250.000 0.570
1251.000 0.570
1252.000 0.570
1253.000 0.570
1254.000 0.570
1255.000 0.570
1256.000 0.571
1257.000 0.571
1258.000 0.571
1259.000 0.572
1260.000 0.573
1261.000 0.572
1262.000 0.573
1263.000 0.574
1264.000 0.574
1265.000 0.573
1266.000 0.573
1267.000 0.573
1268.000 0.573
1269.000 0.573
1270.000 0.574
1271.000 0.575
1272.000 0.575
1273.000 0.575
1274.000 0.575
1275.000 0.575
1276.000 0.575
1277.000 0.575
1278.000 0.574
1279.000 0.574
1280.000 0.575
1281.000 0.575
1282.000 0.574
1283.000 0.574
1284.000 0.574
1285.000 0.574
1286.000 0.575
1287.000 0.575
1288.000 0.575
1289.000 0.575
1290.000 0.575
1291.000 0.575
1292.000 0.575
1293.000 0.574
1294.000 0.574
1295.000 0.573
1296.000 0.572
1297.000 0.572
1298.000 0.571
1299.000 0.571
1300.000 0.571
1301.000 0.570
1302.000 0.569
1303.000 0.569
1304.000 0.568
1305.000 0.566
1306.000 0.565
1307.000 0.565
1308.000 0.564
1309.000 0.563
1310.000 0.562
1311.000 0.562
1312.000 0.560
1313.000 0.559
1314.000 0.559
1315.000 0.557
1316.000 0.555
1317.000 0.555
1318.000 0.554
1319.000 0.553
1320.000 0.552
1321.000 0.551
1322.000 0.551
1323.000 0.550
1324.000 0.549
1325.000 0.547
1326.000 0.544
1327.000 0.542
1328.000 0.540
1329.000 0.539
1330.000 0.538
1331.000 0.539
1332.000 0.539
1333.000 0.539
1334.000 0.536
1335.000 0.535
1336.000 0.533
1337.000 0.531
1338.000 0.530
1339.000 0.528
1340.000 0.525
1341.000 0.523
1342.000 0.520
1343.000 0.519
1344.000 0.522
1345.000 0.524
1346.000 0.524
1347.000 0.525
1348.000 0.525
1349.000 0.519
1350.000 0.517
1351.000 0.524
1352.000 0.526
1353.000 0.537
1354.000 0.528
1355.000 0.562
1356.000 0.566
1357.000 0.579
1358.000 0.580
1359.000 0.657
1360.000 0.600
1361.000 0.549
1362.000 0.364
1363.000 0.375
1364.000 0.317
1365.000 0.213
1366.000 0.264
1367.000 0.189
1368.000 0.225
1369.000 0.233
1370.000 0.421
1371.000 0.543
1372.000 0.693
1373.000 0.583
1374.000 0.566
1375.000 0.445
1376.000 0.374
1377.000 0.319
1378.000 0.184
1379.000 0.214
1380.000 0.298
1381.000 0.608
1382.000 0.533
1383.000 0.622
1384.000 0.408
1385.000 0.347
1386.000 0.385
1387.000 0.323
1388.000 0.366
1389.000 0.343
1390.000 0.304
1391.000 0.286
1392.000 0.357
1393.000 0.387
1394.000 0.318
1395.000 0.352
1396.000 0.349
1397.000 0.249
1398.000 0.236
1399.000 0.277
1400.000 0.335
1401.000 0.398
1402.000 0.366
1403.000 0.385
1404.000 0.254
1405.000 0.303
1406.000 0.310
1407.000 0.340
1408.000 0.348
1409.000 0.443
1410.000 0.490
1411.000 0.430
1412.000 0.506
1413.000 0.547
1414.000 0.530
1415.000 0.340
1416.000 0.408
1417.000 0.360
1418.000 0.328
1419.000 0.356
1420.000 0.261
1421.000 0.263
1422.000 0.239
1423.000 0.215
1424.000 0.187
1425.000 0.350
1426.000 0.285
1427.000 0.251
1428.000 0.222
1429.000 0.274
1430.000 0.492
1431.000 0.417
1432.000 0.414
1433.000 0.397
1434.000 0.415
1435.000 0.362
1436.000 0.348
1437.000 0.279
1438.000 0.320
1439.000 0.262
1440.000 0.258
1441.000 0.285
1442.000 0.323
1443.000 0.289
1444.000 0.303
1445.000 0.320
1446.000 0.294
1447.000 0.275
1448.000 0.266
1449.000 0.238
1450.000 0.234
1451.000 0.241
1452.000 0.235
1453.000 0.238
1454.000 0.238
1455.000 0.237
1456.000 0.252
1457.000 0.257
1458.000 0.254
1459.000 0.253
1460.000 0.268
1461.000 0.266
1462.000 0.247
1463.000 0.251
1464.000 0.260
1465.000 0.262
1466.000 0.274
1467.000 0.270
1468.000 0.252
1469.000 0.249
1470.000 0.255
1471.000 0.258
1472.000 0.277
1473.000 0.276
1474.000 0.268
1475.000 0.266
1476.000 0.255
1477.000 0.251
1478.000 0.247
1479.000 0.234
1480.000 0.233
1481.000 0.232
1482.000 0.223
1483.000 0.225
1484.000 0.229
1485.000 0.237
1486.000 0.255
1487.000 0.263
1488.000 0.272
1489.000 0.276
1490.000 0.270
1491.000 0.269
1492.000 0.266
1493.000 0.265
1494.000 0.266
1495.000 0.267
1496.000 0.269
1497.000 0.270
1498.000 0.269
1499.000 0.272
1500.000 0.274
1501.000 0.274
1502.000 0.277
1503.000 0.277
1504.000 0.277
1505.000 0.281
1506.000 0.284
1507.000 0.286
1508.000 0.288
1509.000 0.289
1510.000 0.291
1511.000 0.292
1512.000 0.293
1513.000 0.294
1514.000 0.296
1515.000 0.298
1516.000 0.299
1517.000 0.301
1518.000 0.303
1519.000 0.304
1520.000 0.306
1521.000 0.310
1522.000 0.312
1523.000 0.315
1524.000 0.316
1525.000 0.316
1526.000 0.317
1527.000 0.315
1528.000 0.316
1529.000 0.316
1530.000 0.318
1531.000 0.322
1532.000 0.325
1533.000 0.329
1534.000 0.331
1535.000 0.333
1536.000 0.334
1537.000 0.334
1538.000 0.335
1539.000 0.336
1540.000 0.336
1541.000 0.336
1542.000 0.337
1543.000 0.340
1544.000 0.341
1545.000 0.345
1546.000 0.347
1547.000 0.347
1548.000 0.347
1549.000 0.346
1550.000 0.346
1551.000 0.346
1552.000 0.347
1553.000 0.349
1554.000 0.351
1555.000 0.355
1556.000 0.357
1557.000 0.358
1558.000 0.360
1559.000 0.362
1560.000 0.363
1561.000 0.363
1562.000 0.363
1563.000 0.361
1564.000 0.362
1565.000 0.364
1566.000 0.366
1567.000 0.369
1568.000 0.372
1569.000 0.372
1570.000 0.373
1571.000 0.376
1572.000 0.377
1573.000 0.378
1574.000 0.379
1575.000 0.380
1576.000 0.381
1577.000 0.382
1578.000 0.383
1579.000 0.386
1580.000 0.388
1581.000 0.389
1582.000 0.390
1583.000 0.389
1584.000 0.388
1585.000 0.387
1586.000 0.388
1587.000 0.390
1588.000 0.391
1589.000 0.393
1590.000 0.395
1591.000 0.398
1592.000 0.401
1593.000 0.404
1594.000 0.405
1595.000 0.405
1596.000 0.406
1597.000 0.406
1598.000 0.406
1599.000 0.408
1600.000 0.410
1601.000 0.411
1602.000 0.412
1603.000 0.412
1604.000 0.412
1605.000 0.412
1606.000 0.411
1607.000 0.412
1608.000 0.412
1609.000 0.412
1610.000 0.412
1611.000 0.413
1612.000 0.414
1613.000 0.414
1614.000 0.415
1615.000 0.413
1616.000 0.415
1617.000 0.419
1618.000 0.421
1619.000 0.424
1620.000 0.426
1621.000 0.427
1622.000 0.427
1623.000 0.428
1624.000 0.429
1625.000 0.428
1626.000 0.428
1627.000 0.429
1628.000 0.430
1629.000 0.432
1630.000 0.432
1631.000 0.433
1632.000 0.433
1633.000 0.431
1634.000 0.430
1635.000 0.434
1636.000 0.434
1637.000 0.435
1638.000 0.435
1639.000 0.433
1640.000 0.433
1641.000 0.435
1642.000 0.435
1643.000 0.437
1644.000 0.438
1645.000 0.438
1646.000 0.437
1647.000 0.435
1648.000 0.435
1649.000 0.434
1650.000 0.434
1651.000 0.437
1652.000 0.438
1653.000 0.438
1654.000 0.439
1655.000 0.438
1656.000 0.438
1657.000 0.439
1658.000 0.440
1659.000 0.440
1660.000 0.440
1661.000 0.442
1662.000 0.443
1663.000 0.442
1664.000 0.442
1665.000 0.440
1666.000 0.439
1667.000 0.440
1668.000 0.440
1669.000 0.441
1670.000 0.441
1671.000 0.442
1672.000 0.442
1673.000 0.443
1674.000 0.443
1675.000 0.442
1676.000 0.441
1677.000 0.439
1678.000 0.439
1679.000 0.439
1680.000 0.440
1681.000 0.445
1682.000 0.447
1683.000 0.448
1684.000 0.447
1685.000 0.443
1686.000 0.441
1687.000 0.439
1688.000 0.438
1689.000 0.439
1690.000 0.439
1691.000 0.441
1692.000 0.442
1693.000 0.440
1694.000 0.440
1695.000 0.438
1696.000 0.438
1697.000 0.437
1698.000 0.438
1699.000 0.442
1700.000 0.443
1701.000 0.447
1702.000 0.447
1703.000 0.441
1704.000 0.440
1705.000 0.440
1706.000 0.440
1707.000 0.443
1708.000 0.441
1709.000 0.437
1710.000 0.434
1711.000 0.430
1712.000 0.428
1713.000 0.430
1714.000 0.431
1715.000 0.433
1716.000 0.432
1717.000 0.432
1718.000 0.432
1719.000 0.430
1720.000 0.430
1721.000 0.430
1722.000 0.428
1723.000 0.429
1724.000 0.433
1725.000 0.434
1726.000 0.437
1727.000 0.439
1728.000 0.436
1729.000 0.434
1730.000 0.432
1731.000 0.430
1732.000 0.429
1733.000 0.428
1734.000 0.427
1735.000 0.426
1736.000 0.426
1737.000 0.424
1738.000 0.419
1739.000 0.417
1740.000 0.417
1741.000 0.416
1742.000 0.418
1743.000 0.420
1744.000 0.421
1745.000 0.422
1746.000 0.429
1747.000 0.427
1748.000 0.417
1749.000 0.413
1750.000 0.406
1751.000 0.403
1752.000 0.404
1753.000 0.403
1754.000 0.402
1755.000 0.401
1756.000 0.402
1757.000 0.404
1758.000 0.406
1759.000 0.408
1760.000 0.404
1761.000 0.398
1762.000 0.395
1763.000 0.393
1764.000 0.395
1765.000 0.402
1766.000 0.399
1767.000 0.393
1768.000 0.389
1769.000 0.384
1770.000 0.382
1771.000 0.379
1772.000 0.373
1773.000 0.367
1774.000 0.367
1775.000 0.369
1776.000 0.367
1777.000 0.371
1778.000 0.372
1779.000 0.366
1780.000 0.375
1781.000 0.380
1782.000 0.377
1783.000 0.384
1784.000 0.379
1785.000 0.371
1786.000 0.365
1787.000 0.362
1788.000 0.366
1789.000 0.382
1790.000 0.383
1791.000 0.387
1792.000 0.376
1793.000 0.370
1794.000 0.369
1795.000 0.363
1796.000 0.362
1797.000 0.349
1798.000 0.358
1799.000 0.352
1800.000 0.361
1801.000 0.565
1802.000 0.611
1803.000 0.698
1804.000 0.755
1805.000 0.718
1806.000 0.672
1807.000 0.683
1808.000 0.575
1809.000 0.535
1810.000 0.710
1811.000 0.700
1812.000 0.775
1813.000 0.780
1814.000 0.738
1815.000 0.788
1816.000 0.795
1817.000 0.816
1818.000 0.845
1819.000 0.839
1820.000 0.872
1821.000 0.731
1822.000 0.620
1823.000 0.551
1824.000 0.563
1825.000 0.491
1826.000 0.607
1827.000 0.663
1828.000 0.731
1829.000 0.696
1830.000 0.766
1831.000 0.767
1832.000 0.732
1833.000 0.736
1834.000 0.778
1835.000 0.744
1836.000 0.724
1837.000 0.694
1838.000 0.750
1839.000 0.741
1840.000 0.738
1841.000 0.765
1842.000 0.798
1843.000 0.632
1844.000 0.455
1845.000 0.582
1846.000 0.690
1847.000 0.725
1848.000 0.717
1849.000 0.732
1850.000 0.710
1851.000 0.699
1852.000 0.621
1853.000 0.655
1854.000 0.618
1855.000 0.599
1856.000 0.567
1857.000 0.517
1858.000 0.606
1859.000 0.559
1860.000 0.591
1861.000 0.418
1862.000 0.560
1863.000 0.582
1864.000 0.816
1865.000 0.538
1866.000 0.657
1867.000 0.701
1868.000 0.758
1869.000 0.812
1870.000 0.870
1871.000 0.652
1872.000 0.686
1873.000 0.604
1874.000 0.606
1875.000 0.516
1876.000 0.456
1877.000 0.537
1878.000 0.596
1879.000 0.291
1880.000 0.354
1881.000 0.367
1882.000 0.379
1883.000 0.393
1884.000 0.407
1885.000 0.435
1886.000 0.504
1887.000 0.312
1888.000 0.251
1889.000 0.536
1890.000 0.546
1891.000 0.629
1892.000 0.469
1893.000 0.348
1894.000 0.378
1895.000 0.504
1896.000 0.539
1897.000 0.630
1898.000 0.708
1899.000 0.506
1900.000 0.565
1901.000 0.471
1902.000 0.460
1903.000 0.496
1904.000 0.572
1905.000 0.568
1906.000 0.626
1907.000 0.550
1908.000 0.508
1909.000 0.398
1910.000 0.375
1911.000 0.376
1912.000 0.427
1913.000 0.550
1914.000 0.650
1915.000 0.796
1916.000 0.694
1917.000 0.595
1918.000 0.682
1919.000 0.768
1920.000 0.746
1921.000 0.534
1922.000 0.483
1923.000 0.450
1924.000 0.426
1925.000 0.354
1926.000 0.316
1927.000 0.284
1928.000 0.236
1929.000 0.243
1930.000 0.199
1931.000 0.357
1932.000 0.457
1933.000 0.483
1934.000 0.618
1935.000 0.625
1936.000 0.781
1937.000 0.789
1938.000 0.862
1939.000 0.646
1940.000 0.417
1941.000 0.253
1942.000 0.478
1943.000 0.420
1944.000 0.380
1945.000 0.340
1946.000 0.532
1947.000 0.415
1948.000 0.367
1949.000 0.370
1950.000 0.429
1951.000 0.459
1952.000 0.607
1953.000 0.618
1954.000 0.653
1955.000 0.418
1956.000 0.464
1957.000 0.519
1958.000 0.554
1959.000 0.499
1960.000 0.346
1961.000 0.353
1962.000 0.395
1963.000 0.442
1964.000 0.474
1965.000 0.529
1966.000 0.495
1967.000 0.460
1968.000 0.462
1969.000 0.366
1970.000 0.398
1971.000 0.409
1972.000 0.409
1973.000 0.360
1974.000 0.358
1975.000 0.338
1976.000 0.278
1977.000 0.267
1978.000 0.265
1979.000 0.286
1980.000 0.312
1981.000 0.347
1982.000 0.293
1983.000 0.246
1984.000 0.229
1985.000 0.209
1986.000 0.207
1987.000 0.231
1988.000 0.237
1989.000 0.237
1990.000 0.245
1991.000 0.255
1992.000 0.262
1993.000 0.266
1994.000 0.288
1995.000 0.322
1996.000 0.391
1997.000 0.380
1998.000 0.346
1999.000 0.343
2000.000 0.456
2001.000 0.473
2002.000 0.435
2003.000 0.487
2004.000 0.638
2005.000 0.625
2006.000 0.666
2007.000 0.656
2008.000 0.582
2009.000 0.456
2010.000 0.422
2011.000 0.456
2012.000 0.502
2013.000 0.604
2014.000 0.522
2015.000 0.310
2016.000 0.278
2017.000 0.273
2018.000 0.271
2019.000 0.289
2020.000 0.322
2021.000 0.333
2022.000 0.307
2023.000 0.288
2024.000 0.268
2025.000 0.280
2026.000 0.291
2027.000 0.291
2028.000 0.279
2029.000 0.278
2030.000 0.260
2031.000 0.258
2032.000 0.276
2033.000 0.277
2034.000 0.279
2035.000 0.266
2036.000 0.241
2037.000 0.230
2038.000 0.240
2039.000 0.234
2040.000 0.239
2041.000 0.244
2042.000 0.245
2043.000 0.233
2044.000 0.227
2045.000 0.226
2046.000 0.225
2047.000 0.224
2048.000 0.225
2049.000 0.229
2050.000 0.236
2051.000 0.230
2052.000 0.234
2053.000 0.235
2054.000 0.233
2055.000 0.243
2056.000 0.248
2057.000 0.247
2058.000 0.242
2059.000 0.249
2060.000 0.265
2061.000 0.276
2062.000 0.293
2063.000 0.312
2064.000 0.305
2065.000 0.308
2066.000 0.314
2067.000 0.305
2068.000 0.306
2069.000 0.305
2070.000 0.285
2071.000 0.261
2072.000 0.253
2073.000 0.243
2074.000 0.249
2075.000 0.278
2076.000 0.286
2077.000 0.283
2078.000 0.285
2079.000 0.273
2080.000 0.271
2081.000 0.282
2082.000 0.291
2083.000 0.305
2084.000 0.311
2085.000 0.302
2086.000 0.304
2087.000 0.303
2088.000 0.294
2089.000 0.293
2090.000 0.303
2091.000 0.303
2092.000 0.301
2093.000 0.292
2094.000 0.281
2095.000 0.274
2096.000 0.267
2097.000 0.263
2098.000 0.257
2099.000 0.252
2100.000 0.250
2101.000 0.255
2102.000 0.265
2103.000 0.283
2104.000 0.294
2105.000 0.310
2106.000 0.313
2107.000 0.301
2108.000 0.298
2109.000 0.289
2110.000 0.286
2111.000 0.290
2112.000 0.286
2113.000 0.279
2114.000 0.276
2115.000 0.272
2116.000 0.268
2117.000 0.269
2118.000 0.265
2119.000 0.257
2120.000 0.257
2121.000 0.263
2122.000 0.272
2123.000 0.281
2124.000 0.299
2125.000 0.301
2126.000 0.297
2127.000 0.289
2128.000 0.268
2129.000 0.261
2130.000 0.257
2131.000 0.256
2132.000 0.265
2133.000 0.267
2134.000 0.265
2135.000 0.264
2136.000 0.258
2137.000 0.256
2138.000 0.260
2139.000 0.266
2140.000 0.279
2141.000 0.287
2142.000 0.294
2143.000 0.302
2144.000 0.303
2145.000 0.298
2146.000 0.292
2147.000 0.277
2148.000 0.274
2149.000 0.277
2150.000 0.277
2151.000 0.281
2152.000 0.286
2153.000 0.286
2154.000 0.290
2155.000 0.303
2156.000 0.315
2157.000 0.306
2158.000 0.306
2159.000 0.296
2160.000 0.289
2161.000 0.286
2162.000 0.284
2163.000 0.285
2164.000 0.290
2165.000 0.296
2166.000 0.313
2167.000 0.319
2168.000 0.322
2169.000 0.323
2170.000 0.319
2171.000 0.312
2172.000 0.300
2173.000 0.290
2174.000 0.274
2175.000 0.269
2176.000 0.266
2177.000 0.271
2178.000 0.274
2179.000 0.278
2180.000 0.279
2181.000 0.279
2182.000 0.282
2183.000 0.289
2184.000 0.294
2185.000 0.297
2186.000 0.307
2187.000 0.326
2188.000 0.332
2189.000 0.343
2190.000 0.340
2191.000 0.314
2192.000 0.309
2193.000 0.306
2194.000 0.304
2195.000 0.312
2196.000 0.315
2197.000 0.322
2198.000 0.319
2199.000 0.306
2200.000 0.303
2201.000 0.302
2202.000 0.290
2203.000 0.297
2204.000 0.314
2205.000 0.330
2206.000 0.338
2207.000 0.336
2208.000 0.329
2209.000 0.322
2210.000 0.302
2211.000 0.295
2212.000 0.290
2213.000 0.291
2214.000 0.303
2215.000 0.304
2216.000 0.310
2217.000 0.312
2218.000 0.308
2219.000 0.308
2220.000 0.308
2221.000 0.308
2222.000 0.299
2223.000 0.299
2224.000 0.309
2225.000 0.314
2226.000 0.326
2227.000 0.327
2228.000 0.320
2229.000 0.307
2230.000 0.285
2231.000 0.273
2232.000 0.268
2233.000 0.262
2234.000 0.269
2235.000 0.272
2236.000 0.270
2237.000 0.280
2238.000 0.281
2239.000 0.277
2240.000 0.279
2241.000 0.280
2242.000 0.283
2243.000 0.293
2244.000 0.294
2245.000 0.300
2246.000 0.290
2247.000 0.271
2248.000 0.261
2249.000 0.243
2250.000 0.240
2251.000 0.252
2252.000 0.262
2253.000 0.291
2254.000 0.299
2255.000 0.286
2256.000 0.286
2257.000 0.281
2258.000 0.276
2259.000 0.276
2260.000 0.263
2261.000 0.272
2262.000 0.273
2263.000 0.262
2264.000 0.276
2265.000 0.268
2266.000 0.268
2267.000 0.277
2268.000 0.279
2269.000 0.284
2270.000 0.275
2271.000 0.277
2272.000 0.281
2273.000 0.290
2274.000 0.310
2275.000 0.316
2276.000 0.313
2277.000 0.310
2278.000 0.277
2279.000 0.277
2280.000 0.266
2281.000 0.268
2282.000 0.287
2283.000 0.293
2284.000 0.301
2285.000 0.298
2286.000 0.272
2287.000 0.267
2288.000 0.266
2289.000 0.268
2290.000 0.273
2291.000 0.276
2292.000 0.278
2293.000 0.274
2294.000 0.266
2295.000 0.262
2296.000 0.289
2297.000 0.301
2298.000 0.314
2299.000 0.264
2300.000 0.239
2301.000 0.233
2302.000 0.243
2303.000 0.261
2304.000 0.285
2305.000 0.327
2306.000 0.346
2307.000 0.389
2308.000 0.426
2309.000 0.401
2310.000 0.430
2311.000 0.436
2312.000 0.383
2313.000 0.347
2314.000 0.289
2315.000 0.235
2316.000 0.231
2317.000 0.272
2318.000 0.289
2319.000 0.268
2320.000 0.309
2321.000 0.293
2322.000 0.282
2323.000 0.313
2324.000 0.392
2325.000 0.309
2326.000 0.262
2327.000 0.258
2328.000 0.256
2329.000 0.217
2330.000 0.222
2331.000 0.252
2332.000 0.286
2333.000 0.256
2334.000 0.285
2335.000 0.263
2336.000 0.258
2337.000 0.269
2338.000 0.280
2339.000 0.328
2340.000 0.373
2341.000 0.413
2342.000 0.422
2343.000 0.395
2344.000 0.385
2345.000 0.357
2346.000 0.332
2347.000 0.243
2348.000 0.231
2349.000 0.323
2350.000 0.320
2351.000 0.356
2352.000 0.372
2353.000 0.264
2354.000 0.248
2355.000 0.229
2356.000 0.254
2357.000 0.257
2358.000 0.315
2359.000 0.311
2360.000 0.293
2361.000 0.365
2362.000 0.345
2363.000 0.188
2364.000 0.177
2365.000 0.140
2366.000 0.195
2367.000 0.222
2368.000 0.237
2369.000 0.353
2370.000 0.336
2371.000 0.307
2372.000 0.209
2373.000 0.201
2374.000 0.405
2375.000 0.524
2376.000 0.333
2377.000 0.269
2378.000 0.231
2379.000 0.230
2380.000 0.330
2381.000 0.259
2382.000 0.283
2383.000 0.258
2384.000 0.314
2385.000 0.429
2386.000 0.365
2387.000 0.395
2388.000 0.458
2389.000 0.322
2390.000 0.303
2391.000 0.271
2392.000 0.466
2393.000 0.595
2394.000 0.394
2395.000 0.135
2396.000 0.147
2397.000 0.201
2398.000 0.216
2399.000 0.293
2400.000 0.365
2401.000 0.473
2402.000 0.426
2403.000 0.590
2404.000 0.156
2405.000 0.262
2406.000 0.163
2407.000 0.163
2408.000 0.320
2409.000 0.378
2410.000 0.431
2411.000 0.479
2412.000 0.555
2413.000 0.633
2414.000 0.656
2415.000 0.430
2416.000 0.289
2417.000 0.195
2418.000 0.149
2419.000 0.249
2420.000 0.384
2421.000 0.233
2422.000 0.199
2423.000 0.432
2424.000 0.489
2425.000 0.427
2426.000 0.336
2427.000 0.323
2428.000 0.580
2429.000 0.556
2430.000 0.533
2431.000 0.686
2432.000 0.540
2433.000 0.651
2434.000 0.444
2435.000 0.241
2436.000 0.434
2437.000 0.528
2438.000 0.643
2439.000 0.208
2440.000 0.284
2441.000 0.380
2442.000 0.180
2443.000 0.425
2444.000 0.539
2445.000 0.667
2446.000 0.279
2447.000 0.488
2448.000 0.289
2449.000 0.468
2450.000 0.445
2451.000 0.505
2452.000 0.564
2453.000 0.562
2454.000 0.630
2455.000 0.524
2456.000 0.278
2457.000 0.341
2458.000 0.152
2459.000 0.308
2460.000 0.490
2461.000 0.534
2462.000 0.609
2463.000 0.640
2464.000 0.416
2465.000 0.326
2466.000 0.283
2467.000 0.500
2468.000 0.229
2469.000 0.440
2470.000 0.300
2471.000 0.340
2472.000 0.219
2473.000 0.217
2474.000 0.151
2475.000 0.172
2476.000 0.209
2477.000 0.262
2478.000 0.576
2479.000 0.538
2480.000 0.590
2481.000 0.474
2482.000 0.325
2483.000 0.509
2484.000 0.588
2485.000 0.492
2486.000 0.399
2487.000 0.380
2488.000 0.367
2489.000 0.396
2490.000 0.450
2491.000 0.482
2492.000 0.528
2493.000 0.402
2494.000 0.111
2495.000 0.283
2496.000 0.326
2497.000 0.393
2498.000 0.374
2499.000 0.273
2500.000 0.349
