391.000 0.087
392.000 0.084
393.000 0.084
394.000 0.086
395.000 0.095
396.000 0.098
397.000 0.089
398.000 0.083
399.000 0.085
400.000 0.087
401.000 0.085
402.000 0.083
403.000 0.080
404.000 0.079
405.000 0.081
406.000 0.084
407.000 0.085
408.000 0.086
409.000 0.083
410.000 0.082
411.000 0.085
412.000 0.087
413.000 0.087
414.000 0.087
415.000 0.084
416.000 0.078
417.000 0.081
418.000 0.084
419.000 0.082
420.000 0.080
421.000 0.081
422.000 0.081
423.000 0.079
424.000 0.078
425.000 0.080
426.000 0.082
427.000 0.079
428.000 0.083
429.000 0.087
430.000 0.085
431.000 0.082
432.000 0.082
433.000 0.082
434.000 0.081
435.000 0.082
436.000 0.081
437.000 0.082
438.000 0.083
439.000 0.082
440.000 0.082
441.000 0.082
442.000 0.083
443.000 0.083
444.000 0.082
445.000 0.080
446.000 0.082
447.000 0.083
448.000 0.082
449.000 0.081
450.000 0.082
451.000 0.083
452.000 0.083
453.000 0.083
454.000 0.083
455.000 0.084
456.000 0.083
457.000 0.083
458.000 0.083
459.000 0.083
460.000 0.087
461.000 0.086
462.000 0.084
463.000 0.081
464.000 0.083
465.000 0.084
466.000 0.086
467.000 0.085
468.000 0.084
469.000 0.083
470.000 0.083
471.000 0.085
472.000 0.084
473.000 0.084
474.000 0.084
475.000 0.084
476.000 0.085
477.000 0.087
478.000 0.087
479.000 0.086
480.000 0.083
481.000 0.084
482.000 0.087
483.000 0.085
484.000 0.085
485.000 0.089
486.000 0.087
487.000 0.085
488.000 0.085
489.000 0.088
490.000 0.089
491.000 0.088
492.000 0.087
493.000 0.087
494.000 0.088
495.000 0.088
496.000 0.089
497.000 0.089
498.000 0.090
499.000 0.089
500.000 0.090
501.000 0.092
502.000 0.093
503.000 0.093
504.000 0.094
505.000 0.096
506.000 0.099
507.000 0.101
508.000 0.102
509.000 0.102
510.000 0.103
511.000 0.106
512.000 0.109
513.000 0.113
514.000 0.115
515.000 0.116
516.000 0.121
517.000 0.124
518.000 0.128
519.000 0.132
520.000 0.135
521.000 0.138
522.000 0.144
523.000 0.149
524.000 0.154
525.000 0.159
526.000 0.163
527.000 0.167
528.000 0.171
529.000 0.175
530.000 0.178
531.000 0.181
532.000 0.184
533.000 0.187
534.000 0.189
535.000 0.193
536.000 0.194
537.000 0.196
538.000 0.197
539.000 0.198
540.000 0.200
541.000 0.201
542.000 0.202
543.000 0.203
544.000 0.202
545.000 0.203
546.000 0.203
547.000 0.203
548.000 0.204
549.000 0.205
550.000 0.206
551.000 0.206
552.000 0.206
553.000 0.206
554.000 0.206
555.000 0.206
556.000 0.204
557.000 0.203
558.000 0.203
559.000 0.201
560.000 0.199
561.000 0.198
562.000 0.195
563.000 0.193
564.000 0.191
565.000 0.189
566.000 0.186
567.000 0.183
568.000 0.180
569.000 0.178
570.000 0.175
571.000 0.173
572.000 0.169
573.000 0.168
574.000 0.168
575.000 0.165
576.000 0.161
577.000 0.158
578.000 0.156
579.000 0.156
580.000 0.155
581.000 0.154
582.000 0.152
583.000 0.149
584.000 0.147
585.000 0.147
586.000 0.147
587.000 0.144
588.000 0.144
589.000 0.143
590.000 0.143
591.000 0.141
592.000 0.141
593.000 0.141
594.000 0.140
595.000 0.139
596.000 0.139
597.000 0.141
598.000 0.138
599.000 0.137
600.000 0.137
601.000 0.137
602.000 0.138
603.000 0.137
604.000 0.135
605.000 0.135
606.000 0.135
607.000 0.134
608.000 0.132
609.000 0.133
610.000 0.135
611.000 0.133
612.000 0.131
613.000 0.130
614.000 0.129
615.000 0.129
616.000 0.128
617.000 0.128
618.000 0.127
619.000 0.125
620.000 0.126
621.000 0.126
622.000 0.125
623.000 0.128
624.000 0.128
625.000 0.127
626.000 0.127
627.000 0.127
628.000 0.127
629.000 0.127
630.000 0.126
631.000 0.126
632.000 0.126
633.000 0.124
634.000 0.123
635.000 0.125
636.000 0.124
637.000 0.121
638.000 0.122
639.000 0.123
640.000 0.123
641.000 0.119
642.000 0.119
643.000 0.120
644.000 0.119
645.000 0.117
646.000 0.115
647.000 0.114
648.000 0.116
649.000 0.118
650.000 0.118
651.000 0.116
652.000 0.118
653.000 0.116
654.000 0.115
655.000 0.115
656.000 0.118
657.000 0.118
658.000 0.116
659.000 0.116
660.000 0.116
661.000 0.117
662.000 0.117
663.000 0.114
664.000 0.116
665.000 0.117
666.000 0.115
667.000 0.116
668.000 0.118
669.000 0.119
670.000 0.117
671.000 0.119
672.000 0.121
673.000 0.123
674.000 0.122
675.000 0.122
676.000 0.125
677.000 0.129
678.000 0.131
679.000 0.131
680.000 0.133
681.000 0.136
682.000 0.136
683.000 0.136
684.000 0.139
685.000 0.144
686.000 0.147
687.000 0.149
688.000 0.149
689.000 0.152
690.000 0.157
691.000 0.161
692.000 0.167
693.000 0.172
694.000 0.181
695.000 0.191
696.000 0.202
697.000 0.214
698.000 0.226
699.000 0.239
700.000 0.254
701.000 0.268
702.000 0.282
703.000 0.296
704.000 0.311
705.000 0.326
706.000 0.339
707.000 0.352
708.000 0.365
709.000 0.379
710.000 0.392
711.000 0.405
712.000 0.418
713.000 0.430
714.000 0.442
715.000 0.455
716.000 0.468
717.000 0.479
718.000 0.492
719.000 0.507
720.000 0.521
721.000 0.530
722.000 0.541
723.000 0.552
724.000 0.563
725.000 0.573
726.000 0.582
727.000 0.592
728.000 0.602
729.000 0.610
730.000 0.606
731.000 0.613
732.000 0.620
733.000 0.627
734.000 0.634
735.000 0.630
736.000 0.634
737.000 0.640
738.000 0.645
739.000 0.648
740.000 0.645
741.000 0.649
742.000 0.652
743.000 0.656
744.000 0.659
745.000 0.661
746.000 0.664
747.000 0.665
748.000 0.663
749.000 0.664
750.000 0.666
751.000 0.667
752.000 0.669
753.000 0.671
754.000 0.672
755.000 0.672
756.000 0.673
757.000 0.673
758.000 0.673
759.000 0.674
760.000 0.674
761.000 0.674
762.000 0.675
763.000 0.675
764.000 0.675
765.000 0.676
766.000 0.676
767.000 0.676
768.000 0.676
769.000 0.676
770.000 0.677
771.000 0.677
772.000 0.677
773.000 0.678
774.000 0.678
775.000 0.678
776.000 0.679
777.000 0.679
778.000 0.679
779.000 0.679
780.000 0.680
781.000 0.680
782.000 0.680
783.000 0.681
784.000 0.681
785.000 0.681
786.000 0.682
787.000 0.682
788.000 0.682
789.000 0.683
790.000 0.683
791.000 0.683
792.000 0.684
793.000 0.683
794.000 0.684
795.000 0.684
796.000 0.684
797.000 0.684
798.000 0.685
799.000 0.685
800.000 0.686
801.000 0.686
802.000 0.686
803.000 0.686
804.000 0.686
805.000 0.687
806.000 0.687
807.000 0.688
808.000 0.688
809.000 0.688
810.000 0.688
811.000 0.689
812.000 0.689
813.000 0.690
814.000 0.690
815.000 0.690
816.000 0.690
817.000 0.691
818.000 0.691
819.000 0.691
820.000 0.692
821.000 0.692
822.000 0.692
823.000 0.692
824.000 0.692
825.000 0.693
826.000 0.693
827.000 0.693
828.000 0.694
829.000 0.694
830.000 0.694
831.000 0.694
832.000 0.695
833.000 0.695
834.000 0.695
835.000 0.696
836.000 0.696
837.000 0.696
838.000 0.696
839.000 0.697
840.000 0.697
841.000 0.697
842.000 0.698
843.000 0.698
844.000 0.698
845.000 0.698
846.000 0.699
847.000 0.699
848.000 0.699
849.000 0.699
850.000 0.700
851.000 0.700
852.000 0.700
853.000 0.700
854.000 0.701
855.000 0.701
856.000 0.701
857.000 0.701
858.000 0.702
859.000 0.702
860.000 0.702
861.000 0.702
862.000 0.703
863.000 0.703
864.000 0.703
865.000 0.703
866.000 0.704
867.000 0.704
868.000 0.704
869.000 0.704
870.000 0.705
871.000 0.703
872.000 0.704
873.000 0.704
874.000 0.704
875.000 0.704
876.000 0.705
877.000 0.705
878.000 0.705
879.000 0.705
880.000 0.706
881.000 0.706
882.000 0.706
883.000 0.706
884.000 0.707
885.000 0.707
886.000 0.707
887.000 0.708
888.000 0.708
889.000 0.708
890.000 0.708
891.000 0.708
892.000 0.709
893.000 0.709
894.000 0.709
895.000 0.709
896.000 0.709
897.000 0.710
898.000 0.710
899.000 0.711
900.000 0.711
901.000 0.711
902.000 0.712
903.000 0.712
904.000 0.713
905.000 0.713
906.000 0.713
907.000 0.713
908.000 0.713
909.000 0.713
910.000 0.713
911.000 0.714
912.000 0.716
913.000 0.714
914.000 0.715
915.000 0.715
916.000 0.715
917.000 0.714
918.000 0.714
919.000 0.715
920.000 0.715
921.000 0.716
922.000 0.716
923.000 0.717
924.000 0.716
925.000 0.716
926.000 0.717
927.000 0.718
928.000 0.719
929.000 0.718
930.000 0.718
931.000 0.719
932.000 0.719
933.000 0.720
934.000 0.721
935.000 0.721
936.000 0.721
937.000 0.723
938.000 0.722
939.000 0.722
940.000 0.722
941.000 0.720
942.000 0.722
943.000 0.722
944.000 0.722
945.000 0.723
946.000 0.724
947.000 0.721
948.000 0.724
949.000 0.725
950.000 0.724
951.000 0.723
952.000 0.725
953.000 0.725
954.000 0.726
955.000 0.726
956.000 0.725
957.000 0.727
958.000 0.728
959.000 0.728
960.000 0.726
961.000 0.726
962.000 0.726
963.000 0.726
964.000 0.728
965.000 0.729
966.000 0.729
967.000 0.728
968.000 0.726
969.000 0.727
970.000 0.729
971.000 0.729
972.000 0.729
973.000 0.730
974.000 0.729
975.000 0.730
976.000 0.731
977.000 0.730
978.000 0.730
979.000 0.732
980.000 0.733
981.000 0.731
982.000 0.731
983.000 0.730
984.000 0.730
985.000 0.731
986.000 0.730
987.000 0.731
988.000 0.731
989.000 0.730
990.000 0.731
991.000 0.733
992.000 0.731
993.000 0.732
994.000 0.732
995.000 0.733
996.000 0.733
997.000 0.733
998.000 0.733
999.000 0.733
1000.000 0.733
1001.000 0.733
1002.000 0.734
1003.000 0.733
1004.000 0.734
1005.000 0.734
1006.000 0.734
1007.000 0.734
1008.000 0.734
1009.000 0.735
1010.000 0.735
1011.000 0.734
1012.000 0.734
1013.000 0.734
1014.000 0.734
1015.000 0.734
1016.000 0.735
1017.000 0.735
1018.000 0.735
1019.000 0.735
1020.000 0.736
1021.000 0.736
1022.000 0.736
1023.000 0.737
1024.000 0.735
1025.000 0.735
1026.000 0.735
1027.000 0.735
1028.000 0.735
1029.000 0.736
1030.000 0.736
1031.000 0.736
1032.000 0.737
1033.000 0.737
1034.000 0.738
1035.000 0.738
1036.000 0.739
1037.000 0.735
1038.000 0.736
1039.000 0.739
1040.000 0.738
1041.000 0.737
1042.000 0.737
1043.000 0.738
1044.000 0.738
1045.000 0.736
1046.000 0.736
1047.000 0.737
1048.000 0.737
1049.000 0.737
1050.000 0.737
1051.000 0.737
1052.000 0.737
1053.000 0.737
1054.000 0.737
1055.000 0.736
1056.000 0.737
1057.000 0.737
1058.000 0.740
1059.000 0.740
1060.000 0.740
1061.000 0.740
1062.000 0.740
1063.000 0.741
1064.000 0.741
1065.000 0.738
1066.000 0.739
1067.000 0.739
1068.000 0.740
1069.000 0.739
1070.000 0.739
1071.000 0.739
1072.000 0.739
1073.000 0.740
1074.000 0.740
1075.000 0.740
1076.000 0.740
1077.000 0.740
1078.000 0.740
1079.000 0.740
1080.000 0.741
1081.000 0.741
1082.000 0.741
1083.000 0.741
1084.000 0.741
1085.000 0.744
1086.000 0.744
1087.000 0.744
1088.000 0.745
1089.000 0.746
1090.000 0.746
1091.000 0.746
1092.000 0.747
1093.000 0.747
1094.000 0.747
1095.000 0.747
1096.000 0.747
1097.000 0.744
1098.000 0.747
1099.000 0.747
1100.000 0.748
1101.000 0.748
1102.000 0.748
1103.000 0.749
1104.000 0.750
1105.000 0.750
1106.000 0.750
1107.000 0.750
1108.000 0.752
1109.000 0.751
1110.000 0.751
1111.000 0.752
1112.000 0.752
1113.000 0.752
1114.000 0.753
1115.000 0.753
1116.000 0.752
1117.000 0.746
1118.000 0.741
1119.000 0.741
1120.000 0.731
1121.000 0.725
1122.000 0.716
1123.000 0.715
1124.000 0.735
1125.000 0.742
1126.000 0.736
1127.000 0.734
1128.000 0.739
1129.000 0.743
1130.000 0.733
1131.000 0.736
1132.000 0.737
1133.000 0.727
1134.000 0.738
1135.000 0.748
1136.000 0.740
1137.000 0.749
1138.000 0.745
1139.000 0.746
1140.000 0.744
1141.000 0.742
1142.000 0.738
1143.000 0.732
1144.000 0.733
1145.000 0.733
1146.000 0.736
1147.000 0.744
1148.000 0.752
1149.000 0.759
1150.000 0.754
1151.000 0.751
1152.000 0.753
1153.000 0.754
1154.000 0.753
1155.000 0.759
1156.000 0.766
1157.000 0.766
1158.000 0.760
1159.000 0.759
1160.000 0.757
1161.000 0.757
1162.000 0.760
1163.000 0.762
1164.000 0.763
1165.000 0.765
1166.000 0.765
1167.000 0.766
1168.000 0.767
1169.000 0.767
1170.000 0.767
1171.000 0.767
1172.000 0.767
1173.000 0.767
1174.000 0.768
1175.000 0.768
1176.000 0.769
1177.000 0.769
1178.000 0.769
1179.000 0.769
1180.000 0.769
1181.000 0.769
1182.000 0.769
1183.000 0.769
1184.000 0.769
1185.000 0.769
1186.000 0.770
1187.000 0.770
1188.000 0.770
1189.000 0.770
1190.000 0.771
1191.000 0.772
1192.000 0.772
1193.000 0.772
1194.000 0.772
1195.000 0.772
1196.000 0.772
1197.000 0.772
1198.000 0.773
1199.000 0.773
1200.000 0.773
1201.000 0.773
1202.000 0.773
1203.000 0.773
1204.000 0.773
1205.000 0.773
1206.000 0.774
1207.000 0.774
1208.000 0.773
1209.000 0.774
1210.000 0.774
1211.000 0.774
1212.000 0.774
1213.000 0.774
1214.000 0.774
1215.000 0.775
1216.000 0.775
1217.000 0.776
1218.000 0.776
1219.000 0.776
1220.000 0.776
1221.000 0.776
1222.000 0.776
1223.000 0.776
1224.000 0.776
1225.000 0.776
1226.000 0.777
1227.000 0.777
1228.000 0.777
1229.000 0.777
1230.000 0.777
1231.000 0.778
1232.000 0.778
1233.000 0.778
1234.000 0.778
1235.000 0.778
1236.000 0.778
1237.000 0.778
1238.000 0.779
1239.000 0.779
1240.000 0.779
1241.000 0.779
1242.000 0.779
1243.000 0.779
1244.000 0.779
1245.000 0.780
1246.000 0.779
1247.000 0.780
1248.000 0.780
1249.000 0.780
1250.000 0.780
1251.000 0.781
1252.000 0.781
1253.000 0.781
1254.000 0.781
1255.000 0.781
1256.000 0.781
1257.000 0.781
1258.000 0.781
1259.000 0.781
1260.000 0.782
1261.000 0.782
1262.000 0.782
1263.000 0.783
1264.000 0.783
1265.000 0.783
1266.000 0.783
1267.000 0.783
1268.000 0.783
1269.000 0.784
1270.000 0.784
1271.000 0.785
1272.000 0.785
1273.000 0.785
1274.000 0.784
1275.000 0.784
1276.000 0.785
1277.000 0.785
1278.000 0.785
1279.000 0.785
1280.000 0.786
1281.000 0.786
1282.000 0.786
1283.000 0.786
1284.000 0.786
1285.000 0.786
1286.000 0.787
1287.000 0.787
1288.000 0.787
1289.000 0.788
1290.000 0.788
1291.000 0.788
1292.000 0.788
1293.000 0.788
1294.000 0.788
1295.000 0.789
1296.000 0.789
1297.000 0.789
1298.000 0.790
1299.000 0.790
1300.000 0.790
1301.000 0.789
1302.000 0.789
1303.000 0.789
1304.000 0.790
1305.000 0.790
1306.000 0.790
1307.000 0.790
1308.000 0.791
1309.000 0.791
1310.000 0.791
1311.000 0.791
1312.000 0.792
1313.000 0.792
1314.000 0.792
1315.000 0.792
1316.000 0.791
1317.000 0.792
1318.000 0.789
1319.000 0.788
1320.000 0.785
1321.000 0.784
1322.000 0.783
1323.000 0.783
1324.000 0.783
1325.000 0.783
1326.000 0.782
1327.000 0.780
1328.000 0.778
1329.000 0.777
1330.000 0.761
1331.000 0.776
1332.000 0.770
1333.000 0.766
1334.000 0.766
1335.000 0.760
1336.000 0.759
1337.000 0.759
1338.000 0.761
1339.000 0.760
1340.000 0.761
1341.000 0.760
1342.000 0.758
1343.000 0.752
1344.000 0.749
1345.000 0.745
1346.000 0.745
1347.000 0.744
1348.000 0.740
1349.000 0.730
1350.000 0.713
1351.000 0.702
1352.000 0.656
1353.000 0.557
1354.000 0.488
1355.000 0.459
1356.000 0.399
1357.000 0.405
1358.000 0.484
1359.000 0.468
1360.000 0.432
1361.000 0.348
1362.000 0.342
1363.000 0.221
1364.000 0.249
1365.000 0.359
1366.000 0.425
1367.000 0.481
1368.000 0.572
1369.000 0.598
1370.000 0.669
1371.000 0.735
1372.000 0.863
1373.000 0.645
1374.000 0.528
1375.000 0.520
1376.000 0.511
1377.000 0.591
1378.000 0.599
1379.000 0.566
1380.000 0.518
1381.000 0.537
1382.000 0.628
1383.000 0.730
1384.000 0.514
1385.000 0.421
1386.000 0.252
1387.000 0.298
1388.000 0.291
1389.000 0.262
1390.000 0.301
1391.000 0.275
1392.000 0.365
1393.000 0.336
1394.000 0.180
1395.000 0.175
1396.000 0.265
1397.000 0.315
1398.000 0.304
1399.000 0.293
1400.000 0.384
1401.000 0.390
1402.000 0.460
1403.000 0.374
1404.000 0.396
1405.000 0.392
1406.000 0.368
1407.000 0.363
1408.000 0.323
1409.000 0.250
1410.000 0.279
1411.000 0.260
1412.000 0.305
1413.000 0.393
1414.000 0.347
1415.000 0.570
1416.000 0.539
1417.000 0.385
1418.000 0.271
1419.000 0.200
1420.000 0.236
1421.000 0.257
1422.000 0.302
1423.000 0.469
1424.000 0.545
1425.000 0.185
1426.000 0.212
1427.000 0.303
1428.000 0.305
1429.000 0.587
1430.000 0.560
1431.000 0.500
1432.000 0.386
1433.000 0.303
1434.000 0.286
1435.000 0.265
1436.000 0.261
1437.000 0.253
1438.000 0.239
1439.000 0.316
1440.000 0.318
1441.000 0.426
1442.000 0.545
1443.000 0.626
1444.000 0.580
1445.000 0.486
1446.000 0.402
1447.000 0.347
1448.000 0.385
1449.000 0.381
1450.000 0.396
1451.000 0.399
1452.000 0.398
1453.000 0.382
1454.000 0.317
1455.000 0.311
1456.000 0.317
1457.000 0.312
1458.000 0.334
1459.000 0.354
1460.000 0.400
1461.000 0.401
1462.000 0.370
1463.000 0.365
1464.000 0.308
1465.000 0.302
1466.000 0.313
1467.000 0.310
1468.000 0.312
1469.000 0.310
1470.000 0.314
1471.000 0.312
1472.000 0.294
1473.000 0.304
1474.000 0.314
1475.000 0.332
1476.000 0.374
1477.000 0.411
1478.000 0.482
1479.000 0.493
1480.000 0.456
1481.000 0.431
1482.000 0.383
1483.000 0.370
1484.000 0.364
1485.000 0.368
1486.000 0.383
1487.000 0.398
1488.000 0.419
1489.000 0.435
1490.000 0.457
1491.000 0.466
1492.000 0.462
1493.000 0.465
1494.000 0.466
1495.000 0.466
1496.000 0.470
1497.000 0.471
1498.000 0.468
1499.000 0.465
1500.000 0.462
1501.000 0.470
1502.000 0.478
1503.000 0.485
1504.000 0.496
1505.000 0.499
1506.000 0.499
1507.000 0.492
1508.000 0.490
1509.000 0.485
1510.000 0.488
1511.000 0.498
1512.000 0.503
1513.000 0.513
1514.000 0.515
1515.000 0.510
1516.000 0.512
1517.000 0.510
1518.000 0.518
1519.000 0.538
1520.000 0.545
1521.000 0.553
1522.000 0.556
1523.000 0.551
1524.000 0.552
1525.000 0.555
1526.000 0.557
1527.000 0.556
1528.000 0.559
1529.000 0.562
1530.000 0.567
1531.000 0.581
1532.000 0.586
1533.000 0.588
1534.000 0.588
1535.000 0.579
1536.000 0.580
1537.000 0.583
1538.000 0.585
1539.000 0.590
1540.000 0.593
1541.000 0.594
1542.000 0.596
1543.000 0.602
1544.000 0.602
1545.000 0.596
1546.000 0.596
1547.000 0.598
1548.000 0.600
1549.000 0.607
1550.000 0.612
1551.000 0.615
1552.000 0.616
1553.000 0.613
1554.000 0.613
1555.000 0.611
1556.000 0.612
1557.000 0.620
1558.000 0.624
1559.000 0.631
1560.000 0.633
1561.000 0.633
1562.000 0.633
1563.000 0.626
1564.000 0.627
1565.000 0.635
1566.000 0.640
1567.000 0.648
1568.000 0.653
1569.000 0.653
1570.000 0.655
1571.000 0.660
1572.000 0.663
1573.000 0.665
1574.000 0.665
1575.000 0.658
1576.000 0.659
1577.000 0.666
1578.000 0.669
1579.000 0.673
1580.000 0.676
1581.000 0.673
1582.000 0.672
1583.000 0.673
1584.000 0.674
1585.000 0.674
1586.000 0.675
1587.000 0.675
1588.000 0.677
1589.000 0.682
1590.000 0.685
1591.000 0.688
1592.000 0.689
1593.000 0.689
1594.000 0.688
1595.000 0.688
1596.000 0.688
1597.000 0.691
1598.000 0.693
1599.000 0.698
1600.000 0.699
1601.000 0.693
1602.000 0.693
1603.000 0.692
1604.000 0.694
1605.000 0.685
1606.000 0.691
1607.000 0.699
1608.000 0.703
1609.000 0.702
1610.000 0.701
1611.000 0.696
1612.000 0.709
1613.000 0.705
1614.000 0.705
1615.000 0.696
1616.000 0.699
1617.000 0.703
1618.000 0.705
1619.000 0.702
1620.000 0.703
1621.000 0.706
1622.000 0.709
1623.000 0.715
1624.000 0.716
1625.000 0.715
1626.000 0.714
1627.000 0.709
1628.000 0.708
1629.000 0.714
1630.000 0.715
1631.000 0.720
1632.000 0.721
1633.000 0.716
1634.000 0.715
1635.000 0.719
1636.000 0.720
1637.000 0.728
1638.000 0.728
1639.000 0.717
1640.000 0.713
1641.000 0.705
1642.000 0.703
1643.000 0.713
1644.000 0.718
1645.000 0.722
1646.000 0.724
1647.000 0.723
1648.000 0.721
1649.000 0.719
1650.000 0.716
1651.000 0.721
1652.000 0.722
1653.000 0.714
1654.000 0.717
1655.000 0.727
1656.000 0.731
1657.000 0.724
1658.000 0.722
1659.000 0.724
1660.000 0.723
1661.000 0.721
1662.000 0.720
1663.000 0.718
1664.000 0.715
1665.000 0.711
1666.000 0.712
1667.000 0.718
1668.000 0.720
1669.000 0.727
1670.000 0.729
1671.000 0.721
1672.000 0.719
1673.000 0.723
1674.000 0.721
1675.000 0.718
1676.000 0.717
1677.000 0.714
1678.000 0.712
1679.000 0.714
1680.000 0.715
1681.000 0.717
1682.000 0.717
1683.000 0.715
1684.000 0.715
1685.000 0.710
1686.000 0.711
1687.000 0.718
1688.000 0.721
1689.000 0.724
1690.000 0.727
1691.000 0.727
1692.000 0.726
1693.000 0.722
1694.000 0.723
1695.000 0.726
1696.000 0.727
1697.000 0.731
1698.000 0.730
1699.000 0.720
1700.000 0.714
1701.000 0.707
1702.000 0.707
1703.000 0.711
1704.000 0.712
1705.000 0.716
1706.000 0.717
1707.000 0.711
1708.000 0.710
1709.000 0.713
1710.000 0.709
1711.000 0.701
1712.000 0.700
1713.000 0.698
1714.000 0.711
1715.000 0.724
1716.000 0.726
1717.000 0.730
1718.000 0.730
1719.000 0.721
1720.000 0.713
1721.000 0.710
1722.000 0.701
1723.000 0.695
1724.000 0.695
1725.000 0.690
1726.000 0.685
1727.000 0.678
1728.000 0.682
1729.000 0.693
1730.000 0.701
1731.000 0.712
1732.000 0.720
1733.000 0.718
1734.000 0.713
1735.000 0.714
1736.000 0.707
1737.000 0.703
1738.000 0.704
1739.000 0.702
1740.000 0.708
1741.000 0.702
1742.000 0.697
1743.000 0.698
1744.000 0.690
1745.000 0.693
1746.000 0.693
1747.000 0.694
1748.000 0.692
1749.000 0.693
1750.000 0.698
1751.000 0.701
1752.000 0.708
1753.000 0.705
1754.000 0.709
1755.000 0.709
1756.000 0.689
1757.000 0.694
1758.000 0.716
1759.000 0.731
1760.000 0.733
1761.000 0.736
1762.000 0.748
1763.000 0.735
1764.000 0.708
1765.000 0.681
1766.000 0.676
1767.000 0.651
1768.000 0.662
1769.000 0.666
1770.000 0.680
1771.000 0.663
1772.000 0.632
1773.000 0.612
1774.000 0.627
1775.000 0.621
1776.000 0.611
1777.000 0.624
1778.000 0.634
1779.000 0.619
1780.000 0.664
1781.000 0.698
1782.000 0.698
1783.000 0.705
1784.000 0.690
1785.000 0.660
1786.000 0.663
1787.000 0.663
1788.000 0.669
1789.000 0.706
1790.000 0.702
1791.000 0.629
1792.000 0.634
1793.000 0.672
1794.000 0.674
1795.000 0.717
1796.000 0.723
1797.000 0.652
1798.000 0.603
1799.000 0.574
1800.000 0.608
1801.000 0.527
1802.000 0.519
1803.000 0.707
1804.000 0.739
1805.000 0.568
1806.000 0.584
1807.000 0.512
1808.000 0.511
1809.000 0.545
1810.000 0.520
1811.000 0.424
1812.000 0.388
1813.000 0.446
1814.000 0.375
1815.000 0.450
1816.000 0.466
1817.000 0.432
1818.000 0.416
1819.000 0.368
1820.000 0.604
1821.000 0.594
1822.000 0.548
1823.000 0.428
1824.000 0.491
1825.000 0.431
1826.000 0.651
1827.000 0.801
1828.000 0.647
1829.000 0.583
1830.000 0.654
1831.000 0.627
1832.000 0.621
1833.000 0.612
1834.000 0.516
1835.000 0.500
1836.000 0.496
1837.000 0.446
1838.000 0.398
1839.000 0.406
1840.000 0.432
1841.000 0.595
1842.000 0.568
1843.000 0.471
1844.000 0.602
1845.000 0.571
1846.000 0.666
1847.000 0.624
1848.000 0.529
1849.000 0.497
1850.000 0.443
1851.000 0.426
1852.000 0.472
1853.000 0.698
1854.000 0.564
1855.000 0.628
1856.000 0.595
1857.000 0.550
1858.000 0.673
1859.000 0.384
1860.000 0.542
1861.000 0.387
1862.000 0.441
1863.000 0.511
1864.000 0.484
1865.000 0.496
1866.000 0.566
1867.000 0.684
1868.000 0.722
1869.000 0.685
1870.000 0.650
1871.000 0.472
1872.000 0.409
1873.000 0.246
1874.000 0.447
1875.000 0.387
1876.000 0.445
1877.000 0.476
1878.000 0.405
1879.000 0.384
1880.000 0.356
1881.000 0.335
1882.000 0.363
1883.000 0.479
1884.000 0.569
1885.000 0.368
1886.000 0.765
1887.000 0.643
1888.000 0.483
1889.000 0.429
1890.000 0.507
1891.000 0.473
1892.000 0.434
1893.000 0.385
1894.000 0.423
1895.000 0.545
1896.000 0.763
1897.000 0.769
1898.000 0.616
1899.000 0.476
1900.000 0.351
1901.000 0.263
1902.000 0.499
1903.000 0.691
1904.000 0.740
1905.000 0.621
1906.000 0.586
1907.000 0.595
1908.000 0.708
1909.000 0.838
1910.000 0.495
1911.000 0.417
1912.000 0.441
1913.000 0.565
1914.000 0.564
1915.000 0.651
1916.000 0.527
1917.000 0.687
1918.000 0.618
1919.000 0.620
1920.000 0.511
1921.000 0.670
1922.000 0.619
1923.000 0.582
1924.000 0.317
1925.000 0.360
1926.000 0.431
1927.000 0.516
1928.000 0.401
1929.000 0.279
1930.000 0.345
1931.000 0.241
1932.000 0.386
1933.000 0.373
1934.000 0.424
1935.000 0.454
1936.000 0.459
1937.000 0.435
1938.000 0.679
1939.000 0.662
1940.000 0.644
1941.000 0.554
1942.000 0.480
1943.000 0.433
1944.000 0.328
1945.000 0.581
1946.000 0.498
1947.000 0.376
1948.000 0.341
1949.000 0.297
1950.000 0.167
1951.000 0.268
1952.000 0.426
1953.000 0.544
1954.000 0.605
1955.000 0.679
1956.000 0.394
1957.000 0.554
1958.000 0.645
1959.000 0.575
1960.000 0.600
1961.000 0.535
1962.000 0.538
1963.000 0.529
1964.000 0.444
1965.000 0.362
1966.000 0.349
1967.000 0.381
1968.000 0.426
1969.000 0.457
1970.000 0.499
1971.000 0.461
1972.000 0.479
1973.000 0.346
1974.000 0.442
1975.000 0.431
1976.000 0.390
1977.000 0.466
1978.000 0.464
1979.000 0.440
1980.000 0.410
1981.000 0.405
1982.000 0.495
1983.000 0.564
1984.000 0.381
1985.000 0.351
1986.000 0.316
1987.000 0.335
1988.000 0.325
1989.000 0.345
1990.000 0.348
1991.000 0.407
1992.000 0.439
1993.000 0.481
1994.000 0.618
1995.000 0.635
1996.000 0.574
1997.000 0.519
1998.000 0.458
1999.000 0.491
2000.000 0.375
2001.000 0.476
2002.000 0.364
2003.000 0.476
2004.000 0.708
2005.000 0.501
2006.000 0.478
2007.000 0.496
2008.000 0.338
2009.000 0.489
2010.000 0.527
2011.000 0.373
2012.000 0.513
2013.000 0.495
2014.000 0.552
2015.000 0.427
2016.000 0.361
2017.000 0.378
2018.000 0.352
2019.000 0.308
2020.000 0.358
2021.000 0.426
2022.000 0.492
2023.000 0.544
2024.000 0.255
2025.000 0.323
2026.000 0.388
2027.000 0.454
2028.000 0.509
2029.000 0.532
2030.000 0.384
2031.000 0.372
2032.000 0.385
2033.000 0.398
2034.000 0.470
2035.000 0.520
2036.000 0.393
2037.000 0.322
2038.000 0.341
2039.000 0.295
2040.000 0.281
2041.000 0.303
2042.000 0.310
2043.000 0.298
2044.000 0.314
2045.000 0.337
2046.000 0.347
2047.000 0.381
2048.000 0.390
2049.000 0.390
2050.000 0.341
2051.000 0.346
2052.000 0.341
2053.000 0.324
2054.000 0.367
2055.000 0.358
2056.000 0.335
2057.000 0.344
2058.000 0.436
2059.000 0.442
2060.000 0.558
2061.000 0.608
2062.000 0.627
2063.000 0.525
2064.000 0.330
2065.000 0.521
2066.000 0.558
2067.000 0.441
2068.000 0.480
2069.000 0.451
2070.000 0.432
2071.000 0.478
2072.000 0.489
2073.000 0.496
2074.000 0.481
2075.000 0.457
2076.000 0.443
2077.000 0.417
2078.000 0.410
2079.000 0.411
2080.000 0.411
2081.000 0.414
2082.000 0.408
2083.000 0.447
2084.000 0.471
2085.000 0.414
2086.000 0.414
2087.000 0.411
2088.000 0.380
2089.000 0.394
2090.000 0.471
2091.000 0.516
2092.000 0.644
2093.000 0.547
2094.000 0.452
2095.000 0.421
2096.000 0.498
2097.000 0.529
2098.000 0.466
2099.000 0.528
2100.000 0.500
2101.000 0.459
2102.000 0.464
2103.000 0.505
2104.000 0.509
2105.000 0.546
2106.000 0.522
2107.000 0.455
2108.000 0.429
2109.000 0.395
2110.000 0.383
2111.000 0.379
2112.000 0.376
2113.000 0.391
2114.000 0.394
2115.000 0.392
2116.000 0.399
2117.000 0.409
2118.000 0.408
2119.000 0.415
2120.000 0.429
2121.000 0.481
2122.000 0.493
2123.000 0.518
2124.000 0.580
2125.000 0.591
2126.000 0.567
2127.000 0.540
2128.000 0.478
2129.000 0.453
2130.000 0.439
2131.000 0.418
2132.000 0.395
2133.000 0.398
2134.000 0.419
2135.000 0.423
2136.000 0.432
2137.000 0.456
2138.000 0.464
2139.000 0.420
2140.000 0.409
2141.000 0.412
2142.000 0.416
2143.000 0.425
2144.000 0.437
2145.000 0.465
2146.000 0.475
2147.000 0.463
2148.000 0.465
2149.000 0.461
2150.000 0.471
2151.000 0.497
2152.000 0.514
2153.000 0.542
2154.000 0.557
2155.000 0.582
2156.000 0.544
2157.000 0.520
2158.000 0.526
2159.000 0.501
2160.000 0.521
2161.000 0.525
2162.000 0.534
2163.000 0.524
2164.000 0.505
2165.000 0.498
2166.000 0.479
2167.000 0.472
2168.000 0.480
2169.000 0.481
2170.000 0.489
2171.000 0.482
2172.000 0.475
2173.000 0.458
2174.000 0.411
2175.000 0.394
2176.000 0.383
2177.000 0.391
2178.000 0.418
2179.000 0.436
2180.000 0.450
2181.000 0.476
2182.000 0.486
2183.000 0.507
2184.000 0.540
2185.000 0.611
2186.000 0.605
2187.000 0.634
2188.000 0.610
2189.000 0.556
2190.000 0.521
2191.000 0.474
2192.000 0.462
2193.000 0.482
2194.000 0.490
2195.000 0.502
2196.000 0.510
2197.000 0.515
2198.000 0.521
2199.000 0.521
2200.000 0.523
2201.000 0.538
2202.000 0.547
2203.000 0.503
2204.000 0.530
2205.000 0.502
2206.000 0.469
2207.000 0.492
2208.000 0.459
2209.000 0.458
2210.000 0.479
2211.000 0.493
2212.000 0.523
2213.000 0.520
2214.000 0.483
2215.000 0.479
2216.000 0.472
2217.000 0.471
2218.000 0.499
2219.000 0.512
2220.000 0.506
2221.000 0.505
2222.000 0.506
2223.000 0.501
2224.000 0.496
2225.000 0.486
2226.000 0.475
2227.000 0.448
2228.000 0.432
2229.000 0.418
2230.000 0.423
2231.000 0.435
2232.000 0.457
2233.000 0.481
2234.000 0.478
2235.000 0.498
2236.000 0.470
2237.000 0.446
2238.000 0.442
2239.000 0.438
2240.000 0.434
2241.000 0.438
2242.000 0.442
2243.000 0.434
2244.000 0.433
2245.000 0.457
2246.000 0.475
2247.000 0.504
2248.000 0.504
2249.000 0.478
2250.000 0.467
2251.000 0.436
2252.000 0.430
2253.000 0.465
2254.000 0.465
2255.000 0.428
2256.000 0.424
2257.000 0.433
2258.000 0.418
2259.000 0.426
2260.000 0.461
2261.000 0.461
2262.000 0.458
2263.000 0.471
2264.000 0.494
2265.000 0.491
2266.000 0.484
2267.000 0.466
2268.000 0.415
2269.000 0.399
2270.000 0.410
2271.000 0.418
2272.000 0.451
2273.000 0.470
2274.000 0.483
2275.000 0.477
2276.000 0.472
2277.000 0.441
2278.000 0.387
2279.000 0.367
2280.000 0.342
2281.000 0.346
2282.000 0.369
2283.000 0.386
2284.000 0.442
2285.000 0.461
2286.000 0.445
2287.000 0.469
2288.000 0.543
2289.000 0.547
2290.000 0.546
2291.000 0.531
2292.000 0.387
2293.000 0.339
2294.000 0.345
2295.000 0.343
2296.000 0.340
2297.000 0.347
2298.000 0.337
2299.000 0.326
2300.000 0.300
2301.000 0.300
2302.000 0.340
2303.000 0.396
2304.000 0.483
2305.000 0.595
2306.000 0.580
2307.000 0.593
2308.000 0.656
2309.000 0.647
2310.000 0.659
2311.000 0.654
2312.000 0.577
2313.000 0.543
2314.000 0.466
2315.000 0.453
2316.000 0.444
2317.000 0.470
2318.000 0.469
2319.000 0.395
2320.000 0.336
2321.000 0.396
2322.000 0.477
2323.000 0.490
2324.000 0.498
2325.000 0.512
2326.000 0.538
2327.000 0.597
2328.000 0.632
2329.000 0.569
2330.000 0.558
2331.000 0.493
2332.000 0.423
2333.000 0.355
2334.000 0.323
2335.000 0.400
2336.000 0.372
2337.000 0.548
2338.000 0.489
2339.000 0.373
2340.000 0.536
2341.000 0.527
2342.000 0.573
2343.000 0.629
2344.000 0.527
2345.000 0.409
2346.000 0.462
2347.000 0.499
2348.000 0.375
2349.000 0.601
2350.000 0.176
2351.000 0.502
2352.000 0.573
2353.000 0.710
2354.000 0.559
2355.000 0.395
2356.000 0.325
2357.000 0.328
2358.000 0.330
2359.000 0.303
2360.000 0.339
2361.000 0.508
2362.000 0.457
2363.000 0.381
2364.000 0.323
2365.000 0.263
2366.000 0.264
2367.000 0.290
2368.000 0.292
2369.000 0.430
2370.000 0.516
2371.000 0.584
2372.000 0.558
2373.000 0.552
2374.000 0.534
2375.000 0.366
2376.000 0.647
2377.000 0.455
2378.000 0.506
2379.000 0.501
2380.000 0.522
2381.000 0.543
2382.000 0.520
2383.000 0.517
2384.000 0.510
2385.000 0.303
2386.000 0.335
2387.000 0.302
2388.000 0.246
2389.000 0.196
2390.000 0.225
2391.000 0.326
2392.000 0.633
2393.000 0.712
2394.000 0.427
2395.000 0.545
2396.000 0.398
2397.000 0.452
2398.000 0.355
2399.000 0.330
2400.000 0.486
2401.000 0.439
2402.000 0.457
2403.000 0.643
2404.000 0.600
2405.000 0.623
2406.000 0.378
2407.000 0.533
2408.000 0.349
2409.000 0.420
2410.000 0.373
2411.000 0.524
2412.000 0.458
2413.000 0.365
2414.000 0.311
2415.000 0.546
2416.000 0.370
2417.000 0.618
2418.000 0.501
2419.000 0.537
2420.000 0.348
2421.000 0.265
2422.000 0.396
2423.000 0.591
2424.000 0.600
2425.000 0.519
2426.000 0.452
2427.000 0.390
2428.000 0.530
2429.000 0.342
2430.000 0.380
2431.000 0.433
2432.000 0.433
2433.000 0.383
2434.000 0.294
2435.000 0.585
2436.000 0.790
2437.000 0.648
2438.000 0.656
2439.000 0.472
2440.000 0.452
2441.000 0.606
2442.000 0.524
2443.000 0.540
2444.000 0.344
2445.000 0.381
2446.000 0.531
2447.000 0.430
2448.000 0.376
2449.000 0.476
2450.000 0.325
2451.000 0.492
2452.000 0.368
2453.000 0.305
2454.000 0.474
2455.000 0.427
2456.000 0.454
2457.000 0.605
2458.000 0.348
2459.000 0.430
2460.000 0.346
2461.000 0.306
2462.000 0.446
2463.000 0.227
2464.000 0.263
2465.000 0.449
2466.000 0.373
2467.000 0.387
2468.000 0.392
2469.000 0.306
2470.000 0.489
2471.000 0.485
2472.000 0.414
2473.000 0.289
2474.000 0.384
2475.000 0.379
2476.000 0.310
2477.000 0.396
2478.000 0.451
2479.000 0.237
2480.000 0.206
2481.000 0.417
2482.000 0.350
2483.000 0.349
2484.000 0.090
2485.000 0.146
2486.000 0.227
2487.000 0.384
2488.000 0.391
2489.000 0.525
2490.000 0.628
2491.000 0.505
2492.000 0.396
2493.000 0.280
2494.000 0.387
2495.000 0.567
2496.000 0.547
2497.000 0.441
2498.000 0.433
2499.000 0.328
2500.000 0.299
