391.000 0.095
392.000 0.091
393.000 0.094
394.000 0.096
395.000 0.105
396.000 0.107
397.000 0.097
398.000 0.091
399.000 0.093
400.000 0.095
401.000 0.094
402.000 0.092
403.000 0.089
404.000 0.087
405.000 0.090
406.000 0.092
407.000 0.093
408.000 0.093
409.000 0.091
410.000 0.090
411.000 0.092
412.000 0.095
413.000 0.095
414.000 0.095
415.000 0.091
416.000 0.085
417.000 0.088
418.000 0.091
419.000 0.089
420.000 0.087
421.000 0.087
422.000 0.087
423.000 0.086
424.000 0.085
425.000 0.088
426.000 0.089
427.000 0.086
428.000 0.089
429.000 0.093
430.000 0.091
431.000 0.088
432.000 0.088
433.000 0.088
434.000 0.086
435.000 0.088
436.000 0.087
437.000 0.089
438.000 0.091
439.000 0.088
440.000 0.088
441.000 0.089
442.000 0.090
443.000 0.089
444.000 0.088
445.000 0.086
446.000 0.088
447.000 0.089
448.000 0.088
449.000 0.087
450.000 0.088
451.000 0.089
452.000 0.090
453.000 0.089
454.000 0.089
455.000 0.089
456.000 0.089
457.000 0.089
458.000 0.089
459.000 0.088
460.000 0.092
461.000 0.092
462.000 0.089
463.000 0.087
464.000 0.088
465.000 0.090
466.000 0.092
467.000 0.090
468.000 0.090
469.000 0.088
470.000 0.088
471.000 0.090
472.000 0.089
473.000 0.089
474.000 0.089
475.000 0.089
476.000 0.090
477.000 0.092
478.000 0.092
479.000 0.090
480.000 0.087
481.000 0.089
482.000 0.092
483.000 0.090
484.000 0.090
485.000 0.094
486.000 0.092
487.000 0.090
488.000 0.090
489.000 0.093
490.000 0.094
491.000 0.093
492.000 0.092
493.000 0.092
494.000 0.092
495.000 0.093
496.000 0.094
497.000 0.094
498.000 0.094
499.000 0.094
500.000 0.095
501.000 0.097
502.000 0.099
503.000 0.099
504.000 0.100
505.000 0.102
506.000 0.105
507.000 0.107
508.000 0.108
509.000 0.109
510.000 0.110
511.000 0.113
512.000 0.117
513.000 0.121
514.000 0.124
515.000 0.126
516.000 0.131
517.000 0.135
518.000 0.139
519.000 0.144
520.000 0.148
521.000 0.152
522.000 0.159
523.000 0.165
524.000 0.171
525.000 0.176
526.000 0.181
527.000 0.186
528.000 0.191
529.000 0.195
530.000 0.199
531.000 0.202
532.000 0.206
533.000 0.210
534.000 0.212
535.000 0.216
536.000 0.218
537.000 0.220
538.000 0.221
539.000 0.222
540.000 0.224
541.000 0.226
542.000 0.227
543.000 0.228
544.000 0.227
545.000 0.228
546.000 0.228
547.000 0.228
548.000 0.229
549.000 0.230
550.000 0.231
551.000 0.231
552.000 0.231
553.000 0.231
554.000 0.230
555.000 0.230
556.000 0.228
557.000 0.227
558.000 0.227
559.000 0.224
560.000 0.222
561.000 0.221
562.000 0.217
563.000 0.215
564.000 0.212
565.000 0.209
566.000 0.206
567.000 0.202
568.000 0.198
569.000 0.195
570.000 0.192
571.000 0.189
572.000 0.185
573.000 0.184
574.000 0.183
575.000 0.179
576.000 0.175
577.000 0.171
578.000 0.169
579.000 0.168
580.000 0.167
581.000 0.166
582.000 0.163
583.000 0.160
584.000 0.158
585.000 0.157
586.000 0.156
587.000 0.154
588.000 0.153
589.000 0.152
590.000 0.151
591.000 0.150
592.000 0.149
593.000 0.149
594.000 0.148
595.000 0.147
596.000 0.147
597.000 0.149
598.000 0.146
599.000 0.144
600.000 0.144
601.000 0.144
602.000 0.144
603.000 0.143
604.000 0.142
605.000 0.141
606.000 0.141
607.000 0.140
608.000 0.137
609.000 0.139
610.000 0.140
611.000 0.138
612.000 0.136
613.000 0.135
614.000 0.134
615.000 0.133
616.000 0.132
617.000 0.131
618.000 0.130
619.000 0.128
620.000 0.129
621.000 0.129
622.000 0.128
623.000 0.131
624.000 0.131
625.000 0.130
626.000 0.130
627.000 0.129
628.000 0.129
629.000 0.129
630.000 0.128
631.000 0.129
632.000 0.128
633.000 0.126
634.000 0.125
635.000 0.126
636.000 0.126
637.000 0.123
638.000 0.123
639.000 0.124
640.000 0.123
641.000 0.118
642.000 0.119
643.000 0.119
644.000 0.118
645.000 0.116
646.000 0.113
647.000 0.112
648.000 0.115
649.000 0.117
650.000 0.116
651.000 0.113
652.000 0.116
653.000 0.114
654.000 0.113
655.000 0.113
656.000 0.116
657.000 0.115
658.000 0.114
659.000 0.114
660.000 0.114
661.000 0.114
662.000 0.113
663.000 0.111
664.000 0.113
665.000 0.114
666.000 0.111
667.000 0.113
668.000 0.115
669.000 0.116
670.000 0.115
671.000 0.116
672.000 0.118
673.000 0.121
674.000 0.120
675.000 0.120
676.000 0.122
677.000 0.127
678.000 0.128
679.000 0.129
680.000 0.131
681.000 0.135
682.000 0.135
683.000 0.135
684.000 0.137
685.000 0.143
686.000 0.147
687.000 0.149
688.000 0.150
689.000 0.153
690.000 0.158
691.000 0.163
692.000 0.169
693.000 0.176
694.000 0.186
695.000 0.199
696.000 0.211
697.000 0.225
698.000 0.239
699.000 0.255
700.000 0.272
701.000 0.289
702.000 0.306
703.000 0.323
704.000 0.341
705.000 0.358
706.000 0.374
707.000 0.389
708.000 0.405
709.000 0.421
710.000 0.437
711.000 0.452
712.000 0.467
713.000 0.482
714.000 0.497
715.000 0.512
716.000 0.527
717.000 0.539
718.000 0.555
719.000 0.573
720.000 0.590
721.000 0.601
722.000 0.614
723.000 0.627
724.000 0.640
725.000 0.652
726.000 0.663
727.000 0.674
728.000 0.687
729.000 0.696
730.000 0.691
731.000 0.700
732.000 0.708
733.000 0.717
734.000 0.724
735.000 0.720
736.000 0.725
737.000 0.732
738.000 0.738
739.000 0.742
740.000 0.738
741.000 0.743
742.000 0.747
743.000 0.751
744.000 0.754
745.000 0.757
746.000 0.760
747.000 0.762
748.000 0.759
749.000 0.761
750.000 0.763
751.000 0.764
752.000 0.766
753.000 0.768
754.000 0.769
755.000 0.770
756.000 0.770
757.000 0.771
758.000 0.771
759.000 0.771
760.000 0.772
761.000 0.771
762.000 0.772
763.000 0.772
764.000 0.772
765.000 0.773
766.000 0.773
767.000 0.772
768.000 0.773
769.000 0.773
770.000 0.773
771.000 0.773
772.000 0.773
773.000 0.774
774.000 0.774
775.000 0.774
776.000 0.775
777.000 0.775
778.000 0.775
779.000 0.775
780.000 0.776
781.000 0.776
782.000 0.776
783.000 0.776
784.000 0.776
785.000 0.777
786.000 0.777
787.000 0.777
788.000 0.777
789.000 0.778
790.000 0.778
791.000 0.778
792.000 0.779
793.000 0.778
794.000 0.778
795.000 0.778
796.000 0.778
797.000 0.778
798.000 0.779
799.000 0.779
800.000 0.779
801.000 0.779
802.000 0.780
803.000 0.780
804.000 0.780
805.000 0.780
806.000 0.781
807.000 0.781
808.000 0.781
809.000 0.782
810.000 0.781
811.000 0.782
812.000 0.782
813.000 0.782
814.000 0.782
815.000 0.783
816.000 0.783
817.000 0.783
818.000 0.783
819.000 0.784
820.000 0.784
821.000 0.784
822.000 0.784
823.000 0.784
824.000 0.784
825.000 0.784
826.000 0.784
827.000 0.785
828.000 0.785
829.000 0.785
830.000 0.786
831.000 0.786
832.000 0.786
833.000 0.786
834.000 0.786
835.000 0.787
836.000 0.787
837.000 0.787
838.000 0.787
839.000 0.788
840.000 0.787
841.000 0.788
842.000 0.788
843.000 0.788
844.000 0.788
845.000 0.789
846.000 0.789
847.000 0.789
848.000 0.789
849.000 0.789
850.000 0.790
851.000 0.790
852.000 0.790
853.000 0.790
854.000 0.790
855.000 0.790
856.000 0.791
857.000 0.791
858.000 0.791
859.000 0.791
860.000 0.791
861.000 0.791
862.000 0.792
863.000 0.792
864.000 0.792
865.000 0.792
866.000 0.792
867.000 0.792
868.000 0.793
869.000 0.793
870.000 0.793
871.000 0.792
872.000 0.792
873.000 0.792
874.000 0.792
875.000 0.792
876.000 0.793
877.000 0.793
878.000 0.793
879.000 0.793
880.000 0.793
881.000 0.794
882.000 0.794
883.000 0.794
884.000 0.794
885.000 0.794
886.000 0.794
887.000 0.795
888.000 0.795
889.000 0.795
890.000 0.795
891.000 0.795
892.000 0.795
893.000 0.796
894.000 0.796
895.000 0.796
896.000 0.796
897.000 0.796
898.000 0.797
899.000 0.797
900.000 0.797
901.000 0.797
902.000 0.797
903.000 0.798
904.000 0.799
905.000 0.799
906.000 0.798
907.000 0.798
908.000 0.798
909.000 0.798
910.000 0.799
911.000 0.799
912.000 0.801
913.000 0.799
914.000 0.800
915.000 0.800
916.000 0.800
917.000 0.799
918.000 0.799
919.000 0.800
920.000 0.800
921.000 0.800
922.000 0.800
923.000 0.801
924.000 0.800
925.000 0.800
926.000 0.801
927.000 0.802
928.000 0.803
929.000 0.801
930.000 0.802
931.000 0.802
932.000 0.802
933.000 0.803
934.000 0.804
935.000 0.804
936.000 0.803
937.000 0.805
938.000 0.803
939.000 0.804
940.000 0.804
941.000 0.803
942.000 0.804
943.000 0.804
944.000 0.804
945.000 0.805
946.000 0.805
947.000 0.803
948.000 0.806
949.000 0.806
950.000 0.805
951.000 0.804
952.000 0.807
953.000 0.806
954.000 0.807
955.000 0.807
956.000 0.805
957.000 0.807
958.000 0.809
959.000 0.808
960.000 0.807
961.000 0.807
962.000 0.807
963.000 0.807
964.000 0.808
965.000 0.810
966.000 0.809
967.000 0.808
968.000 0.807
969.000 0.807
970.000 0.809
971.000 0.809
972.000 0.809
973.000 0.810
974.000 0.810
975.000 0.810
976.000 0.811
977.000 0.810
978.000 0.810
979.000 0.811
980.000 0.812
981.000 0.811
982.000 0.811
983.000 0.809
984.000 0.810
985.000 0.811
986.000 0.810
987.000 0.811
988.000 0.811
989.000 0.810
990.000 0.811
991.000 0.812
992.000 0.811
993.000 0.811
994.000 0.811
995.000 0.812
996.000 0.812
997.000 0.812
998.000 0.812
999.000 0.812
1000.000 0.812
1001.000 0.813
1002.000 0.813
1003.000 0.813
1004.000 0.813
1005.000 0.813
1006.000 0.813
1007.000 0.813
1008.000 0.813
1009.000 0.814
1010.000 0.814
1011.000 0.813
1012.000 0.813
1013.000 0.813
1014.000 0.813
1015.000 0.813
1016.000 0.813
1017.000 0.814
1018.000 0.814
1019.000 0.814
1020.000 0.814
1021.000 0.815
1022.000 0.815
1023.000 0.815
1024.000 0.814
1025.000 0.814
1026.000 0.814
1027.000 0.814
1028.000 0.814
1029.000 0.814
1030.000 0.814
1031.000 0.815
1032.000 0.815
1033.000 0.816
1034.000 0.816
1035.000 0.816
1036.000 0.817
1037.000 0.813
1038.000 0.814
1039.000 0.817
1040.000 0.816
1041.000 0.816
1042.000 0.816
1043.000 0.816
1044.000 0.816
1045.000 0.813
1046.000 0.814
1047.000 0.814
1048.000 0.814
1049.000 0.815
1050.000 0.815
1051.000 0.815
1052.000 0.815
1053.000 0.814
1054.000 0.815
1055.000 0.814
1056.000 0.815
1057.000 0.815
1058.000 0.817
1059.000 0.817
1060.000 0.817
1061.000 0.818
1062.000 0.818
1063.000 0.818
1064.000 0.818
1065.000 0.815
1066.000 0.816
1067.000 0.817
1068.000 0.817
1069.000 0.816
1070.000 0.816
1071.000 0.816
1072.000 0.816
1073.000 0.816
1074.000 0.817
1075.000 0.817
1076.000 0.817
1077.000 0.817
1078.000 0.817
1079.000 0.817
1080.000 0.817
1081.000 0.817
1082.000 0.817
1083.000 0.817
1084.000 0.817
1085.000 0.821
1086.000 0.821
1087.000 0.821
1088.000 0.821
1089.000 0.822
1090.000 0.822
1091.000 0.822
1092.000 0.823
1093.000 0.823
1094.000 0.823
1095.000 0.823
1096.000 0.823
1097.000 0.820
1098.000 0.823
1099.000 0.823
1100.000 0.823
1101.000 0.823
1102.000 0.823
1103.000 0.824
1104.000 0.824
1105.000 0.825
1106.000 0.825
1107.000 0.825
1108.000 0.826
1109.000 0.826
1110.000 0.825
1111.000 0.826
1112.000 0.826
1113.000 0.826
1114.000 0.826
1115.000 0.827
1116.000 0.826
1117.000 0.818
1118.000 0.812
1119.000 0.812
1120.000 0.798
1121.000 0.791
1122.000 0.779
1123.000 0.778
1124.000 0.803
1125.000 0.810
1126.000 0.802
1127.000 0.799
1128.000 0.805
1129.000 0.809
1130.000 0.797
1131.000 0.801
1132.000 0.802
1133.000 0.791
1134.000 0.804
1135.000 0.816
1136.000 0.806
1137.000 0.816
1138.000 0.811
1139.000 0.811
1140.000 0.808
1141.000 0.807
1142.000 0.801
1143.000 0.794
1144.000 0.795
1145.000 0.795
1146.000 0.798
1147.000 0.808
1148.000 0.818
1149.000 0.825
1150.000 0.819
1151.000 0.816
1152.000 0.818
1153.000 0.820
1154.000 0.818
1155.000 0.826
1156.000 0.834
1157.000 0.834
1158.000 0.827
1159.000 0.826
1160.000 0.823
1161.000 0.823
1162.000 0.827
1163.000 0.829
1164.000 0.830
1165.000 0.833
1166.000 0.833
1167.000 0.834
1168.000 0.835
1169.000 0.835
1170.000 0.834
1171.000 0.834
1172.000 0.834
1173.000 0.835
1174.000 0.835
1175.000 0.835
1176.000 0.836
1177.000 0.836
1178.000 0.836
1179.000 0.836
1180.000 0.836
1181.000 0.836
1182.000 0.836
1183.000 0.836
1184.000 0.836
1185.000 0.836
1186.000 0.837
1187.000 0.837
1188.000 0.837
1189.000 0.837
1190.000 0.838
1191.000 0.838
1192.000 0.838
1193.000 0.839
1194.000 0.839
1195.000 0.838
1196.000 0.838
1197.000 0.838
1198.000 0.839
1199.000 0.839
1200.000 0.839
1201.000 0.839
1202.000 0.839
1203.000 0.839
1204.000 0.839
1205.000 0.839
1206.000 0.839
1207.000 0.839
1208.000 0.839
1209.000 0.839
1210.000 0.839
1211.000 0.840
1212.000 0.840
1213.000 0.840
1214.000 0.840
1215.000 0.841
1216.000 0.841
1217.000 0.841
1218.000 0.841
1219.000 0.841
1220.000 0.841
1221.000 0.841
1222.000 0.841
1223.000 0.841
1224.000 0.841
1225.000 0.841
1226.000 0.842
1227.000 0.842
1228.000 0.842
1229.000 0.842
1230.000 0.842
1231.000 0.843
1232.000 0.843
1233.000 0.843
1234.000 0.843
1235.000 0.843
1236.000 0.843
1237.000 0.843
1238.000 0.843
1239.000 0.844
1240.000 0.843
1241.000 0.843
1242.000 0.843
1243.000 0.843
1244.000 0.844
1245.000 0.844
1246.000 0.844
1247.000 0.844
1248.000 0.844
1249.000 0.844
1250.000 0.845
1251.000 0.845
1252.000 0.845
1253.000 0.845
1254.000 0.845
1255.000 0.845
1256.000 0.845
1257.000 0.845
1258.000 0.845
1259.000 0.845
1260.000 0.845
1261.000 0.846
1262.000 0.846
1263.000 0.846
1264.000 0.847
1265.000 0.846
1266.000 0.847
1267.000 0.847
1268.000 0.846
1269.000 0.847
1270.000 0.847
1271.000 0.848
1272.000 0.848
1273.000 0.848
1274.000 0.848
1275.000 0.848
1276.000 0.848
1277.000 0.848
1278.000 0.848
1279.000 0.848
1280.000 0.848
1281.000 0.848
1282.000 0.849
1283.000 0.849
1284.000 0.848
1285.000 0.848
1286.000 0.849
1287.000 0.849
1288.000 0.849
1289.000 0.850
1290.000 0.850
1291.000 0.850
1292.000 0.850
1293.000 0.850
1294.000 0.850
1295.000 0.850
1296.000 0.850
1297.000 0.851
1298.000 0.851
1299.000 0.851
1300.000 0.851
1301.000 0.851
1302.000 0.850
1303.000 0.850
1304.000 0.851
1305.000 0.851
1306.000 0.851
1307.000 0.851
1308.000 0.851
1309.000 0.851
1310.000 0.851
1311.000 0.852
1312.000 0.852
1313.000 0.852
1314.000 0.852
1315.000 0.852
1316.000 0.852
1317.000 0.852
1318.000 0.849
1319.000 0.847
1320.000 0.844
1321.000 0.842
1322.000 0.841
1323.000 0.840
1324.000 0.840
1325.000 0.839
1326.000 0.838
1327.000 0.836
1328.000 0.833
1329.000 0.832
1330.000 0.811
1331.000 0.829
1332.000 0.822
1333.000 0.817
1334.000 0.817
1335.000 0.809
1336.000 0.809
1337.000 0.808
1338.000 0.811
1339.000 0.810
1340.000 0.812
1341.000 0.811
1342.000 0.808
1343.000 0.801
1344.000 0.797
1345.000 0.792
1346.000 0.791
1347.000 0.788
1348.000 0.782
1349.000 0.772
1350.000 0.751
1351.000 0.739
1352.000 0.683
1353.000 0.566
1354.000 0.482
1355.000 0.451
1356.000 0.383
1357.000 0.388
1358.000 0.449
1359.000 0.433
1360.000 0.388
1361.000 0.294
1362.000 0.296
1363.000 0.179
1364.000 0.226
1365.000 0.337
1366.000 0.421
1367.000 0.488
1368.000 0.545
1369.000 0.586
1370.000 0.662
1371.000 0.730
1372.000 0.843
1373.000 0.566
1374.000 0.431
1375.000 0.430
1376.000 0.420
1377.000 0.521
1378.000 0.585
1379.000 0.568
1380.000 0.485
1381.000 0.480
1382.000 0.706
1383.000 0.742
1384.000 0.561
1385.000 0.461
1386.000 0.245
1387.000 0.299
1388.000 0.304
1389.000 0.260
1390.000 0.288
1391.000 0.239
1392.000 0.310
1393.000 0.270
1394.000 0.180
1395.000 0.167
1396.000 0.231
1397.000 0.295
1398.000 0.270
1399.000 0.262
1400.000 0.350
1401.000 0.353
1402.000 0.442
1403.000 0.345
1404.000 0.370
1405.000 0.375
1406.000 0.363
1407.000 0.358
1408.000 0.328
1409.000 0.233
1410.000 0.259
1411.000 0.236
1412.000 0.276
1413.000 0.377
1414.000 0.316
1415.000 0.581
1416.000 0.564
1417.000 0.413
1418.000 0.274
1419.000 0.188
1420.000 0.230
1421.000 0.241
1422.000 0.299
1423.000 0.523
1424.000 0.617
1425.000 0.167
1426.000 0.194
1427.000 0.303
1428.000 0.299
1429.000 0.638
1430.000 0.600
1431.000 0.519
1432.000 0.380
1433.000 0.284
1434.000 0.267
1435.000 0.248
1436.000 0.244
1437.000 0.228
1438.000 0.211
1439.000 0.302
1440.000 0.302
1441.000 0.434
1442.000 0.580
1443.000 0.677
1444.000 0.631
1445.000 0.518
1446.000 0.415
1447.000 0.350
1448.000 0.399
1449.000 0.394
1450.000 0.410
1451.000 0.407
1452.000 0.402
1453.000 0.382
1454.000 0.302
1455.000 0.295
1456.000 0.306
1457.000 0.300
1458.000 0.326
1459.000 0.349
1460.000 0.403
1461.000 0.405
1462.000 0.369
1463.000 0.362
1464.000 0.292
1465.000 0.284
1466.000 0.297
1467.000 0.294
1468.000 0.297
1469.000 0.294
1470.000 0.302
1471.000 0.298
1472.000 0.273
1473.000 0.283
1474.000 0.293
1475.000 0.316
1476.000 0.372
1477.000 0.417
1478.000 0.503
1479.000 0.517
1480.000 0.472
1481.000 0.441
1482.000 0.386
1483.000 0.370
1484.000 0.361
1485.000 0.365
1486.000 0.380
1487.000 0.396
1488.000 0.419
1489.000 0.438
1490.000 0.467
1491.000 0.478
1492.000 0.475
1493.000 0.480
1494.000 0.482
1495.000 0.482
1496.000 0.485
1497.000 0.486
1498.000 0.480
1499.000 0.476
1500.000 0.472
1501.000 0.483
1502.000 0.492
1503.000 0.501
1504.000 0.514
1505.000 0.518
1506.000 0.516
1507.000 0.507
1508.000 0.505
1509.000 0.498
1510.000 0.502
1511.000 0.513
1512.000 0.520
1513.000 0.531
1514.000 0.533
1515.000 0.527
1516.000 0.530
1517.000 0.528
1518.000 0.537
1519.000 0.561
1520.000 0.570
1521.000 0.578
1522.000 0.582
1523.000 0.575
1524.000 0.576
1525.000 0.581
1526.000 0.583
1527.000 0.581
1528.000 0.585
1529.000 0.588
1530.000 0.594
1531.000 0.611
1532.000 0.616
1533.000 0.618
1534.000 0.618
1535.000 0.607
1536.000 0.607
1537.000 0.612
1538.000 0.614
1539.000 0.621
1540.000 0.624
1541.000 0.625
1542.000 0.626
1543.000 0.633
1544.000 0.633
1545.000 0.624
1546.000 0.624
1547.000 0.627
1548.000 0.629
1549.000 0.638
1550.000 0.643
1551.000 0.647
1552.000 0.648
1553.000 0.644
1554.000 0.644
1555.000 0.642
1556.000 0.643
1557.000 0.652
1558.000 0.657
1559.000 0.665
1560.000 0.668
1561.000 0.667
1562.000 0.667
1563.000 0.660
1564.000 0.662
1565.000 0.670
1566.000 0.676
1567.000 0.686
1568.000 0.691
1569.000 0.690
1570.000 0.693
1571.000 0.699
1572.000 0.701
1573.000 0.704
1574.000 0.705
1575.000 0.696
1576.000 0.697
1577.000 0.705
1578.000 0.708
1579.000 0.713
1580.000 0.716
1581.000 0.712
1582.000 0.711
1583.000 0.713
1584.000 0.714
1585.000 0.715
1586.000 0.716
1587.000 0.716
1588.000 0.719
1589.000 0.724
1590.000 0.727
1591.000 0.729
1592.000 0.731
1593.000 0.729
1594.000 0.728
1595.000 0.728
1596.000 0.729
1597.000 0.732
1598.000 0.734
1599.000 0.740
1600.000 0.742
1601.000 0.734
1602.000 0.735
1603.000 0.733
1604.000 0.735
1605.000 0.724
1606.000 0.731
1607.000 0.741
1608.000 0.745
1609.000 0.744
1610.000 0.742
1611.000 0.737
1612.000 0.753
1613.000 0.747
1614.000 0.747
1615.000 0.736
1616.000 0.740
1617.000 0.744
1618.000 0.747
1619.000 0.743
1620.000 0.744
1621.000 0.747
1622.000 0.750
1623.000 0.757
1624.000 0.759
1625.000 0.757
1626.000 0.756
1627.000 0.749
1628.000 0.748
1629.000 0.755
1630.000 0.758
1631.000 0.764
1632.000 0.765
1633.000 0.759
1634.000 0.758
1635.000 0.761
1636.000 0.762
1637.000 0.772
1638.000 0.772
1639.000 0.759
1640.000 0.755
1641.000 0.745
1642.000 0.743
1643.000 0.755
1644.000 0.760
1645.000 0.765
1646.000 0.768
1647.000 0.766
1648.000 0.764
1649.000 0.762
1650.000 0.758
1651.000 0.765
1652.000 0.765
1653.000 0.756
1654.000 0.759
1655.000 0.771
1656.000 0.776
1657.000 0.767
1658.000 0.765
1659.000 0.768
1660.000 0.766
1661.000 0.763
1662.000 0.762
1663.000 0.760
1664.000 0.757
1665.000 0.753
1666.000 0.754
1667.000 0.761
1668.000 0.763
1669.000 0.772
1670.000 0.774
1671.000 0.765
1672.000 0.763
1673.000 0.766
1674.000 0.764
1675.000 0.761
1676.000 0.760
1677.000 0.756
1678.000 0.754
1679.000 0.757
1680.000 0.758
1681.000 0.759
1682.000 0.759
1683.000 0.756
1684.000 0.756
1685.000 0.751
1686.000 0.752
1687.000 0.761
1688.000 0.765
1689.000 0.769
1690.000 0.772
1691.000 0.773
1692.000 0.771
1693.000 0.766
1694.000 0.768
1695.000 0.771
1696.000 0.773
1697.000 0.778
1698.000 0.776
1699.000 0.764
1700.000 0.756
1701.000 0.747
1702.000 0.747
1703.000 0.752
1704.000 0.753
1705.000 0.758
1706.000 0.759
1707.000 0.752
1708.000 0.751
1709.000 0.756
1710.000 0.753
1711.000 0.744
1712.000 0.743
1713.000 0.739
1714.000 0.753
1715.000 0.769
1716.000 0.773
1717.000 0.778
1718.000 0.778
1719.000 0.768
1720.000 0.758
1721.000 0.754
1722.000 0.743
1723.000 0.737
1724.000 0.737
1725.000 0.731
1726.000 0.724
1727.000 0.714
1728.000 0.718
1729.000 0.731
1730.000 0.741
1731.000 0.755
1732.000 0.765
1733.000 0.763
1734.000 0.758
1735.000 0.760
1736.000 0.751
1737.000 0.746
1738.000 0.747
1739.000 0.744
1740.000 0.753
1741.000 0.746
1742.000 0.742
1743.000 0.743
1744.000 0.733
1745.000 0.736
1746.000 0.733
1747.000 0.734
1748.000 0.733
1749.000 0.734
1750.000 0.741
1751.000 0.746
1752.000 0.753
1753.000 0.749
1754.000 0.754
1755.000 0.755
1756.000 0.731
1757.000 0.737
1758.000 0.764
1759.000 0.782
1760.000 0.784
1761.000 0.789
1762.000 0.804
1763.000 0.788
1764.000 0.754
1765.000 0.719
1766.000 0.713
1767.000 0.683
1768.000 0.697
1769.000 0.704
1770.000 0.723
1771.000 0.702
1772.000 0.667
1773.000 0.643
1774.000 0.662
1775.000 0.656
1776.000 0.644
1777.000 0.658
1778.000 0.670
1779.000 0.651
1780.000 0.703
1781.000 0.742
1782.000 0.741
1783.000 0.748
1784.000 0.731
1785.000 0.697
1786.000 0.702
1787.000 0.698
1788.000 0.704
1789.000 0.746
1790.000 0.740
1791.000 0.653
1792.000 0.662
1793.000 0.709
1794.000 0.713
1795.000 0.772
1796.000 0.784
1797.000 0.698
1798.000 0.635
1799.000 0.596
1800.000 0.638
1801.000 0.493
1802.000 0.470
1803.000 0.660
1804.000 0.705
1805.000 0.491
1806.000 0.526
1807.000 0.437
1808.000 0.469
1809.000 0.515
1810.000 0.456
1811.000 0.346
1812.000 0.298
1813.000 0.358
1814.000 0.302
1815.000 0.359
1816.000 0.373
1817.000 0.340
1818.000 0.322
1819.000 0.273
1820.000 0.567
1821.000 0.561
1822.000 0.519
1823.000 0.400
1824.000 0.497
1825.000 0.416
1826.000 0.652
1827.000 0.838
1828.000 0.617
1829.000 0.550
1830.000 0.651
1831.000 0.627
1832.000 0.627
1833.000 0.624
1834.000 0.515
1835.000 0.473
1836.000 0.428
1837.000 0.400
1838.000 0.371
1839.000 0.399
1840.000 0.433
1841.000 0.563
1842.000 0.549
1843.000 0.470
1844.000 0.653
1845.000 0.551
1846.000 0.677
1847.000 0.627
1848.000 0.509
1849.000 0.462
1850.000 0.394
1851.000 0.376
1852.000 0.429
1853.000 0.712
1854.000 0.542
1855.000 0.613
1856.000 0.574
1857.000 0.523
1858.000 0.680
1859.000 0.334
1860.000 0.538
1861.000 0.409
1862.000 0.418
1863.000 0.456
1864.000 0.418
1865.000 0.425
1866.000 0.508
1867.000 0.649
1868.000 0.692
1869.000 0.643
1870.000 0.603
1871.000 0.485
1872.000 0.384
1873.000 0.247
1874.000 0.438
1875.000 0.382
1876.000 0.437
1877.000 0.442
1878.000 0.359
1879.000 0.333
1880.000 0.303
1881.000 0.279
1882.000 0.315
1883.000 0.461
1884.000 0.570
1885.000 0.333
1886.000 0.815
1887.000 0.666
1888.000 0.481
1889.000 0.416
1890.000 0.452
1891.000 0.431
1892.000 0.410
1893.000 0.405
1894.000 0.461
1895.000 0.573
1896.000 0.753
1897.000 0.781
1898.000 0.608
1899.000 0.462
1900.000 0.293
1901.000 0.208
1902.000 0.475
1903.000 0.709
1904.000 0.736
1905.000 0.607
1906.000 0.533
1907.000 0.545
1908.000 0.692
1909.000 0.848
1910.000 0.486
1911.000 0.417
1912.000 0.461
1913.000 0.575
1914.000 0.547
1915.000 0.601
1916.000 0.451
1917.000 0.642
1918.000 0.549
1919.000 0.553
1920.000 0.410
1921.000 0.729
1922.000 0.678
1923.000 0.638
1924.000 0.318
1925.000 0.372
1926.000 0.462
1927.000 0.568
1928.000 0.421
1929.000 0.279
1930.000 0.364
1931.000 0.239
1932.000 0.416
1933.000 0.382
1934.000 0.448
1935.000 0.486
1936.000 0.496
1937.000 0.481
1938.000 0.651
1939.000 0.642
1940.000 0.626
1941.000 0.520
1942.000 0.432
1943.000 0.364
1944.000 0.244
1945.000 0.555
1946.000 0.472
1947.000 0.342
1948.000 0.327
1949.000 0.285
1950.000 0.136
1951.000 0.248
1952.000 0.406
1953.000 0.524
1954.000 0.610
1955.000 0.683
1956.000 0.302
1957.000 0.512
1958.000 0.602
1959.000 0.582
1960.000 0.625
1961.000 0.566
1962.000 0.557
1963.000 0.548
1964.000 0.449
1965.000 0.358
1966.000 0.333
1967.000 0.375
1968.000 0.438
1969.000 0.471
1970.000 0.526
1971.000 0.464
1972.000 0.467
1973.000 0.298
1974.000 0.419
1975.000 0.414
1976.000 0.393
1977.000 0.488
1978.000 0.483
1979.000 0.452
1980.000 0.397
1981.000 0.383
1982.000 0.511
1983.000 0.608
1984.000 0.384
1985.000 0.355
1986.000 0.313
1987.000 0.331
1988.000 0.318
1989.000 0.343
1990.000 0.343
1991.000 0.406
1992.000 0.435
1993.000 0.478
1994.000 0.631
1995.000 0.642
1996.000 0.567
1997.000 0.497
1998.000 0.433
1999.000 0.474
2000.000 0.334
2001.000 0.467
2002.000 0.320
2003.000 0.465
2004.000 0.724
2005.000 0.488
2006.000 0.458
2007.000 0.466
2008.000 0.285
2009.000 0.479
2010.000 0.491
2011.000 0.299
2012.000 0.464
2013.000 0.456
2014.000 0.501
2015.000 0.419
2016.000 0.357
2017.000 0.384
2018.000 0.353
2019.000 0.301
2020.000 0.350
2021.000 0.425
2022.000 0.505
2023.000 0.563
2024.000 0.211
2025.000 0.292
2026.000 0.368
2027.000 0.444
2028.000 0.513
2029.000 0.544
2030.000 0.368
2031.000 0.354
2032.000 0.369
2033.000 0.386
2034.000 0.476
2035.000 0.541
2036.000 0.396
2037.000 0.314
2038.000 0.337
2039.000 0.280
2040.000 0.261
2041.000 0.283
2042.000 0.291
2043.000 0.282
2044.000 0.302
2045.000 0.325
2046.000 0.337
2047.000 0.380
2048.000 0.390
2049.000 0.390
2050.000 0.332
2051.000 0.342
2052.000 0.337
2053.000 0.320
2054.000 0.376
2055.000 0.366
2056.000 0.340
2057.000 0.350
2058.000 0.461
2059.000 0.462
2060.000 0.595
2061.000 0.650
2062.000 0.664
2063.000 0.534
2064.000 0.293
2065.000 0.532
2066.000 0.585
2067.000 0.448
2068.000 0.499
2069.000 0.466
2070.000 0.443
2071.000 0.497
2072.000 0.511
2073.000 0.524
2074.000 0.506
2075.000 0.476
2076.000 0.458
2077.000 0.424
2078.000 0.412
2079.000 0.412
2080.000 0.411
2081.000 0.413
2082.000 0.406
2083.000 0.449
2084.000 0.479
2085.000 0.412
2086.000 0.407
2087.000 0.403
2088.000 0.367
2089.000 0.385
2090.000 0.478
2091.000 0.534
2092.000 0.690
2093.000 0.572
2094.000 0.457
2095.000 0.419
2096.000 0.518
2097.000 0.559
2098.000 0.479
2099.000 0.557
2100.000 0.523
2101.000 0.472
2102.000 0.476
2103.000 0.525
2104.000 0.528
2105.000 0.572
2106.000 0.543
2107.000 0.465
2108.000 0.433
2109.000 0.393
2110.000 0.379
2111.000 0.372
2112.000 0.369
2113.000 0.387
2114.000 0.392
2115.000 0.393
2116.000 0.403
2117.000 0.416
2118.000 0.413
2119.000 0.422
2120.000 0.438
2121.000 0.498
2122.000 0.510
2123.000 0.540
2124.000 0.614
2125.000 0.627
2126.000 0.601
2127.000 0.571
2128.000 0.499
2129.000 0.470
2130.000 0.456
2131.000 0.431
2132.000 0.399
2133.000 0.401
2134.000 0.425
2135.000 0.430
2136.000 0.441
2137.000 0.472
2138.000 0.481
2139.000 0.425
2140.000 0.410
2141.000 0.410
2142.000 0.414
2143.000 0.427
2144.000 0.440
2145.000 0.474
2146.000 0.487
2147.000 0.475
2148.000 0.476
2149.000 0.472
2150.000 0.484
2151.000 0.515
2152.000 0.535
2153.000 0.570
2154.000 0.588
2155.000 0.617
2156.000 0.570
2157.000 0.541
2158.000 0.550
2159.000 0.522
2160.000 0.547
2161.000 0.552
2162.000 0.563
2163.000 0.550
2164.000 0.528
2165.000 0.519
2166.000 0.496
2167.000 0.486
2168.000 0.491
2169.000 0.492
2170.000 0.503
2171.000 0.497
2172.000 0.495
2173.000 0.477
2174.000 0.423
2175.000 0.404
2176.000 0.389
2177.000 0.395
2178.000 0.426
2179.000 0.447
2180.000 0.464
2181.000 0.496
2182.000 0.507
2183.000 0.531
2184.000 0.569
2185.000 0.650
2186.000 0.640
2187.000 0.673
2188.000 0.646
2189.000 0.582
2190.000 0.543
2191.000 0.495
2192.000 0.483
2193.000 0.507
2194.000 0.515
2195.000 0.526
2196.000 0.532
2197.000 0.533
2198.000 0.539
2199.000 0.541
2200.000 0.544
2201.000 0.563
2202.000 0.575
2203.000 0.518
2204.000 0.550
2205.000 0.514
2206.000 0.476
2207.000 0.506
2208.000 0.467
2209.000 0.468
2210.000 0.499
2211.000 0.517
2212.000 0.555
2213.000 0.551
2214.000 0.503
2215.000 0.496
2216.000 0.482
2217.000 0.479
2218.000 0.512
2219.000 0.528
2220.000 0.527
2221.000 0.527
2222.000 0.531
2223.000 0.525
2224.000 0.514
2225.000 0.500
2226.000 0.485
2227.000 0.453
2228.000 0.434
2229.000 0.420
2230.000 0.431
2231.000 0.447
2232.000 0.476
2233.000 0.508
2234.000 0.503
2235.000 0.527
2236.000 0.493
2237.000 0.459
2238.000 0.453
2239.000 0.450
2240.000 0.445
2241.000 0.450
2242.000 0.455
2243.000 0.444
2244.000 0.444
2245.000 0.473
2246.000 0.496
2247.000 0.535
2248.000 0.535
2249.000 0.503
2250.000 0.490
2251.000 0.447
2252.000 0.436
2253.000 0.473
2254.000 0.471
2255.000 0.428
2256.000 0.423
2257.000 0.437
2258.000 0.420
2259.000 0.432
2260.000 0.478
2261.000 0.479
2262.000 0.477
2263.000 0.493
2264.000 0.518
2265.000 0.513
2266.000 0.505
2267.000 0.482
2268.000 0.418
2269.000 0.396
2270.000 0.413
2271.000 0.417
2272.000 0.454
2273.000 0.477
2274.000 0.491
2275.000 0.483
2276.000 0.482
2277.000 0.445
2278.000 0.379
2279.000 0.358
2280.000 0.333
2281.000 0.340
2282.000 0.364
2283.000 0.384
2284.000 0.446
2285.000 0.466
2286.000 0.448
2287.000 0.477
2288.000 0.566
2289.000 0.569
2290.000 0.566
2291.000 0.547
2292.000 0.374
2293.000 0.321
2294.000 0.336
2295.000 0.337
2296.000 0.339
2297.000 0.345
2298.000 0.328
2299.000 0.318
2300.000 0.294
2301.000 0.296
2302.000 0.342
2303.000 0.412
2304.000 0.510
2305.000 0.640
2306.000 0.622
2307.000 0.622
2308.000 0.679
2309.000 0.670
2310.000 0.669
2311.000 0.657
2312.000 0.570
2313.000 0.520
2314.000 0.438
2315.000 0.437
2316.000 0.431
2317.000 0.461
2318.000 0.474
2319.000 0.402
2320.000 0.328
2321.000 0.410
2322.000 0.506
2323.000 0.505
2324.000 0.512
2325.000 0.523
2326.000 0.558
2327.000 0.634
2328.000 0.684
2329.000 0.617
2330.000 0.609
2331.000 0.534
2332.000 0.454
2333.000 0.367
2334.000 0.329
2335.000 0.417
2336.000 0.375
2337.000 0.586
2338.000 0.512
2339.000 0.363
2340.000 0.562
2341.000 0.533
2342.000 0.583
2343.000 0.672
2344.000 0.554
2345.000 0.424
2346.000 0.498
2347.000 0.552
2348.000 0.399
2349.000 0.670
2350.000 0.130
2351.000 0.504
2352.000 0.569
2353.000 0.729
2354.000 0.530
2355.000 0.325
2356.000 0.246
2357.000 0.259
2358.000 0.275
2359.000 0.264
2360.000 0.313
2361.000 0.501
2362.000 0.445
2363.000 0.370
2364.000 0.314
2365.000 0.260
2366.000 0.262
2367.000 0.277
2368.000 0.267
2369.000 0.419
2370.000 0.551
2371.000 0.647
2372.000 0.602
2373.000 0.571
2374.000 0.516
2375.000 0.335
2376.000 0.670
2377.000 0.476
2378.000 0.546
2379.000 0.534
2380.000 0.544
2381.000 0.545
2382.000 0.523
2383.000 0.503
2384.000 0.477
2385.000 0.319
2386.000 0.319
2387.000 0.296
2388.000 0.204
2389.000 0.167
2390.000 0.198
2391.000 0.283
2392.000 0.610
2393.000 0.687
2394.000 0.419
2395.000 0.592
2396.000 0.444
2397.000 0.525
2398.000 0.411
2399.000 0.364
2400.000 0.499
2401.000 0.433
2402.000 0.516
2403.000 0.612
2404.000 0.557
2405.000 0.546
2406.000 0.351
2407.000 0.476
2408.000 0.338
2409.000 0.438
2410.000 0.293
2411.000 0.497
2412.000 0.431
2413.000 0.332
2414.000 0.278
2415.000 0.541
2416.000 0.367
2417.000 0.663
2418.000 0.543
2419.000 0.558
2420.000 0.336
2421.000 0.266
2422.000 0.395
2423.000 0.645
2424.000 0.636
2425.000 0.559
2426.000 0.500
2427.000 0.440
2428.000 0.518
2429.000 0.314
2430.000 0.400
2431.000 0.383
2432.000 0.361
2433.000 0.396
2434.000 0.273
2435.000 0.533
2436.000 0.822
2437.000 0.673
2438.000 0.656
2439.000 0.496
2440.000 0.438
2441.000 0.582
2442.000 0.559
2443.000 0.588
2444.000 0.305
2445.000 0.310
2446.000 0.548
2447.000 0.423
2448.000 0.392
2449.000 0.458
2450.000 0.283
2451.000 0.487
2452.000 0.334
2453.000 0.343
2454.000 0.493
2455.000 0.491
2456.000 0.520
2457.000 0.689
2458.000 0.357
2459.000 0.430
2460.000 0.330
2461.000 0.286
2462.000 0.414
2463.000 0.179
2464.000 0.265
2465.000 0.470
2466.000 0.347
2467.000 0.357
2468.000 0.338
2469.000 0.239
2470.000 0.479
2471.000 0.421
2472.000 0.438
2473.000 0.320
2474.000 0.405
2475.000 0.394
2476.000 0.312
2477.000 0.369
2478.000 0.384
2479.000 0.216
2480.000 0.170
2481.000 0.409
2482.000 0.298
2483.000 0.262
2484.000 0.078
2485.000 0.128
2486.000 0.212
2487.000 0.369
2488.000 0.404
2489.000 0.536
2490.000 0.587
2491.000 0.494
2492.000 0.409
2493.000 0.322
2494.000 0.423
2495.000 0.556
2496.000 0.544
2497.000 0.429
2498.000 0.434
2499.000 0.336
2500.000 0.305
