391.000 0.031
392.000 0.031
393.000 0.030
394.000 0.026
395.000 0.026
396.000 0.029
397.000 0.030
398.000 0.031
399.000 0.031
400.000 0.031
401.000 0.030
402.000 0.032
403.000 0.029
404.000 0.027
405.000 0.032
406.000 0.031
407.000 0.030
408.000 0.030
409.000 0.030
410.000 0.031
411.000 0.033
412.000 0.033
413.000 0.033
414.000 0.032
415.000 0.031
416.000 0.032
417.000 0.032
418.000 0.032
419.000 0.032
420.000 0.033
421.000 0.030
422.000 0.030
423.000 0.032
424.000 0.032
425.000 0.032
426.000 0.033
427.000 0.035
428.000 0.034
429.000 0.032
430.000 0.032
431.000 0.033
432.000 0.033
433.000 0.033
434.000 0.033
435.000 0.032
436.000 0.032
437.000 0.032
438.000 0.032
439.000 0.035
440.000 0.035
441.000 0.034
442.000 0.034
443.000 0.035
444.000 0.034
445.000 0.034
446.000 0.033
447.000 0.033
448.000 0.034
449.000 0.034
450.000 0.035
451.000 0.034
452.000 0.033
453.000 0.035
454.000 0.034
455.000 0.034
456.000 0.033
457.000 0.035
458.000 0.034
459.000 0.033
460.000 0.034
461.000 0.035
462.000 0.034
463.000 0.033
464.000 0.034
465.000 0.034
466.000 0.034
467.000 0.034
468.000 0.036
469.000 0.035
470.000 0.034
471.000 0.034
472.000 0.034
473.000 0.034
474.000 0.035
475.000 0.036
476.000 0.034
477.000 0.035
478.000 0.038
479.000 0.036
480.000 0.036
481.000 0.037
482.000 0.037
483.000 0.036
484.000 0.035
485.000 0.036
486.000 0.035
487.000 0.035
488.000 0.035
489.000 0.036
490.000 0.036
491.000 0.036
492.000 0.036
493.000 0.037
494.000 0.037
495.000 0.037
496.000 0.037
497.000 0.036
498.000 0.037
499.000 0.039
500.000 0.038
501.000 0.039
502.000 0.040
503.000 0.041
504.000 0.042
505.000 0.043
506.000 0.044
507.000 0.044
508.000 0.042
509.000 0.044
510.000 0.047
511.000 0.048
512.000 0.050
513.000 0.051
514.000 0.052
515.000 0.052
516.000 0.054
517.000 0.057
518.000 0.059
519.000 0.060
520.000 0.063
521.000 0.066
522.000 0.066
523.000 0.069
524.000 0.071
525.000 0.074
526.000 0.076
527.000 0.077
528.000 0.079
529.000 0.081
530.000 0.083
531.000 0.085
532.000 0.086
533.000 0.087
534.000 0.089
535.000 0.089
536.000 0.090
537.000 0.090
538.000 0.091
539.000 0.092
540.000 0.093
541.000 0.094
542.000 0.094
543.000 0.094
544.000 0.094
545.000 0.094
546.000 0.095
547.000 0.095
548.000 0.096
549.000 0.096
550.000 0.096
551.000 0.096
552.000 0.096
553.000 0.096
554.000 0.096
555.000 0.096
556.000 0.096
557.000 0.096
558.000 0.095
559.000 0.094
560.000 0.093
561.000 0.092
562.000 0.092
563.000 0.090
564.000 0.089
565.000 0.088
566.000 0.087
567.000 0.086
568.000 0.085
569.000 0.083
570.000 0.082
571.000 0.081
572.000 0.080
573.000 0.078
574.000 0.078
575.000 0.076
576.000 0.075
577.000 0.074
578.000 0.074
579.000 0.074
580.000 0.073
581.000 0.071
582.000 0.070
583.000 0.070
584.000 0.070
585.000 0.070
586.000 0.069
587.000 0.068
588.000 0.068
589.000 0.068
590.000 0.068
591.000 0.066
592.000 0.066
593.000 0.066
594.000 0.065
595.000 0.065
596.000 0.065
597.000 0.065
598.000 0.066
599.000 0.065
600.000 0.064
601.000 0.063
602.000 0.064
603.000 0.064
604.000 0.064
605.000 0.063
606.000 0.064
607.000 0.064
608.000 0.062
609.000 0.062
610.000 0.062
611.000 0.062
612.000 0.062
613.000 0.062
614.000 0.061
615.000 0.059
616.000 0.060
617.000 0.060
618.000 0.059
619.000 0.059
620.000 0.060
621.000 0.060
622.000 0.059
623.000 0.059
624.000 0.058
625.000 0.059
626.000 0.059
627.000 0.057
628.000 0.059
629.000 0.060
630.000 0.060
631.000 0.059
632.000 0.059
633.000 0.058
634.000 0.058
635.000 0.059
636.000 0.059
637.000 0.057
638.000 0.057
639.000 0.055
640.000 0.055
641.000 0.055
642.000 0.053
643.000 0.052
644.000 0.053
645.000 0.053
646.000 0.052
647.000 0.051
648.000 0.052
649.000 0.051
650.000 0.051
651.000 0.051
652.000 0.052
653.000 0.051
654.000 0.049
655.000 0.049
656.000 0.050
657.000 0.051
658.000 0.051
659.000 0.051
660.000 0.049
661.000 0.049
662.000 0.050
663.000 0.050
664.000 0.050
665.000 0.049
666.000 0.049
667.000 0.049
668.000 0.050
669.000 0.051
670.000 0.051
671.000 0.050
672.000 0.050
673.000 0.051
674.000 0.051
675.000 0.052
676.000 0.052
677.000 0.052
678.000 0.052
679.000 0.054
680.000 0.055
681.000 0.053
682.000 0.055
683.000 0.057
684.000 0.057
685.000 0.060
686.000 0.061
687.000 0.063
688.000 0.065
689.000 0.068
690.000 0.071
691.000 0.073
692.000 0.076
693.000 0.078
694.000 0.084
695.000 0.091
696.000 0.095
697.000 0.100
698.000 0.106
699.000 0.114
700.000 0.121
701.000 0.130
702.000 0.137
703.000 0.142
704.000 0.149
705.000 0.157
706.000 0.164
707.000 0.171
708.000 0.178
709.000 0.185
710.000 0.191
711.000 0.199
712.000 0.206
713.000 0.212
714.000 0.219
715.000 0.227
716.000 0.233
717.000 0.240
718.000 0.248
719.000 0.257
720.000 0.266
721.000 0.272
722.000 0.279
723.000 0.286
724.000 0.292
725.000 0.300
726.000 0.308
727.000 0.314
728.000 0.321
729.000 0.327
730.000 0.333
731.000 0.340
732.000 0.347
733.000 0.354
734.000 0.359
735.000 0.364
736.000 0.370
737.000 0.375
738.000 0.380
739.000 0.385
740.000 0.389
741.000 0.394
742.000 0.398
743.000 0.402
744.000 0.406
745.000 0.409
746.000 0.412
747.000 0.416
748.000 0.418
749.000 0.421
750.000 0.424
751.000 0.426
752.000 0.429
753.000 0.431
754.000 0.433
755.000 0.434
756.000 0.436
757.000 0.438
758.000 0.438
759.000 0.439
760.000 0.438
761.000 0.438
762.000 0.441
763.000 0.442
764.000 0.443
765.000 0.445
766.000 0.447
767.000 0.449
768.000 0.450
769.000 0.451
770.000 0.451
771.000 0.452
772.000 0.452
773.000 0.453
774.000 0.454
775.000 0.455
776.000 0.455
777.000 0.456
778.000 0.457
779.000 0.457
780.000 0.458
781.000 0.459
782.000 0.459
783.000 0.460
784.000 0.460
785.000 0.461
786.000 0.461
787.000 0.461
788.000 0.462
789.000 0.462
790.000 0.462
791.000 0.463
792.000 0.464
793.000 0.465
794.000 0.465
795.000 0.466
796.000 0.466
797.000 0.466
798.000 0.467
799.000 0.467
800.000 0.468
801.000 0.468
802.000 0.469
803.000 0.469
804.000 0.470
805.000 0.471
806.000 0.471
807.000 0.472
808.000 0.472
809.000 0.473
810.000 0.472
811.000 0.472
812.000 0.472
813.000 0.472
814.000 0.471
815.000 0.471
816.000 0.471
817.000 0.471
818.000 0.472
819.000 0.474
820.000 0.475
821.000 0.475
822.000 0.475
823.000 0.475
824.000 0.476
825.000 0.477
826.000 0.478
827.000 0.478
828.000 0.478
829.000 0.479
830.000 0.479
831.000 0.480
832.000 0.481
833.000 0.481
834.000 0.482
835.000 0.482
836.000 0.484
837.000 0.485
838.000 0.485
839.000 0.486
840.000 0.486
841.000 0.487
842.000 0.488
843.000 0.488
844.000 0.488
845.000 0.489
846.000 0.489
847.000 0.490
848.000 0.490
849.000 0.490
850.000 0.491
851.000 0.492
852.000 0.492
853.000 0.492
854.000 0.492
855.000 0.493
856.000 0.493
857.000 0.494
858.000 0.494
859.000 0.494
860.000 0.494
861.000 0.495
862.000 0.496
863.000 0.496
864.000 0.496
865.000 0.496
866.000 0.497
867.000 0.497
868.000 0.497
869.000 0.498
870.000 0.498
871.000 0.498
872.000 0.499
873.000 0.500
874.000 0.500
875.000 0.500
876.000 0.501
877.000 0.501
878.000 0.501
879.000 0.501
880.000 0.502
881.000 0.502
882.000 0.502
883.000 0.503
884.000 0.503
885.000 0.503
886.000 0.504
887.000 0.505
888.000 0.505
889.000 0.505
890.000 0.505
891.000 0.506
892.000 0.505
893.000 0.505
894.000 0.505
895.000 0.504
896.000 0.503
897.000 0.502
898.000 0.502
899.000 0.501
900.000 0.502
901.000 0.502
902.000 0.503
903.000 0.505
904.000 0.505
905.000 0.505
906.000 0.506
907.000 0.506
908.000 0.506
909.000 0.505
910.000 0.504
911.000 0.504
912.000 0.503
913.000 0.505
914.000 0.504
915.000 0.504
916.000 0.505
917.000 0.506
918.000 0.507
919.000 0.508
920.000 0.508
921.000 0.509
922.000 0.509
923.000 0.508
924.000 0.510
925.000 0.509
926.000 0.508
927.000 0.504
928.000 0.504
929.000 0.502
930.000 0.499
931.000 0.494
932.000 0.490
933.000 0.486
934.000 0.482
935.000 0.480
936.000 0.482
937.000 0.483
938.000 0.482
939.000 0.480
940.000 0.481
941.000 0.480
942.000 0.477
943.000 0.476
944.000 0.478
945.000 0.480
946.000 0.484
947.000 0.487
948.000 0.477
949.000 0.480
950.000 0.486
951.000 0.487
952.000 0.485
953.000 0.484
954.000 0.484
955.000 0.487
956.000 0.485
957.000 0.486
958.000 0.487
959.000 0.487
960.000 0.481
961.000 0.484
962.000 0.486
963.000 0.485
964.000 0.487
965.000 0.495
966.000 0.498
967.000 0.495
968.000 0.500
969.000 0.499
970.000 0.498
971.000 0.501
972.000 0.501
973.000 0.499
974.000 0.501
975.000 0.505
976.000 0.501
977.000 0.501
978.000 0.505
979.000 0.508
980.000 0.503
981.000 0.505
982.000 0.507
983.000 0.506
984.000 0.508
985.000 0.510
986.000 0.510
987.000 0.510
988.000 0.514
989.000 0.513
990.000 0.511
991.000 0.511
992.000 0.512
993.000 0.514
994.000 0.514
995.000 0.515
996.000 0.515
997.000 0.516
998.000 0.516
999.000 0.516
1000.000 0.517
1001.000 0.524
1002.000 0.523
1003.000 0.522
1004.000 0.522
1005.000 0.521
1006.000 0.523
1007.000 0.523
1008.000 0.524
1009.000 0.525
1010.000 0.528
1011.000 0.529
1012.000 0.532
1013.000 0.532
1014.000 0.532
1015.000 0.532
1016.000 0.532
1017.000 0.532
1018.000 0.532
1019.000 0.534
1020.000 0.534
1021.000 0.534
1022.000 0.535
1023.000 0.535
1024.000 0.538
1025.000 0.538
1026.000 0.540
1027.000 0.540
1028.000 0.540
1029.000 0.541
1030.000 0.540
1031.000 0.540
1032.000 0.540
1033.000 0.541
1034.000 0.542
1035.000 0.544
1036.000 0.545
1037.000 0.545
1038.000 0.545
1039.000 0.544
1040.000 0.544
1041.000 0.545
1042.000 0.547
1043.000 0.549
1044.000 0.549
1045.000 0.551
1046.000 0.552
1047.000 0.552
1048.000 0.551
1049.000 0.553
1050.000 0.553
1051.000 0.553
1052.000 0.554
1053.000 0.554
1054.000 0.555
1055.000 0.556
1056.000 0.557
1057.000 0.556
1058.000 0.556
1059.000 0.556
1060.000 0.557
1061.000 0.557
1062.000 0.557
1063.000 0.557
1064.000 0.557
1065.000 0.557
1066.000 0.557
1067.000 0.558
1068.000 0.558
1069.000 0.557
1070.000 0.557
1071.000 0.558
1072.000 0.558
1073.000 0.558
1074.000 0.558
1075.000 0.559
1076.000 0.559
1077.000 0.560
1078.000 0.560
1079.000 0.560
1080.000 0.560
1081.000 0.559
1082.000 0.558
1083.000 0.558
1084.000 0.557
1085.000 0.557
1086.000 0.558
1087.000 0.559
1088.000 0.559
1089.000 0.559
1090.000 0.558
1091.000 0.558
1092.000 0.557
1093.000 0.557
1094.000 0.557
1095.000 0.556
1096.000 0.555
1097.000 0.555
1098.000 0.555
1099.000 0.555
1100.000 0.555
1101.000 0.555
1102.000 0.554
1103.000 0.553
1104.000 0.553
1105.000 0.552
1106.000 0.551
1107.000 0.551
1108.000 0.549
1109.000 0.548
1110.000 0.547
1111.000 0.545
1112.000 0.545
1113.000 0.544
1114.000 0.543
1115.000 0.542
1116.000 0.541
1117.000 0.537
1118.000 0.537
1119.000 0.536
1120.000 0.528
1121.000 0.530
1122.000 0.533
1123.000 0.532
1124.000 0.537
1125.000 0.537
1126.000 0.524
1127.000 0.519
1128.000 0.517
1129.000 0.515
1130.000 0.516
1131.000 0.514
1132.000 0.513
1133.000 0.514
1134.000 0.520
1135.000 0.524
1136.000 0.521
1137.000 0.524
1138.000 0.519
1139.000 0.513
1140.000 0.513
1141.000 0.518
1142.000 0.518
1143.000 0.516
1144.000 0.516
1145.000 0.513
1146.000 0.511
1147.000 0.508
1148.000 0.510
1149.000 0.511
1150.000 0.510
1151.000 0.513
1152.000 0.515
1153.000 0.512
1154.000 0.513
1155.000 0.510
1156.000 0.508
1157.000 0.507
1158.000 0.506
1159.000 0.507
1160.000 0.510
1161.000 0.510
1162.000 0.512
1163.000 0.513
1164.000 0.513
1165.000 0.513
1166.000 0.512
1167.000 0.511
1168.000 0.509
1169.000 0.509
1170.000 0.509
1171.000 0.508
1172.000 0.510
1173.000 0.511
1174.000 0.511
1175.000 0.512
1176.000 0.512
1177.000 0.512
1178.000 0.512
1179.000 0.513
1180.000 0.513
1181.000 0.511
1182.000 0.512
1183.000 0.512
1184.000 0.512
1185.000 0.514
1186.000 0.515
1187.000 0.516
1188.000 0.517
1189.000 0.517
1190.000 0.517
1191.000 0.517
1192.000 0.517
1193.000 0.517
1194.000 0.516
1195.000 0.515
1196.000 0.513
1197.000 0.513
1198.000 0.513
1199.000 0.513
1200.000 0.515
1201.000 0.516
1202.000 0.515
1203.000 0.515
1204.000 0.515
1205.000 0.516
1206.000 0.516
1207.000 0.517
1208.000 0.518
1209.000 0.519
1210.000 0.519
1211.000 0.520
1212.000 0.520
1213.000 0.519
1214.000 0.519
1215.000 0.519
1216.000 0.520
1217.000 0.521
1218.000 0.522
1219.000 0.522
1220.000 0.522
1221.000 0.521
1222.000 0.522
1223.000 0.523
1224.000 0.524
1225.000 0.525
1226.000 0.527
1227.000 0.528
1228.000 0.528
1229.000 0.529
1230.000 0.528
1231.000 0.529
1232.000 0.530
1233.000 0.531
1234.000 0.532
1235.000 0.532
1236.000 0.531
1237.000 0.531
1238.000 0.531
1239.000 0.531
1240.000 0.533
1241.000 0.534
1242.000 0.535
1243.000 0.536
1244.000 0.537
1245.000 0.538
1246.000 0.538
1247.000 0.538
1248.000 0.539
1249.000 0.538
1250.000 0.539
1251.000 0.539
1252.000 0.539
1253.000 0.539
1254.000 0.540
1255.000 0.540
1256.000 0.540
1257.000 0.539
1258.000 0.540
1259.000 0.540
1260.000 0.541
1261.000 0.543
1262.000 0.544
1263.000 0.545
1264.000 0.545
1265.000 0.545
1266.000 0.545
1267.000 0.545
1268.000 0.545
1269.000 0.543
1270.000 0.544
1271.000 0.544
1272.000 0.545
1273.000 0.545
1274.000 0.545
1275.000 0.546
1276.000 0.547
1277.000 0.547
1278.000 0.547
1279.000 0.547
1280.000 0.546
1281.000 0.545
1282.000 0.544
1283.000 0.544
1284.000 0.544
1285.000 0.543
1286.000 0.544
1287.000 0.544
1288.000 0.544
1289.000 0.544
1290.000 0.543
1291.000 0.542
1292.000 0.541
1293.000 0.540
1294.000 0.539
1295.000 0.539
1296.000 0.538
1297.000 0.538
1298.000 0.538
1299.000 0.537
1300.000 0.537
1301.000 0.537
1302.000 0.536
1303.000 0.534
1304.000 0.532
1305.000 0.531
1306.000 0.530
1307.000 0.528
1308.000 0.527
1309.000 0.526
1310.000 0.526
1311.000 0.526
1312.000 0.526
1313.000 0.524
1314.000 0.524
1315.000 0.522
1316.000 0.520
1317.000 0.521
1318.000 0.520
1319.000 0.519
1320.000 0.516
1321.000 0.515
1322.000 0.511
1323.000 0.509
1324.000 0.510
1325.000 0.507
1326.000 0.505
1327.000 0.502
1328.000 0.499
1329.000 0.497
1330.000 0.495
1331.000 0.495
1332.000 0.497
1333.000 0.497
1334.000 0.497
1335.000 0.495
1336.000 0.491
1337.000 0.487
1338.000 0.483
1339.000 0.480
1340.000 0.476
1341.000 0.474
1342.000 0.477
1343.000 0.480
1344.000 0.487
1345.000 0.493
1346.000 0.496
1347.000 0.500
1348.000 0.502
1349.000 0.497
1350.000 0.496
1351.000 0.499
1352.000 0.486
1353.000 0.450
1354.000 0.447
1355.000 0.442
1356.000 0.297
1357.000 0.577
1358.000 0.483
1359.000 0.392
1360.000 0.270
1361.000 0.249
1362.000 0.208
1363.000 0.340
1364.000 0.416
1365.000 0.652
1366.000 0.566
1367.000 0.507
1368.000 0.553
1369.000 0.490
1370.000 0.564
1371.000 0.574
1372.000 0.561
1373.000 0.840
1374.000 0.767
1375.000 0.551
1376.000 0.477
1377.000 0.297
1378.000 0.259
1379.000 0.235
1380.000 0.213
1381.000 0.317
1382.000 0.202
1383.000 0.226
1384.000 0.296
1385.000 0.390
1386.000 0.398
1387.000 0.252
1388.000 0.534
1389.000 0.413
1390.000 0.424
1391.000 0.421
1392.000 0.457
1393.000 0.487
1394.000 0.490
1395.000 0.475
1396.000 0.353
1397.000 0.364
1398.000 0.346
1399.000 0.268
1400.000 0.342
1401.000 0.274
1402.000 0.232
1403.000 0.175
1404.000 0.300
1405.000 0.564
1406.000 0.093
1407.000 0.109
1408.000 0.373
1409.000 0.366
1410.000 0.370
1411.000 0.363
1412.000 0.420
1413.000 0.271
1414.000 0.253
1415.000 0.186
1416.000 0.202
1417.000 0.303
1418.000 0.367
1419.000 0.340
1420.000 0.326
1421.000 0.238
1422.000 0.468
1423.000 0.483
1424.000 0.186
1425.000 0.260
1426.000 0.257
1427.000 0.221
1428.000 0.181
1429.000 0.262
1430.000 0.377
1431.000 0.489
1432.000 0.483
1433.000 0.479
1434.000 0.319
1435.000 0.333
1436.000 0.334
1437.000 0.339
1438.000 0.271
1439.000 0.244
1440.000 0.302
1441.000 0.332
1442.000 0.394
1443.000 0.282
1444.000 0.177
1445.000 0.326
1446.000 0.373
1447.000 0.281
1448.000 0.256
1449.000 0.217
1450.000 0.231
1451.000 0.311
1452.000 0.383
1453.000 0.424
1454.000 0.433
1455.000 0.417
1456.000 0.296
1457.000 0.269
1458.000 0.274
1459.000 0.280
1460.000 0.381
1461.000 0.278
1462.000 0.279
1463.000 0.271
1464.000 0.401
1465.000 0.486
1466.000 0.371
1467.000 0.336
1468.000 0.343
1469.000 0.340
1470.000 0.302
1471.000 0.268
1472.000 0.240
1473.000 0.209
1474.000 0.168
1475.000 0.146
1476.000 0.220
1477.000 0.247
1478.000 0.319
1479.000 0.331
1480.000 0.258
1481.000 0.239
1482.000 0.230
1483.000 0.224
1484.000 0.221
1485.000 0.220
1486.000 0.242
1487.000 0.241
1488.000 0.230
1489.000 0.229
1490.000 0.216
1491.000 0.217
1492.000 0.230
1493.000 0.238
1494.000 0.249
1495.000 0.258
1496.000 0.269
1497.000 0.270
1498.000 0.259
1499.000 0.256
1500.000 0.255
1501.000 0.258
1502.000 0.265
1503.000 0.264
1504.000 0.257
1505.000 0.254
1506.000 0.252
1507.000 0.254
1508.000 0.256
1509.000 0.260
1510.000 0.262
1511.000 0.263
1512.000 0.265
1513.000 0.267
1514.000 0.269
1515.000 0.274
1516.000 0.276
1517.000 0.278
1518.000 0.281
1519.000 0.289
1520.000 0.286
1521.000 0.277
1522.000 0.276
1523.000 0.269
1524.000 0.269
1525.000 0.277
1526.000 0.280
1527.000 0.282
1528.000 0.283
1529.000 0.286
1530.000 0.288
1531.000 0.291
1532.000 0.290
1533.000 0.287
1534.000 0.285
1535.000 0.281
1536.000 0.281
1537.000 0.287
1538.000 0.288
1539.000 0.289
1540.000 0.289
1541.000 0.285
1542.000 0.286
1543.000 0.289
1544.000 0.292
1545.000 0.296
1546.000 0.299
1547.000 0.302
1548.000 0.304
1549.000 0.306
1550.000 0.307
1551.000 0.308
1552.000 0.309
1553.000 0.309
1554.000 0.311
1555.000 0.312
1556.000 0.314
1557.000 0.316
1558.000 0.318
1559.000 0.319
1560.000 0.319
1561.000 0.319
1562.000 0.320
1563.000 0.320
1564.000 0.321
1565.000 0.324
1566.000 0.327
1567.000 0.329
1568.000 0.331
1569.000 0.331
1570.000 0.332
1571.000 0.334
1572.000 0.337
1573.000 0.340
1574.000 0.343
1575.000 0.344
1576.000 0.345
1577.000 0.344
1578.000 0.343
1579.000 0.343
1580.000 0.343
1581.000 0.344
1582.000 0.344
1583.000 0.346
1584.000 0.347
1585.000 0.345
1586.000 0.346
1587.000 0.347
1588.000 0.348
1589.000 0.351
1590.000 0.352
1591.000 0.352
1592.000 0.353
1593.000 0.354
1594.000 0.355
1595.000 0.356
1596.000 0.356
1597.000 0.356
1598.000 0.357
1599.000 0.357
1600.000 0.357
1601.000 0.358
1602.000 0.358
1603.000 0.359
1604.000 0.359
1605.000 0.362
1606.000 0.363
1607.000 0.365
1608.000 0.366
1609.000 0.364
1610.000 0.364
1611.000 0.364
1612.000 0.363
1613.000 0.362
1614.000 0.363
1615.000 0.367
1616.000 0.370
1617.000 0.374
1618.000 0.377
1619.000 0.374
1620.000 0.375
1621.000 0.378
1622.000 0.379
1623.000 0.382
1624.000 0.382
1625.000 0.380
1626.000 0.378
1627.000 0.376
1628.000 0.375
1629.000 0.375
1630.000 0.377
1631.000 0.381
1632.000 0.384
1633.000 0.385
1634.000 0.386
1635.000 0.385
1636.000 0.384
1637.000 0.384
1638.000 0.383
1639.000 0.383
1640.000 0.383
1641.000 0.384
1642.000 0.383
1643.000 0.379
1644.000 0.378
1645.000 0.376
1646.000 0.376
1647.000 0.383
1648.000 0.384
1649.000 0.381
1650.000 0.382
1651.000 0.382
1652.000 0.382
1653.000 0.387
1654.000 0.390
1655.000 0.391
1656.000 0.390
1657.000 0.386
1658.000 0.385
1659.000 0.383
1660.000 0.382
1661.000 0.388
1662.000 0.391
1663.000 0.393
1664.000 0.395
1665.000 0.395
1666.000 0.396
1667.000 0.397
1668.000 0.397
1669.000 0.396
1670.000 0.397
1671.000 0.399
1672.000 0.399
1673.000 0.397
1674.000 0.396
1675.000 0.392
1676.000 0.390
1677.000 0.388
1678.000 0.388
1679.000 0.391
1680.000 0.392
1681.000 0.395
1682.000 0.397
1683.000 0.396
1684.000 0.396
1685.000 0.395
1686.000 0.394
1687.000 0.393
1688.000 0.392
1689.000 0.391
1690.000 0.389
1691.000 0.385
1692.000 0.384
1693.000 0.383
1694.000 0.383
1695.000 0.388
1696.000 0.389
1697.000 0.389
1698.000 0.389
1699.000 0.388
1700.000 0.391
1701.000 0.400
1702.000 0.401
1703.000 0.401
1704.000 0.398
1705.000 0.388
1706.000 0.384
1707.000 0.385
1708.000 0.381
1709.000 0.377
1710.000 0.377
1711.000 0.378
1712.000 0.376
1713.000 0.378
1714.000 0.377
1715.000 0.379
1716.000 0.385
1717.000 0.386
1718.000 0.387
1719.000 0.386
1720.000 0.382
1721.000 0.383
1722.000 0.378
1723.000 0.369
1724.000 0.366
1725.000 0.358
1726.000 0.360
1727.000 0.370
1728.000 0.369
1729.000 0.371
1730.000 0.375
1731.000 0.369
1732.000 0.370
1733.000 0.371
1734.000 0.364
1735.000 0.361
1736.000 0.362
1737.000 0.362
1738.000 0.364
1739.000 0.364
1740.000 0.364
1741.000 0.364
1742.000 0.366
1743.000 0.363
1744.000 0.352
1745.000 0.350
1746.000 0.348
1747.000 0.349
1748.000 0.361
1749.000 0.364
1750.000 0.362
1751.000 0.364
1752.000 0.364
1753.000 0.365
1754.000 0.370
1755.000 0.371
1756.000 0.375
1757.000 0.373
1758.000 0.360
1759.000 0.360
1760.000 0.353
1761.000 0.348
1762.000 0.353
1763.000 0.346
1764.000 0.341
1765.000 0.341
1766.000 0.339
1767.000 0.338
1768.000 0.342
1769.000 0.338
1770.000 0.336
1771.000 0.335
1772.000 0.323
1773.000 0.337
1774.000 0.351
1775.000 0.351
1776.000 0.368
1777.000 0.366
1778.000 0.359
1779.000 0.366
1780.000 0.369
1781.000 0.377
1782.000 0.366
1783.000 0.351
1784.000 0.342
1785.000 0.345
1786.000 0.350
1787.000 0.381
1788.000 0.395
1789.000 0.380
1790.000 0.366
1791.000 0.348
1792.000 0.315
1793.000 0.319
1794.000 0.335
1795.000 0.347
1796.000 0.415
1797.000 0.457
1798.000 0.409
1799.000 0.503
1800.000 0.562
1801.000 0.572
1802.000 0.605
1803.000 0.539
1804.000 0.528
1805.000 0.474
1806.000 0.541
1807.000 0.440
1808.000 0.462
1809.000 0.694
1810.000 0.334
1811.000 0.514
1812.000 0.373
1813.000 0.653
1814.000 0.374
1815.000 0.391
1816.000 0.359
1817.000 0.468
1818.000 0.455
1819.000 0.619
1820.000 0.536
1821.000 0.697
1822.000 0.698
1823.000 0.528
1824.000 0.663
1825.000 0.564
1826.000 0.515
1827.000 0.462
1828.000 0.634
1829.000 0.519
1830.000 0.376
1831.000 0.282
1832.000 0.299
1833.000 0.273
1834.000 0.536
1835.000 0.440
1836.000 0.337
1837.000 0.255
1838.000 0.203
1839.000 0.198
1840.000 0.202
1841.000 0.283
1842.000 0.262
1843.000 0.167
1844.000 0.167
1845.000 0.272
1846.000 0.366
1847.000 0.532
1848.000 0.610
1849.000 0.486
1850.000 0.387
1851.000 0.399
1852.000 0.633
1853.000 0.570
1854.000 0.572
1855.000 0.468
1856.000 0.484
1857.000 0.547
1858.000 0.586
1859.000 0.650
1860.000 0.760
1861.000 0.731
1862.000 0.659
1863.000 0.541
1864.000 0.455
1865.000 0.335
1866.000 0.391
1867.000 0.374
1868.000 0.477
1869.000 0.533
1870.000 0.312
1871.000 0.389
1872.000 0.402
1873.000 0.355
1874.000 0.391
1875.000 0.336
1876.000 0.325
1877.000 0.466
1878.000 0.401
1879.000 0.322
1880.000 0.343
1881.000 0.425
1882.000 0.474
1883.000 0.388
1884.000 0.487
1885.000 0.725
1886.000 0.591
1887.000 0.704
1888.000 0.620
1889.000 0.704
1890.000 0.673
1891.000 0.702
1892.000 0.630
1893.000 0.539
1894.000 0.368
1895.000 0.544
1896.000 0.205
1897.000 0.234
1898.000 0.328
1899.000 0.388
1900.000 0.351
1901.000 0.176
1902.000 0.349
1903.000 0.327
1904.000 0.355
1905.000 0.392
1906.000 0.430
1907.000 0.456
1908.000 0.481
1909.000 0.069
1910.000 0.206
1911.000 0.330
1912.000 0.451
1913.000 0.469
1914.000 0.380
1915.000 0.288
1916.000 0.222
1917.000 0.077
1918.000 0.195
1919.000 0.552
1920.000 0.467
1921.000 0.417
1922.000 0.468
1923.000 0.520
1924.000 0.549
1925.000 0.635
1926.000 0.501
1927.000 0.746
1928.000 0.558
1929.000 0.368
1930.000 0.234
1931.000 0.173
1932.000 0.261
1933.000 0.255
1934.000 0.237
1935.000 0.231
1936.000 0.213
1937.000 0.385
1938.000 0.540
1939.000 0.607
1940.000 0.488
1941.000 0.622
1942.000 0.648
1943.000 0.484
1944.000 0.428
1945.000 0.266
1946.000 0.280
1947.000 0.369
1948.000 0.324
1949.000 0.340
1950.000 0.238
1951.000 0.197
1952.000 0.319
1953.000 0.556
1954.000 0.671
1955.000 0.285
1956.000 0.203
1957.000 0.435
1958.000 0.545
1959.000 0.369
1960.000 0.615
1961.000 0.679
1962.000 0.704
1963.000 0.586
1964.000 0.512
1965.000 0.551
1966.000 0.678
1967.000 0.562
1968.000 0.514
1969.000 0.522
1970.000 0.561
1971.000 0.558
1972.000 0.209
1973.000 0.380
1974.000 0.225
1975.000 0.225
1976.000 0.176
1977.000 0.195
1978.000 0.216
1979.000 0.187
1980.000 0.180
1981.000 0.191
1982.000 0.136
1983.000 0.148
1984.000 0.196
1985.000 0.222
1986.000 0.255
1987.000 0.316
1988.000 0.334
1989.000 0.308
1990.000 0.320
1991.000 0.337
1992.000 0.357
1993.000 0.377
1994.000 0.077
1995.000 0.263
1996.000 0.328
1997.000 0.401
1998.000 0.462
1999.000 0.372
2000.000 0.367
2001.000 0.390
2002.000 0.278
2003.000 0.297
2004.000 0.313
2005.000 0.342
2006.000 0.386
2007.000 0.462
2008.000 0.588
2009.000 0.542
2010.000 0.493
2011.000 0.478
2012.000 0.493
2013.000 0.452
2014.000 0.418
2015.000 0.415
2016.000 0.359
2017.000 0.250
2018.000 0.452
2019.000 0.339
2020.000 0.246
2021.000 0.157
2022.000 0.092
2023.000 0.120
2024.000 0.191
2025.000 0.185
2026.000 0.239
2027.000 0.290
2028.000 0.402
2029.000 0.427
2030.000 0.365
2031.000 0.371
2032.000 0.308
2033.000 0.272
2034.000 0.312
2035.000 0.329
2036.000 0.340
2037.000 0.258
2038.000 0.194
2039.000 0.158
2040.000 0.151
2041.000 0.155
2042.000 0.158
2043.000 0.212
2044.000 0.239
2045.000 0.315
2046.000 0.336
2047.000 0.313
2048.000 0.280
2049.000 0.225
2050.000 0.163
2051.000 0.192
2052.000 0.193
2053.000 0.239
2054.000 0.316
2055.000 0.326
2056.000 0.286
2057.000 0.246
2058.000 0.165
2059.000 0.128
2060.000 0.173
2061.000 0.167
2062.000 0.139
2063.000 0.153
2064.000 0.158
2065.000 0.214
2066.000 0.247
2067.000 0.312
2068.000 0.304
2069.000 0.316
2070.000 0.230
2071.000 0.186
2072.000 0.186
2073.000 0.215
2074.000 0.238
2075.000 0.316
2076.000 0.341
2077.000 0.322
2078.000 0.306
2079.000 0.286
2080.000 0.253
2081.000 0.198
2082.000 0.188
2083.000 0.201
2084.000 0.214
2085.000 0.268
2086.000 0.308
2087.000 0.306
2088.000 0.255
2089.000 0.241
2090.000 0.210
2091.000 0.214
2092.000 0.251
2093.000 0.269
2094.000 0.307
2095.000 0.321
2096.000 0.308
2097.000 0.293
2098.000 0.272
2099.000 0.242
2100.000 0.214
2101.000 0.215
2102.000 0.222
2103.000 0.233
2104.000 0.238
2105.000 0.259
2106.000 0.247
2107.000 0.208
2108.000 0.205
2109.000 0.203
2110.000 0.208
2111.000 0.243
2112.000 0.255
2113.000 0.237
2114.000 0.247
2115.000 0.270
2116.000 0.275
2117.000 0.296
2118.000 0.315
2119.000 0.268
2120.000 0.234
2121.000 0.213
2122.000 0.192
2123.000 0.192
2124.000 0.211
2125.000 0.222
2126.000 0.253
2127.000 0.275
2128.000 0.298
2129.000 0.307
2130.000 0.295
2131.000 0.295
2132.000 0.290
2133.000 0.295
2134.000 0.323
2135.000 0.328
2136.000 0.328
2137.000 0.312
2138.000 0.271
2139.000 0.263
2140.000 0.271
2141.000 0.283
2142.000 0.294
2143.000 0.329
2144.000 0.332
2145.000 0.319
2146.000 0.299
2147.000 0.259
2148.000 0.243
2149.000 0.227
2150.000 0.223
2151.000 0.236
2152.000 0.239
2153.000 0.237
2154.000 0.238
2155.000 0.227
2156.000 0.238
2157.000 0.249
2158.000 0.253
2159.000 0.278
2160.000 0.276
2161.000 0.274
2162.000 0.262
2163.000 0.266
2164.000 0.264
2165.000 0.274
2166.000 0.309
2167.000 0.295
2168.000 0.259
2169.000 0.257
2170.000 0.251
2171.000 0.245
2172.000 0.247
2173.000 0.255
2174.000 0.268
2175.000 0.272
2176.000 0.297
2177.000 0.295
2178.000 0.257
2179.000 0.227
2180.000 0.209
2181.000 0.211
2182.000 0.236
2183.000 0.232
2184.000 0.238
2185.000 0.244
2186.000 0.254
2187.000 0.273
2188.000 0.279
2189.000 0.276
2190.000 0.271
2191.000 0.248
2192.000 0.240
2193.000 0.231
2194.000 0.232
2195.000 0.253
2196.000 0.262
2197.000 0.276
2198.000 0.290
2199.000 0.299
2200.000 0.299
2201.000 0.260
2202.000 0.258
2203.000 0.240
2204.000 0.230
2205.000 0.237
2206.000 0.231
2207.000 0.234
2208.000 0.254
2209.000 0.253
2210.000 0.242
2211.000 0.247
2212.000 0.248
2213.000 0.250
2214.000 0.273
2215.000 0.286
2216.000 0.289
2217.000 0.292
2218.000 0.300
2219.000 0.306
2220.000 0.302
2221.000 0.295
2222.000 0.289
2223.000 0.280
2224.000 0.255
2225.000 0.244
2226.000 0.243
2227.000 0.229
2228.000 0.222
2229.000 0.221
2230.000 0.209
2231.000 0.211
2232.000 0.235
2233.000 0.240
2234.000 0.241
2235.000 0.256
2236.000 0.235
2237.000 0.203
2238.000 0.183
2239.000 0.170
2240.000 0.171
2241.000 0.194
2242.000 0.200
2243.000 0.201
2244.000 0.212
2245.000 0.221
2246.000 0.232
2247.000 0.282
2248.000 0.272
2249.000 0.247
2250.000 0.235
2251.000 0.206
2252.000 0.204
2253.000 0.220
2254.000 0.236
2255.000 0.285
2256.000 0.312
2257.000 0.320
2258.000 0.313
2259.000 0.280
2260.000 0.261
2261.000 0.236
2262.000 0.235
2263.000 0.192
2264.000 0.191
2265.000 0.203
2266.000 0.244
2267.000 0.219
2268.000 0.213
2269.000 0.199
2270.000 0.196
2271.000 0.214
2272.000 0.268
2273.000 0.324
2274.000 0.361
2275.000 0.325
2276.000 0.336
2277.000 0.318
2278.000 0.276
2279.000 0.262
2280.000 0.244
2281.000 0.218
2282.000 0.179
2283.000 0.155
2284.000 0.154
2285.000 0.141
2286.000 0.138
2287.000 0.176
2288.000 0.212
2289.000 0.253
2290.000 0.362
2291.000 0.399
2292.000 0.429
2293.000 0.451
2294.000 0.190
2295.000 0.153
2296.000 0.117
2297.000 0.149
2298.000 0.191
2299.000 0.210
2300.000 0.290
2301.000 0.443
2302.000 0.366
2303.000 0.367
2304.000 0.240
2305.000 0.189
2306.000 0.180
2307.000 0.263
2308.000 0.202
2309.000 0.318
2310.000 0.297
2311.000 0.271
2312.000 0.221
2313.000 0.218
2314.000 0.299
2315.000 0.353
2316.000 0.334
2317.000 0.392
2318.000 0.543
2319.000 0.474
2320.000 0.416
2321.000 0.452
2322.000 0.401
2323.000 0.285
2324.000 0.231
2325.000 0.269
2326.000 0.244
2327.000 0.257
2328.000 0.275
2329.000 0.266
2330.000 0.250
2331.000 0.263
2332.000 0.267
2333.000 0.208
2334.000 0.341
2335.000 0.187
2336.000 0.268
2337.000 0.398
2338.000 0.407
2339.000 0.482
2340.000 0.159
2341.000 0.160
2342.000 0.214
2343.000 0.282
2344.000 0.247
2345.000 0.585
2346.000 0.608
2347.000 0.105
2348.000 0.217
2349.000 0.365
2350.000 0.399
2351.000 0.408
2352.000 0.426
2353.000 0.421
2354.000 0.439
2355.000 0.230
2356.000 0.175
2357.000 0.481
2358.000 0.386
2359.000 0.170
2360.000 0.308
2361.000 0.122
2362.000 0.253
2363.000 0.292
2364.000 0.562
2365.000 0.425
2366.000 0.439
2367.000 0.452
2368.000 0.473
2369.000 0.557
2370.000 0.521
2371.000 0.390
2372.000 0.263
2373.000 0.100
2374.000 0.058
2375.000 0.114
2376.000 0.301
2377.000 0.241
2378.000 0.218
2379.000 0.090
2380.000 0.152
2381.000 0.449
2382.000 0.239
2383.000 0.373
2384.000 0.330
2385.000 0.222
2386.000 0.145
2387.000 0.192
2388.000 0.344
2389.000 0.394
2390.000 0.337
2391.000 0.297
2392.000 0.303
2393.000 0.331
2394.000 0.121
2395.000 0.179
2396.000 0.204
2397.000 0.222
2398.000 0.301
2399.000 0.520
2400.000 0.456
2401.000 0.483
2402.000 0.476
2403.000 0.406
2404.000 0.307
2405.000 0.261
2406.000 0.354
2407.000 0.582
2408.000 0.442
2409.000 0.209
2410.000 0.347
2411.000 0.275
2412.000 0.467
2413.000 0.531
2414.000 0.639
2415.000 0.509
2416.000 0.354
2417.000 0.361
2418.000 0.324
2419.000 0.391
2420.000 0.412
2421.000 0.373
2422.000 0.268
2423.000 0.251
2424.000 0.199
2425.000 0.171
2426.000 0.257
2427.000 0.582
2428.000 0.289
2429.000 0.209
2430.000 0.216
2431.000 0.244
2432.000 0.219
2433.000 0.331
2434.000 0.498
2435.000 0.577
2436.000 0.528
2437.000 0.380
2438.000 0.304
2439.000 0.275
2440.000 0.318
2441.000 0.392
2442.000 0.591
2443.000 0.548
2444.000 0.583
2445.000 0.463
2446.000 0.549
2447.000 0.663
2448.000 0.435
2449.000 0.283
2450.000 0.377
2451.000 0.439
2452.000 0.581
2453.000 0.347
2454.000 0.272
2455.000 0.438
2456.000 0.399
2457.000 0.383
2458.000 0.350
2459.000 0.545
2460.000 0.310
2461.000 0.435
2462.000 0.266
2463.000 0.446
2464.000 0.492
2465.000 0.541
2466.000 0.397
2467.000 0.378
2468.000 0.491
2469.000 0.698
2470.000 0.732
2471.000 0.300
2472.000 0.134
2473.000 0.417
2474.000 0.652
2475.000 0.328
2476.000 0.321
2477.000 0.275
2478.000 0.459
2479.000 0.466
2480.000 0.574
2481.000 0.447
2482.000 0.551
2483.000 0.601
2484.000 0.507
2485.000 0.612
2486.000 0.691
2487.000 0.691
2488.000 0.702
2489.000 0.521
2490.000 0.412
2491.000 0.555
2492.000 0.550
2493.000 0.637
2494.000 0.574
2495.000 0.275
2496.000 0.482
2497.000 0.576
2498.000 0.600
2499.000 0.643
2500.000 0.651
