391.000 0.066
392.000 0.066
393.000 0.063
394.000 0.061
395.000 0.072
396.000 0.076
397.000 0.070
398.000 0.064
399.000 0.066
400.000 0.068
401.000 0.065
402.000 0.063
403.000 0.061
404.000 0.061
405.000 0.062
406.000 0.063
407.000 0.066
408.000 0.068
409.000 0.064
410.000 0.064
411.000 0.066
412.000 0.069
413.000 0.068
414.000 0.067
415.000 0.065
416.000 0.062
417.000 0.064
418.000 0.066
419.000 0.065
420.000 0.064
421.000 0.066
422.000 0.065
423.000 0.063
424.000 0.060
425.000 0.063
426.000 0.064
427.000 0.062
428.000 0.067
429.000 0.071
430.000 0.070
431.000 0.067
432.000 0.067
433.000 0.067
434.000 0.066
435.000 0.067
436.000 0.066
437.000 0.065
438.000 0.064
439.000 0.066
440.000 0.066
441.000 0.066
442.000 0.067
443.000 0.067
444.000 0.066
445.000 0.066
446.000 0.068
447.000 0.069
448.000 0.068
449.000 0.067
450.000 0.068
451.000 0.068
452.000 0.068
453.000 0.068
454.000 0.069
455.000 0.069
456.000 0.068
457.000 0.069
458.000 0.069
459.000 0.069
460.000 0.072
461.000 0.072
462.000 0.069
463.000 0.067
464.000 0.069
465.000 0.071
466.000 0.072
467.000 0.071
468.000 0.069
469.000 0.069
470.000 0.070
471.000 0.071
472.000 0.071
473.000 0.070
474.000 0.070
475.000 0.071
476.000 0.071
477.000 0.073
478.000 0.074
479.000 0.073
480.000 0.072
481.000 0.073
482.000 0.074
483.000 0.072
484.000 0.072
485.000 0.076
486.000 0.074
487.000 0.072
488.000 0.072
489.000 0.074
490.000 0.077
491.000 0.076
492.000 0.074
493.000 0.074
494.000 0.074
495.000 0.074
496.000 0.074
497.000 0.076
498.000 0.076
499.000 0.076
500.000 0.076
501.000 0.079
502.000 0.079
503.000 0.078
504.000 0.079
505.000 0.082
506.000 0.085
507.000 0.086
508.000 0.085
509.000 0.086
510.000 0.087
511.000 0.089
512.000 0.091
513.000 0.093
514.000 0.094
515.000 0.094
516.000 0.098
517.000 0.101
518.000 0.103
519.000 0.104
520.000 0.106
521.000 0.109
522.000 0.113
523.000 0.116
524.000 0.119
525.000 0.122
526.000 0.125
527.000 0.128
528.000 0.130
529.000 0.132
530.000 0.134
531.000 0.136
532.000 0.138
533.000 0.140
534.000 0.142
535.000 0.144
536.000 0.145
537.000 0.146
538.000 0.146
539.000 0.147
540.000 0.148
541.000 0.150
542.000 0.151
543.000 0.151
544.000 0.150
545.000 0.150
546.000 0.150
547.000 0.151
548.000 0.153
549.000 0.154
550.000 0.154
551.000 0.154
552.000 0.154
553.000 0.154
554.000 0.154
555.000 0.154
556.000 0.153
557.000 0.153
558.000 0.154
559.000 0.152
560.000 0.151
561.000 0.151
562.000 0.148
563.000 0.147
564.000 0.147
565.000 0.145
566.000 0.144
567.000 0.143
568.000 0.141
569.000 0.139
570.000 0.137
571.000 0.137
572.000 0.134
573.000 0.133
574.000 0.134
575.000 0.133
576.000 0.130
577.000 0.129
578.000 0.127
579.000 0.127
580.000 0.127
581.000 0.127
582.000 0.126
583.000 0.124
584.000 0.123
585.000 0.123
586.000 0.123
587.000 0.121
588.000 0.120
589.000 0.121
590.000 0.122
591.000 0.121
592.000 0.120
593.000 0.120
594.000 0.119
595.000 0.118
596.000 0.119
597.000 0.120
598.000 0.118
599.000 0.117
600.000 0.118
601.000 0.119
602.000 0.119
603.000 0.118
604.000 0.116
605.000 0.118
606.000 0.118
607.000 0.117
608.000 0.115
609.000 0.117
610.000 0.119
611.000 0.118
612.000 0.116
613.000 0.114
614.000 0.114
615.000 0.114
616.000 0.114
617.000 0.114
618.000 0.114
619.000 0.113
620.000 0.114
621.000 0.114
622.000 0.114
623.000 0.115
624.000 0.115
625.000 0.114
626.000 0.115
627.000 0.115
628.000 0.116
629.000 0.116
630.000 0.114
631.000 0.115
632.000 0.115
633.000 0.114
634.000 0.113
635.000 0.114
636.000 0.114
637.000 0.112
638.000 0.113
639.000 0.114
640.000 0.115
641.000 0.112
642.000 0.112
643.000 0.113
644.000 0.113
645.000 0.112
646.000 0.110
647.000 0.108
648.000 0.110
649.000 0.112
650.000 0.112
651.000 0.112
652.000 0.113
653.000 0.112
654.000 0.110
655.000 0.110
656.000 0.114
657.000 0.115
658.000 0.113
659.000 0.111
660.000 0.112
661.000 0.114
662.000 0.114
663.000 0.110
664.000 0.112
665.000 0.114
666.000 0.114
667.000 0.113
668.000 0.114
669.000 0.115
670.000 0.114
671.000 0.115
672.000 0.117
673.000 0.117
674.000 0.116
675.000 0.118
676.000 0.122
677.000 0.125
678.000 0.126
679.000 0.126
680.000 0.127
681.000 0.129
682.000 0.128
683.000 0.129
684.000 0.132
685.000 0.135
686.000 0.137
687.000 0.139
688.000 0.139
689.000 0.140
690.000 0.144
691.000 0.148
692.000 0.153
693.000 0.155
694.000 0.161
695.000 0.168
696.000 0.175
697.000 0.183
698.000 0.190
699.000 0.199
700.000 0.209
701.000 0.217
702.000 0.225
703.000 0.234
704.000 0.244
705.000 0.253
706.000 0.261
707.000 0.269
708.000 0.277
709.000 0.285
710.000 0.293
711.000 0.301
712.000 0.309
713.000 0.316
714.000 0.324
715.000 0.332
716.000 0.339
717.000 0.346
718.000 0.354
719.000 0.363
720.000 0.371
721.000 0.377
722.000 0.384
723.000 0.390
724.000 0.396
725.000 0.402
726.000 0.408
727.000 0.413
728.000 0.420
729.000 0.424
730.000 0.423
731.000 0.427
732.000 0.432
733.000 0.436
734.000 0.440
735.000 0.439
736.000 0.441
737.000 0.445
738.000 0.447
739.000 0.450
740.000 0.448
741.000 0.451
742.000 0.453
743.000 0.455
744.000 0.457
745.000 0.459
746.000 0.461
747.000 0.462
748.000 0.460
749.000 0.462
750.000 0.464
751.000 0.465
752.000 0.465
753.000 0.467
754.000 0.468
755.000 0.468
756.000 0.469
757.000 0.470
758.000 0.470
759.000 0.471
760.000 0.471
761.000 0.471
762.000 0.472
763.000 0.473
764.000 0.473
765.000 0.474
766.000 0.474
767.000 0.474
768.000 0.475
769.000 0.475
770.000 0.476
771.000 0.477
772.000 0.477
773.000 0.477
774.000 0.478
775.000 0.478
776.000 0.479
777.000 0.480
778.000 0.480
779.000 0.480
780.000 0.481
781.000 0.481
782.000 0.482
783.000 0.483
784.000 0.483
785.000 0.483
786.000 0.484
787.000 0.484
788.000 0.485
789.000 0.485
790.000 0.486
791.000 0.486
792.000 0.487
793.000 0.487
794.000 0.488
795.000 0.488
796.000 0.489
797.000 0.489
798.000 0.489
799.000 0.490
800.000 0.491
801.000 0.491
802.000 0.491
803.000 0.492
804.000 0.492
805.000 0.493
806.000 0.493
807.000 0.494
808.000 0.494
809.000 0.495
810.000 0.495
811.000 0.495
812.000 0.496
813.000 0.497
814.000 0.497
815.000 0.497
816.000 0.498
817.000 0.498
818.000 0.499
819.000 0.499
820.000 0.500
821.000 0.500
822.000 0.501
823.000 0.500
824.000 0.501
825.000 0.502
826.000 0.502
827.000 0.503
828.000 0.504
829.000 0.503
830.000 0.504
831.000 0.504
832.000 0.505
833.000 0.505
834.000 0.506
835.000 0.506
836.000 0.507
837.000 0.507
838.000 0.507
839.000 0.508
840.000 0.508
841.000 0.509
842.000 0.509
843.000 0.510
844.000 0.510
845.000 0.510
846.000 0.511
847.000 0.511
848.000 0.511
849.000 0.512
850.000 0.512
851.000 0.512
852.000 0.513
853.000 0.513
854.000 0.514
855.000 0.514
856.000 0.515
857.000 0.515
858.000 0.515
859.000 0.515
860.000 0.516
861.000 0.516
862.000 0.517
863.000 0.517
864.000 0.517
865.000 0.517
866.000 0.518
867.000 0.518
868.000 0.519
869.000 0.519
870.000 0.519
871.000 0.519
872.000 0.520
873.000 0.520
874.000 0.521
875.000 0.521
876.000 0.521
877.000 0.522
878.000 0.522
879.000 0.522
880.000 0.523
881.000 0.524
882.000 0.524
883.000 0.524
884.000 0.524
885.000 0.525
886.000 0.525
887.000 0.526
888.000 0.526
889.000 0.526
890.000 0.527
891.000 0.527
892.000 0.528
893.000 0.528
894.000 0.528
895.000 0.529
896.000 0.529
897.000 0.529
898.000 0.530
899.000 0.530
900.000 0.531
901.000 0.531
902.000 0.532
903.000 0.533
904.000 0.533
905.000 0.533
906.000 0.533
907.000 0.534
908.000 0.534
909.000 0.534
910.000 0.534
911.000 0.535
912.000 0.536
913.000 0.536
914.000 0.536
915.000 0.536
916.000 0.537
917.000 0.537
918.000 0.536
919.000 0.537
920.000 0.538
921.000 0.539
922.000 0.538
923.000 0.538
924.000 0.539
925.000 0.539
926.000 0.540
927.000 0.540
928.000 0.541
929.000 0.541
930.000 0.542
931.000 0.543
932.000 0.544
933.000 0.543
934.000 0.543
935.000 0.545
936.000 0.544
937.000 0.547
938.000 0.547
939.000 0.545
940.000 0.544
941.000 0.546
942.000 0.547
943.000 0.546
944.000 0.547
945.000 0.549
946.000 0.549
947.000 0.547
948.000 0.548
949.000 0.550
950.000 0.549
951.000 0.548
952.000 0.550
953.000 0.552
954.000 0.552
955.000 0.552
956.000 0.555
957.000 0.555
958.000 0.554
959.000 0.555
960.000 0.555
961.000 0.553
962.000 0.552
963.000 0.553
964.000 0.554
965.000 0.555
966.000 0.556
967.000 0.555
968.000 0.553
969.000 0.554
970.000 0.556
971.000 0.557
972.000 0.557
973.000 0.557
974.000 0.556
975.000 0.557
976.000 0.557
977.000 0.558
978.000 0.558
979.000 0.559
980.000 0.560
981.000 0.558
982.000 0.558
983.000 0.559
984.000 0.559
985.000 0.558
986.000 0.558
987.000 0.559
988.000 0.559
989.000 0.560
990.000 0.561
991.000 0.562
992.000 0.560
993.000 0.561
994.000 0.561
995.000 0.562
996.000 0.563
997.000 0.563
998.000 0.563
999.000 0.562
1000.000 0.562
1001.000 0.564
1002.000 0.564
1003.000 0.563
1004.000 0.564
1005.000 0.565
1006.000 0.565
1007.000 0.565
1008.000 0.565
1009.000 0.565
1010.000 0.566
1011.000 0.565
1012.000 0.565
1013.000 0.565
1014.000 0.566
1015.000 0.566
1016.000 0.566
1017.000 0.567
1018.000 0.567
1019.000 0.567
1020.000 0.568
1021.000 0.568
1022.000 0.568
1023.000 0.568
1024.000 0.568
1025.000 0.568
1026.000 0.568
1027.000 0.568
1028.000 0.568
1029.000 0.569
1030.000 0.569
1031.000 0.569
1032.000 0.570
1033.000 0.571
1034.000 0.571
1035.000 0.572
1036.000 0.573
1037.000 0.572
1038.000 0.573
1039.000 0.573
1040.000 0.572
1041.000 0.572
1042.000 0.572
1043.000 0.572
1044.000 0.572
1045.000 0.573
1046.000 0.573
1047.000 0.574
1048.000 0.574
1049.000 0.575
1050.000 0.575
1051.000 0.575
1052.000 0.574
1053.000 0.574
1054.000 0.575
1055.000 0.574
1056.000 0.575
1057.000 0.575
1058.000 0.574
1059.000 0.574
1060.000 0.575
1061.000 0.576
1062.000 0.576
1063.000 0.576
1064.000 0.576
1065.000 0.577
1066.000 0.577
1067.000 0.578
1068.000 0.578
1069.000 0.578
1070.000 0.578
1071.000 0.578
1072.000 0.578
1073.000 0.579
1074.000 0.579
1075.000 0.579
1076.000 0.580
1077.000 0.580
1078.000 0.580
1079.000 0.580
1080.000 0.580
1081.000 0.580
1082.000 0.581
1083.000 0.580
1084.000 0.581
1085.000 0.582
1086.000 0.582
1087.000 0.582
1088.000 0.582
1089.000 0.583
1090.000 0.583
1091.000 0.584
1092.000 0.585
1093.000 0.585
1094.000 0.585
1095.000 0.585
1096.000 0.585
1097.000 0.585
1098.000 0.585
1099.000 0.586
1100.000 0.587
1101.000 0.588
1102.000 0.588
1103.000 0.589
1104.000 0.589
1105.000 0.590
1106.000 0.590
1107.000 0.591
1108.000 0.591
1109.000 0.591
1110.000 0.591
1111.000 0.592
1112.000 0.592
1113.000 0.592
1114.000 0.593
1115.000 0.593
1116.000 0.593
1117.000 0.590
1118.000 0.589
1119.000 0.589
1120.000 0.584
1121.000 0.582
1122.000 0.577
1123.000 0.577
1124.000 0.587
1125.000 0.590
1126.000 0.588
1127.000 0.588
1128.000 0.593
1129.000 0.595
1130.000 0.590
1131.000 0.591
1132.000 0.592
1133.000 0.586
1134.000 0.591
1135.000 0.595
1136.000 0.592
1137.000 0.596
1138.000 0.596
1139.000 0.597
1140.000 0.597
1141.000 0.596
1142.000 0.594
1143.000 0.592
1144.000 0.593
1145.000 0.593
1146.000 0.594
1147.000 0.599
1148.000 0.603
1149.000 0.607
1150.000 0.605
1151.000 0.604
1152.000 0.604
1153.000 0.604
1154.000 0.603
1155.000 0.606
1156.000 0.609
1157.000 0.608
1158.000 0.606
1159.000 0.606
1160.000 0.605
1161.000 0.605
1162.000 0.607
1163.000 0.608
1164.000 0.608
1165.000 0.609
1166.000 0.610
1167.000 0.610
1168.000 0.610
1169.000 0.610
1170.000 0.610
1171.000 0.610
1172.000 0.611
1173.000 0.612
1174.000 0.612
1175.000 0.613
1176.000 0.614
1177.000 0.614
1178.000 0.614
1179.000 0.614
1180.000 0.614
1181.000 0.613
1182.000 0.613
1183.000 0.614
1184.000 0.614
1185.000 0.615
1186.000 0.615
1187.000 0.616
1188.000 0.616
1189.000 0.616
1190.000 0.616
1191.000 0.617
1192.000 0.618
1193.000 0.618
1194.000 0.618
1195.000 0.618
1196.000 0.618
1197.000 0.617
1198.000 0.618
1199.000 0.618
1200.000 0.619
1201.000 0.619
1202.000 0.620
1203.000 0.620
1204.000 0.620
1205.000 0.620
1206.000 0.620
1207.000 0.620
1208.000 0.620
1209.000 0.620
1210.000 0.620
1211.000 0.621
1212.000 0.621
1213.000 0.622
1214.000 0.622
1215.000 0.623
1216.000 0.623
1217.000 0.623
1218.000 0.623
1219.000 0.624
1220.000 0.624
1221.000 0.624
1222.000 0.624
1223.000 0.624
1224.000 0.624
1225.000 0.625
1226.000 0.625
1227.000 0.625
1228.000 0.625
1229.000 0.626
1230.000 0.626
1231.000 0.626
1232.000 0.627
1233.000 0.628
1234.000 0.628
1235.000 0.628
1236.000 0.628
1237.000 0.628
1238.000 0.629
1239.000 0.629
1240.000 0.629
1241.000 0.629
1242.000 0.629
1243.000 0.629
1244.000 0.630
1245.000 0.630
1246.000 0.630
1247.000 0.630
1248.000 0.631
1249.000 0.631
1250.000 0.631
1251.000 0.631
1252.000 0.632
1253.000 0.632
1254.000 0.632
1255.000 0.632
1256.000 0.632
1257.000 0.633
1258.000 0.633
1259.000 0.633
1260.000 0.633
1261.000 0.634
1262.000 0.634
1263.000 0.635
1264.000 0.635
1265.000 0.635
1266.000 0.636
1267.000 0.636
1268.000 0.636
1269.000 0.636
1270.000 0.636
1271.000 0.637
1272.000 0.637
1273.000 0.637
1274.000 0.637
1275.000 0.637
1276.000 0.637
1277.000 0.637
1278.000 0.638
1279.000 0.638
1280.000 0.639
1281.000 0.638
1282.000 0.639
1283.000 0.639
1284.000 0.639
1285.000 0.639
1286.000 0.640
1287.000 0.640
1288.000 0.641
1289.000 0.641
1290.000 0.641
1291.000 0.642
1292.000 0.642
1293.000 0.642
1294.000 0.642
1295.000 0.642
1296.000 0.642
1297.000 0.643
1298.000 0.644
1299.000 0.643
1300.000 0.644
1301.000 0.644
1302.000 0.644
1303.000 0.643
1304.000 0.644
1305.000 0.644
1306.000 0.644
1307.000 0.644
1308.000 0.645
1309.000 0.645
1310.000 0.645
1311.000 0.645
1312.000 0.646
1313.000 0.646
1314.000 0.646
1315.000 0.645
1316.000 0.645
1317.000 0.646
1318.000 0.645
1319.000 0.644
1320.000 0.642
1321.000 0.642
1322.000 0.642
1323.000 0.642
1324.000 0.642
1325.000 0.642
1326.000 0.641
1327.000 0.640
1328.000 0.639
1329.000 0.639
1330.000 0.631
1331.000 0.639
1332.000 0.636
1333.000 0.634
1334.000 0.634
1335.000 0.631
1336.000 0.630
1337.000 0.629
1338.000 0.631
1339.000 0.630
1340.000 0.630
1341.000 0.629
1342.000 0.626
1343.000 0.623
1344.000 0.623
1345.000 0.622
1346.000 0.624
1347.000 0.625
1348.000 0.624
1349.000 0.619
1350.000 0.610
1351.000 0.605
1352.000 0.575
1353.000 0.521
1354.000 0.484
1355.000 0.468
1356.000 0.430
1357.000 0.435
1358.000 0.552
1359.000 0.546
1360.000 0.521
1361.000 0.472
1362.000 0.398
1363.000 0.280
1364.000 0.274
1365.000 0.380
1366.000 0.423
1367.000 0.464
1368.000 0.638
1369.000 0.633
1370.000 0.719
1371.000 0.794
1372.000 0.934
1373.000 0.768
1374.000 0.705
1375.000 0.694
1376.000 0.668
1377.000 0.713
1378.000 0.583
1379.000 0.547
1380.000 0.563
1381.000 0.649
1382.000 0.431
1383.000 0.687
1384.000 0.400
1385.000 0.319
1386.000 0.245
1387.000 0.257
1388.000 0.262
1389.000 0.273
1390.000 0.322
1391.000 0.350
1392.000 0.463
1393.000 0.474
1394.000 0.181
1395.000 0.211
1396.000 0.355
1397.000 0.375
1398.000 0.386
1399.000 0.389
1400.000 0.494
1401.000 0.474
1402.000 0.468
1403.000 0.412
1404.000 0.432
1405.000 0.418
1406.000 0.376
1407.000 0.377
1408.000 0.318
1409.000 0.302
1410.000 0.342
1411.000 0.326
1412.000 0.379
1413.000 0.456
1414.000 0.433
1415.000 0.508
1416.000 0.470
1417.000 0.319
1418.000 0.260
1419.000 0.230
1420.000 0.240
1421.000 0.282
1422.000 0.290
1423.000 0.368
1424.000 0.388
1425.000 0.204
1426.000 0.202
1427.000 0.291
1428.000 0.305
1429.000 0.462
1430.000 0.460
1431.000 0.435
1432.000 0.381
1433.000 0.340
1434.000 0.326
1435.000 0.290
1436.000 0.284
1437.000 0.277
1438.000 0.279
1439.000 0.334
1440.000 0.339
1441.000 0.399
1442.000 0.463
1443.000 0.497
1444.000 0.470
1445.000 0.416
1446.000 0.357
1447.000 0.318
1448.000 0.338
1449.000 0.332
1450.000 0.343
1451.000 0.353
1452.000 0.360
1453.000 0.351
1454.000 0.322
1455.000 0.319
1456.000 0.313
1457.000 0.311
1458.000 0.325
1459.000 0.336
1460.000 0.371
1461.000 0.374
1462.000 0.356
1463.000 0.354
1464.000 0.324
1465.000 0.324
1466.000 0.336
1467.000 0.328
1468.000 0.321
1469.000 0.316
1470.000 0.315
1471.000 0.316
1472.000 0.316
1473.000 0.321
1474.000 0.332
1475.000 0.340
1476.000 0.356
1477.000 0.372
1478.000 0.403
1479.000 0.406
1480.000 0.386
1481.000 0.372
1482.000 0.345
1483.000 0.337
1484.000 0.336
1485.000 0.341
1486.000 0.355
1487.000 0.366
1488.000 0.380
1489.000 0.389
1490.000 0.398
1491.000 0.402
1492.000 0.398
1493.000 0.399
1494.000 0.399
1495.000 0.399
1496.000 0.402
1497.000 0.405
1498.000 0.404
1499.000 0.406
1500.000 0.404
1501.000 0.408
1502.000 0.413
1503.000 0.416
1504.000 0.420
1505.000 0.424
1506.000 0.425
1507.000 0.422
1508.000 0.422
1509.000 0.420
1510.000 0.422
1511.000 0.427
1512.000 0.430
1513.000 0.435
1514.000 0.437
1515.000 0.436
1516.000 0.437
1517.000 0.437
1518.000 0.441
1519.000 0.452
1520.000 0.456
1521.000 0.462
1522.000 0.464
1523.000 0.462
1524.000 0.462
1525.000 0.464
1526.000 0.464
1527.000 0.465
1528.000 0.467
1529.000 0.467
1530.000 0.471
1531.000 0.478
1532.000 0.482
1533.000 0.485
1534.000 0.486
1535.000 0.483
1536.000 0.483
1537.000 0.485
1538.000 0.486
1539.000 0.489
1540.000 0.491
1541.000 0.491
1542.000 0.493
1543.000 0.498
1544.000 0.499
1545.000 0.497
1546.000 0.498
1547.000 0.499
1548.000 0.500
1549.000 0.505
1550.000 0.507
1551.000 0.509
1552.000 0.509
1553.000 0.507
1554.000 0.507
1555.000 0.507
1556.000 0.509
1557.000 0.513
1558.000 0.516
1559.000 0.519
1560.000 0.521
1561.000 0.520
1562.000 0.520
1563.000 0.516
1564.000 0.517
1565.000 0.523
1566.000 0.527
1567.000 0.533
1568.000 0.537
1569.000 0.536
1570.000 0.538
1571.000 0.541
1572.000 0.542
1573.000 0.543
1574.000 0.543
1575.000 0.541
1576.000 0.541
1577.000 0.546
1578.000 0.548
1579.000 0.551
1580.000 0.553
1581.000 0.552
1582.000 0.552
1583.000 0.552
1584.000 0.552
1585.000 0.551
1586.000 0.552
1587.000 0.553
1588.000 0.554
1589.000 0.558
1590.000 0.560
1591.000 0.563
1592.000 0.565
1593.000 0.567
1594.000 0.567
1595.000 0.566
1596.000 0.567
1597.000 0.568
1598.000 0.569
1599.000 0.573
1600.000 0.574
1601.000 0.571
1602.000 0.571
1603.000 0.571
1604.000 0.572
1605.000 0.567
1606.000 0.570
1607.000 0.574
1608.000 0.576
1609.000 0.575
1610.000 0.575
1611.000 0.573
1612.000 0.581
1613.000 0.579
1614.000 0.580
1615.000 0.575
1616.000 0.576
1617.000 0.580
1618.000 0.581
1619.000 0.581
1620.000 0.582
1621.000 0.583
1622.000 0.584
1623.000 0.588
1624.000 0.590
1625.000 0.590
1626.000 0.590
1627.000 0.587
1628.000 0.587
1629.000 0.590
1630.000 0.590
1631.000 0.593
1632.000 0.593
1633.000 0.590
1634.000 0.590
1635.000 0.593
1636.000 0.595
1637.000 0.598
1638.000 0.598
1639.000 0.590
1640.000 0.587
1641.000 0.585
1642.000 0.584
1643.000 0.590
1644.000 0.593
1645.000 0.595
1646.000 0.596
1647.000 0.596
1648.000 0.594
1649.000 0.593
1650.000 0.591
1651.000 0.594
1652.000 0.594
1653.000 0.591
1654.000 0.593
1655.000 0.598
1656.000 0.600
1657.000 0.597
1658.000 0.596
1659.000 0.598
1660.000 0.597
1661.000 0.596
1662.000 0.595
1663.000 0.593
1664.000 0.591
1665.000 0.589
1666.000 0.590
1667.000 0.593
1668.000 0.595
1669.000 0.598
1670.000 0.599
1671.000 0.595
1672.000 0.594
1673.000 0.597
1674.000 0.596
1675.000 0.594
1676.000 0.592
1677.000 0.589
1678.000 0.589
1679.000 0.590
1680.000 0.591
1681.000 0.593
1682.000 0.594
1683.000 0.594
1684.000 0.594
1685.000 0.590
1686.000 0.590
1687.000 0.593
1688.000 0.595
1689.000 0.596
1690.000 0.597
1691.000 0.597
1692.000 0.596
1693.000 0.595
1694.000 0.595
1695.000 0.595
1696.000 0.595
1697.000 0.597
1698.000 0.597
1699.000 0.593
1700.000 0.591
1701.000 0.589
1702.000 0.589
1703.000 0.589
1704.000 0.589
1705.000 0.591
1706.000 0.592
1707.000 0.589
1708.000 0.587
1709.000 0.587
1710.000 0.584
1711.000 0.578
1712.000 0.577
1713.000 0.578
1714.000 0.586
1715.000 0.592
1716.000 0.592
1717.000 0.593
1718.000 0.592
1719.000 0.587
1720.000 0.584
1721.000 0.583
1722.000 0.576
1723.000 0.573
1724.000 0.573
1725.000 0.570
1726.000 0.569
1727.000 0.568
1728.000 0.571
1729.000 0.577
1730.000 0.580
1731.000 0.585
1732.000 0.588
1733.000 0.587
1734.000 0.582
1735.000 0.582
1736.000 0.580
1737.000 0.577
1738.000 0.577
1739.000 0.576
1740.000 0.578
1741.000 0.573
1742.000 0.570
1743.000 0.571
1744.000 0.566
1745.000 0.568
1746.000 0.573
1747.000 0.574
1748.000 0.571
1749.000 0.570
1750.000 0.570
1751.000 0.572
1752.000 0.576
1753.000 0.575
1754.000 0.578
1755.000 0.577
1756.000 0.565
1757.000 0.567
1758.000 0.578
1759.000 0.585
1760.000 0.585
1761.000 0.584
1762.000 0.588
1763.000 0.582
1764.000 0.571
1765.000 0.562
1766.000 0.561
1767.000 0.546
1768.000 0.551
1769.000 0.548
1770.000 0.552
1771.000 0.542
1772.000 0.522
1773.000 0.509
1774.000 0.517
1775.000 0.513
1776.000 0.507
1777.000 0.515
1778.000 0.522
1779.000 0.516
1780.000 0.544
1781.000 0.565
1782.000 0.565
1783.000 0.570
1784.000 0.564
1785.000 0.543
1786.000 0.546
1787.000 0.549
1788.000 0.554
1789.000 0.578
1790.000 0.577
1791.000 0.539
1792.000 0.539
1793.000 0.553
1794.000 0.557
1795.000 0.574
1796.000 0.569
1797.000 0.545
1798.000 0.522
1799.000 0.507
1800.000 0.524
1801.000 0.567
1802.000 0.598
1803.000 0.779
1804.000 0.802
1805.000 0.693
1806.000 0.686
1807.000 0.652
1808.000 0.578
1809.000 0.590
1810.000 0.649
1811.000 0.599
1812.000 0.562
1813.000 0.616
1814.000 0.524
1815.000 0.607
1816.000 0.609
1817.000 0.607
1818.000 0.608
1819.000 0.608
1820.000 0.736
1821.000 0.717
1822.000 0.615
1823.000 0.479
1824.000 0.515
1825.000 0.471
1826.000 0.640
1827.000 0.713
1828.000 0.689
1829.000 0.636
1830.000 0.661
1831.000 0.637
1832.000 0.603
1833.000 0.569
1834.000 0.506
1835.000 0.528
1836.000 0.602
1837.000 0.542
1838.000 0.464
1839.000 0.450
1840.000 0.459
1841.000 0.692
1842.000 0.599
1843.000 0.483
1844.000 0.483
1845.000 0.584
1846.000 0.617
1847.000 0.620
1848.000 0.565
1849.000 0.551
1850.000 0.515
1851.000 0.514
1852.000 0.541
1853.000 0.669
1854.000 0.610
1855.000 0.620
1856.000 0.626
1857.000 0.591
1858.000 0.667
1859.000 0.472
1860.000 0.549
1861.000 0.311
1862.000 0.484
1863.000 0.651
1864.000 0.666
1865.000 0.616
1866.000 0.668
1867.000 0.747
1868.000 0.782
1869.000 0.771
1870.000 0.794
1871.000 0.488
1872.000 0.468
1873.000 0.204
1874.000 0.454
1875.000 0.395
1876.000 0.496
1877.000 0.551
1878.000 0.514
1879.000 0.439
1880.000 0.425
1881.000 0.426
1882.000 0.437
1883.000 0.509
1884.000 0.536
1885.000 0.445
1886.000 0.676
1887.000 0.572
1888.000 0.429
1889.000 0.462
1890.000 0.623
1891.000 0.590
1892.000 0.506
1893.000 0.351
1894.000 0.329
1895.000 0.498
1896.000 0.742
1897.000 0.723
1898.000 0.587
1899.000 0.457
1900.000 0.452
1901.000 0.342
1902.000 0.533
1903.000 0.673
1904.000 0.768
1905.000 0.683
1906.000 0.695
1907.000 0.690
1908.000 0.705
1909.000 0.781
1910.000 0.529
1911.000 0.409
1912.000 0.409
1913.000 0.571
1914.000 0.624
1915.000 0.726
1916.000 0.663
1917.000 0.742
1918.000 0.760
1919.000 0.754
1920.000 0.715
1921.000 0.515
1922.000 0.460
1923.000 0.446
1924.000 0.294
1925.000 0.304
1926.000 0.327
1927.000 0.350
1928.000 0.292
1929.000 0.222
1930.000 0.251
1931.000 0.222
1932.000 0.312
1933.000 0.345
1934.000 0.389
1935.000 0.388
1936.000 0.381
1937.000 0.361
1938.000 0.769
1939.000 0.728
1940.000 0.687
1941.000 0.603
1942.000 0.576
1943.000 0.513
1944.000 0.447
1945.000 0.586
1946.000 0.578
1947.000 0.448
1948.000 0.356
1949.000 0.315
1950.000 0.246
1951.000 0.301
1952.000 0.453
1953.000 0.583
1954.000 0.597
1955.000 0.647
1956.000 0.568
1957.000 0.599
1958.000 0.696
1959.000 0.554
1960.000 0.526
1961.000 0.469
1962.000 0.509
1963.000 0.484
1964.000 0.431
1965.000 0.381
1966.000 0.380
1967.000 0.391
1968.000 0.427
1969.000 0.425
1970.000 0.442
1971.000 0.442
1972.000 0.469
1973.000 0.414
1974.000 0.474
1975.000 0.439
1976.000 0.374
1977.000 0.394
1978.000 0.380
1979.000 0.406
1980.000 0.386
1981.000 0.415
1982.000 0.436
1983.000 0.451
1984.000 0.363
1985.000 0.327
1986.000 0.307
1987.000 0.326
1988.000 0.331
1989.000 0.337
1990.000 0.363
1991.000 0.398
1992.000 0.434
1993.000 0.464
1994.000 0.552
1995.000 0.595
1996.000 0.566
1997.000 0.537
1998.000 0.493
1999.000 0.509
2000.000 0.479
2001.000 0.529
2002.000 0.449
2003.000 0.482
2004.000 0.677
2005.000 0.507
2006.000 0.510
2007.000 0.543
2008.000 0.445
2009.000 0.517
2010.000 0.557
2011.000 0.515
2012.000 0.635
2013.000 0.600
2014.000 0.656
2015.000 0.418
2016.000 0.359
2017.000 0.355
2018.000 0.332
2019.000 0.311
2020.000 0.363
2021.000 0.414
2022.000 0.430
2023.000 0.478
2024.000 0.350
2025.000 0.363
2026.000 0.378
2027.000 0.440
2028.000 0.449
2029.000 0.458
2030.000 0.378
2031.000 0.372
2032.000 0.389
2033.000 0.392
2034.000 0.427
2035.000 0.441
2036.000 0.367
2037.000 0.316
2038.000 0.327
2039.000 0.306
2040.000 0.297
2041.000 0.315
2042.000 0.321
2043.000 0.308
2044.000 0.318
2045.000 0.338
2046.000 0.344
2047.000 0.363
2048.000 0.368
2049.000 0.368
2050.000 0.338
2051.000 0.333
2052.000 0.331
2053.000 0.316
2054.000 0.320
2055.000 0.312
2056.000 0.297
2057.000 0.302
2058.000 0.356
2059.000 0.368
2060.000 0.460
2061.000 0.497
2062.000 0.526
2063.000 0.470
2064.000 0.392
2065.000 0.473
2066.000 0.466
2067.000 0.390
2068.000 0.400
2069.000 0.385
2070.000 0.378
2071.000 0.403
2072.000 0.410
2073.000 0.408
2074.000 0.404
2075.000 0.397
2076.000 0.393
2077.000 0.385
2078.000 0.385
2079.000 0.386
2080.000 0.386
2081.000 0.395
2082.000 0.387
2083.000 0.412
2084.000 0.426
2085.000 0.392
2086.000 0.401
2087.000 0.403
2088.000 0.382
2089.000 0.387
2090.000 0.430
2091.000 0.455
2092.000 0.525
2093.000 0.473
2094.000 0.416
2095.000 0.404
2096.000 0.431
2097.000 0.442
2098.000 0.403
2099.000 0.435
2100.000 0.420
2101.000 0.402
2102.000 0.410
2103.000 0.437
2104.000 0.442
2105.000 0.464
2106.000 0.451
2107.000 0.411
2108.000 0.396
2109.000 0.376
2110.000 0.369
2111.000 0.367
2112.000 0.364
2113.000 0.367
2114.000 0.366
2115.000 0.361
2116.000 0.363
2117.000 0.369
2118.000 0.370
2119.000 0.374
2120.000 0.383
2121.000 0.416
2122.000 0.423
2123.000 0.439
2124.000 0.479
2125.000 0.483
2126.000 0.462
2127.000 0.443
2128.000 0.401
2129.000 0.385
2130.000 0.374
2131.000 0.364
2132.000 0.361
2133.000 0.364
2134.000 0.377
2135.000 0.381
2136.000 0.384
2137.000 0.394
2138.000 0.407
2139.000 0.389
2140.000 0.386
2141.000 0.392
2142.000 0.395
2143.000 0.394
2144.000 0.398
2145.000 0.410
2146.000 0.412
2147.000 0.404
2148.000 0.404
2149.000 0.404
2150.000 0.408
2151.000 0.427
2152.000 0.441
2153.000 0.448
2154.000 0.455
2155.000 0.466
2156.000 0.449
2157.000 0.435
2158.000 0.435
2159.000 0.419
2160.000 0.429
2161.000 0.431
2162.000 0.439
2163.000 0.436
2164.000 0.424
2165.000 0.423
2166.000 0.417
2167.000 0.416
2168.000 0.426
2169.000 0.427
2170.000 0.431
2171.000 0.420
2172.000 0.408
2173.000 0.393
2174.000 0.360
2175.000 0.349
2176.000 0.344
2177.000 0.354
2178.000 0.369
2179.000 0.383
2180.000 0.389
2181.000 0.401
2182.000 0.408
2183.000 0.425
2184.000 0.446
2185.000 0.487
2186.000 0.489
2187.000 0.509
2188.000 0.496
2189.000 0.462
2190.000 0.440
2191.000 0.403
2192.000 0.394
2193.000 0.400
2194.000 0.404
2195.000 0.417
2196.000 0.423
2197.000 0.439
2198.000 0.445
2199.000 0.444
2200.000 0.446
2201.000 0.449
2202.000 0.448
2203.000 0.439
2204.000 0.453
2205.000 0.445
2206.000 0.427
2207.000 0.434
2208.000 0.418
2209.000 0.409
2210.000 0.406
2211.000 0.410
2212.000 0.424
2213.000 0.424
2214.000 0.414
2215.000 0.417
2216.000 0.421
2217.000 0.424
2218.000 0.440
2219.000 0.444
2220.000 0.429
2221.000 0.425
2222.000 0.421
2223.000 0.419
2224.000 0.428
2225.000 0.427
2226.000 0.424
2227.000 0.408
2228.000 0.397
2229.000 0.383
2230.000 0.380
2231.000 0.383
2232.000 0.391
2233.000 0.397
2234.000 0.393
2235.000 0.401
2236.000 0.386
2237.000 0.382
2238.000 0.383
2239.000 0.382
2240.000 0.381
2241.000 0.384
2242.000 0.386
2243.000 0.381
2244.000 0.382
2245.000 0.398
2246.000 0.407
2247.000 0.421
2248.000 0.420
2249.000 0.400
2250.000 0.396
2251.000 0.388
2252.000 0.389
2253.000 0.420
2254.000 0.424
2255.000 0.398
2256.000 0.393
2257.000 0.388
2258.000 0.371
2259.000 0.372
2260.000 0.380
2261.000 0.384
2262.000 0.387
2263.000 0.394
2264.000 0.421
2265.000 0.417
2266.000 0.405
2267.000 0.396
2268.000 0.373
2269.000 0.371
2270.000 0.370
2271.000 0.391
2272.000 0.414
2273.000 0.427
2274.000 0.432
2275.000 0.428
2276.000 0.408
2277.000 0.393
2278.000 0.366
2279.000 0.353
2280.000 0.336
2281.000 0.340
2282.000 0.358
2283.000 0.371
2284.000 0.408
2285.000 0.421
2286.000 0.417
2287.000 0.431
2288.000 0.469
2289.000 0.470
2290.000 0.471
2291.000 0.449
2292.000 0.377
2293.000 0.344
2294.000 0.338
2295.000 0.334
2296.000 0.328
2297.000 0.331
2298.000 0.342
2299.000 0.325
2300.000 0.295
2301.000 0.288
2302.000 0.320
2303.000 0.342
2304.000 0.405
2305.000 0.480
2306.000 0.484
2307.000 0.544
2308.000 0.569
2309.000 0.560
2310.000 0.607
2311.000 0.607
2312.000 0.558
2313.000 0.545
2314.000 0.481
2315.000 0.439
2316.000 0.415
2317.000 0.432
2318.000 0.406
2319.000 0.335
2320.000 0.330
2321.000 0.334
2322.000 0.364
2323.000 0.452
2324.000 0.453
2325.000 0.451
2326.000 0.463
2327.000 0.502
2328.000 0.484
2329.000 0.434
2330.000 0.425
2331.000 0.389
2332.000 0.350
2333.000 0.314
2334.000 0.307
2335.000 0.363
2336.000 0.352
2337.000 0.417
2338.000 0.408
2339.000 0.387
2340.000 0.482
2341.000 0.526
2342.000 0.540
2343.000 0.556
2344.000 0.491
2345.000 0.422
2346.000 0.424
2347.000 0.401
2348.000 0.334
2349.000 0.473
2350.000 0.291
2351.000 0.478
2352.000 0.554
2353.000 0.660
2354.000 0.586
2355.000 0.489
2356.000 0.436
2357.000 0.426
2358.000 0.419
2359.000 0.374
2360.000 0.358
2361.000 0.476
2362.000 0.480
2363.000 0.404
2364.000 0.355
2365.000 0.269
2366.000 0.246
2367.000 0.285
2368.000 0.325
2369.000 0.453
2370.000 0.435
2371.000 0.408
2372.000 0.400
2373.000 0.437
2374.000 0.552
2375.000 0.351
2376.000 0.533
2377.000 0.388
2378.000 0.405
2379.000 0.426
2380.000 0.454
2381.000 0.516
2382.000 0.475
2383.000 0.498
2384.000 0.525
2385.000 0.232
2386.000 0.354
2387.000 0.336
2388.000 0.332
2389.000 0.243
2390.000 0.266
2391.000 0.425
2392.000 0.637
2393.000 0.800
2394.000 0.432
2395.000 0.403
2396.000 0.257
2397.000 0.284
2398.000 0.245
2399.000 0.277
2400.000 0.465
2401.000 0.488
2402.000 0.365
2403.000 0.736
2404.000 0.583
2405.000 0.714
2406.000 0.447
2407.000 0.599
2408.000 0.366
2409.000 0.339
2410.000 0.509
2411.000 0.575
2412.000 0.545
2413.000 0.459
2414.000 0.413
2415.000 0.537
2416.000 0.379
2417.000 0.510
2418.000 0.359
2419.000 0.447
2420.000 0.337
2421.000 0.283
2422.000 0.409
2423.000 0.422
2424.000 0.465
2425.000 0.380
2426.000 0.294
2427.000 0.227
2428.000 0.561
2429.000 0.388
2430.000 0.322
2431.000 0.542
2432.000 0.576
2433.000 0.342
2434.000 0.310
2435.000 0.656
2436.000 0.659
2437.000 0.581
2438.000 0.672
2439.000 0.420
2440.000 0.432
2441.000 0.613
2442.000 0.417
2443.000 0.515
2444.000 0.490
2445.000 0.593
2446.000 0.475
2447.000 0.478
2448.000 0.338
2449.000 0.519
2450.000 0.403
2451.000 0.506
2452.000 0.466
2453.000 0.254
2454.000 0.450
2455.000 0.313
2456.000 0.334
2457.000 0.436
2458.000 0.321
2459.000 0.388
2460.000 0.371
2461.000 0.356
2462.000 0.523
2463.000 0.325
2464.000 0.229
2465.000 0.402
2466.000 0.404
2467.000 0.428
2468.000 0.395
2469.000 0.454
2470.000 0.520
2471.000 0.644
2472.000 0.385
2473.000 0.255
2474.000 0.350
2475.000 0.277
2476.000 0.297
2477.000 0.405
2478.000 0.587
2479.000 0.243
2480.000 0.276
2481.000 0.350
2482.000 0.439
2483.000 0.507
2484.000 0.133
2485.000 0.182
2486.000 0.221
2487.000 0.354
2488.000 0.326
2489.000 0.504
2490.000 0.704
2491.000 0.544
2492.000 0.394
2493.000 0.206
2494.000 0.280
2495.000 0.525
2496.000 0.480
2497.000 0.430
2498.000 0.379
2499.000 0.307
2500.000 0.277
