391.000 0.036
392.000 0.029
393.000 0.027
394.000 0.037
395.000 0.042
396.000 0.042
397.000 0.037
398.000 0.037
399.000 0.035
400.000 0.033
401.000 0.033
402.000 0.034
403.000 0.033
404.000 0.031
405.000 0.033
406.000 0.035
407.000 0.037
408.000 0.037
409.000 0.035
410.000 0.036
411.000 0.037
412.000 0.037
413.000 0.038
414.000 0.038
415.000 0.035
416.000 0.031
417.000 0.033
418.000 0.034
419.000 0.034
420.000 0.032
421.000 0.031
422.000 0.032
423.000 0.033
424.000 0.033
425.000 0.035
426.000 0.035
427.000 0.035
428.000 0.034
429.000 0.036
430.000 0.036
431.000 0.033
432.000 0.034
433.000 0.033
434.000 0.031
435.000 0.033
436.000 0.034
437.000 0.036
438.000 0.037
439.000 0.035
440.000 0.035
441.000 0.036
442.000 0.036
443.000 0.037
444.000 0.036
445.000 0.034
446.000 0.034
447.000 0.035
448.000 0.036
449.000 0.034
450.000 0.035
451.000 0.036
452.000 0.035
453.000 0.037
454.000 0.037
455.000 0.036
456.000 0.034
457.000 0.035
458.000 0.034
459.000 0.035
460.000 0.037
461.000 0.037
462.000 0.036
463.000 0.036
464.000 0.036
465.000 0.037
466.000 0.037
467.000 0.037
468.000 0.038
469.000 0.037
470.000 0.036
471.000 0.036
472.000 0.035
473.000 0.036
474.000 0.037
475.000 0.037
476.000 0.037
477.000 0.037
478.000 0.038
479.000 0.036
480.000 0.035
481.000 0.036
482.000 0.038
483.000 0.037
484.000 0.037
485.000 0.038
486.000 0.037
487.000 0.037
488.000 0.038
489.000 0.038
490.000 0.038
491.000 0.037
492.000 0.036
493.000 0.038
494.000 0.039
495.000 0.040
496.000 0.040
497.000 0.039
498.000 0.039
499.000 0.039
500.000 0.039
501.000 0.040
502.000 0.041
503.000 0.042
504.000 0.042
505.000 0.042
506.000 0.044
507.000 0.044
508.000 0.047
509.000 0.047
510.000 0.046
511.000 0.048
512.000 0.051
513.000 0.053
514.000 0.054
515.000 0.055
516.000 0.056
517.000 0.058
518.000 0.060
519.000 0.064
520.000 0.065
521.000 0.066
522.000 0.069
523.000 0.073
524.000 0.076
525.000 0.078
526.000 0.079
527.000 0.082
528.000 0.085
529.000 0.086
530.000 0.087
531.000 0.089
532.000 0.091
533.000 0.092
534.000 0.094
535.000 0.095
536.000 0.096
537.000 0.098
538.000 0.098
539.000 0.097
540.000 0.099
541.000 0.100
542.000 0.101
543.000 0.101
544.000 0.101
545.000 0.101
546.000 0.101
547.000 0.100
548.000 0.101
549.000 0.102
550.000 0.103
551.000 0.103
552.000 0.103
553.000 0.103
554.000 0.104
555.000 0.103
556.000 0.102
557.000 0.102
558.000 0.101
559.000 0.100
560.000 0.099
561.000 0.098
562.000 0.096
563.000 0.096
564.000 0.095
565.000 0.093
566.000 0.091
567.000 0.089
568.000 0.088
569.000 0.087
570.000 0.086
571.000 0.085
572.000 0.084
573.000 0.084
574.000 0.082
575.000 0.080
576.000 0.078
577.000 0.075
578.000 0.074
579.000 0.074
580.000 0.074
581.000 0.074
582.000 0.073
583.000 0.070
584.000 0.070
585.000 0.070
586.000 0.069
587.000 0.068
588.000 0.068
589.000 0.068
590.000 0.067
591.000 0.066
592.000 0.065
593.000 0.065
594.000 0.067
595.000 0.066
596.000 0.066
597.000 0.066
598.000 0.065
599.000 0.064
600.000 0.063
601.000 0.064
602.000 0.065
603.000 0.064
604.000 0.063
605.000 0.063
606.000 0.063
607.000 0.063
608.000 0.061
609.000 0.061
610.000 0.061
611.000 0.061
612.000 0.060
613.000 0.061
614.000 0.060
615.000 0.059
616.000 0.058
617.000 0.058
618.000 0.057
619.000 0.057
620.000 0.057
621.000 0.057
622.000 0.058
623.000 0.059
624.000 0.059
625.000 0.057
626.000 0.058
627.000 0.058
628.000 0.058
629.000 0.058
630.000 0.057
631.000 0.058
632.000 0.057
633.000 0.056
634.000 0.055
635.000 0.056
636.000 0.056
637.000 0.055
638.000 0.055
639.000 0.055
640.000 0.053
641.000 0.051
642.000 0.052
643.000 0.053
644.000 0.052
645.000 0.051
646.000 0.049
647.000 0.049
648.000 0.051
649.000 0.052
650.000 0.051
651.000 0.050
652.000 0.052
653.000 0.049
654.000 0.048
655.000 0.049
656.000 0.051
657.000 0.050
658.000 0.049
659.000 0.049
660.000 0.050
661.000 0.049
662.000 0.049
663.000 0.048
664.000 0.048
665.000 0.048
666.000 0.047
667.000 0.047
668.000 0.048
669.000 0.050
670.000 0.048
671.000 0.049
672.000 0.051
673.000 0.051
674.000 0.051
675.000 0.050
676.000 0.050
677.000 0.052
678.000 0.054
679.000 0.054
680.000 0.053
681.000 0.056
682.000 0.056
683.000 0.055
684.000 0.055
685.000 0.058
686.000 0.061
687.000 0.062
688.000 0.061
689.000 0.064
690.000 0.068
691.000 0.070
692.000 0.073
693.000 0.075
694.000 0.081
695.000 0.089
696.000 0.094
697.000 0.101
698.000 0.107
699.000 0.115
700.000 0.122
701.000 0.130
702.000 0.140
703.000 0.149
704.000 0.159
705.000 0.168
706.000 0.177
707.000 0.186
708.000 0.196
709.000 0.206
710.000 0.215
711.000 0.224
712.000 0.233
713.000 0.243
714.000 0.252
715.000 0.263
716.000 0.271
717.000 0.279
718.000 0.290
719.000 0.301
720.000 0.312
721.000 0.322
722.000 0.332
723.000 0.341
724.000 0.349
725.000 0.358
726.000 0.367
727.000 0.376
728.000 0.385
729.000 0.393
730.000 0.400
731.000 0.409
732.000 0.417
733.000 0.424
734.000 0.430
735.000 0.436
736.000 0.441
737.000 0.447
738.000 0.453
739.000 0.457
740.000 0.462
741.000 0.467
742.000 0.471
743.000 0.474
744.000 0.478
745.000 0.481
746.000 0.484
747.000 0.487
748.000 0.489
749.000 0.492
750.000 0.494
751.000 0.496
752.000 0.498
753.000 0.500
754.000 0.502
755.000 0.503
756.000 0.504
757.000 0.506
758.000 0.507
759.000 0.507
760.000 0.507
761.000 0.507
762.000 0.508
763.000 0.508
764.000 0.510
765.000 0.511
766.000 0.513
767.000 0.515
768.000 0.516
769.000 0.517
770.000 0.518
771.000 0.518
772.000 0.519
773.000 0.520
774.000 0.521
775.000 0.521
776.000 0.522
777.000 0.523
778.000 0.523
779.000 0.524
780.000 0.524
781.000 0.525
782.000 0.525
783.000 0.526
784.000 0.527
785.000 0.527
786.000 0.527
787.000 0.527
788.000 0.527
789.000 0.527
790.000 0.528
791.000 0.528
792.000 0.529
793.000 0.530
794.000 0.530
795.000 0.531
796.000 0.531
797.000 0.531
798.000 0.532
799.000 0.532
800.000 0.533
801.000 0.533
802.000 0.533
803.000 0.534
804.000 0.534
805.000 0.535
806.000 0.536
807.000 0.537
808.000 0.537
809.000 0.537
810.000 0.537
811.000 0.536
812.000 0.536
813.000 0.536
814.000 0.535
815.000 0.535
816.000 0.534
817.000 0.534
818.000 0.535
819.000 0.537
820.000 0.539
821.000 0.540
822.000 0.539
823.000 0.539
824.000 0.539
825.000 0.541
826.000 0.542
827.000 0.543
828.000 0.543
829.000 0.543
830.000 0.543
831.000 0.544
832.000 0.545
833.000 0.546
834.000 0.547
835.000 0.548
836.000 0.549
837.000 0.549
838.000 0.549
839.000 0.551
840.000 0.551
841.000 0.552
842.000 0.553
843.000 0.553
844.000 0.554
845.000 0.555
846.000 0.555
847.000 0.555
848.000 0.555
849.000 0.556
850.000 0.557
851.000 0.557
852.000 0.558
853.000 0.558
854.000 0.558
855.000 0.559
856.000 0.559
857.000 0.560
858.000 0.561
859.000 0.560
860.000 0.560
861.000 0.561
862.000 0.562
863.000 0.563
864.000 0.563
865.000 0.562
866.000 0.563
867.000 0.563
868.000 0.564
869.000 0.564
870.000 0.564
871.000 0.565
872.000 0.566
873.000 0.565
874.000 0.566
875.000 0.566
876.000 0.567
877.000 0.567
878.000 0.567
879.000 0.568
880.000 0.567
881.000 0.568
882.000 0.569
883.000 0.569
884.000 0.570
885.000 0.569
886.000 0.571
887.000 0.571
888.000 0.571
889.000 0.571
890.000 0.571
891.000 0.571
892.000 0.571
893.000 0.571
894.000 0.569
895.000 0.569
896.000 0.568
897.000 0.567
898.000 0.567
899.000 0.567
900.000 0.568
901.000 0.569
902.000 0.569
903.000 0.570
904.000 0.571
905.000 0.571
906.000 0.571
907.000 0.571
908.000 0.570
909.000 0.569
910.000 0.568
911.000 0.568
912.000 0.568
913.000 0.570
914.000 0.569
915.000 0.569
916.000 0.571
917.000 0.570
918.000 0.571
919.000 0.573
920.000 0.574
921.000 0.575
922.000 0.574
923.000 0.573
924.000 0.574
925.000 0.575
926.000 0.573
927.000 0.570
928.000 0.572
929.000 0.570
930.000 0.568
931.000 0.565
932.000 0.559
933.000 0.554
934.000 0.548
935.000 0.542
936.000 0.539
937.000 0.544
938.000 0.547
939.000 0.545
940.000 0.543
941.000 0.551
942.000 0.555
943.000 0.552
944.000 0.551
945.000 0.550
946.000 0.550
947.000 0.550
948.000 0.550
949.000 0.551
950.000 0.548
951.000 0.544
952.000 0.552
953.000 0.557
954.000 0.552
955.000 0.544
956.000 0.545
957.000 0.555
958.000 0.559
959.000 0.551
960.000 0.555
961.000 0.555
962.000 0.553
963.000 0.553
964.000 0.560
965.000 0.563
966.000 0.563
967.000 0.561
968.000 0.565
969.000 0.565
970.000 0.566
971.000 0.568
972.000 0.568
973.000 0.564
974.000 0.563
975.000 0.564
976.000 0.564
977.000 0.569
978.000 0.570
979.000 0.567
980.000 0.566
981.000 0.568
982.000 0.569
983.000 0.570
984.000 0.575
985.000 0.575
986.000 0.576
987.000 0.580
988.000 0.584
989.000 0.580
990.000 0.577
991.000 0.579
992.000 0.581
993.000 0.582
994.000 0.584
995.000 0.585
996.000 0.584
997.000 0.581
998.000 0.582
999.000 0.584
1000.000 0.586
1001.000 0.586
1002.000 0.587
1003.000 0.590
1004.000 0.591
1005.000 0.592
1006.000 0.592
1007.000 0.592
1008.000 0.592
1009.000 0.592
1010.000 0.593
1011.000 0.594
1012.000 0.595
1013.000 0.596
1014.000 0.595
1015.000 0.595
1016.000 0.596
1017.000 0.596
1018.000 0.596
1019.000 0.597
1020.000 0.598
1021.000 0.598
1022.000 0.600
1023.000 0.602
1024.000 0.604
1025.000 0.605
1026.000 0.606
1027.000 0.607
1028.000 0.607
1029.000 0.606
1030.000 0.606
1031.000 0.607
1032.000 0.607
1033.000 0.608
1034.000 0.609
1035.000 0.610
1036.000 0.611
1037.000 0.611
1038.000 0.612
1039.000 0.613
1040.000 0.613
1041.000 0.614
1042.000 0.615
1043.000 0.616
1044.000 0.616
1045.000 0.617
1046.000 0.618
1047.000 0.618
1048.000 0.619
1049.000 0.620
1050.000 0.620
1051.000 0.621
1052.000 0.621
1053.000 0.620
1054.000 0.621
1055.000 0.621
1056.000 0.622
1057.000 0.621
1058.000 0.621
1059.000 0.620
1060.000 0.619
1061.000 0.618
1062.000 0.618
1063.000 0.620
1064.000 0.621
1065.000 0.622
1066.000 0.624
1067.000 0.625
1068.000 0.625
1069.000 0.624
1070.000 0.624
1071.000 0.624
1072.000 0.623
1073.000 0.623
1074.000 0.623
1075.000 0.623
1076.000 0.623
1077.000 0.623
1078.000 0.624
1079.000 0.624
1080.000 0.623
1081.000 0.622
1082.000 0.622
1083.000 0.622
1084.000 0.623
1085.000 0.623
1086.000 0.623
1087.000 0.622
1088.000 0.622
1089.000 0.622
1090.000 0.623
1091.000 0.624
1092.000 0.624
1093.000 0.625
1094.000 0.625
1095.000 0.622
1096.000 0.621
1097.000 0.621
1098.000 0.619
1099.000 0.619
1100.000 0.618
1101.000 0.616
1102.000 0.618
1103.000 0.618
1104.000 0.619
1105.000 0.618
1106.000 0.616
1107.000 0.615
1108.000 0.612
1109.000 0.610
1110.000 0.606
1111.000 0.604
1112.000 0.601
1113.000 0.599
1114.000 0.600
1115.000 0.602
1116.000 0.605
1117.000 0.604
1118.000 0.600
1119.000 0.594
1120.000 0.587
1121.000 0.584
1122.000 0.584
1123.000 0.583
1124.000 0.584
1125.000 0.585
1126.000 0.587
1127.000 0.585
1128.000 0.578
1129.000 0.574
1130.000 0.568
1131.000 0.567
1132.000 0.571
1133.000 0.567
1134.000 0.569
1135.000 0.571
1136.000 0.570
1137.000 0.575
1138.000 0.574
1139.000 0.569
1140.000 0.567
1141.000 0.569
1142.000 0.565
1143.000 0.558
1144.000 0.557
1145.000 0.557
1146.000 0.558
1147.000 0.566
1148.000 0.573
1149.000 0.572
1150.000 0.565
1151.000 0.558
1152.000 0.556
1153.000 0.554
1154.000 0.558
1155.000 0.560
1156.000 0.560
1157.000 0.560
1158.000 0.559
1159.000 0.560
1160.000 0.560
1161.000 0.562
1162.000 0.563
1163.000 0.564
1164.000 0.564
1165.000 0.564
1166.000 0.565
1167.000 0.566
1168.000 0.568
1169.000 0.569
1170.000 0.569
1171.000 0.569
1172.000 0.568
1173.000 0.568
1174.000 0.568
1175.000 0.569
1176.000 0.570
1177.000 0.570
1178.000 0.571
1179.000 0.570
1180.000 0.570
1181.000 0.569
1182.000 0.569
1183.000 0.568
1184.000 0.568
1185.000 0.568
1186.000 0.568
1187.000 0.569
1188.000 0.571
1189.000 0.573
1190.000 0.573
1191.000 0.573
1192.000 0.572
1193.000 0.571
1194.000 0.570
1195.000 0.570
1196.000 0.570
1197.000 0.571
1198.000 0.572
1199.000 0.572
1200.000 0.573
1201.000 0.573
1202.000 0.573
1203.000 0.573
1204.000 0.572
1205.000 0.572
1206.000 0.573
1207.000 0.573
1208.000 0.574
1209.000 0.575
1210.000 0.575
1211.000 0.575
1212.000 0.575
1213.000 0.574
1214.000 0.574
1215.000 0.576
1216.000 0.577
1217.000 0.578
1218.000 0.579
1219.000 0.579
1220.000 0.579
1221.000 0.580
1222.000 0.581
1223.000 0.583
1224.000 0.583
1225.000 0.584
1226.000 0.585
1227.000 0.586
1228.000 0.586
1229.000 0.587
1230.000 0.589
1231.000 0.589
1232.000 0.589
1233.000 0.589
1234.000 0.589
1235.000 0.589
1236.000 0.589
1237.000 0.590
1238.000 0.592
1239.000 0.593
1240.000 0.594
1241.000 0.594
1242.000 0.594
1243.000 0.594
1244.000 0.596
1245.000 0.597
1246.000 0.597
1247.000 0.598
1248.000 0.597
1249.000 0.596
1250.000 0.597
1251.000 0.597
1252.000 0.598
1253.000 0.599
1254.000 0.599
1255.000 0.598
1256.000 0.598
1257.000 0.598
1258.000 0.598
1259.000 0.598
1260.000 0.598
1261.000 0.599
1262.000 0.600
1263.000 0.601
1264.000 0.601
1265.000 0.600
1266.000 0.600
1267.000 0.600
1268.000 0.600
1269.000 0.601
1270.000 0.603
1271.000 0.603
1272.000 0.604
1273.000 0.604
1274.000 0.604
1275.000 0.604
1276.000 0.604
1277.000 0.604
1278.000 0.604
1279.000 0.604
1280.000 0.604
1281.000 0.604
1282.000 0.604
1283.000 0.603
1284.000 0.602
1285.000 0.603
1286.000 0.603
1287.000 0.603
1288.000 0.604
1289.000 0.603
1290.000 0.601
1291.000 0.600
1292.000 0.597
1293.000 0.596
1294.000 0.596
1295.000 0.595
1296.000 0.595
1297.000 0.596
1298.000 0.595
1299.000 0.595
1300.000 0.595
1301.000 0.594
1302.000 0.593
1303.000 0.591
1304.000 0.589
1305.000 0.585
1306.000 0.584
1307.000 0.582
1308.000 0.581
1309.000 0.581
1310.000 0.580
1311.000 0.579
1312.000 0.578
1313.000 0.576
1314.000 0.574
1315.000 0.572
1316.000 0.570
1317.000 0.569
1318.000 0.566
1319.000 0.563
1320.000 0.559
1321.000 0.556
1322.000 0.552
1323.000 0.551
1324.000 0.551
1325.000 0.550
1326.000 0.547
1327.000 0.545
1328.000 0.541
1329.000 0.540
1330.000 0.545
1331.000 0.543
1332.000 0.540
1333.000 0.537
1334.000 0.530
1335.000 0.528
1336.000 0.527
1337.000 0.526
1338.000 0.525
1339.000 0.521
1340.000 0.513
1341.000 0.508
1342.000 0.503
1343.000 0.498
1344.000 0.498
1345.000 0.497
1346.000 0.498
1347.000 0.497
1348.000 0.495
1349.000 0.493
1350.000 0.494
1351.000 0.498
1352.000 0.489
1353.000 0.483
1354.000 0.513
1355.000 0.401
1356.000 0.347
1357.000 0.368
1358.000 0.387
1359.000 0.408
1360.000 0.403
1361.000 0.473
1362.000 0.502
1363.000 0.490
1364.000 0.377
1365.000 0.389
1366.000 0.423
1367.000 0.630
1368.000 0.722
1369.000 0.682
1370.000 0.620
1371.000 0.568
1372.000 0.368
1373.000 0.333
1374.000 0.282
1375.000 0.449
1376.000 0.474
1377.000 0.554
1378.000 0.478
1379.000 0.434
1380.000 0.498
1381.000 0.492
1382.000 0.265
1383.000 0.498
1384.000 0.400
1385.000 0.542
1386.000 0.529
1387.000 0.505
1388.000 0.554
1389.000 0.542
1390.000 0.437
1391.000 0.392
1392.000 0.386
1393.000 0.420
1394.000 0.417
1395.000 0.413
1396.000 0.369
1397.000 0.359
1398.000 0.280
1399.000 0.312
1400.000 0.346
1401.000 0.281
1402.000 0.282
1403.000 0.382
1404.000 0.283
1405.000 0.320
1406.000 0.429
1407.000 0.394
1408.000 0.365
1409.000 0.360
1410.000 0.325
1411.000 0.258
1412.000 0.363
1413.000 0.446
1414.000 0.525
1415.000 0.383
1416.000 0.402
1417.000 0.462
1418.000 0.461
1419.000 0.325
1420.000 0.319
1421.000 0.445
1422.000 0.468
1423.000 0.330
1424.000 0.409
1425.000 0.458
1426.000 0.382
1427.000 0.332
1428.000 0.317
1429.000 0.431
1430.000 0.361
1431.000 0.242
1432.000 0.239
1433.000 0.288
1434.000 0.246
1435.000 0.191
1436.000 0.191
1437.000 0.191
1438.000 0.231
1439.000 0.350
1440.000 0.451
1441.000 0.428
1442.000 0.259
1443.000 0.255
1444.000 0.301
1445.000 0.355
1446.000 0.335
1447.000 0.414
1448.000 0.384
1449.000 0.300
1450.000 0.279
1451.000 0.242
1452.000 0.243
1453.000 0.215
1454.000 0.209
1455.000 0.201
1456.000 0.184
1457.000 0.180
1458.000 0.205
1459.000 0.185
1460.000 0.171
1461.000 0.166
1462.000 0.168
1463.000 0.164
1464.000 0.160
1465.000 0.184
1466.000 0.202
1467.000 0.190
1468.000 0.201
1469.000 0.204
1470.000 0.189
1471.000 0.185
1472.000 0.178
1473.000 0.171
1474.000 0.185
1475.000 0.200
1476.000 0.260
1477.000 0.268
1478.000 0.272
1479.000 0.249
1480.000 0.209
1481.000 0.193
1482.000 0.172
1483.000 0.169
1484.000 0.189
1485.000 0.196
1486.000 0.198
1487.000 0.195
1488.000 0.182
1489.000 0.177
1490.000 0.169
1491.000 0.168
1492.000 0.174
1493.000 0.178
1494.000 0.185
1495.000 0.191
1496.000 0.197
1497.000 0.203
1498.000 0.212
1499.000 0.218
1500.000 0.220
1501.000 0.223
1502.000 0.223
1503.000 0.222
1504.000 0.224
1505.000 0.224
1506.000 0.223
1507.000 0.221
1508.000 0.221
1509.000 0.221
1510.000 0.223
1511.000 0.227
1512.000 0.229
1513.000 0.232
1514.000 0.234
1515.000 0.232
1516.000 0.235
1517.000 0.241
1518.000 0.245
1519.000 0.253
1520.000 0.255
1521.000 0.253
1522.000 0.254
1523.000 0.253
1524.000 0.254
1525.000 0.258
1526.000 0.260
1527.000 0.261
1528.000 0.263
1529.000 0.264
1530.000 0.266
1531.000 0.271
1532.000 0.272
1533.000 0.270
1534.000 0.270
1535.000 0.267
1536.000 0.269
1537.000 0.277
1538.000 0.281
1539.000 0.285
1540.000 0.288
1541.000 0.288
1542.000 0.289
1543.000 0.291
1544.000 0.291
1545.000 0.290
1546.000 0.291
1547.000 0.293
1548.000 0.295
1549.000 0.299
1550.000 0.301
1551.000 0.303
1552.000 0.305
1553.000 0.304
1554.000 0.304
1555.000 0.303
1556.000 0.304
1557.000 0.305
1558.000 0.306
1559.000 0.309
1560.000 0.311
1561.000 0.315
1562.000 0.317
1563.000 0.320
1564.000 0.322
1565.000 0.323
1566.000 0.324
1567.000 0.324
1568.000 0.326
1569.000 0.327
1570.000 0.329
1571.000 0.331
1572.000 0.333
1573.000 0.336
1574.000 0.338
1575.000 0.338
1576.000 0.340
1577.000 0.342
1578.000 0.344
1579.000 0.349
1580.000 0.351
1581.000 0.350
1582.000 0.351
1583.000 0.348
1584.000 0.349
1585.000 0.351
1586.000 0.353
1587.000 0.357
1588.000 0.359
1589.000 0.360
1590.000 0.361
1591.000 0.361
1592.000 0.360
1593.000 0.359
1594.000 0.359
1595.000 0.358
1596.000 0.359
1597.000 0.361
1598.000 0.364
1599.000 0.370
1600.000 0.372
1601.000 0.370
1602.000 0.372
1603.000 0.369
1604.000 0.370
1605.000 0.378
1606.000 0.382
1607.000 0.386
1608.000 0.388
1609.000 0.390
1610.000 0.390
1611.000 0.387
1612.000 0.385
1613.000 0.382
1614.000 0.381
1615.000 0.387
1616.000 0.389
1617.000 0.391
1618.000 0.393
1619.000 0.393
1620.000 0.394
1621.000 0.398
1622.000 0.398
1623.000 0.398
1624.000 0.397
1625.000 0.396
1626.000 0.396
1627.000 0.400
1628.000 0.403
1629.000 0.406
1630.000 0.408
1631.000 0.410
1632.000 0.411
1633.000 0.409
1634.000 0.410
1635.000 0.410
1636.000 0.411
1637.000 0.412
1638.000 0.412
1639.000 0.407
1640.000 0.405
1641.000 0.405
1642.000 0.405
1643.000 0.409
1644.000 0.410
1645.000 0.411
1646.000 0.412
1647.000 0.414
1648.000 0.413
1649.000 0.410
1650.000 0.409
1651.000 0.407
1652.000 0.407
1653.000 0.413
1654.000 0.415
1655.000 0.414
1656.000 0.415
1657.000 0.414
1658.000 0.414
1659.000 0.416
1660.000 0.416
1661.000 0.412
1662.000 0.411
1663.000 0.411
1664.000 0.412
1665.000 0.416
1666.000 0.418
1667.000 0.419
1668.000 0.420
1669.000 0.420
1670.000 0.420
1671.000 0.418
1672.000 0.418
1673.000 0.419
1674.000 0.417
1675.000 0.414
1676.000 0.413
1677.000 0.410
1678.000 0.410
1679.000 0.413
1680.000 0.415
1681.000 0.418
1682.000 0.418
1683.000 0.414
1684.000 0.415
1685.000 0.416
1686.000 0.416
1687.000 0.418
1688.000 0.419
1689.000 0.417
1690.000 0.417
1691.000 0.420
1692.000 0.420
1693.000 0.419
1694.000 0.419
1695.000 0.420
1696.000 0.420
1697.000 0.419
1698.000 0.418
1699.000 0.412
1700.000 0.411
1701.000 0.412
1702.000 0.414
1703.000 0.417
1704.000 0.416
1705.000 0.412
1706.000 0.411
1707.000 0.407
1708.000 0.405
1709.000 0.406
1710.000 0.404
1711.000 0.398
1712.000 0.399
1713.000 0.395
1714.000 0.400
1715.000 0.406
1716.000 0.409
1717.000 0.413
1718.000 0.413
1719.000 0.408
1720.000 0.399
1721.000 0.394
1722.000 0.392
1723.000 0.388
1724.000 0.388
1725.000 0.391
1726.000 0.391
1727.000 0.389
1728.000 0.389
1729.000 0.388
1730.000 0.383
1731.000 0.384
1732.000 0.385
1733.000 0.384
1734.000 0.386
1735.000 0.389
1736.000 0.389
1737.000 0.388
1738.000 0.383
1739.000 0.380
1740.000 0.374
1741.000 0.372
1742.000 0.370
1743.000 0.372
1744.000 0.383
1745.000 0.386
1746.000 0.391
1747.000 0.391
1748.000 0.380
1749.000 0.376
1750.000 0.374
1751.000 0.372
1752.000 0.373
1753.000 0.370
1754.000 0.358
1755.000 0.358
1756.000 0.362
1757.000 0.364
1758.000 0.377
1759.000 0.380
1760.000 0.374
1761.000 0.375
1762.000 0.378
1763.000 0.378
1764.000 0.376
1765.000 0.370
1766.000 0.359
1767.000 0.356
1768.000 0.356
1769.000 0.362
1770.000 0.375
1771.000 0.371
1772.000 0.360
1773.000 0.353
1774.000 0.340
1775.000 0.324
1776.000 0.319
1777.000 0.320
1778.000 0.321
1779.000 0.340
1780.000 0.359
1781.000 0.370
1782.000 0.364
1783.000 0.351
1784.000 0.352
1785.000 0.334
1786.000 0.334
1787.000 0.342
1788.000 0.341
1789.000 0.342
1790.000 0.359
1791.000 0.344
1792.000 0.341
1793.000 0.383
1794.000 0.457
1795.000 0.451
1796.000 0.434
1797.000 0.427
1798.000 0.436
1799.000 0.559
1800.000 0.583
1801.000 0.380
1802.000 0.376
1803.000 0.468
1804.000 0.701
1805.000 0.642
1806.000 0.496
1807.000 0.480
1808.000 0.533
1809.000 0.542
1810.000 0.527
1811.000 0.517
1812.000 0.364
1813.000 0.197
1814.000 0.425
1815.000 0.434
1816.000 0.376
1817.000 0.330
1818.000 0.361
1819.000 0.325
1820.000 0.521
1821.000 0.469
1822.000 0.531
1823.000 0.550
1824.000 0.503
1825.000 0.490
1826.000 0.499
1827.000 0.504
1828.000 0.598
1829.000 0.420
1830.000 0.519
1831.000 0.627
1832.000 0.552
1833.000 0.362
1834.000 0.472
1835.000 0.437
1836.000 0.294
1837.000 0.337
1838.000 0.351
1839.000 0.385
1840.000 0.388
1841.000 0.495
1842.000 0.394
1843.000 0.394
1844.000 0.487
1845.000 0.399
1846.000 0.464
1847.000 0.558
1848.000 0.356
1849.000 0.317
1850.000 0.316
1851.000 0.288
1852.000 0.361
1853.000 0.521
1854.000 0.326
1855.000 0.355
1856.000 0.635
1857.000 0.631
1858.000 0.563
1859.000 0.541
1860.000 0.493
1861.000 0.557
1862.000 0.583
1863.000 0.502
1864.000 0.444
1865.000 0.326
1866.000 0.402
1867.000 0.389
1868.000 0.356
1869.000 0.399
1870.000 0.432
1871.000 0.486
1872.000 0.484
1873.000 0.418
1874.000 0.430
1875.000 0.634
1876.000 0.623
1877.000 0.417
1878.000 0.417
1879.000 0.146
1880.000 0.134
1881.000 0.161
1882.000 0.180
1883.000 0.389
1884.000 0.255
1885.000 0.320
1886.000 0.476
1887.000 0.488
1888.000 0.480
1889.000 0.490
1890.000 0.392
1891.000 0.485
1892.000 0.592
1893.000 0.543
1894.000 0.427
1895.000 0.505
1896.000 0.413
1897.000 0.255
1898.000 0.228
1899.000 0.325
1900.000 0.517
1901.000 0.519
1902.000 0.373
1903.000 0.467
1904.000 0.508
1905.000 0.439
1906.000 0.430
1907.000 0.351
1908.000 0.232
1909.000 0.501
1910.000 0.310
1911.000 0.288
1912.000 0.496
1913.000 0.624
1914.000 0.587
1915.000 0.470
1916.000 0.359
1917.000 0.504
1918.000 0.675
1919.000 0.469
1920.000 0.489
1921.000 0.463
1922.000 0.306
1923.000 0.364
1924.000 0.230
1925.000 0.435
1926.000 0.457
1927.000 0.371
1928.000 0.253
1929.000 0.439
1930.000 0.488
1931.000 0.542
1932.000 0.554
1933.000 0.411
1934.000 0.553
1935.000 0.539
1936.000 0.420
1937.000 0.316
1938.000 0.281
1939.000 0.296
1940.000 0.427
1941.000 0.266
1942.000 0.307
1943.000 0.295
1944.000 0.305
1945.000 0.347
1946.000 0.203
1947.000 0.178
1948.000 0.167
1949.000 0.184
1950.000 0.187
1951.000 0.201
1952.000 0.361
1953.000 0.477
1954.000 0.573
1955.000 0.605
1956.000 0.670
1957.000 0.633
1958.000 0.656
1959.000 0.650
1960.000 0.714
1961.000 0.704
1962.000 0.591
1963.000 0.384
1964.000 0.425
1965.000 0.464
1966.000 0.465
1967.000 0.453
1968.000 0.405
1969.000 0.438
1970.000 0.417
1971.000 0.419
1972.000 0.411
1973.000 0.375
1974.000 0.319
1975.000 0.224
1976.000 0.342
1977.000 0.380
1978.000 0.336
1979.000 0.394
1980.000 0.406
1981.000 0.430
1982.000 0.413
1983.000 0.453
1984.000 0.327
1985.000 0.254
1986.000 0.187
1987.000 0.232
1988.000 0.251
1989.000 0.218
1990.000 0.284
1991.000 0.316
1992.000 0.284
1993.000 0.249
1994.000 0.291
1995.000 0.366
1996.000 0.406
1997.000 0.476
1998.000 0.379
1999.000 0.484
2000.000 0.542
2001.000 0.395
2002.000 0.314
2003.000 0.449
2004.000 0.588
2005.000 0.511
2006.000 0.585
2007.000 0.493
2008.000 0.481
2009.000 0.536
2010.000 0.400
2011.000 0.452
2012.000 0.514
2013.000 0.549
2014.000 0.566
2015.000 0.614
2016.000 0.569
2017.000 0.532
2018.000 0.480
2019.000 0.399
2020.000 0.397
2021.000 0.366
2022.000 0.303
2023.000 0.387
2024.000 0.526
2025.000 0.390
2026.000 0.259
2027.000 0.422
2028.000 0.449
2029.000 0.381
2030.000 0.294
2031.000 0.273
2032.000 0.274
2033.000 0.270
2034.000 0.298
2035.000 0.339
2036.000 0.268
2037.000 0.242
2038.000 0.247
2039.000 0.240
2040.000 0.216
2041.000 0.254
2042.000 0.266
2043.000 0.272
2044.000 0.298
2045.000 0.287
2046.000 0.355
2047.000 0.332
2048.000 0.323
2049.000 0.326
2050.000 0.256
2051.000 0.334
2052.000 0.367
2053.000 0.330
2054.000 0.346
2055.000 0.341
2056.000 0.286
2057.000 0.313
2058.000 0.338
2059.000 0.399
2060.000 0.456
2061.000 0.491
2062.000 0.555
2063.000 0.457
2064.000 0.552
2065.000 0.484
2066.000 0.374
2067.000 0.263
2068.000 0.205
2069.000 0.192
2070.000 0.217
2071.000 0.253
2072.000 0.289
2073.000 0.339
2074.000 0.373
2075.000 0.370
2076.000 0.369
2077.000 0.385
2078.000 0.386
2079.000 0.354
2080.000 0.335
2081.000 0.347
2082.000 0.316
2083.000 0.284
2084.000 0.254
2085.000 0.179
2086.000 0.177
2087.000 0.187
2088.000 0.200
2089.000 0.227
2090.000 0.270
2091.000 0.302
2092.000 0.406
2093.000 0.420
2094.000 0.378
2095.000 0.405
2096.000 0.308
2097.000 0.288
2098.000 0.325
2099.000 0.329
2100.000 0.333
2101.000 0.269
2102.000 0.258
2103.000 0.257
2104.000 0.273
2105.000 0.318
2106.000 0.309
2107.000 0.330
2108.000 0.304
2109.000 0.278
2110.000 0.263
2111.000 0.225
2112.000 0.220
2113.000 0.225
2114.000 0.226
2115.000 0.214
2116.000 0.213
2117.000 0.221
2118.000 0.221
2119.000 0.229
2120.000 0.227
2121.000 0.242
2122.000 0.251
2123.000 0.251
2124.000 0.298
2125.000 0.310
2126.000 0.322
2127.000 0.325
2128.000 0.280
2129.000 0.270
2130.000 0.282
2131.000 0.277
2132.000 0.264
2133.000 0.263
2134.000 0.262
2135.000 0.256
2136.000 0.248
2137.000 0.253
2138.000 0.277
2139.000 0.270
2140.000 0.284
2141.000 0.308
2142.000 0.311
2143.000 0.285
2144.000 0.268
2145.000 0.253
2146.000 0.249
2147.000 0.253
2148.000 0.262
2149.000 0.217
2150.000 0.216
2151.000 0.244
2152.000 0.270
2153.000 0.285
2154.000 0.308
2155.000 0.311
2156.000 0.298
2157.000 0.303
2158.000 0.314
2159.000 0.266
2160.000 0.243
2161.000 0.232
2162.000 0.215
2163.000 0.240
2164.000 0.255
2165.000 0.260
2166.000 0.248
2167.000 0.255
2168.000 0.270
2169.000 0.266
2170.000 0.266
2171.000 0.246
2172.000 0.226
2173.000 0.217
2174.000 0.214
2175.000 0.216
2176.000 0.224
2177.000 0.245
2178.000 0.244
2179.000 0.250
2180.000 0.252
2181.000 0.262
2182.000 0.252
2183.000 0.261
2184.000 0.262
2185.000 0.256
2186.000 0.261
2187.000 0.277
2188.000 0.264
2189.000 0.249
2190.000 0.255
2191.000 0.230
2192.000 0.238
2193.000 0.234
2194.000 0.246
2195.000 0.246
2196.000 0.243
2197.000 0.267
2198.000 0.279
2199.000 0.302
2200.000 0.306
2201.000 0.316
2202.000 0.283
2203.000 0.292
2204.000 0.272
2205.000 0.253
2206.000 0.252
2207.000 0.261
2208.000 0.271
2209.000 0.264
2210.000 0.280
2211.000 0.259
2212.000 0.258
2213.000 0.254
2214.000 0.239
2215.000 0.235
2216.000 0.231
2217.000 0.228
2218.000 0.234
2219.000 0.240
2220.000 0.247
2221.000 0.252
2222.000 0.251
2223.000 0.248
2224.000 0.245
2225.000 0.237
2226.000 0.220
2227.000 0.218
2228.000 0.220
2229.000 0.221
2230.000 0.229
2231.000 0.249
2232.000 0.267
2233.000 0.283
2234.000 0.293
2235.000 0.333
2236.000 0.330
2237.000 0.316
2238.000 0.291
2239.000 0.232
2240.000 0.214
2241.000 0.227
2242.000 0.224
2243.000 0.196
2244.000 0.205
2245.000 0.239
2246.000 0.260
2247.000 0.277
2248.000 0.279
2249.000 0.242
2250.000 0.241
2251.000 0.247
2252.000 0.256
2253.000 0.282
2254.000 0.287
2255.000 0.270
2256.000 0.258
2257.000 0.251
2258.000 0.224
2259.000 0.230
2260.000 0.239
2261.000 0.236
2262.000 0.241
2263.000 0.258
2264.000 0.320
2265.000 0.350
2266.000 0.347
2267.000 0.368
2268.000 0.334
2269.000 0.328
2270.000 0.279
2271.000 0.278
2272.000 0.259
2273.000 0.263
2274.000 0.235
2275.000 0.236
2276.000 0.294
2277.000 0.346
2278.000 0.291
2279.000 0.288
2280.000 0.295
2281.000 0.260
2282.000 0.258
2283.000 0.287
2284.000 0.273
2285.000 0.236
2286.000 0.228
2287.000 0.236
2288.000 0.293
2289.000 0.301
2290.000 0.429
2291.000 0.359
2292.000 0.366
2293.000 0.306
2294.000 0.308
2295.000 0.287
2296.000 0.264
2297.000 0.284
2298.000 0.260
2299.000 0.290
2300.000 0.304
2301.000 0.256
2302.000 0.236
2303.000 0.266
2304.000 0.323
2305.000 0.339
2306.000 0.421
2307.000 0.414
2308.000 0.435
2309.000 0.449
2310.000 0.372
2311.000 0.310
2312.000 0.201
2313.000 0.239
2314.000 0.296
2315.000 0.413
2316.000 0.459
2317.000 0.375
2318.000 0.420
2319.000 0.405
2320.000 0.304
2321.000 0.239
2322.000 0.162
2323.000 0.330
2324.000 0.455
2325.000 0.357
2326.000 0.328
2327.000 0.417
2328.000 0.229
2329.000 0.338
2330.000 0.310
2331.000 0.216
2332.000 0.202
2333.000 0.261
2334.000 0.304
2335.000 0.403
2336.000 0.579
2337.000 0.231
2338.000 0.290
2339.000 0.478
2340.000 0.492
2341.000 0.494
2342.000 0.355
2343.000 0.391
2344.000 0.453
2345.000 0.466
2346.000 0.397
2347.000 0.280
2348.000 0.442
2349.000 0.398
2350.000 0.567
2351.000 0.418
2352.000 0.324
2353.000 0.425
2354.000 0.402
2355.000 0.467
2356.000 0.401
2357.000 0.359
2358.000 0.405
2359.000 0.468
2360.000 0.402
2361.000 0.496
2362.000 0.628
2363.000 0.628
2364.000 0.489
2365.000 0.487
2366.000 0.479
2367.000 0.371
2368.000 0.547
2369.000 0.599
2370.000 0.364
2371.000 0.308
2372.000 0.369
2373.000 0.417
2374.000 0.404
2375.000 0.457
2376.000 0.463
2377.000 0.586
2378.000 0.420
2379.000 0.544
2380.000 0.460
2381.000 0.474
2382.000 0.420
2383.000 0.256
2384.000 0.258
2385.000 0.140
2386.000 0.233
2387.000 0.275
2388.000 0.228
2389.000 0.321
2390.000 0.472
2391.000 0.528
2392.000 0.274
2393.000 0.441
2394.000 0.364
2395.000 0.431
2396.000 0.297
2397.000 0.338
2398.000 0.323
2399.000 0.354
2400.000 0.328
2401.000 0.485
2402.000 0.452
2403.000 0.352
2404.000 0.392
2405.000 0.365
2406.000 0.432
2407.000 0.378
2408.000 0.548
2409.000 0.453
2410.000 0.436
2411.000 0.171
2412.000 0.472
2413.000 0.610
2414.000 0.562
2415.000 0.498
2416.000 0.280
2417.000 0.510
2418.000 0.401
2419.000 0.279
2420.000 0.461
2421.000 0.390
2422.000 0.430
2423.000 0.359
2424.000 0.380
2425.000 0.416
2426.000 0.451
2427.000 0.310
2428.000 0.322
2429.000 0.201
2430.000 0.281
2431.000 0.422
2432.000 0.468
2433.000 0.728
2434.000 0.429
2435.000 0.384
2436.000 0.344
2437.000 0.327
2438.000 0.247
2439.000 0.435
2440.000 0.267
2441.000 0.484
2442.000 0.673
2443.000 0.550
2444.000 0.493
2445.000 0.430
2446.000 0.406
2447.000 0.332
2448.000 0.418
2449.000 0.621
2450.000 0.357
2451.000 0.325
2452.000 0.332
2453.000 0.505
2454.000 0.448
2455.000 0.443
2456.000 0.288
2457.000 0.190
2458.000 0.309
2459.000 0.383
2460.000 0.241
2461.000 0.468
2462.000 0.443
2463.000 0.467
2464.000 0.322
2465.000 0.238
2466.000 0.116
2467.000 0.120
2468.000 0.210
2469.000 0.393
2470.000 0.500
2471.000 0.438
2472.000 0.180
2473.000 0.316
2474.000 0.459
2475.000 0.481
2476.000 0.405
2477.000 0.390
2478.000 0.400
2479.000 0.429
2480.000 0.425
2481.000 0.284
2482.000 0.379
2483.000 0.314
2484.000 0.275
2485.000 0.391
2486.000 0.263
2487.000 0.261
2488.000 0.521
2489.000 0.468
2490.000 0.392
2491.000 0.376
2492.000 0.475
2493.000 0.681
2494.000 0.511
2495.000 0.390
2496.000 0.303
2497.000 0.410
2498.000 0.352
2499.000 0.473
2500.000 0.290
