391.000 0.086
392.000 0.081
393.000 0.082
394.000 0.088
395.000 0.094
396.000 0.093
397.000 0.086
398.000 0.082
399.000 0.082
400.000 0.084
401.000 0.084
402.000 0.083
403.000 0.081
404.000 0.080
405.000 0.081
406.000 0.083
407.000 0.084
408.000 0.083
409.000 0.083
410.000 0.082
411.000 0.083
412.000 0.084
413.000 0.086
414.000 0.085
415.000 0.081
416.000 0.077
417.000 0.079
418.000 0.081
419.000 0.080
420.000 0.078
421.000 0.077
422.000 0.077
423.000 0.077
424.000 0.078
425.000 0.080
426.000 0.080
427.000 0.078
428.000 0.080
429.000 0.082
430.000 0.080
431.000 0.078
432.000 0.078
433.000 0.078
434.000 0.077
435.000 0.077
436.000 0.078
437.000 0.080
438.000 0.082
439.000 0.079
440.000 0.079
441.000 0.080
442.000 0.080
443.000 0.081
444.000 0.079
445.000 0.076
446.000 0.077
447.000 0.078
448.000 0.079
449.000 0.077
450.000 0.078
451.000 0.078
452.000 0.080
453.000 0.080
454.000 0.079
455.000 0.079
456.000 0.079
457.000 0.079
458.000 0.078
459.000 0.078
460.000 0.081
461.000 0.081
462.000 0.079
463.000 0.078
464.000 0.078
465.000 0.079
466.000 0.080
467.000 0.080
468.000 0.080
469.000 0.078
470.000 0.077
471.000 0.079
472.000 0.078
473.000 0.078
474.000 0.080
475.000 0.080
476.000 0.080
477.000 0.080
478.000 0.081
479.000 0.078
480.000 0.076
481.000 0.077
482.000 0.080
483.000 0.079
484.000 0.079
485.000 0.081
486.000 0.081
487.000 0.079
488.000 0.079
489.000 0.081
490.000 0.082
491.000 0.081
492.000 0.080
493.000 0.080
494.000 0.081
495.000 0.082
496.000 0.083
497.000 0.082
498.000 0.083
499.000 0.083
500.000 0.083
501.000 0.085
502.000 0.086
503.000 0.087
504.000 0.088
505.000 0.090
506.000 0.091
507.000 0.093
508.000 0.095
509.000 0.096
510.000 0.097
511.000 0.100
512.000 0.104
513.000 0.108
514.000 0.111
515.000 0.114
516.000 0.118
517.000 0.122
518.000 0.127
519.000 0.132
520.000 0.136
521.000 0.139
522.000 0.145
523.000 0.151
524.000 0.158
525.000 0.163
526.000 0.167
527.000 0.172
528.000 0.177
529.000 0.181
530.000 0.185
531.000 0.189
532.000 0.193
533.000 0.196
534.000 0.199
535.000 0.202
536.000 0.204
537.000 0.207
538.000 0.208
539.000 0.208
540.000 0.210
541.000 0.211
542.000 0.212
543.000 0.213
544.000 0.213
545.000 0.214
546.000 0.214
547.000 0.214
548.000 0.214
549.000 0.215
550.000 0.216
551.000 0.216
552.000 0.216
553.000 0.216
554.000 0.215
555.000 0.215
556.000 0.213
557.000 0.212
558.000 0.211
559.000 0.208
560.000 0.207
561.000 0.205
562.000 0.202
563.000 0.199
564.000 0.197
565.000 0.193
566.000 0.189
567.000 0.185
568.000 0.182
569.000 0.179
570.000 0.176
571.000 0.172
572.000 0.169
573.000 0.168
574.000 0.165
575.000 0.161
576.000 0.157
577.000 0.154
578.000 0.151
579.000 0.151
580.000 0.149
581.000 0.148
582.000 0.145
583.000 0.142
584.000 0.140
585.000 0.139
586.000 0.139
587.000 0.136
588.000 0.135
589.000 0.134
590.000 0.132
591.000 0.130
592.000 0.130
593.000 0.130
594.000 0.129
595.000 0.128
596.000 0.128
597.000 0.129
598.000 0.128
599.000 0.126
600.000 0.124
601.000 0.125
602.000 0.125
603.000 0.124
604.000 0.123
605.000 0.121
606.000 0.121
607.000 0.120
608.000 0.118
609.000 0.119
610.000 0.119
611.000 0.117
612.000 0.115
613.000 0.115
614.000 0.115
615.000 0.112
616.000 0.112
617.000 0.110
618.000 0.109
619.000 0.108
620.000 0.109
621.000 0.108
622.000 0.107
623.000 0.110
624.000 0.109
625.000 0.108
626.000 0.108
627.000 0.107
628.000 0.107
629.000 0.107
630.000 0.107
631.000 0.107
632.000 0.106
633.000 0.105
634.000 0.103
635.000 0.104
636.000 0.104
637.000 0.101
638.000 0.101
639.000 0.101
640.000 0.099
641.000 0.096
642.000 0.095
643.000 0.095
644.000 0.093
645.000 0.092
646.000 0.089
647.000 0.089
648.000 0.092
649.000 0.093
650.000 0.091
651.000 0.088
652.000 0.091
653.000 0.089
654.000 0.087
655.000 0.088
656.000 0.089
657.000 0.088
658.000 0.088
659.000 0.089
660.000 0.088
661.000 0.087
662.000 0.086
663.000 0.085
664.000 0.086
665.000 0.086
666.000 0.084
667.000 0.085
668.000 0.088
669.000 0.089
670.000 0.088
671.000 0.089
672.000 0.091
673.000 0.093
674.000 0.093
675.000 0.092
676.000 0.093
677.000 0.096
678.000 0.098
679.000 0.100
680.000 0.101
681.000 0.104
682.000 0.105
683.000 0.105
684.000 0.106
685.000 0.112
686.000 0.116
687.000 0.118
688.000 0.118
689.000 0.124
690.000 0.128
691.000 0.131
692.000 0.136
693.000 0.144
694.000 0.155
695.000 0.167
696.000 0.179
697.000 0.192
698.000 0.207
699.000 0.223
700.000 0.239
701.000 0.257
702.000 0.275
703.000 0.292
704.000 0.310
705.000 0.328
706.000 0.345
707.000 0.360
708.000 0.377
709.000 0.395
710.000 0.411
711.000 0.427
712.000 0.443
713.000 0.459
714.000 0.476
715.000 0.493
716.000 0.509
717.000 0.523
718.000 0.540
719.000 0.560
720.000 0.579
721.000 0.592
722.000 0.607
723.000 0.622
724.000 0.637
725.000 0.651
726.000 0.664
727.000 0.678
728.000 0.692
729.000 0.704
730.000 0.704
731.000 0.715
732.000 0.726
733.000 0.737
734.000 0.746
735.000 0.746
736.000 0.753
737.000 0.762
738.000 0.769
739.000 0.776
740.000 0.775
741.000 0.781
742.000 0.787
743.000 0.792
744.000 0.797
745.000 0.802
746.000 0.806
747.000 0.809
748.000 0.808
749.000 0.811
750.000 0.814
751.000 0.816
752.000 0.819
753.000 0.822
754.000 0.823
755.000 0.825
756.000 0.825
757.000 0.827
758.000 0.827
759.000 0.827
760.000 0.827
761.000 0.827
762.000 0.827
763.000 0.828
764.000 0.828
765.000 0.830
766.000 0.830
767.000 0.830
768.000 0.831
769.000 0.832
770.000 0.832
771.000 0.832
772.000 0.833
773.000 0.833
774.000 0.834
775.000 0.834
776.000 0.834
777.000 0.835
778.000 0.835
779.000 0.835
780.000 0.836
781.000 0.836
782.000 0.836
783.000 0.836
784.000 0.836
785.000 0.837
786.000 0.837
787.000 0.837
788.000 0.837
789.000 0.837
790.000 0.837
791.000 0.837
792.000 0.838
793.000 0.836
794.000 0.836
795.000 0.837
796.000 0.837
797.000 0.837
798.000 0.837
799.000 0.837
800.000 0.838
801.000 0.838
802.000 0.838
803.000 0.838
804.000 0.838
805.000 0.839
806.000 0.839
807.000 0.839
808.000 0.840
809.000 0.840
810.000 0.839
811.000 0.839
812.000 0.839
813.000 0.838
814.000 0.838
815.000 0.838
816.000 0.838
817.000 0.838
818.000 0.838
819.000 0.839
820.000 0.839
821.000 0.840
822.000 0.840
823.000 0.840
824.000 0.840
825.000 0.840
826.000 0.841
827.000 0.841
828.000 0.841
829.000 0.841
830.000 0.841
831.000 0.842
832.000 0.842
833.000 0.842
834.000 0.843
835.000 0.843
836.000 0.844
837.000 0.844
838.000 0.844
839.000 0.845
840.000 0.845
841.000 0.845
842.000 0.846
843.000 0.846
844.000 0.846
845.000 0.846
846.000 0.846
847.000 0.846
848.000 0.846
849.000 0.847
850.000 0.847
851.000 0.847
852.000 0.847
853.000 0.847
854.000 0.848
855.000 0.848
856.000 0.848
857.000 0.848
858.000 0.848
859.000 0.848
860.000 0.848
861.000 0.848
862.000 0.849
863.000 0.849
864.000 0.848
865.000 0.848
866.000 0.849
867.000 0.849
868.000 0.849
869.000 0.849
870.000 0.849
871.000 0.847
872.000 0.847
873.000 0.847
874.000 0.847
875.000 0.848
876.000 0.848
877.000 0.848
878.000 0.848
879.000 0.848
880.000 0.848
881.000 0.848
882.000 0.848
883.000 0.848
884.000 0.848
885.000 0.849
886.000 0.849
887.000 0.849
888.000 0.849
889.000 0.849
890.000 0.849
891.000 0.849
892.000 0.849
893.000 0.848
894.000 0.847
895.000 0.847
896.000 0.847
897.000 0.846
898.000 0.846
899.000 0.846
900.000 0.846
901.000 0.846
902.000 0.847
903.000 0.847
904.000 0.849
905.000 0.849
906.000 0.847
907.000 0.847
908.000 0.847
909.000 0.847
910.000 0.846
911.000 0.845
912.000 0.848
913.000 0.845
914.000 0.845
915.000 0.845
916.000 0.846
917.000 0.844
918.000 0.845
919.000 0.846
920.000 0.847
921.000 0.848
922.000 0.847
923.000 0.849
924.000 0.846
925.000 0.846
926.000 0.845
927.000 0.846
928.000 0.848
929.000 0.843
930.000 0.841
931.000 0.838
932.000 0.834
933.000 0.836
934.000 0.835
935.000 0.830
936.000 0.829
937.000 0.829
938.000 0.827
939.000 0.831
940.000 0.832
941.000 0.827
942.000 0.828
943.000 0.829
944.000 0.829
945.000 0.827
946.000 0.828
947.000 0.827
948.000 0.829
949.000 0.827
950.000 0.827
951.000 0.827
952.000 0.829
953.000 0.826
954.000 0.828
955.000 0.828
956.000 0.822
957.000 0.827
958.000 0.831
959.000 0.828
960.000 0.826
961.000 0.827
962.000 0.829
963.000 0.829
964.000 0.834
965.000 0.837
966.000 0.836
967.000 0.832
968.000 0.834
969.000 0.834
970.000 0.834
971.000 0.835
972.000 0.835
973.000 0.837
974.000 0.836
975.000 0.837
976.000 0.838
977.000 0.837
978.000 0.838
979.000 0.839
980.000 0.839
981.000 0.839
982.000 0.840
983.000 0.836
984.000 0.839
985.000 0.842
986.000 0.839
987.000 0.840
988.000 0.842
989.000 0.841
990.000 0.840
991.000 0.840
992.000 0.841
993.000 0.841
994.000 0.842
995.000 0.843
996.000 0.843
997.000 0.842
998.000 0.843
999.000 0.843
1000.000 0.843
1001.000 0.845
1002.000 0.845
1003.000 0.845
1004.000 0.845
1005.000 0.845
1006.000 0.846
1007.000 0.846
1008.000 0.846
1009.000 0.847
1010.000 0.848
1011.000 0.848
1012.000 0.848
1013.000 0.848
1014.000 0.848
1015.000 0.848
1016.000 0.849
1017.000 0.848
1018.000 0.849
1019.000 0.849
1020.000 0.850
1021.000 0.851
1022.000 0.852
1023.000 0.853
1024.000 0.851
1025.000 0.852
1026.000 0.852
1027.000 0.853
1028.000 0.853
1029.000 0.853
1030.000 0.853
1031.000 0.852
1032.000 0.853
1033.000 0.853
1034.000 0.854
1035.000 0.855
1036.000 0.856
1037.000 0.850
1038.000 0.850
1039.000 0.857
1040.000 0.856
1041.000 0.857
1042.000 0.857
1043.000 0.857
1044.000 0.857
1045.000 0.851
1046.000 0.852
1047.000 0.853
1048.000 0.853
1049.000 0.855
1050.000 0.854
1051.000 0.855
1052.000 0.855
1053.000 0.855
1054.000 0.855
1055.000 0.855
1056.000 0.856
1057.000 0.856
1058.000 0.861
1059.000 0.861
1060.000 0.861
1061.000 0.860
1062.000 0.860
1063.000 0.861
1064.000 0.861
1065.000 0.856
1066.000 0.857
1067.000 0.857
1068.000 0.856
1069.000 0.856
1070.000 0.856
1071.000 0.856
1072.000 0.856
1073.000 0.856
1074.000 0.856
1075.000 0.855
1076.000 0.855
1077.000 0.856
1078.000 0.856
1079.000 0.856
1080.000 0.855
1081.000 0.855
1082.000 0.854
1083.000 0.854
1084.000 0.855
1085.000 0.861
1086.000 0.860
1087.000 0.861
1088.000 0.861
1089.000 0.861
1090.000 0.862
1091.000 0.862
1092.000 0.862
1093.000 0.861
1094.000 0.861
1095.000 0.859
1096.000 0.859
1097.000 0.853
1098.000 0.858
1099.000 0.857
1100.000 0.857
1101.000 0.856
1102.000 0.856
1103.000 0.856
1104.000 0.856
1105.000 0.856
1106.000 0.855
1107.000 0.854
1108.000 0.856
1109.000 0.853
1110.000 0.852
1111.000 0.852
1112.000 0.850
1113.000 0.850
1114.000 0.849
1115.000 0.849
1116.000 0.849
1117.000 0.840
1118.000 0.833
1119.000 0.832
1120.000 0.816
1121.000 0.807
1122.000 0.797
1123.000 0.796
1124.000 0.818
1125.000 0.824
1126.000 0.815
1127.000 0.809
1128.000 0.808
1129.000 0.808
1130.000 0.795
1131.000 0.797
1132.000 0.796
1133.000 0.785
1134.000 0.800
1135.000 0.811
1136.000 0.804
1137.000 0.814
1138.000 0.809
1139.000 0.807
1140.000 0.804
1141.000 0.803
1142.000 0.797
1143.000 0.786
1144.000 0.785
1145.000 0.785
1146.000 0.786
1147.000 0.796
1148.000 0.804
1149.000 0.811
1150.000 0.802
1151.000 0.798
1152.000 0.801
1153.000 0.803
1154.000 0.803
1155.000 0.811
1156.000 0.818
1157.000 0.819
1158.000 0.812
1159.000 0.812
1160.000 0.810
1161.000 0.810
1162.000 0.814
1163.000 0.815
1164.000 0.816
1165.000 0.818
1166.000 0.819
1167.000 0.819
1168.000 0.821
1169.000 0.821
1170.000 0.821
1171.000 0.821
1172.000 0.820
1173.000 0.820
1174.000 0.819
1175.000 0.820
1176.000 0.820
1177.000 0.821
1178.000 0.821
1179.000 0.820
1180.000 0.820
1181.000 0.820
1182.000 0.820
1183.000 0.819
1184.000 0.819
1185.000 0.819
1186.000 0.820
1187.000 0.820
1188.000 0.821
1189.000 0.821
1190.000 0.821
1191.000 0.821
1192.000 0.821
1193.000 0.821
1194.000 0.820
1195.000 0.820
1196.000 0.820
1197.000 0.820
1198.000 0.820
1199.000 0.820
1200.000 0.820
1201.000 0.821
1202.000 0.821
1203.000 0.820
1204.000 0.820
1205.000 0.820
1206.000 0.821
1207.000 0.821
1208.000 0.821
1209.000 0.821
1210.000 0.821
1211.000 0.821
1212.000 0.821
1213.000 0.821
1214.000 0.822
1215.000 0.823
1216.000 0.823
1217.000 0.823
1218.000 0.823
1219.000 0.823
1220.000 0.824
1221.000 0.824
1222.000 0.825
1223.000 0.825
1224.000 0.825
1225.000 0.825
1226.000 0.825
1227.000 0.825
1228.000 0.825
1229.000 0.826
1230.000 0.827
1231.000 0.827
1232.000 0.827
1233.000 0.827
1234.000 0.827
1235.000 0.827
1236.000 0.827
1237.000 0.827
1238.000 0.828
1239.000 0.829
1240.000 0.829
1241.000 0.829
1242.000 0.828
1243.000 0.828
1244.000 0.829
1245.000 0.830
1246.000 0.830
1247.000 0.831
1248.000 0.830
1249.000 0.831
1250.000 0.831
1251.000 0.831
1252.000 0.831
1253.000 0.831
1254.000 0.831
1255.000 0.831
1256.000 0.831
1257.000 0.831
1258.000 0.831
1259.000 0.831
1260.000 0.831
1261.000 0.831
1262.000 0.832
1263.000 0.833
1264.000 0.833
1265.000 0.832
1266.000 0.832
1267.000 0.831
1268.000 0.831
1269.000 0.831
1270.000 0.832
1271.000 0.832
1272.000 0.833
1273.000 0.833
1274.000 0.833
1275.000 0.832
1276.000 0.833
1277.000 0.832
1278.000 0.833
1279.000 0.832
1280.000 0.833
1281.000 0.832
1282.000 0.832
1283.000 0.831
1284.000 0.831
1285.000 0.830
1286.000 0.830
1287.000 0.830
1288.000 0.830
1289.000 0.830
1290.000 0.830
1291.000 0.829
1292.000 0.828
1293.000 0.827
1294.000 0.827
1295.000 0.826
1296.000 0.826
1297.000 0.826
1298.000 0.826
1299.000 0.826
1300.000 0.825
1301.000 0.825
1302.000 0.824
1303.000 0.823
1304.000 0.822
1305.000 0.820
1306.000 0.819
1307.000 0.818
1308.000 0.818
1309.000 0.818
1310.000 0.817
1311.000 0.816
1312.000 0.816
1313.000 0.816
1314.000 0.815
1315.000 0.813
1316.000 0.812
1317.000 0.810
1318.000 0.807
1319.000 0.804
1320.000 0.800
1321.000 0.797
1322.000 0.795
1323.000 0.793
1324.000 0.792
1325.000 0.790
1326.000 0.788
1327.000 0.785
1328.000 0.780
1329.000 0.778
1330.000 0.760
1331.000 0.773
1332.000 0.766
1333.000 0.760
1334.000 0.757
1335.000 0.749
1336.000 0.749
1337.000 0.747
1338.000 0.748
1339.000 0.746
1340.000 0.746
1341.000 0.744
1342.000 0.742
1343.000 0.735
1344.000 0.731
1345.000 0.726
1346.000 0.724
1347.000 0.720
1348.000 0.714
1349.000 0.704
1350.000 0.682
1351.000 0.657
1352.000 0.606
1353.000 0.489
1354.000 0.392
1355.000 0.361
1356.000 0.337
1357.000 0.334
1358.000 0.344
1359.000 0.360
1360.000 0.317
1361.000 0.235
1362.000 0.270
1363.000 0.189
1364.000 0.212
1365.000 0.284
1366.000 0.431
1367.000 0.419
1368.000 0.479
1369.000 0.396
1370.000 0.544
1371.000 0.488
1372.000 0.532
1373.000 0.383
1374.000 0.263
1375.000 0.245
1376.000 0.240
1377.000 0.350
1378.000 0.464
1379.000 0.490
1380.000 0.432
1381.000 0.427
1382.000 0.756
1383.000 0.688
1384.000 0.616
1385.000 0.495
1386.000 0.312
1387.000 0.462
1388.000 0.384
1389.000 0.336
1390.000 0.447
1391.000 0.331
1392.000 0.398
1393.000 0.348
1394.000 0.354
1395.000 0.340
1396.000 0.333
1397.000 0.367
1398.000 0.426
1399.000 0.380
1400.000 0.339
1401.000 0.297
1402.000 0.397
1403.000 0.350
1404.000 0.276
1405.000 0.277
1406.000 0.291
1407.000 0.278
1408.000 0.254
1409.000 0.151
1410.000 0.225
1411.000 0.226
1412.000 0.254
1413.000 0.311
1414.000 0.339
1415.000 0.510
1416.000 0.527
1417.000 0.539
1418.000 0.397
1419.000 0.268
1420.000 0.278
1421.000 0.189
1422.000 0.258
1423.000 0.450
1424.000 0.541
1425.000 0.256
1426.000 0.280
1427.000 0.265
1428.000 0.244
1429.000 0.525
1430.000 0.491
1431.000 0.413
1432.000 0.289
1433.000 0.215
1434.000 0.208
1435.000 0.190
1436.000 0.189
1437.000 0.158
1438.000 0.142
1439.000 0.221
1440.000 0.227
1441.000 0.344
1442.000 0.455
1443.000 0.546
1444.000 0.477
1445.000 0.398
1446.000 0.327
1447.000 0.268
1448.000 0.304
1449.000 0.288
1450.000 0.309
1451.000 0.296
1452.000 0.288
1453.000 0.273
1454.000 0.215
1455.000 0.203
1456.000 0.219
1457.000 0.217
1458.000 0.239
1459.000 0.258
1460.000 0.299
1461.000 0.298
1462.000 0.270
1463.000 0.267
1464.000 0.208
1465.000 0.203
1466.000 0.208
1467.000 0.211
1468.000 0.225
1469.000 0.228
1470.000 0.229
1471.000 0.225
1472.000 0.200
1473.000 0.208
1474.000 0.215
1475.000 0.236
1476.000 0.288
1477.000 0.328
1478.000 0.401
1479.000 0.414
1480.000 0.376
1481.000 0.350
1482.000 0.305
1483.000 0.292
1484.000 0.285
1485.000 0.288
1486.000 0.299
1487.000 0.312
1488.000 0.331
1489.000 0.347
1490.000 0.373
1491.000 0.382
1492.000 0.377
1493.000 0.380
1494.000 0.381
1495.000 0.381
1496.000 0.386
1497.000 0.388
1498.000 0.385
1499.000 0.380
1500.000 0.376
1501.000 0.386
1502.000 0.394
1503.000 0.403
1504.000 0.416
1505.000 0.420
1506.000 0.419
1507.000 0.410
1508.000 0.408
1509.000 0.402
1510.000 0.406
1511.000 0.417
1512.000 0.424
1513.000 0.433
1514.000 0.435
1515.000 0.430
1516.000 0.433
1517.000 0.432
1518.000 0.441
1519.000 0.462
1520.000 0.469
1521.000 0.476
1522.000 0.479
1523.000 0.474
1524.000 0.475
1525.000 0.480
1526.000 0.482
1527.000 0.481
1528.000 0.485
1529.000 0.490
1530.000 0.496
1531.000 0.511
1532.000 0.515
1533.000 0.515
1534.000 0.515
1535.000 0.506
1536.000 0.507
1537.000 0.512
1538.000 0.514
1539.000 0.520
1540.000 0.523
1541.000 0.524
1542.000 0.525
1543.000 0.529
1544.000 0.529
1545.000 0.522
1546.000 0.522
1547.000 0.525
1548.000 0.527
1549.000 0.534
1550.000 0.539
1551.000 0.545
1552.000 0.546
1553.000 0.544
1554.000 0.545
1555.000 0.542
1556.000 0.543
1557.000 0.551
1558.000 0.556
1559.000 0.563
1560.000 0.565
1561.000 0.566
1562.000 0.567
1563.000 0.561
1564.000 0.563
1565.000 0.570
1566.000 0.574
1567.000 0.582
1568.000 0.587
1569.000 0.586
1570.000 0.589
1571.000 0.594
1572.000 0.597
1573.000 0.601
1574.000 0.602
1575.000 0.594
1576.000 0.595
1577.000 0.603
1578.000 0.605
1579.000 0.610
1580.000 0.613
1581.000 0.609
1582.000 0.608
1583.000 0.611
1584.000 0.612
1585.000 0.612
1586.000 0.613
1587.000 0.612
1588.000 0.615
1589.000 0.620
1590.000 0.622
1591.000 0.625
1592.000 0.626
1593.000 0.623
1594.000 0.623
1595.000 0.623
1596.000 0.624
1597.000 0.627
1598.000 0.629
1599.000 0.635
1600.000 0.637
1601.000 0.631
1602.000 0.631
1603.000 0.630
1604.000 0.633
1605.000 0.625
1606.000 0.632
1607.000 0.641
1608.000 0.645
1609.000 0.644
1610.000 0.643
1611.000 0.638
1612.000 0.651
1613.000 0.645
1614.000 0.645
1615.000 0.637
1616.000 0.640
1617.000 0.643
1618.000 0.646
1619.000 0.642
1620.000 0.642
1621.000 0.647
1622.000 0.650
1623.000 0.656
1624.000 0.658
1625.000 0.655
1626.000 0.653
1627.000 0.648
1628.000 0.647
1629.000 0.654
1630.000 0.657
1631.000 0.662
1632.000 0.664
1633.000 0.659
1634.000 0.658
1635.000 0.661
1636.000 0.663
1637.000 0.671
1638.000 0.672
1639.000 0.662
1640.000 0.658
1641.000 0.650
1642.000 0.648
1643.000 0.657
1644.000 0.662
1645.000 0.667
1646.000 0.669
1647.000 0.667
1648.000 0.665
1649.000 0.663
1650.000 0.660
1651.000 0.666
1652.000 0.666
1653.000 0.658
1654.000 0.661
1655.000 0.671
1656.000 0.675
1657.000 0.669
1658.000 0.667
1659.000 0.669
1660.000 0.668
1661.000 0.666
1662.000 0.665
1663.000 0.664
1664.000 0.661
1665.000 0.657
1666.000 0.658
1667.000 0.664
1668.000 0.667
1669.000 0.675
1670.000 0.676
1671.000 0.669
1672.000 0.667
1673.000 0.669
1674.000 0.668
1675.000 0.665
1676.000 0.664
1677.000 0.661
1678.000 0.659
1679.000 0.663
1680.000 0.664
1681.000 0.665
1682.000 0.665
1683.000 0.662
1684.000 0.662
1685.000 0.658
1686.000 0.659
1687.000 0.667
1688.000 0.670
1689.000 0.674
1690.000 0.677
1691.000 0.678
1692.000 0.676
1693.000 0.670
1694.000 0.671
1695.000 0.676
1696.000 0.677
1697.000 0.682
1698.000 0.679
1699.000 0.667
1700.000 0.661
1701.000 0.653
1702.000 0.653
1703.000 0.659
1704.000 0.659
1705.000 0.662
1706.000 0.662
1707.000 0.656
1708.000 0.655
1709.000 0.661
1710.000 0.658
1711.000 0.651
1712.000 0.650
1713.000 0.645
1714.000 0.657
1715.000 0.672
1716.000 0.677
1717.000 0.682
1718.000 0.682
1719.000 0.672
1720.000 0.661
1721.000 0.657
1722.000 0.648
1723.000 0.643
1724.000 0.642
1725.000 0.638
1726.000 0.631
1727.000 0.621
1728.000 0.623
1729.000 0.634
1730.000 0.642
1731.000 0.656
1732.000 0.665
1733.000 0.663
1734.000 0.660
1735.000 0.660
1736.000 0.651
1737.000 0.646
1738.000 0.647
1739.000 0.644
1740.000 0.651
1741.000 0.645
1742.000 0.642
1743.000 0.644
1744.000 0.638
1745.000 0.639
1746.000 0.633
1747.000 0.633
1748.000 0.630
1749.000 0.630
1750.000 0.639
1751.000 0.644
1752.000 0.650
1753.000 0.645
1754.000 0.648
1755.000 0.649
1756.000 0.631
1757.000 0.636
1758.000 0.660
1759.000 0.676
1760.000 0.677
1761.000 0.681
1762.000 0.694
1763.000 0.682
1764.000 0.650
1765.000 0.615
1766.000 0.605
1767.000 0.578
1768.000 0.591
1769.000 0.601
1770.000 0.622
1771.000 0.605
1772.000 0.574
1773.000 0.554
1774.000 0.565
1775.000 0.557
1776.000 0.548
1777.000 0.558
1778.000 0.563
1779.000 0.548
1780.000 0.592
1781.000 0.621
1782.000 0.623
1783.000 0.627
1784.000 0.608
1785.000 0.579
1786.000 0.580
1787.000 0.573
1788.000 0.578
1789.000 0.611
1790.000 0.605
1791.000 0.529
1792.000 0.535
1793.000 0.591
1794.000 0.589
1795.000 0.638
1796.000 0.666
1797.000 0.586
1798.000 0.546
1799.000 0.533
1800.000 0.539
1801.000 0.480
1802.000 0.456
1803.000 0.551
1804.000 0.553
1805.000 0.453
1806.000 0.466
1807.000 0.388
1808.000 0.454
1809.000 0.485
1810.000 0.379
1811.000 0.300
1812.000 0.343
1813.000 0.329
1814.000 0.264
1815.000 0.279
1816.000 0.279
1817.000 0.325
1818.000 0.262
1819.000 0.219
1820.000 0.446
1821.000 0.454
1822.000 0.451
1823.000 0.403
1824.000 0.490
1825.000 0.438
1826.000 0.592
1827.000 0.801
1828.000 0.607
1829.000 0.579
1830.000 0.692
1831.000 0.672
1832.000 0.658
1833.000 0.611
1834.000 0.505
1835.000 0.593
1836.000 0.330
1837.000 0.376
1838.000 0.357
1839.000 0.352
1840.000 0.400
1841.000 0.459
1842.000 0.507
1843.000 0.438
1844.000 0.589
1845.000 0.568
1846.000 0.744
1847.000 0.668
1848.000 0.543
1849.000 0.313
1850.000 0.305
1851.000 0.362
1852.000 0.480
1853.000 0.741
1854.000 0.536
1855.000 0.570
1856.000 0.557
1857.000 0.521
1858.000 0.665
1859.000 0.421
1860.000 0.592
1861.000 0.528
1862.000 0.430
1863.000 0.407
1864.000 0.352
1865.000 0.333
1866.000 0.413
1867.000 0.570
1868.000 0.597
1869.000 0.594
1870.000 0.498
1871.000 0.503
1872.000 0.378
1873.000 0.348
1874.000 0.482
1875.000 0.424
1876.000 0.443
1877.000 0.478
1878.000 0.413
1879.000 0.404
1880.000 0.384
1881.000 0.364
1882.000 0.402
1883.000 0.523
1884.000 0.639
1885.000 0.384
1886.000 0.791
1887.000 0.625
1888.000 0.453
1889.000 0.289
1890.000 0.379
1891.000 0.323
1892.000 0.344
1893.000 0.437
1894.000 0.552
1895.000 0.636
1896.000 0.667
1897.000 0.676
1898.000 0.615
1899.000 0.480
1900.000 0.341
1901.000 0.293
1902.000 0.434
1903.000 0.573
1904.000 0.533
1905.000 0.415
1906.000 0.253
1907.000 0.306
1908.000 0.516
1909.000 0.632
1910.000 0.348
1911.000 0.396
1912.000 0.492
1913.000 0.557
1914.000 0.494
1915.000 0.541
1916.000 0.446
1917.000 0.515
1918.000 0.454
1919.000 0.519
1920.000 0.415
1921.000 0.761
1922.000 0.692
1923.000 0.635
1924.000 0.392
1925.000 0.448
1926.000 0.542
1927.000 0.697
1928.000 0.409
1929.000 0.395
1930.000 0.428
1931.000 0.289
1932.000 0.420
1933.000 0.460
1934.000 0.540
1935.000 0.527
1936.000 0.551
1937.000 0.583
1938.000 0.617
1939.000 0.642
1940.000 0.571
1941.000 0.426
1942.000 0.387
1943.000 0.368
1944.000 0.294
1945.000 0.447
1946.000 0.353
1947.000 0.305
1948.000 0.320
1949.000 0.305
1950.000 0.247
1951.000 0.254
1952.000 0.425
1953.000 0.482
1954.000 0.572
1955.000 0.653
1956.000 0.291
1957.000 0.571
1958.000 0.643
1959.000 0.663
1960.000 0.675
1961.000 0.611
1962.000 0.563
1963.000 0.567
1964.000 0.472
1965.000 0.376
1966.000 0.396
1967.000 0.368
1968.000 0.413
1969.000 0.420
1970.000 0.429
1971.000 0.363
1972.000 0.395
1973.000 0.244
1974.000 0.326
1975.000 0.329
1976.000 0.320
1977.000 0.416
1978.000 0.426
1979.000 0.350
1980.000 0.332
1981.000 0.305
1982.000 0.428
1983.000 0.512
1984.000 0.318
1985.000 0.286
1986.000 0.244
1987.000 0.245
1988.000 0.230
1989.000 0.249
1990.000 0.240
1991.000 0.299
1992.000 0.321
1993.000 0.356
1994.000 0.482
1995.000 0.481
1996.000 0.421
1997.000 0.353
1998.000 0.309
1999.000 0.347
2000.000 0.250
2001.000 0.347
2002.000 0.302
2003.000 0.442
2004.000 0.608
2005.000 0.439
2006.000 0.364
2007.000 0.353
2008.000 0.221
2009.000 0.354
2010.000 0.396
2011.000 0.221
2012.000 0.323
2013.000 0.363
2014.000 0.402
2015.000 0.418
2016.000 0.342
2017.000 0.317
2018.000 0.289
2019.000 0.257
2020.000 0.301
2021.000 0.352
2022.000 0.436
2023.000 0.473
2024.000 0.147
2025.000 0.226
2026.000 0.297
2027.000 0.369
2028.000 0.435
2029.000 0.447
2030.000 0.275
2031.000 0.255
2032.000 0.258
2033.000 0.274
2034.000 0.357
2035.000 0.426
2036.000 0.301
2037.000 0.242
2038.000 0.261
2039.000 0.205
2040.000 0.192
2041.000 0.209
2042.000 0.214
2043.000 0.202
2044.000 0.219
2045.000 0.244
2046.000 0.255
2047.000 0.294
2048.000 0.304
2049.000 0.297
2050.000 0.249
2051.000 0.257
2052.000 0.254
2053.000 0.251
2054.000 0.317
2055.000 0.321
2056.000 0.303
2057.000 0.314
2058.000 0.409
2059.000 0.404
2060.000 0.496
2061.000 0.532
2062.000 0.543
2063.000 0.434
2064.000 0.248
2065.000 0.452
2066.000 0.497
2067.000 0.390
2068.000 0.441
2069.000 0.405
2070.000 0.381
2071.000 0.424
2072.000 0.436
2073.000 0.442
2074.000 0.424
2075.000 0.397
2076.000 0.381
2077.000 0.346
2078.000 0.332
2079.000 0.334
2080.000 0.330
2081.000 0.321
2082.000 0.319
2083.000 0.353
2084.000 0.372
2085.000 0.317
2086.000 0.311
2087.000 0.308
2088.000 0.279
2089.000 0.293
2090.000 0.373
2091.000 0.421
2092.000 0.555
2093.000 0.458
2094.000 0.373
2095.000 0.344
2096.000 0.424
2097.000 0.461
2098.000 0.412
2099.000 0.476
2100.000 0.443
2101.000 0.391
2102.000 0.384
2103.000 0.420
2104.000 0.418
2105.000 0.455
2106.000 0.428
2107.000 0.359
2108.000 0.331
2109.000 0.295
2110.000 0.282
2111.000 0.275
2112.000 0.275
2113.000 0.299
2114.000 0.308
2115.000 0.316
2116.000 0.327
2117.000 0.336
2118.000 0.329
2119.000 0.334
2120.000 0.345
2121.000 0.396
2122.000 0.412
2123.000 0.437
2124.000 0.497
2125.000 0.511
2126.000 0.495
2127.000 0.472
2128.000 0.419
2129.000 0.397
2130.000 0.386
2131.000 0.361
2132.000 0.324
2133.000 0.322
2134.000 0.338
2135.000 0.338
2136.000 0.349
2137.000 0.380
2138.000 0.390
2139.000 0.344
2140.000 0.330
2141.000 0.327
2142.000 0.330
2143.000 0.337
2144.000 0.351
2145.000 0.391
2146.000 0.406
2147.000 0.396
2148.000 0.398
2149.000 0.391
2150.000 0.401
2151.000 0.429
2152.000 0.446
2153.000 0.480
2154.000 0.495
2155.000 0.518
2156.000 0.471
2157.000 0.441
2158.000 0.446
2159.000 0.422
2160.000 0.445
2161.000 0.450
2162.000 0.462
2163.000 0.449
2164.000 0.424
2165.000 0.416
2166.000 0.395
2167.000 0.388
2168.000 0.399
2169.000 0.402
2170.000 0.411
2171.000 0.408
2172.000 0.402
2173.000 0.386
2174.000 0.346
2175.000 0.330
2176.000 0.318
2177.000 0.322
2178.000 0.351
2179.000 0.368
2180.000 0.382
2181.000 0.409
2182.000 0.413
2183.000 0.431
2184.000 0.464
2185.000 0.538
2186.000 0.532
2187.000 0.564
2188.000 0.542
2189.000 0.491
2190.000 0.458
2191.000 0.412
2192.000 0.403
2193.000 0.423
2194.000 0.433
2195.000 0.447
2196.000 0.452
2197.000 0.446
2198.000 0.450
2199.000 0.446
2200.000 0.447
2201.000 0.467
2202.000 0.484
2203.000 0.430
2204.000 0.460
2205.000 0.426
2206.000 0.389
2207.000 0.410
2208.000 0.369
2209.000 0.370
2210.000 0.401
2211.000 0.417
2212.000 0.454
2213.000 0.449
2214.000 0.400
2215.000 0.393
2216.000 0.386
2217.000 0.383
2218.000 0.412
2219.000 0.429
2220.000 0.430
2221.000 0.428
2222.000 0.434
2223.000 0.426
2224.000 0.404
2225.000 0.388
2226.000 0.376
2227.000 0.353
2228.000 0.342
2229.000 0.339
2230.000 0.355
2231.000 0.370
2232.000 0.398
2233.000 0.428
2234.000 0.424
2235.000 0.446
2236.000 0.416
2237.000 0.380
2238.000 0.373
2239.000 0.370
2240.000 0.364
2241.000 0.369
2242.000 0.370
2243.000 0.356
2244.000 0.353
2245.000 0.374
2246.000 0.396
2247.000 0.434
2248.000 0.435
2249.000 0.407
2250.000 0.394
2251.000 0.348
2252.000 0.336
2253.000 0.361
2254.000 0.357
2255.000 0.323
2256.000 0.323
2257.000 0.344
2258.000 0.336
2259.000 0.353
2260.000 0.416
2261.000 0.416
2262.000 0.413
2263.000 0.427
2264.000 0.446
2265.000 0.433
2266.000 0.423
2267.000 0.401
2268.000 0.346
2269.000 0.320
2270.000 0.331
2271.000 0.332
2272.000 0.363
2273.000 0.380
2274.000 0.393
2275.000 0.384
2276.000 0.389
2277.000 0.356
2278.000 0.294
2279.000 0.273
2280.000 0.257
2281.000 0.259
2282.000 0.278
2283.000 0.289
2284.000 0.335
2285.000 0.347
2286.000 0.328
2287.000 0.346
2288.000 0.434
2289.000 0.443
2290.000 0.440
2291.000 0.446
2292.000 0.306
2293.000 0.265
2294.000 0.280
2295.000 0.277
2296.000 0.271
2297.000 0.271
2298.000 0.240
2299.000 0.239
2300.000 0.236
2301.000 0.247
2302.000 0.291
2303.000 0.368
2304.000 0.452
2305.000 0.544
2306.000 0.510
2307.000 0.466
2308.000 0.554
2309.000 0.549
2310.000 0.508
2311.000 0.504
2312.000 0.426
2313.000 0.384
2314.000 0.331
2315.000 0.351
2316.000 0.353
2317.000 0.359
2318.000 0.374
2319.000 0.334
2320.000 0.262
2321.000 0.346
2322.000 0.429
2323.000 0.399
2324.000 0.419
2325.000 0.446
2326.000 0.468
2327.000 0.536
2328.000 0.580
2329.000 0.521
2330.000 0.512
2331.000 0.423
2332.000 0.354
2333.000 0.312
2334.000 0.276
2335.000 0.361
2336.000 0.345
2337.000 0.545
2338.000 0.496
2339.000 0.358
2340.000 0.520
2341.000 0.463
2342.000 0.479
2343.000 0.525
2344.000 0.437
2345.000 0.362
2346.000 0.437
2347.000 0.520
2348.000 0.419
2349.000 0.620
2350.000 0.148
2351.000 0.401
2352.000 0.445
2353.000 0.574
2354.000 0.414
2355.000 0.332
2356.000 0.216
2357.000 0.210
2358.000 0.322
2359.000 0.332
2360.000 0.396
2361.000 0.535
2362.000 0.499
2363.000 0.373
2364.000 0.315
2365.000 0.233
2366.000 0.243
2367.000 0.258
2368.000 0.263
2369.000 0.416
2370.000 0.531
2371.000 0.657
2372.000 0.618
2373.000 0.564
2374.000 0.420
2375.000 0.325
2376.000 0.546
2377.000 0.446
2378.000 0.515
2379.000 0.499
2380.000 0.519
2381.000 0.444
2382.000 0.444
2383.000 0.365
2384.000 0.354
2385.000 0.313
2386.000 0.300
2387.000 0.272
2388.000 0.167
2389.000 0.165
2390.000 0.244
2391.000 0.287
2392.000 0.559
2393.000 0.566
2394.000 0.501
2395.000 0.676
2396.000 0.591
2397.000 0.596
2398.000 0.496
2399.000 0.435
2400.000 0.512
2401.000 0.472
2402.000 0.611
2403.000 0.520
2404.000 0.487
2405.000 0.326
2406.000 0.294
2407.000 0.463
2408.000 0.396
2409.000 0.462
2410.000 0.203
2411.000 0.392
2412.000 0.346
2413.000 0.327
2414.000 0.418
2415.000 0.627
2416.000 0.383
2417.000 0.647
2418.000 0.536
2419.000 0.557
2420.000 0.366
2421.000 0.328
2422.000 0.419
2423.000 0.750
2424.000 0.688
2425.000 0.592
2426.000 0.653
2427.000 0.510
2428.000 0.424
2429.000 0.288
2430.000 0.379
2431.000 0.341
2432.000 0.369
2433.000 0.504
2434.000 0.337
2435.000 0.367
2436.000 0.656
2437.000 0.560
2438.000 0.521
2439.000 0.411
2440.000 0.385
2441.000 0.517
2442.000 0.594
2443.000 0.597
2444.000 0.329
2445.000 0.307
2446.000 0.512
2447.000 0.470
2448.000 0.423
2449.000 0.358
2450.000 0.205
2451.000 0.379
2452.000 0.257
2453.000 0.540
2454.000 0.608
2455.000 0.626
2456.000 0.557
2457.000 0.751
2458.000 0.382
2459.000 0.434
2460.000 0.378
2461.000 0.362
2462.000 0.433
2463.000 0.272
2464.000 0.335
2465.000 0.477
2466.000 0.213
2467.000 0.477
2468.000 0.400
2469.000 0.241
2470.000 0.462
2471.000 0.397
2472.000 0.584
2473.000 0.359
2474.000 0.323
2475.000 0.436
2476.000 0.330
2477.000 0.419
2478.000 0.337
2479.000 0.259
2480.000 0.176
2481.000 0.427
2482.000 0.221
2483.000 0.208
2484.000 0.183
2485.000 0.194
2486.000 0.308
2487.000 0.436
2488.000 0.461
2489.000 0.456
2490.000 0.414
2491.000 0.491
2492.000 0.414
2493.000 0.481
2494.000 0.478
2495.000 0.504
2496.000 0.489
2497.000 0.331
2498.000 0.353
2499.000 0.307
2500.000 0.272
