391.000 0.069
392.000 0.065
393.000 0.064
394.000 0.070
395.000 0.074
396.000 0.074
397.000 0.070
398.000 0.066
399.000 0.065
400.000 0.067
401.000 0.068
402.000 0.068
403.000 0.068
404.000 0.067
405.000 0.066
406.000 0.068
407.000 0.069
408.000 0.069
409.000 0.069
410.000 0.068
411.000 0.067
412.000 0.068
413.000 0.070
414.000 0.070
415.000 0.067
416.000 0.064
417.000 0.065
418.000 0.067
419.000 0.067
420.000 0.066
421.000 0.064
422.000 0.064
423.000 0.064
424.000 0.065
425.000 0.066
426.000 0.067
427.000 0.065
428.000 0.066
429.000 0.067
430.000 0.066
431.000 0.065
432.000 0.064
433.000 0.065
434.000 0.064
435.000 0.064
436.000 0.065
437.000 0.067
438.000 0.068
439.000 0.066
440.000 0.066
441.000 0.067
442.000 0.067
443.000 0.068
444.000 0.067
445.000 0.064
446.000 0.064
447.000 0.065
448.000 0.066
449.000 0.064
450.000 0.065
451.000 0.065
452.000 0.066
453.000 0.067
454.000 0.066
455.000 0.065
456.000 0.066
457.000 0.065
458.000 0.066
459.000 0.065
460.000 0.067
461.000 0.066
462.000 0.066
463.000 0.065
464.000 0.066
465.000 0.066
466.000 0.066
467.000 0.066
468.000 0.067
469.000 0.065
470.000 0.064
471.000 0.065
472.000 0.063
473.000 0.065
474.000 0.068
475.000 0.068
476.000 0.067
477.000 0.067
478.000 0.068
479.000 0.066
480.000 0.064
481.000 0.065
482.000 0.067
483.000 0.066
484.000 0.066
485.000 0.067
486.000 0.067
487.000 0.066
488.000 0.065
489.000 0.068
490.000 0.067
491.000 0.066
492.000 0.066
493.000 0.066
494.000 0.067
495.000 0.068
496.000 0.069
497.000 0.068
498.000 0.069
499.000 0.069
500.000 0.069
501.000 0.071
502.000 0.072
503.000 0.072
504.000 0.074
505.000 0.075
506.000 0.076
507.000 0.076
508.000 0.078
509.000 0.080
510.000 0.081
511.000 0.083
512.000 0.086
513.000 0.090
514.000 0.092
515.000 0.095
516.000 0.098
517.000 0.102
518.000 0.106
519.000 0.110
520.000 0.114
521.000 0.117
522.000 0.122
523.000 0.127
524.000 0.133
525.000 0.137
526.000 0.141
527.000 0.145
528.000 0.149
529.000 0.152
530.000 0.156
531.000 0.160
532.000 0.162
533.000 0.164
534.000 0.167
535.000 0.170
536.000 0.172
537.000 0.174
538.000 0.175
539.000 0.175
540.000 0.176
541.000 0.177
542.000 0.178
543.000 0.179
544.000 0.179
545.000 0.180
546.000 0.180
547.000 0.180
548.000 0.180
549.000 0.181
550.000 0.182
551.000 0.181
552.000 0.181
553.000 0.181
554.000 0.181
555.000 0.181
556.000 0.179
557.000 0.178
558.000 0.177
559.000 0.175
560.000 0.174
561.000 0.172
562.000 0.169
563.000 0.167
564.000 0.165
565.000 0.161
566.000 0.159
567.000 0.156
568.000 0.153
569.000 0.150
570.000 0.147
571.000 0.144
572.000 0.141
573.000 0.140
574.000 0.137
575.000 0.134
576.000 0.131
577.000 0.128
578.000 0.126
579.000 0.126
580.000 0.124
581.000 0.123
582.000 0.121
583.000 0.118
584.000 0.116
585.000 0.115
586.000 0.115
587.000 0.113
588.000 0.112
589.000 0.111
590.000 0.109
591.000 0.107
592.000 0.108
593.000 0.108
594.000 0.107
595.000 0.106
596.000 0.106
597.000 0.106
598.000 0.106
599.000 0.104
600.000 0.102
601.000 0.102
602.000 0.103
603.000 0.102
604.000 0.101
605.000 0.100
606.000 0.100
607.000 0.098
608.000 0.097
609.000 0.097
610.000 0.097
611.000 0.096
612.000 0.095
613.000 0.095
614.000 0.094
615.000 0.091
616.000 0.092
617.000 0.090
618.000 0.089
619.000 0.089
620.000 0.089
621.000 0.088
622.000 0.088
623.000 0.089
624.000 0.089
625.000 0.088
626.000 0.088
627.000 0.087
628.000 0.088
629.000 0.087
630.000 0.087
631.000 0.088
632.000 0.087
633.000 0.086
634.000 0.084
635.000 0.084
636.000 0.084
637.000 0.082
638.000 0.083
639.000 0.081
640.000 0.080
641.000 0.077
642.000 0.076
643.000 0.076
644.000 0.074
645.000 0.073
646.000 0.071
647.000 0.070
648.000 0.074
649.000 0.074
650.000 0.072
651.000 0.070
652.000 0.072
653.000 0.070
654.000 0.069
655.000 0.069
656.000 0.070
657.000 0.069
658.000 0.069
659.000 0.071
660.000 0.070
661.000 0.069
662.000 0.068
663.000 0.068
664.000 0.068
665.000 0.067
666.000 0.067
667.000 0.067
668.000 0.069
669.000 0.071
670.000 0.069
671.000 0.071
672.000 0.072
673.000 0.073
674.000 0.074
675.000 0.073
676.000 0.074
677.000 0.076
678.000 0.077
679.000 0.079
680.000 0.081
681.000 0.082
682.000 0.084
683.000 0.084
684.000 0.084
685.000 0.089
686.000 0.093
687.000 0.094
688.000 0.095
689.000 0.101
690.000 0.104
691.000 0.106
692.000 0.110
693.000 0.117
694.000 0.126
695.000 0.137
696.000 0.147
697.000 0.158
698.000 0.171
699.000 0.185
700.000 0.199
701.000 0.215
702.000 0.230
703.000 0.245
704.000 0.260
705.000 0.276
706.000 0.290
707.000 0.303
708.000 0.318
709.000 0.333
710.000 0.347
711.000 0.361
712.000 0.375
713.000 0.388
714.000 0.403
715.000 0.418
716.000 0.431
717.000 0.444
718.000 0.459
719.000 0.476
720.000 0.493
721.000 0.505
722.000 0.518
723.000 0.532
724.000 0.545
725.000 0.558
726.000 0.570
727.000 0.583
728.000 0.596
729.000 0.607
730.000 0.609
731.000 0.621
732.000 0.632
733.000 0.643
734.000 0.652
735.000 0.654
736.000 0.662
737.000 0.670
738.000 0.678
739.000 0.685
740.000 0.687
741.000 0.693
742.000 0.700
743.000 0.706
744.000 0.711
745.000 0.716
746.000 0.721
747.000 0.725
748.000 0.725
749.000 0.728
750.000 0.732
751.000 0.735
752.000 0.738
753.000 0.741
754.000 0.743
755.000 0.744
756.000 0.746
757.000 0.747
758.000 0.748
759.000 0.748
760.000 0.748
761.000 0.747
762.000 0.748
763.000 0.749
764.000 0.750
765.000 0.752
766.000 0.754
767.000 0.755
768.000 0.756
769.000 0.757
770.000 0.757
771.000 0.758
772.000 0.758
773.000 0.759
774.000 0.760
775.000 0.760
776.000 0.760
777.000 0.761
778.000 0.761
779.000 0.761
780.000 0.762
781.000 0.763
782.000 0.762
783.000 0.763
784.000 0.763
785.000 0.764
786.000 0.764
787.000 0.764
788.000 0.763
789.000 0.763
790.000 0.764
791.000 0.764
792.000 0.765
793.000 0.765
794.000 0.765
795.000 0.765
796.000 0.765
797.000 0.766
798.000 0.767
799.000 0.767
800.000 0.767
801.000 0.767
802.000 0.767
803.000 0.767
804.000 0.768
805.000 0.768
806.000 0.769
807.000 0.769
808.000 0.769
809.000 0.769
810.000 0.769
811.000 0.768
812.000 0.768
813.000 0.767
814.000 0.767
815.000 0.766
816.000 0.765
817.000 0.765
818.000 0.766
819.000 0.767
820.000 0.768
821.000 0.768
822.000 0.768
823.000 0.768
824.000 0.769
825.000 0.770
826.000 0.770
827.000 0.770
828.000 0.770
829.000 0.770
830.000 0.771
831.000 0.772
832.000 0.772
833.000 0.772
834.000 0.773
835.000 0.773
836.000 0.774
837.000 0.774
838.000 0.775
839.000 0.775
840.000 0.776
841.000 0.776
842.000 0.777
843.000 0.777
844.000 0.777
845.000 0.778
846.000 0.778
847.000 0.778
848.000 0.779
849.000 0.779
850.000 0.779
851.000 0.779
852.000 0.779
853.000 0.780
854.000 0.780
855.000 0.780
856.000 0.780
857.000 0.780
858.000 0.780
859.000 0.781
860.000 0.781
861.000 0.781
862.000 0.782
863.000 0.782
864.000 0.782
865.000 0.781
866.000 0.782
867.000 0.782
868.000 0.782
869.000 0.782
870.000 0.782
871.000 0.782
872.000 0.782
873.000 0.783
874.000 0.782
875.000 0.783
876.000 0.783
877.000 0.783
878.000 0.783
879.000 0.783
880.000 0.783
881.000 0.784
882.000 0.783
883.000 0.784
884.000 0.784
885.000 0.784
886.000 0.785
887.000 0.785
888.000 0.785
889.000 0.784
890.000 0.784
891.000 0.785
892.000 0.784
893.000 0.783
894.000 0.782
895.000 0.782
896.000 0.781
897.000 0.779
898.000 0.778
899.000 0.779
900.000 0.779
901.000 0.779
902.000 0.780
903.000 0.781
904.000 0.781
905.000 0.781
906.000 0.780
907.000 0.781
908.000 0.780
909.000 0.780
910.000 0.778
911.000 0.778
912.000 0.779
913.000 0.778
914.000 0.777
915.000 0.777
916.000 0.778
917.000 0.777
918.000 0.778
919.000 0.779
920.000 0.781
921.000 0.782
922.000 0.781
923.000 0.780
924.000 0.778
925.000 0.779
926.000 0.778
927.000 0.775
928.000 0.777
929.000 0.773
930.000 0.768
931.000 0.763
932.000 0.758
933.000 0.757
934.000 0.754
935.000 0.747
936.000 0.744
937.000 0.745
938.000 0.746
939.000 0.747
940.000 0.749
941.000 0.746
942.000 0.745
943.000 0.747
944.000 0.749
945.000 0.743
946.000 0.743
947.000 0.748
948.000 0.744
949.000 0.742
950.000 0.744
951.000 0.744
952.000 0.744
953.000 0.743
954.000 0.744
955.000 0.744
956.000 0.741
957.000 0.745
958.000 0.747
959.000 0.745
960.000 0.745
961.000 0.747
962.000 0.749
963.000 0.750
964.000 0.755
965.000 0.759
966.000 0.758
967.000 0.754
968.000 0.759
969.000 0.758
970.000 0.758
971.000 0.759
972.000 0.761
973.000 0.760
974.000 0.759
975.000 0.761
976.000 0.762
977.000 0.761
978.000 0.763
979.000 0.763
980.000 0.761
981.000 0.763
982.000 0.765
983.000 0.763
984.000 0.766
985.000 0.769
986.000 0.767
987.000 0.766
988.000 0.770
989.000 0.771
990.000 0.769
991.000 0.767
992.000 0.769
993.000 0.769
994.000 0.770
995.000 0.772
996.000 0.771
997.000 0.772
998.000 0.772
999.000 0.772
1000.000 0.772
1001.000 0.775
1002.000 0.774
1003.000 0.774
1004.000 0.773
1005.000 0.773
1006.000 0.774
1007.000 0.776
1008.000 0.777
1009.000 0.777
1010.000 0.779
1011.000 0.779
1012.000 0.780
1013.000 0.780
1014.000 0.781
1015.000 0.780
1016.000 0.782
1017.000 0.782
1018.000 0.782
1019.000 0.783
1020.000 0.784
1021.000 0.784
1022.000 0.785
1023.000 0.786
1024.000 0.786
1025.000 0.787
1026.000 0.787
1027.000 0.788
1028.000 0.788
1029.000 0.788
1030.000 0.788
1031.000 0.788
1032.000 0.788
1033.000 0.788
1034.000 0.789
1035.000 0.791
1036.000 0.792
1037.000 0.790
1038.000 0.790
1039.000 0.793
1040.000 0.793
1041.000 0.795
1042.000 0.796
1043.000 0.796
1044.000 0.794
1045.000 0.793
1046.000 0.794
1047.000 0.794
1048.000 0.795
1049.000 0.797
1050.000 0.797
1051.000 0.797
1052.000 0.798
1053.000 0.798
1054.000 0.798
1055.000 0.799
1056.000 0.800
1057.000 0.800
1058.000 0.801
1059.000 0.801
1060.000 0.801
1061.000 0.800
1062.000 0.799
1063.000 0.800
1064.000 0.801
1065.000 0.800
1066.000 0.800
1067.000 0.800
1068.000 0.799
1069.000 0.799
1070.000 0.800
1071.000 0.799
1072.000 0.799
1073.000 0.799
1074.000 0.799
1075.000 0.799
1076.000 0.799
1077.000 0.799
1078.000 0.800
1079.000 0.800
1080.000 0.799
1081.000 0.798
1082.000 0.797
1083.000 0.796
1084.000 0.797
1085.000 0.798
1086.000 0.799
1087.000 0.800
1088.000 0.800
1089.000 0.800
1090.000 0.800
1091.000 0.800
1092.000 0.799
1093.000 0.797
1094.000 0.797
1095.000 0.795
1096.000 0.794
1097.000 0.793
1098.000 0.793
1099.000 0.792
1100.000 0.793
1101.000 0.791
1102.000 0.791
1103.000 0.791
1104.000 0.790
1105.000 0.788
1106.000 0.787
1107.000 0.786
1108.000 0.785
1109.000 0.784
1110.000 0.782
1111.000 0.780
1112.000 0.777
1113.000 0.776
1114.000 0.776
1115.000 0.776
1116.000 0.777
1117.000 0.770
1118.000 0.764
1119.000 0.761
1120.000 0.746
1121.000 0.738
1122.000 0.731
1123.000 0.728
1124.000 0.746
1125.000 0.749
1126.000 0.737
1127.000 0.730
1128.000 0.727
1129.000 0.725
1130.000 0.714
1131.000 0.715
1132.000 0.712
1133.000 0.703
1134.000 0.715
1135.000 0.724
1136.000 0.718
1137.000 0.726
1138.000 0.722
1139.000 0.720
1140.000 0.717
1141.000 0.718
1142.000 0.714
1143.000 0.704
1144.000 0.704
1145.000 0.703
1146.000 0.704
1147.000 0.711
1148.000 0.716
1149.000 0.720
1150.000 0.712
1151.000 0.707
1152.000 0.712
1153.000 0.714
1154.000 0.716
1155.000 0.723
1156.000 0.728
1157.000 0.728
1158.000 0.723
1159.000 0.722
1160.000 0.722
1161.000 0.723
1162.000 0.727
1163.000 0.728
1164.000 0.728
1165.000 0.729
1166.000 0.730
1167.000 0.730
1168.000 0.731
1169.000 0.731
1170.000 0.731
1171.000 0.731
1172.000 0.731
1173.000 0.731
1174.000 0.731
1175.000 0.730
1176.000 0.731
1177.000 0.731
1178.000 0.732
1179.000 0.730
1180.000 0.730
1181.000 0.730
1182.000 0.730
1183.000 0.730
1184.000 0.730
1185.000 0.731
1186.000 0.731
1187.000 0.732
1188.000 0.732
1189.000 0.732
1190.000 0.731
1191.000 0.731
1192.000 0.731
1193.000 0.731
1194.000 0.730
1195.000 0.730
1196.000 0.729
1197.000 0.729
1198.000 0.729
1199.000 0.728
1200.000 0.729
1201.000 0.730
1202.000 0.730
1203.000 0.730
1204.000 0.730
1205.000 0.731
1206.000 0.731
1207.000 0.731
1208.000 0.731
1209.000 0.731
1210.000 0.731
1211.000 0.732
1212.000 0.732
1213.000 0.732
1214.000 0.732
1215.000 0.733
1216.000 0.733
1217.000 0.733
1218.000 0.733
1219.000 0.734
1220.000 0.734
1221.000 0.736
1222.000 0.737
1223.000 0.738
1224.000 0.738
1225.000 0.737
1226.000 0.737
1227.000 0.737
1228.000 0.737
1229.000 0.737
1230.000 0.738
1231.000 0.739
1232.000 0.739
1233.000 0.739
1234.000 0.740
1235.000 0.740
1236.000 0.740
1237.000 0.740
1238.000 0.741
1239.000 0.741
1240.000 0.742
1241.000 0.742
1242.000 0.742
1243.000 0.742
1244.000 0.743
1245.000 0.744
1246.000 0.745
1247.000 0.745
1248.000 0.745
1249.000 0.746
1250.000 0.746
1251.000 0.745
1252.000 0.745
1253.000 0.745
1254.000 0.745
1255.000 0.745
1256.000 0.745
1257.000 0.746
1258.000 0.746
1259.000 0.746
1260.000 0.746
1261.000 0.746
1262.000 0.746
1263.000 0.747
1264.000 0.748
1265.000 0.747
1266.000 0.747
1267.000 0.746
1268.000 0.746
1269.000 0.746
1270.000 0.746
1271.000 0.746
1272.000 0.746
1273.000 0.746
1274.000 0.747
1275.000 0.747
1276.000 0.747
1277.000 0.747
1278.000 0.747
1279.000 0.746
1280.000 0.746
1281.000 0.745
1282.000 0.745
1283.000 0.745
1284.000 0.745
1285.000 0.744
1286.000 0.744
1287.000 0.743
1288.000 0.743
1289.000 0.742
1290.000 0.742
1291.000 0.740
1292.000 0.739
1293.000 0.738
1294.000 0.737
1295.000 0.736
1296.000 0.736
1297.000 0.735
1298.000 0.735
1299.000 0.734
1300.000 0.734
1301.000 0.734
1302.000 0.734
1303.000 0.732
1304.000 0.730
1305.000 0.727
1306.000 0.726
1307.000 0.725
1308.000 0.724
1309.000 0.723
1310.000 0.722
1311.000 0.721
1312.000 0.720
1313.000 0.720
1314.000 0.718
1315.000 0.717
1316.000 0.715
1317.000 0.712
1318.000 0.709
1319.000 0.707
1320.000 0.703
1321.000 0.700
1322.000 0.697
1323.000 0.694
1324.000 0.692
1325.000 0.689
1326.000 0.686
1327.000 0.682
1328.000 0.677
1329.000 0.674
1330.000 0.659
1331.000 0.668
1332.000 0.662
1333.000 0.656
1334.000 0.653
1335.000 0.646
1336.000 0.646
1337.000 0.644
1338.000 0.643
1339.000 0.641
1340.000 0.639
1341.000 0.637
1342.000 0.636
1343.000 0.632
1344.000 0.627
1345.000 0.623
1346.000 0.623
1347.000 0.619
1348.000 0.614
1349.000 0.607
1350.000 0.588
1351.000 0.562
1352.000 0.507
1353.000 0.415
1354.000 0.323
1355.000 0.297
1356.000 0.266
1357.000 0.305
1358.000 0.300
1359.000 0.311
1360.000 0.257
1361.000 0.177
1362.000 0.157
1363.000 0.095
1364.000 0.103
1365.000 0.227
1366.000 0.359
1367.000 0.452
1368.000 0.580
1369.000 0.305
1370.000 0.560
1371.000 0.352
1372.000 0.378
1373.000 0.190
1374.000 0.173
1375.000 0.175
1376.000 0.170
1377.000 0.281
1378.000 0.389
1379.000 0.433
1380.000 0.381
1381.000 0.381
1382.000 0.623
1383.000 0.601
1384.000 0.566
1385.000 0.421
1386.000 0.293
1387.000 0.490
1388.000 0.445
1389.000 0.469
1390.000 0.532
1391.000 0.523
1392.000 0.540
1393.000 0.524
1394.000 0.562
1395.000 0.552
1396.000 0.546
1397.000 0.586
1398.000 0.571
1399.000 0.565
1400.000 0.468
1401.000 0.324
1402.000 0.252
1403.000 0.190
1404.000 0.183
1405.000 0.189
1406.000 0.189
1407.000 0.179
1408.000 0.166
1409.000 0.095
1410.000 0.183
1411.000 0.207
1412.000 0.246
1413.000 0.275
1414.000 0.383
1415.000 0.419
1416.000 0.464
1417.000 0.578
1418.000 0.457
1419.000 0.349
1420.000 0.329
1421.000 0.170
1422.000 0.208
1423.000 0.407
1424.000 0.456
1425.000 0.237
1426.000 0.211
1427.000 0.203
1428.000 0.169
1429.000 0.357
1430.000 0.306
1431.000 0.251
1432.000 0.175
1433.000 0.157
1434.000 0.154
1435.000 0.134
1436.000 0.133
1437.000 0.084
1438.000 0.089
1439.000 0.190
1440.000 0.202
1441.000 0.285
1442.000 0.344
1443.000 0.398
1444.000 0.378
1445.000 0.328
1446.000 0.255
1447.000 0.182
1448.000 0.214
1449.000 0.214
1450.000 0.224
1451.000 0.215
1452.000 0.206
1453.000 0.198
1454.000 0.175
1455.000 0.164
1456.000 0.171
1457.000 0.172
1458.000 0.188
1459.000 0.202
1460.000 0.235
1461.000 0.236
1462.000 0.224
1463.000 0.219
1464.000 0.173
1465.000 0.173
1466.000 0.180
1467.000 0.179
1468.000 0.188
1469.000 0.188
1470.000 0.188
1471.000 0.182
1472.000 0.162
1473.000 0.167
1474.000 0.172
1475.000 0.188
1476.000 0.230
1477.000 0.258
1478.000 0.304
1479.000 0.313
1480.000 0.282
1481.000 0.266
1482.000 0.243
1483.000 0.235
1484.000 0.232
1485.000 0.233
1486.000 0.236
1487.000 0.244
1488.000 0.258
1489.000 0.269
1490.000 0.289
1491.000 0.296
1492.000 0.292
1493.000 0.295
1494.000 0.296
1495.000 0.296
1496.000 0.300
1497.000 0.302
1498.000 0.300
1499.000 0.296
1500.000 0.295
1501.000 0.300
1502.000 0.307
1503.000 0.315
1504.000 0.325
1505.000 0.329
1506.000 0.329
1507.000 0.323
1508.000 0.322
1509.000 0.319
1510.000 0.322
1511.000 0.329
1512.000 0.334
1513.000 0.341
1514.000 0.343
1515.000 0.341
1516.000 0.344
1517.000 0.345
1518.000 0.351
1519.000 0.365
1520.000 0.371
1521.000 0.376
1522.000 0.378
1523.000 0.374
1524.000 0.376
1525.000 0.380
1526.000 0.382
1527.000 0.382
1528.000 0.386
1529.000 0.390
1530.000 0.395
1531.000 0.405
1532.000 0.409
1533.000 0.408
1534.000 0.408
1535.000 0.403
1536.000 0.405
1537.000 0.411
1538.000 0.413
1539.000 0.417
1540.000 0.419
1541.000 0.419
1542.000 0.420
1543.000 0.424
1544.000 0.424
1545.000 0.418
1546.000 0.419
1547.000 0.421
1548.000 0.423
1549.000 0.429
1550.000 0.432
1551.000 0.437
1552.000 0.438
1553.000 0.437
1554.000 0.438
1555.000 0.437
1556.000 0.439
1557.000 0.445
1558.000 0.448
1559.000 0.453
1560.000 0.455
1561.000 0.456
1562.000 0.457
1563.000 0.454
1564.000 0.456
1565.000 0.462
1566.000 0.466
1567.000 0.472
1568.000 0.475
1569.000 0.474
1570.000 0.475
1571.000 0.478
1572.000 0.480
1573.000 0.484
1574.000 0.485
1575.000 0.481
1576.000 0.482
1577.000 0.488
1578.000 0.490
1579.000 0.494
1580.000 0.497
1581.000 0.496
1582.000 0.495
1583.000 0.498
1584.000 0.499
1585.000 0.498
1586.000 0.498
1587.000 0.499
1588.000 0.501
1589.000 0.506
1590.000 0.508
1591.000 0.509
1592.000 0.510
1593.000 0.507
1594.000 0.507
1595.000 0.508
1596.000 0.509
1597.000 0.511
1598.000 0.514
1599.000 0.520
1600.000 0.521
1601.000 0.517
1602.000 0.518
1603.000 0.517
1604.000 0.518
1605.000 0.513
1606.000 0.518
1607.000 0.524
1608.000 0.527
1609.000 0.526
1610.000 0.525
1611.000 0.522
1612.000 0.533
1613.000 0.529
1614.000 0.530
1615.000 0.524
1616.000 0.526
1617.000 0.529
1618.000 0.531
1619.000 0.527
1620.000 0.526
1621.000 0.531
1622.000 0.533
1623.000 0.537
1624.000 0.538
1625.000 0.535
1626.000 0.534
1627.000 0.531
1628.000 0.531
1629.000 0.537
1630.000 0.540
1631.000 0.543
1632.000 0.545
1633.000 0.543
1634.000 0.543
1635.000 0.545
1636.000 0.547
1637.000 0.551
1638.000 0.551
1639.000 0.545
1640.000 0.542
1641.000 0.538
1642.000 0.537
1643.000 0.543
1644.000 0.546
1645.000 0.550
1646.000 0.552
1647.000 0.551
1648.000 0.549
1649.000 0.547
1650.000 0.545
1651.000 0.550
1652.000 0.550
1653.000 0.543
1654.000 0.546
1655.000 0.552
1656.000 0.555
1657.000 0.551
1658.000 0.551
1659.000 0.553
1660.000 0.552
1661.000 0.550
1662.000 0.550
1663.000 0.549
1664.000 0.547
1665.000 0.544
1666.000 0.546
1667.000 0.551
1668.000 0.553
1669.000 0.559
1670.000 0.561
1671.000 0.556
1672.000 0.555
1673.000 0.557
1674.000 0.555
1675.000 0.551
1676.000 0.550
1677.000 0.548
1678.000 0.547
1679.000 0.551
1680.000 0.552
1681.000 0.552
1682.000 0.552
1683.000 0.552
1684.000 0.552
1685.000 0.551
1686.000 0.551
1687.000 0.556
1688.000 0.558
1689.000 0.562
1690.000 0.564
1691.000 0.564
1692.000 0.562
1693.000 0.556
1694.000 0.556
1695.000 0.559
1696.000 0.559
1697.000 0.562
1698.000 0.560
1699.000 0.551
1700.000 0.547
1701.000 0.543
1702.000 0.544
1703.000 0.549
1704.000 0.548
1705.000 0.547
1706.000 0.545
1707.000 0.539
1708.000 0.539
1709.000 0.542
1710.000 0.541
1711.000 0.537
1712.000 0.536
1713.000 0.531
1714.000 0.539
1715.000 0.550
1716.000 0.555
1717.000 0.560
1718.000 0.559
1719.000 0.550
1720.000 0.542
1721.000 0.539
1722.000 0.534
1723.000 0.531
1724.000 0.531
1725.000 0.527
1726.000 0.522
1727.000 0.514
1728.000 0.515
1729.000 0.522
1730.000 0.527
1731.000 0.539
1732.000 0.546
1733.000 0.545
1734.000 0.544
1735.000 0.543
1736.000 0.535
1737.000 0.532
1738.000 0.530
1739.000 0.528
1740.000 0.536
1741.000 0.532
1742.000 0.531
1743.000 0.531
1744.000 0.524
1745.000 0.523
1746.000 0.515
1747.000 0.514
1748.000 0.513
1749.000 0.514
1750.000 0.524
1751.000 0.528
1752.000 0.530
1753.000 0.527
1754.000 0.528
1755.000 0.528
1756.000 0.514
1757.000 0.519
1758.000 0.535
1759.000 0.547
1760.000 0.547
1761.000 0.548
1762.000 0.555
1763.000 0.546
1764.000 0.520
1765.000 0.495
1766.000 0.491
1767.000 0.468
1768.000 0.476
1769.000 0.483
1770.000 0.497
1771.000 0.482
1772.000 0.457
1773.000 0.444
1774.000 0.453
1775.000 0.448
1776.000 0.447
1777.000 0.450
1778.000 0.450
1779.000 0.440
1780.000 0.469
1781.000 0.488
1782.000 0.488
1783.000 0.486
1784.000 0.471
1785.000 0.455
1786.000 0.453
1787.000 0.443
1788.000 0.445
1789.000 0.460
1790.000 0.453
1791.000 0.408
1792.000 0.411
1793.000 0.451
1794.000 0.461
1795.000 0.511
1796.000 0.539
1797.000 0.498
1798.000 0.467
1799.000 0.448
1800.000 0.434
1801.000 0.502
1802.000 0.485
1803.000 0.515
1804.000 0.427
1805.000 0.421
1806.000 0.452
1807.000 0.387
1808.000 0.432
1809.000 0.461
1810.000 0.389
1811.000 0.449
1812.000 0.399
1813.000 0.334
1814.000 0.261
1815.000 0.197
1816.000 0.120
1817.000 0.332
1818.000 0.246
1819.000 0.308
1820.000 0.462
1821.000 0.489
1822.000 0.470
1823.000 0.390
1824.000 0.529
1825.000 0.515
1826.000 0.569
1827.000 0.750
1828.000 0.631
1829.000 0.622
1830.000 0.745
1831.000 0.725
1832.000 0.662
1833.000 0.549
1834.000 0.410
1835.000 0.624
1836.000 0.193
1837.000 0.429
1838.000 0.385
1839.000 0.343
1840.000 0.392
1841.000 0.479
1842.000 0.543
1843.000 0.448
1844.000 0.539
1845.000 0.626
1846.000 0.794
1847.000 0.735
1848.000 0.621
1849.000 0.177
1850.000 0.225
1851.000 0.353
1852.000 0.523
1853.000 0.841
1854.000 0.577
1855.000 0.543
1856.000 0.579
1857.000 0.564
1858.000 0.688
1859.000 0.494
1860.000 0.642
1861.000 0.641
1862.000 0.527
1863.000 0.483
1864.000 0.422
1865.000 0.339
1866.000 0.381
1867.000 0.537
1868.000 0.572
1869.000 0.566
1870.000 0.526
1871.000 0.538
1872.000 0.421
1873.000 0.397
1874.000 0.492
1875.000 0.501
1876.000 0.573
1877.000 0.534
1878.000 0.497
1879.000 0.479
1880.000 0.471
1881.000 0.479
1882.000 0.521
1883.000 0.655
1884.000 0.694
1885.000 0.506
1886.000 0.736
1887.000 0.513
1888.000 0.392
1889.000 0.179
1890.000 0.404
1891.000 0.341
1892.000 0.295
1893.000 0.366
1894.000 0.552
1895.000 0.657
1896.000 0.624
1897.000 0.627
1898.000 0.551
1899.000 0.451
1900.000 0.314
1901.000 0.278
1902.000 0.345
1903.000 0.473
1904.000 0.463
1905.000 0.388
1906.000 0.191
1907.000 0.207
1908.000 0.386
1909.000 0.415
1910.000 0.329
1911.000 0.416
1912.000 0.577
1913.000 0.640
1914.000 0.536
1915.000 0.507
1916.000 0.524
1917.000 0.373
1918.000 0.412
1919.000 0.490
1920.000 0.492
1921.000 0.688
1922.000 0.615
1923.000 0.577
1924.000 0.420
1925.000 0.480
1926.000 0.519
1927.000 0.705
1928.000 0.267
1929.000 0.411
1930.000 0.426
1931.000 0.350
1932.000 0.402
1933.000 0.561
1934.000 0.557
1935.000 0.500
1936.000 0.514
1937.000 0.607
1938.000 0.634
1939.000 0.661
1940.000 0.604
1941.000 0.437
1942.000 0.328
1943.000 0.394
1944.000 0.452
1945.000 0.484
1946.000 0.394
1947.000 0.418
1948.000 0.396
1949.000 0.392
1950.000 0.389
1951.000 0.243
1952.000 0.418
1953.000 0.498
1954.000 0.542
1955.000 0.652
1956.000 0.437
1957.000 0.626
1958.000 0.728
1959.000 0.742
1960.000 0.749
1961.000 0.707
1962.000 0.651
1963.000 0.603
1964.000 0.510
1965.000 0.423
1966.000 0.483
1967.000 0.358
1968.000 0.443
1969.000 0.386
1970.000 0.367
1971.000 0.318
1972.000 0.344
1973.000 0.232
1974.000 0.294
1975.000 0.282
1976.000 0.280
1977.000 0.323
1978.000 0.320
1979.000 0.305
1980.000 0.240
1981.000 0.239
1982.000 0.335
1983.000 0.404
1984.000 0.260
1985.000 0.236
1986.000 0.201
1987.000 0.194
1988.000 0.188
1989.000 0.203
1990.000 0.213
1991.000 0.261
1992.000 0.289
1993.000 0.288
1994.000 0.383
1995.000 0.407
1996.000 0.354
1997.000 0.300
1998.000 0.279
1999.000 0.302
2000.000 0.252
2001.000 0.355
2002.000 0.295
2003.000 0.424
2004.000 0.508
2005.000 0.340
2006.000 0.255
2007.000 0.266
2008.000 0.167
2009.000 0.290
2010.000 0.293
2011.000 0.207
2012.000 0.334
2013.000 0.412
2014.000 0.421
2015.000 0.431
2016.000 0.344
2017.000 0.261
2018.000 0.232
2019.000 0.227
2020.000 0.265
2021.000 0.299
2022.000 0.343
2023.000 0.350
2024.000 0.131
2025.000 0.162
2026.000 0.196
2027.000 0.260
2028.000 0.303
2029.000 0.322
2030.000 0.203
2031.000 0.186
2032.000 0.176
2033.000 0.185
2034.000 0.245
2035.000 0.292
2036.000 0.223
2037.000 0.190
2038.000 0.209
2039.000 0.178
2040.000 0.162
2041.000 0.167
2042.000 0.170
2043.000 0.166
2044.000 0.183
2045.000 0.208
2046.000 0.218
2047.000 0.251
2048.000 0.256
2049.000 0.240
2050.000 0.198
2051.000 0.199
2052.000 0.203
2053.000 0.205
2054.000 0.238
2055.000 0.247
2056.000 0.248
2057.000 0.260
2058.000 0.337
2059.000 0.332
2060.000 0.388
2061.000 0.409
2062.000 0.405
2063.000 0.310
2064.000 0.201
2065.000 0.356
2066.000 0.386
2067.000 0.310
2068.000 0.350
2069.000 0.318
2070.000 0.305
2071.000 0.322
2072.000 0.334
2073.000 0.339
2074.000 0.330
2075.000 0.312
2076.000 0.303
2077.000 0.280
2078.000 0.269
2079.000 0.266
2080.000 0.260
2081.000 0.253
2082.000 0.247
2083.000 0.275
2084.000 0.292
2085.000 0.255
2086.000 0.260
2087.000 0.260
2088.000 0.236
2089.000 0.244
2090.000 0.296
2091.000 0.328
2092.000 0.422
2093.000 0.348
2094.000 0.275
2095.000 0.260
2096.000 0.333
2097.000 0.366
2098.000 0.327
2099.000 0.381
2100.000 0.353
2101.000 0.314
2102.000 0.312
2103.000 0.335
2104.000 0.332
2105.000 0.358
2106.000 0.337
2107.000 0.284
2108.000 0.262
2109.000 0.235
2110.000 0.223
2111.000 0.213
2112.000 0.213
2113.000 0.230
2114.000 0.240
2115.000 0.258
2116.000 0.268
2117.000 0.275
2118.000 0.270
2119.000 0.268
2120.000 0.269
2121.000 0.307
2122.000 0.318
2123.000 0.338
2124.000 0.384
2125.000 0.395
2126.000 0.380
2127.000 0.366
2128.000 0.334
2129.000 0.321
2130.000 0.317
2131.000 0.301
2132.000 0.270
2133.000 0.267
2134.000 0.275
2135.000 0.276
2136.000 0.283
2137.000 0.310
2138.000 0.331
2139.000 0.303
2140.000 0.290
2141.000 0.286
2142.000 0.283
2143.000 0.274
2144.000 0.281
2145.000 0.315
2146.000 0.324
2147.000 0.314
2148.000 0.315
2149.000 0.308
2150.000 0.313
2151.000 0.340
2152.000 0.356
2153.000 0.375
2154.000 0.384
2155.000 0.396
2156.000 0.360
2157.000 0.338
2158.000 0.342
2159.000 0.332
2160.000 0.358
2161.000 0.362
2162.000 0.370
2163.000 0.358
2164.000 0.326
2165.000 0.317
2166.000 0.304
2167.000 0.301
2168.000 0.317
2169.000 0.324
2170.000 0.339
2171.000 0.338
2172.000 0.334
2173.000 0.322
2174.000 0.282
2175.000 0.270
2176.000 0.264
2177.000 0.273
2178.000 0.292
2179.000 0.306
2180.000 0.310
2181.000 0.321
2182.000 0.317
2183.000 0.329
2184.000 0.354
2185.000 0.407
2186.000 0.403
2187.000 0.433
2188.000 0.422
2189.000 0.382
2190.000 0.359
2191.000 0.332
2192.000 0.322
2193.000 0.323
2194.000 0.325
2195.000 0.332
2196.000 0.332
2197.000 0.335
2198.000 0.341
2199.000 0.341
2200.000 0.344
2201.000 0.357
2202.000 0.372
2203.000 0.345
2204.000 0.368
2205.000 0.358
2206.000 0.332
2207.000 0.341
2208.000 0.311
2209.000 0.306
2210.000 0.314
2211.000 0.322
2212.000 0.350
2213.000 0.348
2214.000 0.313
2215.000 0.313
2216.000 0.316
2217.000 0.316
2218.000 0.338
2219.000 0.350
2220.000 0.344
2221.000 0.339
2222.000 0.338
2223.000 0.331
2224.000 0.314
2225.000 0.302
2226.000 0.293
2227.000 0.283
2228.000 0.273
2229.000 0.271
2230.000 0.289
2231.000 0.298
2232.000 0.316
2233.000 0.337
2234.000 0.327
2235.000 0.338
2236.000 0.321
2237.000 0.300
2238.000 0.298
2239.000 0.299
2240.000 0.294
2241.000 0.293
2242.000 0.292
2243.000 0.276
2244.000 0.275
2245.000 0.294
2246.000 0.313
2247.000 0.353
2248.000 0.357
2249.000 0.337
2250.000 0.325
2251.000 0.283
2252.000 0.268
2253.000 0.278
2254.000 0.269
2255.000 0.238
2256.000 0.234
2257.000 0.247
2258.000 0.239
2259.000 0.261
2260.000 0.327
2261.000 0.329
2262.000 0.347
2263.000 0.365
2264.000 0.395
2265.000 0.375
2266.000 0.346
2267.000 0.319
2268.000 0.282
2269.000 0.254
2270.000 0.254
2271.000 0.269
2272.000 0.289
2273.000 0.305
2274.000 0.314
2275.000 0.302
2276.000 0.287
2277.000 0.265
2278.000 0.222
2279.000 0.212
2280.000 0.225
2281.000 0.227
2282.000 0.249
2283.000 0.251
2284.000 0.262
2285.000 0.264
2286.000 0.254
2287.000 0.259
2288.000 0.324
2289.000 0.331
2290.000 0.323
2291.000 0.313
2292.000 0.230
2293.000 0.210
2294.000 0.235
2295.000 0.236
2296.000 0.238
2297.000 0.214
2298.000 0.194
2299.000 0.195
2300.000 0.202
2301.000 0.215
2302.000 0.257
2303.000 0.320
2304.000 0.382
2305.000 0.445
2306.000 0.428
2307.000 0.411
2308.000 0.417
2309.000 0.414
2310.000 0.402
2311.000 0.377
2312.000 0.345
2313.000 0.319
2314.000 0.274
2315.000 0.264
2316.000 0.240
2317.000 0.249
2318.000 0.240
2319.000 0.217
2320.000 0.174
2321.000 0.224
2322.000 0.280
2323.000 0.314
2324.000 0.320
2325.000 0.339
2326.000 0.376
2327.000 0.443
2328.000 0.453
2329.000 0.404
2330.000 0.410
2331.000 0.325
2332.000 0.276
2333.000 0.253
2334.000 0.236
2335.000 0.300
2336.000 0.288
2337.000 0.388
2338.000 0.414
2339.000 0.350
2340.000 0.497
2341.000 0.435
2342.000 0.400
2343.000 0.483
2344.000 0.420
2345.000 0.413
2346.000 0.470
2347.000 0.522
2348.000 0.448
2349.000 0.594
2350.000 0.202
2351.000 0.313
2352.000 0.335
2353.000 0.474
2354.000 0.323
2355.000 0.340
2356.000 0.168
2357.000 0.181
2358.000 0.423
2359.000 0.409
2360.000 0.475
2361.000 0.535
2362.000 0.549
2363.000 0.477
2364.000 0.350
2365.000 0.231
2366.000 0.192
2367.000 0.220
2368.000 0.261
2369.000 0.410
2370.000 0.492
2371.000 0.532
2372.000 0.501
2373.000 0.444
2374.000 0.385
2375.000 0.188
2376.000 0.328
2377.000 0.323
2378.000 0.387
2379.000 0.364
2380.000 0.436
2381.000 0.372
2382.000 0.343
2383.000 0.299
2384.000 0.280
2385.000 0.240
2386.000 0.291
2387.000 0.303
2388.000 0.206
2389.000 0.161
2390.000 0.293
2391.000 0.389
2392.000 0.573
2393.000 0.628
2394.000 0.585
2395.000 0.707
2396.000 0.624
2397.000 0.601
2398.000 0.539
2399.000 0.487
2400.000 0.564
2401.000 0.640
2402.000 0.641
2403.000 0.472
2404.000 0.422
2405.000 0.181
2406.000 0.258
2407.000 0.376
2408.000 0.349
2409.000 0.337
2410.000 0.121
2411.000 0.311
2412.000 0.343
2413.000 0.328
2414.000 0.488
2415.000 0.586
2416.000 0.444
2417.000 0.600
2418.000 0.344
2419.000 0.407
2420.000 0.308
2421.000 0.381
2422.000 0.478
2423.000 0.638
2424.000 0.615
2425.000 0.548
2426.000 0.669
2427.000 0.405
2428.000 0.338
2429.000 0.187
2430.000 0.289
2431.000 0.244
2432.000 0.369
2433.000 0.444
2434.000 0.273
2435.000 0.322
2436.000 0.537
2437.000 0.438
2438.000 0.382
2439.000 0.286
2440.000 0.307
2441.000 0.496
2442.000 0.601
2443.000 0.599
2444.000 0.384
2445.000 0.392
2446.000 0.497
2447.000 0.442
2448.000 0.344
2449.000 0.268
2450.000 0.143
2451.000 0.299
2452.000 0.249
2453.000 0.641
2454.000 0.612
2455.000 0.556
2456.000 0.529
2457.000 0.760
2458.000 0.398
2459.000 0.461
2460.000 0.427
2461.000 0.457
2462.000 0.496
2463.000 0.370
2464.000 0.318
2465.000 0.561
2466.000 0.154
2467.000 0.586
2468.000 0.441
2469.000 0.356
2470.000 0.476
2471.000 0.504
2472.000 0.751
2473.000 0.433
2474.000 0.354
2475.000 0.379
2476.000 0.396
2477.000 0.455
2478.000 0.285
2479.000 0.307
2480.000 0.209
2481.000 0.362
2482.000 0.268
2483.000 0.232
2484.000 0.266
2485.000 0.273
2486.000 0.368
2487.000 0.430
2488.000 0.480
2489.000 0.449
2490.000 0.317
2491.000 0.517
2492.000 0.382
2493.000 0.528
2494.000 0.470
2495.000 0.385
2496.000 0.363
2497.000 0.251
2498.000 0.260
2499.000 0.244
2500.000 0.214
