391.000 0.040
392.000 0.038
393.000 0.039
394.000 0.040
395.000 0.041
396.000 0.045
397.000 0.049
398.000 0.047
399.000 0.044
400.000 0.043
401.000 0.044
402.000 0.045
403.000 0.041
404.000 0.037
405.000 0.038
406.000 0.039
407.000 0.041
408.000 0.043
409.000 0.040
410.000 0.041
411.000 0.044
412.000 0.046
413.000 0.044
414.000 0.043
415.000 0.043
416.000 0.043
417.000 0.045
418.000 0.046
419.000 0.045
420.000 0.043
421.000 0.043
422.000 0.043
423.000 0.042
424.000 0.039
425.000 0.041
426.000 0.043
427.000 0.041
428.000 0.045
429.000 0.047
430.000 0.046
431.000 0.047
432.000 0.046
433.000 0.045
434.000 0.044
435.000 0.046
436.000 0.045
437.000 0.042
438.000 0.041
439.000 0.042
440.000 0.044
441.000 0.045
442.000 0.046
443.000 0.046
444.000 0.045
445.000 0.045
446.000 0.045
447.000 0.045
448.000 0.046
449.000 0.047
450.000 0.048
451.000 0.048
452.000 0.047
453.000 0.045
454.000 0.044
455.000 0.045
456.000 0.046
457.000 0.048
458.000 0.048
459.000 0.046
460.000 0.046
461.000 0.047
462.000 0.048
463.000 0.047
464.000 0.047
465.000 0.046
466.000 0.047
467.000 0.048
468.000 0.047
469.000 0.047
470.000 0.048
471.000 0.048
472.000 0.047
473.000 0.047
474.000 0.048
475.000 0.049
476.000 0.050
477.000 0.050
478.000 0.049
479.000 0.048
480.000 0.049
481.000 0.050
482.000 0.050
483.000 0.050
484.000 0.051
485.000 0.051
486.000 0.050
487.000 0.051
488.000 0.051
489.000 0.050
490.000 0.052
491.000 0.051
492.000 0.050
493.000 0.052
494.000 0.053
495.000 0.052
496.000 0.051
497.000 0.053
498.000 0.054
499.000 0.054
500.000 0.053
501.000 0.053
502.000 0.052
503.000 0.052
504.000 0.051
505.000 0.053
506.000 0.057
507.000 0.060
508.000 0.058
509.000 0.058
510.000 0.059
511.000 0.058
512.000 0.059
513.000 0.060
514.000 0.060
515.000 0.060
516.000 0.063
517.000 0.065
518.000 0.065
519.000 0.066
520.000 0.067
521.000 0.068
522.000 0.069
523.000 0.070
524.000 0.072
525.000 0.072
526.000 0.074
527.000 0.076
528.000 0.077
529.000 0.079
530.000 0.079
531.000 0.079
532.000 0.080
533.000 0.082
534.000 0.083
535.000 0.083
536.000 0.084
537.000 0.085
538.000 0.085
539.000 0.086
540.000 0.086
541.000 0.087
542.000 0.088
543.000 0.089
544.000 0.088
545.000 0.087
546.000 0.087
547.000 0.087
548.000 0.090
549.000 0.090
550.000 0.089
551.000 0.090
552.000 0.090
553.000 0.090
554.000 0.090
555.000 0.091
556.000 0.091
557.000 0.090
558.000 0.090
559.000 0.089
560.000 0.089
561.000 0.090
562.000 0.089
563.000 0.088
564.000 0.087
565.000 0.087
566.000 0.087
567.000 0.087
568.000 0.085
569.000 0.085
570.000 0.084
571.000 0.084
572.000 0.082
573.000 0.082
574.000 0.083
575.000 0.082
576.000 0.082
577.000 0.081
578.000 0.080
579.000 0.079
580.000 0.081
581.000 0.082
582.000 0.080
583.000 0.080
584.000 0.079
585.000 0.080
586.000 0.081
587.000 0.080
588.000 0.079
589.000 0.079
590.000 0.080
591.000 0.079
592.000 0.078
593.000 0.078
594.000 0.078
595.000 0.079
596.000 0.080
597.000 0.081
598.000 0.079
599.000 0.079
600.000 0.079
601.000 0.078
602.000 0.078
603.000 0.078
604.000 0.078
605.000 0.079
606.000 0.079
607.000 0.079
608.000 0.078
609.000 0.081
610.000 0.082
611.000 0.081
612.000 0.081
613.000 0.078
614.000 0.077
615.000 0.078
616.000 0.078
617.000 0.078
618.000 0.079
619.000 0.080
620.000 0.080
621.000 0.079
622.000 0.078
623.000 0.080
624.000 0.080
625.000 0.080
626.000 0.081
627.000 0.081
628.000 0.082
629.000 0.081
630.000 0.079
631.000 0.080
632.000 0.080
633.000 0.080
634.000 0.081
635.000 0.081
636.000 0.082
637.000 0.082
638.000 0.080
639.000 0.080
640.000 0.081
641.000 0.083
642.000 0.082
643.000 0.082
644.000 0.083
645.000 0.083
646.000 0.082
647.000 0.081
648.000 0.082
649.000 0.083
650.000 0.084
651.000 0.085
652.000 0.084
653.000 0.083
654.000 0.083
655.000 0.084
656.000 0.085
657.000 0.086
658.000 0.086
659.000 0.086
660.000 0.087
661.000 0.087
662.000 0.086
663.000 0.085
664.000 0.085
665.000 0.085
666.000 0.086
667.000 0.087
668.000 0.088
669.000 0.087
670.000 0.085
671.000 0.088
672.000 0.088
673.000 0.085
674.000 0.085
675.000 0.089
676.000 0.092
677.000 0.091
678.000 0.092
679.000 0.092
680.000 0.092
681.000 0.093
682.000 0.093
683.000 0.095
684.000 0.098
685.000 0.098
686.000 0.097
687.000 0.097
688.000 0.098
689.000 0.100
690.000 0.102
691.000 0.105
692.000 0.106
693.000 0.107
694.000 0.109
695.000 0.112
696.000 0.118
697.000 0.123
698.000 0.125
699.000 0.127
700.000 0.132
701.000 0.137
702.000 0.141
703.000 0.145
704.000 0.150
705.000 0.155
706.000 0.160
707.000 0.165
708.000 0.169
709.000 0.174
710.000 0.178
711.000 0.183
712.000 0.188
713.000 0.194
714.000 0.198
715.000 0.202
716.000 0.206
717.000 0.209
718.000 0.215
719.000 0.219
720.000 0.224
721.000 0.229
722.000 0.234
723.000 0.237
724.000 0.241
725.000 0.245
726.000 0.249
727.000 0.252
728.000 0.256
729.000 0.260
730.000 0.263
731.000 0.267
732.000 0.271
733.000 0.274
734.000 0.277
735.000 0.280
736.000 0.283
737.000 0.286
738.000 0.288
739.000 0.290
740.000 0.293
741.000 0.295
742.000 0.297
743.000 0.299
744.000 0.301
745.000 0.303
746.000 0.305
747.000 0.306
748.000 0.307
749.000 0.308
750.000 0.310
751.000 0.311
752.000 0.312
753.000 0.313
754.000 0.314
755.000 0.314
756.000 0.315
757.000 0.317
758.000 0.317
759.000 0.316
760.000 0.314
761.000 0.312
762.000 0.312
763.000 0.313
764.000 0.314
765.000 0.316
766.000 0.318
767.000 0.320
768.000 0.322
769.000 0.324
770.000 0.325
771.000 0.326
772.000 0.326
773.000 0.327
774.000 0.327
775.000 0.328
776.000 0.329
777.000 0.329
778.000 0.329
779.000 0.330
780.000 0.330
781.000 0.331
782.000 0.331
783.000 0.332
784.000 0.332
785.000 0.332
786.000 0.333
787.000 0.333
788.000 0.333
789.000 0.334
790.000 0.334
791.000 0.334
792.000 0.335
793.000 0.335
794.000 0.336
795.000 0.336
796.000 0.337
797.000 0.337
798.000 0.337
799.000 0.338
800.000 0.338
801.000 0.339
802.000 0.339
803.000 0.339
804.000 0.340
805.000 0.341
806.000 0.342
807.000 0.342
808.000 0.343
809.000 0.343
810.000 0.343
811.000 0.342
812.000 0.342
813.000 0.341
814.000 0.341
815.000 0.341
816.000 0.341
817.000 0.341
818.000 0.341
819.000 0.342
820.000 0.344
821.000 0.344
822.000 0.344
823.000 0.345
824.000 0.346
825.000 0.347
826.000 0.348
827.000 0.349
828.000 0.349
829.000 0.349
830.000 0.349
831.000 0.350
832.000 0.351
833.000 0.352
834.000 0.353
835.000 0.354
836.000 0.354
837.000 0.355
838.000 0.355
839.000 0.356
840.000 0.357
841.000 0.358
842.000 0.358
843.000 0.358
844.000 0.359
845.000 0.360
846.000 0.361
847.000 0.361
848.000 0.361
849.000 0.362
850.000 0.362
851.000 0.362
852.000 0.363
853.000 0.363
854.000 0.364
855.000 0.364
856.000 0.365
857.000 0.365
858.000 0.366
859.000 0.366
860.000 0.366
861.000 0.367
862.000 0.367
863.000 0.368
864.000 0.368
865.000 0.368
866.000 0.368
867.000 0.369
868.000 0.369
869.000 0.370
870.000 0.370
871.000 0.370
872.000 0.371
873.000 0.371
874.000 0.372
875.000 0.372
876.000 0.372
877.000 0.372
878.000 0.373
879.000 0.373
880.000 0.374
881.000 0.375
882.000 0.375
883.000 0.375
884.000 0.376
885.000 0.376
886.000 0.376
887.000 0.376
888.000 0.376
889.000 0.377
890.000 0.377
891.000 0.377
892.000 0.377
893.000 0.376
894.000 0.376
895.000 0.375
896.000 0.374
897.000 0.374
898.000 0.373
899.000 0.374
900.000 0.375
901.000 0.375
902.000 0.375
903.000 0.375
904.000 0.376
905.000 0.377
906.000 0.377
907.000 0.377
908.000 0.376
909.000 0.376
910.000 0.375
911.000 0.376
912.000 0.377
913.000 0.376
914.000 0.377
915.000 0.377
916.000 0.377
917.000 0.378
918.000 0.379
919.000 0.379
920.000 0.380
921.000 0.382
922.000 0.382
923.000 0.382
924.000 0.383
925.000 0.382
926.000 0.381
927.000 0.381
928.000 0.378
929.000 0.376
930.000 0.375
931.000 0.373
932.000 0.370
933.000 0.367
934.000 0.365
935.000 0.364
936.000 0.363
937.000 0.364
938.000 0.367
939.000 0.370
940.000 0.371
941.000 0.368
942.000 0.369
943.000 0.371
944.000 0.371
945.000 0.369
946.000 0.368
947.000 0.369
948.000 0.370
949.000 0.369
950.000 0.367
951.000 0.368
952.000 0.371
953.000 0.372
954.000 0.373
955.000 0.377
956.000 0.381
957.000 0.378
958.000 0.377
959.000 0.380
960.000 0.379
961.000 0.379
962.000 0.381
963.000 0.385
964.000 0.382
965.000 0.385
966.000 0.387
967.000 0.387
968.000 0.391
969.000 0.392
970.000 0.391
971.000 0.390
972.000 0.393
973.000 0.394
974.000 0.393
975.000 0.393
976.000 0.396
977.000 0.395
978.000 0.396
979.000 0.399
980.000 0.400
981.000 0.400
982.000 0.401
983.000 0.402
984.000 0.400
985.000 0.401
986.000 0.401
987.000 0.402
988.000 0.405
989.000 0.405
990.000 0.405
991.000 0.406
992.000 0.404
993.000 0.405
994.000 0.407
995.000 0.409
996.000 0.410
997.000 0.410
998.000 0.410
999.000 0.410
1000.000 0.411
1001.000 0.412
1002.000 0.412
1003.000 0.412
1004.000 0.414
1005.000 0.416
1006.000 0.416
1007.000 0.416
1008.000 0.417
1009.000 0.416
1010.000 0.417
1011.000 0.417
1012.000 0.417
1013.000 0.418
1014.000 0.419
1015.000 0.419
1016.000 0.419
1017.000 0.420
1018.000 0.420
1019.000 0.421
1020.000 0.422
1021.000 0.422
1022.000 0.422
1023.000 0.422
1024.000 0.422
1025.000 0.422
1026.000 0.422
1027.000 0.422
1028.000 0.423
1029.000 0.424
1030.000 0.424
1031.000 0.425
1032.000 0.426
1033.000 0.426
1034.000 0.426
1035.000 0.426
1036.000 0.427
1037.000 0.427
1038.000 0.428
1039.000 0.428
1040.000 0.427
1041.000 0.427
1042.000 0.428
1043.000 0.428
1044.000 0.429
1045.000 0.429
1046.000 0.430
1047.000 0.430
1048.000 0.430
1049.000 0.430
1050.000 0.429
1051.000 0.429
1052.000 0.429
1053.000 0.429
1054.000 0.431
1055.000 0.432
1056.000 0.433
1057.000 0.433
1058.000 0.432
1059.000 0.432
1060.000 0.431
1061.000 0.432
1062.000 0.432
1063.000 0.433
1064.000 0.434
1065.000 0.433
1066.000 0.434
1067.000 0.434
1068.000 0.434
1069.000 0.434
1070.000 0.435
1071.000 0.434
1072.000 0.434
1073.000 0.434
1074.000 0.434
1075.000 0.435
1076.000 0.436
1077.000 0.436
1078.000 0.437
1079.000 0.437
1080.000 0.437
1081.000 0.437
1082.000 0.437
1083.000 0.436
1084.000 0.436
1085.000 0.436
1086.000 0.436
1087.000 0.437
1088.000 0.437
1089.000 0.438
1090.000 0.437
1091.000 0.437
1092.000 0.437
1093.000 0.436
1094.000 0.436
1095.000 0.436
1096.000 0.435
1097.000 0.435
1098.000 0.435
1099.000 0.435
1100.000 0.436
1101.000 0.436
1102.000 0.435
1103.000 0.434
1104.000 0.433
1105.000 0.433
1106.000 0.432
1107.000 0.431
1108.000 0.431
1109.000 0.430
1110.000 0.429
1111.000 0.429
1112.000 0.427
1113.000 0.426
1114.000 0.427
1115.000 0.426
1116.000 0.426
1117.000 0.426
1118.000 0.425
1119.000 0.426
1120.000 0.424
1121.000 0.423
1122.000 0.425
1123.000 0.425
1124.000 0.420
1125.000 0.419
1126.000 0.417
1127.000 0.417
1128.000 0.418
1129.000 0.420
1130.000 0.419
1131.000 0.418
1132.000 0.419
1133.000 0.419
1134.000 0.418
1135.000 0.419
1136.000 0.418
1137.000 0.419
1138.000 0.422
1139.000 0.424
1140.000 0.425
1141.000 0.425
1142.000 0.425
1143.000 0.424
1144.000 0.423
1145.000 0.421
1146.000 0.420
1147.000 0.419
1148.000 0.421
1149.000 0.424
1150.000 0.425
1151.000 0.427
1152.000 0.429
1153.000 0.429
1154.000 0.429
1155.000 0.430
1156.000 0.429
1157.000 0.430
1158.000 0.433
1159.000 0.434
1160.000 0.434
1161.000 0.436
1162.000 0.437
1163.000 0.438
1164.000 0.439
1165.000 0.440
1166.000 0.441
1167.000 0.442
1168.000 0.442
1169.000 0.442
1170.000 0.443
1171.000 0.443
1172.000 0.444
1173.000 0.446
1174.000 0.446
1175.000 0.447
1176.000 0.448
1177.000 0.448
1178.000 0.448
1179.000 0.448
1180.000 0.448
1181.000 0.446
1182.000 0.446
1183.000 0.446
1184.000 0.446
1185.000 0.446
1186.000 0.447
1187.000 0.448
1188.000 0.449
1189.000 0.449
1190.000 0.450
1191.000 0.450
1192.000 0.450
1193.000 0.450
1194.000 0.450
1195.000 0.451
1196.000 0.450
1197.000 0.451
1198.000 0.453
1199.000 0.453
1200.000 0.455
1201.000 0.456
1202.000 0.456
1203.000 0.456
1204.000 0.456
1205.000 0.456
1206.000 0.456
1207.000 0.457
1208.000 0.457
1209.000 0.458
1210.000 0.459
1211.000 0.460
1212.000 0.459
1213.000 0.459
1214.000 0.459
1215.000 0.458
1216.000 0.458
1217.000 0.459
1218.000 0.459
1219.000 0.460
1220.000 0.461
1221.000 0.461
1222.000 0.461
1223.000 0.461
1224.000 0.462
1225.000 0.463
1226.000 0.465
1227.000 0.466
1228.000 0.467
1229.000 0.467
1230.000 0.467
1231.000 0.468
1232.000 0.468
1233.000 0.469
1234.000 0.470
1235.000 0.470
1236.000 0.471
1237.000 0.471
1238.000 0.471
1239.000 0.472
1240.000 0.472
1241.000 0.472
1242.000 0.472
1243.000 0.473
1244.000 0.472
1245.000 0.472
1246.000 0.472
1247.000 0.472
1248.000 0.473
1249.000 0.474
1250.000 0.474
1251.000 0.474
1252.000 0.474
1253.000 0.474
1254.000 0.474
1255.000 0.474
1256.000 0.475
1257.000 0.476
1258.000 0.476
1259.000 0.477
1260.000 0.477
1261.000 0.477
1262.000 0.477
1263.000 0.478
1264.000 0.478
1265.000 0.478
1266.000 0.478
1267.000 0.478
1268.000 0.478
1269.000 0.478
1270.000 0.478
1271.000 0.479
1272.000 0.480
1273.000 0.481
1274.000 0.481
1275.000 0.481
1276.000 0.481
1277.000 0.481
1278.000 0.482
1279.000 0.482
1280.000 0.484
1281.000 0.484
1282.000 0.484
1283.000 0.484
1284.000 0.485
1285.000 0.485
1286.000 0.485
1287.000 0.485
1288.000 0.485
1289.000 0.485
1290.000 0.485
1291.000 0.485
1292.000 0.485
1293.000 0.485
1294.000 0.483
1295.000 0.483
1296.000 0.482
1297.000 0.482
1298.000 0.482
1299.000 0.482
1300.000 0.482
1301.000 0.483
1302.000 0.482
1303.000 0.482
1304.000 0.481
1305.000 0.479
1306.000 0.478
1307.000 0.477
1308.000 0.477
1309.000 0.476
1310.000 0.477
1311.000 0.478
1312.000 0.478
1313.000 0.477
1314.000 0.476
1315.000 0.473
1316.000 0.471
1317.000 0.471
1318.000 0.470
1319.000 0.469
1320.000 0.469
1321.000 0.469
1322.000 0.469
1323.000 0.469
1324.000 0.469
1325.000 0.468
1326.000 0.465
1327.000 0.464
1328.000 0.463
1329.000 0.462
1330.000 0.462
1331.000 0.462
1332.000 0.463
1333.000 0.462
1334.000 0.462
1335.000 0.461
1336.000 0.459
1337.000 0.457
1338.000 0.455
1339.000 0.453
1340.000 0.450
1341.000 0.449
1342.000 0.447
1343.000 0.447
1344.000 0.450
1345.000 0.452
1346.000 0.455
1347.000 0.459
1348.000 0.464
1349.000 0.468
1350.000 0.474
1351.000 0.485
1352.000 0.510
1353.000 0.566
1354.000 0.536
1355.000 0.499
1356.000 0.454
1357.000 0.435
1358.000 0.436
1359.000 0.490
1360.000 0.538
1361.000 0.480
1362.000 0.243
1363.000 0.277
1364.000 0.255
1365.000 0.214
1366.000 0.238
1367.000 0.342
1368.000 0.447
1369.000 0.392
1370.000 0.359
1371.000 0.307
1372.000 0.502
1373.000 0.566
1374.000 0.679
1375.000 0.392
1376.000 0.398
1377.000 0.345
1378.000 0.348
1379.000 0.267
1380.000 0.413
1381.000 0.497
1382.000 0.391
1383.000 0.452
1384.000 0.315
1385.000 0.313
1386.000 0.336
1387.000 0.432
1388.000 0.251
1389.000 0.298
1390.000 0.358
1391.000 0.419
1392.000 0.460
1393.000 0.411
1394.000 0.388
1395.000 0.326
1396.000 0.358
1397.000 0.334
1398.000 0.306
1399.000 0.306
1400.000 0.278
1401.000 0.553
1402.000 0.397
1403.000 0.354
1404.000 0.506
1405.000 0.360
1406.000 0.345
1407.000 0.369
1408.000 0.453
1409.000 0.562
1410.000 0.458
1411.000 0.374
1412.000 0.516
1413.000 0.577
1414.000 0.552
1415.000 0.500
1416.000 0.370
1417.000 0.289
1418.000 0.231
1419.000 0.330
1420.000 0.384
1421.000 0.463
1422.000 0.505
1423.000 0.219
1424.000 0.335
1425.000 0.332
1426.000 0.369
1427.000 0.346
1428.000 0.331
1429.000 0.511
1430.000 0.449
1431.000 0.455
1432.000 0.397
1433.000 0.489
1434.000 0.473
1435.000 0.412
1436.000 0.394
1437.000 0.419
1438.000 0.384
1439.000 0.362
1440.000 0.340
1441.000 0.294
1442.000 0.354
1443.000 0.325
1444.000 0.346
1445.000 0.415
1446.000 0.412
1447.000 0.396
1448.000 0.393
1449.000 0.359
1450.000 0.329
1451.000 0.303
1452.000 0.288
1453.000 0.289
1454.000 0.296
1455.000 0.302
1456.000 0.315
1457.000 0.318
1458.000 0.318
1459.000 0.310
1460.000 0.294
1461.000 0.287
1462.000 0.284
1463.000 0.281
1464.000 0.281
1465.000 0.281
1466.000 0.310
1467.000 0.313
1468.000 0.281
1469.000 0.283
1470.000 0.281
1471.000 0.283
1472.000 0.307
1473.000 0.311
1474.000 0.314
1475.000 0.307
1476.000 0.274
1477.000 0.272
1478.000 0.279
1479.000 0.273
1480.000 0.276
1481.000 0.280
1482.000 0.281
1483.000 0.282
1484.000 0.285
1485.000 0.289
1486.000 0.292
1487.000 0.296
1488.000 0.306
1489.000 0.308
1490.000 0.310
1491.000 0.306
1492.000 0.295
1493.000 0.290
1494.000 0.283
1495.000 0.280
1496.000 0.282
1497.000 0.283
1498.000 0.284
1499.000 0.287
1500.000 0.291
1501.000 0.294
1502.000 0.298
1503.000 0.299
1504.000 0.297
1505.000 0.299
1506.000 0.300
1507.000 0.302
1508.000 0.304
1509.000 0.307
1510.000 0.308
1511.000 0.307
1512.000 0.307
1513.000 0.309
1514.000 0.310
1515.000 0.312
1516.000 0.313
1517.000 0.313
1518.000 0.314
1519.000 0.315
1520.000 0.317
1521.000 0.322
1522.000 0.324
1523.000 0.327
1524.000 0.329
1525.000 0.328
1526.000 0.329
1527.000 0.330
1528.000 0.332
1529.000 0.337
1530.000 0.340
1531.000 0.345
1532.000 0.346
1533.000 0.345
1534.000 0.344
1535.000 0.342
1536.000 0.341
1537.000 0.340
1538.000 0.339
1539.000 0.341
1540.000 0.343
1541.000 0.344
1542.000 0.346
1543.000 0.346
1544.000 0.346
1545.000 0.347
1546.000 0.349
1547.000 0.352
1548.000 0.354
1549.000 0.358
1550.000 0.358
1551.000 0.357
1552.000 0.357
1553.000 0.357
1554.000 0.358
1555.000 0.362
1556.000 0.364
1557.000 0.365
1558.000 0.366
1559.000 0.365
1560.000 0.365
1561.000 0.366
1562.000 0.365
1563.000 0.363
1564.000 0.363
1565.000 0.366
1566.000 0.368
1567.000 0.372
1568.000 0.374
1569.000 0.373
1570.000 0.373
1571.000 0.375
1572.000 0.376
1573.000 0.376
1574.000 0.377
1575.000 0.375
1576.000 0.376
1577.000 0.380
1578.000 0.383
1579.000 0.388
1580.000 0.390
1581.000 0.387
1582.000 0.386
1583.000 0.385
1584.000 0.385
1585.000 0.388
1586.000 0.389
1587.000 0.389
1588.000 0.390
1589.000 0.390
1590.000 0.391
1591.000 0.394
1592.000 0.396
1593.000 0.397
1594.000 0.398
1595.000 0.396
1596.000 0.396
1597.000 0.396
1598.000 0.397
1599.000 0.400
1600.000 0.402
1601.000 0.404
1602.000 0.406
1603.000 0.408
1604.000 0.409
1605.000 0.408
1606.000 0.409
1607.000 0.408
1608.000 0.408
1609.000 0.407
1610.000 0.407
1611.000 0.408
1612.000 0.409
1613.000 0.409
1614.000 0.410
1615.000 0.410
1616.000 0.411
1617.000 0.414
1618.000 0.415
1619.000 0.417
1620.000 0.418
1621.000 0.419
1622.000 0.419
1623.000 0.420
1624.000 0.420
1625.000 0.419
1626.000 0.419
1627.000 0.418
1628.000 0.419
1629.000 0.419
1630.000 0.419
1631.000 0.419
1632.000 0.419
1633.000 0.420
1634.000 0.421
1635.000 0.424
1636.000 0.425
1637.000 0.426
1638.000 0.427
1639.000 0.426
1640.000 0.427
1641.000 0.427
1642.000 0.428
1643.000 0.428
1644.000 0.428
1645.000 0.428
1646.000 0.429
1647.000 0.428
1648.000 0.427
1649.000 0.426
1650.000 0.425
1651.000 0.427
1652.000 0.426
1653.000 0.422
1654.000 0.422
1655.000 0.419
1656.000 0.419
1657.000 0.421
1658.000 0.422
1659.000 0.423
1660.000 0.424
1661.000 0.426
1662.000 0.428
1663.000 0.429
1664.000 0.429
1665.000 0.428
1666.000 0.427
1667.000 0.424
1668.000 0.424
1669.000 0.424
1670.000 0.424
1671.000 0.425
1672.000 0.425
1673.000 0.426
1674.000 0.427
1675.000 0.427
1676.000 0.427
1677.000 0.427
1678.000 0.427
1679.000 0.427
1680.000 0.427
1681.000 0.428
1682.000 0.427
1683.000 0.427
1684.000 0.427
1685.000 0.425
1686.000 0.424
1687.000 0.422
1688.000 0.422
1689.000 0.423
1690.000 0.423
1691.000 0.427
1692.000 0.428
1693.000 0.424
1694.000 0.424
1695.000 0.424
1696.000 0.424
1697.000 0.427
1698.000 0.429
1699.000 0.429
1700.000 0.429
1701.000 0.429
1702.000 0.428
1703.000 0.424
1704.000 0.422
1705.000 0.421
1706.000 0.420
1707.000 0.420
1708.000 0.419
1709.000 0.418
1710.000 0.416
1711.000 0.414
1712.000 0.411
1713.000 0.410
1714.000 0.409
1715.000 0.410
1716.000 0.412
1717.000 0.416
1718.000 0.419
1719.000 0.420
1720.000 0.420
1721.000 0.419
1722.000 0.416
1723.000 0.416
1724.000 0.418
1725.000 0.420
1726.000 0.425
1727.000 0.431
1728.000 0.432
1729.000 0.434
1730.000 0.430
1731.000 0.425
1732.000 0.423
1733.000 0.420
1734.000 0.418
1735.000 0.418
1736.000 0.416
1737.000 0.414
1738.000 0.412
1739.000 0.411
1740.000 0.409
1741.000 0.408
1742.000 0.408
1743.000 0.409
1744.000 0.413
1745.000 0.415
1746.000 0.418
1747.000 0.416
1748.000 0.405
1749.000 0.401
1750.000 0.395
1751.000 0.394
1752.000 0.402
1753.000 0.403
1754.000 0.402
1755.000 0.402
1756.000 0.398
1757.000 0.397
1758.000 0.397
1759.000 0.398
1760.000 0.398
1761.000 0.395
1762.000 0.398
1763.000 0.405
1764.000 0.406
1765.000 0.411
1766.000 0.414
1767.000 0.408
1768.000 0.405
1769.000 0.402
1770.000 0.396
1771.000 0.393
1772.000 0.387
1773.000 0.385
1774.000 0.388
1775.000 0.385
1776.000 0.383
1777.000 0.381
1778.000 0.377
1779.000 0.379
1780.000 0.387
1781.000 0.392
1782.000 0.392
1783.000 0.391
1784.000 0.381
1785.000 0.377
1786.000 0.374
1787.000 0.365
1788.000 0.366
1789.000 0.378
1790.000 0.381
1791.000 0.385
1792.000 0.385
1793.000 0.375
1794.000 0.378
1795.000 0.376
1796.000 0.378
1797.000 0.383
1798.000 0.384
1799.000 0.392
1800.000 0.422
1801.000 0.532
1802.000 0.564
1803.000 0.633
1804.000 0.660
1805.000 0.670
1806.000 0.648
1807.000 0.652
1808.000 0.563
1809.000 0.546
1810.000 0.660
1811.000 0.692
1812.000 0.662
1813.000 0.675
1814.000 0.619
1815.000 0.710
1816.000 0.723
1817.000 0.809
1818.000 0.811
1819.000 0.707
1820.000 0.593
1821.000 0.603
1822.000 0.678
1823.000 0.563
1824.000 0.483
1825.000 0.522
1826.000 0.685
1827.000 0.712
1828.000 0.734
1829.000 0.641
1830.000 0.560
1831.000 0.518
1832.000 0.491
1833.000 0.523
1834.000 0.609
1835.000 0.624
1836.000 0.578
1837.000 0.606
1838.000 0.643
1839.000 0.605
1840.000 0.571
1841.000 0.621
1842.000 0.608
1843.000 0.504
1844.000 0.452
1845.000 0.609
1846.000 0.592
1847.000 0.594
1848.000 0.546
1849.000 0.705
1850.000 0.812
1851.000 0.634
1852.000 0.717
1853.000 0.738
1854.000 0.768
1855.000 0.753
1856.000 0.720
1857.000 0.635
1858.000 0.577
1859.000 0.613
1860.000 0.620
1861.000 0.719
1862.000 0.553
1863.000 0.551
1864.000 0.613
1865.000 0.652
1866.000 0.628
1867.000 0.634
1868.000 0.631
1869.000 0.628
1870.000 0.621
1871.000 0.482
1872.000 0.539
1873.000 0.568
1874.000 0.536
1875.000 0.583
1876.000 0.552
1877.000 0.600
1878.000 0.634
1879.000 0.630
1880.000 0.635
1881.000 0.617
1882.000 0.603
1883.000 0.587
1884.000 0.580
1885.000 0.583
1886.000 0.571
1887.000 0.511
1888.000 0.488
1889.000 0.460
1890.000 0.511
1891.000 0.468
1892.000 0.377
1893.000 0.424
1894.000 0.441
1895.000 0.447
1896.000 0.604
1897.000 0.579
1898.000 0.530
1899.000 0.521
1900.000 0.524
1901.000 0.631
1902.000 0.538
1903.000 0.448
1904.000 0.595
1905.000 0.365
1906.000 0.597
1907.000 0.519
1908.000 0.523
1909.000 0.444
1910.000 0.484
1911.000 0.467
1912.000 0.619
1913.000 0.595
1914.000 0.570
1915.000 0.640
1916.000 0.641
1917.000 0.653
1918.000 0.640
1919.000 0.609
1920.000 0.533
1921.000 0.368
1922.000 0.357
1923.000 0.388
1924.000 0.466
1925.000 0.379
1926.000 0.448
1927.000 0.451
1928.000 0.408
1929.000 0.403
1930.000 0.602
1931.000 0.630
1932.000 0.638
1933.000 0.590
1934.000 0.380
1935.000 0.672
1936.000 0.668
1937.000 0.620
1938.000 0.641
1939.000 0.480
1940.000 0.459
1941.000 0.455
1942.000 0.426
1943.000 0.553
1944.000 0.598
1945.000 0.596
1946.000 0.391
1947.000 0.388
1948.000 0.378
1949.000 0.361
1950.000 0.313
1951.000 0.344
1952.000 0.499
1953.000 0.452
1954.000 0.426
1955.000 0.515
1956.000 0.543
1957.000 0.471
1958.000 0.614
1959.000 0.475
1960.000 0.461
1961.000 0.341
1962.000 0.349
1963.000 0.370
1964.000 0.378
1965.000 0.408
1966.000 0.409
1967.000 0.353
1968.000 0.291
1969.000 0.253
1970.000 0.269
1971.000 0.327
1972.000 0.378
1973.000 0.380
1974.000 0.375
1975.000 0.360
1976.000 0.293
1977.000 0.285
1978.000 0.282
1979.000 0.290
1980.000 0.334
1981.000 0.360
1982.000 0.327
1983.000 0.304
1984.000 0.283
1985.000 0.252
1986.000 0.235
1987.000 0.261
1988.000 0.259
1989.000 0.258
1990.000 0.260
1991.000 0.264
1992.000 0.273
1993.000 0.305
1994.000 0.378
1995.000 0.442
1996.000 0.492
1997.000 0.529
1998.000 0.540
1999.000 0.535
2000.000 0.468
2001.000 0.453
2002.000 0.426
2003.000 0.446
2004.000 0.505
2005.000 0.547
2006.000 0.663
2007.000 0.672
2008.000 0.564
2009.000 0.495
2010.000 0.455
2011.000 0.391
2012.000 0.406
2013.000 0.390
2014.000 0.417
2015.000 0.322
2016.000 0.278
2017.000 0.250
2018.000 0.244
2019.000 0.269
2020.000 0.285
2021.000 0.314
2022.000 0.308
2023.000 0.288
2024.000 0.290
2025.000 0.277
2026.000 0.311
2027.000 0.291
2028.000 0.273
2029.000 0.272
2030.000 0.273
2031.000 0.278
2032.000 0.283
2033.000 0.285
2034.000 0.274
2035.000 0.266
2036.000 0.253
2037.000 0.261
2038.000 0.260
2039.000 0.265
2040.000 0.286
2041.000 0.279
2042.000 0.262
2043.000 0.264
2044.000 0.259
2045.000 0.283
2046.000 0.292
2047.000 0.295
2048.000 0.300
2049.000 0.290
2050.000 0.279
2051.000 0.265
2052.000 0.264
2053.000 0.258
2054.000 0.249
2055.000 0.272
2056.000 0.293
2057.000 0.291
2058.000 0.280
2059.000 0.298
2060.000 0.289
2061.000 0.305
2062.000 0.295
2063.000 0.299
2064.000 0.291
2065.000 0.299
2066.000 0.317
2067.000 0.308
2068.000 0.319
2069.000 0.336
2070.000 0.317
2071.000 0.289
2072.000 0.280
2073.000 0.269
2074.000 0.266
2075.000 0.275
2076.000 0.286
2077.000 0.276
2078.000 0.274
2079.000 0.261
2080.000 0.252
2081.000 0.266
2082.000 0.276
2083.000 0.299
2084.000 0.312
2085.000 0.302
2086.000 0.317
2087.000 0.312
2088.000 0.282
2089.000 0.277
2090.000 0.274
2091.000 0.273
2092.000 0.277
2093.000 0.279
2094.000 0.293
2095.000 0.299
2096.000 0.310
2097.000 0.319
2098.000 0.321
2099.000 0.310
2100.000 0.311
2101.000 0.314
2102.000 0.310
2103.000 0.316
2104.000 0.319
2105.000 0.324
2106.000 0.320
2107.000 0.311
2108.000 0.309
2109.000 0.303
2110.000 0.303
2111.000 0.313
2112.000 0.312
2113.000 0.305
2114.000 0.300
2115.000 0.291
2116.000 0.285
2117.000 0.280
2118.000 0.275
2119.000 0.267
2120.000 0.265
2121.000 0.272
2122.000 0.277
2123.000 0.282
2124.000 0.292
2125.000 0.295
2126.000 0.299
2127.000 0.294
2128.000 0.282
2129.000 0.275
2130.000 0.261
2131.000 0.254
2132.000 0.258
2133.000 0.260
2134.000 0.264
2135.000 0.268
2136.000 0.271
2137.000 0.272
2138.000 0.279
2139.000 0.291
2140.000 0.304
2141.000 0.312
2142.000 0.316
2143.000 0.317
2144.000 0.312
2145.000 0.300
2146.000 0.293
2147.000 0.281
2148.000 0.275
2149.000 0.272
2150.000 0.270
2151.000 0.265
2152.000 0.268
2153.000 0.283
2154.000 0.294
2155.000 0.312
2156.000 0.331
2157.000 0.330
2158.000 0.324
2159.000 0.325
2160.000 0.324
2161.000 0.317
2162.000 0.304
2163.000 0.299
2164.000 0.293
2165.000 0.294
2166.000 0.302
2167.000 0.311
2168.000 0.327
2169.000 0.335
2170.000 0.355
2171.000 0.356
2172.000 0.330
2173.000 0.317
2174.000 0.291
2175.000 0.283
2176.000 0.289
2177.000 0.295
2178.000 0.297
2179.000 0.304
2180.000 0.306
2181.000 0.307
2182.000 0.307
2183.000 0.310
2184.000 0.315
2185.000 0.317
2186.000 0.322
2187.000 0.342
2188.000 0.335
2189.000 0.317
2190.000 0.303
2191.000 0.274
2192.000 0.266
2193.000 0.272
2194.000 0.275
2195.000 0.301
2196.000 0.309
2197.000 0.305
2198.000 0.306
2199.000 0.296
2200.000 0.295
2201.000 0.290
2202.000 0.293
2203.000 0.296
2204.000 0.320
2205.000 0.331
2206.000 0.337
2207.000 0.320
2208.000 0.310
2209.000 0.312
2210.000 0.266
2211.000 0.260
2212.000 0.259
2213.000 0.267
2214.000 0.306
2215.000 0.311
2216.000 0.306
2217.000 0.304
2218.000 0.285
2219.000 0.279
2220.000 0.277
2221.000 0.276
2222.000 0.264
2223.000 0.269
2224.000 0.302
2225.000 0.316
2226.000 0.334
2227.000 0.349
2228.000 0.333
2229.000 0.308
2230.000 0.289
2231.000 0.277
2232.000 0.273
2233.000 0.268
2234.000 0.281
2235.000 0.296
2236.000 0.291
2237.000 0.297
2238.000 0.295
2239.000 0.276
2240.000 0.272
2241.000 0.269
2242.000 0.272
2243.000 0.284
2244.000 0.291
2245.000 0.310
2246.000 0.309
2247.000 0.287
2248.000 0.278
2249.000 0.261
2250.000 0.256
2251.000 0.270
2252.000 0.273
2253.000 0.278
2254.000 0.288
2255.000 0.269
2256.000 0.267
2257.000 0.269
2258.000 0.280
2259.000 0.296
2260.000 0.284
2261.000 0.282
2262.000 0.283
2263.000 0.284
2264.000 0.286
2265.000 0.287
2266.000 0.298
2267.000 0.295
2268.000 0.298
2269.000 0.293
2270.000 0.268
2271.000 0.282
2272.000 0.302
2273.000 0.309
2274.000 0.336
2275.000 0.330
2276.000 0.286
2277.000 0.292
2278.000 0.282
2279.000 0.284
2280.000 0.310
2281.000 0.299
2282.000 0.262
2283.000 0.253
2284.000 0.289
2285.000 0.313
2286.000 0.279
2287.000 0.288
2288.000 0.305
2289.000 0.300
2290.000 0.312
2291.000 0.307
2292.000 0.281
2293.000 0.269
2294.000 0.270
2295.000 0.242
2296.000 0.283
2297.000 0.302
2298.000 0.294
2299.000 0.282
2300.000 0.265
2301.000 0.248
2302.000 0.237
2303.000 0.238
2304.000 0.246
2305.000 0.277
2306.000 0.274
2307.000 0.290
2308.000 0.337
2309.000 0.320
2310.000 0.365
2311.000 0.361
2312.000 0.347
2313.000 0.362
2314.000 0.305
2315.000 0.267
2316.000 0.278
2317.000 0.309
2318.000 0.267
2319.000 0.247
2320.000 0.253
2321.000 0.243
2322.000 0.243
2323.000 0.309
2324.000 0.330
2325.000 0.338
2326.000 0.316
2327.000 0.319
2328.000 0.318
2329.000 0.300
2330.000 0.302
2331.000 0.372
2332.000 0.363
2333.000 0.341
2334.000 0.370
2335.000 0.258
2336.000 0.236
2337.000 0.261
2338.000 0.287
2339.000 0.278
2340.000 0.256
2341.000 0.345
2342.000 0.427
2343.000 0.580
2344.000 0.512
2345.000 0.365
2346.000 0.369
2347.000 0.274
2348.000 0.261
2349.000 0.341
2350.000 0.365
2351.000 0.377
2352.000 0.341
2353.000 0.396
2354.000 0.379
2355.000 0.356
2356.000 0.319
2357.000 0.334
2358.000 0.362
2359.000 0.319
2360.000 0.323
2361.000 0.360
2362.000 0.325
2363.000 0.322
2364.000 0.343
2365.000 0.321
2366.000 0.349
2367.000 0.319
2368.000 0.375
2369.000 0.293
2370.000 0.333
2371.000 0.330
2372.000 0.550
2373.000 0.724
2374.000 0.728
2375.000 0.649
2376.000 0.602
2377.000 0.398
2378.000 0.285
2379.000 0.297
2380.000 0.319
2381.000 0.369
2382.000 0.378
2383.000 0.457
2384.000 0.631
2385.000 0.636
2386.000 0.498
2387.000 0.444
2388.000 0.666
2389.000 0.328
2390.000 0.378
2391.000 0.414
2392.000 0.544
2393.000 0.395
2394.000 0.254
2395.000 0.306
2396.000 0.474
2397.000 0.410
2398.000 0.367
2399.000 0.292
2400.000 0.350
2401.000 0.550
2402.000 0.350
2403.000 0.337
2404.000 0.510
2405.000 0.550
2406.000 0.251
2407.000 0.304
2408.000 0.169
2409.000 0.266
2410.000 0.398
2411.000 0.529
2412.000 0.630
2413.000 0.650
2414.000 0.584
2415.000 0.660
2416.000 0.531
2417.000 0.453
2418.000 0.457
2419.000 0.474
2420.000 0.290
2421.000 0.292
2422.000 0.343
2423.000 0.375
2424.000 0.450
2425.000 0.550
2426.000 0.535
2427.000 0.603
2428.000 0.720
2429.000 0.653
2430.000 0.580
2431.000 0.551
2432.000 0.590
2433.000 0.453
2434.000 0.417
2435.000 0.497
2436.000 0.574
2437.000 0.533
2438.000 0.509
2439.000 0.443
2440.000 0.551
2441.000 0.633
2442.000 0.402
2443.000 0.300
2444.000 0.344
2445.000 0.443
2446.000 0.374
2447.000 0.212
2448.000 0.373
2449.000 0.359
2450.000 0.382
2451.000 0.353
2452.000 0.421
2453.000 0.448
2454.000 0.535
2455.000 0.495
2456.000 0.396
2457.000 0.256
2458.000 0.286
2459.000 0.442
2460.000 0.356
2461.000 0.510
2462.000 0.506
2463.000 0.416
2464.000 0.283
2465.000 0.421
2466.000 0.439
2467.000 0.369
2468.000 0.618
2469.000 0.553
2470.000 0.507
2471.000 0.641
2472.000 0.285
2473.000 0.264
2474.000 0.380
2475.000 0.392
2476.000 0.658
2477.000 0.548
2478.000 0.616
2479.000 0.503
2480.000 0.490
2481.000 0.395
2482.000 0.499
2483.000 0.548
2484.000 0.441
2485.000 0.340
2486.000 0.472
2487.000 0.575
2488.000 0.607
2489.000 0.516
2490.000 0.456
2491.000 0.444
2492.000 0.288
2493.000 0.183
2494.000 0.259
2495.000 0.380
2496.000 0.372
2497.000 0.504
2498.000 0.406
2499.000 0.171
2500.000 0.178
