391.000 0.078
392.000 0.072
393.000 0.067
394.000 0.071
395.000 0.079
396.000 0.081
397.000 0.075
398.000 0.071
399.000 0.074
400.000 0.075
401.000 0.071
402.000 0.069
403.000 0.065
404.000 0.065
405.000 0.068
406.000 0.069
407.000 0.071
408.000 0.072
409.000 0.068
410.000 0.070
411.000 0.073
412.000 0.073
413.000 0.074
414.000 0.074
415.000 0.071
416.000 0.067
417.000 0.069
418.000 0.072
419.000 0.071
420.000 0.068
421.000 0.068
422.000 0.068
423.000 0.067
424.000 0.066
425.000 0.069
426.000 0.070
427.000 0.066
428.000 0.071
429.000 0.075
430.000 0.073
431.000 0.071
432.000 0.072
433.000 0.072
434.000 0.070
435.000 0.070
436.000 0.070
437.000 0.069
438.000 0.070
439.000 0.070
440.000 0.071
441.000 0.071
442.000 0.072
443.000 0.072
444.000 0.071
445.000 0.071
446.000 0.072
447.000 0.073
448.000 0.072
449.000 0.072
450.000 0.073
451.000 0.073
452.000 0.073
453.000 0.072
454.000 0.073
455.000 0.074
456.000 0.073
457.000 0.073
458.000 0.073
459.000 0.074
460.000 0.077
461.000 0.077
462.000 0.074
463.000 0.072
464.000 0.072
465.000 0.075
466.000 0.077
467.000 0.076
468.000 0.074
469.000 0.074
470.000 0.075
471.000 0.076
472.000 0.075
473.000 0.075
474.000 0.075
475.000 0.076
476.000 0.077
477.000 0.078
478.000 0.079
479.000 0.077
480.000 0.076
481.000 0.077
482.000 0.079
483.000 0.077
484.000 0.077
485.000 0.080
486.000 0.080
487.000 0.079
488.000 0.079
489.000 0.080
490.000 0.081
491.000 0.080
492.000 0.079
493.000 0.080
494.000 0.080
495.000 0.080
496.000 0.080
497.000 0.082
498.000 0.082
499.000 0.081
500.000 0.081
501.000 0.084
502.000 0.085
503.000 0.085
504.000 0.085
505.000 0.087
506.000 0.089
507.000 0.090
508.000 0.091
509.000 0.091
510.000 0.092
511.000 0.094
512.000 0.095
513.000 0.098
514.000 0.100
515.000 0.100
516.000 0.103
517.000 0.106
518.000 0.107
519.000 0.110
520.000 0.111
521.000 0.113
522.000 0.118
523.000 0.121
524.000 0.125
525.000 0.128
526.000 0.131
527.000 0.134
528.000 0.136
529.000 0.139
530.000 0.140
531.000 0.143
532.000 0.145
533.000 0.147
534.000 0.149
535.000 0.151
536.000 0.152
537.000 0.154
538.000 0.155
539.000 0.155
540.000 0.156
541.000 0.158
542.000 0.159
543.000 0.159
544.000 0.159
545.000 0.159
546.000 0.159
547.000 0.160
548.000 0.161
549.000 0.162
550.000 0.163
551.000 0.163
552.000 0.163
553.000 0.163
554.000 0.163
555.000 0.163
556.000 0.162
557.000 0.161
558.000 0.162
559.000 0.160
560.000 0.159
561.000 0.159
562.000 0.157
563.000 0.155
564.000 0.154
565.000 0.154
566.000 0.152
567.000 0.150
568.000 0.148
569.000 0.145
570.000 0.144
571.000 0.143
572.000 0.140
573.000 0.140
574.000 0.141
575.000 0.140
576.000 0.137
577.000 0.135
578.000 0.133
579.000 0.133
580.000 0.134
581.000 0.133
582.000 0.132
583.000 0.130
584.000 0.129
585.000 0.129
586.000 0.129
587.000 0.127
588.000 0.127
589.000 0.128
590.000 0.127
591.000 0.126
592.000 0.125
593.000 0.126
594.000 0.126
595.000 0.126
596.000 0.126
597.000 0.127
598.000 0.124
599.000 0.124
600.000 0.124
601.000 0.125
602.000 0.126
603.000 0.125
604.000 0.123
605.000 0.124
606.000 0.125
607.000 0.124
608.000 0.123
609.000 0.124
610.000 0.126
611.000 0.125
612.000 0.123
613.000 0.122
614.000 0.122
615.000 0.122
616.000 0.122
617.000 0.121
618.000 0.121
619.000 0.121
620.000 0.121
621.000 0.121
622.000 0.121
623.000 0.123
624.000 0.124
625.000 0.123
626.000 0.123
627.000 0.123
628.000 0.124
629.000 0.124
630.000 0.123
631.000 0.124
632.000 0.123
633.000 0.122
634.000 0.122
635.000 0.124
636.000 0.123
637.000 0.121
638.000 0.121
639.000 0.123
640.000 0.124
641.000 0.121
642.000 0.121
643.000 0.122
644.000 0.123
645.000 0.122
646.000 0.120
647.000 0.120
648.000 0.121
649.000 0.123
650.000 0.123
651.000 0.122
652.000 0.123
653.000 0.122
654.000 0.121
655.000 0.122
656.000 0.124
657.000 0.125
658.000 0.124
659.000 0.123
660.000 0.124
661.000 0.126
662.000 0.125
663.000 0.123
664.000 0.123
665.000 0.124
666.000 0.124
667.000 0.125
668.000 0.127
669.000 0.127
670.000 0.124
671.000 0.127
672.000 0.130
673.000 0.130
674.000 0.129
675.000 0.130
676.000 0.133
677.000 0.136
678.000 0.137
679.000 0.137
680.000 0.138
681.000 0.141
682.000 0.140
683.000 0.141
684.000 0.143
685.000 0.147
686.000 0.148
687.000 0.149
688.000 0.149
689.000 0.150
690.000 0.153
691.000 0.157
692.000 0.161
693.000 0.164
694.000 0.168
695.000 0.176
696.000 0.184
697.000 0.192
698.000 0.199
699.000 0.208
700.000 0.218
701.000 0.227
702.000 0.236
703.000 0.247
704.000 0.259
705.000 0.270
706.000 0.280
707.000 0.290
708.000 0.301
709.000 0.312
710.000 0.322
711.000 0.333
712.000 0.344
713.000 0.354
714.000 0.365
715.000 0.375
716.000 0.386
717.000 0.395
718.000 0.406
719.000 0.419
720.000 0.431
721.000 0.440
722.000 0.450
723.000 0.459
724.000 0.468
725.000 0.477
726.000 0.485
727.000 0.494
728.000 0.502
729.000 0.509
730.000 0.513
731.000 0.519
732.000 0.526
733.000 0.532
734.000 0.537
735.000 0.540
736.000 0.543
737.000 0.548
738.000 0.552
739.000 0.556
740.000 0.557
741.000 0.560
742.000 0.563
743.000 0.566
744.000 0.568
745.000 0.570
746.000 0.572
747.000 0.574
748.000 0.575
749.000 0.576
750.000 0.578
751.000 0.578
752.000 0.580
753.000 0.581
754.000 0.583
755.000 0.583
756.000 0.584
757.000 0.585
758.000 0.585
759.000 0.586
760.000 0.587
761.000 0.584
762.000 0.585
763.000 0.586
764.000 0.586
765.000 0.588
766.000 0.588
767.000 0.588
768.000 0.589
769.000 0.589
770.000 0.590
771.000 0.590
772.000 0.591
773.000 0.592
774.000 0.592
775.000 0.592
776.000 0.593
777.000 0.594
778.000 0.594
779.000 0.595
780.000 0.596
781.000 0.596
782.000 0.596
783.000 0.597
784.000 0.597
785.000 0.598
786.000 0.598
787.000 0.599
788.000 0.599
789.000 0.600
790.000 0.600
791.000 0.600
792.000 0.601
793.000 0.598
794.000 0.598
795.000 0.599
796.000 0.599
797.000 0.600
798.000 0.600
799.000 0.600
800.000 0.601
801.000 0.602
802.000 0.602
803.000 0.602
804.000 0.603
805.000 0.604
806.000 0.604
807.000 0.605
808.000 0.605
809.000 0.605
810.000 0.605
811.000 0.606
812.000 0.606
813.000 0.606
814.000 0.606
815.000 0.607
816.000 0.607
817.000 0.608
818.000 0.608
819.000 0.609
820.000 0.610
821.000 0.610
822.000 0.610
823.000 0.611
824.000 0.611
825.000 0.612
826.000 0.612
827.000 0.613
828.000 0.614
829.000 0.614
830.000 0.615
831.000 0.614
832.000 0.615
833.000 0.616
834.000 0.617
835.000 0.617
836.000 0.618
837.000 0.618
838.000 0.618
839.000 0.620
840.000 0.619
841.000 0.620
842.000 0.621
843.000 0.621
844.000 0.622
845.000 0.622
846.000 0.623
847.000 0.623
848.000 0.623
849.000 0.624
850.000 0.624
851.000 0.625
852.000 0.625
853.000 0.625
854.000 0.626
855.000 0.626
856.000 0.627
857.000 0.627
858.000 0.627
859.000 0.627
860.000 0.627
861.000 0.628
862.000 0.629
863.000 0.629
864.000 0.629
865.000 0.629
866.000 0.630
867.000 0.630
868.000 0.631
869.000 0.632
870.000 0.632
871.000 0.627
872.000 0.627
873.000 0.627
874.000 0.628
875.000 0.628
876.000 0.629
877.000 0.629
878.000 0.630
879.000 0.629
880.000 0.630
881.000 0.630
882.000 0.631
883.000 0.631
884.000 0.632
885.000 0.632
886.000 0.632
887.000 0.633
888.000 0.633
889.000 0.634
890.000 0.633
891.000 0.633
892.000 0.634
893.000 0.634
894.000 0.634
895.000 0.634
896.000 0.634
897.000 0.634
898.000 0.635
899.000 0.636
900.000 0.636
901.000 0.636
902.000 0.636
903.000 0.637
904.000 0.642
905.000 0.642
906.000 0.637
907.000 0.638
908.000 0.638
909.000 0.638
910.000 0.638
911.000 0.638
912.000 0.644
913.000 0.639
914.000 0.640
915.000 0.640
916.000 0.640
917.000 0.638
918.000 0.639
919.000 0.642
920.000 0.642
921.000 0.643
922.000 0.642
923.000 0.647
924.000 0.643
925.000 0.644
926.000 0.643
927.000 0.648
928.000 0.649
929.000 0.644
930.000 0.645
931.000 0.644
932.000 0.642
933.000 0.646
934.000 0.646
935.000 0.644
936.000 0.645
937.000 0.649
938.000 0.643
939.000 0.649
940.000 0.648
941.000 0.642
942.000 0.646
943.000 0.646
944.000 0.643
945.000 0.646
946.000 0.649
947.000 0.642
948.000 0.652
949.000 0.651
950.000 0.647
951.000 0.646
952.000 0.653
953.000 0.648
954.000 0.653
955.000 0.651
956.000 0.643
957.000 0.652
958.000 0.657
959.000 0.653
960.000 0.649
961.000 0.651
962.000 0.651
963.000 0.650
964.000 0.656
965.000 0.660
966.000 0.658
967.000 0.654
968.000 0.654
969.000 0.654
970.000 0.655
971.000 0.656
972.000 0.655
973.000 0.660
974.000 0.659
975.000 0.659
976.000 0.661
977.000 0.659
978.000 0.660
979.000 0.663
980.000 0.665
981.000 0.662
982.000 0.662
983.000 0.657
984.000 0.659
985.000 0.663
986.000 0.660
987.000 0.662
988.000 0.662
989.000 0.660
990.000 0.661
991.000 0.664
992.000 0.663
993.000 0.663
994.000 0.664
995.000 0.665
996.000 0.667
997.000 0.664
998.000 0.664
999.000 0.666
1000.000 0.667
1001.000 0.667
1002.000 0.667
1003.000 0.668
1004.000 0.669
1005.000 0.670
1006.000 0.669
1007.000 0.669
1008.000 0.669
1009.000 0.670
1010.000 0.670
1011.000 0.669
1012.000 0.669
1013.000 0.669
1014.000 0.669
1015.000 0.669
1016.000 0.669
1017.000 0.669
1018.000 0.669
1019.000 0.669
1020.000 0.671
1021.000 0.672
1022.000 0.674
1023.000 0.676
1024.000 0.670
1025.000 0.671
1026.000 0.672
1027.000 0.672
1028.000 0.672
1029.000 0.672
1030.000 0.672
1031.000 0.673
1032.000 0.673
1033.000 0.675
1034.000 0.676
1035.000 0.677
1036.000 0.678
1037.000 0.667
1038.000 0.667
1039.000 0.678
1040.000 0.677
1041.000 0.675
1042.000 0.675
1043.000 0.675
1044.000 0.677
1045.000 0.666
1046.000 0.668
1047.000 0.668
1048.000 0.670
1049.000 0.670
1050.000 0.670
1051.000 0.670
1052.000 0.670
1053.000 0.669
1054.000 0.669
1055.000 0.669
1056.000 0.670
1057.000 0.670
1058.000 0.680
1059.000 0.680
1060.000 0.680
1061.000 0.679
1062.000 0.679
1063.000 0.680
1064.000 0.681
1065.000 0.671
1066.000 0.673
1067.000 0.675
1068.000 0.675
1069.000 0.673
1070.000 0.674
1071.000 0.673
1072.000 0.672
1073.000 0.673
1074.000 0.674
1075.000 0.673
1076.000 0.673
1077.000 0.673
1078.000 0.674
1079.000 0.673
1080.000 0.673
1081.000 0.673
1082.000 0.673
1083.000 0.674
1084.000 0.674
1085.000 0.685
1086.000 0.684
1087.000 0.684
1088.000 0.684
1089.000 0.686
1090.000 0.687
1091.000 0.688
1092.000 0.688
1093.000 0.689
1094.000 0.689
1095.000 0.688
1096.000 0.688
1097.000 0.677
1098.000 0.686
1099.000 0.686
1100.000 0.685
1101.000 0.685
1102.000 0.685
1103.000 0.687
1104.000 0.688
1105.000 0.690
1106.000 0.689
1107.000 0.688
1108.000 0.693
1109.000 0.690
1110.000 0.688
1111.000 0.691
1112.000 0.690
1113.000 0.690
1114.000 0.690
1115.000 0.690
1116.000 0.689
1117.000 0.684
1118.000 0.681
1119.000 0.682
1120.000 0.675
1121.000 0.671
1122.000 0.668
1123.000 0.669
1124.000 0.677
1125.000 0.681
1126.000 0.685
1127.000 0.684
1128.000 0.682
1129.000 0.679
1130.000 0.672
1131.000 0.674
1132.000 0.675
1133.000 0.670
1134.000 0.679
1135.000 0.686
1136.000 0.687
1137.000 0.694
1138.000 0.692
1139.000 0.691
1140.000 0.690
1141.000 0.690
1142.000 0.686
1143.000 0.678
1144.000 0.677
1145.000 0.675
1146.000 0.676
1147.000 0.682
1148.000 0.690
1149.000 0.697
1150.000 0.693
1151.000 0.692
1152.000 0.692
1153.000 0.691
1154.000 0.691
1155.000 0.694
1156.000 0.698
1157.000 0.699
1158.000 0.697
1159.000 0.697
1160.000 0.697
1161.000 0.697
1162.000 0.698
1163.000 0.698
1164.000 0.697
1165.000 0.698
1166.000 0.700
1167.000 0.703
1168.000 0.705
1169.000 0.706
1170.000 0.705
1171.000 0.705
1172.000 0.704
1173.000 0.704
1174.000 0.704
1175.000 0.705
1176.000 0.706
1177.000 0.707
1178.000 0.707
1179.000 0.708
1180.000 0.708
1181.000 0.706
1182.000 0.706
1183.000 0.706
1184.000 0.705
1185.000 0.706
1186.000 0.706
1187.000 0.706
1188.000 0.708
1189.000 0.708
1190.000 0.710
1191.000 0.711
1192.000 0.711
1193.000 0.711
1194.000 0.711
1195.000 0.711
1196.000 0.710
1197.000 0.711
1198.000 0.712
1199.000 0.712
1200.000 0.714
1201.000 0.714
1202.000 0.713
1203.000 0.713
1204.000 0.712
1205.000 0.712
1206.000 0.713
1207.000 0.713
1208.000 0.712
1209.000 0.713
1210.000 0.713
1211.000 0.714
1212.000 0.714
1213.000 0.714
1214.000 0.714
1215.000 0.716
1216.000 0.716
1217.000 0.717
1218.000 0.717
1219.000 0.717
1220.000 0.717
1221.000 0.717
1222.000 0.717
1223.000 0.718
1224.000 0.718
1225.000 0.718
1226.000 0.719
1227.000 0.720
1228.000 0.721
1229.000 0.722
1230.000 0.722
1231.000 0.723
1232.000 0.723
1233.000 0.722
1234.000 0.722
1235.000 0.722
1236.000 0.722
1237.000 0.722
1238.000 0.724
1239.000 0.725
1240.000 0.724
1241.000 0.724
1242.000 0.723
1243.000 0.724
1244.000 0.724
1245.000 0.725
1246.000 0.725
1247.000 0.725
1248.000 0.725
1249.000 0.725
1250.000 0.726
1251.000 0.727
1252.000 0.727
1253.000 0.728
1254.000 0.728
1255.000 0.727
1256.000 0.728
1257.000 0.727
1258.000 0.727
1259.000 0.727
1260.000 0.727
1261.000 0.728
1262.000 0.729
1263.000 0.731
1264.000 0.731
1265.000 0.730
1266.000 0.730
1267.000 0.730
1268.000 0.729
1269.000 0.730
1270.000 0.732
1271.000 0.733
1272.000 0.733
1273.000 0.734
1274.000 0.733
1275.000 0.733
1276.000 0.733
1277.000 0.733
1278.000 0.734
1279.000 0.735
1280.000 0.736
1281.000 0.735
1282.000 0.735
1283.000 0.735
1284.000 0.734
1285.000 0.734
1286.000 0.735
1287.000 0.735
1288.000 0.736
1289.000 0.737
1290.000 0.736
1291.000 0.737
1292.000 0.736
1293.000 0.735
1294.000 0.735
1295.000 0.736
1296.000 0.736
1297.000 0.738
1298.000 0.738
1299.000 0.737
1300.000 0.737
1301.000 0.736
1302.000 0.735
1303.000 0.734
1304.000 0.733
1305.000 0.732
1306.000 0.732
1307.000 0.732
1308.000 0.732
1309.000 0.732
1310.000 0.732
1311.000 0.733
1312.000 0.733
1313.000 0.733
1314.000 0.732
1315.000 0.731
1316.000 0.730
1317.000 0.729
1318.000 0.728
1319.000 0.726
1320.000 0.725
1321.000 0.724
1322.000 0.723
1323.000 0.723
1324.000 0.724
1325.000 0.723
1326.000 0.722
1327.000 0.720
1328.000 0.718
1329.000 0.718
1330.000 0.717
1331.000 0.720
1332.000 0.717
1333.000 0.715
1334.000 0.710
1335.000 0.706
1336.000 0.707
1337.000 0.707
1338.000 0.708
1339.000 0.706
1340.000 0.705
1341.000 0.703
1342.000 0.696
1343.000 0.693
1344.000 0.694
1345.000 0.693
1346.000 0.696
1347.000 0.697
1348.000 0.697
1349.000 0.686
1350.000 0.676
1351.000 0.653
1352.000 0.644
1353.000 0.578
1354.000 0.525
1355.000 0.480
1356.000 0.429
1357.000 0.475
1358.000 0.503
1359.000 0.514
1360.000 0.487
1361.000 0.404
1362.000 0.519
1363.000 0.468
1364.000 0.411
1365.000 0.378
1366.000 0.386
1367.000 0.362
1368.000 0.374
1369.000 0.388
1370.000 0.424
1371.000 0.411
1372.000 0.546
1373.000 0.712
1374.000 0.560
1375.000 0.449
1376.000 0.492
1377.000 0.539
1378.000 0.514
1379.000 0.444
1380.000 0.516
1381.000 0.595
1382.000 0.610
1383.000 0.771
1384.000 0.594
1385.000 0.530
1386.000 0.454
1387.000 0.541
1388.000 0.364
1389.000 0.322
1390.000 0.343
1391.000 0.318
1392.000 0.434
1393.000 0.373
1394.000 0.332
1395.000 0.247
1396.000 0.272
1397.000 0.263
1398.000 0.252
1399.000 0.201
1400.000 0.219
1401.000 0.310
1402.000 0.493
1403.000 0.471
1404.000 0.364
1405.000 0.374
1406.000 0.396
1407.000 0.353
1408.000 0.293
1409.000 0.241
1410.000 0.257
1411.000 0.283
1412.000 0.335
1413.000 0.286
1414.000 0.345
1415.000 0.566
1416.000 0.506
1417.000 0.432
1418.000 0.361
1419.000 0.272
1420.000 0.275
1421.000 0.282
1422.000 0.323
1423.000 0.288
1424.000 0.351
1425.000 0.407
1426.000 0.477
1427.000 0.316
1428.000 0.327
1429.000 0.445
1430.000 0.477
1431.000 0.472
1432.000 0.393
1433.000 0.313
1434.000 0.306
1435.000 0.307
1436.000 0.309
1437.000 0.341
1438.000 0.321
1439.000 0.338
1440.000 0.360
1441.000 0.407
1442.000 0.469
1443.000 0.532
1444.000 0.396
1445.000 0.388
1446.000 0.386
1447.000 0.376
1448.000 0.364
1449.000 0.327
1450.000 0.353
1451.000 0.359
1452.000 0.376
1453.000 0.371
1454.000 0.344
1455.000 0.324
1456.000 0.328
1457.000 0.325
1458.000 0.331
1459.000 0.338
1460.000 0.358
1461.000 0.351
1462.000 0.324
1463.000 0.332
1464.000 0.310
1465.000 0.309
1466.000 0.318
1467.000 0.329
1468.000 0.341
1469.000 0.347
1470.000 0.329
1471.000 0.333
1472.000 0.332
1473.000 0.338
1474.000 0.349
1475.000 0.358
1476.000 0.372
1477.000 0.392
1478.000 0.437
1479.000 0.442
1480.000 0.426
1481.000 0.412
1482.000 0.376
1483.000 0.371
1484.000 0.374
1485.000 0.382
1486.000 0.401
1487.000 0.414
1488.000 0.430
1489.000 0.438
1490.000 0.445
1491.000 0.445
1492.000 0.433
1493.000 0.431
1494.000 0.429
1495.000 0.430
1496.000 0.439
1497.000 0.444
1498.000 0.445
1499.000 0.446
1500.000 0.443
1501.000 0.447
1502.000 0.454
1503.000 0.457
1504.000 0.464
1505.000 0.468
1506.000 0.468
1507.000 0.463
1508.000 0.463
1509.000 0.460
1510.000 0.464
1511.000 0.474
1512.000 0.478
1513.000 0.485
1514.000 0.486
1515.000 0.481
1516.000 0.482
1517.000 0.480
1518.000 0.485
1519.000 0.499
1520.000 0.504
1521.000 0.509
1522.000 0.512
1523.000 0.511
1524.000 0.512
1525.000 0.513
1526.000 0.515
1527.000 0.515
1528.000 0.518
1529.000 0.522
1530.000 0.527
1531.000 0.537
1532.000 0.541
1533.000 0.543
1534.000 0.543
1535.000 0.536
1536.000 0.535
1537.000 0.535
1538.000 0.536
1539.000 0.541
1540.000 0.543
1541.000 0.545
1542.000 0.547
1543.000 0.551
1544.000 0.552
1545.000 0.550
1546.000 0.551
1547.000 0.552
1548.000 0.553
1549.000 0.558
1550.000 0.561
1551.000 0.565
1552.000 0.566
1553.000 0.566
1554.000 0.566
1555.000 0.565
1556.000 0.566
1557.000 0.570
1558.000 0.572
1559.000 0.577
1560.000 0.579
1561.000 0.581
1562.000 0.581
1563.000 0.575
1564.000 0.574
1565.000 0.577
1566.000 0.580
1567.000 0.586
1568.000 0.590
1569.000 0.592
1570.000 0.594
1571.000 0.599
1572.000 0.601
1573.000 0.603
1574.000 0.604
1575.000 0.600
1576.000 0.601
1577.000 0.606
1578.000 0.608
1579.000 0.611
1580.000 0.614
1581.000 0.612
1582.000 0.611
1583.000 0.612
1584.000 0.612
1585.000 0.612
1586.000 0.611
1587.000 0.609
1588.000 0.610
1589.000 0.614
1590.000 0.616
1591.000 0.621
1592.000 0.623
1593.000 0.624
1594.000 0.625
1595.000 0.625
1596.000 0.626
1597.000 0.628
1598.000 0.630
1599.000 0.632
1600.000 0.633
1601.000 0.628
1602.000 0.628
1603.000 0.629
1604.000 0.631
1605.000 0.632
1606.000 0.636
1607.000 0.642
1608.000 0.645
1609.000 0.645
1610.000 0.645
1611.000 0.641
1612.000 0.643
1613.000 0.639
1614.000 0.639
1615.000 0.639
1616.000 0.641
1617.000 0.644
1618.000 0.647
1619.000 0.646
1620.000 0.648
1621.000 0.649
1622.000 0.652
1623.000 0.656
1624.000 0.658
1625.000 0.657
1626.000 0.657
1627.000 0.653
1628.000 0.652
1629.000 0.656
1630.000 0.658
1631.000 0.660
1632.000 0.660
1633.000 0.657
1634.000 0.657
1635.000 0.660
1636.000 0.662
1637.000 0.668
1638.000 0.668
1639.000 0.659
1640.000 0.657
1641.000 0.652
1642.000 0.651
1643.000 0.658
1644.000 0.662
1645.000 0.665
1646.000 0.666
1647.000 0.665
1648.000 0.663
1649.000 0.661
1650.000 0.659
1651.000 0.658
1652.000 0.658
1653.000 0.659
1654.000 0.661
1655.000 0.666
1656.000 0.668
1657.000 0.665
1658.000 0.664
1659.000 0.665
1660.000 0.665
1661.000 0.664
1662.000 0.663
1663.000 0.662
1664.000 0.660
1665.000 0.656
1666.000 0.655
1667.000 0.658
1668.000 0.659
1669.000 0.665
1670.000 0.666
1671.000 0.660
1672.000 0.658
1673.000 0.662
1674.000 0.661
1675.000 0.661
1676.000 0.661
1677.000 0.659
1678.000 0.657
1679.000 0.658
1680.000 0.658
1681.000 0.661
1682.000 0.660
1683.000 0.658
1684.000 0.658
1685.000 0.654
1686.000 0.653
1687.000 0.658
1688.000 0.659
1689.000 0.659
1690.000 0.660
1691.000 0.659
1692.000 0.659
1693.000 0.656
1694.000 0.658
1695.000 0.663
1696.000 0.665
1697.000 0.668
1698.000 0.668
1699.000 0.662
1700.000 0.659
1701.000 0.657
1702.000 0.658
1703.000 0.660
1704.000 0.661
1705.000 0.662
1706.000 0.662
1707.000 0.658
1708.000 0.656
1709.000 0.657
1710.000 0.653
1711.000 0.645
1712.000 0.645
1713.000 0.646
1714.000 0.655
1715.000 0.665
1716.000 0.665
1717.000 0.666
1718.000 0.667
1719.000 0.661
1720.000 0.654
1721.000 0.652
1722.000 0.643
1723.000 0.637
1724.000 0.637
1725.000 0.633
1726.000 0.633
1727.000 0.633
1728.000 0.637
1729.000 0.645
1730.000 0.649
1731.000 0.653
1732.000 0.657
1733.000 0.651
1734.000 0.646
1735.000 0.645
1736.000 0.643
1737.000 0.641
1738.000 0.641
1739.000 0.639
1740.000 0.635
1741.000 0.630
1742.000 0.625
1743.000 0.627
1744.000 0.633
1745.000 0.636
1746.000 0.640
1747.000 0.640
1748.000 0.630
1749.000 0.627
1750.000 0.626
1751.000 0.627
1752.000 0.633
1753.000 0.632
1754.000 0.631
1755.000 0.632
1756.000 0.624
1757.000 0.628
1758.000 0.644
1759.000 0.653
1760.000 0.653
1761.000 0.654
1762.000 0.662
1763.000 0.659
1764.000 0.645
1765.000 0.630
1766.000 0.617
1767.000 0.605
1768.000 0.611
1769.000 0.613
1770.000 0.624
1771.000 0.617
1772.000 0.595
1773.000 0.579
1774.000 0.576
1775.000 0.565
1776.000 0.558
1777.000 0.569
1778.000 0.571
1779.000 0.572
1780.000 0.603
1781.000 0.620
1782.000 0.628
1783.000 0.639
1784.000 0.624
1785.000 0.596
1786.000 0.598
1787.000 0.603
1788.000 0.609
1789.000 0.642
1790.000 0.641
1791.000 0.585
1792.000 0.583
1793.000 0.631
1794.000 0.618
1795.000 0.604
1796.000 0.612
1797.000 0.546
1798.000 0.542
1799.000 0.574
1800.000 0.573
1801.000 0.606
1802.000 0.606
1803.000 0.721
1804.000 0.759
1805.000 0.736
1806.000 0.658
1807.000 0.616
1808.000 0.595
1809.000 0.602
1810.000 0.606
1811.000 0.521
1812.000 0.568
1813.000 0.568
1814.000 0.499
1815.000 0.668
1816.000 0.758
1817.000 0.672
1818.000 0.632
1819.000 0.462
1820.000 0.513
1821.000 0.448
1822.000 0.562
1823.000 0.570
1824.000 0.423
1825.000 0.475
1826.000 0.635
1827.000 0.723
1828.000 0.736
1829.000 0.684
1830.000 0.686
1831.000 0.666
1832.000 0.690
1833.000 0.712
1834.000 0.703
1835.000 0.708
1836.000 0.676
1837.000 0.547
1838.000 0.525
1839.000 0.473
1840.000 0.499
1841.000 0.556
1842.000 0.638
1843.000 0.515
1844.000 0.590
1845.000 0.678
1846.000 0.684
1847.000 0.629
1848.000 0.556
1849.000 0.543
1850.000 0.537
1851.000 0.531
1852.000 0.591
1853.000 0.626
1854.000 0.562
1855.000 0.696
1856.000 0.659
1857.000 0.622
1858.000 0.613
1859.000 0.589
1860.000 0.610
1861.000 0.555
1862.000 0.543
1863.000 0.438
1864.000 0.433
1865.000 0.522
1866.000 0.575
1867.000 0.663
1868.000 0.669
1869.000 0.700
1870.000 0.556
1871.000 0.420
1872.000 0.500
1873.000 0.599
1874.000 0.577
1875.000 0.535
1876.000 0.367
1877.000 0.502
1878.000 0.458
1879.000 0.506
1880.000 0.486
1881.000 0.468
1882.000 0.482
1883.000 0.507
1884.000 0.593
1885.000 0.378
1886.000 0.622
1887.000 0.634
1888.000 0.531
1889.000 0.442
1890.000 0.485
1891.000 0.435
1892.000 0.425
1893.000 0.345
1894.000 0.389
1895.000 0.411
1896.000 0.653
1897.000 0.640
1898.000 0.757
1899.000 0.652
1900.000 0.559
1901.000 0.528
1902.000 0.533
1903.000 0.505
1904.000 0.567
1905.000 0.469
1906.000 0.572
1907.000 0.586
1908.000 0.635
1909.000 0.752
1910.000 0.362
1911.000 0.374
1912.000 0.351
1913.000 0.427
1914.000 0.468
1915.000 0.789
1916.000 0.656
1917.000 0.697
1918.000 0.675
1919.000 0.679
1920.000 0.685
1921.000 0.726
1922.000 0.605
1923.000 0.523
1924.000 0.400
1925.000 0.437
1926.000 0.494
1927.000 0.588
1928.000 0.529
1929.000 0.483
1930.000 0.486
1931.000 0.432
1932.000 0.523
1933.000 0.466
1934.000 0.580
1935.000 0.605
1936.000 0.672
1937.000 0.599
1938.000 0.627
1939.000 0.545
1940.000 0.472
1941.000 0.416
1942.000 0.405
1943.000 0.600
1944.000 0.525
1945.000 0.600
1946.000 0.328
1947.000 0.340
1948.000 0.358
1949.000 0.334
1950.000 0.252
1951.000 0.339
1952.000 0.489
1953.000 0.500
1954.000 0.532
1955.000 0.622
1956.000 0.557
1957.000 0.714
1958.000 0.759
1959.000 0.625
1960.000 0.604
1961.000 0.488
1962.000 0.426
1963.000 0.472
1964.000 0.426
1965.000 0.379
1966.000 0.402
1967.000 0.408
1968.000 0.353
1969.000 0.407
1970.000 0.419
1971.000 0.448
1972.000 0.540
1973.000 0.476
1974.000 0.465
1975.000 0.449
1976.000 0.364
1977.000 0.449
1978.000 0.503
1979.000 0.393
1980.000 0.549
1981.000 0.534
1982.000 0.531
1983.000 0.499
1984.000 0.397
1985.000 0.323
1986.000 0.302
1987.000 0.318
1988.000 0.311
1989.000 0.296
1990.000 0.286
1991.000 0.329
1992.000 0.355
1993.000 0.428
1994.000 0.542
1995.000 0.547
1996.000 0.532
1997.000 0.535
1998.000 0.477
1999.000 0.485
2000.000 0.420
2001.000 0.348
2002.000 0.402
2003.000 0.536
2004.000 0.614
2005.000 0.579
2006.000 0.597
2007.000 0.618
2008.000 0.486
2009.000 0.442
2010.000 0.553
2011.000 0.435
2012.000 0.402
2013.000 0.450
2014.000 0.526
2015.000 0.479
2016.000 0.369
2017.000 0.343
2018.000 0.355
2019.000 0.333
2020.000 0.390
2021.000 0.409
2022.000 0.475
2023.000 0.535
2024.000 0.341
2025.000 0.420
2026.000 0.486
2027.000 0.535
2028.000 0.580
2029.000 0.550
2030.000 0.410
2031.000 0.393
2032.000 0.398
2033.000 0.405
2034.000 0.455
2035.000 0.494
2036.000 0.382
2037.000 0.345
2038.000 0.341
2039.000 0.299
2040.000 0.311
2041.000 0.336
2042.000 0.337
2043.000 0.312
2044.000 0.316
2045.000 0.333
2046.000 0.338
2047.000 0.346
2048.000 0.354
2049.000 0.354
2050.000 0.345
2051.000 0.342
2052.000 0.338
2053.000 0.334
2054.000 0.384
2055.000 0.388
2056.000 0.368
2057.000 0.374
2058.000 0.408
2059.000 0.429
2060.000 0.483
2061.000 0.506
2062.000 0.568
2063.000 0.549
2064.000 0.502
2065.000 0.559
2066.000 0.544
2067.000 0.479
2068.000 0.488
2069.000 0.457
2070.000 0.439
2071.000 0.472
2072.000 0.473
2073.000 0.460
2074.000 0.443
2075.000 0.423
2076.000 0.415
2077.000 0.404
2078.000 0.402
2079.000 0.409
2080.000 0.410
2081.000 0.406
2082.000 0.409
2083.000 0.430
2084.000 0.436
2085.000 0.400
2086.000 0.402
2087.000 0.399
2088.000 0.380
2089.000 0.386
2090.000 0.426
2091.000 0.449
2092.000 0.528
2093.000 0.494
2094.000 0.482
2095.000 0.472
2096.000 0.468
2097.000 0.475
2098.000 0.485
2099.000 0.494
2100.000 0.471
2101.000 0.436
2102.000 0.421
2103.000 0.441
2104.000 0.442
2105.000 0.471
2106.000 0.457
2107.000 0.416
2108.000 0.402
2109.000 0.382
2110.000 0.379
2111.000 0.392
2112.000 0.393
2113.000 0.405
2114.000 0.406
2115.000 0.393
2116.000 0.392
2117.000 0.395
2118.000 0.394
2119.000 0.395
2120.000 0.406
2121.000 0.439
2122.000 0.449
2123.000 0.462
2124.000 0.489
2125.000 0.499
2126.000 0.495
2127.000 0.478
2128.000 0.446
2129.000 0.432
2130.000 0.418
2131.000 0.402
2132.000 0.392
2133.000 0.394
2134.000 0.403
2135.000 0.402
2136.000 0.403
2137.000 0.407
2138.000 0.405
2139.000 0.386
2140.000 0.383
2141.000 0.390
2142.000 0.399
2143.000 0.415
2144.000 0.429
2145.000 0.457
2146.000 0.467
2147.000 0.454
2148.000 0.452
2149.000 0.441
2150.000 0.443
2151.000 0.453
2152.000 0.462
2153.000 0.487
2154.000 0.501
2155.000 0.524
2156.000 0.507
2157.000 0.491
2158.000 0.494
2159.000 0.466
2160.000 0.463
2161.000 0.462
2162.000 0.466
2163.000 0.460
2164.000 0.461
2165.000 0.461
2166.000 0.448
2167.000 0.444
2168.000 0.454
2169.000 0.454
2170.000 0.453
2171.000 0.445
2172.000 0.428
2173.000 0.414
2174.000 0.391
2175.000 0.381
2176.000 0.372
2177.000 0.383
2178.000 0.404
2179.000 0.413
2180.000 0.423
2181.000 0.441
2182.000 0.445
2183.000 0.459
2184.000 0.486
2185.000 0.544
2186.000 0.554
2187.000 0.578
2188.000 0.556
2189.000 0.520
2190.000 0.492
2191.000 0.427
2192.000 0.425
2193.000 0.455
2194.000 0.472
2195.000 0.499
2196.000 0.511
2197.000 0.512
2198.000 0.515
2199.000 0.501
2200.000 0.499
2201.000 0.508
2202.000 0.514
2203.000 0.483
2204.000 0.505
2205.000 0.472
2206.000 0.444
2207.000 0.449
2208.000 0.418
2209.000 0.416
2210.000 0.432
2211.000 0.440
2212.000 0.457
2213.000 0.456
2214.000 0.431
2215.000 0.432
2216.000 0.439
2217.000 0.442
2218.000 0.458
2219.000 0.468
2220.000 0.463
2221.000 0.461
2222.000 0.466
2223.000 0.462
2224.000 0.452
2225.000 0.447
2226.000 0.447
2227.000 0.438
2228.000 0.440
2229.000 0.433
2230.000 0.419
2231.000 0.418
2232.000 0.429
2233.000 0.437
2234.000 0.455
2235.000 0.482
2236.000 0.449
2237.000 0.441
2238.000 0.437
2239.000 0.419
2240.000 0.415
2241.000 0.423
2242.000 0.425
2243.000 0.421
2244.000 0.416
2245.000 0.420
2246.000 0.422
2247.000 0.423
2248.000 0.417
2249.000 0.401
2250.000 0.397
2251.000 0.391
2252.000 0.396
2253.000 0.430
2254.000 0.439
2255.000 0.421
2256.000 0.428
2257.000 0.445
2258.000 0.446
2259.000 0.453
2260.000 0.477
2261.000 0.466
2262.000 0.436
2263.000 0.427
2264.000 0.435
2265.000 0.433
2266.000 0.449
2267.000 0.455
2268.000 0.439
2269.000 0.445
2270.000 0.439
2271.000 0.425
2272.000 0.437
2273.000 0.447
2274.000 0.460
2275.000 0.467
2276.000 0.497
2277.000 0.479
2278.000 0.434
2279.000 0.406
2280.000 0.350
2281.000 0.339
2282.000 0.352
2283.000 0.358
2284.000 0.399
2285.000 0.410
2286.000 0.385
2287.000 0.398
2288.000 0.460
2289.000 0.484
2290.000 0.512
2291.000 0.549
2292.000 0.463
2293.000 0.418
2294.000 0.378
2295.000 0.354
2296.000 0.332
2297.000 0.356
2298.000 0.330
2299.000 0.330
2300.000 0.311
2301.000 0.324
2302.000 0.344
2303.000 0.376
2304.000 0.440
2305.000 0.495
2306.000 0.459
2307.000 0.441
2308.000 0.637
2309.000 0.621
2310.000 0.603
2311.000 0.617
2312.000 0.527
2313.000 0.558
2314.000 0.496
2315.000 0.501
2316.000 0.530
2317.000 0.537
2318.000 0.525
2319.000 0.471
2320.000 0.438
2321.000 0.445
2322.000 0.491
2323.000 0.471
2324.000 0.519
2325.000 0.558
2326.000 0.511
2327.000 0.538
2328.000 0.540
2329.000 0.475
2330.000 0.424
2331.000 0.357
2332.000 0.305
2333.000 0.322
2334.000 0.290
2335.000 0.349
2336.000 0.385
2337.000 0.555
2338.000 0.479
2339.000 0.407
2340.000 0.437
2341.000 0.465
2342.000 0.506
2343.000 0.381
2344.000 0.336
2345.000 0.269
2346.000 0.272
2347.000 0.296
2348.000 0.276
2349.000 0.365
2350.000 0.268
2351.000 0.404
2352.000 0.464
2353.000 0.480
2354.000 0.489
2355.000 0.510
2356.000 0.457
2357.000 0.437
2358.000 0.421
2359.000 0.367
2360.000 0.458
2361.000 0.639
2362.000 0.457
2363.000 0.349
2364.000 0.253
2365.000 0.248
2366.000 0.309
2367.000 0.342
2368.000 0.346
2369.000 0.425
2370.000 0.451
2371.000 0.533
2372.000 0.563
2373.000 0.625
2374.000 0.488
2375.000 0.657
2376.000 0.623
2377.000 0.413
2378.000 0.412
2379.000 0.412
2380.000 0.491
2381.000 0.511
2382.000 0.544
2383.000 0.457
2384.000 0.506
2385.000 0.431
2386.000 0.347
2387.000 0.272
2388.000 0.325
2389.000 0.313
2390.000 0.368
2391.000 0.406
2392.000 0.647
2393.000 0.430
2394.000 0.441
2395.000 0.513
2396.000 0.409
2397.000 0.351
2398.000 0.250
2399.000 0.265
2400.000 0.396
2401.000 0.383
2402.000 0.386
2403.000 0.481
2404.000 0.726
2405.000 0.575
2406.000 0.192
2407.000 0.481
2408.000 0.376
2409.000 0.526
2410.000 0.449
2411.000 0.474
2412.000 0.401
2413.000 0.399
2414.000 0.431
2415.000 0.596
2416.000 0.262
2417.000 0.491
2418.000 0.499
2419.000 0.534
2420.000 0.481
2421.000 0.280
2422.000 0.340
2423.000 0.693
2424.000 0.743
2425.000 0.676
2426.000 0.630
2427.000 0.583
2428.000 0.479
2429.000 0.461
2430.000 0.490
2431.000 0.500
2432.000 0.517
2433.000 0.572
2434.000 0.479
2435.000 0.485
2436.000 0.719
2437.000 0.545
2438.000 0.515
2439.000 0.377
2440.000 0.459
2441.000 0.670
2442.000 0.589
2443.000 0.267
2444.000 0.233
2445.000 0.249
2446.000 0.419
2447.000 0.360
2448.000 0.425
2449.000 0.495
2450.000 0.403
2451.000 0.450
2452.000 0.359
2453.000 0.443
2454.000 0.530
2455.000 0.448
2456.000 0.275
2457.000 0.393
2458.000 0.275
2459.000 0.482
2460.000 0.412
2461.000 0.392
2462.000 0.488
2463.000 0.501
2464.000 0.513
2465.000 0.431
2466.000 0.322
2467.000 0.464
2468.000 0.677
2469.000 0.406
2470.000 0.357
2471.000 0.320
2472.000 0.208
2473.000 0.159
2474.000 0.243
2475.000 0.541
2476.000 0.273
2477.000 0.477
2478.000 0.469
2479.000 0.489
2480.000 0.349
2481.000 0.671
2482.000 0.443
2483.000 0.448
2484.000 0.246
2485.000 0.346
2486.000 0.462
2487.000 0.598
2488.000 0.513
2489.000 0.398
2490.000 0.456
2491.000 0.402
2492.000 0.381
2493.000 0.375
2494.000 0.438
2495.000 0.591
2496.000 0.619
2497.000 0.557
2498.000 0.573
2499.000 0.374
2500.000 0.391
