391.000 0.060
392.000 0.059
393.000 0.052
394.000 0.054
395.000 0.062
396.000 0.066
397.000 0.064
398.000 0.061
399.000 0.062
400.000 0.062
401.000 0.057
402.000 0.056
403.000 0.055
404.000 0.054
405.000 0.054
406.000 0.054
407.000 0.057
408.000 0.062
409.000 0.059
410.000 0.059
411.000 0.059
412.000 0.060
413.000 0.060
414.000 0.060
415.000 0.060
416.000 0.060
417.000 0.060
418.000 0.060
419.000 0.060
420.000 0.058
421.000 0.060
422.000 0.061
423.000 0.058
424.000 0.056
425.000 0.059
426.000 0.061
427.000 0.060
428.000 0.062
429.000 0.064
430.000 0.064
431.000 0.063
432.000 0.062
433.000 0.063
434.000 0.062
435.000 0.063
436.000 0.061
437.000 0.058
438.000 0.058
439.000 0.061
440.000 0.061
441.000 0.060
442.000 0.062
443.000 0.062
444.000 0.062
445.000 0.064
446.000 0.065
447.000 0.065
448.000 0.064
449.000 0.065
450.000 0.064
451.000 0.064
452.000 0.064
453.000 0.062
454.000 0.063
455.000 0.064
456.000 0.064
457.000 0.065
458.000 0.065
459.000 0.065
460.000 0.066
461.000 0.066
462.000 0.065
463.000 0.064
464.000 0.065
465.000 0.067
466.000 0.067
467.000 0.068
468.000 0.065
469.000 0.064
470.000 0.066
471.000 0.066
472.000 0.066
473.000 0.066
474.000 0.066
475.000 0.068
476.000 0.067
477.000 0.067
478.000 0.069
479.000 0.068
480.000 0.069
481.000 0.071
482.000 0.069
483.000 0.067
484.000 0.067
485.000 0.070
486.000 0.069
487.000 0.069
488.000 0.070
489.000 0.070
490.000 0.071
491.000 0.071
492.000 0.070
493.000 0.071
494.000 0.071
495.000 0.069
496.000 0.068
497.000 0.073
498.000 0.073
499.000 0.072
500.000 0.073
501.000 0.075
502.000 0.075
503.000 0.075
504.000 0.076
505.000 0.078
506.000 0.080
507.000 0.082
508.000 0.082
509.000 0.084
510.000 0.086
511.000 0.087
512.000 0.090
513.000 0.091
514.000 0.092
515.000 0.094
516.000 0.097
517.000 0.102
518.000 0.103
519.000 0.105
520.000 0.108
521.000 0.112
522.000 0.115
523.000 0.118
524.000 0.121
525.000 0.125
526.000 0.128
527.000 0.131
528.000 0.134
529.000 0.136
530.000 0.138
531.000 0.140
532.000 0.143
533.000 0.144
534.000 0.146
535.000 0.147
536.000 0.149
537.000 0.149
538.000 0.150
539.000 0.151
540.000 0.152
541.000 0.153
542.000 0.155
543.000 0.155
544.000 0.154
545.000 0.153
546.000 0.153
547.000 0.154
548.000 0.156
549.000 0.157
550.000 0.158
551.000 0.157
552.000 0.157
553.000 0.157
554.000 0.157
555.000 0.157
556.000 0.156
557.000 0.155
558.000 0.155
559.000 0.154
560.000 0.153
561.000 0.153
562.000 0.149
563.000 0.149
564.000 0.148
565.000 0.146
566.000 0.145
567.000 0.144
568.000 0.142
569.000 0.138
570.000 0.137
571.000 0.136
572.000 0.132
573.000 0.131
574.000 0.131
575.000 0.131
576.000 0.128
577.000 0.126
578.000 0.124
579.000 0.124
580.000 0.124
581.000 0.123
582.000 0.123
583.000 0.121
584.000 0.119
585.000 0.119
586.000 0.119
587.000 0.117
588.000 0.115
589.000 0.117
590.000 0.118
591.000 0.116
592.000 0.114
593.000 0.113
594.000 0.113
595.000 0.112
596.000 0.113
597.000 0.113
598.000 0.110
599.000 0.110
600.000 0.111
601.000 0.111
602.000 0.111
603.000 0.110
604.000 0.109
605.000 0.109
606.000 0.110
607.000 0.109
608.000 0.106
609.000 0.108
610.000 0.109
611.000 0.108
612.000 0.107
613.000 0.104
614.000 0.103
615.000 0.104
616.000 0.104
617.000 0.103
618.000 0.102
619.000 0.103
620.000 0.103
621.000 0.101
622.000 0.100
623.000 0.101
624.000 0.101
625.000 0.101
626.000 0.100
627.000 0.100
628.000 0.101
629.000 0.102
630.000 0.100
631.000 0.101
632.000 0.101
633.000 0.100
634.000 0.098
635.000 0.098
636.000 0.099
637.000 0.097
638.000 0.095
639.000 0.095
640.000 0.097
641.000 0.095
642.000 0.093
643.000 0.093
644.000 0.094
645.000 0.093
646.000 0.092
647.000 0.091
648.000 0.090
649.000 0.090
650.000 0.091
651.000 0.091
652.000 0.093
653.000 0.091
654.000 0.089
655.000 0.088
656.000 0.091
657.000 0.093
658.000 0.091
659.000 0.089
660.000 0.091
661.000 0.093
662.000 0.091
663.000 0.087
664.000 0.087
665.000 0.089
666.000 0.092
667.000 0.089
668.000 0.090
669.000 0.092
670.000 0.089
671.000 0.091
672.000 0.093
673.000 0.092
674.000 0.092
675.000 0.095
676.000 0.099
677.000 0.100
678.000 0.100
679.000 0.101
680.000 0.103
681.000 0.102
682.000 0.101
683.000 0.103
684.000 0.107
685.000 0.109
686.000 0.112
687.000 0.115
688.000 0.115
689.000 0.114
690.000 0.117
691.000 0.122
692.000 0.128
693.000 0.131
694.000 0.136
695.000 0.143
696.000 0.151
697.000 0.159
698.000 0.167
699.000 0.175
700.000 0.185
701.000 0.194
702.000 0.204
703.000 0.214
704.000 0.224
705.000 0.234
706.000 0.243
707.000 0.253
708.000 0.263
709.000 0.272
710.000 0.282
711.000 0.292
712.000 0.302
713.000 0.312
714.000 0.322
715.000 0.331
716.000 0.341
717.000 0.352
718.000 0.362
719.000 0.374
720.000 0.384
721.000 0.394
722.000 0.403
723.000 0.412
724.000 0.421
725.000 0.431
726.000 0.440
727.000 0.449
728.000 0.458
729.000 0.466
730.000 0.474
731.000 0.478
732.000 0.485
733.000 0.492
734.000 0.497
735.000 0.504
736.000 0.509
737.000 0.515
738.000 0.519
739.000 0.524
740.000 0.529
741.000 0.533
742.000 0.537
743.000 0.540
744.000 0.543
745.000 0.547
746.000 0.550
747.000 0.553
748.000 0.555
749.000 0.558
750.000 0.557
751.000 0.559
752.000 0.561
753.000 0.563
754.000 0.564
755.000 0.566
756.000 0.567
757.000 0.569
758.000 0.570
759.000 0.571
760.000 0.572
761.000 0.575
762.000 0.577
763.000 0.578
764.000 0.578
765.000 0.579
766.000 0.579
767.000 0.579
768.000 0.580
769.000 0.580
770.000 0.581
771.000 0.581
772.000 0.582
773.000 0.582
774.000 0.583
775.000 0.583
776.000 0.584
777.000 0.585
778.000 0.585
779.000 0.586
780.000 0.586
781.000 0.587
782.000 0.587
783.000 0.588
784.000 0.588
785.000 0.589
786.000 0.589
787.000 0.590
788.000 0.591
789.000 0.591
790.000 0.592
791.000 0.592
792.000 0.592
793.000 0.593
794.000 0.593
795.000 0.594
796.000 0.595
797.000 0.595
798.000 0.595
799.000 0.596
800.000 0.596
801.000 0.597
802.000 0.597
803.000 0.598
804.000 0.598
805.000 0.598
806.000 0.599
807.000 0.599
808.000 0.600
809.000 0.600
810.000 0.601
811.000 0.601
812.000 0.602
813.000 0.602
814.000 0.604
815.000 0.604
816.000 0.605
817.000 0.605
818.000 0.605
819.000 0.605
820.000 0.606
821.000 0.606
822.000 0.607
823.000 0.607
824.000 0.607
825.000 0.608
826.000 0.608
827.000 0.609
828.000 0.609
829.000 0.609
830.000 0.609
831.000 0.609
832.000 0.609
833.000 0.610
834.000 0.610
835.000 0.610
836.000 0.611
837.000 0.611
838.000 0.611
839.000 0.611
840.000 0.611
841.000 0.612
842.000 0.612
843.000 0.612
844.000 0.612
845.000 0.612
846.000 0.613
847.000 0.613
848.000 0.613
849.000 0.614
850.000 0.614
851.000 0.614
852.000 0.615
853.000 0.615
854.000 0.615
855.000 0.615
856.000 0.616
857.000 0.616
858.000 0.616
859.000 0.616
860.000 0.617
861.000 0.617
862.000 0.618
863.000 0.617
864.000 0.618
865.000 0.618
866.000 0.618
867.000 0.618
868.000 0.619
869.000 0.619
870.000 0.620
871.000 0.619
872.000 0.620
873.000 0.620
874.000 0.620
875.000 0.621
876.000 0.621
877.000 0.621
878.000 0.622
879.000 0.622
880.000 0.622
881.000 0.623
882.000 0.623
883.000 0.623
884.000 0.623
885.000 0.623
886.000 0.624
887.000 0.625
888.000 0.625
889.000 0.626
890.000 0.626
891.000 0.626
892.000 0.627
893.000 0.627
894.000 0.628
895.000 0.628
896.000 0.629
897.000 0.630
898.000 0.630
899.000 0.630
900.000 0.631
901.000 0.631
902.000 0.632
903.000 0.632
904.000 0.633
905.000 0.633
906.000 0.633
907.000 0.634
908.000 0.633
909.000 0.633
910.000 0.633
911.000 0.634
912.000 0.634
913.000 0.636
914.000 0.636
915.000 0.635
916.000 0.636
917.000 0.636
918.000 0.636
919.000 0.636
920.000 0.635
921.000 0.637
922.000 0.637
923.000 0.636
924.000 0.637
925.000 0.637
926.000 0.638
927.000 0.640
928.000 0.638
929.000 0.638
930.000 0.629
931.000 0.630
932.000 0.630
933.000 0.629
934.000 0.628
935.000 0.631
936.000 0.632
937.000 0.632
938.000 0.632
939.000 0.630
940.000 0.630
941.000 0.629
942.000 0.629
943.000 0.629
944.000 0.630
945.000 0.631
946.000 0.629
947.000 0.627
948.000 0.629
949.000 0.628
950.000 0.626
951.000 0.625
952.000 0.627
953.000 0.627
954.000 0.626
955.000 0.627
956.000 0.628
957.000 0.625
958.000 0.624
959.000 0.627
960.000 0.627
961.000 0.633
962.000 0.634
963.000 0.635
964.000 0.634
965.000 0.636
966.000 0.636
967.000 0.633
968.000 0.633
969.000 0.633
970.000 0.633
971.000 0.634
972.000 0.634
973.000 0.634
974.000 0.633
975.000 0.633
976.000 0.635
977.000 0.635
978.000 0.635
979.000 0.636
980.000 0.637
981.000 0.635
982.000 0.633
983.000 0.635
984.000 0.635
985.000 0.634
986.000 0.634
987.000 0.635
988.000 0.635
989.000 0.635
990.000 0.636
991.000 0.637
992.000 0.635
993.000 0.637
994.000 0.637
995.000 0.638
996.000 0.640
997.000 0.639
998.000 0.638
999.000 0.639
1000.000 0.640
1001.000 0.641
1002.000 0.641
1003.000 0.640
1004.000 0.641
1005.000 0.642
1006.000 0.642
1007.000 0.643
1008.000 0.643
1009.000 0.643
1010.000 0.644
1011.000 0.643
1012.000 0.644
1013.000 0.644
1014.000 0.645
1015.000 0.645
1016.000 0.647
1017.000 0.648
1018.000 0.648
1019.000 0.649
1020.000 0.651
1021.000 0.650
1022.000 0.649
1023.000 0.650
1024.000 0.649
1025.000 0.649
1026.000 0.650
1027.000 0.650
1028.000 0.651
1029.000 0.653
1030.000 0.654
1031.000 0.654
1032.000 0.655
1033.000 0.656
1034.000 0.657
1035.000 0.659
1036.000 0.660
1037.000 0.659
1038.000 0.659
1039.000 0.659
1040.000 0.658
1041.000 0.658
1042.000 0.657
1043.000 0.659
1044.000 0.659
1045.000 0.660
1046.000 0.661
1047.000 0.661
1048.000 0.661
1049.000 0.662
1050.000 0.662
1051.000 0.661
1052.000 0.661
1053.000 0.662
1054.000 0.662
1055.000 0.662
1056.000 0.662
1057.000 0.662
1058.000 0.661
1059.000 0.661
1060.000 0.661
1061.000 0.662
1062.000 0.662
1063.000 0.662
1064.000 0.662
1065.000 0.663
1066.000 0.663
1067.000 0.664
1068.000 0.665
1069.000 0.665
1070.000 0.664
1071.000 0.663
1072.000 0.664
1073.000 0.665
1074.000 0.665
1075.000 0.666
1076.000 0.666
1077.000 0.666
1078.000 0.666
1079.000 0.666
1080.000 0.666
1081.000 0.666
1082.000 0.666
1083.000 0.665
1084.000 0.665
1085.000 0.665
1086.000 0.665
1087.000 0.666
1088.000 0.667
1089.000 0.668
1090.000 0.667
1091.000 0.668
1092.000 0.668
1093.000 0.668
1094.000 0.668
1095.000 0.669
1096.000 0.668
1097.000 0.668
1098.000 0.668
1099.000 0.665
1100.000 0.657
1101.000 0.658
1102.000 0.658
1103.000 0.659
1104.000 0.659
1105.000 0.660
1106.000 0.660
1107.000 0.660
1108.000 0.660
1109.000 0.660
1110.000 0.659
1111.000 0.659
1112.000 0.659
1113.000 0.659
1114.000 0.659
1115.000 0.659
1116.000 0.659
1117.000 0.660
1118.000 0.662
1119.000 0.664
1120.000 0.664
1121.000 0.665
1122.000 0.667
1123.000 0.666
1124.000 0.663
1125.000 0.664
1126.000 0.665
1127.000 0.666
1128.000 0.670
1129.000 0.670
1130.000 0.668
1131.000 0.665
1132.000 0.661
1133.000 0.657
1134.000 0.655
1135.000 0.654
1136.000 0.654
1137.000 0.654
1138.000 0.655
1139.000 0.655
1140.000 0.655
1141.000 0.655
1142.000 0.654
1143.000 0.651
1144.000 0.648
1145.000 0.645
1146.000 0.642
1147.000 0.642
1148.000 0.644
1149.000 0.644
1150.000 0.643
1151.000 0.641
1152.000 0.637
1153.000 0.633
1154.000 0.633
1155.000 0.632
1156.000 0.639
1157.000 0.642
1158.000 0.640
1159.000 0.640
1160.000 0.640
1161.000 0.641
1162.000 0.641
1163.000 0.641
1164.000 0.639
1165.000 0.639
1166.000 0.638
1167.000 0.638
1168.000 0.638
1169.000 0.637
1170.000 0.637
1171.000 0.637
1172.000 0.637
1173.000 0.638
1174.000 0.638
1175.000 0.639
1176.000 0.640
1177.000 0.640
1178.000 0.640
1179.000 0.639
1180.000 0.638
1181.000 0.637
1182.000 0.636
1183.000 0.637
1184.000 0.637
1185.000 0.637
1186.000 0.636
1187.000 0.638
1188.000 0.637
1189.000 0.637
1190.000 0.637
1191.000 0.638
1192.000 0.638
1193.000 0.638
1194.000 0.638
1195.000 0.638
1196.000 0.636
1197.000 0.636
1198.000 0.637
1199.000 0.637
1200.000 0.638
1201.000 0.638
1202.000 0.638
1203.000 0.638
1204.000 0.638
1205.000 0.638
1206.000 0.637
1207.000 0.637
1208.000 0.637
1209.000 0.637
1210.000 0.637
1211.000 0.638
1212.000 0.639
1213.000 0.640
1214.000 0.640
1215.000 0.640
1216.000 0.641
1217.000 0.641
1218.000 0.641
1219.000 0.642
1220.000 0.642
1221.000 0.642
1222.000 0.642
1223.000 0.641
1224.000 0.641
1225.000 0.643
1226.000 0.644
1227.000 0.644
1228.000 0.645
1229.000 0.645
1230.000 0.645
1231.000 0.646
1232.000 0.646
1233.000 0.647
1234.000 0.647
1235.000 0.647
1236.000 0.647
1237.000 0.648
1238.000 0.649
1239.000 0.649
1240.000 0.649
1241.000 0.649
1242.000 0.650
1243.000 0.650
1244.000 0.650
1245.000 0.651
1246.000 0.650
1247.000 0.651
1248.000 0.651
1249.000 0.651
1250.000 0.652
1251.000 0.652
1252.000 0.653
1253.000 0.653
1254.000 0.653
1255.000 0.653
1256.000 0.654
1257.000 0.654
1258.000 0.654
1259.000 0.655
1260.000 0.656
1261.000 0.656
1262.000 0.657
1263.000 0.657
1264.000 0.658
1265.000 0.657
1266.000 0.657
1267.000 0.657
1268.000 0.657
1269.000 0.657
1270.000 0.658
1271.000 0.659
1272.000 0.659
1273.000 0.659
1274.000 0.659
1275.000 0.659
1276.000 0.658
1277.000 0.658
1278.000 0.657
1279.000 0.657
1280.000 0.658
1281.000 0.657
1282.000 0.657
1283.000 0.657
1284.000 0.656
1285.000 0.656
1286.000 0.657
1287.000 0.657
1288.000 0.657
1289.000 0.657
1290.000 0.657
1291.000 0.657
1292.000 0.657
1293.000 0.656
1294.000 0.655
1295.000 0.655
1296.000 0.654
1297.000 0.653
1298.000 0.653
1299.000 0.652
1300.000 0.652
1301.000 0.650
1302.000 0.650
1303.000 0.649
1304.000 0.648
1305.000 0.646
1306.000 0.645
1307.000 0.645
1308.000 0.644
1309.000 0.643
1310.000 0.642
1311.000 0.641
1312.000 0.640
1313.000 0.638
1314.000 0.637
1315.000 0.635
1316.000 0.633
1317.000 0.633
1318.000 0.632
1319.000 0.631
1320.000 0.629
1321.000 0.629
1322.000 0.629
1323.000 0.628
1324.000 0.626
1325.000 0.624
1326.000 0.620
1327.000 0.618
1328.000 0.616
1329.000 0.614
1330.000 0.614
1331.000 0.614
1332.000 0.614
1333.000 0.613
1334.000 0.611
1335.000 0.610
1336.000 0.607
1337.000 0.605
1338.000 0.604
1339.000 0.602
1340.000 0.598
1341.000 0.596
1342.000 0.592
1343.000 0.590
1344.000 0.595
1345.000 0.597
1346.000 0.599
1347.000 0.600
1348.000 0.596
1349.000 0.575
1350.000 0.571
1351.000 0.576
1352.000 0.575
1353.000 0.581
1354.000 0.586
1355.000 0.587
1356.000 0.573
1357.000 0.578
1358.000 0.546
1359.000 0.626
1360.000 0.527
1361.000 0.451
1362.000 0.393
1363.000 0.299
1364.000 0.241
1365.000 0.189
1366.000 0.220
1367.000 0.170
1368.000 0.179
1369.000 0.210
1370.000 0.345
1371.000 0.416
1372.000 0.582
1373.000 0.515
1374.000 0.458
1375.000 0.398
1376.000 0.345
1377.000 0.305
1378.000 0.193
1379.000 0.238
1380.000 0.269
1381.000 0.549
1382.000 0.484
1383.000 0.676
1384.000 0.408
1385.000 0.375
1386.000 0.447
1387.000 0.346
1388.000 0.379
1389.000 0.324
1390.000 0.249
1391.000 0.208
1392.000 0.296
1393.000 0.337
1394.000 0.352
1395.000 0.363
1396.000 0.277
1397.000 0.184
1398.000 0.159
1399.000 0.172
1400.000 0.254
1401.000 0.336
1402.000 0.353
1403.000 0.374
1404.000 0.279
1405.000 0.280
1406.000 0.325
1407.000 0.326
1408.000 0.336
1409.000 0.375
1410.000 0.395
1411.000 0.403
1412.000 0.449
1413.000 0.455
1414.000 0.443
1415.000 0.308
1416.000 0.345
1417.000 0.331
1418.000 0.324
1419.000 0.298
1420.000 0.248
1421.000 0.267
1422.000 0.253
1423.000 0.228
1424.000 0.216
1425.000 0.319
1426.000 0.282
1427.000 0.282
1428.000 0.265
1429.000 0.305
1430.000 0.435
1431.000 0.362
1432.000 0.369
1433.000 0.365
1434.000 0.371
1435.000 0.326
1436.000 0.313
1437.000 0.286
1438.000 0.313
1439.000 0.273
1440.000 0.282
1441.000 0.299
1442.000 0.290
1443.000 0.278
1444.000 0.293
1445.000 0.307
1446.000 0.294
1447.000 0.291
1448.000 0.278
1449.000 0.248
1450.000 0.245
1451.000 0.252
1452.000 0.250
1453.000 0.251
1454.000 0.255
1455.000 0.253
1456.000 0.259
1457.000 0.260
1458.000 0.253
1459.000 0.252
1460.000 0.262
1461.000 0.261
1462.000 0.250
1463.000 0.252
1464.000 0.256
1465.000 0.259
1466.000 0.265
1467.000 0.265
1468.000 0.264
1469.000 0.265
1470.000 0.271
1471.000 0.275
1472.000 0.286
1473.000 0.287
1474.000 0.280
1475.000 0.274
1476.000 0.262
1477.000 0.258
1478.000 0.253
1479.000 0.246
1480.000 0.249
1481.000 0.248
1482.000 0.239
1483.000 0.241
1484.000 0.244
1485.000 0.251
1486.000 0.268
1487.000 0.276
1488.000 0.285
1489.000 0.288
1490.000 0.281
1491.000 0.280
1492.000 0.277
1493.000 0.276
1494.000 0.278
1495.000 0.279
1496.000 0.280
1497.000 0.281
1498.000 0.280
1499.000 0.283
1500.000 0.287
1501.000 0.287
1502.000 0.289
1503.000 0.288
1504.000 0.288
1505.000 0.291
1506.000 0.294
1507.000 0.298
1508.000 0.300
1509.000 0.303
1510.000 0.305
1511.000 0.306
1512.000 0.308
1513.000 0.308
1514.000 0.311
1515.000 0.313
1516.000 0.315
1517.000 0.317
1518.000 0.320
1519.000 0.321
1520.000 0.324
1521.000 0.328
1522.000 0.330
1523.000 0.333
1524.000 0.335
1525.000 0.335
1526.000 0.336
1527.000 0.335
1528.000 0.336
1529.000 0.336
1530.000 0.339
1531.000 0.343
1532.000 0.346
1533.000 0.351
1534.000 0.354
1535.000 0.355
1536.000 0.356
1537.000 0.356
1538.000 0.357
1539.000 0.358
1540.000 0.359
1541.000 0.359
1542.000 0.360
1543.000 0.364
1544.000 0.366
1545.000 0.370
1546.000 0.373
1547.000 0.373
1548.000 0.373
1549.000 0.372
1550.000 0.372
1551.000 0.373
1552.000 0.374
1553.000 0.375
1554.000 0.378
1555.000 0.382
1556.000 0.385
1557.000 0.387
1558.000 0.389
1559.000 0.391
1560.000 0.392
1561.000 0.393
1562.000 0.393
1563.000 0.390
1564.000 0.391
1565.000 0.395
1566.000 0.397
1567.000 0.400
1568.000 0.403
1569.000 0.404
1570.000 0.405
1571.000 0.408
1572.000 0.409
1573.000 0.410
1574.000 0.411
1575.000 0.413
1576.000 0.415
1577.000 0.416
1578.000 0.418
1579.000 0.420
1580.000 0.422
1581.000 0.423
1582.000 0.424
1583.000 0.423
1584.000 0.423
1585.000 0.422
1586.000 0.423
1587.000 0.425
1588.000 0.426
1589.000 0.429
1590.000 0.431
1591.000 0.434
1592.000 0.437
1593.000 0.440
1594.000 0.442
1595.000 0.441
1596.000 0.443
1597.000 0.443
1598.000 0.443
1599.000 0.446
1600.000 0.447
1601.000 0.449
1602.000 0.445
1603.000 0.445
1604.000 0.446
1605.000 0.448
1606.000 0.448
1607.000 0.448
1608.000 0.448
1609.000 0.448
1610.000 0.448
1611.000 0.448
1612.000 0.449
1613.000 0.449
1614.000 0.450
1615.000 0.449
1616.000 0.451
1617.000 0.456
1618.000 0.458
1619.000 0.461
1620.000 0.463
1621.000 0.463
1622.000 0.463
1623.000 0.464
1624.000 0.465
1625.000 0.465
1626.000 0.466
1627.000 0.467
1628.000 0.468
1629.000 0.470
1630.000 0.471
1631.000 0.471
1632.000 0.471
1633.000 0.469
1634.000 0.469
1635.000 0.473
1636.000 0.473
1637.000 0.474
1638.000 0.474
1639.000 0.471
1640.000 0.471
1641.000 0.473
1642.000 0.473
1643.000 0.476
1644.000 0.478
1645.000 0.478
1646.000 0.478
1647.000 0.476
1648.000 0.475
1649.000 0.474
1650.000 0.474
1651.000 0.477
1652.000 0.478
1653.000 0.479
1654.000 0.480
1655.000 0.478
1656.000 0.479
1657.000 0.480
1658.000 0.481
1659.000 0.481
1660.000 0.482
1661.000 0.483
1662.000 0.483
1663.000 0.482
1664.000 0.482
1665.000 0.480
1666.000 0.480
1667.000 0.481
1668.000 0.481
1669.000 0.482
1670.000 0.482
1671.000 0.483
1672.000 0.484
1673.000 0.485
1674.000 0.485
1675.000 0.483
1676.000 0.482
1677.000 0.480
1678.000 0.480
1679.000 0.480
1680.000 0.481
1681.000 0.487
1682.000 0.489
1683.000 0.491
1684.000 0.490
1685.000 0.485
1686.000 0.482
1687.000 0.481
1688.000 0.479
1689.000 0.479
1690.000 0.479
1691.000 0.481
1692.000 0.482
1693.000 0.481
1694.000 0.481
1695.000 0.480
1696.000 0.480
1697.000 0.479
1698.000 0.480
1699.000 0.483
1700.000 0.484
1701.000 0.487
1702.000 0.487
1703.000 0.483
1704.000 0.482
1705.000 0.482
1706.000 0.482
1707.000 0.484
1708.000 0.482
1709.000 0.477
1710.000 0.474
1711.000 0.469
1712.000 0.468
1713.000 0.470
1714.000 0.472
1715.000 0.473
1716.000 0.472
1717.000 0.472
1718.000 0.471
1719.000 0.469
1720.000 0.469
1721.000 0.470
1722.000 0.467
1723.000 0.468
1724.000 0.470
1725.000 0.470
1726.000 0.472
1727.000 0.475
1728.000 0.473
1729.000 0.471
1730.000 0.469
1731.000 0.466
1732.000 0.465
1733.000 0.464
1734.000 0.463
1735.000 0.462
1736.000 0.462
1737.000 0.460
1738.000 0.456
1739.000 0.454
1740.000 0.453
1741.000 0.452
1742.000 0.454
1743.000 0.455
1744.000 0.457
1745.000 0.457
1746.000 0.464
1747.000 0.462
1748.000 0.451
1749.000 0.446
1750.000 0.440
1751.000 0.436
1752.000 0.438
1753.000 0.436
1754.000 0.433
1755.000 0.432
1756.000 0.432
1757.000 0.434
1758.000 0.443
1759.000 0.440
1760.000 0.439
1761.000 0.434
1762.000 0.431
1763.000 0.431
1764.000 0.435
1765.000 0.438
1766.000 0.435
1767.000 0.429
1768.000 0.424
1769.000 0.418
1770.000 0.416
1771.000 0.414
1772.000 0.407
1773.000 0.405
1774.000 0.397
1775.000 0.396
1776.000 0.394
1777.000 0.399
1778.000 0.402
1779.000 0.401
1780.000 0.412
1781.000 0.418
1782.000 0.416
1783.000 0.421
1784.000 0.421
1785.000 0.410
1786.000 0.404
1787.000 0.401
1788.000 0.405
1789.000 0.422
1790.000 0.427
1791.000 0.430
1792.000 0.418
1793.000 0.411
1794.000 0.418
1795.000 0.411
1796.000 0.406
1797.000 0.389
1798.000 0.394
1799.000 0.395
1800.000 0.398
1801.000 0.574
1802.000 0.621
1803.000 0.710
1804.000 0.802
1805.000 0.764
1806.000 0.679
1807.000 0.677
1808.000 0.548
1809.000 0.519
1810.000 0.697
1811.000 0.694
1812.000 0.765
1813.000 0.782
1814.000 0.753
1815.000 0.830
1816.000 0.803
1817.000 0.799
1818.000 0.822
1819.000 0.829
1820.000 0.874
1821.000 0.698
1822.000 0.632
1823.000 0.569
1824.000 0.577
1825.000 0.492
1826.000 0.571
1827.000 0.639
1828.000 0.743
1829.000 0.686
1830.000 0.731
1831.000 0.750
1832.000 0.732
1833.000 0.751
1834.000 0.784
1835.000 0.773
1836.000 0.728
1837.000 0.691
1838.000 0.733
1839.000 0.729
1840.000 0.708
1841.000 0.720
1842.000 0.782
1843.000 0.684
1844.000 0.536
1845.000 0.644
1846.000 0.740
1847.000 0.739
1848.000 0.714
1849.000 0.714
1850.000 0.709
1851.000 0.701
1852.000 0.663
1853.000 0.658
1854.000 0.634
1855.000 0.609
1856.000 0.606
1857.000 0.493
1858.000 0.582
1859.000 0.536
1860.000 0.534
1861.000 0.412
1862.000 0.570
1863.000 0.578
1864.000 0.837
1865.000 0.475
1866.000 0.580
1867.000 0.630
1868.000 0.690
1869.000 0.754
1870.000 0.810
1871.000 0.638
1872.000 0.677
1873.000 0.616
1874.000 0.605
1875.000 0.532
1876.000 0.422
1877.000 0.484
1878.000 0.502
1879.000 0.153
1880.000 0.226
1881.000 0.264
1882.000 0.373
1883.000 0.329
1884.000 0.369
1885.000 0.438
1886.000 0.511
1887.000 0.325
1888.000 0.290
1889.000 0.631
1890.000 0.490
1891.000 0.624
1892.000 0.460
1893.000 0.306
1894.000 0.353
1895.000 0.512
1896.000 0.559
1897.000 0.661
1898.000 0.773
1899.000 0.559
1900.000 0.594
1901.000 0.461
1902.000 0.396
1903.000 0.427
1904.000 0.499
1905.000 0.589
1906.000 0.595
1907.000 0.540
1908.000 0.479
1909.000 0.339
1910.000 0.330
1911.000 0.323
1912.000 0.359
1913.000 0.499
1914.000 0.607
1915.000 0.709
1916.000 0.601
1917.000 0.492
1918.000 0.623
1919.000 0.730
1920.000 0.776
1921.000 0.545
1922.000 0.509
1923.000 0.501
1924.000 0.443
1925.000 0.394
1926.000 0.335
1927.000 0.319
1928.000 0.263
1929.000 0.228
1930.000 0.153
1931.000 0.297
1932.000 0.437
1933.000 0.478
1934.000 0.609
1935.000 0.666
1936.000 0.811
1937.000 0.786
1938.000 0.804
1939.000 0.581
1940.000 0.354
1941.000 0.185
1942.000 0.435
1943.000 0.325
1944.000 0.267
1945.000 0.235
1946.000 0.475
1947.000 0.348
1948.000 0.317
1949.000 0.332
1950.000 0.415
1951.000 0.467
1952.000 0.625
1953.000 0.599
1954.000 0.674
1955.000 0.412
1956.000 0.488
1957.000 0.594
1958.000 0.617
1959.000 0.536
1960.000 0.367
1961.000 0.366
1962.000 0.402
1963.000 0.448
1964.000 0.480
1965.000 0.510
1966.000 0.466
1967.000 0.426
1968.000 0.410
1969.000 0.333
1970.000 0.381
1971.000 0.412
1972.000 0.423
1973.000 0.373
1974.000 0.368
1975.000 0.340
1976.000 0.274
1977.000 0.264
1978.000 0.258
1979.000 0.283
1980.000 0.321
1981.000 0.355
1982.000 0.287
1983.000 0.242
1984.000 0.226
1985.000 0.197
1986.000 0.197
1987.000 0.235
1988.000 0.245
1989.000 0.235
1990.000 0.244
1991.000 0.238
1992.000 0.237
1993.000 0.230
1994.000 0.248
1995.000 0.275
1996.000 0.352
1997.000 0.334
1998.000 0.316
1999.000 0.331
2000.000 0.456
2001.000 0.466
2002.000 0.461
2003.000 0.518
2004.000 0.587
2005.000 0.582
2006.000 0.613
2007.000 0.580
2008.000 0.502
2009.000 0.422
2010.000 0.396
2011.000 0.459
2012.000 0.516
2013.000 0.629
2014.000 0.546
2015.000 0.334
2016.000 0.297
2017.000 0.280
2018.000 0.273
2019.000 0.283
2020.000 0.317
2021.000 0.318
2022.000 0.290
2023.000 0.274
2024.000 0.281
2025.000 0.283
2026.000 0.282
2027.000 0.288
2028.000 0.280
2029.000 0.273
2030.000 0.251
2031.000 0.251
2032.000 0.276
2033.000 0.279
2034.000 0.283
2035.000 0.269
2036.000 0.238
2037.000 0.224
2038.000 0.232
2039.000 0.231
2040.000 0.232
2041.000 0.243
2042.000 0.242
2043.000 0.225
2044.000 0.221
2045.000 0.217
2046.000 0.214
2047.000 0.209
2048.000 0.209
2049.000 0.214
2050.000 0.231
2051.000 0.229
2052.000 0.236
2053.000 0.241
2054.000 0.233
2055.000 0.242
2056.000 0.240
2057.000 0.238
2058.000 0.230
2059.000 0.242
2060.000 0.259
2061.000 0.276
2062.000 0.311
2063.000 0.327
2064.000 0.335
2065.000 0.327
2066.000 0.318
2067.000 0.305
2068.000 0.301
2069.000 0.293
2070.000 0.278
2071.000 0.260
2072.000 0.252
2073.000 0.239
2074.000 0.246
2075.000 0.271
2076.000 0.276
2077.000 0.278
2078.000 0.281
2079.000 0.269
2080.000 0.269
2081.000 0.277
2082.000 0.283
2083.000 0.296
2084.000 0.300
2085.000 0.291
2086.000 0.295
2087.000 0.296
2088.000 0.287
2089.000 0.287
2090.000 0.297
2091.000 0.300
2092.000 0.306
2093.000 0.304
2094.000 0.293
2095.000 0.287
2096.000 0.264
2097.000 0.256
2098.000 0.257
2099.000 0.252
2100.000 0.256
2101.000 0.258
2102.000 0.269
2103.000 0.285
2104.000 0.296
2105.000 0.310
2106.000 0.313
2107.000 0.304
2108.000 0.302
2109.000 0.298
2110.000 0.294
2111.000 0.294
2112.000 0.289
2113.000 0.278
2114.000 0.273
2115.000 0.271
2116.000 0.269
2117.000 0.271
2118.000 0.269
2119.000 0.263
2120.000 0.261
2121.000 0.269
2122.000 0.278
2123.000 0.286
2124.000 0.307
2125.000 0.309
2126.000 0.302
2127.000 0.293
2128.000 0.269
2129.000 0.262
2130.000 0.263
2131.000 0.264
2132.000 0.276
2133.000 0.279
2134.000 0.278
2135.000 0.277
2136.000 0.268
2137.000 0.265
2138.000 0.267
2139.000 0.270
2140.000 0.285
2141.000 0.296
2142.000 0.303
2143.000 0.310
2144.000 0.311
2145.000 0.305
2146.000 0.300
2147.000 0.287
2148.000 0.284
2149.000 0.287
2150.000 0.286
2151.000 0.290
2152.000 0.294
2153.000 0.292
2154.000 0.296
2155.000 0.309
2156.000 0.321
2157.000 0.315
2158.000 0.317
2159.000 0.304
2160.000 0.297
2161.000 0.294
2162.000 0.293
2163.000 0.297
2164.000 0.306
2165.000 0.311
2166.000 0.322
2167.000 0.327
2168.000 0.329
2169.000 0.328
2170.000 0.326
2171.000 0.319
2172.000 0.310
2173.000 0.301
2174.000 0.289
2175.000 0.284
2176.000 0.278
2177.000 0.282
2178.000 0.284
2179.000 0.285
2180.000 0.285
2181.000 0.286
2182.000 0.290
2183.000 0.300
2184.000 0.306
2185.000 0.309
2186.000 0.319
2187.000 0.333
2188.000 0.337
2189.000 0.349
2190.000 0.347
2191.000 0.322
2192.000 0.319
2193.000 0.317
2194.000 0.316
2195.000 0.321
2196.000 0.324
2197.000 0.332
2198.000 0.330
2199.000 0.319
2200.000 0.317
2201.000 0.315
2202.000 0.307
2203.000 0.316
2204.000 0.329
2205.000 0.339
2206.000 0.344
2207.000 0.344
2208.000 0.336
2209.000 0.328
2210.000 0.311
2211.000 0.304
2212.000 0.300
2213.000 0.303
2214.000 0.312
2215.000 0.313
2216.000 0.316
2217.000 0.318
2218.000 0.318
2219.000 0.319
2220.000 0.320
2221.000 0.320
2222.000 0.310
2223.000 0.311
2224.000 0.323
2225.000 0.329
2226.000 0.341
2227.000 0.343
2228.000 0.338
2229.000 0.321
2230.000 0.294
2231.000 0.284
2232.000 0.280
2233.000 0.275
2234.000 0.283
2235.000 0.289
2236.000 0.285
2237.000 0.295
2238.000 0.296
2239.000 0.290
2240.000 0.291
2241.000 0.294
2242.000 0.296
2243.000 0.304
2244.000 0.305
2245.000 0.307
2246.000 0.297
2247.000 0.272
2248.000 0.261
2249.000 0.242
2250.000 0.239
2251.000 0.251
2252.000 0.262
2253.000 0.291
2254.000 0.302
2255.000 0.300
2256.000 0.303
2257.000 0.299
2258.000 0.293
2259.000 0.289
2260.000 0.279
2261.000 0.281
2262.000 0.277
2263.000 0.269
2264.000 0.277
2265.000 0.269
2266.000 0.270
2267.000 0.281
2268.000 0.288
2269.000 0.298
2270.000 0.291
2271.000 0.297
2272.000 0.293
2273.000 0.301
2274.000 0.319
2275.000 0.325
2276.000 0.332
2277.000 0.328
2278.000 0.296
2279.000 0.289
2280.000 0.277
2281.000 0.273
2282.000 0.288
2283.000 0.292
2284.000 0.283
2285.000 0.279
2286.000 0.264
2287.000 0.260
2288.000 0.266
2289.000 0.277
2290.000 0.290
2291.000 0.292
2292.000 0.297
2293.000 0.291
2294.000 0.285
2295.000 0.282
2296.000 0.297
2297.000 0.310
2298.000 0.318
2299.000 0.284
2300.000 0.252
2301.000 0.239
2302.000 0.249
2303.000 0.257
2304.000 0.287
2305.000 0.336
2306.000 0.358
2307.000 0.407
2308.000 0.452
2309.000 0.425
2310.000 0.445
2311.000 0.458
2312.000 0.396
2313.000 0.367
2314.000 0.307
2315.000 0.254
2316.000 0.247
2317.000 0.279
2318.000 0.282
2319.000 0.273
2320.000 0.294
2321.000 0.272
2322.000 0.264
2323.000 0.302
2324.000 0.354
2325.000 0.309
2326.000 0.272
2327.000 0.269
2328.000 0.243
2329.000 0.210
2330.000 0.208
2331.000 0.215
2332.000 0.236
2333.000 0.235
2334.000 0.263
2335.000 0.260
2336.000 0.286
2337.000 0.245
2338.000 0.267
2339.000 0.345
2340.000 0.390
2341.000 0.429
2342.000 0.430
2343.000 0.369
2344.000 0.348
2345.000 0.357
2346.000 0.282
2347.000 0.204
2348.000 0.211
2349.000 0.252
2350.000 0.279
2351.000 0.310
2352.000 0.336
2353.000 0.280
2354.000 0.256
2355.000 0.220
2356.000 0.233
2357.000 0.239
2358.000 0.316
2359.000 0.326
2360.000 0.289
2361.000 0.335
2362.000 0.335
2363.000 0.212
2364.000 0.174
2365.000 0.146
2366.000 0.191
2367.000 0.240
2368.000 0.275
2369.000 0.412
2370.000 0.365
2371.000 0.327
2372.000 0.234
2373.000 0.213
2374.000 0.381
2375.000 0.493
2376.000 0.328
2377.000 0.273
2378.000 0.226
2379.000 0.228
2380.000 0.311
2381.000 0.269
2382.000 0.334
2383.000 0.272
2384.000 0.326
2385.000 0.437
2386.000 0.360
2387.000 0.348
2388.000 0.418
2389.000 0.347
2390.000 0.328
2391.000 0.269
2392.000 0.454
2393.000 0.620
2394.000 0.447
2395.000 0.154
2396.000 0.151
2397.000 0.164
2398.000 0.156
2399.000 0.253
2400.000 0.338
2401.000 0.356
2402.000 0.390
2403.000 0.518
2404.000 0.158
2405.000 0.236
2406.000 0.201
2407.000 0.139
2408.000 0.353
2409.000 0.432
2410.000 0.425
2411.000 0.393
2412.000 0.513
2413.000 0.659
2414.000 0.631
2415.000 0.331
2416.000 0.211
2417.000 0.136
2418.000 0.086
2419.000 0.195
2420.000 0.467
2421.000 0.250
2422.000 0.203
2423.000 0.417
2424.000 0.474
2425.000 0.408
2426.000 0.331
2427.000 0.373
2428.000 0.567
2429.000 0.546
2430.000 0.537
2431.000 0.672
2432.000 0.551
2433.000 0.688
2434.000 0.447
2435.000 0.163
2436.000 0.338
2437.000 0.535
2438.000 0.625
2439.000 0.161
2440.000 0.308
2441.000 0.389
2442.000 0.195
2443.000 0.388
2444.000 0.508
2445.000 0.588
2446.000 0.205
2447.000 0.433
2448.000 0.267
2449.000 0.546
2450.000 0.542
2451.000 0.541
2452.000 0.562
2453.000 0.600
2454.000 0.600
2455.000 0.510
2456.000 0.230
2457.000 0.414
2458.000 0.202
2459.000 0.348
2460.000 0.532
2461.000 0.528
2462.000 0.565
2463.000 0.661
2464.000 0.470
2465.000 0.300
2466.000 0.268
2467.000 0.502
2468.000 0.196
2469.000 0.432
2470.000 0.288
2471.000 0.245
2472.000 0.214
2473.000 0.223
2474.000 0.122
2475.000 0.150
2476.000 0.139
2477.000 0.313
2478.000 0.489
2479.000 0.620
2480.000 0.676
2481.000 0.488
2482.000 0.342
2483.000 0.540
2484.000 0.746
2485.000 0.590
2486.000 0.426
2487.000 0.321
2488.000 0.292
2489.000 0.314
2490.000 0.334
2491.000 0.436
2492.000 0.600
2493.000 0.436
2494.000 0.112
2495.000 0.236
2496.000 0.314
2497.000 0.394
2498.000 0.396
2499.000 0.280
2500.000 0.405
