391.000 0.021
392.000 0.021
393.000 0.021
394.000 0.021
395.000 0.022
396.000 0.022
397.000 0.021
398.000 0.022
399.000 0.022
400.000 0.022
401.000 0.022
402.000 0.022
403.000 0.022
404.000 0.021
405.000 0.022
406.000 0.022
407.000 0.022
408.000 0.022
409.000 0.022
410.000 0.022
411.000 0.022
412.000 0.021
413.000 0.022
414.000 0.023
415.000 0.023
416.000 0.023
417.000 0.023
418.000 0.022
419.000 0.022
420.000 0.023
421.000 0.023
422.000 0.022
423.000 0.023
424.000 0.022
425.000 0.023
426.000 0.023
427.000 0.023
428.000 0.022
429.000 0.022
430.000 0.023
431.000 0.022
432.000 0.022
433.000 0.022
434.000 0.022
435.000 0.022
436.000 0.022
437.000 0.023
438.000 0.022
439.000 0.023
440.000 0.022
441.000 0.022
442.000 0.023
443.000 0.023
444.000 0.023
445.000 0.023
446.000 0.023
447.000 0.023
448.000 0.023
449.000 0.023
450.000 0.023
451.000 0.023
452.000 0.023
453.000 0.023
454.000 0.023
455.000 0.023
456.000 0.023
457.000 0.024
458.000 0.023
459.000 0.023
460.000 0.023
461.000 0.023
462.000 0.023
463.000 0.024
464.000 0.023
465.000 0.023
466.000 0.023
467.000 0.023
468.000 0.023
469.000 0.023
470.000 0.024
471.000 0.024
472.000 0.023
473.000 0.023
474.000 0.023
475.000 0.023
476.000 0.023
477.000 0.023
478.000 0.023
479.000 0.024
480.000 0.024
481.000 0.024
482.000 0.024
483.000 0.024
484.000 0.024
485.000 0.024
486.000 0.024
487.000 0.024
488.000 0.024
489.000 0.024
490.000 0.024
491.000 0.024
492.000 0.024
493.000 0.024
494.000 0.025
495.000 0.025
496.000 0.025
497.000 0.025
498.000 0.025
499.000 0.025
500.000 0.025
501.000 0.026
502.000 0.026
503.000 0.027
504.000 0.027
505.000 0.028
506.000 0.029
507.000 0.029
508.000 0.030
509.000 0.031
510.000 0.032
511.000 0.032
512.000 0.034
513.000 0.035
514.000 0.036
515.000 0.037
516.000 0.039
517.000 0.041
518.000 0.042
519.000 0.044
520.000 0.046
521.000 0.048
522.000 0.050
523.000 0.052
524.000 0.053
525.000 0.056
526.000 0.057
527.000 0.059
528.000 0.061
529.000 0.063
530.000 0.065
531.000 0.066
532.000 0.067
533.000 0.068
534.000 0.069
535.000 0.070
536.000 0.071
537.000 0.071
538.000 0.072
539.000 0.073
540.000 0.073
541.000 0.073
542.000 0.074
543.000 0.074
544.000 0.075
545.000 0.075
546.000 0.075
547.000 0.075
548.000 0.076
549.000 0.076
550.000 0.075
551.000 0.076
552.000 0.075
553.000 0.075
554.000 0.075
555.000 0.075
556.000 0.075
557.000 0.074
558.000 0.074
559.000 0.073
560.000 0.072
561.000 0.071
562.000 0.070
563.000 0.069
564.000 0.068
565.000 0.067
566.000 0.066
567.000 0.064
568.000 0.063
569.000 0.061
570.000 0.060
571.000 0.059
572.000 0.058
573.000 0.056
574.000 0.055
575.000 0.054
576.000 0.054
577.000 0.053
578.000 0.052
579.000 0.051
580.000 0.050
581.000 0.049
582.000 0.048
583.000 0.048
584.000 0.047
585.000 0.047
586.000 0.046
587.000 0.046
588.000 0.045
589.000 0.045
590.000 0.044
591.000 0.043
592.000 0.043
593.000 0.043
594.000 0.043
595.000 0.042
596.000 0.042
597.000 0.042
598.000 0.042
599.000 0.041
600.000 0.041
601.000 0.041
602.000 0.041
603.000 0.041
604.000 0.041
605.000 0.040
606.000 0.040
607.000 0.040
608.000 0.039
609.000 0.039
610.000 0.038
611.000 0.038
612.000 0.037
613.000 0.037
614.000 0.036
615.000 0.036
616.000 0.035
617.000 0.035
618.000 0.035
619.000 0.035
620.000 0.035
621.000 0.034
622.000 0.034
623.000 0.034
624.000 0.033
625.000 0.033
626.000 0.033
627.000 0.033
628.000 0.033
629.000 0.033
630.000 0.033
631.000 0.033
632.000 0.033
633.000 0.032
634.000 0.032
635.000 0.032
636.000 0.032
637.000 0.031
638.000 0.031
639.000 0.030
640.000 0.029
641.000 0.029
642.000 0.029
643.000 0.029
644.000 0.028
645.000 0.027
646.000 0.026
647.000 0.026
648.000 0.026
649.000 0.025
650.000 0.025
651.000 0.025
652.000 0.025
653.000 0.025
654.000 0.024
655.000 0.024
656.000 0.024
657.000 0.025
658.000 0.024
659.000 0.024
660.000 0.024
661.000 0.024
662.000 0.024
663.000 0.024
664.000 0.024
665.000 0.024
666.000 0.023
667.000 0.023
668.000 0.023
669.000 0.023
670.000 0.023
671.000 0.024
672.000 0.024
673.000 0.024
674.000 0.024
675.000 0.024
676.000 0.024
677.000 0.024
678.000 0.025
679.000 0.026
680.000 0.026
681.000 0.026
682.000 0.027
683.000 0.027
684.000 0.027
685.000 0.028
686.000 0.030
687.000 0.031
688.000 0.032
689.000 0.033
690.000 0.035
691.000 0.037
692.000 0.039
693.000 0.042
694.000 0.047
695.000 0.051
696.000 0.056
697.000 0.061
698.000 0.067
699.000 0.073
700.000 0.080
701.000 0.087
702.000 0.094
703.000 0.101
704.000 0.109
705.000 0.116
706.000 0.124
707.000 0.131
708.000 0.139
709.000 0.147
710.000 0.155
711.000 0.162
712.000 0.170
713.000 0.179
714.000 0.187
715.000 0.195
716.000 0.202
717.000 0.210
718.000 0.218
719.000 0.228
720.000 0.237
721.000 0.247
722.000 0.255
723.000 0.263
724.000 0.271
725.000 0.279
726.000 0.288
727.000 0.296
728.000 0.304
729.000 0.312
730.000 0.320
731.000 0.327
732.000 0.335
733.000 0.342
734.000 0.349
735.000 0.355
736.000 0.361
737.000 0.367
738.000 0.373
739.000 0.378
740.000 0.384
741.000 0.388
742.000 0.393
743.000 0.397
744.000 0.401
745.000 0.405
746.000 0.408
747.000 0.411
748.000 0.413
749.000 0.416
750.000 0.419
751.000 0.421
752.000 0.423
753.000 0.425
754.000 0.426
755.000 0.428
756.000 0.430
757.000 0.431
758.000 0.432
759.000 0.433
760.000 0.431
761.000 0.429
762.000 0.430
763.000 0.430
764.000 0.431
765.000 0.433
766.000 0.436
767.000 0.437
768.000 0.439
769.000 0.440
770.000 0.441
771.000 0.442
772.000 0.443
773.000 0.443
774.000 0.444
775.000 0.444
776.000 0.444
777.000 0.445
778.000 0.445
779.000 0.446
780.000 0.446
781.000 0.446
782.000 0.447
783.000 0.447
784.000 0.447
785.000 0.447
786.000 0.448
787.000 0.447
788.000 0.447
789.000 0.447
790.000 0.447
791.000 0.448
792.000 0.448
793.000 0.449
794.000 0.449
795.000 0.450
796.000 0.450
797.000 0.450
798.000 0.450
799.000 0.450
800.000 0.450
801.000 0.450
802.000 0.450
803.000 0.451
804.000 0.451
805.000 0.452
806.000 0.453
807.000 0.453
808.000 0.453
809.000 0.453
810.000 0.453
811.000 0.452
812.000 0.451
813.000 0.450
814.000 0.450
815.000 0.449
816.000 0.448
817.000 0.448
818.000 0.449
819.000 0.450
820.000 0.451
821.000 0.452
822.000 0.452
823.000 0.451
824.000 0.452
825.000 0.453
826.000 0.454
827.000 0.454
828.000 0.454
829.000 0.454
830.000 0.454
831.000 0.455
832.000 0.455
833.000 0.456
834.000 0.456
835.000 0.457
836.000 0.458
837.000 0.458
838.000 0.459
839.000 0.459
840.000 0.460
841.000 0.460
842.000 0.461
843.000 0.461
844.000 0.461
845.000 0.462
846.000 0.463
847.000 0.463
848.000 0.463
849.000 0.463
850.000 0.463
851.000 0.463
852.000 0.464
853.000 0.464
854.000 0.464
855.000 0.464
856.000 0.465
857.000 0.465
858.000 0.465
859.000 0.465
860.000 0.466
861.000 0.466
862.000 0.466
863.000 0.466
864.000 0.467
865.000 0.467
866.000 0.466
867.000 0.467
868.000 0.467
869.000 0.467
870.000 0.468
871.000 0.468
872.000 0.468
873.000 0.468
874.000 0.468
875.000 0.468
876.000 0.468
877.000 0.468
878.000 0.469
879.000 0.469
880.000 0.468
881.000 0.469
882.000 0.469
883.000 0.469
884.000 0.469
885.000 0.469
886.000 0.469
887.000 0.469
888.000 0.469
889.000 0.469
890.000 0.469
891.000 0.469
892.000 0.469
893.000 0.468
894.000 0.467
895.000 0.465
896.000 0.464
897.000 0.463
898.000 0.462
899.000 0.462
900.000 0.462
901.000 0.462
902.000 0.463
903.000 0.464
904.000 0.464
905.000 0.464
906.000 0.464
907.000 0.463
908.000 0.462
909.000 0.462
910.000 0.461
911.000 0.461
912.000 0.460
913.000 0.460
914.000 0.460
915.000 0.460
916.000 0.461
917.000 0.461
918.000 0.463
919.000 0.464
920.000 0.464
921.000 0.465
922.000 0.464
923.000 0.464
924.000 0.463
925.000 0.463
926.000 0.461
927.000 0.460
928.000 0.458
929.000 0.456
930.000 0.453
931.000 0.448
932.000 0.444
933.000 0.440
934.000 0.435
935.000 0.430
936.000 0.429
937.000 0.429
938.000 0.430
939.000 0.433
940.000 0.433
941.000 0.433
942.000 0.432
943.000 0.432
944.000 0.432
945.000 0.430
946.000 0.428
947.000 0.427
948.000 0.429
949.000 0.426
950.000 0.425
951.000 0.426
952.000 0.425
953.000 0.425
954.000 0.426
955.000 0.425
956.000 0.425
957.000 0.426
958.000 0.427
959.000 0.428
960.000 0.428
961.000 0.429
962.000 0.430
963.000 0.431
964.000 0.432
965.000 0.434
966.000 0.435
967.000 0.437
968.000 0.438
969.000 0.439
970.000 0.440
971.000 0.439
972.000 0.440
973.000 0.439
974.000 0.439
975.000 0.440
976.000 0.439
977.000 0.439
978.000 0.440
979.000 0.441
980.000 0.443
981.000 0.444
982.000 0.446
983.000 0.446
984.000 0.447
985.000 0.448
986.000 0.449
987.000 0.450
988.000 0.450
989.000 0.450
990.000 0.451
991.000 0.452
992.000 0.453
993.000 0.452
994.000 0.453
995.000 0.454
996.000 0.455
997.000 0.455
998.000 0.455
999.000 0.455
1000.000 0.456
1001.000 0.460
1002.000 0.460
1003.000 0.461
1004.000 0.462
1005.000 0.463
1006.000 0.463
1007.000 0.464
1008.000 0.464
1009.000 0.464
1010.000 0.465
1011.000 0.465
1012.000 0.466
1013.000 0.467
1014.000 0.468
1015.000 0.469
1016.000 0.469
1017.000 0.470
1018.000 0.470
1019.000 0.471
1020.000 0.472
1021.000 0.473
1022.000 0.473
1023.000 0.474
1024.000 0.475
1025.000 0.475
1026.000 0.475
1027.000 0.475
1028.000 0.476
1029.000 0.476
1030.000 0.477
1031.000 0.478
1032.000 0.478
1033.000 0.479
1034.000 0.479
1035.000 0.480
1036.000 0.480
1037.000 0.481
1038.000 0.482
1039.000 0.482
1040.000 0.483
1041.000 0.484
1042.000 0.484
1043.000 0.484
1044.000 0.484
1045.000 0.485
1046.000 0.485
1047.000 0.484
1048.000 0.485
1049.000 0.486
1050.000 0.487
1051.000 0.487
1052.000 0.487
1053.000 0.487
1054.000 0.488
1055.000 0.488
1056.000 0.488
1057.000 0.489
1058.000 0.489
1059.000 0.489
1060.000 0.490
1061.000 0.490
1062.000 0.489
1063.000 0.489
1064.000 0.489
1065.000 0.489
1066.000 0.490
1067.000 0.491
1068.000 0.491
1069.000 0.490
1070.000 0.491
1071.000 0.490
1072.000 0.491
1073.000 0.491
1074.000 0.491
1075.000 0.491
1076.000 0.490
1077.000 0.490
1078.000 0.490
1079.000 0.490
1080.000 0.491
1081.000 0.490
1082.000 0.490
1083.000 0.490
1084.000 0.490
1085.000 0.490
1086.000 0.490
1087.000 0.490
1088.000 0.489
1089.000 0.489
1090.000 0.488
1091.000 0.488
1092.000 0.488
1093.000 0.488
1094.000 0.487
1095.000 0.486
1096.000 0.485
1097.000 0.484
1098.000 0.482
1099.000 0.482
1100.000 0.481
1101.000 0.480
1102.000 0.480
1103.000 0.479
1104.000 0.478
1105.000 0.478
1106.000 0.477
1107.000 0.476
1108.000 0.475
1109.000 0.474
1110.000 0.473
1111.000 0.471
1112.000 0.469
1113.000 0.468
1114.000 0.466
1115.000 0.465
1116.000 0.464
1117.000 0.463
1118.000 0.461
1119.000 0.458
1120.000 0.456
1121.000 0.453
1122.000 0.452
1123.000 0.449
1124.000 0.445
1125.000 0.442
1126.000 0.441
1127.000 0.439
1128.000 0.438
1129.000 0.438
1130.000 0.437
1131.000 0.436
1132.000 0.436
1133.000 0.436
1134.000 0.435
1135.000 0.435
1136.000 0.434
1137.000 0.434
1138.000 0.433
1139.000 0.430
1140.000 0.429
1141.000 0.429
1142.000 0.427
1143.000 0.426
1144.000 0.425
1145.000 0.422
1146.000 0.421
1147.000 0.419
1148.000 0.418
1149.000 0.417
1150.000 0.416
1151.000 0.414
1152.000 0.414
1153.000 0.413
1154.000 0.413
1155.000 0.412
1156.000 0.412
1157.000 0.413
1158.000 0.413
1159.000 0.414
1160.000 0.416
1161.000 0.416
1162.000 0.416
1163.000 0.417
1164.000 0.417
1165.000 0.417
1166.000 0.418
1167.000 0.418
1168.000 0.418
1169.000 0.418
1170.000 0.418
1171.000 0.418
1172.000 0.418
1173.000 0.418
1174.000 0.418
1175.000 0.418
1176.000 0.418
1177.000 0.418
1178.000 0.418
1179.000 0.418
1180.000 0.417
1181.000 0.417
1182.000 0.416
1183.000 0.416
1184.000 0.416
1185.000 0.416
1186.000 0.416
1187.000 0.417
1188.000 0.417
1189.000 0.417
1190.000 0.417
1191.000 0.417
1192.000 0.417
1193.000 0.417
1194.000 0.417
1195.000 0.417
1196.000 0.418
1197.000 0.418
1198.000 0.417
1199.000 0.417
1200.000 0.418
1201.000 0.417
1202.000 0.418
1203.000 0.419
1204.000 0.419
1205.000 0.419
1206.000 0.419
1207.000 0.419
1208.000 0.419
1209.000 0.420
1210.000 0.420
1211.000 0.421
1212.000 0.421
1213.000 0.422
1214.000 0.422
1215.000 0.422
1216.000 0.423
1217.000 0.423
1218.000 0.424
1219.000 0.423
1220.000 0.424
1221.000 0.425
1222.000 0.425
1223.000 0.425
1224.000 0.426
1225.000 0.427
1226.000 0.427
1227.000 0.428
1228.000 0.428
1229.000 0.429
1230.000 0.429
1231.000 0.430
1232.000 0.430
1233.000 0.430
1234.000 0.431
1235.000 0.432
1236.000 0.432
1237.000 0.432
1238.000 0.433
1239.000 0.433
1240.000 0.433
1241.000 0.434
1242.000 0.434
1243.000 0.435
1244.000 0.435
1245.000 0.435
1246.000 0.435
1247.000 0.436
1248.000 0.436
1249.000 0.436
1250.000 0.437
1251.000 0.437
1252.000 0.437
1253.000 0.437
1254.000 0.438
1255.000 0.438
1256.000 0.438
1257.000 0.438
1258.000 0.439
1259.000 0.439
1260.000 0.439
1261.000 0.438
1262.000 0.438
1263.000 0.438
1264.000 0.438
1265.000 0.438
1266.000 0.438
1267.000 0.438
1268.000 0.438
1269.000 0.439
1270.000 0.439
1271.000 0.439
1272.000 0.439
1273.000 0.439
1274.000 0.440
1275.000 0.440
1276.000 0.440
1277.000 0.439
1278.000 0.439
1279.000 0.439
1280.000 0.439
1281.000 0.439
1282.000 0.438
1283.000 0.438
1284.000 0.438
1285.000 0.438
1286.000 0.438
1287.000 0.437
1288.000 0.437
1289.000 0.436
1290.000 0.435
1291.000 0.434
1292.000 0.433
1293.000 0.432
1294.000 0.432
1295.000 0.431
1296.000 0.430
1297.000 0.430
1298.000 0.429
1299.000 0.428
1300.000 0.427
1301.000 0.426
1302.000 0.424
1303.000 0.423
1304.000 0.422
1305.000 0.420
1306.000 0.419
1307.000 0.418
1308.000 0.417
1309.000 0.416
1310.000 0.414
1311.000 0.413
1312.000 0.412
1313.000 0.410
1314.000 0.408
1315.000 0.406
1316.000 0.405
1317.000 0.403
1318.000 0.401
1319.000 0.400
1320.000 0.398
1321.000 0.397
1322.000 0.394
1323.000 0.393
1324.000 0.391
1325.000 0.388
1326.000 0.386
1327.000 0.383
1328.000 0.381
1329.000 0.378
1330.000 0.377
1331.000 0.375
1332.000 0.374
1333.000 0.372
1334.000 0.370
1335.000 0.368
1336.000 0.366
1337.000 0.364
1338.000 0.362
1339.000 0.360
1340.000 0.358
1341.000 0.356
1342.000 0.355
1343.000 0.354
1344.000 0.352
1345.000 0.350
1346.000 0.349
1347.000 0.346
1348.000 0.344
1349.000 0.343
1350.000 0.341
1351.000 0.341
1352.000 0.338
1353.000 0.338
1354.000 0.339
1355.000 0.309
1356.000 0.313
1357.000 0.332
1358.000 0.358
1359.000 0.400
1360.000 0.638
1361.000 0.339
1362.000 0.342
1363.000 0.379
1364.000 0.375
1365.000 0.411
1366.000 0.305
1367.000 0.448
1368.000 0.487
1369.000 0.586
1370.000 0.650
1371.000 0.654
1372.000 0.294
1373.000 0.244
1374.000 0.274
1375.000 0.189
1376.000 0.197
1377.000 0.228
1378.000 0.530
1379.000 0.412
1380.000 0.571
1381.000 0.645
1382.000 0.727
1383.000 0.543
1384.000 0.294
1385.000 0.235
1386.000 0.186
1387.000 0.191
1388.000 0.317
1389.000 0.423
1390.000 0.356
1391.000 0.350
1392.000 0.325
1393.000 0.336
1394.000 0.231
1395.000 0.262
1396.000 0.565
1397.000 0.527
1398.000 0.504
1399.000 0.412
1400.000 0.336
1401.000 0.351
1402.000 0.479
1403.000 0.358
1404.000 0.195
1405.000 0.201
1406.000 0.198
1407.000 0.206
1408.000 0.285
1409.000 0.319
1410.000 0.177
1411.000 0.150
1412.000 0.157
1413.000 0.165
1414.000 0.143
1415.000 0.125
1416.000 0.145
1417.000 0.178
1418.000 0.174
1419.000 0.146
1420.000 0.132
1421.000 0.132
1422.000 0.129
1423.000 0.103
1424.000 0.108
1425.000 0.104
1426.000 0.103
1427.000 0.086
1428.000 0.087
1429.000 0.081
1430.000 0.073
1431.000 0.071
1432.000 0.070
1433.000 0.068
1434.000 0.067
1435.000 0.082
1436.000 0.086
1437.000 0.089
1438.000 0.091
1439.000 0.094
1440.000 0.091
1441.000 0.087
1442.000 0.084
1443.000 0.088
1444.000 0.087
1445.000 0.084
1446.000 0.088
1447.000 0.095
1448.000 0.097
1449.000 0.102
1450.000 0.106
1451.000 0.108
1452.000 0.107
1453.000 0.108
1454.000 0.108
1455.000 0.108
1456.000 0.108
1457.000 0.109
1458.000 0.112
1459.000 0.108
1460.000 0.100
1461.000 0.099
1462.000 0.098
1463.000 0.099
1464.000 0.103
1465.000 0.104
1466.000 0.104
1467.000 0.106
1468.000 0.107
1469.000 0.107
1470.000 0.107
1471.000 0.108
1472.000 0.106
1473.000 0.106
1474.000 0.110
1475.000 0.113
1476.000 0.119
1477.000 0.120
1478.000 0.120
1479.000 0.117
1480.000 0.115
1481.000 0.116
1482.000 0.118
1483.000 0.121
1484.000 0.125
1485.000 0.128
1486.000 0.131
1487.000 0.131
1488.000 0.129
1489.000 0.129
1490.000 0.127
1491.000 0.127
1492.000 0.129
1493.000 0.130
1494.000 0.132
1495.000 0.133
1496.000 0.135
1497.000 0.137
1498.000 0.139
1499.000 0.140
1500.000 0.142
1501.000 0.143
1502.000 0.144
1503.000 0.146
1504.000 0.147
1505.000 0.148
1506.000 0.149
1507.000 0.150
1508.000 0.151
1509.000 0.152
1510.000 0.153
1511.000 0.154
1512.000 0.155
1513.000 0.156
1514.000 0.157
1515.000 0.159
1516.000 0.161
1517.000 0.162
1518.000 0.163
1519.000 0.163
1520.000 0.165
1521.000 0.166
1522.000 0.168
1523.000 0.170
1524.000 0.171
1525.000 0.172
1526.000 0.174
1527.000 0.176
1528.000 0.177
1529.000 0.178
1530.000 0.179
1531.000 0.180
1532.000 0.181
1533.000 0.181
1534.000 0.182
1535.000 0.183
1536.000 0.185
1537.000 0.186
1538.000 0.188
1539.000 0.188
1540.000 0.190
1541.000 0.192
1542.000 0.193
1543.000 0.194
1544.000 0.195
1545.000 0.197
1546.000 0.198
1547.000 0.200
1548.000 0.201
1549.000 0.202
1550.000 0.203
1551.000 0.205
1552.000 0.206
1553.000 0.207
1554.000 0.208
1555.000 0.208
1556.000 0.210
1557.000 0.211
1558.000 0.212
1559.000 0.213
1560.000 0.214
1561.000 0.215
1562.000 0.216
1563.000 0.217
1564.000 0.217
1565.000 0.218
1566.000 0.219
1567.000 0.221
1568.000 0.222
1569.000 0.224
1570.000 0.224
1571.000 0.225
1572.000 0.226
1573.000 0.227
1574.000 0.227
1575.000 0.229
1576.000 0.230
1577.000 0.230
1578.000 0.231
1579.000 0.233
1580.000 0.234
1581.000 0.235
1582.000 0.236
1583.000 0.235
1584.000 0.236
1585.000 0.236
1586.000 0.237
1587.000 0.240
1588.000 0.241
1589.000 0.241
1590.000 0.242
1591.000 0.242
1592.000 0.242
1593.000 0.243
1594.000 0.244
1595.000 0.244
1596.000 0.245
1597.000 0.246
1598.000 0.247
1599.000 0.248
1600.000 0.249
1601.000 0.250
1602.000 0.251
1603.000 0.252
1604.000 0.253
1605.000 0.253
1606.000 0.254
1607.000 0.255
1608.000 0.255
1609.000 0.256
1610.000 0.256
1611.000 0.257
1612.000 0.257
1613.000 0.257
1614.000 0.258
1615.000 0.259
1616.000 0.260
1617.000 0.260
1618.000 0.261
1619.000 0.262
1620.000 0.263
1621.000 0.264
1622.000 0.265
1623.000 0.265
1624.000 0.265
1625.000 0.265
1626.000 0.266
1627.000 0.266
1628.000 0.267
1629.000 0.268
1630.000 0.269
1631.000 0.270
1632.000 0.270
1633.000 0.270
1634.000 0.271
1635.000 0.271
1636.000 0.271
1637.000 0.271
1638.000 0.271
1639.000 0.272
1640.000 0.272
1641.000 0.273
1642.000 0.273
1643.000 0.273
1644.000 0.274
1645.000 0.274
1646.000 0.275
1647.000 0.275
1648.000 0.276
1649.000 0.276
1650.000 0.276
1651.000 0.276
1652.000 0.276
1653.000 0.277
1654.000 0.277
1655.000 0.277
1656.000 0.277
1657.000 0.277
1658.000 0.277
1659.000 0.278
1660.000 0.278
1661.000 0.279
1662.000 0.279
1663.000 0.278
1664.000 0.278
1665.000 0.278
1666.000 0.278
1667.000 0.279
1668.000 0.279
1669.000 0.280
1670.000 0.279
1671.000 0.280
1672.000 0.280
1673.000 0.280
1674.000 0.280
1675.000 0.280
1676.000 0.280
1677.000 0.279
1678.000 0.279
1679.000 0.280
1680.000 0.280
1681.000 0.280
1682.000 0.280
1683.000 0.279
1684.000 0.279
1685.000 0.280
1686.000 0.280
1687.000 0.280
1688.000 0.280
1689.000 0.279
1690.000 0.278
1691.000 0.279
1692.000 0.279
1693.000 0.279
1694.000 0.279
1695.000 0.279
1696.000 0.278
1697.000 0.277
1698.000 0.277
1699.000 0.276
1700.000 0.276
1701.000 0.277
1702.000 0.277
1703.000 0.276
1704.000 0.276
1705.000 0.275
1706.000 0.275
1707.000 0.275
1708.000 0.275
1709.000 0.274
1710.000 0.274
1711.000 0.273
1712.000 0.272
1713.000 0.271
1714.000 0.270
1715.000 0.271
1716.000 0.271
1717.000 0.271
1718.000 0.271
1719.000 0.270
1720.000 0.269
1721.000 0.268
1722.000 0.268
1723.000 0.268
1724.000 0.268
1725.000 0.270
1726.000 0.270
1727.000 0.269
1728.000 0.269
1729.000 0.268
1730.000 0.265
1731.000 0.264
1732.000 0.264
1733.000 0.263
1734.000 0.263
1735.000 0.263
1736.000 0.263
1737.000 0.262
1738.000 0.261
1739.000 0.260
1740.000 0.260
1741.000 0.259
1742.000 0.258
1743.000 0.258
1744.000 0.258
1745.000 0.257
1746.000 0.257
1747.000 0.257
1748.000 0.255
1749.000 0.254
1750.000 0.253
1751.000 0.253
1752.000 0.252
1753.000 0.252
1754.000 0.250
1755.000 0.249
1756.000 0.249
1757.000 0.248
1758.000 0.247
1759.000 0.247
1760.000 0.245
1761.000 0.245
1762.000 0.244
1763.000 0.243
1764.000 0.242
1765.000 0.241
1766.000 0.241
1767.000 0.240
1768.000 0.238
1769.000 0.238
1770.000 0.239
1771.000 0.238
1772.000 0.237
1773.000 0.236
1774.000 0.232
1775.000 0.232
1776.000 0.232
1777.000 0.233
1778.000 0.233
1779.000 0.234
1780.000 0.234
1781.000 0.234
1782.000 0.232
1783.000 0.232
1784.000 0.233
1785.000 0.237
1786.000 0.237
1787.000 0.237
1788.000 0.237
1789.000 0.231
1790.000 0.229
1791.000 0.231
1792.000 0.233
1793.000 0.237
1794.000 0.236
1795.000 0.238
1796.000 0.244
1797.000 0.235
1798.000 0.234
1799.000 0.242
1800.000 0.234
1801.000 0.281
1802.000 0.294
1803.000 0.298
1804.000 0.302
1805.000 0.303
1806.000 0.313
1807.000 0.326
1808.000 0.354
1809.000 0.362
1810.000 0.341
1811.000 0.361
1812.000 0.394
1813.000 0.418
1814.000 0.515
1815.000 0.549
1816.000 0.607
1817.000 0.589
1818.000 0.628
1819.000 0.180
1820.000 0.241
1821.000 0.256
1822.000 0.320
1823.000 0.403
1824.000 0.427
1825.000 0.460
1826.000 0.513
1827.000 0.608
1828.000 0.639
1829.000 0.570
1830.000 0.441
1831.000 0.456
1832.000 0.361
1833.000 0.244
1834.000 0.245
1835.000 0.163
1836.000 0.217
1837.000 0.503
1838.000 0.593
1839.000 0.714
1840.000 0.759
1841.000 0.811
1842.000 0.695
1843.000 0.590
1844.000 0.471
1845.000 0.455
1846.000 0.388
1847.000 0.395
1848.000 0.445
1849.000 0.442
1850.000 0.403
1851.000 0.341
1852.000 0.324
1853.000 0.379
1854.000 0.318
1855.000 0.385
1856.000 0.557
1857.000 0.682
1858.000 0.639
1859.000 0.581
1860.000 0.480
1861.000 0.576
1862.000 0.551
1863.000 0.627
1864.000 0.616
1865.000 0.604
1866.000 0.613
1867.000 0.495
1868.000 0.459
1869.000 0.502
1870.000 0.753
1871.000 0.784
1872.000 0.809
1873.000 0.791
1874.000 0.622
1875.000 0.608
1876.000 0.552
1877.000 0.269
1878.000 0.770
1879.000 0.705
1880.000 0.666
1881.000 0.643
1882.000 0.640
1883.000 0.589
1884.000 0.487
1885.000 0.501
1886.000 0.516
1887.000 0.626
1888.000 0.589
1889.000 0.524
1890.000 0.399
1891.000 0.385
1892.000 0.395
1893.000 0.402
1894.000 0.361
1895.000 0.420
1896.000 0.364
1897.000 0.417
1898.000 0.490
1899.000 0.460
1900.000 0.664
1901.000 0.640
1902.000 0.580
1903.000 0.576
1904.000 0.710
1905.000 0.597
1906.000 0.484
1907.000 0.435
1908.000 0.430
1909.000 0.406
1910.000 0.480
1911.000 0.596
1912.000 0.586
1913.000 0.612
1914.000 0.613
1915.000 0.489
1916.000 0.441
1917.000 0.481
1918.000 0.399
1919.000 0.488
1920.000 0.458
1921.000 0.451
1922.000 0.270
1923.000 0.301
1924.000 0.353
1925.000 0.440
1926.000 0.422
1927.000 0.372
1928.000 0.300
1929.000 0.359
1930.000 0.381
1931.000 0.443
1932.000 0.450
1933.000 0.479
1934.000 0.439
1935.000 0.323
1936.000 0.235
1937.000 0.203
1938.000 0.190
1939.000 0.190
1940.000 0.229
1941.000 0.227
1942.000 0.237
1943.000 0.265
1944.000 0.313
1945.000 0.304
1946.000 0.267
1947.000 0.220
1948.000 0.192
1949.000 0.175
1950.000 0.138
1951.000 0.152
1952.000 0.119
1953.000 0.183
1954.000 0.194
1955.000 0.168
1956.000 0.226
1957.000 0.218
1958.000 0.225
1959.000 0.213
1960.000 0.233
1961.000 0.223
1962.000 0.167
1963.000 0.133
1964.000 0.125
1965.000 0.123
1966.000 0.122
1967.000 0.104
1968.000 0.082
1969.000 0.079
1970.000 0.073
1971.000 0.074
1972.000 0.069
1973.000 0.055
1974.000 0.047
1975.000 0.044
1976.000 0.051
1977.000 0.048
1978.000 0.048
1979.000 0.040
1980.000 0.045
1981.000 0.050
1982.000 0.058
1983.000 0.060
1984.000 0.039
1985.000 0.056
1986.000 0.048
1987.000 0.046
1988.000 0.046
1989.000 0.047
1990.000 0.047
1991.000 0.070
1992.000 0.063
1993.000 0.057
1994.000 0.059
1995.000 0.062
1996.000 0.078
1997.000 0.096
1998.000 0.079
1999.000 0.086
2000.000 0.081
2001.000 0.080
2002.000 0.092
2003.000 0.102
2004.000 0.119
2005.000 0.129
2006.000 0.108
2007.000 0.102
2008.000 0.091
2009.000 0.086
2010.000 0.095
2011.000 0.097
2012.000 0.107
2013.000 0.105
2014.000 0.106
2015.000 0.108
2016.000 0.099
2017.000 0.077
2018.000 0.074
2019.000 0.075
2020.000 0.066
2021.000 0.083
2022.000 0.088
2023.000 0.088
2024.000 0.077
2025.000 0.078
2026.000 0.078
2027.000 0.081
2028.000 0.095
2029.000 0.095
2030.000 0.094
2031.000 0.092
2032.000 0.084
2033.000 0.081
2034.000 0.082
2035.000 0.085
2036.000 0.079
2037.000 0.082
2038.000 0.082
2039.000 0.081
2040.000 0.087
2041.000 0.086
2042.000 0.088
2043.000 0.097
2044.000 0.101
2045.000 0.101
2046.000 0.116
2047.000 0.115
2048.000 0.114
2049.000 0.110
2050.000 0.089
2051.000 0.100
2052.000 0.103
2053.000 0.097
2054.000 0.098
2055.000 0.100
2056.000 0.097
2057.000 0.102
2058.000 0.103
2059.000 0.103
2060.000 0.100
2061.000 0.100
2062.000 0.097
2063.000 0.095
2064.000 0.093
2065.000 0.091
2066.000 0.091
2067.000 0.093
2068.000 0.091
2069.000 0.089
2070.000 0.090
2071.000 0.090
2072.000 0.091
2073.000 0.096
2074.000 0.103
2075.000 0.109
2076.000 0.110
2077.000 0.118
2078.000 0.120
2079.000 0.111
2080.000 0.110
2081.000 0.112
2082.000 0.108
2083.000 0.109
2084.000 0.108
2085.000 0.108
2086.000 0.110
2087.000 0.112
2088.000 0.114
2089.000 0.118
2090.000 0.122
2091.000 0.122
2092.000 0.122
2093.000 0.119
2094.000 0.112
2095.000 0.109
2096.000 0.107
2097.000 0.106
2098.000 0.107
2099.000 0.111
2100.000 0.112
2101.000 0.112
2102.000 0.116
2103.000 0.119
2104.000 0.123
2105.000 0.130
2106.000 0.130
2107.000 0.135
2108.000 0.132
2109.000 0.133
2110.000 0.132
2111.000 0.130
2112.000 0.131
2113.000 0.133
2114.000 0.134
2115.000 0.133
2116.000 0.132
2117.000 0.130
2118.000 0.129
2119.000 0.128
2120.000 0.127
2121.000 0.125
2122.000 0.126
2123.000 0.128
2124.000 0.134
2125.000 0.137
2126.000 0.144
2127.000 0.146
2128.000 0.141
2129.000 0.140
2130.000 0.140
2131.000 0.141
2132.000 0.144
2133.000 0.145
2134.000 0.146
2135.000 0.146
2136.000 0.146
2137.000 0.144
2138.000 0.145
2139.000 0.149
2140.000 0.153
2141.000 0.160
2142.000 0.161
2143.000 0.158
2144.000 0.154
2145.000 0.148
2146.000 0.145
2147.000 0.148
2148.000 0.152
2149.000 0.147
2150.000 0.146
2151.000 0.145
2152.000 0.144
2153.000 0.145
2154.000 0.147
2155.000 0.150
2156.000 0.154
2157.000 0.159
2158.000 0.162
2159.000 0.157
2160.000 0.153
2161.000 0.150
2162.000 0.145
2163.000 0.145
2164.000 0.144
2165.000 0.145
2166.000 0.147
2167.000 0.151
2168.000 0.159
2169.000 0.161
2170.000 0.162
2171.000 0.162
2172.000 0.153
2173.000 0.151
2174.000 0.149
2175.000 0.149
2176.000 0.152
2177.000 0.157
2178.000 0.159
2179.000 0.159
2180.000 0.160
2181.000 0.159
2182.000 0.160
2183.000 0.162
2184.000 0.158
2185.000 0.148
2186.000 0.146
2187.000 0.144
2188.000 0.144
2189.000 0.150
2190.000 0.152
2191.000 0.148
2192.000 0.147
2193.000 0.145
2194.000 0.146
2195.000 0.146
2196.000 0.148
2197.000 0.153
2198.000 0.156
2199.000 0.159
2200.000 0.161
2201.000 0.164
2202.000 0.164
2203.000 0.161
2204.000 0.159
2205.000 0.159
2206.000 0.158
2207.000 0.162
2208.000 0.168
2209.000 0.170
2210.000 0.173
2211.000 0.172
2212.000 0.168
2213.000 0.165
2214.000 0.160
2215.000 0.158
2216.000 0.155
2217.000 0.156
2218.000 0.159
2219.000 0.159
2220.000 0.161
2221.000 0.162
2222.000 0.158
2223.000 0.157
2224.000 0.156
2225.000 0.156
2226.000 0.156
2227.000 0.154
2228.000 0.153
2229.000 0.153
2230.000 0.149
2231.000 0.147
2232.000 0.146
2233.000 0.147
2234.000 0.154
2235.000 0.164
2236.000 0.172
2237.000 0.175
2238.000 0.171
2239.000 0.159
2240.000 0.155
2241.000 0.150
2242.000 0.147
2243.000 0.147
2244.000 0.148
2245.000 0.153
2246.000 0.154
2247.000 0.154
2248.000 0.153
2249.000 0.147
2250.000 0.146
2251.000 0.147
2252.000 0.148
2253.000 0.146
2254.000 0.146
2255.000 0.146
2256.000 0.147
2257.000 0.152
2258.000 0.153
2259.000 0.153
2260.000 0.151
2261.000 0.146
2262.000 0.141
2263.000 0.141
2264.000 0.146
2265.000 0.149
2266.000 0.153
2267.000 0.147
2268.000 0.141
2269.000 0.138
2270.000 0.132
2271.000 0.131
2272.000 0.131
2273.000 0.131
2274.000 0.138
2275.000 0.141
2276.000 0.149
2277.000 0.156
2278.000 0.146
2279.000 0.149
2280.000 0.152
2281.000 0.151
2282.000 0.157
2283.000 0.160
2284.000 0.163
2285.000 0.152
2286.000 0.140
2287.000 0.136
2288.000 0.138
2289.000 0.130
2290.000 0.141
2291.000 0.137
2292.000 0.139
2293.000 0.136
2294.000 0.141
2295.000 0.141
2296.000 0.136
2297.000 0.141
2298.000 0.141
2299.000 0.144
2300.000 0.147
2301.000 0.135
2302.000 0.117
2303.000 0.120
2304.000 0.117
2305.000 0.122
2306.000 0.130
2307.000 0.124
2308.000 0.130
2309.000 0.125
2310.000 0.134
2311.000 0.135
2312.000 0.124
2313.000 0.120
2314.000 0.122
2315.000 0.121
2316.000 0.132
2317.000 0.132
2318.000 0.151
2319.000 0.117
2320.000 0.109
2321.000 0.106
2322.000 0.095
2323.000 0.080
2324.000 0.110
2325.000 0.092
2326.000 0.100
2327.000 0.106
2328.000 0.108
2329.000 0.106
2330.000 0.103
2331.000 0.100
2332.000 0.102
2333.000 0.107
2334.000 0.109
2335.000 0.128
2336.000 0.131
2337.000 0.133
2338.000 0.126
2339.000 0.143
2340.000 0.134
2341.000 0.130
2342.000 0.128
2343.000 0.123
2344.000 0.124
2345.000 0.117
2346.000 0.109
2347.000 0.110
2348.000 0.111
2349.000 0.115
2350.000 0.117
2351.000 0.122
2352.000 0.124
2353.000 0.069
2354.000 0.070
2355.000 0.100
2356.000 0.110
2357.000 0.117
2358.000 0.105
2359.000 0.083
2360.000 0.089
2361.000 0.105
2362.000 0.103
2363.000 0.118
2364.000 0.098
2365.000 0.089
2366.000 0.098
2367.000 0.106
2368.000 0.142
2369.000 0.135
2370.000 0.140
2371.000 0.108
2372.000 0.092
2373.000 0.087
2374.000 0.071
2375.000 0.098
2376.000 0.109
2377.000 0.133
2378.000 0.119
2379.000 0.114
2380.000 0.110
2381.000 0.069
2382.000 0.055
2383.000 0.078
2384.000 0.084
2385.000 0.079
2386.000 0.082
2387.000 0.068
2388.000 0.084
2389.000 0.088
2390.000 0.109
2391.000 0.079
2392.000 0.070
2393.000 0.092
2394.000 0.087
2395.000 0.072
2396.000 0.047
2397.000 0.099
2398.000 0.101
2399.000 0.092
2400.000 0.070
2401.000 0.095
2402.000 0.063
2403.000 0.061
2404.000 0.069
2405.000 0.088
2406.000 0.091
2407.000 0.092
2408.000 0.100
2409.000 0.097
2410.000 0.150
2411.000 0.089
2412.000 0.119
2413.000 0.142
2414.000 0.127
2415.000 0.135
2416.000 0.185
2417.000 0.164
2418.000 0.128
2419.000 0.115
2420.000 0.037
2421.000 0.074
2422.000 0.082
2423.000 0.092
2424.000 0.106
2425.000 0.132
2426.000 0.129
2427.000 0.101
2428.000 0.093
2429.000 0.088
2430.000 0.099
2431.000 0.144
2432.000 0.129
2433.000 0.228
2434.000 0.173
2435.000 0.175
2436.000 0.206
2437.000 0.102
2438.000 0.135
2439.000 0.186
2440.000 0.334
2441.000 0.357
2442.000 0.229
2443.000 0.174
2444.000 0.165
2445.000 0.201
2446.000 0.235
2447.000 0.165
2448.000 0.154
2449.000 0.161
2450.000 0.187
2451.000 0.250
2452.000 0.126
2453.000 0.161
2454.000 0.188
2455.000 0.141
2456.000 0.135
2457.000 0.167
2458.000 0.153
2459.000 0.116
2460.000 0.141
2461.000 0.190
2462.000 0.216
2463.000 0.197
2464.000 0.167
2465.000 0.312
2466.000 0.317
2467.000 0.325
2468.000 0.356
2469.000 0.318
2470.000 0.271
2471.000 0.363
2472.000 0.411
2473.000 0.367
2474.000 0.375
2475.000 0.330
2476.000 0.414
2477.000 0.416
2478.000 0.374
2479.000 0.665
2480.000 0.294
2481.000 0.520
2482.000 0.292
2483.000 0.530
2484.000 0.541
2485.000 0.603
2486.000 0.279
2487.000 0.119
2488.000 0.169
2489.000 0.180
2490.000 0.258
2491.000 0.415
2492.000 0.371
2493.000 0.424
2494.000 0.302
2495.000 0.317
2496.000 0.357
2497.000 0.508
2498.000 0.735
2499.000 0.559
2500.000 0.392
