391.000 0.026
392.000 0.026
393.000 0.023
394.000 0.026
395.000 0.028
396.000 0.028
397.000 0.026
398.000 0.029
399.000 0.028
400.000 0.027
401.000 0.027
402.000 0.027
403.000 0.027
404.000 0.027
405.000 0.027
406.000 0.027
407.000 0.027
408.000 0.028
409.000 0.028
410.000 0.027
411.000 0.027
412.000 0.027
413.000 0.027
414.000 0.028
415.000 0.028
416.000 0.029
417.000 0.028
418.000 0.027
419.000 0.027
420.000 0.028
421.000 0.027
422.000 0.027
423.000 0.028
424.000 0.028
425.000 0.028
426.000 0.028
427.000 0.028
428.000 0.027
429.000 0.028
430.000 0.028
431.000 0.027
432.000 0.027
433.000 0.027
434.000 0.027
435.000 0.027
436.000 0.027
437.000 0.028
438.000 0.027
439.000 0.028
440.000 0.028
441.000 0.027
442.000 0.027
443.000 0.028
444.000 0.028
445.000 0.028
446.000 0.028
447.000 0.028
448.000 0.028
449.000 0.028
450.000 0.028
451.000 0.028
452.000 0.028
453.000 0.029
454.000 0.029
455.000 0.028
456.000 0.028
457.000 0.028
458.000 0.028
459.000 0.028
460.000 0.028
461.000 0.028
462.000 0.028
463.000 0.029
464.000 0.028
465.000 0.028
466.000 0.028
467.000 0.028
468.000 0.028
469.000 0.028
470.000 0.029
471.000 0.029
472.000 0.028
473.000 0.028
474.000 0.028
475.000 0.028
476.000 0.028
477.000 0.028
478.000 0.029
479.000 0.029
480.000 0.029
481.000 0.029
482.000 0.029
483.000 0.028
484.000 0.028
485.000 0.029
486.000 0.029
487.000 0.028
488.000 0.029
489.000 0.029
490.000 0.029
491.000 0.029
492.000 0.029
493.000 0.030
494.000 0.030
495.000 0.030
496.000 0.030
497.000 0.030
498.000 0.031
499.000 0.031
500.000 0.031
501.000 0.032
502.000 0.032
503.000 0.032
504.000 0.033
505.000 0.034
506.000 0.035
507.000 0.035
508.000 0.037
509.000 0.038
510.000 0.039
511.000 0.039
512.000 0.041
513.000 0.043
514.000 0.044
515.000 0.045
516.000 0.047
517.000 0.049
518.000 0.052
519.000 0.054
520.000 0.056
521.000 0.059
522.000 0.061
523.000 0.063
524.000 0.065
525.000 0.068
526.000 0.070
527.000 0.072
528.000 0.074
529.000 0.076
530.000 0.078
531.000 0.080
532.000 0.082
533.000 0.083
534.000 0.084
535.000 0.085
536.000 0.086
537.000 0.087
538.000 0.088
539.000 0.088
540.000 0.089
541.000 0.089
542.000 0.089
543.000 0.090
544.000 0.091
545.000 0.091
546.000 0.091
547.000 0.091
548.000 0.092
549.000 0.092
550.000 0.092
551.000 0.092
552.000 0.092
553.000 0.092
554.000 0.092
555.000 0.092
556.000 0.091
557.000 0.091
558.000 0.089
559.000 0.089
560.000 0.088
561.000 0.086
562.000 0.085
563.000 0.084
564.000 0.084
565.000 0.082
566.000 0.080
567.000 0.078
568.000 0.077
569.000 0.075
570.000 0.074
571.000 0.072
572.000 0.071
573.000 0.069
574.000 0.068
575.000 0.066
576.000 0.065
577.000 0.064
578.000 0.063
579.000 0.062
580.000 0.061
581.000 0.060
582.000 0.059
583.000 0.059
584.000 0.058
585.000 0.057
586.000 0.057
587.000 0.056
588.000 0.055
589.000 0.055
590.000 0.054
591.000 0.054
592.000 0.053
593.000 0.053
594.000 0.053
595.000 0.052
596.000 0.052
597.000 0.052
598.000 0.051
599.000 0.051
600.000 0.051
601.000 0.051
602.000 0.051
603.000 0.051
604.000 0.050
605.000 0.050
606.000 0.049
607.000 0.049
608.000 0.048
609.000 0.048
610.000 0.047
611.000 0.047
612.000 0.046
613.000 0.046
614.000 0.045
615.000 0.045
616.000 0.044
617.000 0.044
618.000 0.043
619.000 0.043
620.000 0.043
621.000 0.043
622.000 0.043
623.000 0.042
624.000 0.042
625.000 0.041
626.000 0.041
627.000 0.042
628.000 0.041
629.000 0.041
630.000 0.041
631.000 0.041
632.000 0.041
633.000 0.040
634.000 0.040
635.000 0.040
636.000 0.040
637.000 0.039
638.000 0.039
639.000 0.038
640.000 0.037
641.000 0.037
642.000 0.036
643.000 0.035
644.000 0.035
645.000 0.034
646.000 0.033
647.000 0.033
648.000 0.033
649.000 0.032
650.000 0.032
651.000 0.032
652.000 0.032
653.000 0.031
654.000 0.030
655.000 0.031
656.000 0.031
657.000 0.031
658.000 0.031
659.000 0.031
660.000 0.031
661.000 0.030
662.000 0.030
663.000 0.030
664.000 0.030
665.000 0.030
666.000 0.029
667.000 0.029
668.000 0.029
669.000 0.029
670.000 0.029
671.000 0.030
672.000 0.030
673.000 0.030
674.000 0.030
675.000 0.030
676.000 0.030
677.000 0.031
678.000 0.032
679.000 0.033
680.000 0.033
681.000 0.033
682.000 0.033
683.000 0.034
684.000 0.035
685.000 0.036
686.000 0.037
687.000 0.039
688.000 0.041
689.000 0.043
690.000 0.045
691.000 0.047
692.000 0.050
693.000 0.053
694.000 0.058
695.000 0.064
696.000 0.070
697.000 0.075
698.000 0.082
699.000 0.090
700.000 0.098
701.000 0.106
702.000 0.115
703.000 0.124
704.000 0.132
705.000 0.141
706.000 0.150
707.000 0.159
708.000 0.168
709.000 0.177
710.000 0.187
711.000 0.195
712.000 0.205
713.000 0.214
714.000 0.224
715.000 0.234
716.000 0.242
717.000 0.252
718.000 0.262
719.000 0.273
720.000 0.284
721.000 0.295
722.000 0.304
723.000 0.313
724.000 0.322
725.000 0.331
726.000 0.342
727.000 0.351
728.000 0.359
729.000 0.368
730.000 0.377
731.000 0.385
732.000 0.393
733.000 0.401
734.000 0.408
735.000 0.414
736.000 0.421
737.000 0.427
738.000 0.433
739.000 0.439
740.000 0.444
741.000 0.449
742.000 0.453
743.000 0.457
744.000 0.462
745.000 0.466
746.000 0.469
747.000 0.472
748.000 0.475
749.000 0.477
750.000 0.480
751.000 0.483
752.000 0.485
753.000 0.487
754.000 0.488
755.000 0.490
756.000 0.491
757.000 0.493
758.000 0.494
759.000 0.495
760.000 0.494
761.000 0.493
762.000 0.493
763.000 0.494
764.000 0.495
765.000 0.496
766.000 0.499
767.000 0.500
768.000 0.502
769.000 0.503
770.000 0.504
771.000 0.504
772.000 0.505
773.000 0.506
774.000 0.506
775.000 0.506
776.000 0.507
777.000 0.507
778.000 0.507
779.000 0.508
780.000 0.508
781.000 0.509
782.000 0.509
783.000 0.510
784.000 0.510
785.000 0.510
786.000 0.510
787.000 0.510
788.000 0.510
789.000 0.510
790.000 0.510
791.000 0.511
792.000 0.511
793.000 0.512
794.000 0.512
795.000 0.513
796.000 0.513
797.000 0.513
798.000 0.513
799.000 0.513
800.000 0.513
801.000 0.514
802.000 0.514
803.000 0.514
804.000 0.515
805.000 0.515
806.000 0.516
807.000 0.516
808.000 0.516
809.000 0.516
810.000 0.516
811.000 0.516
812.000 0.515
813.000 0.515
814.000 0.514
815.000 0.513
816.000 0.513
817.000 0.513
818.000 0.514
819.000 0.515
820.000 0.516
821.000 0.516
822.000 0.516
823.000 0.516
824.000 0.516
825.000 0.518
826.000 0.518
827.000 0.518
828.000 0.518
829.000 0.518
830.000 0.518
831.000 0.519
832.000 0.519
833.000 0.520
834.000 0.521
835.000 0.521
836.000 0.522
837.000 0.522
838.000 0.523
839.000 0.523
840.000 0.524
841.000 0.524
842.000 0.525
843.000 0.525
844.000 0.525
845.000 0.526
846.000 0.526
847.000 0.526
848.000 0.526
849.000 0.527
850.000 0.527
851.000 0.527
852.000 0.527
853.000 0.527
854.000 0.527
855.000 0.528
856.000 0.528
857.000 0.529
858.000 0.529
859.000 0.529
860.000 0.530
861.000 0.530
862.000 0.530
863.000 0.530
864.000 0.531
865.000 0.530
866.000 0.530
867.000 0.531
868.000 0.531
869.000 0.531
870.000 0.531
871.000 0.532
872.000 0.532
873.000 0.532
874.000 0.532
875.000 0.532
876.000 0.532
877.000 0.532
878.000 0.533
879.000 0.532
880.000 0.532
881.000 0.533
882.000 0.533
883.000 0.533
884.000 0.534
885.000 0.533
886.000 0.534
887.000 0.534
888.000 0.534
889.000 0.533
890.000 0.534
891.000 0.533
892.000 0.533
893.000 0.532
894.000 0.531
895.000 0.531
896.000 0.529
897.000 0.529
898.000 0.528
899.000 0.528
900.000 0.528
901.000 0.528
902.000 0.529
903.000 0.530
904.000 0.530
905.000 0.530
906.000 0.530
907.000 0.530
908.000 0.529
909.000 0.529
910.000 0.528
911.000 0.527
912.000 0.527
913.000 0.527
914.000 0.527
915.000 0.527
916.000 0.527
917.000 0.528
918.000 0.529
919.000 0.530
920.000 0.530
921.000 0.531
922.000 0.530
923.000 0.529
924.000 0.529
925.000 0.529
926.000 0.527
927.000 0.526
928.000 0.526
929.000 0.524
930.000 0.521
931.000 0.516
932.000 0.512
933.000 0.510
934.000 0.505
935.000 0.498
936.000 0.496
937.000 0.497
938.000 0.499
939.000 0.501
940.000 0.502
941.000 0.503
942.000 0.501
943.000 0.499
944.000 0.502
945.000 0.499
946.000 0.495
947.000 0.496
948.000 0.497
949.000 0.495
950.000 0.492
951.000 0.492
952.000 0.492
953.000 0.493
954.000 0.494
955.000 0.493
956.000 0.490
957.000 0.493
958.000 0.494
959.000 0.493
960.000 0.494
961.000 0.495
962.000 0.495
963.000 0.495
964.000 0.498
965.000 0.501
966.000 0.501
967.000 0.501
968.000 0.502
969.000 0.503
970.000 0.503
971.000 0.503
972.000 0.504
973.000 0.503
974.000 0.503
975.000 0.505
976.000 0.502
977.000 0.504
978.000 0.505
979.000 0.504
980.000 0.505
981.000 0.507
982.000 0.508
983.000 0.508
984.000 0.511
985.000 0.512
986.000 0.513
987.000 0.513
988.000 0.514
989.000 0.513
990.000 0.513
991.000 0.514
992.000 0.516
993.000 0.515
994.000 0.516
995.000 0.518
996.000 0.517
997.000 0.517
998.000 0.517
999.000 0.518
1000.000 0.519
1001.000 0.522
1002.000 0.523
1003.000 0.524
1004.000 0.525
1005.000 0.526
1006.000 0.526
1007.000 0.526
1008.000 0.527
1009.000 0.527
1010.000 0.528
1011.000 0.529
1012.000 0.530
1013.000 0.531
1014.000 0.532
1015.000 0.532
1016.000 0.533
1017.000 0.534
1018.000 0.534
1019.000 0.535
1020.000 0.536
1021.000 0.536
1022.000 0.537
1023.000 0.538
1024.000 0.540
1025.000 0.540
1026.000 0.540
1027.000 0.540
1028.000 0.541
1029.000 0.541
1030.000 0.542
1031.000 0.542
1032.000 0.543
1033.000 0.542
1034.000 0.543
1035.000 0.544
1036.000 0.544
1037.000 0.545
1038.000 0.546
1039.000 0.547
1040.000 0.547
1041.000 0.549
1042.000 0.550
1043.000 0.550
1044.000 0.550
1045.000 0.550
1046.000 0.550
1047.000 0.549
1048.000 0.550
1049.000 0.552
1050.000 0.552
1051.000 0.553
1052.000 0.553
1053.000 0.553
1054.000 0.554
1055.000 0.555
1056.000 0.555
1057.000 0.555
1058.000 0.555
1059.000 0.555
1060.000 0.555
1061.000 0.555
1062.000 0.554
1063.000 0.555
1064.000 0.555
1065.000 0.556
1066.000 0.556
1067.000 0.556
1068.000 0.556
1069.000 0.555
1070.000 0.556
1071.000 0.556
1072.000 0.556
1073.000 0.556
1074.000 0.556
1075.000 0.556
1076.000 0.556
1077.000 0.556
1078.000 0.556
1079.000 0.556
1080.000 0.556
1081.000 0.555
1082.000 0.555
1083.000 0.555
1084.000 0.555
1085.000 0.555
1086.000 0.556
1087.000 0.556
1088.000 0.555
1089.000 0.555
1090.000 0.555
1091.000 0.554
1092.000 0.555
1093.000 0.554
1094.000 0.554
1095.000 0.553
1096.000 0.552
1097.000 0.551
1098.000 0.550
1099.000 0.549
1100.000 0.548
1101.000 0.547
1102.000 0.548
1103.000 0.548
1104.000 0.547
1105.000 0.546
1106.000 0.545
1107.000 0.544
1108.000 0.543
1109.000 0.543
1110.000 0.541
1111.000 0.539
1112.000 0.537
1113.000 0.535
1114.000 0.534
1115.000 0.535
1116.000 0.536
1117.000 0.536
1118.000 0.534
1119.000 0.532
1120.000 0.530
1121.000 0.529
1122.000 0.531
1123.000 0.530
1124.000 0.524
1125.000 0.522
1126.000 0.521
1127.000 0.518
1128.000 0.514
1129.000 0.513
1130.000 0.508
1131.000 0.505
1132.000 0.507
1133.000 0.506
1134.000 0.504
1135.000 0.505
1136.000 0.502
1137.000 0.502
1138.000 0.502
1139.000 0.497
1140.000 0.496
1141.000 0.497
1142.000 0.495
1143.000 0.492
1144.000 0.491
1145.000 0.489
1146.000 0.488
1147.000 0.488
1148.000 0.489
1149.000 0.486
1150.000 0.482
1151.000 0.480
1152.000 0.479
1153.000 0.477
1154.000 0.477
1155.000 0.477
1156.000 0.475
1157.000 0.475
1158.000 0.477
1159.000 0.477
1160.000 0.478
1161.000 0.478
1162.000 0.478
1163.000 0.479
1164.000 0.478
1165.000 0.478
1166.000 0.479
1167.000 0.479
1168.000 0.478
1169.000 0.478
1170.000 0.478
1171.000 0.478
1172.000 0.478
1173.000 0.478
1174.000 0.478
1175.000 0.478
1176.000 0.478
1177.000 0.479
1178.000 0.479
1179.000 0.478
1180.000 0.477
1181.000 0.477
1182.000 0.476
1183.000 0.476
1184.000 0.476
1185.000 0.476
1186.000 0.476
1187.000 0.477
1188.000 0.478
1189.000 0.478
1190.000 0.478
1191.000 0.478
1192.000 0.478
1193.000 0.478
1194.000 0.478
1195.000 0.477
1196.000 0.478
1197.000 0.478
1198.000 0.477
1199.000 0.477
1200.000 0.477
1201.000 0.477
1202.000 0.478
1203.000 0.479
1204.000 0.478
1205.000 0.479
1206.000 0.479
1207.000 0.478
1208.000 0.479
1209.000 0.479
1210.000 0.480
1211.000 0.481
1212.000 0.481
1213.000 0.481
1214.000 0.481
1215.000 0.481
1216.000 0.481
1217.000 0.482
1218.000 0.483
1219.000 0.482
1220.000 0.483
1221.000 0.484
1222.000 0.484
1223.000 0.485
1224.000 0.486
1225.000 0.486
1226.000 0.487
1227.000 0.487
1228.000 0.487
1229.000 0.488
1230.000 0.488
1231.000 0.489
1232.000 0.489
1233.000 0.489
1234.000 0.490
1235.000 0.491
1236.000 0.490
1237.000 0.490
1238.000 0.491
1239.000 0.491
1240.000 0.492
1241.000 0.493
1242.000 0.492
1243.000 0.493
1244.000 0.494
1245.000 0.494
1246.000 0.495
1247.000 0.495
1248.000 0.496
1249.000 0.495
1250.000 0.496
1251.000 0.496
1252.000 0.496
1253.000 0.496
1254.000 0.497
1255.000 0.497
1256.000 0.497
1257.000 0.497
1258.000 0.498
1259.000 0.498
1260.000 0.498
1261.000 0.497
1262.000 0.497
1263.000 0.497
1264.000 0.497
1265.000 0.497
1266.000 0.497
1267.000 0.497
1268.000 0.497
1269.000 0.498
1270.000 0.498
1271.000 0.498
1272.000 0.498
1273.000 0.498
1274.000 0.499
1275.000 0.499
1276.000 0.499
1277.000 0.498
1278.000 0.498
1279.000 0.498
1280.000 0.497
1281.000 0.497
1282.000 0.497
1283.000 0.497
1284.000 0.497
1285.000 0.497
1286.000 0.497
1287.000 0.496
1288.000 0.497
1289.000 0.496
1290.000 0.494
1291.000 0.493
1292.000 0.491
1293.000 0.490
1294.000 0.489
1295.000 0.489
1296.000 0.488
1297.000 0.488
1298.000 0.487
1299.000 0.486
1300.000 0.486
1301.000 0.485
1302.000 0.484
1303.000 0.482
1304.000 0.481
1305.000 0.479
1306.000 0.478
1307.000 0.477
1308.000 0.476
1309.000 0.475
1310.000 0.473
1311.000 0.472
1312.000 0.471
1313.000 0.469
1314.000 0.467
1315.000 0.465
1316.000 0.463
1317.000 0.462
1318.000 0.460
1319.000 0.458
1320.000 0.456
1321.000 0.454
1322.000 0.451
1323.000 0.450
1324.000 0.448
1325.000 0.445
1326.000 0.443
1327.000 0.440
1328.000 0.437
1329.000 0.435
1330.000 0.436
1331.000 0.435
1332.000 0.435
1333.000 0.434
1334.000 0.431
1335.000 0.429
1336.000 0.427
1337.000 0.424
1338.000 0.421
1339.000 0.418
1340.000 0.412
1341.000 0.409
1342.000 0.408
1343.000 0.406
1344.000 0.405
1345.000 0.404
1346.000 0.402
1347.000 0.399
1348.000 0.396
1349.000 0.393
1350.000 0.392
1351.000 0.388
1352.000 0.382
1353.000 0.391
1354.000 0.400
1355.000 0.333
1356.000 0.323
1357.000 0.342
1358.000 0.353
1359.000 0.434
1360.000 0.638
1361.000 0.384
1362.000 0.396
1363.000 0.349
1364.000 0.316
1365.000 0.420
1366.000 0.379
1367.000 0.529
1368.000 0.595
1369.000 0.635
1370.000 0.647
1371.000 0.560
1372.000 0.276
1373.000 0.252
1374.000 0.254
1375.000 0.303
1376.000 0.336
1377.000 0.332
1378.000 0.574
1379.000 0.371
1380.000 0.465
1381.000 0.485
1382.000 0.583
1383.000 0.446
1384.000 0.241
1385.000 0.236
1386.000 0.203
1387.000 0.197
1388.000 0.364
1389.000 0.473
1390.000 0.389
1391.000 0.366
1392.000 0.344
1393.000 0.386
1394.000 0.315
1395.000 0.360
1396.000 0.603
1397.000 0.566
1398.000 0.558
1399.000 0.458
1400.000 0.334
1401.000 0.238
1402.000 0.383
1403.000 0.308
1404.000 0.185
1405.000 0.202
1406.000 0.186
1407.000 0.214
1408.000 0.318
1409.000 0.424
1410.000 0.228
1411.000 0.179
1412.000 0.247
1413.000 0.321
1414.000 0.316
1415.000 0.179
1416.000 0.188
1417.000 0.229
1418.000 0.258
1419.000 0.207
1420.000 0.205
1421.000 0.228
1422.000 0.245
1423.000 0.131
1424.000 0.157
1425.000 0.132
1426.000 0.124
1427.000 0.107
1428.000 0.107
1429.000 0.110
1430.000 0.099
1431.000 0.087
1432.000 0.093
1433.000 0.120
1434.000 0.110
1435.000 0.107
1436.000 0.106
1437.000 0.102
1438.000 0.106
1439.000 0.156
1440.000 0.162
1441.000 0.130
1442.000 0.109
1443.000 0.107
1444.000 0.104
1445.000 0.118
1446.000 0.128
1447.000 0.142
1448.000 0.142
1449.000 0.140
1450.000 0.136
1451.000 0.137
1452.000 0.134
1453.000 0.137
1454.000 0.137
1455.000 0.137
1456.000 0.138
1457.000 0.141
1458.000 0.157
1459.000 0.143
1460.000 0.116
1461.000 0.112
1462.000 0.108
1463.000 0.109
1464.000 0.120
1465.000 0.124
1466.000 0.122
1467.000 0.125
1468.000 0.122
1469.000 0.121
1470.000 0.126
1471.000 0.126
1472.000 0.118
1473.000 0.121
1474.000 0.131
1475.000 0.139
1476.000 0.161
1477.000 0.163
1478.000 0.159
1479.000 0.145
1480.000 0.133
1481.000 0.133
1482.000 0.141
1483.000 0.148
1484.000 0.161
1485.000 0.166
1486.000 0.169
1487.000 0.167
1488.000 0.158
1489.000 0.155
1490.000 0.150
1491.000 0.148
1492.000 0.151
1493.000 0.152
1494.000 0.155
1495.000 0.157
1496.000 0.162
1497.000 0.166
1498.000 0.170
1499.000 0.173
1500.000 0.176
1501.000 0.178
1502.000 0.179
1503.000 0.181
1504.000 0.182
1505.000 0.182
1506.000 0.183
1507.000 0.184
1508.000 0.184
1509.000 0.185
1510.000 0.186
1511.000 0.187
1512.000 0.188
1513.000 0.189
1514.000 0.190
1515.000 0.191
1516.000 0.192
1517.000 0.195
1518.000 0.196
1519.000 0.196
1520.000 0.197
1521.000 0.198
1522.000 0.200
1523.000 0.202
1524.000 0.205
1525.000 0.207
1526.000 0.209
1527.000 0.211
1528.000 0.212
1529.000 0.213
1530.000 0.214
1531.000 0.214
1532.000 0.215
1533.000 0.215
1534.000 0.216
1535.000 0.216
1536.000 0.218
1537.000 0.220
1538.000 0.223
1539.000 0.224
1540.000 0.226
1541.000 0.227
1542.000 0.228
1543.000 0.229
1544.000 0.231
1545.000 0.232
1546.000 0.234
1547.000 0.235
1548.000 0.237
1549.000 0.239
1550.000 0.240
1551.000 0.243
1552.000 0.243
1553.000 0.243
1554.000 0.243
1555.000 0.244
1556.000 0.246
1557.000 0.247
1558.000 0.248
1559.000 0.250
1560.000 0.251
1561.000 0.253
1562.000 0.255
1563.000 0.256
1564.000 0.256
1565.000 0.256
1566.000 0.257
1567.000 0.258
1568.000 0.260
1569.000 0.262
1570.000 0.263
1571.000 0.265
1572.000 0.266
1573.000 0.267
1574.000 0.268
1575.000 0.270
1576.000 0.271
1577.000 0.270
1578.000 0.271
1579.000 0.273
1580.000 0.274
1581.000 0.275
1582.000 0.276
1583.000 0.274
1584.000 0.275
1585.000 0.277
1586.000 0.278
1587.000 0.281
1588.000 0.282
1589.000 0.281
1590.000 0.281
1591.000 0.281
1592.000 0.281
1593.000 0.281
1594.000 0.282
1595.000 0.282
1596.000 0.283
1597.000 0.285
1598.000 0.287
1599.000 0.290
1600.000 0.291
1601.000 0.292
1602.000 0.293
1603.000 0.294
1604.000 0.295
1605.000 0.297
1606.000 0.299
1607.000 0.299
1608.000 0.299
1609.000 0.301
1610.000 0.301
1611.000 0.302
1612.000 0.302
1613.000 0.301
1614.000 0.301
1615.000 0.303
1616.000 0.304
1617.000 0.304
1618.000 0.305
1619.000 0.306
1620.000 0.307
1621.000 0.310
1622.000 0.310
1623.000 0.309
1624.000 0.308
1625.000 0.307
1626.000 0.308
1627.000 0.310
1628.000 0.312
1629.000 0.313
1630.000 0.314
1631.000 0.315
1632.000 0.315
1633.000 0.316
1634.000 0.316
1635.000 0.317
1636.000 0.316
1637.000 0.316
1638.000 0.316
1639.000 0.316
1640.000 0.316
1641.000 0.317
1642.000 0.317
1643.000 0.317
1644.000 0.318
1645.000 0.318
1646.000 0.318
1647.000 0.320
1648.000 0.321
1649.000 0.319
1650.000 0.320
1651.000 0.319
1652.000 0.320
1653.000 0.321
1654.000 0.322
1655.000 0.321
1656.000 0.321
1657.000 0.321
1658.000 0.321
1659.000 0.323
1660.000 0.324
1661.000 0.324
1662.000 0.324
1663.000 0.323
1664.000 0.323
1665.000 0.326
1666.000 0.326
1667.000 0.325
1668.000 0.325
1669.000 0.324
1670.000 0.324
1671.000 0.325
1672.000 0.325
1673.000 0.326
1674.000 0.325
1675.000 0.324
1676.000 0.323
1677.000 0.320
1678.000 0.320
1679.000 0.322
1680.000 0.323
1681.000 0.325
1682.000 0.325
1683.000 0.324
1684.000 0.324
1685.000 0.326
1686.000 0.326
1687.000 0.326
1688.000 0.327
1689.000 0.325
1690.000 0.325
1691.000 0.327
1692.000 0.327
1693.000 0.327
1694.000 0.326
1695.000 0.325
1696.000 0.324
1697.000 0.322
1698.000 0.322
1699.000 0.321
1700.000 0.321
1701.000 0.323
1702.000 0.324
1703.000 0.326
1704.000 0.326
1705.000 0.323
1706.000 0.323
1707.000 0.324
1708.000 0.323
1709.000 0.321
1710.000 0.320
1711.000 0.316
1712.000 0.314
1713.000 0.312
1714.000 0.311
1715.000 0.313
1716.000 0.314
1717.000 0.316
1718.000 0.317
1719.000 0.315
1720.000 0.312
1721.000 0.310
1722.000 0.311
1723.000 0.312
1724.000 0.312
1725.000 0.314
1726.000 0.315
1727.000 0.314
1728.000 0.314
1729.000 0.311
1730.000 0.306
1731.000 0.304
1732.000 0.303
1733.000 0.303
1734.000 0.305
1735.000 0.306
1736.000 0.307
1737.000 0.306
1738.000 0.304
1739.000 0.303
1740.000 0.302
1741.000 0.302
1742.000 0.301
1743.000 0.301
1744.000 0.303
1745.000 0.303
1746.000 0.306
1747.000 0.306
1748.000 0.300
1749.000 0.298
1750.000 0.296
1751.000 0.294
1752.000 0.292
1753.000 0.291
1754.000 0.286
1755.000 0.286
1756.000 0.291
1757.000 0.291
1758.000 0.292
1759.000 0.290
1760.000 0.285
1761.000 0.287
1762.000 0.286
1763.000 0.288
1764.000 0.290
1765.000 0.288
1766.000 0.287
1767.000 0.283
1768.000 0.277
1769.000 0.278
1770.000 0.284
1771.000 0.283
1772.000 0.281
1773.000 0.281
1774.000 0.272
1775.000 0.269
1776.000 0.270
1777.000 0.271
1778.000 0.270
1779.000 0.272
1780.000 0.275
1781.000 0.272
1782.000 0.268
1783.000 0.263
1784.000 0.261
1785.000 0.267
1786.000 0.268
1787.000 0.273
1788.000 0.273
1789.000 0.263
1790.000 0.260
1791.000 0.260
1792.000 0.261
1793.000 0.272
1794.000 0.269
1795.000 0.264
1796.000 0.280
1797.000 0.261
1798.000 0.275
1799.000 0.320
1800.000 0.308
1801.000 0.346
1802.000 0.351
1803.000 0.368
1804.000 0.390
1805.000 0.383
1806.000 0.389
1807.000 0.406
1808.000 0.427
1809.000 0.424
1810.000 0.399
1811.000 0.416
1812.000 0.447
1813.000 0.391
1814.000 0.494
1815.000 0.541
1816.000 0.553
1817.000 0.474
1818.000 0.558
1819.000 0.203
1820.000 0.317
1821.000 0.268
1822.000 0.378
1823.000 0.374
1824.000 0.324
1825.000 0.376
1826.000 0.442
1827.000 0.538
1828.000 0.677
1829.000 0.538
1830.000 0.482
1831.000 0.510
1832.000 0.430
1833.000 0.257
1834.000 0.309
1835.000 0.284
1836.000 0.189
1837.000 0.392
1838.000 0.453
1839.000 0.500
1840.000 0.545
1841.000 0.624
1842.000 0.598
1843.000 0.459
1844.000 0.463
1845.000 0.445
1846.000 0.385
1847.000 0.373
1848.000 0.404
1849.000 0.400
1850.000 0.381
1851.000 0.345
1852.000 0.308
1853.000 0.419
1854.000 0.267
1855.000 0.354
1856.000 0.566
1857.000 0.717
1858.000 0.678
1859.000 0.590
1860.000 0.482
1861.000 0.616
1862.000 0.640
1863.000 0.660
1864.000 0.630
1865.000 0.587
1866.000 0.643
1867.000 0.485
1868.000 0.371
1869.000 0.443
1870.000 0.660
1871.000 0.696
1872.000 0.745
1873.000 0.749
1874.000 0.527
1875.000 0.585
1876.000 0.648
1877.000 0.316
1878.000 0.677
1879.000 0.510
1880.000 0.521
1881.000 0.505
1882.000 0.487
1883.000 0.534
1884.000 0.404
1885.000 0.450
1886.000 0.453
1887.000 0.593
1888.000 0.603
1889.000 0.534
1890.000 0.357
1891.000 0.409
1892.000 0.483
1893.000 0.489
1894.000 0.417
1895.000 0.438
1896.000 0.315
1897.000 0.314
1898.000 0.366
1899.000 0.378
1900.000 0.620
1901.000 0.618
1902.000 0.520
1903.000 0.509
1904.000 0.626
1905.000 0.494
1906.000 0.431
1907.000 0.322
1908.000 0.323
1909.000 0.322
1910.000 0.313
1911.000 0.433
1912.000 0.509
1913.000 0.569
1914.000 0.609
1915.000 0.445
1916.000 0.364
1917.000 0.469
1918.000 0.383
1919.000 0.370
1920.000 0.384
1921.000 0.437
1922.000 0.310
1923.000 0.371
1924.000 0.371
1925.000 0.572
1926.000 0.506
1927.000 0.379
1928.000 0.215
1929.000 0.350
1930.000 0.370
1931.000 0.381
1932.000 0.423
1933.000 0.426
1934.000 0.426
1935.000 0.341
1936.000 0.218
1937.000 0.154
1938.000 0.159
1939.000 0.183
1940.000 0.312
1941.000 0.195
1942.000 0.205
1943.000 0.251
1944.000 0.322
1945.000 0.285
1946.000 0.226
1947.000 0.203
1948.000 0.212
1949.000 0.212
1950.000 0.170
1951.000 0.194
1952.000 0.180
1953.000 0.276
1954.000 0.318
1955.000 0.337
1956.000 0.369
1957.000 0.312
1958.000 0.318
1959.000 0.298
1960.000 0.388
1961.000 0.422
1962.000 0.330
1963.000 0.237
1964.000 0.245
1965.000 0.280
1966.000 0.310
1967.000 0.264
1968.000 0.203
1969.000 0.191
1970.000 0.175
1971.000 0.181
1972.000 0.170
1973.000 0.135
1974.000 0.091
1975.000 0.077
1976.000 0.101
1977.000 0.097
1978.000 0.094
1979.000 0.077
1980.000 0.085
1981.000 0.099
1982.000 0.118
1983.000 0.136
1984.000 0.067
1985.000 0.131
1986.000 0.094
1987.000 0.081
1988.000 0.076
1989.000 0.073
1990.000 0.069
1991.000 0.160
1992.000 0.134
1993.000 0.094
1994.000 0.095
1995.000 0.105
1996.000 0.145
1997.000 0.210
1998.000 0.141
1999.000 0.171
2000.000 0.170
2001.000 0.167
2002.000 0.171
2003.000 0.204
2004.000 0.244
2005.000 0.262
2006.000 0.219
2007.000 0.207
2008.000 0.191
2009.000 0.180
2010.000 0.197
2011.000 0.185
2012.000 0.188
2013.000 0.205
2014.000 0.212
2015.000 0.247
2016.000 0.231
2017.000 0.187
2018.000 0.180
2019.000 0.161
2020.000 0.119
2021.000 0.157
2022.000 0.158
2023.000 0.166
2024.000 0.133
2025.000 0.131
2026.000 0.131
2027.000 0.146
2028.000 0.192
2029.000 0.191
2030.000 0.183
2031.000 0.173
2032.000 0.147
2033.000 0.135
2034.000 0.134
2035.000 0.142
2036.000 0.121
2037.000 0.131
2038.000 0.134
2039.000 0.132
2040.000 0.143
2041.000 0.139
2042.000 0.144
2043.000 0.170
2044.000 0.182
2045.000 0.178
2046.000 0.230
2047.000 0.221
2048.000 0.213
2049.000 0.202
2050.000 0.121
2051.000 0.168
2052.000 0.186
2053.000 0.165
2054.000 0.166
2055.000 0.174
2056.000 0.160
2057.000 0.176
2058.000 0.181
2059.000 0.187
2060.000 0.178
2061.000 0.175
2062.000 0.164
2063.000 0.152
2064.000 0.141
2065.000 0.128
2066.000 0.124
2067.000 0.119
2068.000 0.113
2069.000 0.109
2070.000 0.113
2071.000 0.119
2072.000 0.127
2073.000 0.145
2074.000 0.166
2075.000 0.186
2076.000 0.183
2077.000 0.203
2078.000 0.207
2079.000 0.174
2080.000 0.166
2081.000 0.172
2082.000 0.161
2083.000 0.156
2084.000 0.146
2085.000 0.138
2086.000 0.142
2087.000 0.146
2088.000 0.159
2089.000 0.171
2090.000 0.184
2091.000 0.183
2092.000 0.182
2093.000 0.170
2094.000 0.143
2095.000 0.137
2096.000 0.136
2097.000 0.137
2098.000 0.147
2099.000 0.159
2100.000 0.159
2101.000 0.152
2102.000 0.158
2103.000 0.161
2104.000 0.173
2105.000 0.197
2106.000 0.192
2107.000 0.210
2108.000 0.197
2109.000 0.195
2110.000 0.189
2111.000 0.172
2112.000 0.172
2113.000 0.180
2114.000 0.182
2115.000 0.178
2116.000 0.176
2117.000 0.173
2118.000 0.167
2119.000 0.167
2120.000 0.166
2121.000 0.163
2122.000 0.163
2123.000 0.167
2124.000 0.181
2125.000 0.188
2126.000 0.209
2127.000 0.220
2128.000 0.203
2129.000 0.197
2130.000 0.195
2131.000 0.197
2132.000 0.200
2133.000 0.200
2134.000 0.204
2135.000 0.205
2136.000 0.201
2137.000 0.193
2138.000 0.196
2139.000 0.201
2140.000 0.210
2141.000 0.234
2142.000 0.239
2143.000 0.231
2144.000 0.220
2145.000 0.206
2146.000 0.196
2147.000 0.199
2148.000 0.212
2149.000 0.191
2150.000 0.187
2151.000 0.188
2152.000 0.188
2153.000 0.197
2154.000 0.205
2155.000 0.213
2156.000 0.226
2157.000 0.239
2158.000 0.249
2159.000 0.225
2160.000 0.207
2161.000 0.196
2162.000 0.182
2163.000 0.178
2164.000 0.178
2165.000 0.178
2166.000 0.179
2167.000 0.188
2168.000 0.210
2169.000 0.213
2170.000 0.214
2171.000 0.210
2172.000 0.186
2173.000 0.182
2174.000 0.184
2175.000 0.188
2176.000 0.200
2177.000 0.221
2178.000 0.223
2179.000 0.220
2180.000 0.219
2181.000 0.211
2182.000 0.207
2183.000 0.212
2184.000 0.201
2185.000 0.178
2186.000 0.174
2187.000 0.175
2188.000 0.176
2189.000 0.196
2190.000 0.198
2191.000 0.186
2192.000 0.181
2193.000 0.170
2194.000 0.169
2195.000 0.173
2196.000 0.178
2197.000 0.192
2198.000 0.199
2199.000 0.205
2200.000 0.211
2201.000 0.218
2202.000 0.216
2203.000 0.205
2204.000 0.202
2205.000 0.207
2206.000 0.208
2207.000 0.217
2208.000 0.233
2209.000 0.238
2210.000 0.242
2211.000 0.238
2212.000 0.226
2213.000 0.217
2214.000 0.205
2215.000 0.198
2216.000 0.191
2217.000 0.192
2218.000 0.201
2219.000 0.203
2220.000 0.210
2221.000 0.213
2222.000 0.201
2223.000 0.196
2224.000 0.194
2225.000 0.193
2226.000 0.194
2227.000 0.193
2228.000 0.189
2229.000 0.187
2230.000 0.176
2231.000 0.170
2232.000 0.170
2233.000 0.174
2234.000 0.196
2235.000 0.233
2236.000 0.259
2237.000 0.268
2238.000 0.252
2239.000 0.204
2240.000 0.190
2241.000 0.176
2242.000 0.169
2243.000 0.168
2244.000 0.173
2245.000 0.191
2246.000 0.195
2247.000 0.200
2248.000 0.200
2249.000 0.184
2250.000 0.185
2251.000 0.194
2252.000 0.201
2253.000 0.205
2254.000 0.207
2255.000 0.201
2256.000 0.199
2257.000 0.210
2258.000 0.208
2259.000 0.206
2260.000 0.201
2261.000 0.189
2262.000 0.176
2263.000 0.184
2264.000 0.204
2265.000 0.222
2266.000 0.242
2267.000 0.226
2268.000 0.208
2269.000 0.204
2270.000 0.177
2271.000 0.169
2272.000 0.165
2273.000 0.164
2274.000 0.179
2275.000 0.186
2276.000 0.215
2277.000 0.243
2278.000 0.212
2279.000 0.221
2280.000 0.228
2281.000 0.219
2282.000 0.221
2283.000 0.232
2284.000 0.235
2285.000 0.199
2286.000 0.174
2287.000 0.174
2288.000 0.201
2289.000 0.186
2290.000 0.232
2291.000 0.217
2292.000 0.211
2293.000 0.191
2294.000 0.205
2295.000 0.199
2296.000 0.181
2297.000 0.199
2298.000 0.194
2299.000 0.200
2300.000 0.222
2301.000 0.191
2302.000 0.148
2303.000 0.178
2304.000 0.172
2305.000 0.180
2306.000 0.206
2307.000 0.175
2308.000 0.190
2309.000 0.168
2310.000 0.187
2311.000 0.179
2312.000 0.141
2313.000 0.142
2314.000 0.155
2315.000 0.164
2316.000 0.201
2317.000 0.194
2318.000 0.257
2319.000 0.156
2320.000 0.140
2321.000 0.129
2322.000 0.102
2323.000 0.068
2324.000 0.176
2325.000 0.101
2326.000 0.125
2327.000 0.131
2328.000 0.131
2329.000 0.142
2330.000 0.131
2331.000 0.123
2332.000 0.131
2333.000 0.142
2334.000 0.141
2335.000 0.183
2336.000 0.197
2337.000 0.197
2338.000 0.182
2339.000 0.244
2340.000 0.230
2341.000 0.208
2342.000 0.193
2343.000 0.177
2344.000 0.199
2345.000 0.187
2346.000 0.169
2347.000 0.195
2348.000 0.212
2349.000 0.218
2350.000 0.226
2351.000 0.233
2352.000 0.239
2353.000 0.117
2354.000 0.122
2355.000 0.207
2356.000 0.231
2357.000 0.249
2358.000 0.211
2359.000 0.157
2360.000 0.162
2361.000 0.203
2362.000 0.194
2363.000 0.249
2364.000 0.194
2365.000 0.163
2366.000 0.163
2367.000 0.162
2368.000 0.272
2369.000 0.249
2370.000 0.239
2371.000 0.164
2372.000 0.151
2373.000 0.136
2374.000 0.087
2375.000 0.177
2376.000 0.200
2377.000 0.279
2378.000 0.206
2379.000 0.221
2380.000 0.209
2381.000 0.111
2382.000 0.059
2383.000 0.100
2384.000 0.130
2385.000 0.094
2386.000 0.149
2387.000 0.135
2388.000 0.167
2389.000 0.209
2390.000 0.306
2391.000 0.182
2392.000 0.138
2393.000 0.247
2394.000 0.229
2395.000 0.151
2396.000 0.067
2397.000 0.204
2398.000 0.185
2399.000 0.153
2400.000 0.121
2401.000 0.203
2402.000 0.155
2403.000 0.118
2404.000 0.166
2405.000 0.184
2406.000 0.208
2407.000 0.217
2408.000 0.251
2409.000 0.181
2410.000 0.272
2411.000 0.090
2412.000 0.218
2413.000 0.274
2414.000 0.251
2415.000 0.221
2416.000 0.218
2417.000 0.198
2418.000 0.196
2419.000 0.176
2420.000 0.118
2421.000 0.116
2422.000 0.110
2423.000 0.098
2424.000 0.138
2425.000 0.190
2426.000 0.223
2427.000 0.116
2428.000 0.080
2429.000 0.048
2430.000 0.107
2431.000 0.204
2432.000 0.216
2433.000 0.416
2434.000 0.274
2435.000 0.257
2436.000 0.237
2437.000 0.167
2438.000 0.151
2439.000 0.216
2440.000 0.367
2441.000 0.423
2442.000 0.398
2443.000 0.275
2444.000 0.276
2445.000 0.307
2446.000 0.367
2447.000 0.206
2448.000 0.177
2449.000 0.192
2450.000 0.189
2451.000 0.283
2452.000 0.142
2453.000 0.187
2454.000 0.186
2455.000 0.194
2456.000 0.170
2457.000 0.185
2458.000 0.228
2459.000 0.249
2460.000 0.178
2461.000 0.314
2462.000 0.283
2463.000 0.261
2464.000 0.204
2465.000 0.303
2466.000 0.287
2467.000 0.286
2468.000 0.326
2469.000 0.228
2470.000 0.294
2471.000 0.393
2472.000 0.333
2473.000 0.319
2474.000 0.367
2475.000 0.352
2476.000 0.421
2477.000 0.415
2478.000 0.409
2479.000 0.606
2480.000 0.358
2481.000 0.447
2482.000 0.200
2483.000 0.474
2484.000 0.547
2485.000 0.660
2486.000 0.299
2487.000 0.115
2488.000 0.270
2489.000 0.280
2490.000 0.288
2491.000 0.360
2492.000 0.362
2493.000 0.575
2494.000 0.304
2495.000 0.295
2496.000 0.286
2497.000 0.503
2498.000 0.546
2499.000 0.518
2500.000 0.372
