391.000 0.046
392.000 0.040
393.000 0.037
394.000 0.046
395.000 0.053
396.000 0.054
397.000 0.050
398.000 0.046
399.000 0.046
400.000 0.045
401.000 0.041
402.000 0.042
403.000 0.041
404.000 0.039
405.000 0.041
406.000 0.043
407.000 0.047
408.000 0.048
409.000 0.044
410.000 0.046
411.000 0.047
412.000 0.047
413.000 0.049
414.000 0.049
415.000 0.045
416.000 0.040
417.000 0.043
418.000 0.045
419.000 0.044
420.000 0.041
421.000 0.042
422.000 0.043
423.000 0.042
424.000 0.041
425.000 0.044
426.000 0.046
427.000 0.044
428.000 0.045
429.000 0.048
430.000 0.048
431.000 0.045
432.000 0.046
433.000 0.046
434.000 0.043
435.000 0.046
436.000 0.046
437.000 0.045
438.000 0.046
439.000 0.046
440.000 0.046
441.000 0.046
442.000 0.046
443.000 0.047
444.000 0.047
445.000 0.046
446.000 0.046
447.000 0.047
448.000 0.047
449.000 0.047
450.000 0.047
451.000 0.047
452.000 0.047
453.000 0.047
454.000 0.048
455.000 0.048
456.000 0.046
457.000 0.047
458.000 0.047
459.000 0.048
460.000 0.050
461.000 0.050
462.000 0.048
463.000 0.047
464.000 0.048
465.000 0.050
466.000 0.051
467.000 0.050
468.000 0.049
469.000 0.048
470.000 0.048
471.000 0.048
472.000 0.048
473.000 0.048
474.000 0.049
475.000 0.050
476.000 0.050
477.000 0.050
478.000 0.051
479.000 0.049
480.000 0.049
481.000 0.050
482.000 0.052
483.000 0.049
484.000 0.049
485.000 0.052
486.000 0.051
487.000 0.051
488.000 0.052
489.000 0.051
490.000 0.052
491.000 0.052
492.000 0.050
493.000 0.051
494.000 0.052
495.000 0.052
496.000 0.052
497.000 0.054
498.000 0.053
499.000 0.052
500.000 0.053
501.000 0.054
502.000 0.056
503.000 0.057
504.000 0.056
505.000 0.057
506.000 0.059
507.000 0.060
508.000 0.061
509.000 0.062
510.000 0.062
511.000 0.064
512.000 0.067
513.000 0.069
514.000 0.070
515.000 0.070
516.000 0.072
517.000 0.074
518.000 0.076
519.000 0.079
520.000 0.081
521.000 0.083
522.000 0.086
523.000 0.089
524.000 0.092
525.000 0.094
526.000 0.095
527.000 0.099
528.000 0.102
529.000 0.103
530.000 0.104
531.000 0.106
532.000 0.108
533.000 0.109
534.000 0.111
535.000 0.113
536.000 0.114
537.000 0.115
538.000 0.115
539.000 0.115
540.000 0.116
541.000 0.118
542.000 0.119
543.000 0.119
544.000 0.118
545.000 0.118
546.000 0.118
547.000 0.118
548.000 0.119
549.000 0.120
550.000 0.122
551.000 0.121
552.000 0.120
553.000 0.120
554.000 0.121
555.000 0.121
556.000 0.120
557.000 0.119
558.000 0.120
559.000 0.118
560.000 0.118
561.000 0.117
562.000 0.114
563.000 0.114
564.000 0.113
565.000 0.112
566.000 0.110
567.000 0.108
568.000 0.107
569.000 0.105
570.000 0.104
571.000 0.103
572.000 0.101
573.000 0.101
574.000 0.101
575.000 0.100
576.000 0.097
577.000 0.094
578.000 0.093
579.000 0.093
580.000 0.094
581.000 0.094
582.000 0.093
583.000 0.090
584.000 0.090
585.000 0.090
586.000 0.089
587.000 0.087
588.000 0.087
589.000 0.088
590.000 0.088
591.000 0.086
592.000 0.085
593.000 0.084
594.000 0.086
595.000 0.085
596.000 0.085
597.000 0.085
598.000 0.083
599.000 0.082
600.000 0.082
601.000 0.084
602.000 0.084
603.000 0.083
604.000 0.081
605.000 0.082
606.000 0.083
607.000 0.082
608.000 0.079
609.000 0.080
610.000 0.081
611.000 0.081
612.000 0.080
613.000 0.079
614.000 0.078
615.000 0.078
616.000 0.078
617.000 0.077
618.000 0.076
619.000 0.076
620.000 0.076
621.000 0.075
622.000 0.076
623.000 0.078
624.000 0.078
625.000 0.077
626.000 0.076
627.000 0.076
628.000 0.077
629.000 0.078
630.000 0.076
631.000 0.077
632.000 0.077
633.000 0.074
634.000 0.073
635.000 0.074
636.000 0.075
637.000 0.073
638.000 0.072
639.000 0.073
640.000 0.073
641.000 0.070
642.000 0.070
643.000 0.071
644.000 0.071
645.000 0.070
646.000 0.068
647.000 0.068
648.000 0.069
649.000 0.070
650.000 0.070
651.000 0.068
652.000 0.071
653.000 0.069
654.000 0.067
655.000 0.067
656.000 0.070
657.000 0.070
658.000 0.068
659.000 0.067
660.000 0.069
661.000 0.070
662.000 0.069
663.000 0.065
664.000 0.066
665.000 0.068
666.000 0.067
667.000 0.066
668.000 0.068
669.000 0.070
670.000 0.067
671.000 0.068
672.000 0.071
673.000 0.072
674.000 0.071
675.000 0.071
676.000 0.073
677.000 0.075
678.000 0.077
679.000 0.077
680.000 0.077
681.000 0.079
682.000 0.078
683.000 0.078
684.000 0.080
685.000 0.083
686.000 0.086
687.000 0.087
688.000 0.085
689.000 0.086
690.000 0.090
691.000 0.094
692.000 0.097
693.000 0.100
694.000 0.105
695.000 0.113
696.000 0.119
697.000 0.125
698.000 0.133
699.000 0.139
700.000 0.147
701.000 0.155
702.000 0.164
703.000 0.173
704.000 0.183
705.000 0.192
706.000 0.200
707.000 0.209
708.000 0.218
709.000 0.227
710.000 0.236
711.000 0.245
712.000 0.254
713.000 0.263
714.000 0.271
715.000 0.280
716.000 0.289
717.000 0.296
718.000 0.306
719.000 0.316
720.000 0.326
721.000 0.335
722.000 0.344
723.000 0.352
724.000 0.360
725.000 0.369
726.000 0.376
727.000 0.385
728.000 0.393
729.000 0.400
730.000 0.408
731.000 0.414
732.000 0.422
733.000 0.429
734.000 0.435
735.000 0.440
736.000 0.445
737.000 0.450
738.000 0.456
739.000 0.460
740.000 0.465
741.000 0.469
742.000 0.472
743.000 0.476
744.000 0.480
745.000 0.483
746.000 0.485
747.000 0.488
748.000 0.490
749.000 0.493
750.000 0.494
751.000 0.496
752.000 0.498
753.000 0.500
754.000 0.502
755.000 0.503
756.000 0.505
757.000 0.506
758.000 0.508
759.000 0.507
760.000 0.507
761.000 0.506
762.000 0.508
763.000 0.509
764.000 0.510
765.000 0.512
766.000 0.514
767.000 0.515
768.000 0.517
769.000 0.518
770.000 0.518
771.000 0.519
772.000 0.520
773.000 0.521
774.000 0.521
775.000 0.522
776.000 0.523
777.000 0.524
778.000 0.524
779.000 0.524
780.000 0.525
781.000 0.526
782.000 0.526
783.000 0.527
784.000 0.527
785.000 0.528
786.000 0.527
787.000 0.528
788.000 0.528
789.000 0.528
790.000 0.529
791.000 0.529
792.000 0.530
793.000 0.531
794.000 0.531
795.000 0.532
796.000 0.533
797.000 0.533
798.000 0.533
799.000 0.534
800.000 0.534
801.000 0.534
802.000 0.535
803.000 0.535
804.000 0.536
805.000 0.537
806.000 0.538
807.000 0.538
808.000 0.539
809.000 0.539
810.000 0.539
811.000 0.538
812.000 0.538
813.000 0.538
814.000 0.538
815.000 0.537
816.000 0.537
817.000 0.538
818.000 0.538
819.000 0.539
820.000 0.541
821.000 0.542
822.000 0.542
823.000 0.541
824.000 0.542
825.000 0.544
826.000 0.545
827.000 0.545
828.000 0.546
829.000 0.546
830.000 0.546
831.000 0.547
832.000 0.547
833.000 0.548
834.000 0.549
835.000 0.550
836.000 0.551
837.000 0.552
838.000 0.552
839.000 0.553
840.000 0.554
841.000 0.555
842.000 0.556
843.000 0.556
844.000 0.556
845.000 0.557
846.000 0.557
847.000 0.558
848.000 0.558
849.000 0.559
850.000 0.560
851.000 0.560
852.000 0.560
853.000 0.561
854.000 0.561
855.000 0.561
856.000 0.562
857.000 0.562
858.000 0.563
859.000 0.563
860.000 0.563
861.000 0.564
862.000 0.565
863.000 0.565
864.000 0.565
865.000 0.565
866.000 0.565
867.000 0.565
868.000 0.566
869.000 0.567
870.000 0.567
871.000 0.568
872.000 0.568
873.000 0.568
874.000 0.568
875.000 0.569
876.000 0.569
877.000 0.570
878.000 0.570
879.000 0.570
880.000 0.571
881.000 0.571
882.000 0.572
883.000 0.572
884.000 0.572
885.000 0.572
886.000 0.573
887.000 0.574
888.000 0.574
889.000 0.574
890.000 0.574
891.000 0.574
892.000 0.574
893.000 0.575
894.000 0.574
895.000 0.573
896.000 0.573
897.000 0.572
898.000 0.571
899.000 0.572
900.000 0.572
901.000 0.573
902.000 0.574
903.000 0.574
904.000 0.576
905.000 0.576
906.000 0.577
907.000 0.576
908.000 0.575
909.000 0.574
910.000 0.573
911.000 0.574
912.000 0.574
913.000 0.576
914.000 0.576
915.000 0.575
916.000 0.576
917.000 0.577
918.000 0.577
919.000 0.579
920.000 0.579
921.000 0.581
922.000 0.580
923.000 0.579
924.000 0.581
925.000 0.581
926.000 0.580
927.000 0.579
928.000 0.577
929.000 0.576
930.000 0.575
931.000 0.573
932.000 0.568
933.000 0.560
934.000 0.555
935.000 0.556
936.000 0.555
937.000 0.559
938.000 0.559
939.000 0.556
940.000 0.552
941.000 0.560
942.000 0.566
943.000 0.564
944.000 0.558
945.000 0.561
946.000 0.564
947.000 0.562
948.000 0.563
949.000 0.565
950.000 0.563
951.000 0.559
952.000 0.566
953.000 0.571
954.000 0.566
955.000 0.557
956.000 0.561
957.000 0.568
958.000 0.570
959.000 0.567
960.000 0.570
961.000 0.569
962.000 0.568
963.000 0.568
964.000 0.573
965.000 0.575
966.000 0.575
967.000 0.576
968.000 0.577
969.000 0.577
970.000 0.579
971.000 0.581
972.000 0.580
973.000 0.577
974.000 0.575
975.000 0.576
976.000 0.579
977.000 0.582
978.000 0.582
979.000 0.581
980.000 0.581
981.000 0.580
982.000 0.581
983.000 0.583
984.000 0.587
985.000 0.585
986.000 0.586
987.000 0.592
988.000 0.593
989.000 0.590
990.000 0.590
991.000 0.592
992.000 0.591
993.000 0.594
994.000 0.595
995.000 0.595
996.000 0.597
997.000 0.593
998.000 0.594
999.000 0.596
1000.000 0.596
1001.000 0.597
1002.000 0.598
1003.000 0.600
1004.000 0.601
1005.000 0.602
1006.000 0.602
1007.000 0.602
1008.000 0.602
1009.000 0.602
1010.000 0.602
1011.000 0.602
1012.000 0.603
1013.000 0.602
1014.000 0.602
1015.000 0.603
1016.000 0.603
1017.000 0.604
1018.000 0.605
1019.000 0.605
1020.000 0.607
1021.000 0.607
1022.000 0.608
1023.000 0.610
1024.000 0.611
1025.000 0.612
1026.000 0.613
1027.000 0.613
1028.000 0.613
1029.000 0.614
1030.000 0.614
1031.000 0.615
1032.000 0.616
1033.000 0.617
1034.000 0.619
1035.000 0.620
1036.000 0.621
1037.000 0.621
1038.000 0.621
1039.000 0.621
1040.000 0.621
1041.000 0.620
1042.000 0.620
1043.000 0.621
1044.000 0.622
1045.000 0.623
1046.000 0.625
1047.000 0.626
1048.000 0.627
1049.000 0.628
1050.000 0.628
1051.000 0.628
1052.000 0.627
1053.000 0.627
1054.000 0.626
1055.000 0.626
1056.000 0.627
1057.000 0.627
1058.000 0.626
1059.000 0.626
1060.000 0.625
1061.000 0.625
1062.000 0.625
1063.000 0.625
1064.000 0.626
1065.000 0.628
1066.000 0.629
1067.000 0.631
1068.000 0.632
1069.000 0.632
1070.000 0.631
1071.000 0.630
1072.000 0.630
1073.000 0.630
1074.000 0.630
1075.000 0.630
1076.000 0.630
1077.000 0.630
1078.000 0.630
1079.000 0.630
1080.000 0.630
1081.000 0.629
1082.000 0.630
1083.000 0.629
1084.000 0.629
1085.000 0.629
1086.000 0.629
1087.000 0.628
1088.000 0.628
1089.000 0.629
1090.000 0.630
1091.000 0.630
1092.000 0.631
1093.000 0.631
1094.000 0.631
1095.000 0.629
1096.000 0.628
1097.000 0.628
1098.000 0.627
1099.000 0.626
1100.000 0.623
1101.000 0.622
1102.000 0.622
1103.000 0.623
1104.000 0.623
1105.000 0.624
1106.000 0.623
1107.000 0.622
1108.000 0.620
1109.000 0.617
1110.000 0.614
1111.000 0.611
1112.000 0.610
1113.000 0.608
1114.000 0.608
1115.000 0.610
1116.000 0.609
1117.000 0.607
1118.000 0.605
1119.000 0.599
1120.000 0.592
1121.000 0.589
1122.000 0.584
1123.000 0.581
1124.000 0.584
1125.000 0.585
1126.000 0.587
1127.000 0.587
1128.000 0.587
1129.000 0.585
1130.000 0.582
1131.000 0.584
1132.000 0.583
1133.000 0.579
1134.000 0.581
1135.000 0.583
1136.000 0.586
1137.000 0.590
1138.000 0.590
1139.000 0.589
1140.000 0.588
1141.000 0.586
1142.000 0.583
1143.000 0.576
1144.000 0.574
1145.000 0.572
1146.000 0.572
1147.000 0.578
1148.000 0.585
1149.000 0.587
1150.000 0.584
1151.000 0.578
1152.000 0.574
1153.000 0.572
1154.000 0.574
1155.000 0.576
1156.000 0.580
1157.000 0.580
1158.000 0.578
1159.000 0.579
1160.000 0.580
1161.000 0.582
1162.000 0.583
1163.000 0.585
1164.000 0.584
1165.000 0.584
1166.000 0.585
1167.000 0.586
1168.000 0.589
1169.000 0.589
1170.000 0.589
1171.000 0.589
1172.000 0.589
1173.000 0.588
1174.000 0.589
1175.000 0.590
1176.000 0.591
1177.000 0.591
1178.000 0.591
1179.000 0.591
1180.000 0.591
1181.000 0.591
1182.000 0.590
1183.000 0.590
1184.000 0.589
1185.000 0.589
1186.000 0.588
1187.000 0.589
1188.000 0.590
1189.000 0.591
1190.000 0.592
1191.000 0.593
1192.000 0.592
1193.000 0.591
1194.000 0.590
1195.000 0.590
1196.000 0.590
1197.000 0.590
1198.000 0.592
1199.000 0.593
1200.000 0.594
1201.000 0.594
1202.000 0.593
1203.000 0.593
1204.000 0.593
1205.000 0.593
1206.000 0.593
1207.000 0.593
1208.000 0.593
1209.000 0.594
1210.000 0.594
1211.000 0.595
1212.000 0.595
1213.000 0.595
1214.000 0.595
1215.000 0.597
1216.000 0.598
1217.000 0.599
1218.000 0.599
1219.000 0.600
1220.000 0.601
1221.000 0.601
1222.000 0.601
1223.000 0.602
1224.000 0.603
1225.000 0.604
1226.000 0.605
1227.000 0.606
1228.000 0.607
1229.000 0.609
1230.000 0.609
1231.000 0.610
1232.000 0.610
1233.000 0.611
1234.000 0.610
1235.000 0.610
1236.000 0.610
1237.000 0.612
1238.000 0.614
1239.000 0.615
1240.000 0.615
1241.000 0.615
1242.000 0.615
1243.000 0.616
1244.000 0.617
1245.000 0.617
1246.000 0.617
1247.000 0.617
1248.000 0.617
1249.000 0.617
1250.000 0.617
1251.000 0.618
1252.000 0.619
1253.000 0.619
1254.000 0.619
1255.000 0.619
1256.000 0.619
1257.000 0.618
1258.000 0.618
1259.000 0.618
1260.000 0.619
1261.000 0.620
1262.000 0.621
1263.000 0.623
1264.000 0.624
1265.000 0.622
1266.000 0.622
1267.000 0.622
1268.000 0.622
1269.000 0.623
1270.000 0.624
1271.000 0.625
1272.000 0.626
1273.000 0.625
1274.000 0.625
1275.000 0.625
1276.000 0.625
1277.000 0.625
1278.000 0.625
1279.000 0.625
1280.000 0.626
1281.000 0.626
1282.000 0.625
1283.000 0.625
1284.000 0.624
1285.000 0.624
1286.000 0.625
1287.000 0.625
1288.000 0.625
1289.000 0.624
1290.000 0.623
1291.000 0.623
1292.000 0.621
1293.000 0.621
1294.000 0.620
1295.000 0.620
1296.000 0.619
1297.000 0.620
1298.000 0.619
1299.000 0.618
1300.000 0.618
1301.000 0.616
1302.000 0.614
1303.000 0.612
1304.000 0.611
1305.000 0.608
1306.000 0.606
1307.000 0.604
1308.000 0.603
1309.000 0.603
1310.000 0.602
1311.000 0.601
1312.000 0.600
1313.000 0.597
1314.000 0.596
1315.000 0.594
1316.000 0.592
1317.000 0.591
1318.000 0.589
1319.000 0.585
1320.000 0.582
1321.000 0.580
1322.000 0.577
1323.000 0.576
1324.000 0.576
1325.000 0.574
1326.000 0.571
1327.000 0.569
1328.000 0.566
1329.000 0.565
1330.000 0.567
1331.000 0.565
1332.000 0.559
1333.000 0.556
1334.000 0.550
1335.000 0.547
1336.000 0.547
1337.000 0.547
1338.000 0.547
1339.000 0.545
1340.000 0.542
1341.000 0.540
1342.000 0.532
1343.000 0.528
1344.000 0.529
1345.000 0.528
1346.000 0.529
1347.000 0.529
1348.000 0.528
1349.000 0.520
1350.000 0.518
1351.000 0.530
1352.000 0.522
1353.000 0.498
1354.000 0.521
1355.000 0.459
1356.000 0.414
1357.000 0.423
1358.000 0.442
1359.000 0.505
1360.000 0.410
1361.000 0.410
1362.000 0.421
1363.000 0.408
1364.000 0.328
1365.000 0.215
1366.000 0.243
1367.000 0.352
1368.000 0.407
1369.000 0.472
1370.000 0.531
1371.000 0.565
1372.000 0.459
1373.000 0.433
1374.000 0.337
1375.000 0.327
1376.000 0.319
1377.000 0.466
1378.000 0.375
1379.000 0.418
1380.000 0.427
1381.000 0.523
1382.000 0.244
1383.000 0.741
1384.000 0.519
1385.000 0.571
1386.000 0.554
1387.000 0.489
1388.000 0.459
1389.000 0.411
1390.000 0.287
1391.000 0.254
1392.000 0.315
1393.000 0.314
1394.000 0.324
1395.000 0.292
1396.000 0.235
1397.000 0.239
1398.000 0.163
1399.000 0.181
1400.000 0.262
1401.000 0.326
1402.000 0.357
1403.000 0.447
1404.000 0.329
1405.000 0.324
1406.000 0.465
1407.000 0.409
1408.000 0.340
1409.000 0.317
1410.000 0.259
1411.000 0.289
1412.000 0.319
1413.000 0.301
1414.000 0.377
1415.000 0.404
1416.000 0.418
1417.000 0.427
1418.000 0.383
1419.000 0.267
1420.000 0.244
1421.000 0.365
1422.000 0.362
1423.000 0.335
1424.000 0.355
1425.000 0.474
1426.000 0.397
1427.000 0.358
1428.000 0.355
1429.000 0.456
1430.000 0.392
1431.000 0.303
1432.000 0.289
1433.000 0.301
1434.000 0.261
1435.000 0.204
1436.000 0.207
1437.000 0.230
1438.000 0.266
1439.000 0.318
1440.000 0.392
1441.000 0.434
1442.000 0.333
1443.000 0.342
1444.000 0.332
1445.000 0.369
1446.000 0.332
1447.000 0.379
1448.000 0.348
1449.000 0.255
1450.000 0.252
1451.000 0.229
1452.000 0.244
1453.000 0.215
1454.000 0.214
1455.000 0.203
1456.000 0.177
1457.000 0.170
1458.000 0.176
1459.000 0.170
1460.000 0.195
1461.000 0.197
1462.000 0.199
1463.000 0.198
1464.000 0.183
1465.000 0.210
1466.000 0.239
1467.000 0.221
1468.000 0.236
1469.000 0.237
1470.000 0.213
1471.000 0.209
1472.000 0.211
1473.000 0.205
1474.000 0.215
1475.000 0.219
1476.000 0.253
1477.000 0.257
1478.000 0.250
1479.000 0.242
1480.000 0.221
1481.000 0.207
1482.000 0.179
1483.000 0.169
1484.000 0.178
1485.000 0.183
1486.000 0.192
1487.000 0.196
1488.000 0.197
1489.000 0.197
1490.000 0.191
1491.000 0.191
1492.000 0.193
1493.000 0.195
1494.000 0.200
1495.000 0.205
1496.000 0.208
1497.000 0.213
1498.000 0.218
1499.000 0.224
1500.000 0.224
1501.000 0.225
1502.000 0.225
1503.000 0.222
1504.000 0.223
1505.000 0.225
1506.000 0.225
1507.000 0.224
1508.000 0.225
1509.000 0.225
1510.000 0.228
1511.000 0.232
1512.000 0.235
1513.000 0.238
1514.000 0.240
1515.000 0.240
1516.000 0.244
1517.000 0.248
1518.000 0.252
1519.000 0.261
1520.000 0.265
1521.000 0.265
1522.000 0.266
1523.000 0.264
1524.000 0.265
1525.000 0.267
1526.000 0.268
1527.000 0.267
1528.000 0.269
1529.000 0.270
1530.000 0.273
1531.000 0.279
1532.000 0.282
1533.000 0.283
1534.000 0.284
1535.000 0.282
1536.000 0.284
1537.000 0.288
1538.000 0.292
1539.000 0.296
1540.000 0.299
1541.000 0.299
1542.000 0.301
1543.000 0.303
1544.000 0.304
1545.000 0.303
1546.000 0.304
1547.000 0.305
1548.000 0.306
1549.000 0.309
1550.000 0.311
1551.000 0.311
1552.000 0.312
1553.000 0.314
1554.000 0.315
1555.000 0.316
1556.000 0.317
1557.000 0.318
1558.000 0.320
1559.000 0.323
1560.000 0.325
1561.000 0.328
1562.000 0.330
1563.000 0.330
1564.000 0.332
1565.000 0.335
1566.000 0.337
1567.000 0.339
1568.000 0.341
1569.000 0.341
1570.000 0.342
1571.000 0.343
1572.000 0.345
1573.000 0.346
1574.000 0.348
1575.000 0.349
1576.000 0.352
1577.000 0.356
1578.000 0.359
1579.000 0.363
1580.000 0.366
1581.000 0.365
1582.000 0.365
1583.000 0.364
1584.000 0.365
1585.000 0.365
1586.000 0.367
1587.000 0.370
1588.000 0.373
1589.000 0.376
1590.000 0.378
1591.000 0.380
1592.000 0.380
1593.000 0.381
1594.000 0.382
1595.000 0.381
1596.000 0.383
1597.000 0.383
1598.000 0.384
1599.000 0.390
1600.000 0.391
1601.000 0.389
1602.000 0.388
1603.000 0.386
1604.000 0.387
1605.000 0.392
1606.000 0.395
1607.000 0.400
1608.000 0.402
1609.000 0.403
1610.000 0.403
1611.000 0.400
1612.000 0.399
1613.000 0.398
1614.000 0.398
1615.000 0.401
1616.000 0.404
1617.000 0.408
1618.000 0.410
1619.000 0.409
1620.000 0.410
1621.000 0.411
1622.000 0.412
1623.000 0.415
1624.000 0.416
1625.000 0.416
1626.000 0.418
1627.000 0.419
1628.000 0.420
1629.000 0.423
1630.000 0.425
1631.000 0.427
1632.000 0.427
1633.000 0.425
1634.000 0.425
1635.000 0.426
1636.000 0.427
1637.000 0.428
1638.000 0.428
1639.000 0.422
1640.000 0.421
1641.000 0.422
1642.000 0.422
1643.000 0.427
1644.000 0.430
1645.000 0.430
1646.000 0.431
1647.000 0.431
1648.000 0.430
1649.000 0.428
1650.000 0.427
1651.000 0.426
1652.000 0.426
1653.000 0.431
1654.000 0.433
1655.000 0.434
1656.000 0.435
1657.000 0.434
1658.000 0.434
1659.000 0.435
1660.000 0.434
1661.000 0.431
1662.000 0.430
1663.000 0.430
1664.000 0.430
1665.000 0.430
1666.000 0.432
1667.000 0.435
1668.000 0.437
1669.000 0.440
1670.000 0.441
1671.000 0.438
1672.000 0.438
1673.000 0.438
1674.000 0.437
1675.000 0.436
1676.000 0.435
1677.000 0.433
1678.000 0.433
1679.000 0.434
1680.000 0.435
1681.000 0.438
1682.000 0.438
1683.000 0.437
1684.000 0.437
1685.000 0.434
1686.000 0.433
1687.000 0.435
1688.000 0.435
1689.000 0.434
1690.000 0.434
1691.000 0.434
1692.000 0.434
1693.000 0.435
1694.000 0.436
1695.000 0.437
1696.000 0.438
1697.000 0.437
1698.000 0.436
1699.000 0.433
1700.000 0.432
1701.000 0.432
1702.000 0.433
1703.000 0.431
1704.000 0.430
1705.000 0.428
1706.000 0.427
1707.000 0.424
1708.000 0.422
1709.000 0.422
1710.000 0.420
1711.000 0.417
1712.000 0.419
1713.000 0.418
1714.000 0.424
1715.000 0.430
1716.000 0.430
1717.000 0.432
1718.000 0.431
1719.000 0.427
1720.000 0.421
1721.000 0.418
1722.000 0.412
1723.000 0.406
1724.000 0.407
1725.000 0.406
1726.000 0.407
1727.000 0.408
1728.000 0.409
1729.000 0.410
1730.000 0.408
1731.000 0.409
1732.000 0.411
1733.000 0.408
1734.000 0.408
1735.000 0.408
1736.000 0.408
1737.000 0.406
1738.000 0.403
1739.000 0.400
1740.000 0.393
1741.000 0.390
1742.000 0.388
1743.000 0.389
1744.000 0.397
1745.000 0.400
1746.000 0.404
1747.000 0.403
1748.000 0.395
1749.000 0.391
1750.000 0.388
1751.000 0.386
1752.000 0.390
1753.000 0.388
1754.000 0.381
1755.000 0.379
1756.000 0.376
1757.000 0.378
1758.000 0.391
1759.000 0.394
1760.000 0.390
1761.000 0.387
1762.000 0.387
1763.000 0.384
1764.000 0.382
1765.000 0.379
1766.000 0.370
1767.000 0.369
1768.000 0.373
1769.000 0.376
1770.000 0.382
1771.000 0.380
1772.000 0.365
1773.000 0.355
1774.000 0.347
1775.000 0.332
1776.000 0.323
1777.000 0.327
1778.000 0.331
1779.000 0.347
1780.000 0.367
1781.000 0.382
1782.000 0.379
1783.000 0.377
1784.000 0.387
1785.000 0.363
1786.000 0.363
1787.000 0.361
1788.000 0.360
1789.000 0.378
1790.000 0.393
1791.000 0.376
1792.000 0.369
1793.000 0.406
1794.000 0.477
1795.000 0.481
1796.000 0.452
1797.000 0.479
1798.000 0.464
1799.000 0.521
1800.000 0.531
1801.000 0.380
1802.000 0.414
1803.000 0.516
1804.000 0.771
1805.000 0.654
1806.000 0.504
1807.000 0.473
1808.000 0.460
1809.000 0.490
1810.000 0.566
1811.000 0.564
1812.000 0.394
1813.000 0.382
1814.000 0.501
1815.000 0.558
1816.000 0.516
1817.000 0.546
1818.000 0.561
1819.000 0.576
1820.000 0.673
1821.000 0.588
1822.000 0.533
1823.000 0.589
1824.000 0.642
1825.000 0.588
1826.000 0.598
1827.000 0.606
1828.000 0.613
1829.000 0.512
1830.000 0.561
1831.000 0.677
1832.000 0.634
1833.000 0.594
1834.000 0.642
1835.000 0.532
1836.000 0.539
1837.000 0.512
1838.000 0.550
1839.000 0.613
1840.000 0.601
1841.000 0.663
1842.000 0.535
1843.000 0.598
1844.000 0.602
1845.000 0.576
1846.000 0.592
1847.000 0.638
1848.000 0.447
1849.000 0.412
1850.000 0.401
1851.000 0.393
1852.000 0.509
1853.000 0.547
1854.000 0.544
1855.000 0.466
1856.000 0.639
1857.000 0.511
1858.000 0.571
1859.000 0.576
1860.000 0.555
1861.000 0.442
1862.000 0.471
1863.000 0.450
1864.000 0.555
1865.000 0.317
1866.000 0.388
1867.000 0.464
1868.000 0.490
1869.000 0.540
1870.000 0.559
1871.000 0.552
1872.000 0.510
1873.000 0.429
1874.000 0.525
1875.000 0.671
1876.000 0.494
1877.000 0.433
1878.000 0.332
1879.000 0.072
1880.000 0.093
1881.000 0.179
1882.000 0.344
1883.000 0.317
1884.000 0.298
1885.000 0.333
1886.000 0.639
1887.000 0.534
1888.000 0.343
1889.000 0.597
1890.000 0.462
1891.000 0.565
1892.000 0.543
1893.000 0.350
1894.000 0.251
1895.000 0.395
1896.000 0.480
1897.000 0.476
1898.000 0.509
1899.000 0.443
1900.000 0.561
1901.000 0.449
1902.000 0.425
1903.000 0.488
1904.000 0.579
1905.000 0.572
1906.000 0.479
1907.000 0.516
1908.000 0.315
1909.000 0.514
1910.000 0.381
1911.000 0.240
1912.000 0.320
1913.000 0.476
1914.000 0.476
1915.000 0.534
1916.000 0.440
1917.000 0.435
1918.000 0.756
1919.000 0.662
1920.000 0.693
1921.000 0.497
1922.000 0.302
1923.000 0.391
1924.000 0.239
1925.000 0.244
1926.000 0.265
1927.000 0.298
1928.000 0.295
1929.000 0.291
1930.000 0.281
1931.000 0.430
1932.000 0.505
1933.000 0.481
1934.000 0.679
1935.000 0.720
1936.000 0.723
1937.000 0.640
1938.000 0.584
1939.000 0.453
1940.000 0.330
1941.000 0.249
1942.000 0.337
1943.000 0.204
1944.000 0.135
1945.000 0.268
1946.000 0.293
1947.000 0.190
1948.000 0.164
1949.000 0.178
1950.000 0.236
1951.000 0.254
1952.000 0.422
1953.000 0.432
1954.000 0.520
1955.000 0.467
1956.000 0.592
1957.000 0.649
1958.000 0.694
1959.000 0.677
1960.000 0.564
1961.000 0.483
1962.000 0.446
1963.000 0.376
1964.000 0.394
1965.000 0.379
1966.000 0.303
1967.000 0.329
1968.000 0.362
1969.000 0.372
1970.000 0.385
1971.000 0.387
1972.000 0.403
1973.000 0.403
1974.000 0.418
1975.000 0.307
1976.000 0.359
1977.000 0.378
1978.000 0.318
1979.000 0.404
1980.000 0.416
1981.000 0.479
1982.000 0.439
1983.000 0.422
1984.000 0.385
1985.000 0.212
1986.000 0.184
1987.000 0.249
1988.000 0.281
1989.000 0.227
1990.000 0.318
1991.000 0.248
1992.000 0.239
1993.000 0.263
1994.000 0.307
1995.000 0.395
1996.000 0.426
1997.000 0.426
1998.000 0.400
1999.000 0.459
2000.000 0.600
2001.000 0.454
2002.000 0.370
2003.000 0.490
2004.000 0.568
2005.000 0.458
2006.000 0.616
2007.000 0.531
2008.000 0.480
2009.000 0.517
2010.000 0.334
2011.000 0.442
2012.000 0.552
2013.000 0.593
2014.000 0.574
2015.000 0.471
2016.000 0.414
2017.000 0.400
2018.000 0.359
2019.000 0.316
2020.000 0.391
2021.000 0.342
2022.000 0.266
2023.000 0.389
2024.000 0.538
2025.000 0.388
2026.000 0.236
2027.000 0.446
2028.000 0.383
2029.000 0.310
2030.000 0.215
2031.000 0.206
2032.000 0.248
2033.000 0.262
2034.000 0.304
2035.000 0.335
2036.000 0.276
2037.000 0.221
2038.000 0.210
2039.000 0.193
2040.000 0.166
2041.000 0.213
2042.000 0.222
2043.000 0.197
2044.000 0.213
2045.000 0.213
2046.000 0.223
2047.000 0.216
2048.000 0.219
2049.000 0.232
2050.000 0.251
2051.000 0.271
2052.000 0.286
2053.000 0.281
2054.000 0.282
2055.000 0.264
2056.000 0.228
2057.000 0.232
2058.000 0.249
2059.000 0.299
2060.000 0.403
2061.000 0.440
2062.000 0.542
2063.000 0.452
2064.000 0.613
2065.000 0.535
2066.000 0.392
2067.000 0.281
2068.000 0.232
2069.000 0.226
2070.000 0.247
2071.000 0.273
2072.000 0.301
2073.000 0.318
2074.000 0.331
2075.000 0.313
2076.000 0.319
2077.000 0.316
2078.000 0.315
2079.000 0.315
2080.000 0.302
2081.000 0.310
2082.000 0.286
2083.000 0.263
2084.000 0.254
2085.000 0.198
2086.000 0.204
2087.000 0.212
2088.000 0.201
2089.000 0.212
2090.000 0.253
2091.000 0.291
2092.000 0.406
2093.000 0.427
2094.000 0.411
2095.000 0.451
2096.000 0.335
2097.000 0.306
2098.000 0.323
2099.000 0.315
2100.000 0.316
2101.000 0.267
2102.000 0.253
2103.000 0.259
2104.000 0.265
2105.000 0.292
2106.000 0.292
2107.000 0.285
2108.000 0.276
2109.000 0.258
2110.000 0.249
2111.000 0.229
2112.000 0.222
2113.000 0.211
2114.000 0.206
2115.000 0.199
2116.000 0.200
2117.000 0.214
2118.000 0.223
2119.000 0.226
2120.000 0.224
2121.000 0.245
2122.000 0.247
2123.000 0.250
2124.000 0.290
2125.000 0.294
2126.000 0.282
2127.000 0.271
2128.000 0.234
2129.000 0.228
2130.000 0.243
2131.000 0.239
2132.000 0.233
2133.000 0.235
2134.000 0.229
2135.000 0.223
2136.000 0.216
2137.000 0.224
2138.000 0.254
2139.000 0.246
2140.000 0.252
2141.000 0.255
2142.000 0.255
2143.000 0.241
2144.000 0.236
2145.000 0.232
2146.000 0.233
2147.000 0.234
2148.000 0.226
2149.000 0.203
2150.000 0.203
2151.000 0.234
2152.000 0.269
2153.000 0.261
2154.000 0.275
2155.000 0.267
2156.000 0.246
2157.000 0.240
2158.000 0.244
2159.000 0.217
2160.000 0.210
2161.000 0.211
2162.000 0.211
2163.000 0.243
2164.000 0.265
2165.000 0.274
2166.000 0.266
2167.000 0.266
2168.000 0.256
2169.000 0.249
2170.000 0.252
2171.000 0.233
2172.000 0.239
2173.000 0.232
2174.000 0.222
2175.000 0.216
2176.000 0.203
2177.000 0.199
2178.000 0.194
2179.000 0.204
2180.000 0.207
2181.000 0.231
2182.000 0.225
2183.000 0.241
2184.000 0.258
2185.000 0.278
2186.000 0.290
2187.000 0.308
2188.000 0.292
2189.000 0.252
2190.000 0.256
2191.000 0.231
2192.000 0.244
2193.000 0.253
2194.000 0.268
2195.000 0.268
2196.000 0.259
2197.000 0.277
2198.000 0.283
2199.000 0.302
2200.000 0.302
2201.000 0.300
2202.000 0.263
2203.000 0.297
2204.000 0.279
2205.000 0.253
2206.000 0.245
2207.000 0.240
2208.000 0.232
2209.000 0.213
2210.000 0.217
2211.000 0.207
2212.000 0.216
2213.000 0.223
2214.000 0.224
2215.000 0.229
2216.000 0.237
2217.000 0.236
2218.000 0.231
2219.000 0.234
2220.000 0.231
2221.000 0.233
2222.000 0.245
2223.000 0.249
2224.000 0.253
2225.000 0.251
2226.000 0.238
2227.000 0.238
2228.000 0.241
2229.000 0.236
2230.000 0.247
2231.000 0.265
2232.000 0.278
2233.000 0.285
2234.000 0.273
2235.000 0.274
2236.000 0.244
2237.000 0.231
2238.000 0.226
2239.000 0.217
2240.000 0.214
2241.000 0.241
2242.000 0.246
2243.000 0.223
2244.000 0.228
2245.000 0.247
2246.000 0.257
2247.000 0.258
2248.000 0.252
2249.000 0.216
2250.000 0.210
2251.000 0.209
2252.000 0.213
2253.000 0.249
2254.000 0.259
2255.000 0.255
2256.000 0.248
2257.000 0.228
2258.000 0.197
2259.000 0.206
2260.000 0.211
2261.000 0.219
2262.000 0.231
2263.000 0.231
2264.000 0.285
2265.000 0.282
2266.000 0.249
2267.000 0.285
2268.000 0.275
2269.000 0.293
2270.000 0.274
2271.000 0.292
2272.000 0.267
2273.000 0.277
2274.000 0.237
2275.000 0.235
2276.000 0.264
2277.000 0.290
2278.000 0.259
2279.000 0.240
2280.000 0.231
2281.000 0.202
2282.000 0.204
2283.000 0.216
2284.000 0.195
2285.000 0.196
2286.000 0.218
2287.000 0.232
2288.000 0.263
2289.000 0.288
2290.000 0.375
2291.000 0.316
2292.000 0.332
2293.000 0.292
2294.000 0.266
2295.000 0.248
2296.000 0.247
2297.000 0.254
2298.000 0.244
2299.000 0.265
2300.000 0.241
2301.000 0.221
2302.000 0.260
2303.000 0.239
2304.000 0.323
2305.000 0.342
2306.000 0.397
2307.000 0.481
2308.000 0.471
2309.000 0.477
2310.000 0.432
2311.000 0.384
2312.000 0.305
2313.000 0.325
2314.000 0.330
2315.000 0.387
2316.000 0.385
2317.000 0.327
2318.000 0.302
2319.000 0.353
2320.000 0.347
2321.000 0.251
2322.000 0.169
2323.000 0.469
2324.000 0.456
2325.000 0.426
2326.000 0.381
2327.000 0.502
2328.000 0.263
2329.000 0.304
2330.000 0.274
2331.000 0.197
2332.000 0.175
2333.000 0.239
2334.000 0.289
2335.000 0.377
2336.000 0.507
2337.000 0.180
2338.000 0.251
2339.000 0.412
2340.000 0.433
2341.000 0.538
2342.000 0.409
2343.000 0.391
2344.000 0.401
2345.000 0.469
2346.000 0.364
2347.000 0.194
2348.000 0.302
2349.000 0.274
2350.000 0.461
2351.000 0.248
2352.000 0.222
2353.000 0.464
2354.000 0.400
2355.000 0.329
2356.000 0.231
2357.000 0.197
2358.000 0.317
2359.000 0.414
2360.000 0.339
2361.000 0.438
2362.000 0.552
2363.000 0.471
2364.000 0.392
2365.000 0.385
2366.000 0.352
2367.000 0.293
2368.000 0.407
2369.000 0.560
2370.000 0.352
2371.000 0.282
2372.000 0.313
2373.000 0.382
2374.000 0.470
2375.000 0.413
2376.000 0.370
2377.000 0.393
2378.000 0.349
2379.000 0.457
2380.000 0.369
2381.000 0.499
2382.000 0.538
2383.000 0.281
2384.000 0.296
2385.000 0.268
2386.000 0.263
2387.000 0.294
2388.000 0.252
2389.000 0.252
2390.000 0.296
2391.000 0.525
2392.000 0.335
2393.000 0.452
2394.000 0.341
2395.000 0.340
2396.000 0.249
2397.000 0.174
2398.000 0.184
2399.000 0.317
2400.000 0.368
2401.000 0.412
2402.000 0.470
2403.000 0.452
2404.000 0.316
2405.000 0.284
2406.000 0.334
2407.000 0.204
2408.000 0.428
2409.000 0.441
2410.000 0.348
2411.000 0.278
2412.000 0.485
2413.000 0.602
2414.000 0.574
2415.000 0.425
2416.000 0.168
2417.000 0.425
2418.000 0.212
2419.000 0.206
2420.000 0.470
2421.000 0.444
2422.000 0.452
2423.000 0.411
2424.000 0.438
2425.000 0.421
2426.000 0.400
2427.000 0.452
2428.000 0.526
2429.000 0.440
2430.000 0.465
2431.000 0.563
2432.000 0.553
2433.000 0.600
2434.000 0.410
2435.000 0.265
2436.000 0.297
2437.000 0.426
2438.000 0.479
2439.000 0.423
2440.000 0.302
2441.000 0.539
2442.000 0.525
2443.000 0.606
2444.000 0.532
2445.000 0.418
2446.000 0.204
2447.000 0.386
2448.000 0.450
2449.000 0.789
2450.000 0.553
2451.000 0.479
2452.000 0.479
2453.000 0.638
2454.000 0.579
2455.000 0.483
2456.000 0.244
2457.000 0.290
2458.000 0.255
2459.000 0.302
2460.000 0.336
2461.000 0.363
2462.000 0.436
2463.000 0.567
2464.000 0.409
2465.000 0.273
2466.000 0.166
2467.000 0.232
2468.000 0.158
2469.000 0.474
2470.000 0.409
2471.000 0.325
2472.000 0.176
2473.000 0.268
2474.000 0.276
2475.000 0.250
2476.000 0.185
2477.000 0.304
2478.000 0.342
2479.000 0.469
2480.000 0.482
2481.000 0.300
2482.000 0.504
2483.000 0.418
2484.000 0.468
2485.000 0.442
2486.000 0.319
2487.000 0.302
2488.000 0.323
2489.000 0.322
2490.000 0.267
2491.000 0.400
2492.000 0.546
2493.000 0.462
2494.000 0.355
2495.000 0.294
2496.000 0.273
2497.000 0.440
2498.000 0.350
2499.000 0.394
2500.000 0.391
