391.000 0.037
392.000 0.038
393.000 0.038
394.000 0.038
395.000 0.039
396.000 0.043
397.000 0.048
398.000 0.045
399.000 0.042
400.000 0.040
401.000 0.038
402.000 0.041
403.000 0.039
404.000 0.035
405.000 0.035
406.000 0.035
407.000 0.038
408.000 0.041
409.000 0.042
410.000 0.042
411.000 0.041
412.000 0.042
413.000 0.039
414.000 0.040
415.000 0.041
416.000 0.041
417.000 0.041
418.000 0.042
419.000 0.043
420.000 0.040
421.000 0.041
422.000 0.042
423.000 0.040
424.000 0.037
425.000 0.040
426.000 0.042
427.000 0.041
428.000 0.043
429.000 0.044
430.000 0.044
431.000 0.044
432.000 0.043
433.000 0.042
434.000 0.042
435.000 0.044
436.000 0.043
437.000 0.039
438.000 0.039
439.000 0.041
440.000 0.042
441.000 0.042
442.000 0.043
443.000 0.043
444.000 0.043
445.000 0.045
446.000 0.044
447.000 0.044
448.000 0.044
449.000 0.045
450.000 0.045
451.000 0.045
452.000 0.045
453.000 0.044
454.000 0.042
455.000 0.043
456.000 0.045
457.000 0.045
458.000 0.046
459.000 0.044
460.000 0.044
461.000 0.044
462.000 0.045
463.000 0.045
464.000 0.046
465.000 0.045
466.000 0.045
467.000 0.047
468.000 0.045
469.000 0.044
470.000 0.045
471.000 0.045
472.000 0.045
473.000 0.045
474.000 0.046
475.000 0.047
476.000 0.046
477.000 0.046
478.000 0.046
479.000 0.045
480.000 0.046
481.000 0.048
482.000 0.048
483.000 0.047
484.000 0.047
485.000 0.048
486.000 0.047
487.000 0.047
488.000 0.048
489.000 0.048
490.000 0.049
491.000 0.048
492.000 0.048
493.000 0.049
494.000 0.049
495.000 0.048
496.000 0.048
497.000 0.051
498.000 0.052
499.000 0.051
500.000 0.050
501.000 0.051
502.000 0.052
503.000 0.051
504.000 0.050
505.000 0.052
506.000 0.055
507.000 0.058
508.000 0.057
509.000 0.057
510.000 0.058
511.000 0.059
512.000 0.060
513.000 0.061
514.000 0.061
515.000 0.062
516.000 0.065
517.000 0.068
518.000 0.069
519.000 0.071
520.000 0.072
521.000 0.074
522.000 0.075
523.000 0.077
524.000 0.078
525.000 0.080
526.000 0.082
527.000 0.084
528.000 0.087
529.000 0.088
530.000 0.088
531.000 0.089
532.000 0.091
533.000 0.092
534.000 0.093
535.000 0.094
536.000 0.095
537.000 0.095
538.000 0.096
539.000 0.097
540.000 0.098
541.000 0.097
542.000 0.099
543.000 0.100
544.000 0.099
545.000 0.098
546.000 0.097
547.000 0.098
548.000 0.100
549.000 0.100
550.000 0.100
551.000 0.099
552.000 0.100
553.000 0.100
554.000 0.100
555.000 0.100
556.000 0.100
557.000 0.100
558.000 0.100
559.000 0.098
560.000 0.098
561.000 0.098
562.000 0.097
563.000 0.096
564.000 0.095
565.000 0.094
566.000 0.094
567.000 0.094
568.000 0.092
569.000 0.090
570.000 0.089
571.000 0.089
572.000 0.087
573.000 0.086
574.000 0.086
575.000 0.085
576.000 0.084
577.000 0.083
578.000 0.082
579.000 0.081
580.000 0.082
581.000 0.082
582.000 0.082
583.000 0.081
584.000 0.079
585.000 0.080
586.000 0.080
587.000 0.079
588.000 0.078
589.000 0.079
590.000 0.079
591.000 0.078
592.000 0.077
593.000 0.077
594.000 0.075
595.000 0.076
596.000 0.078
597.000 0.077
598.000 0.075
599.000 0.075
600.000 0.075
601.000 0.075
602.000 0.074
603.000 0.074
604.000 0.075
605.000 0.075
606.000 0.075
607.000 0.074
608.000 0.073
609.000 0.075
610.000 0.076
611.000 0.076
612.000 0.074
613.000 0.072
614.000 0.071
615.000 0.072
616.000 0.072
617.000 0.071
618.000 0.071
619.000 0.072
620.000 0.072
621.000 0.071
622.000 0.069
623.000 0.071
624.000 0.071
625.000 0.071
626.000 0.071
627.000 0.071
628.000 0.072
629.000 0.071
630.000 0.070
631.000 0.070
632.000 0.071
633.000 0.071
634.000 0.070
635.000 0.069
636.000 0.070
637.000 0.070
638.000 0.067
639.000 0.067
640.000 0.068
641.000 0.069
642.000 0.067
643.000 0.067
644.000 0.068
645.000 0.068
646.000 0.067
647.000 0.066
648.000 0.066
649.000 0.066
650.000 0.067
651.000 0.067
652.000 0.067
653.000 0.066
654.000 0.066
655.000 0.066
656.000 0.067
657.000 0.068
658.000 0.067
659.000 0.067
660.000 0.069
661.000 0.069
662.000 0.066
663.000 0.065
664.000 0.064
665.000 0.065
666.000 0.068
667.000 0.067
668.000 0.068
669.000 0.068
670.000 0.065
671.000 0.067
672.000 0.068
673.000 0.066
674.000 0.066
675.000 0.070
676.000 0.073
677.000 0.072
678.000 0.072
679.000 0.073
680.000 0.073
681.000 0.072
682.000 0.072
683.000 0.075
684.000 0.078
685.000 0.079
686.000 0.079
687.000 0.081
688.000 0.082
689.000 0.082
690.000 0.084
691.000 0.088
692.000 0.090
693.000 0.092
694.000 0.095
695.000 0.098
696.000 0.104
697.000 0.110
698.000 0.115
699.000 0.119
700.000 0.124
701.000 0.130
702.000 0.136
703.000 0.142
704.000 0.148
705.000 0.154
706.000 0.159
707.000 0.165
708.000 0.170
709.000 0.175
710.000 0.181
711.000 0.187
712.000 0.193
713.000 0.199
714.000 0.205
715.000 0.210
716.000 0.216
717.000 0.221
718.000 0.227
719.000 0.234
720.000 0.240
721.000 0.247
722.000 0.251
723.000 0.257
724.000 0.261
725.000 0.268
726.000 0.273
727.000 0.277
728.000 0.283
729.000 0.288
730.000 0.293
731.000 0.296
732.000 0.300
733.000 0.304
734.000 0.307
735.000 0.311
736.000 0.314
737.000 0.318
738.000 0.321
739.000 0.324
740.000 0.327
741.000 0.329
742.000 0.332
743.000 0.334
744.000 0.336
745.000 0.339
746.000 0.341
747.000 0.343
748.000 0.344
749.000 0.346
750.000 0.345
751.000 0.347
752.000 0.348
753.000 0.349
754.000 0.351
755.000 0.351
756.000 0.353
757.000 0.354
758.000 0.355
759.000 0.355
760.000 0.355
761.000 0.356
762.000 0.357
763.000 0.358
764.000 0.358
765.000 0.359
766.000 0.360
767.000 0.361
768.000 0.362
769.000 0.362
770.000 0.363
771.000 0.363
772.000 0.364
773.000 0.364
774.000 0.365
775.000 0.365
776.000 0.366
777.000 0.367
778.000 0.367
779.000 0.368
780.000 0.368
781.000 0.368
782.000 0.368
783.000 0.369
784.000 0.369
785.000 0.370
786.000 0.370
787.000 0.371
788.000 0.371
789.000 0.371
790.000 0.372
791.000 0.372
792.000 0.372
793.000 0.373
794.000 0.373
795.000 0.374
796.000 0.375
797.000 0.375
798.000 0.375
799.000 0.376
800.000 0.376
801.000 0.377
802.000 0.377
803.000 0.378
804.000 0.378
805.000 0.378
806.000 0.379
807.000 0.379
808.000 0.380
809.000 0.380
810.000 0.380
811.000 0.380
812.000 0.381
813.000 0.381
814.000 0.381
815.000 0.381
816.000 0.382
817.000 0.382
818.000 0.383
819.000 0.383
820.000 0.383
821.000 0.383
822.000 0.384
823.000 0.384
824.000 0.385
825.000 0.386
826.000 0.386
827.000 0.387
828.000 0.387
829.000 0.387
830.000 0.387
831.000 0.387
832.000 0.387
833.000 0.388
834.000 0.389
835.000 0.389
836.000 0.390
837.000 0.390
838.000 0.390
839.000 0.391
840.000 0.391
841.000 0.391
842.000 0.391
843.000 0.391
844.000 0.392
845.000 0.393
846.000 0.393
847.000 0.393
848.000 0.393
849.000 0.394
850.000 0.394
851.000 0.394
852.000 0.394
853.000 0.395
854.000 0.395
855.000 0.396
856.000 0.396
857.000 0.396
858.000 0.397
859.000 0.397
860.000 0.397
861.000 0.397
862.000 0.398
863.000 0.398
864.000 0.398
865.000 0.398
866.000 0.398
867.000 0.398
868.000 0.399
869.000 0.399
870.000 0.400
871.000 0.400
872.000 0.400
873.000 0.401
874.000 0.401
875.000 0.401
876.000 0.401
877.000 0.401
878.000 0.402
879.000 0.402
880.000 0.402
881.000 0.403
882.000 0.403
883.000 0.403
884.000 0.404
885.000 0.404
886.000 0.404
887.000 0.404
888.000 0.405
889.000 0.406
890.000 0.406
891.000 0.406
892.000 0.406
893.000 0.406
894.000 0.406
895.000 0.406
896.000 0.406
897.000 0.407
898.000 0.406
899.000 0.406
900.000 0.408
901.000 0.408
902.000 0.408
903.000 0.408
904.000 0.409
905.000 0.409
906.000 0.409
907.000 0.409
908.000 0.409
909.000 0.409
910.000 0.409
911.000 0.409
912.000 0.410
913.000 0.411
914.000 0.411
915.000 0.410
916.000 0.411
917.000 0.411
918.000 0.411
919.000 0.411
920.000 0.410
921.000 0.412
922.000 0.413
923.000 0.411
924.000 0.413
925.000 0.412
926.000 0.413
927.000 0.414
928.000 0.412
929.000 0.412
930.000 0.405
931.000 0.403
932.000 0.403
933.000 0.402
934.000 0.402
935.000 0.402
936.000 0.404
937.000 0.403
938.000 0.402
939.000 0.404
940.000 0.405
941.000 0.402
942.000 0.401
943.000 0.403
944.000 0.405
945.000 0.406
946.000 0.404
947.000 0.401
948.000 0.403
949.000 0.400
950.000 0.400
951.000 0.402
952.000 0.403
953.000 0.400
954.000 0.401
955.000 0.407
956.000 0.409
957.000 0.404
958.000 0.402
959.000 0.404
960.000 0.404
961.000 0.407
962.000 0.409
963.000 0.410
964.000 0.408
965.000 0.412
966.000 0.413
967.000 0.410
968.000 0.413
969.000 0.413
970.000 0.411
971.000 0.411
972.000 0.414
973.000 0.414
974.000 0.412
975.000 0.413
976.000 0.415
977.000 0.416
978.000 0.416
979.000 0.417
980.000 0.418
981.000 0.417
982.000 0.416
983.000 0.418
984.000 0.418
985.000 0.417
986.000 0.415
987.000 0.415
988.000 0.419
989.000 0.420
990.000 0.419
991.000 0.419
992.000 0.418
993.000 0.417
994.000 0.419
995.000 0.422
996.000 0.423
997.000 0.422
998.000 0.423
999.000 0.424
1000.000 0.424
1001.000 0.425
1002.000 0.425
1003.000 0.425
1004.000 0.426
1005.000 0.427
1006.000 0.428
1007.000 0.428
1008.000 0.429
1009.000 0.428
1010.000 0.429
1011.000 0.428
1012.000 0.428
1013.000 0.428
1014.000 0.430
1015.000 0.430
1016.000 0.432
1017.000 0.433
1018.000 0.433
1019.000 0.434
1020.000 0.435
1021.000 0.434
1022.000 0.433
1023.000 0.433
1024.000 0.434
1025.000 0.434
1026.000 0.435
1027.000 0.435
1028.000 0.436
1029.000 0.436
1030.000 0.437
1031.000 0.437
1032.000 0.437
1033.000 0.438
1034.000 0.438
1035.000 0.440
1036.000 0.441
1037.000 0.440
1038.000 0.441
1039.000 0.441
1040.000 0.440
1041.000 0.440
1042.000 0.440
1043.000 0.442
1044.000 0.442
1045.000 0.443
1046.000 0.443
1047.000 0.443
1048.000 0.442
1049.000 0.441
1050.000 0.441
1051.000 0.442
1052.000 0.441
1053.000 0.443
1054.000 0.443
1055.000 0.443
1056.000 0.443
1057.000 0.443
1058.000 0.442
1059.000 0.442
1060.000 0.443
1061.000 0.444
1062.000 0.444
1063.000 0.445
1064.000 0.445
1065.000 0.445
1066.000 0.445
1067.000 0.446
1068.000 0.446
1069.000 0.446
1070.000 0.446
1071.000 0.445
1072.000 0.445
1073.000 0.445
1074.000 0.446
1075.000 0.447
1076.000 0.447
1077.000 0.447
1078.000 0.447
1079.000 0.447
1080.000 0.447
1081.000 0.447
1082.000 0.447
1083.000 0.446
1084.000 0.447
1085.000 0.447
1086.000 0.447
1087.000 0.447
1088.000 0.447
1089.000 0.448
1090.000 0.447
1091.000 0.447
1092.000 0.448
1093.000 0.448
1094.000 0.447
1095.000 0.448
1096.000 0.447
1097.000 0.447
1098.000 0.447
1099.000 0.446
1100.000 0.441
1101.000 0.441
1102.000 0.441
1103.000 0.441
1104.000 0.440
1105.000 0.440
1106.000 0.440
1107.000 0.440
1108.000 0.440
1109.000 0.439
1110.000 0.439
1111.000 0.439
1112.000 0.439
1113.000 0.438
1114.000 0.438
1115.000 0.437
1116.000 0.437
1117.000 0.438
1118.000 0.438
1119.000 0.440
1120.000 0.439
1121.000 0.438
1122.000 0.439
1123.000 0.438
1124.000 0.435
1125.000 0.436
1126.000 0.439
1127.000 0.440
1128.000 0.443
1129.000 0.443
1130.000 0.441
1131.000 0.438
1132.000 0.437
1133.000 0.435
1134.000 0.432
1135.000 0.432
1136.000 0.431
1137.000 0.430
1138.000 0.430
1139.000 0.429
1140.000 0.429
1141.000 0.431
1142.000 0.430
1143.000 0.431
1144.000 0.430
1145.000 0.426
1146.000 0.425
1147.000 0.424
1148.000 0.426
1149.000 0.427
1150.000 0.428
1151.000 0.428
1152.000 0.426
1153.000 0.423
1154.000 0.423
1155.000 0.422
1156.000 0.427
1157.000 0.429
1158.000 0.429
1159.000 0.429
1160.000 0.429
1161.000 0.429
1162.000 0.430
1163.000 0.430
1164.000 0.429
1165.000 0.430
1166.000 0.429
1167.000 0.430
1168.000 0.430
1169.000 0.430
1170.000 0.431
1171.000 0.431
1172.000 0.431
1173.000 0.433
1174.000 0.433
1175.000 0.434
1176.000 0.434
1177.000 0.433
1178.000 0.433
1179.000 0.433
1180.000 0.432
1181.000 0.431
1182.000 0.431
1183.000 0.431
1184.000 0.431
1185.000 0.431
1186.000 0.431
1187.000 0.432
1188.000 0.431
1189.000 0.431
1190.000 0.432
1191.000 0.432
1192.000 0.433
1193.000 0.432
1194.000 0.432
1195.000 0.432
1196.000 0.431
1197.000 0.431
1198.000 0.432
1199.000 0.433
1200.000 0.434
1201.000 0.435
1202.000 0.435
1203.000 0.435
1204.000 0.435
1205.000 0.434
1206.000 0.434
1207.000 0.434
1208.000 0.434
1209.000 0.435
1210.000 0.435
1211.000 0.435
1212.000 0.436
1213.000 0.436
1214.000 0.436
1215.000 0.436
1216.000 0.437
1217.000 0.436
1218.000 0.436
1219.000 0.437
1220.000 0.438
1221.000 0.437
1222.000 0.438
1223.000 0.437
1224.000 0.438
1225.000 0.439
1226.000 0.440
1227.000 0.441
1228.000 0.441
1229.000 0.442
1230.000 0.441
1231.000 0.442
1232.000 0.442
1233.000 0.443
1234.000 0.443
1235.000 0.444
1236.000 0.444
1237.000 0.445
1238.000 0.446
1239.000 0.446
1240.000 0.446
1241.000 0.446
1242.000 0.446
1243.000 0.446
1244.000 0.446
1245.000 0.446
1246.000 0.446
1247.000 0.446
1248.000 0.446
1249.000 0.447
1250.000 0.447
1251.000 0.448
1252.000 0.448
1253.000 0.448
1254.000 0.448
1255.000 0.448
1256.000 0.449
1257.000 0.449
1258.000 0.449
1259.000 0.450
1260.000 0.451
1261.000 0.450
1262.000 0.451
1263.000 0.451
1264.000 0.451
1265.000 0.451
1266.000 0.450
1267.000 0.450
1268.000 0.450
1269.000 0.451
1270.000 0.451
1271.000 0.452
1272.000 0.453
1273.000 0.453
1274.000 0.453
1275.000 0.453
1276.000 0.453
1277.000 0.453
1278.000 0.452
1279.000 0.452
1280.000 0.453
1281.000 0.453
1282.000 0.452
1283.000 0.452
1284.000 0.452
1285.000 0.452
1286.000 0.453
1287.000 0.453
1288.000 0.452
1289.000 0.452
1290.000 0.453
1291.000 0.453
1292.000 0.453
1293.000 0.453
1294.000 0.452
1295.000 0.451
1296.000 0.450
1297.000 0.450
1298.000 0.449
1299.000 0.449
1300.000 0.449
1301.000 0.448
1302.000 0.448
1303.000 0.448
1304.000 0.447
1305.000 0.445
1306.000 0.443
1307.000 0.442
1308.000 0.442
1309.000 0.441
1310.000 0.440
1311.000 0.440
1312.000 0.439
1313.000 0.439
1314.000 0.438
1315.000 0.436
1316.000 0.435
1317.000 0.435
1318.000 0.434
1319.000 0.433
1320.000 0.431
1321.000 0.431
1322.000 0.431
1323.000 0.430
1324.000 0.429
1325.000 0.427
1326.000 0.424
1327.000 0.422
1328.000 0.421
1329.000 0.419
1330.000 0.419
1331.000 0.419
1332.000 0.420
1333.000 0.420
1334.000 0.418
1335.000 0.418
1336.000 0.415
1337.000 0.413
1338.000 0.411
1339.000 0.409
1340.000 0.405
1341.000 0.403
1342.000 0.402
1343.000 0.402
1344.000 0.405
1345.000 0.406
1346.000 0.405
1347.000 0.406
1348.000 0.404
1349.000 0.393
1350.000 0.394
1351.000 0.412
1352.000 0.424
1353.000 0.445
1354.000 0.461
1355.000 0.548
1356.000 0.573
1357.000 0.605
1358.000 0.622
1359.000 0.694
1360.000 0.655
1361.000 0.581
1362.000 0.245
1363.000 0.490
1364.000 0.404
1365.000 0.225
1366.000 0.254
1367.000 0.184
1368.000 0.232
1369.000 0.200
1370.000 0.481
1371.000 0.642
1372.000 0.657
1373.000 0.519
1374.000 0.562
1375.000 0.415
1376.000 0.344
1377.000 0.288
1378.000 0.203
1379.000 0.204
1380.000 0.297
1381.000 0.579
1382.000 0.579
1383.000 0.602
1384.000 0.485
1385.000 0.400
1386.000 0.428
1387.000 0.316
1388.000 0.479
1389.000 0.443
1390.000 0.400
1391.000 0.370
1392.000 0.401
1393.000 0.431
1394.000 0.262
1395.000 0.370
1396.000 0.443
1397.000 0.352
1398.000 0.312
1399.000 0.352
1400.000 0.412
1401.000 0.462
1402.000 0.384
1403.000 0.423
1404.000 0.168
1405.000 0.254
1406.000 0.282
1407.000 0.300
1408.000 0.320
1409.000 0.479
1410.000 0.636
1411.000 0.390
1412.000 0.530
1413.000 0.649
1414.000 0.628
1415.000 0.359
1416.000 0.532
1417.000 0.466
1418.000 0.419
1419.000 0.463
1420.000 0.281
1421.000 0.258
1422.000 0.220
1423.000 0.182
1424.000 0.143
1425.000 0.510
1426.000 0.368
1427.000 0.267
1428.000 0.170
1429.000 0.208
1430.000 0.647
1431.000 0.471
1432.000 0.484
1433.000 0.469
1434.000 0.506
1435.000 0.397
1436.000 0.374
1437.000 0.254
1438.000 0.354
1439.000 0.233
1440.000 0.239
1441.000 0.293
1442.000 0.329
1443.000 0.242
1444.000 0.276
1445.000 0.312
1446.000 0.278
1447.000 0.278
1448.000 0.256
1449.000 0.210
1450.000 0.193
1451.000 0.192
1452.000 0.180
1453.000 0.184
1454.000 0.181
1455.000 0.181
1456.000 0.220
1457.000 0.230
1458.000 0.221
1459.000 0.216
1460.000 0.232
1461.000 0.229
1462.000 0.199
1463.000 0.206
1464.000 0.229
1465.000 0.232
1466.000 0.239
1467.000 0.228
1468.000 0.205
1469.000 0.194
1470.000 0.197
1471.000 0.200
1472.000 0.233
1473.000 0.236
1474.000 0.214
1475.000 0.215
1476.000 0.209
1477.000 0.206
1478.000 0.205
1479.000 0.184
1480.000 0.176
1481.000 0.172
1482.000 0.161
1483.000 0.161
1484.000 0.167
1485.000 0.175
1486.000 0.188
1487.000 0.196
1488.000 0.204
1489.000 0.209
1490.000 0.206
1491.000 0.207
1492.000 0.209
1493.000 0.209
1494.000 0.209
1495.000 0.211
1496.000 0.212
1497.000 0.212
1498.000 0.210
1499.000 0.212
1500.000 0.214
1501.000 0.212
1502.000 0.216
1503.000 0.218
1504.000 0.219
1505.000 0.222
1506.000 0.224
1507.000 0.225
1508.000 0.226
1509.000 0.228
1510.000 0.229
1511.000 0.231
1512.000 0.231
1513.000 0.231
1514.000 0.232
1515.000 0.234
1516.000 0.235
1517.000 0.237
1518.000 0.238
1519.000 0.237
1520.000 0.237
1521.000 0.239
1522.000 0.241
1523.000 0.244
1524.000 0.246
1525.000 0.247
1526.000 0.247
1527.000 0.246
1528.000 0.246
1529.000 0.246
1530.000 0.248
1531.000 0.251
1532.000 0.254
1533.000 0.257
1534.000 0.258
1535.000 0.260
1536.000 0.262
1537.000 0.262
1538.000 0.263
1539.000 0.263
1540.000 0.263
1541.000 0.263
1542.000 0.262
1543.000 0.263
1544.000 0.264
1545.000 0.267
1546.000 0.268
1547.000 0.269
1548.000 0.269
1549.000 0.266
1550.000 0.265
1551.000 0.266
1552.000 0.267
1553.000 0.271
1554.000 0.273
1555.000 0.276
1556.000 0.278
1557.000 0.278
1558.000 0.279
1559.000 0.280
1560.000 0.281
1561.000 0.283
1562.000 0.283
1563.000 0.282
1564.000 0.283
1565.000 0.284
1566.000 0.285
1567.000 0.285
1568.000 0.286
1569.000 0.286
1570.000 0.286
1571.000 0.290
1572.000 0.292
1573.000 0.295
1574.000 0.296
1575.000 0.296
1576.000 0.297
1577.000 0.296
1578.000 0.297
1579.000 0.300
1580.000 0.302
1581.000 0.303
1582.000 0.304
1583.000 0.302
1584.000 0.301
1585.000 0.300
1586.000 0.301
1587.000 0.303
1588.000 0.304
1589.000 0.307
1590.000 0.309
1591.000 0.311
1592.000 0.313
1593.000 0.315
1594.000 0.316
1595.000 0.315
1596.000 0.315
1597.000 0.315
1598.000 0.315
1599.000 0.318
1600.000 0.320
1601.000 0.323
1602.000 0.321
1603.000 0.319
1604.000 0.319
1605.000 0.318
1606.000 0.317
1607.000 0.318
1608.000 0.318
1609.000 0.318
1610.000 0.318
1611.000 0.318
1612.000 0.318
1613.000 0.317
1614.000 0.318
1615.000 0.318
1616.000 0.320
1617.000 0.323
1618.000 0.326
1619.000 0.329
1620.000 0.332
1621.000 0.333
1622.000 0.334
1623.000 0.333
1624.000 0.333
1625.000 0.331
1626.000 0.331
1627.000 0.332
1628.000 0.333
1629.000 0.335
1630.000 0.335
1631.000 0.336
1632.000 0.335
1633.000 0.333
1634.000 0.332
1635.000 0.336
1636.000 0.336
1637.000 0.337
1638.000 0.337
1639.000 0.337
1640.000 0.337
1641.000 0.340
1642.000 0.340
1643.000 0.341
1644.000 0.341
1645.000 0.340
1646.000 0.339
1647.000 0.335
1648.000 0.335
1649.000 0.335
1650.000 0.335
1651.000 0.339
1652.000 0.340
1653.000 0.340
1654.000 0.340
1655.000 0.338
1656.000 0.338
1657.000 0.338
1658.000 0.338
1659.000 0.338
1660.000 0.339
1661.000 0.342
1662.000 0.343
1663.000 0.343
1664.000 0.343
1665.000 0.341
1666.000 0.340
1667.000 0.339
1668.000 0.339
1669.000 0.340
1670.000 0.341
1671.000 0.343
1672.000 0.344
1673.000 0.342
1674.000 0.342
1675.000 0.341
1676.000 0.340
1677.000 0.339
1678.000 0.339
1679.000 0.339
1680.000 0.340
1681.000 0.345
1682.000 0.346
1683.000 0.345
1684.000 0.344
1685.000 0.340
1686.000 0.338
1687.000 0.336
1688.000 0.336
1689.000 0.338
1690.000 0.339
1691.000 0.342
1692.000 0.343
1693.000 0.340
1694.000 0.339
1695.000 0.338
1696.000 0.337
1697.000 0.337
1698.000 0.338
1699.000 0.342
1700.000 0.343
1701.000 0.345
1702.000 0.343
1703.000 0.336
1704.000 0.335
1705.000 0.335
1706.000 0.335
1707.000 0.340
1708.000 0.340
1709.000 0.338
1710.000 0.337
1711.000 0.334
1712.000 0.332
1713.000 0.331
1714.000 0.329
1715.000 0.330
1716.000 0.330
1717.000 0.331
1718.000 0.334
1719.000 0.334
1720.000 0.332
1721.000 0.331
1722.000 0.330
1723.000 0.333
1724.000 0.338
1725.000 0.341
1726.000 0.345
1727.000 0.346
1728.000 0.343
1729.000 0.339
1730.000 0.336
1731.000 0.334
1732.000 0.333
1733.000 0.333
1734.000 0.332
1735.000 0.331
1736.000 0.330
1737.000 0.328
1738.000 0.321
1739.000 0.319
1740.000 0.320
1741.000 0.320
1742.000 0.322
1743.000 0.324
1744.000 0.327
1745.000 0.329
1746.000 0.336
1747.000 0.335
1748.000 0.324
1749.000 0.319
1750.000 0.313
1751.000 0.309
1752.000 0.308
1753.000 0.307
1754.000 0.305
1755.000 0.304
1756.000 0.309
1757.000 0.312
1758.000 0.317
1759.000 0.317
1760.000 0.316
1761.000 0.310
1762.000 0.307
1763.000 0.303
1764.000 0.302
1765.000 0.303
1766.000 0.301
1767.000 0.299
1768.000 0.294
1769.000 0.293
1770.000 0.291
1771.000 0.284
1772.000 0.285
1773.000 0.287
1774.000 0.287
1775.000 0.295
1776.000 0.290
1777.000 0.288
1778.000 0.286
1779.000 0.274
1780.000 0.281
1781.000 0.285
1782.000 0.278
1783.000 0.285
1784.000 0.279
1785.000 0.276
1786.000 0.268
1787.000 0.263
1788.000 0.267
1789.000 0.280
1790.000 0.280
1791.000 0.295
1792.000 0.284
1793.000 0.279
1794.000 0.275
1795.000 0.268
1796.000 0.273
1797.000 0.248
1798.000 0.269
1799.000 0.264
1800.000 0.288
1801.000 0.530
1802.000 0.562
1803.000 0.624
1804.000 0.660
1805.000 0.649
1806.000 0.616
1807.000 0.631
1808.000 0.618
1809.000 0.550
1810.000 0.698
1811.000 0.641
1812.000 0.771
1813.000 0.741
1814.000 0.739
1815.000 0.692
1816.000 0.687
1817.000 0.691
1818.000 0.748
1819.000 0.728
1820.000 0.793
1821.000 0.742
1822.000 0.574
1823.000 0.513
1824.000 0.611
1825.000 0.552
1826.000 0.643
1827.000 0.636
1828.000 0.661
1829.000 0.587
1830.000 0.742
1831.000 0.756
1832.000 0.690
1833.000 0.712
1834.000 0.808
1835.000 0.753
1836.000 0.753
1837.000 0.701
1838.000 0.752
1839.000 0.762
1840.000 0.770
1841.000 0.801
1842.000 0.843
1843.000 0.611
1844.000 0.361
1845.000 0.578
1846.000 0.797
1847.000 0.821
1848.000 0.814
1849.000 0.826
1850.000 0.794
1851.000 0.766
1852.000 0.603
1853.000 0.648
1854.000 0.566
1855.000 0.510
1856.000 0.433
1857.000 0.488
1858.000 0.573
1859.000 0.598
1860.000 0.651
1861.000 0.458
1862.000 0.504
1863.000 0.467
1864.000 0.714
1865.000 0.628
1866.000 0.792
1867.000 0.778
1868.000 0.802
1869.000 0.826
1870.000 0.850
1871.000 0.721
1872.000 0.737
1873.000 0.636
1874.000 0.640
1875.000 0.590
1876.000 0.553
1877.000 0.605
1878.000 0.624
1879.000 0.431
1880.000 0.499
1881.000 0.451
1882.000 0.428
1883.000 0.350
1884.000 0.308
1885.000 0.320
1886.000 0.362
1887.000 0.194
1888.000 0.207
1889.000 0.419
1890.000 0.581
1891.000 0.646
1892.000 0.508
1893.000 0.437
1894.000 0.479
1895.000 0.538
1896.000 0.576
1897.000 0.606
1898.000 0.631
1899.000 0.448
1900.000 0.530
1901.000 0.509
1902.000 0.480
1903.000 0.552
1904.000 0.617
1905.000 0.483
1906.000 0.509
1907.000 0.432
1908.000 0.415
1909.000 0.350
1910.000 0.364
1911.000 0.447
1912.000 0.573
1913.000 0.656
1914.000 0.728
1915.000 0.794
1916.000 0.742
1917.000 0.683
1918.000 0.743
1919.000 0.813
1920.000 0.648
1921.000 0.486
1922.000 0.453
1923.000 0.442
1924.000 0.448
1925.000 0.385
1926.000 0.329
1927.000 0.322
1928.000 0.275
1929.000 0.341
1930.000 0.265
1931.000 0.496
1932.000 0.470
1933.000 0.577
1934.000 0.740
1935.000 0.659
1936.000 0.833
1937.000 0.794
1938.000 0.834
1939.000 0.663
1940.000 0.460
1941.000 0.398
1942.000 0.560
1943.000 0.511
1944.000 0.501
1945.000 0.485
1946.000 0.577
1947.000 0.481
1948.000 0.422
1949.000 0.424
1950.000 0.496
1951.000 0.495
1952.000 0.619
1953.000 0.670
1954.000 0.639
1955.000 0.416
1956.000 0.480
1957.000 0.484
1958.000 0.485
1959.000 0.474
1960.000 0.348
1961.000 0.341
1962.000 0.375
1963.000 0.460
1964.000 0.508
1965.000 0.596
1966.000 0.555
1967.000 0.495
1968.000 0.512
1969.000 0.398
1970.000 0.399
1971.000 0.389
1972.000 0.362
1973.000 0.318
1974.000 0.305
1975.000 0.294
1976.000 0.259
1977.000 0.249
1978.000 0.250
1979.000 0.268
1980.000 0.282
1981.000 0.298
1982.000 0.241
1983.000 0.183
1984.000 0.170
1985.000 0.165
1986.000 0.169
1987.000 0.203
1988.000 0.212
1989.000 0.210
1990.000 0.221
1991.000 0.233
1992.000 0.239
1993.000 0.269
1994.000 0.293
1995.000 0.320
1996.000 0.400
1997.000 0.404
1998.000 0.315
1999.000 0.303
2000.000 0.433
2001.000 0.440
2002.000 0.388
2003.000 0.455
2004.000 0.697
2005.000 0.713
2006.000 0.741
2007.000 0.745
2008.000 0.712
2009.000 0.498
2010.000 0.418
2011.000 0.419
2012.000 0.449
2013.000 0.525
2014.000 0.444
2015.000 0.304
2016.000 0.283
2017.000 0.284
2018.000 0.286
2019.000 0.301
2020.000 0.322
2021.000 0.317
2022.000 0.272
2023.000 0.245
2024.000 0.235
2025.000 0.248
2026.000 0.262
2027.000 0.251
2028.000 0.235
2029.000 0.234
2030.000 0.232
2031.000 0.229
2032.000 0.239
2033.000 0.238
2034.000 0.232
2035.000 0.214
2036.000 0.205
2037.000 0.205
2038.000 0.227
2039.000 0.219
2040.000 0.225
2041.000 0.225
2042.000 0.225
2043.000 0.217
2044.000 0.212
2045.000 0.209
2046.000 0.208
2047.000 0.211
2048.000 0.212
2049.000 0.214
2050.000 0.220
2051.000 0.211
2052.000 0.208
2053.000 0.200
2054.000 0.213
2055.000 0.232
2056.000 0.255
2057.000 0.254
2058.000 0.241
2059.000 0.246
2060.000 0.236
2061.000 0.235
2062.000 0.229
2063.000 0.257
2064.000 0.249
2065.000 0.255
2066.000 0.285
2067.000 0.283
2068.000 0.285
2069.000 0.290
2070.000 0.265
2071.000 0.227
2072.000 0.219
2073.000 0.217
2074.000 0.225
2075.000 0.260
2076.000 0.266
2077.000 0.257
2078.000 0.258
2079.000 0.248
2080.000 0.248
2081.000 0.260
2082.000 0.275
2083.000 0.281
2084.000 0.289
2085.000 0.275
2086.000 0.270
2087.000 0.267
2088.000 0.262
2089.000 0.259
2090.000 0.266
2091.000 0.260
2092.000 0.242
2093.000 0.237
2094.000 0.232
2095.000 0.226
2096.000 0.230
2097.000 0.230
2098.000 0.229
2099.000 0.216
2100.000 0.214
2101.000 0.215
2102.000 0.216
2103.000 0.231
2104.000 0.241
2105.000 0.257
2106.000 0.259
2107.000 0.254
2108.000 0.250
2109.000 0.230
2110.000 0.228
2111.000 0.239
2112.000 0.238
2113.000 0.242
2114.000 0.241
2115.000 0.228
2116.000 0.222
2117.000 0.220
2118.000 0.213
2119.000 0.208
2120.000 0.211
2121.000 0.210
2122.000 0.219
2123.000 0.226
2124.000 0.235
2125.000 0.237
2126.000 0.243
2127.000 0.239
2128.000 0.223
2129.000 0.218
2130.000 0.216
2131.000 0.212
2132.000 0.216
2133.000 0.214
2134.000 0.204
2135.000 0.203
2136.000 0.200
2137.000 0.203
2138.000 0.206
2139.000 0.213
2140.000 0.228
2141.000 0.231
2142.000 0.237
2143.000 0.247
2144.000 0.247
2145.000 0.241
2146.000 0.234
2147.000 0.217
2148.000 0.214
2149.000 0.215
2150.000 0.215
2151.000 0.223
2152.000 0.230
2153.000 0.241
2154.000 0.249
2155.000 0.262
2156.000 0.274
2157.000 0.258
2158.000 0.249
2159.000 0.237
2160.000 0.230
2161.000 0.226
2162.000 0.227
2163.000 0.230
2164.000 0.238
2165.000 0.245
2166.000 0.263
2167.000 0.271
2168.000 0.274
2169.000 0.275
2170.000 0.273
2171.000 0.265
2172.000 0.248
2173.000 0.235
2174.000 0.214
2175.000 0.207
2176.000 0.207
2177.000 0.214
2178.000 0.220
2179.000 0.230
2180.000 0.231
2181.000 0.232
2182.000 0.227
2183.000 0.224
2184.000 0.226
2185.000 0.225
2186.000 0.238
2187.000 0.269
2188.000 0.281
2189.000 0.298
2190.000 0.295
2191.000 0.265
2192.000 0.259
2193.000 0.255
2194.000 0.251
2195.000 0.261
2196.000 0.264
2197.000 0.267
2198.000 0.262
2199.000 0.246
2200.000 0.239
2201.000 0.242
2202.000 0.218
2203.000 0.226
2204.000 0.243
2205.000 0.269
2206.000 0.288
2207.000 0.290
2208.000 0.285
2209.000 0.279
2210.000 0.257
2211.000 0.248
2212.000 0.240
2213.000 0.243
2214.000 0.262
2215.000 0.262
2216.000 0.268
2217.000 0.268
2218.000 0.249
2219.000 0.247
2220.000 0.254
2221.000 0.256
2222.000 0.252
2223.000 0.254
2224.000 0.260
2225.000 0.261
2226.000 0.265
2227.000 0.265
2228.000 0.256
2229.000 0.248
2230.000 0.233
2231.000 0.226
2232.000 0.222
2233.000 0.215
2234.000 0.216
2235.000 0.213
2236.000 0.212
2237.000 0.216
2238.000 0.219
2239.000 0.221
2240.000 0.225
2241.000 0.229
2242.000 0.233
2243.000 0.244
2244.000 0.249
2245.000 0.258
2246.000 0.246
2247.000 0.230
2248.000 0.220
2249.000 0.202
2250.000 0.201
2251.000 0.215
2252.000 0.228
2253.000 0.259
2254.000 0.264
2255.000 0.239
2256.000 0.237
2257.000 0.231
2258.000 0.227
2259.000 0.219
2260.000 0.200
2261.000 0.215
2262.000 0.225
2263.000 0.214
2264.000 0.237
2265.000 0.233
2266.000 0.234
2267.000 0.249
2268.000 0.243
2269.000 0.235
2270.000 0.225
2271.000 0.216
2272.000 0.224
2273.000 0.236
2274.000 0.258
2275.000 0.267
2276.000 0.269
2277.000 0.267
2278.000 0.241
2279.000 0.252
2280.000 0.239
2281.000 0.243
2282.000 0.260
2283.000 0.265
2284.000 0.265
2285.000 0.259
2286.000 0.221
2287.000 0.207
2288.000 0.195
2289.000 0.198
2290.000 0.195
2291.000 0.204
2292.000 0.227
2293.000 0.231
2294.000 0.225
2295.000 0.222
2296.000 0.281
2297.000 0.300
2298.000 0.315
2299.000 0.238
2300.000 0.207
2301.000 0.200
2302.000 0.202
2303.000 0.228
2304.000 0.241
2305.000 0.270
2306.000 0.283
2307.000 0.295
2308.000 0.328
2309.000 0.319
2310.000 0.328
2311.000 0.326
2312.000 0.279
2313.000 0.242
2314.000 0.204
2315.000 0.173
2316.000 0.182
2317.000 0.222
2318.000 0.269
2319.000 0.270
2320.000 0.314
2321.000 0.303
2322.000 0.285
2323.000 0.276
2324.000 0.439
2325.000 0.288
2326.000 0.212
2327.000 0.210
2328.000 0.228
2329.000 0.187
2330.000 0.201
2331.000 0.263
2332.000 0.340
2333.000 0.264
2334.000 0.324
2335.000 0.269
2336.000 0.256
2337.000 0.255
2338.000 0.254
2339.000 0.277
2340.000 0.339
2341.000 0.375
2342.000 0.383
2343.000 0.391
2344.000 0.406
2345.000 0.326
2346.000 0.353
2347.000 0.236
2348.000 0.236
2349.000 0.376
2350.000 0.380
2351.000 0.419
2352.000 0.376
2353.000 0.214
2354.000 0.194
2355.000 0.176
2356.000 0.207
2357.000 0.184
2358.000 0.242
2359.000 0.262
2360.000 0.284
2361.000 0.423
2362.000 0.370
2363.000 0.149
2364.000 0.165
2365.000 0.138
2366.000 0.235
2367.000 0.195
2368.000 0.158
2369.000 0.221
2370.000 0.237
2371.000 0.296
2372.000 0.190
2373.000 0.141
2374.000 0.432
2375.000 0.685
2376.000 0.326
2377.000 0.256
2378.000 0.189
2379.000 0.188
2380.000 0.323
2381.000 0.228
2382.000 0.230
2383.000 0.279
2384.000 0.300
2385.000 0.419
2386.000 0.383
2387.000 0.388
2388.000 0.388
2389.000 0.258
2390.000 0.203
2391.000 0.217
2392.000 0.349
2393.000 0.442
2394.000 0.355
2395.000 0.120
2396.000 0.182
2397.000 0.257
2398.000 0.312
2399.000 0.391
2400.000 0.362
2401.000 0.524
2402.000 0.487
2403.000 0.548
2404.000 0.158
2405.000 0.211
2406.000 0.204
2407.000 0.170
2408.000 0.306
2409.000 0.345
2410.000 0.415
2411.000 0.462
2412.000 0.550
2413.000 0.654
2414.000 0.680
2415.000 0.480
2416.000 0.370
2417.000 0.263
2418.000 0.210
2419.000 0.261
2420.000 0.359
2421.000 0.224
2422.000 0.185
2423.000 0.514
2424.000 0.520
2425.000 0.493
2426.000 0.444
2427.000 0.377
2428.000 0.616
2429.000 0.636
2430.000 0.655
2431.000 0.774
2432.000 0.501
2433.000 0.633
2434.000 0.477
2435.000 0.251
2436.000 0.527
2437.000 0.616
2438.000 0.630
2439.000 0.310
2440.000 0.306
2441.000 0.288
2442.000 0.195
2443.000 0.533
2444.000 0.616
2445.000 0.690
2446.000 0.354
2447.000 0.536
2448.000 0.368
2449.000 0.480
2450.000 0.451
2451.000 0.509
2452.000 0.581
2453.000 0.621
2454.000 0.679
2455.000 0.460
2456.000 0.270
2457.000 0.312
2458.000 0.149
2459.000 0.287
2460.000 0.442
2461.000 0.518
2462.000 0.592
2463.000 0.675
2464.000 0.377
2465.000 0.289
2466.000 0.306
2467.000 0.453
2468.000 0.259
2469.000 0.356
2470.000 0.255
2471.000 0.298
2472.000 0.145
2473.000 0.159
2474.000 0.150
2475.000 0.235
2476.000 0.281
2477.000 0.229
2478.000 0.589
2479.000 0.565
2480.000 0.551
2481.000 0.510
2482.000 0.363
2483.000 0.462
2484.000 0.495
2485.000 0.482
2486.000 0.473
2487.000 0.464
2488.000 0.486
2489.000 0.532
2490.000 0.587
2491.000 0.492
2492.000 0.430
2493.000 0.343
2494.000 0.134
2495.000 0.333
2496.000 0.338
2497.000 0.331
2498.000 0.324
2499.000 0.263
2500.000 0.313
