391.000 0.030
392.000 0.031
393.000 0.031
394.000 0.026
395.000 0.027
396.000 0.029
397.000 0.028
398.000 0.029
399.000 0.030
400.000 0.029
401.000 0.029
402.000 0.030
403.000 0.027
404.000 0.026
405.000 0.033
406.000 0.030
407.000 0.029
408.000 0.029
409.000 0.028
410.000 0.030
411.000 0.031
412.000 0.031
413.000 0.031
414.000 0.030
415.000 0.029
416.000 0.029
417.000 0.030
418.000 0.030
419.000 0.030
420.000 0.030
421.000 0.030
422.000 0.029
423.000 0.030
424.000 0.030
425.000 0.030
426.000 0.032
427.000 0.033
428.000 0.032
429.000 0.031
430.000 0.030
431.000 0.031
432.000 0.032
433.000 0.032
434.000 0.032
435.000 0.031
436.000 0.031
437.000 0.031
438.000 0.031
439.000 0.033
440.000 0.032
441.000 0.030
442.000 0.032
443.000 0.032
444.000 0.032
445.000 0.032
446.000 0.031
447.000 0.031
448.000 0.032
449.000 0.032
450.000 0.032
451.000 0.032
452.000 0.031
453.000 0.032
454.000 0.032
455.000 0.032
456.000 0.031
457.000 0.032
458.000 0.032
459.000 0.032
460.000 0.032
461.000 0.033
462.000 0.033
463.000 0.031
464.000 0.031
465.000 0.032
466.000 0.032
467.000 0.032
468.000 0.033
469.000 0.033
470.000 0.031
471.000 0.033
472.000 0.032
473.000 0.032
474.000 0.032
475.000 0.033
476.000 0.032
477.000 0.033
478.000 0.034
479.000 0.033
480.000 0.034
481.000 0.035
482.000 0.034
483.000 0.034
484.000 0.033
485.000 0.033
486.000 0.033
487.000 0.033
488.000 0.033
489.000 0.033
490.000 0.034
491.000 0.034
492.000 0.034
493.000 0.035
494.000 0.034
495.000 0.034
496.000 0.035
497.000 0.034
498.000 0.035
499.000 0.036
500.000 0.036
501.000 0.037
502.000 0.038
503.000 0.039
504.000 0.039
505.000 0.039
506.000 0.040
507.000 0.041
508.000 0.039
509.000 0.041
510.000 0.043
511.000 0.045
512.000 0.046
513.000 0.047
514.000 0.049
515.000 0.049
516.000 0.050
517.000 0.053
518.000 0.054
519.000 0.056
520.000 0.058
521.000 0.061
522.000 0.061
523.000 0.064
524.000 0.066
525.000 0.068
526.000 0.070
527.000 0.071
528.000 0.072
529.000 0.074
530.000 0.076
531.000 0.077
532.000 0.079
533.000 0.080
534.000 0.082
535.000 0.083
536.000 0.083
537.000 0.083
538.000 0.083
539.000 0.085
540.000 0.085
541.000 0.086
542.000 0.086
543.000 0.086
544.000 0.087
545.000 0.087
546.000 0.087
547.000 0.087
548.000 0.088
549.000 0.089
550.000 0.088
551.000 0.089
552.000 0.089
553.000 0.088
554.000 0.088
555.000 0.089
556.000 0.089
557.000 0.088
558.000 0.087
559.000 0.086
560.000 0.086
561.000 0.085
562.000 0.085
563.000 0.084
564.000 0.082
565.000 0.082
566.000 0.080
567.000 0.079
568.000 0.079
569.000 0.077
570.000 0.076
571.000 0.075
572.000 0.074
573.000 0.072
574.000 0.072
575.000 0.071
576.000 0.070
577.000 0.069
578.000 0.069
579.000 0.068
580.000 0.067
581.000 0.066
582.000 0.066
583.000 0.066
584.000 0.065
585.000 0.065
586.000 0.065
587.000 0.063
588.000 0.064
589.000 0.064
590.000 0.063
591.000 0.062
592.000 0.062
593.000 0.062
594.000 0.061
595.000 0.060
596.000 0.060
597.000 0.061
598.000 0.061
599.000 0.061
600.000 0.060
601.000 0.060
602.000 0.060
603.000 0.060
604.000 0.060
605.000 0.059
606.000 0.059
607.000 0.059
608.000 0.059
609.000 0.058
610.000 0.058
611.000 0.058
612.000 0.057
613.000 0.058
614.000 0.057
615.000 0.056
616.000 0.056
617.000 0.056
618.000 0.055
619.000 0.055
620.000 0.055
621.000 0.055
622.000 0.055
623.000 0.054
624.000 0.054
625.000 0.055
626.000 0.055
627.000 0.053
628.000 0.054
629.000 0.056
630.000 0.056
631.000 0.055
632.000 0.055
633.000 0.055
634.000 0.054
635.000 0.055
636.000 0.055
637.000 0.053
638.000 0.053
639.000 0.051
640.000 0.051
641.000 0.052
642.000 0.050
643.000 0.050
644.000 0.050
645.000 0.050
646.000 0.049
647.000 0.049
648.000 0.048
649.000 0.048
650.000 0.048
651.000 0.048
652.000 0.047
653.000 0.048
654.000 0.047
655.000 0.046
656.000 0.047
657.000 0.048
658.000 0.047
659.000 0.047
660.000 0.046
661.000 0.046
662.000 0.046
663.000 0.047
664.000 0.047
665.000 0.046
666.000 0.046
667.000 0.046
668.000 0.047
669.000 0.047
670.000 0.047
671.000 0.046
672.000 0.045
673.000 0.047
674.000 0.047
675.000 0.047
676.000 0.048
677.000 0.047
678.000 0.048
679.000 0.049
680.000 0.050
681.000 0.050
682.000 0.051
683.000 0.052
684.000 0.053
685.000 0.055
686.000 0.057
687.000 0.058
688.000 0.060
689.000 0.062
690.000 0.064
691.000 0.067
692.000 0.070
693.000 0.072
694.000 0.077
695.000 0.082
696.000 0.087
697.000 0.092
698.000 0.097
699.000 0.104
700.000 0.111
701.000 0.118
702.000 0.125
703.000 0.130
704.000 0.136
705.000 0.144
706.000 0.150
707.000 0.157
708.000 0.163
709.000 0.169
710.000 0.176
711.000 0.183
712.000 0.190
713.000 0.195
714.000 0.202
715.000 0.209
716.000 0.216
717.000 0.223
718.000 0.231
719.000 0.240
720.000 0.247
721.000 0.252
722.000 0.258
723.000 0.264
724.000 0.271
725.000 0.277
726.000 0.284
727.000 0.290
728.000 0.296
729.000 0.301
730.000 0.306
731.000 0.311
732.000 0.316
733.000 0.321
734.000 0.325
735.000 0.328
736.000 0.332
737.000 0.336
738.000 0.340
739.000 0.344
740.000 0.347
741.000 0.350
742.000 0.352
743.000 0.355
744.000 0.357
745.000 0.360
746.000 0.362
747.000 0.364
748.000 0.366
749.000 0.368
750.000 0.370
751.000 0.371
752.000 0.373
753.000 0.374
754.000 0.375
755.000 0.376
756.000 0.378
757.000 0.379
758.000 0.379
759.000 0.381
760.000 0.382
761.000 0.385
762.000 0.387
763.000 0.387
764.000 0.387
765.000 0.387
766.000 0.387
767.000 0.387
768.000 0.387
769.000 0.388
770.000 0.388
771.000 0.388
772.000 0.388
773.000 0.389
774.000 0.390
775.000 0.390
776.000 0.390
777.000 0.390
778.000 0.391
779.000 0.391
780.000 0.392
781.000 0.392
782.000 0.393
783.000 0.393
784.000 0.394
785.000 0.394
786.000 0.395
787.000 0.395
788.000 0.396
789.000 0.395
790.000 0.396
791.000 0.397
792.000 0.397
793.000 0.397
794.000 0.398
795.000 0.398
796.000 0.399
797.000 0.399
798.000 0.399
799.000 0.399
800.000 0.400
801.000 0.401
802.000 0.401
803.000 0.401
804.000 0.402
805.000 0.402
806.000 0.402
807.000 0.403
808.000 0.403
809.000 0.404
810.000 0.404
811.000 0.404
812.000 0.405
813.000 0.405
814.000 0.405
815.000 0.406
816.000 0.407
817.000 0.407
818.000 0.407
819.000 0.408
820.000 0.408
821.000 0.408
822.000 0.409
823.000 0.409
824.000 0.409
825.000 0.410
826.000 0.410
827.000 0.410
828.000 0.410
829.000 0.411
830.000 0.411
831.000 0.411
832.000 0.412
833.000 0.412
834.000 0.412
835.000 0.412
836.000 0.412
837.000 0.413
838.000 0.412
839.000 0.413
840.000 0.413
841.000 0.414
842.000 0.414
843.000 0.414
844.000 0.415
845.000 0.415
846.000 0.415
847.000 0.415
848.000 0.415
849.000 0.415
850.000 0.416
851.000 0.417
852.000 0.417
853.000 0.417
854.000 0.417
855.000 0.417
856.000 0.417
857.000 0.418
858.000 0.418
859.000 0.418
860.000 0.418
861.000 0.419
862.000 0.419
863.000 0.419
864.000 0.420
865.000 0.420
866.000 0.421
867.000 0.420
868.000 0.420
869.000 0.421
870.000 0.421
871.000 0.421
872.000 0.422
873.000 0.421
874.000 0.422
875.000 0.422
876.000 0.422
877.000 0.423
878.000 0.423
879.000 0.423
880.000 0.423
881.000 0.424
882.000 0.424
883.000 0.425
884.000 0.425
885.000 0.425
886.000 0.425
887.000 0.426
888.000 0.426
889.000 0.427
890.000 0.427
891.000 0.427
892.000 0.427
893.000 0.428
894.000 0.428
895.000 0.429
896.000 0.429
897.000 0.429
898.000 0.429
899.000 0.429
900.000 0.431
901.000 0.431
902.000 0.431
903.000 0.432
904.000 0.431
905.000 0.431
906.000 0.433
907.000 0.433
908.000 0.433
909.000 0.433
910.000 0.433
911.000 0.433
912.000 0.433
913.000 0.434
914.000 0.435
915.000 0.435
916.000 0.435
917.000 0.436
918.000 0.436
919.000 0.435
920.000 0.435
921.000 0.435
922.000 0.435
923.000 0.434
924.000 0.436
925.000 0.436
926.000 0.436
927.000 0.435
928.000 0.434
929.000 0.435
930.000 0.435
931.000 0.435
932.000 0.434
933.000 0.435
934.000 0.435
935.000 0.435
936.000 0.440
937.000 0.440
938.000 0.437
939.000 0.433
940.000 0.432
941.000 0.432
942.000 0.430
943.000 0.428
944.000 0.428
945.000 0.433
946.000 0.436
947.000 0.435
948.000 0.431
949.000 0.433
950.000 0.435
951.000 0.435
952.000 0.434
953.000 0.432
954.000 0.432
955.000 0.434
956.000 0.431
957.000 0.431
958.000 0.432
959.000 0.430
960.000 0.424
961.000 0.426
962.000 0.426
963.000 0.424
964.000 0.424
965.000 0.427
966.000 0.429
967.000 0.427
968.000 0.428
969.000 0.427
970.000 0.426
971.000 0.428
972.000 0.428
973.000 0.428
974.000 0.429
975.000 0.431
976.000 0.428
977.000 0.428
978.000 0.432
979.000 0.434
980.000 0.430
981.000 0.430
982.000 0.431
983.000 0.431
984.000 0.430
985.000 0.431
986.000 0.431
987.000 0.431
988.000 0.433
989.000 0.433
990.000 0.431
991.000 0.431
992.000 0.432
993.000 0.433
994.000 0.434
995.000 0.434
996.000 0.435
997.000 0.435
998.000 0.436
999.000 0.435
1000.000 0.437
1001.000 0.443
1002.000 0.443
1003.000 0.442
1004.000 0.442
1005.000 0.442
1006.000 0.443
1007.000 0.443
1008.000 0.443
1009.000 0.445
1010.000 0.447
1011.000 0.448
1012.000 0.450
1013.000 0.451
1014.000 0.450
1015.000 0.451
1016.000 0.450
1017.000 0.450
1018.000 0.450
1019.000 0.451
1020.000 0.451
1021.000 0.452
1022.000 0.452
1023.000 0.452
1024.000 0.454
1025.000 0.454
1026.000 0.456
1027.000 0.457
1028.000 0.457
1029.000 0.457
1030.000 0.458
1031.000 0.457
1032.000 0.458
1033.000 0.458
1034.000 0.458
1035.000 0.459
1036.000 0.460
1037.000 0.460
1038.000 0.460
1039.000 0.460
1040.000 0.460
1041.000 0.460
1042.000 0.461
1043.000 0.463
1044.000 0.463
1045.000 0.464
1046.000 0.465
1047.000 0.465
1048.000 0.465
1049.000 0.465
1050.000 0.466
1051.000 0.466
1052.000 0.466
1053.000 0.467
1054.000 0.467
1055.000 0.469
1056.000 0.469
1057.000 0.469
1058.000 0.470
1059.000 0.470
1060.000 0.470
1061.000 0.471
1062.000 0.471
1063.000 0.470
1064.000 0.470
1065.000 0.470
1066.000 0.470
1067.000 0.471
1068.000 0.471
1069.000 0.471
1070.000 0.471
1071.000 0.472
1072.000 0.472
1073.000 0.472
1074.000 0.473
1075.000 0.473
1076.000 0.474
1077.000 0.474
1078.000 0.474
1079.000 0.475
1080.000 0.475
1081.000 0.475
1082.000 0.475
1083.000 0.475
1084.000 0.474
1085.000 0.474
1086.000 0.474
1087.000 0.475
1088.000 0.476
1089.000 0.476
1090.000 0.475
1091.000 0.475
1092.000 0.475
1093.000 0.475
1094.000 0.476
1095.000 0.477
1096.000 0.476
1097.000 0.476
1098.000 0.476
1099.000 0.477
1100.000 0.477
1101.000 0.478
1102.000 0.478
1103.000 0.478
1104.000 0.479
1105.000 0.479
1106.000 0.479
1107.000 0.479
1108.000 0.479
1109.000 0.480
1110.000 0.480
1111.000 0.480
1112.000 0.482
1113.000 0.483
1114.000 0.482
1115.000 0.483
1116.000 0.482
1117.000 0.480
1118.000 0.481
1119.000 0.484
1120.000 0.482
1121.000 0.488
1122.000 0.493
1123.000 0.495
1124.000 0.499
1125.000 0.500
1126.000 0.492
1127.000 0.490
1128.000 0.493
1129.000 0.492
1130.000 0.494
1131.000 0.488
1132.000 0.483
1133.000 0.482
1134.000 0.482
1135.000 0.484
1136.000 0.482
1137.000 0.481
1138.000 0.478
1139.000 0.474
1140.000 0.473
1141.000 0.474
1142.000 0.474
1143.000 0.473
1144.000 0.472
1145.000 0.470
1146.000 0.468
1147.000 0.463
1148.000 0.462
1149.000 0.461
1150.000 0.460
1151.000 0.463
1152.000 0.463
1153.000 0.460
1154.000 0.458
1155.000 0.453
1156.000 0.450
1157.000 0.448
1158.000 0.448
1159.000 0.448
1160.000 0.449
1161.000 0.449
1162.000 0.449
1163.000 0.448
1164.000 0.448
1165.000 0.447
1166.000 0.447
1167.000 0.446
1168.000 0.444
1169.000 0.443
1170.000 0.443
1171.000 0.442
1172.000 0.444
1173.000 0.445
1174.000 0.445
1175.000 0.445
1176.000 0.445
1177.000 0.443
1178.000 0.443
1179.000 0.444
1180.000 0.444
1181.000 0.444
1182.000 0.445
1183.000 0.445
1184.000 0.445
1185.000 0.447
1186.000 0.448
1187.000 0.448
1188.000 0.448
1189.000 0.448
1190.000 0.449
1191.000 0.448
1192.000 0.448
1193.000 0.448
1194.000 0.447
1195.000 0.446
1196.000 0.445
1197.000 0.445
1198.000 0.445
1199.000 0.446
1200.000 0.447
1201.000 0.448
1202.000 0.447
1203.000 0.447
1204.000 0.447
1205.000 0.448
1206.000 0.448
1207.000 0.448
1208.000 0.449
1209.000 0.450
1210.000 0.449
1211.000 0.450
1212.000 0.450
1213.000 0.450
1214.000 0.450
1215.000 0.450
1216.000 0.451
1217.000 0.452
1218.000 0.452
1219.000 0.452
1220.000 0.452
1221.000 0.451
1222.000 0.451
1223.000 0.451
1224.000 0.452
1225.000 0.453
1226.000 0.455
1227.000 0.456
1228.000 0.457
1229.000 0.457
1230.000 0.457
1231.000 0.457
1232.000 0.457
1233.000 0.458
1234.000 0.459
1235.000 0.459
1236.000 0.458
1237.000 0.458
1238.000 0.458
1239.000 0.459
1240.000 0.460
1241.000 0.461
1242.000 0.463
1243.000 0.463
1244.000 0.463
1245.000 0.464
1246.000 0.464
1247.000 0.464
1248.000 0.465
1249.000 0.464
1250.000 0.465
1251.000 0.465
1252.000 0.465
1253.000 0.465
1254.000 0.465
1255.000 0.466
1256.000 0.466
1257.000 0.465
1258.000 0.466
1259.000 0.466
1260.000 0.467
1261.000 0.469
1262.000 0.471
1263.000 0.471
1264.000 0.471
1265.000 0.471
1266.000 0.471
1267.000 0.470
1268.000 0.471
1269.000 0.470
1270.000 0.471
1271.000 0.471
1272.000 0.471
1273.000 0.471
1274.000 0.472
1275.000 0.472
1276.000 0.473
1277.000 0.473
1278.000 0.474
1279.000 0.473
1280.000 0.473
1281.000 0.472
1282.000 0.472
1283.000 0.472
1284.000 0.472
1285.000 0.472
1286.000 0.472
1287.000 0.473
1288.000 0.473
1289.000 0.473
1290.000 0.472
1291.000 0.472
1292.000 0.472
1293.000 0.472
1294.000 0.471
1295.000 0.471
1296.000 0.470
1297.000 0.470
1298.000 0.469
1299.000 0.470
1300.000 0.469
1301.000 0.468
1302.000 0.468
1303.000 0.467
1304.000 0.466
1305.000 0.466
1306.000 0.466
1307.000 0.465
1308.000 0.464
1309.000 0.464
1310.000 0.464
1311.000 0.464
1312.000 0.464
1313.000 0.463
1314.000 0.462
1315.000 0.461
1316.000 0.460
1317.000 0.462
1318.000 0.461
1319.000 0.460
1320.000 0.458
1321.000 0.457
1322.000 0.456
1323.000 0.455
1324.000 0.456
1325.000 0.456
1326.000 0.455
1327.000 0.453
1328.000 0.451
1329.000 0.450
1330.000 0.448
1331.000 0.448
1332.000 0.452
1333.000 0.452
1334.000 0.452
1335.000 0.451
1336.000 0.446
1337.000 0.444
1338.000 0.441
1339.000 0.439
1340.000 0.436
1341.000 0.435
1342.000 0.437
1343.000 0.439
1344.000 0.448
1345.000 0.452
1346.000 0.450
1347.000 0.451
1348.000 0.452
1349.000 0.447
1350.000 0.451
1351.000 0.482
1352.000 0.487
1353.000 0.447
1354.000 0.459
1355.000 0.417
1356.000 0.284
1357.000 0.510
1358.000 0.398
1359.000 0.310
1360.000 0.272
1361.000 0.295
1362.000 0.300
1363.000 0.528
1364.000 0.500
1365.000 0.664
1366.000 0.470
1367.000 0.642
1368.000 0.869
1369.000 0.629
1370.000 0.517
1371.000 0.519
1372.000 0.452
1373.000 0.595
1374.000 0.605
1375.000 0.463
1376.000 0.435
1377.000 0.348
1378.000 0.371
1379.000 0.330
1380.000 0.287
1381.000 0.382
1382.000 0.284
1383.000 0.322
1384.000 0.286
1385.000 0.364
1386.000 0.376
1387.000 0.242
1388.000 0.536
1389.000 0.393
1390.000 0.417
1391.000 0.345
1392.000 0.391
1393.000 0.415
1394.000 0.405
1395.000 0.461
1396.000 0.271
1397.000 0.120
1398.000 0.166
1399.000 0.144
1400.000 0.158
1401.000 0.193
1402.000 0.254
1403.000 0.328
1404.000 0.417
1405.000 0.634
1406.000 0.196
1407.000 0.179
1408.000 0.331
1409.000 0.347
1410.000 0.360
1411.000 0.380
1412.000 0.334
1413.000 0.213
1414.000 0.215
1415.000 0.170
1416.000 0.192
1417.000 0.294
1418.000 0.262
1419.000 0.286
1420.000 0.238
1421.000 0.163
1422.000 0.422
1423.000 0.421
1424.000 0.211
1425.000 0.313
1426.000 0.287
1427.000 0.180
1428.000 0.175
1429.000 0.383
1430.000 0.290
1431.000 0.437
1432.000 0.473
1433.000 0.511
1434.000 0.411
1435.000 0.310
1436.000 0.305
1437.000 0.288
1438.000 0.218
1439.000 0.167
1440.000 0.212
1441.000 0.282
1442.000 0.382
1443.000 0.250
1444.000 0.125
1445.000 0.280
1446.000 0.349
1447.000 0.237
1448.000 0.208
1449.000 0.200
1450.000 0.224
1451.000 0.285
1452.000 0.356
1453.000 0.392
1454.000 0.391
1455.000 0.373
1456.000 0.268
1457.000 0.247
1458.000 0.249
1459.000 0.258
1460.000 0.361
1461.000 0.270
1462.000 0.277
1463.000 0.279
1464.000 0.400
1465.000 0.476
1466.000 0.353
1467.000 0.315
1468.000 0.322
1469.000 0.319
1470.000 0.289
1471.000 0.262
1472.000 0.234
1473.000 0.211
1474.000 0.195
1475.000 0.176
1476.000 0.231
1477.000 0.246
1478.000 0.296
1479.000 0.305
1480.000 0.252
1481.000 0.237
1482.000 0.233
1483.000 0.228
1484.000 0.219
1485.000 0.223
1486.000 0.245
1487.000 0.242
1488.000 0.228
1489.000 0.224
1490.000 0.208
1491.000 0.208
1492.000 0.222
1493.000 0.230
1494.000 0.243
1495.000 0.251
1496.000 0.259
1497.000 0.258
1498.000 0.247
1499.000 0.243
1500.000 0.241
1501.000 0.245
1502.000 0.251
1503.000 0.249
1504.000 0.242
1505.000 0.238
1506.000 0.236
1507.000 0.237
1508.000 0.239
1509.000 0.244
1510.000 0.246
1511.000 0.248
1512.000 0.250
1513.000 0.251
1514.000 0.252
1515.000 0.257
1516.000 0.259
1517.000 0.261
1518.000 0.264
1519.000 0.273
1520.000 0.270
1521.000 0.261
1522.000 0.258
1523.000 0.250
1524.000 0.249
1525.000 0.255
1526.000 0.258
1527.000 0.261
1528.000 0.263
1529.000 0.266
1530.000 0.269
1531.000 0.271
1532.000 0.270
1533.000 0.267
1534.000 0.265
1535.000 0.261
1536.000 0.261
1537.000 0.265
1538.000 0.266
1539.000 0.267
1540.000 0.266
1541.000 0.262
1542.000 0.263
1543.000 0.267
1544.000 0.269
1545.000 0.274
1546.000 0.277
1547.000 0.280
1548.000 0.282
1549.000 0.283
1550.000 0.284
1551.000 0.285
1552.000 0.286
1553.000 0.287
1554.000 0.289
1555.000 0.289
1556.000 0.290
1557.000 0.291
1558.000 0.292
1559.000 0.293
1560.000 0.293
1561.000 0.294
1562.000 0.295
1563.000 0.295
1564.000 0.295
1565.000 0.297
1566.000 0.299
1567.000 0.301
1568.000 0.303
1569.000 0.303
1570.000 0.305
1571.000 0.305
1572.000 0.307
1573.000 0.311
1574.000 0.314
1575.000 0.317
1576.000 0.317
1577.000 0.315
1578.000 0.314
1579.000 0.313
1580.000 0.313
1581.000 0.314
1582.000 0.315
1583.000 0.317
1584.000 0.318
1585.000 0.317
1586.000 0.317
1587.000 0.318
1588.000 0.319
1589.000 0.321
1590.000 0.322
1591.000 0.322
1592.000 0.321
1593.000 0.322
1594.000 0.323
1595.000 0.324
1596.000 0.325
1597.000 0.325
1598.000 0.325
1599.000 0.323
1600.000 0.323
1601.000 0.325
1602.000 0.325
1603.000 0.327
1604.000 0.328
1605.000 0.328
1606.000 0.329
1607.000 0.331
1608.000 0.331
1609.000 0.330
1610.000 0.330
1611.000 0.330
1612.000 0.330
1613.000 0.331
1614.000 0.332
1615.000 0.335
1616.000 0.337
1617.000 0.340
1618.000 0.342
1619.000 0.340
1620.000 0.341
1621.000 0.344
1622.000 0.345
1623.000 0.347
1624.000 0.348
1625.000 0.346
1626.000 0.344
1627.000 0.342
1628.000 0.341
1629.000 0.340
1630.000 0.341
1631.000 0.345
1632.000 0.347
1633.000 0.347
1634.000 0.348
1635.000 0.346
1636.000 0.346
1637.000 0.347
1638.000 0.347
1639.000 0.348
1640.000 0.348
1641.000 0.348
1642.000 0.346
1643.000 0.342
1644.000 0.340
1645.000 0.337
1646.000 0.337
1647.000 0.343
1648.000 0.344
1649.000 0.341
1650.000 0.342
1651.000 0.342
1652.000 0.343
1653.000 0.348
1654.000 0.352
1655.000 0.353
1656.000 0.352
1657.000 0.348
1658.000 0.348
1659.000 0.345
1660.000 0.345
1661.000 0.351
1662.000 0.354
1663.000 0.356
1664.000 0.358
1665.000 0.358
1666.000 0.358
1667.000 0.357
1668.000 0.357
1669.000 0.356
1670.000 0.356
1671.000 0.359
1672.000 0.358
1673.000 0.356
1674.000 0.355
1675.000 0.353
1676.000 0.352
1677.000 0.352
1678.000 0.353
1679.000 0.354
1680.000 0.355
1681.000 0.356
1682.000 0.357
1683.000 0.357
1684.000 0.357
1685.000 0.357
1686.000 0.355
1687.000 0.352
1688.000 0.350
1689.000 0.350
1690.000 0.348
1691.000 0.344
1692.000 0.344
1693.000 0.343
1694.000 0.344
1695.000 0.349
1696.000 0.349
1697.000 0.348
1698.000 0.349
1699.000 0.348
1700.000 0.351
1701.000 0.359
1702.000 0.360
1703.000 0.359
1704.000 0.357
1705.000 0.350
1706.000 0.347
1707.000 0.349
1708.000 0.346
1709.000 0.342
1710.000 0.342
1711.000 0.344
1712.000 0.342
1713.000 0.344
1714.000 0.342
1715.000 0.342
1716.000 0.348
1717.000 0.347
1718.000 0.347
1719.000 0.346
1720.000 0.342
1721.000 0.344
1722.000 0.341
1723.000 0.334
1724.000 0.332
1725.000 0.327
1726.000 0.329
1727.000 0.338
1728.000 0.336
1729.000 0.335
1730.000 0.338
1731.000 0.331
1732.000 0.330
1733.000 0.332
1734.000 0.325
1735.000 0.322
1736.000 0.322
1737.000 0.321
1738.000 0.323
1739.000 0.324
1740.000 0.326
1741.000 0.327
1742.000 0.330
1743.000 0.328
1744.000 0.318
1745.000 0.315
1746.000 0.313
1747.000 0.314
1748.000 0.325
1749.000 0.328
1750.000 0.328
1751.000 0.331
1752.000 0.330
1753.000 0.331
1754.000 0.337
1755.000 0.337
1756.000 0.340
1757.000 0.338
1758.000 0.326
1759.000 0.326
1760.000 0.317
1761.000 0.310
1762.000 0.312
1763.000 0.306
1764.000 0.308
1765.000 0.312
1766.000 0.312
1767.000 0.312
1768.000 0.313
1769.000 0.311
1770.000 0.313
1771.000 0.314
1772.000 0.307
1773.000 0.315
1774.000 0.325
1775.000 0.325
1776.000 0.338
1777.000 0.340
1778.000 0.334
1779.000 0.340
1780.000 0.345
1781.000 0.347
1782.000 0.336
1783.000 0.321
1784.000 0.307
1785.000 0.314
1786.000 0.320
1787.000 0.350
1788.000 0.367
1789.000 0.363
1790.000 0.355
1791.000 0.341
1792.000 0.315
1793.000 0.310
1794.000 0.296
1795.000 0.310
1796.000 0.374
1797.000 0.388
1798.000 0.364
1799.000 0.478
1800.000 0.501
1801.000 0.545
1802.000 0.587
1803.000 0.520
1804.000 0.547
1805.000 0.603
1806.000 0.535
1807.000 0.504
1808.000 0.456
1809.000 0.420
1810.000 0.364
1811.000 0.489
1812.000 0.437
1813.000 0.422
1814.000 0.340
1815.000 0.436
1816.000 0.467
1817.000 0.572
1818.000 0.556
1819.000 0.667
1820.000 0.567
1821.000 0.551
1822.000 0.645
1823.000 0.525
1824.000 0.602
1825.000 0.525
1826.000 0.560
1827.000 0.500
1828.000 0.513
1829.000 0.445
1830.000 0.357
1831.000 0.275
1832.000 0.269
1833.000 0.252
1834.000 0.461
1835.000 0.433
1836.000 0.418
1837.000 0.288
1838.000 0.322
1839.000 0.229
1840.000 0.256
1841.000 0.286
1842.000 0.233
1843.000 0.201
1844.000 0.278
1845.000 0.378
1846.000 0.404
1847.000 0.618
1848.000 0.684
1849.000 0.766
1850.000 0.576
1851.000 0.502
1852.000 0.624
1853.000 0.476
1854.000 0.559
1855.000 0.552
1856.000 0.589
1857.000 0.586
1858.000 0.576
1859.000 0.523
1860.000 0.630
1861.000 0.645
1862.000 0.563
1863.000 0.430
1864.000 0.448
1865.000 0.467
1866.000 0.529
1867.000 0.628
1868.000 0.641
1869.000 0.684
1870.000 0.395
1871.000 0.422
1872.000 0.409
1873.000 0.420
1874.000 0.494
1875.000 0.508
1876.000 0.346
1877.000 0.475
1878.000 0.341
1879.000 0.233
1880.000 0.288
1881.000 0.358
1882.000 0.335
1883.000 0.375
1884.000 0.304
1885.000 0.626
1886.000 0.561
1887.000 0.584
1888.000 0.477
1889.000 0.465
1890.000 0.576
1891.000 0.644
1892.000 0.660
1893.000 0.508
1894.000 0.446
1895.000 0.522
1896.000 0.400
1897.000 0.362
1898.000 0.339
1899.000 0.501
1900.000 0.335
1901.000 0.287
1902.000 0.373
1903.000 0.416
1904.000 0.424
1905.000 0.427
1906.000 0.351
1907.000 0.457
1908.000 0.502
1909.000 0.098
1910.000 0.183
1911.000 0.250
1912.000 0.380
1913.000 0.431
1914.000 0.396
1915.000 0.372
1916.000 0.321
1917.000 0.354
1918.000 0.322
1919.000 0.604
1920.000 0.484
1921.000 0.441
1922.000 0.506
1923.000 0.429
1924.000 0.447
1925.000 0.541
1926.000 0.425
1927.000 0.630
1928.000 0.516
1929.000 0.370
1930.000 0.241
1931.000 0.219
1932.000 0.213
1933.000 0.281
1934.000 0.244
1935.000 0.268
1936.000 0.333
1937.000 0.331
1938.000 0.349
1939.000 0.438
1940.000 0.410
1941.000 0.416
1942.000 0.488
1943.000 0.386
1944.000 0.418
1945.000 0.371
1946.000 0.162
1947.000 0.140
1948.000 0.156
1949.000 0.194
1950.000 0.135
1951.000 0.085
1952.000 0.212
1953.000 0.382
1954.000 0.481
1955.000 0.277
1956.000 0.134
1957.000 0.306
1958.000 0.356
1959.000 0.176
1960.000 0.345
1961.000 0.358
1962.000 0.322
1963.000 0.424
1964.000 0.412
1965.000 0.441
1966.000 0.439
1967.000 0.450
1968.000 0.436
1969.000 0.441
1970.000 0.450
1971.000 0.467
1972.000 0.148
1973.000 0.328
1974.000 0.199
1975.000 0.207
1976.000 0.144
1977.000 0.183
1978.000 0.155
1979.000 0.119
1980.000 0.126
1981.000 0.128
1982.000 0.101
1983.000 0.133
1984.000 0.167
1985.000 0.199
1986.000 0.220
1987.000 0.242
1988.000 0.252
1989.000 0.244
1990.000 0.258
1991.000 0.270
1992.000 0.305
1993.000 0.344
1994.000 0.053
1995.000 0.235
1996.000 0.287
1997.000 0.331
1998.000 0.393
1999.000 0.298
2000.000 0.263
2001.000 0.242
2002.000 0.208
2003.000 0.200
2004.000 0.174
2005.000 0.204
2006.000 0.322
2007.000 0.419
2008.000 0.551
2009.000 0.517
2010.000 0.417
2011.000 0.387
2012.000 0.329
2013.000 0.277
2014.000 0.241
2015.000 0.205
2016.000 0.164
2017.000 0.114
2018.000 0.336
2019.000 0.208
2020.000 0.185
2021.000 0.129
2022.000 0.066
2023.000 0.084
2024.000 0.145
2025.000 0.126
2026.000 0.191
2027.000 0.288
2028.000 0.371
2029.000 0.399
2030.000 0.336
2031.000 0.340
2032.000 0.279
2033.000 0.238
2034.000 0.279
2035.000 0.293
2036.000 0.304
2037.000 0.214
2038.000 0.159
2039.000 0.129
2040.000 0.118
2041.000 0.118
2042.000 0.126
2043.000 0.179
2044.000 0.207
2045.000 0.288
2046.000 0.311
2047.000 0.281
2048.000 0.257
2049.000 0.190
2050.000 0.145
2051.000 0.155
2052.000 0.166
2053.000 0.209
2054.000 0.287
2055.000 0.303
2056.000 0.266
2057.000 0.227
2058.000 0.149
2059.000 0.106
2060.000 0.112
2061.000 0.109
2062.000 0.105
2063.000 0.108
2064.000 0.101
2065.000 0.163
2066.000 0.216
2067.000 0.267
2068.000 0.257
2069.000 0.280
2070.000 0.208
2071.000 0.168
2072.000 0.168
2073.000 0.177
2074.000 0.199
2075.000 0.280
2076.000 0.305
2077.000 0.290
2078.000 0.286
2079.000 0.262
2080.000 0.231
2081.000 0.177
2082.000 0.178
2083.000 0.182
2084.000 0.197
2085.000 0.257
2086.000 0.292
2087.000 0.289
2088.000 0.239
2089.000 0.224
2090.000 0.194
2091.000 0.196
2092.000 0.224
2093.000 0.238
2094.000 0.270
2095.000 0.282
2096.000 0.268
2097.000 0.258
2098.000 0.244
2099.000 0.226
2100.000 0.195
2101.000 0.193
2102.000 0.205
2103.000 0.210
2104.000 0.213
2105.000 0.229
2106.000 0.219
2107.000 0.185
2108.000 0.184
2109.000 0.188
2110.000 0.193
2111.000 0.226
2112.000 0.238
2113.000 0.218
2114.000 0.225
2115.000 0.246
2116.000 0.251
2117.000 0.275
2118.000 0.292
2119.000 0.249
2120.000 0.219
2121.000 0.196
2122.000 0.183
2123.000 0.185
2124.000 0.204
2125.000 0.215
2126.000 0.241
2127.000 0.261
2128.000 0.280
2129.000 0.285
2130.000 0.267
2131.000 0.267
2132.000 0.265
2133.000 0.273
2134.000 0.312
2135.000 0.320
2136.000 0.316
2137.000 0.292
2138.000 0.249
2139.000 0.239
2140.000 0.247
2141.000 0.264
2142.000 0.278
2143.000 0.316
2144.000 0.319
2145.000 0.306
2146.000 0.286
2147.000 0.243
2148.000 0.226
2149.000 0.208
2150.000 0.205
2151.000 0.224
2152.000 0.230
2153.000 0.236
2154.000 0.240
2155.000 0.225
2156.000 0.236
2157.000 0.249
2158.000 0.248
2159.000 0.261
2160.000 0.254
2161.000 0.251
2162.000 0.250
2163.000 0.255
2164.000 0.257
2165.000 0.267
2166.000 0.303
2167.000 0.287
2168.000 0.248
2169.000 0.240
2170.000 0.223
2171.000 0.212
2172.000 0.208
2173.000 0.215
2174.000 0.235
2175.000 0.243
2176.000 0.275
2177.000 0.276
2178.000 0.248
2179.000 0.227
2180.000 0.214
2181.000 0.210
2182.000 0.230
2183.000 0.223
2184.000 0.226
2185.000 0.236
2186.000 0.242
2187.000 0.253
2188.000 0.256
2189.000 0.258
2190.000 0.252
2191.000 0.227
2192.000 0.220
2193.000 0.212
2194.000 0.217
2195.000 0.243
2196.000 0.255
2197.000 0.268
2198.000 0.284
2199.000 0.295
2200.000 0.288
2201.000 0.262
2202.000 0.261
2203.000 0.233
2204.000 0.215
2205.000 0.225
2206.000 0.216
2207.000 0.214
2208.000 0.231
2209.000 0.227
2210.000 0.212
2211.000 0.216
2212.000 0.217
2213.000 0.224
2214.000 0.261
2215.000 0.276
2216.000 0.281
2217.000 0.284
2218.000 0.283
2219.000 0.285
2220.000 0.282
2221.000 0.274
2222.000 0.269
2223.000 0.259
2224.000 0.232
2225.000 0.222
2226.000 0.221
2227.000 0.215
2228.000 0.215
2229.000 0.223
2230.000 0.213
2231.000 0.210
2232.000 0.229
2233.000 0.232
2234.000 0.234
2235.000 0.250
2236.000 0.227
2237.000 0.198
2238.000 0.187
2239.000 0.178
2240.000 0.178
2241.000 0.191
2242.000 0.193
2243.000 0.191
2244.000 0.200
2245.000 0.210
2246.000 0.220
2247.000 0.252
2248.000 0.250
2249.000 0.220
2250.000 0.210
2251.000 0.195
2252.000 0.196
2253.000 0.215
2254.000 0.230
2255.000 0.267
2256.000 0.288
2257.000 0.286
2258.000 0.278
2259.000 0.246
2260.000 0.225
2261.000 0.213
2262.000 0.221
2263.000 0.189
2264.000 0.198
2265.000 0.211
2266.000 0.255
2267.000 0.223
2268.000 0.209
2269.000 0.190
2270.000 0.178
2271.000 0.193
2272.000 0.243
2273.000 0.278
2274.000 0.309
2275.000 0.274
2276.000 0.288
2277.000 0.273
2278.000 0.244
2279.000 0.231
2280.000 0.206
2281.000 0.183
2282.000 0.150
2283.000 0.136
2284.000 0.152
2285.000 0.147
2286.000 0.143
2287.000 0.176
2288.000 0.200
2289.000 0.231
2290.000 0.312
2291.000 0.349
2292.000 0.375
2293.000 0.391
2294.000 0.178
2295.000 0.121
2296.000 0.082
2297.000 0.110
2298.000 0.149
2299.000 0.157
2300.000 0.225
2301.000 0.381
2302.000 0.339
2303.000 0.348
2304.000 0.238
2305.000 0.159
2306.000 0.145
2307.000 0.220
2308.000 0.178
2309.000 0.280
2310.000 0.238
2311.000 0.211
2312.000 0.172
2313.000 0.185
2314.000 0.279
2315.000 0.330
2316.000 0.322
2317.000 0.368
2318.000 0.500
2319.000 0.437
2320.000 0.371
2321.000 0.405
2322.000 0.386
2323.000 0.280
2324.000 0.216
2325.000 0.252
2326.000 0.244
2327.000 0.234
2328.000 0.223
2329.000 0.258
2330.000 0.269
2331.000 0.240
2332.000 0.242
2333.000 0.189
2334.000 0.301
2335.000 0.161
2336.000 0.238
2337.000 0.299
2338.000 0.327
2339.000 0.364
2340.000 0.062
2341.000 0.104
2342.000 0.153
2343.000 0.184
2344.000 0.155
2345.000 0.374
2346.000 0.418
2347.000 0.091
2348.000 0.137
2349.000 0.253
2350.000 0.280
2351.000 0.228
2352.000 0.233
2353.000 0.311
2354.000 0.365
2355.000 0.103
2356.000 0.091
2357.000 0.350
2358.000 0.299
2359.000 0.147
2360.000 0.160
2361.000 0.149
2362.000 0.191
2363.000 0.268
2364.000 0.351
2365.000 0.346
2366.000 0.367
2367.000 0.354
2368.000 0.379
2369.000 0.418
2370.000 0.402
2371.000 0.285
2372.000 0.168
2373.000 0.061
2374.000 0.056
2375.000 0.067
2376.000 0.290
2377.000 0.217
2378.000 0.166
2379.000 0.147
2380.000 0.072
2381.000 0.342
2382.000 0.140
2383.000 0.176
2384.000 0.162
2385.000 0.195
2386.000 0.266
2387.000 0.187
2388.000 0.189
2389.000 0.134
2390.000 0.201
2391.000 0.171
2392.000 0.191
2393.000 0.169
2394.000 0.108
2395.000 0.242
2396.000 0.234
2397.000 0.306
2398.000 0.382
2399.000 0.552
2400.000 0.493
2401.000 0.345
2402.000 0.314
2403.000 0.254
2404.000 0.198
2405.000 0.064
2406.000 0.219
2407.000 0.292
2408.000 0.249
2409.000 0.127
2410.000 0.269
2411.000 0.242
2412.000 0.304
2413.000 0.293
2414.000 0.419
2415.000 0.331
2416.000 0.288
2417.000 0.257
2418.000 0.226
2419.000 0.190
2420.000 0.138
2421.000 0.220
2422.000 0.156
2423.000 0.211
2424.000 0.172
2425.000 0.151
2426.000 0.082
2427.000 0.369
2428.000 0.156
2429.000 0.172
2430.000 0.163
2431.000 0.243
2432.000 0.276
2433.000 0.286
2434.000 0.266
2435.000 0.340
2436.000 0.331
2437.000 0.303
2438.000 0.269
2439.000 0.284
2440.000 0.282
2441.000 0.270
2442.000 0.266
2443.000 0.288
2444.000 0.305
2445.000 0.308
2446.000 0.506
2447.000 0.474
2448.000 0.319
2449.000 0.219
2450.000 0.395
2451.000 0.500
2452.000 0.547
2453.000 0.300
2454.000 0.301
2455.000 0.259
2456.000 0.472
2457.000 0.440
2458.000 0.352
2459.000 0.295
2460.000 0.233
2461.000 0.207
2462.000 0.248
2463.000 0.439
2464.000 0.321
2465.000 0.298
2466.000 0.319
2467.000 0.452
2468.000 0.513
2469.000 0.439
2470.000 0.574
2471.000 0.173
2472.000 0.147
2473.000 0.420
2474.000 0.534
2475.000 0.365
2476.000 0.385
2477.000 0.270
2478.000 0.447
2479.000 0.368
2480.000 0.283
2481.000 0.226
2482.000 0.354
2483.000 0.472
2484.000 0.376
2485.000 0.344
2486.000 0.400
2487.000 0.425
2488.000 0.452
2489.000 0.315
2490.000 0.398
2491.000 0.410
2492.000 0.449
2493.000 0.599
2494.000 0.614
2495.000 0.495
2496.000 0.752
2497.000 0.527
2498.000 0.543
2499.000 0.693
2500.000 0.808
