391.000 0.052
392.000 0.049
393.000 0.043
394.000 0.046
395.000 0.051
396.000 0.054
397.000 0.054
398.000 0.052
399.000 0.053
400.000 0.053
401.000 0.050
402.000 0.050
403.000 0.046
404.000 0.043
405.000 0.044
406.000 0.046
407.000 0.050
408.000 0.052
409.000 0.046
410.000 0.049
411.000 0.052
412.000 0.052
413.000 0.052
414.000 0.052
415.000 0.051
416.000 0.051
417.000 0.052
418.000 0.053
419.000 0.052
420.000 0.050
421.000 0.051
422.000 0.051
423.000 0.049
424.000 0.046
425.000 0.049
426.000 0.052
427.000 0.049
428.000 0.053
429.000 0.056
430.000 0.055
431.000 0.054
432.000 0.055
433.000 0.055
434.000 0.053
435.000 0.054
436.000 0.053
437.000 0.050
438.000 0.050
439.000 0.051
440.000 0.053
441.000 0.054
442.000 0.055
443.000 0.054
444.000 0.054
445.000 0.056
446.000 0.056
447.000 0.056
448.000 0.056
449.000 0.057
450.000 0.057
451.000 0.057
452.000 0.055
453.000 0.055
454.000 0.055
455.000 0.056
456.000 0.057
457.000 0.058
458.000 0.058
459.000 0.057
460.000 0.058
461.000 0.059
462.000 0.059
463.000 0.058
464.000 0.057
465.000 0.059
466.000 0.061
467.000 0.060
468.000 0.058
469.000 0.058
470.000 0.060
471.000 0.060
472.000 0.059
473.000 0.059
474.000 0.059
475.000 0.061
476.000 0.062
477.000 0.063
478.000 0.064
479.000 0.063
480.000 0.063
481.000 0.064
482.000 0.063
483.000 0.062
484.000 0.063
485.000 0.064
486.000 0.064
487.000 0.065
488.000 0.066
489.000 0.064
490.000 0.066
491.000 0.066
492.000 0.064
493.000 0.066
494.000 0.067
495.000 0.065
496.000 0.064
497.000 0.067
498.000 0.068
499.000 0.067
500.000 0.067
501.000 0.068
502.000 0.069
503.000 0.068
504.000 0.068
505.000 0.070
506.000 0.073
507.000 0.074
508.000 0.074
509.000 0.075
510.000 0.075
511.000 0.075
512.000 0.076
513.000 0.076
514.000 0.077
515.000 0.077
516.000 0.079
517.000 0.082
518.000 0.082
519.000 0.082
520.000 0.084
521.000 0.085
522.000 0.087
523.000 0.088
524.000 0.090
525.000 0.091
526.000 0.093
527.000 0.095
528.000 0.096
529.000 0.098
530.000 0.098
531.000 0.098
532.000 0.100
533.000 0.101
534.000 0.102
535.000 0.103
536.000 0.103
537.000 0.104
538.000 0.105
539.000 0.105
540.000 0.106
541.000 0.107
542.000 0.108
543.000 0.109
544.000 0.108
545.000 0.108
546.000 0.107
547.000 0.109
548.000 0.111
549.000 0.111
550.000 0.111
551.000 0.111
552.000 0.111
553.000 0.111
554.000 0.112
555.000 0.113
556.000 0.113
557.000 0.113
558.000 0.113
559.000 0.112
560.000 0.112
561.000 0.112
562.000 0.111
563.000 0.110
564.000 0.110
565.000 0.111
566.000 0.111
567.000 0.111
568.000 0.109
569.000 0.108
570.000 0.108
571.000 0.107
572.000 0.106
573.000 0.106
574.000 0.107
575.000 0.108
576.000 0.107
577.000 0.106
578.000 0.105
579.000 0.105
580.000 0.107
581.000 0.107
582.000 0.107
583.000 0.106
584.000 0.105
585.000 0.106
586.000 0.106
587.000 0.106
588.000 0.106
589.000 0.106
590.000 0.107
591.000 0.106
592.000 0.105
593.000 0.105
594.000 0.105
595.000 0.106
596.000 0.107
597.000 0.107
598.000 0.105
599.000 0.106
600.000 0.106
601.000 0.106
602.000 0.107
603.000 0.107
604.000 0.106
605.000 0.107
606.000 0.108
607.000 0.107
608.000 0.106
609.000 0.109
610.000 0.110
611.000 0.110
612.000 0.109
613.000 0.107
614.000 0.106
615.000 0.107
616.000 0.108
617.000 0.108
618.000 0.109
619.000 0.110
620.000 0.110
621.000 0.109
622.000 0.109
623.000 0.110
624.000 0.110
625.000 0.111
626.000 0.112
627.000 0.111
628.000 0.112
629.000 0.113
630.000 0.111
631.000 0.113
632.000 0.113
633.000 0.113
634.000 0.113
635.000 0.113
636.000 0.114
637.000 0.114
638.000 0.112
639.000 0.113
640.000 0.114
641.000 0.115
642.000 0.114
643.000 0.114
644.000 0.117
645.000 0.116
646.000 0.115
647.000 0.115
648.000 0.115
649.000 0.116
650.000 0.118
651.000 0.118
652.000 0.117
653.000 0.117
654.000 0.117
655.000 0.118
656.000 0.120
657.000 0.121
658.000 0.121
659.000 0.120
660.000 0.122
661.000 0.123
662.000 0.122
663.000 0.120
664.000 0.119
665.000 0.120
666.000 0.123
667.000 0.123
668.000 0.124
669.000 0.123
670.000 0.120
671.000 0.124
672.000 0.126
673.000 0.123
674.000 0.123
675.000 0.126
676.000 0.129
677.000 0.130
678.000 0.131
679.000 0.132
680.000 0.133
681.000 0.133
682.000 0.133
683.000 0.135
684.000 0.139
685.000 0.139
686.000 0.138
687.000 0.139
688.000 0.140
689.000 0.141
690.000 0.142
691.000 0.145
692.000 0.148
693.000 0.149
694.000 0.150
695.000 0.154
696.000 0.160
697.000 0.165
698.000 0.167
699.000 0.171
700.000 0.176
701.000 0.180
702.000 0.183
703.000 0.188
704.000 0.193
705.000 0.199
706.000 0.203
707.000 0.208
708.000 0.213
709.000 0.217
710.000 0.222
711.000 0.227
712.000 0.232
713.000 0.237
714.000 0.241
715.000 0.245
716.000 0.249
717.000 0.253
718.000 0.258
719.000 0.263
720.000 0.267
721.000 0.271
722.000 0.276
723.000 0.279
724.000 0.283
725.000 0.286
726.000 0.290
727.000 0.293
728.000 0.296
729.000 0.300
730.000 0.303
731.000 0.306
732.000 0.308
733.000 0.311
734.000 0.313
735.000 0.316
736.000 0.318
737.000 0.320
738.000 0.321
739.000 0.324
740.000 0.325
741.000 0.327
742.000 0.328
743.000 0.329
744.000 0.331
745.000 0.332
746.000 0.334
747.000 0.334
748.000 0.336
749.000 0.337
750.000 0.338
751.000 0.338
752.000 0.339
753.000 0.340
754.000 0.341
755.000 0.342
756.000 0.343
757.000 0.344
758.000 0.344
759.000 0.345
760.000 0.344
761.000 0.344
762.000 0.345
763.000 0.346
764.000 0.347
765.000 0.348
766.000 0.349
767.000 0.350
768.000 0.351
769.000 0.352
770.000 0.353
771.000 0.354
772.000 0.354
773.000 0.355
774.000 0.355
775.000 0.356
776.000 0.357
777.000 0.358
778.000 0.358
779.000 0.359
780.000 0.359
781.000 0.360
782.000 0.360
783.000 0.361
784.000 0.362
785.000 0.362
786.000 0.363
787.000 0.364
788.000 0.364
789.000 0.365
790.000 0.365
791.000 0.366
792.000 0.366
793.000 0.367
794.000 0.368
795.000 0.368
796.000 0.369
797.000 0.370
798.000 0.370
799.000 0.371
800.000 0.371
801.000 0.372
802.000 0.372
803.000 0.373
804.000 0.374
805.000 0.375
806.000 0.375
807.000 0.376
808.000 0.377
809.000 0.377
810.000 0.377
811.000 0.378
812.000 0.378
813.000 0.379
814.000 0.379
815.000 0.379
816.000 0.380
817.000 0.381
818.000 0.381
819.000 0.382
820.000 0.383
821.000 0.384
822.000 0.384
823.000 0.384
824.000 0.385
825.000 0.386
826.000 0.387
827.000 0.387
828.000 0.387
829.000 0.388
830.000 0.389
831.000 0.389
832.000 0.390
833.000 0.391
834.000 0.392
835.000 0.392
836.000 0.393
837.000 0.394
838.000 0.394
839.000 0.395
840.000 0.395
841.000 0.395
842.000 0.396
843.000 0.396
844.000 0.397
845.000 0.398
846.000 0.398
847.000 0.399
848.000 0.399
849.000 0.400
850.000 0.400
851.000 0.401
852.000 0.402
853.000 0.402
854.000 0.402
855.000 0.402
856.000 0.403
857.000 0.404
858.000 0.404
859.000 0.405
860.000 0.405
861.000 0.406
862.000 0.406
863.000 0.407
864.000 0.407
865.000 0.407
866.000 0.407
867.000 0.408
868.000 0.409
869.000 0.410
870.000 0.410
871.000 0.410
872.000 0.410
873.000 0.411
874.000 0.411
875.000 0.412
876.000 0.413
877.000 0.413
878.000 0.414
879.000 0.414
880.000 0.414
881.000 0.415
882.000 0.416
883.000 0.416
884.000 0.417
885.000 0.417
886.000 0.417
887.000 0.418
888.000 0.419
889.000 0.420
890.000 0.420
891.000 0.420
892.000 0.421
893.000 0.421
894.000 0.421
895.000 0.421
896.000 0.421
897.000 0.421
898.000 0.422
899.000 0.423
900.000 0.423
901.000 0.424
902.000 0.424
903.000 0.425
904.000 0.426
905.000 0.427
906.000 0.427
907.000 0.427
908.000 0.426
909.000 0.427
910.000 0.427
911.000 0.427
912.000 0.429
913.000 0.429
914.000 0.429
915.000 0.429
916.000 0.430
917.000 0.431
918.000 0.431
919.000 0.432
920.000 0.432
921.000 0.434
922.000 0.434
923.000 0.434
924.000 0.435
925.000 0.435
926.000 0.436
927.000 0.436
928.000 0.435
929.000 0.434
930.000 0.434
931.000 0.433
932.000 0.432
933.000 0.431
934.000 0.430
935.000 0.432
936.000 0.432
937.000 0.434
938.000 0.437
939.000 0.438
940.000 0.438
941.000 0.437
942.000 0.436
943.000 0.437
944.000 0.438
945.000 0.437
946.000 0.437
947.000 0.438
948.000 0.439
949.000 0.439
950.000 0.438
951.000 0.437
952.000 0.440
953.000 0.442
954.000 0.443
955.000 0.444
956.000 0.446
957.000 0.444
958.000 0.444
959.000 0.447
960.000 0.447
961.000 0.446
962.000 0.446
963.000 0.448
964.000 0.447
965.000 0.449
966.000 0.451
967.000 0.450
968.000 0.451
969.000 0.452
970.000 0.453
971.000 0.453
972.000 0.453
973.000 0.454
974.000 0.453
975.000 0.453
976.000 0.456
977.000 0.456
978.000 0.456
979.000 0.458
980.000 0.459
981.000 0.458
982.000 0.458
983.000 0.459
984.000 0.458
985.000 0.458
986.000 0.458
987.000 0.459
988.000 0.461
989.000 0.461
990.000 0.461
991.000 0.463
992.000 0.461
993.000 0.462
994.000 0.464
995.000 0.465
996.000 0.465
997.000 0.466
998.000 0.465
999.000 0.465
1000.000 0.466
1001.000 0.467
1002.000 0.467
1003.000 0.467
1004.000 0.468
1005.000 0.469
1006.000 0.469
1007.000 0.470
1008.000 0.470
1009.000 0.470
1010.000 0.471
1011.000 0.471
1012.000 0.471
1013.000 0.472
1014.000 0.473
1015.000 0.473
1016.000 0.474
1017.000 0.475
1018.000 0.475
1019.000 0.476
1020.000 0.476
1021.000 0.476
1022.000 0.477
1023.000 0.477
1024.000 0.477
1025.000 0.477
1026.000 0.477
1027.000 0.477
1028.000 0.478
1029.000 0.478
1030.000 0.479
1031.000 0.480
1032.000 0.481
1033.000 0.482
1034.000 0.481
1035.000 0.482
1036.000 0.483
1037.000 0.483
1038.000 0.484
1039.000 0.484
1040.000 0.483
1041.000 0.483
1042.000 0.483
1043.000 0.483
1044.000 0.484
1045.000 0.485
1046.000 0.486
1047.000 0.486
1048.000 0.486
1049.000 0.487
1050.000 0.487
1051.000 0.486
1052.000 0.486
1053.000 0.486
1054.000 0.487
1055.000 0.488
1056.000 0.488
1057.000 0.488
1058.000 0.488
1059.000 0.488
1060.000 0.488
1061.000 0.488
1062.000 0.488
1063.000 0.490
1064.000 0.490
1065.000 0.490
1066.000 0.491
1067.000 0.491
1068.000 0.491
1069.000 0.492
1070.000 0.492
1071.000 0.491
1072.000 0.491
1073.000 0.491
1074.000 0.492
1075.000 0.492
1076.000 0.493
1077.000 0.493
1078.000 0.494
1079.000 0.494
1080.000 0.494
1081.000 0.494
1082.000 0.494
1083.000 0.494
1084.000 0.494
1085.000 0.494
1086.000 0.495
1087.000 0.495
1088.000 0.496
1089.000 0.497
1090.000 0.497
1091.000 0.497
1092.000 0.497
1093.000 0.497
1094.000 0.497
1095.000 0.497
1096.000 0.497
1097.000 0.497
1098.000 0.497
1099.000 0.498
1100.000 0.499
1101.000 0.500
1102.000 0.499
1103.000 0.500
1104.000 0.500
1105.000 0.500
1106.000 0.500
1107.000 0.500
1108.000 0.500
1109.000 0.499
1110.000 0.499
1111.000 0.500
1112.000 0.499
1113.000 0.500
1114.000 0.501
1115.000 0.501
1116.000 0.502
1117.000 0.502
1118.000 0.503
1119.000 0.506
1120.000 0.506
1121.000 0.507
1122.000 0.510
1123.000 0.511
1124.000 0.506
1125.000 0.506
1126.000 0.507
1127.000 0.508
1128.000 0.510
1129.000 0.511
1130.000 0.511
1131.000 0.510
1132.000 0.510
1133.000 0.509
1134.000 0.508
1135.000 0.507
1136.000 0.508
1137.000 0.509
1138.000 0.511
1139.000 0.512
1140.000 0.513
1141.000 0.514
1142.000 0.514
1143.000 0.512
1144.000 0.512
1145.000 0.511
1146.000 0.510
1147.000 0.510
1148.000 0.513
1149.000 0.514
1150.000 0.515
1151.000 0.517
1152.000 0.517
1153.000 0.516
1154.000 0.516
1155.000 0.516
1156.000 0.515
1157.000 0.515
1158.000 0.516
1159.000 0.516
1160.000 0.517
1161.000 0.519
1162.000 0.519
1163.000 0.520
1164.000 0.520
1165.000 0.520
1166.000 0.520
1167.000 0.522
1168.000 0.522
1169.000 0.522
1170.000 0.522
1171.000 0.522
1172.000 0.523
1173.000 0.524
1174.000 0.525
1175.000 0.526
1176.000 0.526
1177.000 0.527
1178.000 0.527
1179.000 0.527
1180.000 0.526
1181.000 0.525
1182.000 0.526
1183.000 0.526
1184.000 0.526
1185.000 0.526
1186.000 0.527
1187.000 0.527
1188.000 0.528
1189.000 0.528
1190.000 0.529
1191.000 0.530
1192.000 0.530
1193.000 0.530
1194.000 0.531
1195.000 0.531
1196.000 0.530
1197.000 0.531
1198.000 0.532
1199.000 0.532
1200.000 0.534
1201.000 0.535
1202.000 0.534
1203.000 0.535
1204.000 0.535
1205.000 0.535
1206.000 0.535
1207.000 0.535
1208.000 0.535
1209.000 0.536
1210.000 0.537
1211.000 0.537
1212.000 0.537
1213.000 0.538
1214.000 0.538
1215.000 0.537
1216.000 0.537
1217.000 0.538
1218.000 0.538
1219.000 0.539
1220.000 0.540
1221.000 0.540
1222.000 0.540
1223.000 0.540
1224.000 0.540
1225.000 0.541
1226.000 0.542
1227.000 0.543
1228.000 0.544
1229.000 0.545
1230.000 0.545
1231.000 0.546
1232.000 0.546
1233.000 0.547
1234.000 0.547
1235.000 0.547
1236.000 0.547
1237.000 0.547
1238.000 0.548
1239.000 0.549
1240.000 0.549
1241.000 0.549
1242.000 0.549
1243.000 0.549
1244.000 0.549
1245.000 0.550
1246.000 0.550
1247.000 0.550
1248.000 0.551
1249.000 0.551
1250.000 0.552
1251.000 0.553
1252.000 0.553
1253.000 0.552
1254.000 0.552
1255.000 0.552
1256.000 0.553
1257.000 0.554
1258.000 0.555
1259.000 0.556
1260.000 0.556
1261.000 0.556
1262.000 0.556
1263.000 0.557
1264.000 0.557
1265.000 0.558
1266.000 0.557
1267.000 0.558
1268.000 0.558
1269.000 0.558
1270.000 0.559
1271.000 0.560
1272.000 0.560
1273.000 0.561
1274.000 0.561
1275.000 0.561
1276.000 0.560
1277.000 0.560
1278.000 0.561
1279.000 0.562
1280.000 0.563
1281.000 0.563
1282.000 0.563
1283.000 0.564
1284.000 0.564
1285.000 0.564
1286.000 0.565
1287.000 0.565
1288.000 0.565
1289.000 0.565
1290.000 0.565
1291.000 0.566
1292.000 0.566
1293.000 0.566
1294.000 0.565
1295.000 0.565
1296.000 0.565
1297.000 0.565
1298.000 0.565
1299.000 0.565
1300.000 0.565
1301.000 0.565
1302.000 0.565
1303.000 0.564
1304.000 0.565
1305.000 0.563
1306.000 0.563
1307.000 0.563
1308.000 0.563
1309.000 0.563
1310.000 0.564
1311.000 0.565
1312.000 0.565
1313.000 0.564
1314.000 0.564
1315.000 0.561
1316.000 0.560
1317.000 0.560
1318.000 0.560
1319.000 0.560
1320.000 0.561
1321.000 0.561
1322.000 0.562
1323.000 0.562
1324.000 0.562
1325.000 0.561
1326.000 0.559
1327.000 0.558
1328.000 0.557
1329.000 0.557
1330.000 0.558
1331.000 0.558
1332.000 0.559
1333.000 0.559
1334.000 0.559
1335.000 0.559
1336.000 0.559
1337.000 0.558
1338.000 0.557
1339.000 0.555
1340.000 0.551
1341.000 0.549
1342.000 0.546
1343.000 0.546
1344.000 0.551
1345.000 0.554
1346.000 0.557
1347.000 0.560
1348.000 0.563
1349.000 0.562
1350.000 0.564
1351.000 0.572
1352.000 0.587
1353.000 0.617
1354.000 0.642
1355.000 0.565
1356.000 0.513
1357.000 0.510
1358.000 0.469
1359.000 0.451
1360.000 0.463
1361.000 0.292
1362.000 0.287
1363.000 0.269
1364.000 0.243
1365.000 0.224
1366.000 0.196
1367.000 0.296
1368.000 0.367
1369.000 0.403
1370.000 0.392
1371.000 0.276
1372.000 0.529
1373.000 0.547
1374.000 0.623
1375.000 0.439
1376.000 0.419
1377.000 0.354
1378.000 0.356
1379.000 0.276
1380.000 0.410
1381.000 0.479
1382.000 0.533
1383.000 0.722
1384.000 0.519
1385.000 0.485
1386.000 0.468
1387.000 0.462
1388.000 0.361
1389.000 0.327
1390.000 0.300
1391.000 0.282
1392.000 0.400
1393.000 0.410
1394.000 0.483
1395.000 0.392
1396.000 0.312
1397.000 0.287
1398.000 0.238
1399.000 0.192
1400.000 0.106
1401.000 0.352
1402.000 0.325
1403.000 0.210
1404.000 0.385
1405.000 0.316
1406.000 0.292
1407.000 0.288
1408.000 0.337
1409.000 0.422
1410.000 0.349
1411.000 0.343
1412.000 0.494
1413.000 0.445
1414.000 0.446
1415.000 0.596
1416.000 0.480
1417.000 0.385
1418.000 0.318
1419.000 0.326
1420.000 0.360
1421.000 0.434
1422.000 0.475
1423.000 0.260
1424.000 0.353
1425.000 0.367
1426.000 0.408
1427.000 0.407
1428.000 0.361
1429.000 0.461
1430.000 0.446
1431.000 0.399
1432.000 0.392
1433.000 0.499
1434.000 0.468
1435.000 0.392
1436.000 0.391
1437.000 0.404
1438.000 0.416
1439.000 0.416
1440.000 0.417
1441.000 0.389
1442.000 0.378
1443.000 0.372
1444.000 0.380
1445.000 0.408
1446.000 0.415
1447.000 0.418
1448.000 0.404
1449.000 0.379
1450.000 0.368
1451.000 0.365
1452.000 0.368
1453.000 0.368
1454.000 0.368
1455.000 0.368
1456.000 0.373
1457.000 0.371
1458.000 0.364
1459.000 0.358
1460.000 0.352
1461.000 0.347
1462.000 0.340
1463.000 0.340
1464.000 0.340
1465.000 0.343
1466.000 0.357
1467.000 0.360
1468.000 0.355
1469.000 0.355
1470.000 0.352
1471.000 0.353
1472.000 0.363
1473.000 0.377
1474.000 0.373
1475.000 0.365
1476.000 0.338
1477.000 0.336
1478.000 0.341
1479.000 0.341
1480.000 0.345
1481.000 0.348
1482.000 0.343
1483.000 0.345
1484.000 0.349
1485.000 0.356
1486.000 0.365
1487.000 0.372
1488.000 0.382
1489.000 0.385
1490.000 0.384
1491.000 0.381
1492.000 0.375
1493.000 0.371
1494.000 0.367
1495.000 0.365
1496.000 0.366
1497.000 0.367
1498.000 0.367
1499.000 0.370
1500.000 0.373
1501.000 0.376
1502.000 0.381
1503.000 0.382
1504.000 0.380
1505.000 0.381
1506.000 0.383
1507.000 0.385
1508.000 0.387
1509.000 0.391
1510.000 0.392
1511.000 0.391
1512.000 0.392
1513.000 0.394
1514.000 0.395
1515.000 0.398
1516.000 0.398
1517.000 0.397
1518.000 0.398
1519.000 0.400
1520.000 0.402
1521.000 0.408
1522.000 0.410
1523.000 0.411
1524.000 0.412
1525.000 0.411
1526.000 0.412
1527.000 0.414
1528.000 0.417
1529.000 0.421
1530.000 0.424
1531.000 0.429
1532.000 0.431
1533.000 0.431
1534.000 0.431
1535.000 0.429
1536.000 0.428
1537.000 0.426
1538.000 0.426
1539.000 0.427
1540.000 0.428
1541.000 0.429
1542.000 0.432
1543.000 0.433
1544.000 0.435
1545.000 0.437
1546.000 0.439
1547.000 0.440
1548.000 0.441
1549.000 0.444
1550.000 0.444
1551.000 0.442
1552.000 0.442
1553.000 0.444
1554.000 0.445
1555.000 0.450
1556.000 0.453
1557.000 0.454
1558.000 0.455
1559.000 0.455
1560.000 0.455
1561.000 0.456
1562.000 0.456
1563.000 0.452
1564.000 0.452
1565.000 0.455
1566.000 0.456
1567.000 0.461
1568.000 0.463
1569.000 0.463
1570.000 0.463
1571.000 0.464
1572.000 0.465
1573.000 0.464
1574.000 0.466
1575.000 0.466
1576.000 0.468
1577.000 0.472
1578.000 0.474
1579.000 0.478
1580.000 0.479
1581.000 0.479
1582.000 0.479
1583.000 0.477
1584.000 0.477
1585.000 0.477
1586.000 0.477
1587.000 0.478
1588.000 0.479
1589.000 0.480
1590.000 0.482
1591.000 0.484
1592.000 0.486
1593.000 0.489
1594.000 0.490
1595.000 0.490
1596.000 0.491
1597.000 0.492
1598.000 0.492
1599.000 0.495
1600.000 0.496
1601.000 0.497
1602.000 0.498
1603.000 0.499
1604.000 0.500
1605.000 0.501
1606.000 0.501
1607.000 0.500
1608.000 0.501
1609.000 0.500
1610.000 0.500
1611.000 0.501
1612.000 0.502
1613.000 0.503
1614.000 0.504
1615.000 0.504
1616.000 0.505
1617.000 0.507
1618.000 0.509
1619.000 0.511
1620.000 0.512
1621.000 0.511
1622.000 0.511
1623.000 0.511
1624.000 0.512
1625.000 0.513
1626.000 0.513
1627.000 0.514
1628.000 0.515
1629.000 0.515
1630.000 0.516
1631.000 0.516
1632.000 0.516
1633.000 0.515
1634.000 0.516
1635.000 0.520
1636.000 0.520
1637.000 0.520
1638.000 0.520
1639.000 0.517
1640.000 0.518
1641.000 0.519
1642.000 0.520
1643.000 0.522
1644.000 0.522
1645.000 0.523
1646.000 0.523
1647.000 0.522
1648.000 0.522
1649.000 0.519
1650.000 0.519
1651.000 0.520
1652.000 0.520
1653.000 0.519
1654.000 0.520
1655.000 0.517
1656.000 0.516
1657.000 0.518
1658.000 0.519
1659.000 0.521
1660.000 0.522
1661.000 0.523
1662.000 0.524
1663.000 0.523
1664.000 0.523
1665.000 0.522
1666.000 0.521
1667.000 0.520
1668.000 0.519
1669.000 0.520
1670.000 0.521
1671.000 0.522
1672.000 0.522
1673.000 0.524
1674.000 0.524
1675.000 0.522
1676.000 0.521
1677.000 0.519
1678.000 0.518
1679.000 0.519
1680.000 0.519
1681.000 0.521
1682.000 0.522
1683.000 0.523
1684.000 0.524
1685.000 0.521
1686.000 0.519
1687.000 0.517
1688.000 0.516
1689.000 0.516
1690.000 0.515
1691.000 0.518
1692.000 0.518
1693.000 0.515
1694.000 0.516
1695.000 0.516
1696.000 0.516
1697.000 0.518
1698.000 0.519
1699.000 0.519
1700.000 0.519
1701.000 0.521
1702.000 0.521
1703.000 0.519
1704.000 0.518
1705.000 0.516
1706.000 0.515
1707.000 0.514
1708.000 0.512
1709.000 0.509
1710.000 0.506
1711.000 0.504
1712.000 0.503
1713.000 0.505
1714.000 0.506
1715.000 0.506
1716.000 0.506
1717.000 0.507
1718.000 0.509
1719.000 0.509
1720.000 0.510
1721.000 0.510
1722.000 0.506
1723.000 0.505
1724.000 0.505
1725.000 0.503
1726.000 0.507
1727.000 0.515
1728.000 0.519
1729.000 0.524
1730.000 0.522
1731.000 0.517
1732.000 0.513
1733.000 0.507
1734.000 0.505
1735.000 0.505
1736.000 0.507
1737.000 0.507
1738.000 0.505
1739.000 0.504
1740.000 0.502
1741.000 0.501
1742.000 0.500
1743.000 0.501
1744.000 0.501
1745.000 0.502
1746.000 0.508
1747.000 0.506
1748.000 0.496
1749.000 0.492
1750.000 0.487
1751.000 0.485
1752.000 0.492
1753.000 0.492
1754.000 0.487
1755.000 0.486
1756.000 0.483
1757.000 0.484
1758.000 0.487
1759.000 0.490
1760.000 0.488
1761.000 0.486
1762.000 0.486
1763.000 0.491
1764.000 0.495
1765.000 0.502
1766.000 0.504
1767.000 0.498
1768.000 0.495
1769.000 0.489
1770.000 0.483
1771.000 0.479
1772.000 0.470
1773.000 0.465
1774.000 0.465
1775.000 0.463
1776.000 0.461
1777.000 0.463
1778.000 0.463
1779.000 0.466
1780.000 0.478
1781.000 0.484
1782.000 0.482
1783.000 0.481
1784.000 0.471
1785.000 0.468
1786.000 0.467
1787.000 0.466
1788.000 0.471
1789.000 0.484
1790.000 0.487
1791.000 0.486
1792.000 0.484
1793.000 0.474
1794.000 0.478
1795.000 0.472
1796.000 0.461
1797.000 0.459
1798.000 0.463
1799.000 0.461
1800.000 0.477
1801.000 0.636
1802.000 0.678
1803.000 0.765
1804.000 0.800
1805.000 0.791
1806.000 0.734
1807.000 0.709
1808.000 0.615
1809.000 0.593
1810.000 0.738
1811.000 0.786
1812.000 0.764
1813.000 0.762
1814.000 0.740
1815.000 0.795
1816.000 0.777
1817.000 0.790
1818.000 0.791
1819.000 0.711
1820.000 0.657
1821.000 0.575
1822.000 0.705
1823.000 0.593
1824.000 0.615
1825.000 0.623
1826.000 0.636
1827.000 0.643
1828.000 0.742
1829.000 0.670
1830.000 0.634
1831.000 0.611
1832.000 0.591
1833.000 0.617
1834.000 0.682
1835.000 0.773
1836.000 0.708
1837.000 0.714
1838.000 0.726
1839.000 0.661
1840.000 0.621
1841.000 0.609
1842.000 0.650
1843.000 0.559
1844.000 0.567
1845.000 0.783
1846.000 0.736
1847.000 0.658
1848.000 0.665
1849.000 0.730
1850.000 0.790
1851.000 0.672
1852.000 0.761
1853.000 0.776
1854.000 0.783
1855.000 0.729
1856.000 0.672
1857.000 0.634
1858.000 0.515
1859.000 0.563
1860.000 0.578
1861.000 0.753
1862.000 0.609
1863.000 0.417
1864.000 0.526
1865.000 0.630
1866.000 0.612
1867.000 0.596
1868.000 0.578
1869.000 0.561
1870.000 0.539
1871.000 0.402
1872.000 0.494
1873.000 0.700
1874.000 0.519
1875.000 0.650
1876.000 0.472
1877.000 0.545
1878.000 0.530
1879.000 0.617
1880.000 0.638
1881.000 0.638
1882.000 0.638
1883.000 0.638
1884.000 0.632
1885.000 0.651
1886.000 0.596
1887.000 0.501
1888.000 0.519
1889.000 0.510
1890.000 0.479
1891.000 0.459
1892.000 0.424
1893.000 0.391
1894.000 0.462
1895.000 0.421
1896.000 0.655
1897.000 0.647
1898.000 0.626
1899.000 0.677
1900.000 0.457
1901.000 0.567
1902.000 0.522
1903.000 0.459
1904.000 0.618
1905.000 0.570
1906.000 0.765
1907.000 0.627
1908.000 0.513
1909.000 0.424
1910.000 0.401
1911.000 0.365
1912.000 0.440
1913.000 0.434
1914.000 0.474
1915.000 0.690
1916.000 0.676
1917.000 0.661
1918.000 0.664
1919.000 0.662
1920.000 0.576
1921.000 0.495
1922.000 0.484
1923.000 0.495
1924.000 0.522
1925.000 0.520
1926.000 0.515
1927.000 0.510
1928.000 0.493
1929.000 0.480
1930.000 0.555
1931.000 0.600
1932.000 0.606
1933.000 0.650
1934.000 0.502
1935.000 0.713
1936.000 0.826
1937.000 0.695
1938.000 0.564
1939.000 0.423
1940.000 0.346
1941.000 0.315
1942.000 0.303
1943.000 0.639
1944.000 0.696
1945.000 0.749
1946.000 0.344
1947.000 0.402
1948.000 0.403
1949.000 0.376
1950.000 0.310
1951.000 0.351
1952.000 0.488
1953.000 0.480
1954.000 0.466
1955.000 0.533
1956.000 0.613
1957.000 0.641
1958.000 0.749
1959.000 0.569
1960.000 0.578
1961.000 0.413
1962.000 0.373
1963.000 0.433
1964.000 0.433
1965.000 0.453
1966.000 0.424
1967.000 0.341
1968.000 0.284
1969.000 0.271
1970.000 0.308
1971.000 0.401
1972.000 0.457
1973.000 0.470
1974.000 0.463
1975.000 0.444
1976.000 0.362
1977.000 0.349
1978.000 0.361
1979.000 0.398
1980.000 0.462
1981.000 0.513
1982.000 0.433
1983.000 0.365
1984.000 0.333
1985.000 0.283
1986.000 0.263
1987.000 0.300
1988.000 0.299
1989.000 0.275
1990.000 0.281
1991.000 0.291
1992.000 0.312
1993.000 0.354
1994.000 0.444
1995.000 0.503
1996.000 0.522
1997.000 0.563
1998.000 0.508
1999.000 0.499
2000.000 0.481
2001.000 0.472
2002.000 0.485
2003.000 0.526
2004.000 0.520
2005.000 0.580
2006.000 0.614
2007.000 0.684
2008.000 0.534
2009.000 0.480
2010.000 0.455
2011.000 0.442
2012.000 0.457
2013.000 0.487
2014.000 0.500
2015.000 0.404
2016.000 0.353
2017.000 0.301
2018.000 0.290
2019.000 0.304
2020.000 0.334
2021.000 0.347
2022.000 0.341
2023.000 0.341
2024.000 0.331
2025.000 0.328
2026.000 0.366
2027.000 0.345
2028.000 0.341
2029.000 0.338
2030.000 0.330
2031.000 0.330
2032.000 0.331
2033.000 0.332
2034.000 0.328
2035.000 0.310
2036.000 0.296
2037.000 0.306
2038.000 0.310
2039.000 0.323
2040.000 0.338
2041.000 0.336
2042.000 0.323
2043.000 0.312
2044.000 0.313
2045.000 0.328
2046.000 0.331
2047.000 0.329
2048.000 0.330
2049.000 0.316
2050.000 0.316
2051.000 0.301
2052.000 0.295
2053.000 0.291
2054.000 0.275
2055.000 0.299
2056.000 0.327
2057.000 0.333
2058.000 0.324
2059.000 0.342
2060.000 0.341
2061.000 0.360
2062.000 0.373
2063.000 0.387
2064.000 0.390
2065.000 0.384
2066.000 0.383
2067.000 0.369
2068.000 0.369
2069.000 0.363
2070.000 0.348
2071.000 0.328
2072.000 0.313
2073.000 0.289
2074.000 0.286
2075.000 0.298
2076.000 0.300
2077.000 0.314
2078.000 0.320
2079.000 0.306
2080.000 0.308
2081.000 0.320
2082.000 0.323
2083.000 0.347
2084.000 0.365
2085.000 0.360
2086.000 0.380
2087.000 0.378
2088.000 0.351
2089.000 0.346
2090.000 0.344
2091.000 0.338
2092.000 0.336
2093.000 0.336
2094.000 0.336
2095.000 0.338
2096.000 0.337
2097.000 0.338
2098.000 0.343
2099.000 0.334
2100.000 0.335
2101.000 0.337
2102.000 0.337
2103.000 0.343
2104.000 0.350
2105.000 0.361
2106.000 0.363
2107.000 0.362
2108.000 0.364
2109.000 0.364
2110.000 0.365
2111.000 0.370
2112.000 0.367
2113.000 0.354
2114.000 0.346
2115.000 0.338
2116.000 0.333
2117.000 0.330
2118.000 0.331
2119.000 0.327
2120.000 0.332
2121.000 0.343
2122.000 0.344
2123.000 0.347
2124.000 0.355
2125.000 0.355
2126.000 0.352
2127.000 0.346
2128.000 0.329
2129.000 0.324
2130.000 0.317
2131.000 0.317
2132.000 0.334
2133.000 0.341
2134.000 0.346
2135.000 0.349
2136.000 0.346
2137.000 0.337
2138.000 0.336
2139.000 0.343
2140.000 0.351
2141.000 0.361
2142.000 0.367
2143.000 0.373
2144.000 0.374
2145.000 0.372
2146.000 0.366
2147.000 0.350
2148.000 0.345
2149.000 0.337
2150.000 0.333
2151.000 0.333
2152.000 0.336
2153.000 0.341
2154.000 0.350
2155.000 0.368
2156.000 0.390
2157.000 0.394
2158.000 0.398
2159.000 0.393
2160.000 0.384
2161.000 0.376
2162.000 0.363
2163.000 0.358
2164.000 0.358
2165.000 0.358
2166.000 0.359
2167.000 0.364
2168.000 0.376
2169.000 0.383
2170.000 0.402
2171.000 0.406
2172.000 0.394
2173.000 0.385
2174.000 0.362
2175.000 0.354
2176.000 0.351
2177.000 0.354
2178.000 0.354
2179.000 0.355
2180.000 0.351
2181.000 0.348
2182.000 0.346
2183.000 0.351
2184.000 0.358
2185.000 0.369
2186.000 0.380
2187.000 0.402
2188.000 0.400
2189.000 0.386
2190.000 0.374
2191.000 0.345
2192.000 0.336
2193.000 0.336
2194.000 0.336
2195.000 0.347
2196.000 0.356
2197.000 0.371
2198.000 0.377
2199.000 0.373
2200.000 0.377
2201.000 0.371
2202.000 0.366
2203.000 0.373
2204.000 0.385
2205.000 0.390
2206.000 0.393
2207.000 0.389
2208.000 0.378
2209.000 0.376
2210.000 0.337
2211.000 0.332
2212.000 0.329
2213.000 0.335
2214.000 0.364
2215.000 0.370
2216.000 0.373
2217.000 0.378
2218.000 0.374
2219.000 0.375
2220.000 0.379
2221.000 0.379
2222.000 0.367
2223.000 0.369
2224.000 0.394
2225.000 0.402
2226.000 0.410
2227.000 0.418
2228.000 0.410
2229.000 0.380
2230.000 0.350
2231.000 0.334
2232.000 0.321
2233.000 0.313
2234.000 0.333
2235.000 0.350
2236.000 0.352
2237.000 0.366
2238.000 0.367
2239.000 0.348
2240.000 0.345
2241.000 0.344
2242.000 0.347
2243.000 0.358
2244.000 0.362
2245.000 0.373
2246.000 0.367
2247.000 0.340
2248.000 0.331
2249.000 0.320
2250.000 0.318
2251.000 0.337
2252.000 0.345
2253.000 0.354
2254.000 0.364
2255.000 0.348
2256.000 0.350
2257.000 0.357
2258.000 0.365
2259.000 0.369
2260.000 0.363
2261.000 0.356
2262.000 0.348
2263.000 0.342
2264.000 0.347
2265.000 0.345
2266.000 0.356
2267.000 0.362
2268.000 0.376
2269.000 0.384
2270.000 0.359
2271.000 0.361
2272.000 0.352
2273.000 0.354
2274.000 0.378
2275.000 0.386
2276.000 0.392
2277.000 0.397
2278.000 0.395
2279.000 0.391
2280.000 0.389
2281.000 0.378
2282.000 0.367
2283.000 0.357
2284.000 0.353
2285.000 0.364
2286.000 0.336
2287.000 0.338
2288.000 0.366
2289.000 0.382
2290.000 0.399
2291.000 0.393
2292.000 0.371
2293.000 0.355
2294.000 0.344
2295.000 0.317
2296.000 0.336
2297.000 0.346
2298.000 0.348
2299.000 0.335
2300.000 0.310
2301.000 0.300
2302.000 0.290
2303.000 0.273
2304.000 0.289
2305.000 0.326
2306.000 0.327
2307.000 0.380
2308.000 0.427
2309.000 0.401
2310.000 0.471
2311.000 0.462
2312.000 0.448
2313.000 0.506
2314.000 0.423
2315.000 0.358
2316.000 0.364
2317.000 0.417
2318.000 0.370
2319.000 0.345
2320.000 0.338
2321.000 0.291
2322.000 0.298
2323.000 0.335
2324.000 0.358
2325.000 0.375
2326.000 0.372
2327.000 0.369
2328.000 0.354
2329.000 0.308
2330.000 0.290
2331.000 0.303
2332.000 0.291
2333.000 0.286
2334.000 0.315
2335.000 0.262
2336.000 0.263
2337.000 0.247
2338.000 0.259
2339.000 0.313
2340.000 0.318
2341.000 0.401
2342.000 0.452
2343.000 0.478
2344.000 0.407
2345.000 0.371
2346.000 0.324
2347.000 0.271
2348.000 0.267
2349.000 0.322
2350.000 0.365
2351.000 0.342
2352.000 0.320
2353.000 0.392
2354.000 0.375
2355.000 0.370
2356.000 0.352
2357.000 0.368
2358.000 0.402
2359.000 0.345
2360.000 0.354
2361.000 0.398
2362.000 0.368
2363.000 0.333
2364.000 0.297
2365.000 0.248
2366.000 0.248
2367.000 0.245
2368.000 0.300
2369.000 0.303
2370.000 0.331
2371.000 0.353
2372.000 0.530
2373.000 0.577
2374.000 0.638
2375.000 0.643
2376.000 0.542
2377.000 0.357
2378.000 0.249
2379.000 0.259
2380.000 0.293
2381.000 0.433
2382.000 0.465
2383.000 0.518
2384.000 0.698
2385.000 0.710
2386.000 0.513
2387.000 0.414
2388.000 0.560
2389.000 0.325
2390.000 0.390
2391.000 0.444
2392.000 0.624
2393.000 0.394
2394.000 0.356
2395.000 0.423
2396.000 0.403
2397.000 0.328
2398.000 0.279
2399.000 0.263
2400.000 0.331
2401.000 0.468
2402.000 0.408
2403.000 0.289
2404.000 0.702
2405.000 0.633
2406.000 0.138
2407.000 0.183
2408.000 0.162
2409.000 0.449
2410.000 0.423
2411.000 0.358
2412.000 0.429
2413.000 0.437
2414.000 0.347
2415.000 0.504
2416.000 0.406
2417.000 0.402
2418.000 0.299
2419.000 0.342
2420.000 0.428
2421.000 0.371
2422.000 0.415
2423.000 0.529
2424.000 0.568
2425.000 0.591
2426.000 0.556
2427.000 0.570
2428.000 0.543
2429.000 0.590
2430.000 0.636
2431.000 0.453
2432.000 0.581
2433.000 0.552
2434.000 0.330
2435.000 0.452
2436.000 0.706
2437.000 0.500
2438.000 0.292
2439.000 0.360
2440.000 0.528
2441.000 0.754
2442.000 0.504
2443.000 0.201
2444.000 0.219
2445.000 0.218
2446.000 0.323
2447.000 0.214
2448.000 0.379
2449.000 0.443
2450.000 0.448
2451.000 0.374
2452.000 0.366
2453.000 0.430
2454.000 0.426
2455.000 0.338
2456.000 0.229
2457.000 0.345
2458.000 0.270
2459.000 0.564
2460.000 0.519
2461.000 0.436
2462.000 0.478
2463.000 0.551
2464.000 0.510
2465.000 0.402
2466.000 0.348
2467.000 0.371
2468.000 0.777
2469.000 0.502
2470.000 0.376
2471.000 0.301
2472.000 0.172
2473.000 0.217
2474.000 0.313
2475.000 0.384
2476.000 0.532
2477.000 0.592
2478.000 0.487
2479.000 0.718
2480.000 0.576
2481.000 0.625
2482.000 0.578
2483.000 0.521
2484.000 0.620
2485.000 0.547
2486.000 0.623
2487.000 0.526
2488.000 0.483
2489.000 0.418
2490.000 0.316
2491.000 0.285
2492.000 0.306
2493.000 0.329
2494.000 0.403
2495.000 0.365
2496.000 0.408
2497.000 0.459
2498.000 0.482
2499.000 0.205
2500.000 0.306
