391.000 0.060
392.000 0.057
393.000 0.054
394.000 0.058
395.000 0.067
396.000 0.069
397.000 0.064
398.000 0.060
399.000 0.061
400.000 0.061
401.000 0.056
402.000 0.057
403.000 0.056
404.000 0.054
405.000 0.055
406.000 0.057
407.000 0.060
408.000 0.063
409.000 0.059
410.000 0.059
411.000 0.060
412.000 0.061
413.000 0.063
414.000 0.063
415.000 0.059
416.000 0.056
417.000 0.059
418.000 0.060
419.000 0.059
420.000 0.057
421.000 0.058
422.000 0.059
423.000 0.057
424.000 0.056
425.000 0.059
426.000 0.061
427.000 0.059
428.000 0.061
429.000 0.063
430.000 0.063
431.000 0.060
432.000 0.061
433.000 0.061
434.000 0.059
435.000 0.061
436.000 0.061
437.000 0.059
438.000 0.060
439.000 0.061
440.000 0.061
441.000 0.061
442.000 0.061
443.000 0.062
444.000 0.061
445.000 0.062
446.000 0.063
447.000 0.063
448.000 0.063
449.000 0.063
450.000 0.062
451.000 0.062
452.000 0.062
453.000 0.062
454.000 0.063
455.000 0.063
456.000 0.062
457.000 0.063
458.000 0.064
459.000 0.064
460.000 0.066
461.000 0.065
462.000 0.063
463.000 0.062
464.000 0.063
465.000 0.066
466.000 0.067
467.000 0.066
468.000 0.065
469.000 0.064
470.000 0.064
471.000 0.065
472.000 0.065
473.000 0.064
474.000 0.065
475.000 0.066
476.000 0.066
477.000 0.066
478.000 0.067
479.000 0.066
480.000 0.066
481.000 0.067
482.000 0.068
483.000 0.066
484.000 0.066
485.000 0.069
486.000 0.068
487.000 0.067
488.000 0.068
489.000 0.068
490.000 0.070
491.000 0.069
492.000 0.067
493.000 0.068
494.000 0.069
495.000 0.068
496.000 0.068
497.000 0.071
498.000 0.071
499.000 0.070
500.000 0.070
501.000 0.073
502.000 0.074
503.000 0.074
504.000 0.074
505.000 0.076
506.000 0.078
507.000 0.079
508.000 0.081
509.000 0.082
510.000 0.083
511.000 0.085
512.000 0.088
513.000 0.091
514.000 0.093
515.000 0.094
516.000 0.096
517.000 0.099
518.000 0.101
519.000 0.105
520.000 0.107
521.000 0.110
522.000 0.114
523.000 0.118
524.000 0.122
525.000 0.125
526.000 0.128
527.000 0.132
528.000 0.135
529.000 0.137
530.000 0.138
531.000 0.141
532.000 0.144
533.000 0.145
534.000 0.147
535.000 0.150
536.000 0.151
537.000 0.152
538.000 0.152
539.000 0.153
540.000 0.154
541.000 0.156
542.000 0.157
543.000 0.157
544.000 0.156
545.000 0.156
546.000 0.156
547.000 0.156
548.000 0.158
549.000 0.159
550.000 0.160
551.000 0.160
552.000 0.159
553.000 0.159
554.000 0.160
555.000 0.159
556.000 0.159
557.000 0.158
558.000 0.158
559.000 0.156
560.000 0.156
561.000 0.155
562.000 0.152
563.000 0.151
564.000 0.150
565.000 0.148
566.000 0.146
567.000 0.144
568.000 0.142
569.000 0.139
570.000 0.138
571.000 0.136
572.000 0.134
573.000 0.133
574.000 0.133
575.000 0.132
576.000 0.128
577.000 0.126
578.000 0.124
579.000 0.124
580.000 0.124
581.000 0.123
582.000 0.122
583.000 0.119
584.000 0.118
585.000 0.119
586.000 0.118
587.000 0.116
588.000 0.114
589.000 0.116
590.000 0.116
591.000 0.114
592.000 0.113
593.000 0.112
594.000 0.112
595.000 0.112
596.000 0.112
597.000 0.112
598.000 0.110
599.000 0.109
600.000 0.109
601.000 0.110
602.000 0.110
603.000 0.109
604.000 0.108
605.000 0.108
606.000 0.109
607.000 0.108
608.000 0.105
609.000 0.106
610.000 0.107
611.000 0.107
612.000 0.105
613.000 0.103
614.000 0.102
615.000 0.102
616.000 0.102
617.000 0.102
618.000 0.100
619.000 0.099
620.000 0.100
621.000 0.099
622.000 0.099
623.000 0.101
624.000 0.101
625.000 0.100
626.000 0.099
627.000 0.099
628.000 0.100
629.000 0.101
630.000 0.099
631.000 0.100
632.000 0.100
633.000 0.097
634.000 0.096
635.000 0.097
636.000 0.098
637.000 0.095
638.000 0.095
639.000 0.095
640.000 0.096
641.000 0.092
642.000 0.092
643.000 0.092
644.000 0.092
645.000 0.091
646.000 0.090
647.000 0.088
648.000 0.089
649.000 0.090
650.000 0.090
651.000 0.089
652.000 0.092
653.000 0.090
654.000 0.087
655.000 0.086
656.000 0.090
657.000 0.091
658.000 0.089
659.000 0.087
660.000 0.088
661.000 0.090
662.000 0.089
663.000 0.085
664.000 0.086
665.000 0.088
666.000 0.087
667.000 0.086
668.000 0.088
669.000 0.090
670.000 0.086
671.000 0.088
672.000 0.091
673.000 0.092
674.000 0.091
675.000 0.092
676.000 0.095
677.000 0.097
678.000 0.098
679.000 0.099
680.000 0.100
681.000 0.101
682.000 0.100
683.000 0.101
684.000 0.104
685.000 0.107
686.000 0.110
687.000 0.113
688.000 0.112
689.000 0.113
690.000 0.117
691.000 0.121
692.000 0.127
693.000 0.130
694.000 0.137
695.000 0.146
696.000 0.154
697.000 0.162
698.000 0.171
699.000 0.180
700.000 0.190
701.000 0.201
702.000 0.212
703.000 0.223
704.000 0.235
705.000 0.245
706.000 0.255
707.000 0.266
708.000 0.276
709.000 0.287
710.000 0.297
711.000 0.307
712.000 0.317
713.000 0.327
714.000 0.338
715.000 0.348
716.000 0.357
717.000 0.366
718.000 0.377
719.000 0.388
720.000 0.399
721.000 0.409
722.000 0.418
723.000 0.427
724.000 0.436
725.000 0.445
726.000 0.453
727.000 0.461
728.000 0.470
729.000 0.478
730.000 0.483
731.000 0.491
732.000 0.498
733.000 0.506
734.000 0.512
735.000 0.516
736.000 0.521
737.000 0.526
738.000 0.531
739.000 0.535
740.000 0.538
741.000 0.542
742.000 0.546
743.000 0.550
744.000 0.553
745.000 0.556
746.000 0.559
747.000 0.562
748.000 0.563
749.000 0.565
750.000 0.568
751.000 0.569
752.000 0.571
753.000 0.573
754.000 0.575
755.000 0.576
756.000 0.577
757.000 0.579
758.000 0.580
759.000 0.580
760.000 0.579
761.000 0.579
762.000 0.580
763.000 0.581
764.000 0.582
765.000 0.583
766.000 0.586
767.000 0.586
768.000 0.588
769.000 0.589
770.000 0.589
771.000 0.590
772.000 0.591
773.000 0.591
774.000 0.591
775.000 0.592
776.000 0.593
777.000 0.594
778.000 0.594
779.000 0.594
780.000 0.595
781.000 0.596
782.000 0.596
783.000 0.597
784.000 0.597
785.000 0.598
786.000 0.597
787.000 0.598
788.000 0.598
789.000 0.598
790.000 0.599
791.000 0.599
792.000 0.600
793.000 0.601
794.000 0.601
795.000 0.602
796.000 0.602
797.000 0.602
798.000 0.602
799.000 0.603
800.000 0.603
801.000 0.604
802.000 0.604
803.000 0.605
804.000 0.605
805.000 0.606
806.000 0.606
807.000 0.607
808.000 0.608
809.000 0.608
810.000 0.608
811.000 0.607
812.000 0.607
813.000 0.607
814.000 0.607
815.000 0.606
816.000 0.607
817.000 0.607
818.000 0.608
819.000 0.608
820.000 0.610
821.000 0.610
822.000 0.611
823.000 0.610
824.000 0.611
825.000 0.612
826.000 0.613
827.000 0.614
828.000 0.614
829.000 0.614
830.000 0.614
831.000 0.615
832.000 0.615
833.000 0.616
834.000 0.617
835.000 0.618
836.000 0.619
837.000 0.619
838.000 0.619
839.000 0.620
840.000 0.620
841.000 0.621
842.000 0.622
843.000 0.622
844.000 0.622
845.000 0.623
846.000 0.624
847.000 0.624
848.000 0.624
849.000 0.625
850.000 0.625
851.000 0.625
852.000 0.626
853.000 0.626
854.000 0.626
855.000 0.626
856.000 0.627
857.000 0.628
858.000 0.628
859.000 0.628
860.000 0.628
861.000 0.629
862.000 0.629
863.000 0.629
864.000 0.630
865.000 0.630
866.000 0.630
867.000 0.630
868.000 0.631
869.000 0.631
870.000 0.632
871.000 0.632
872.000 0.632
873.000 0.632
874.000 0.632
875.000 0.633
876.000 0.633
877.000 0.634
878.000 0.634
879.000 0.634
880.000 0.634
881.000 0.635
882.000 0.635
883.000 0.635
884.000 0.636
885.000 0.636
886.000 0.637
887.000 0.637
888.000 0.637
889.000 0.638
890.000 0.638
891.000 0.638
892.000 0.638
893.000 0.638
894.000 0.638
895.000 0.637
896.000 0.637
897.000 0.636
898.000 0.636
899.000 0.636
900.000 0.637
901.000 0.637
902.000 0.638
903.000 0.639
904.000 0.640
905.000 0.640
906.000 0.640
907.000 0.640
908.000 0.640
909.000 0.638
910.000 0.638
911.000 0.639
912.000 0.639
913.000 0.640
914.000 0.640
915.000 0.640
916.000 0.640
917.000 0.641
918.000 0.641
919.000 0.642
920.000 0.643
921.000 0.644
922.000 0.644
923.000 0.643
924.000 0.644
925.000 0.644
926.000 0.644
927.000 0.643
928.000 0.641
929.000 0.641
930.000 0.644
931.000 0.642
932.000 0.639
933.000 0.633
934.000 0.630
935.000 0.632
936.000 0.632
937.000 0.635
938.000 0.634
939.000 0.630
940.000 0.628
941.000 0.634
942.000 0.638
943.000 0.636
944.000 0.632
945.000 0.635
946.000 0.637
947.000 0.635
948.000 0.636
949.000 0.638
950.000 0.637
951.000 0.633
952.000 0.638
953.000 0.643
954.000 0.639
955.000 0.632
956.000 0.636
957.000 0.639
958.000 0.641
959.000 0.639
960.000 0.641
961.000 0.638
962.000 0.635
963.000 0.635
964.000 0.639
965.000 0.641
966.000 0.642
967.000 0.642
968.000 0.643
969.000 0.642
970.000 0.644
971.000 0.646
972.000 0.645
973.000 0.643
974.000 0.641
975.000 0.642
976.000 0.644
977.000 0.646
978.000 0.646
979.000 0.646
980.000 0.646
981.000 0.646
982.000 0.646
983.000 0.648
984.000 0.651
985.000 0.649
986.000 0.650
987.000 0.654
988.000 0.654
989.000 0.653
990.000 0.653
991.000 0.655
992.000 0.654
993.000 0.655
994.000 0.656
995.000 0.657
996.000 0.658
997.000 0.655
998.000 0.656
999.000 0.658
1000.000 0.658
1001.000 0.658
1002.000 0.659
1003.000 0.660
1004.000 0.661
1005.000 0.662
1006.000 0.662
1007.000 0.662
1008.000 0.662
1009.000 0.661
1010.000 0.662
1011.000 0.662
1012.000 0.662
1013.000 0.662
1014.000 0.662
1015.000 0.662
1016.000 0.663
1017.000 0.664
1018.000 0.664
1019.000 0.665
1020.000 0.667
1021.000 0.667
1022.000 0.667
1023.000 0.668
1024.000 0.669
1025.000 0.669
1026.000 0.670
1027.000 0.670
1028.000 0.671
1029.000 0.671
1030.000 0.672
1031.000 0.673
1032.000 0.674
1033.000 0.675
1034.000 0.676
1035.000 0.677
1036.000 0.678
1037.000 0.678
1038.000 0.678
1039.000 0.678
1040.000 0.677
1041.000 0.677
1042.000 0.676
1043.000 0.677
1044.000 0.678
1045.000 0.679
1046.000 0.681
1047.000 0.682
1048.000 0.682
1049.000 0.684
1050.000 0.683
1051.000 0.683
1052.000 0.683
1053.000 0.682
1054.000 0.682
1055.000 0.681
1056.000 0.682
1057.000 0.682
1058.000 0.681
1059.000 0.681
1060.000 0.681
1061.000 0.680
1062.000 0.680
1063.000 0.680
1064.000 0.681
1065.000 0.683
1066.000 0.683
1067.000 0.685
1068.000 0.686
1069.000 0.686
1070.000 0.686
1071.000 0.685
1072.000 0.684
1073.000 0.685
1074.000 0.685
1075.000 0.686
1076.000 0.685
1077.000 0.686
1078.000 0.685
1079.000 0.685
1080.000 0.685
1081.000 0.685
1082.000 0.685
1083.000 0.684
1084.000 0.684
1085.000 0.684
1086.000 0.683
1087.000 0.683
1088.000 0.684
1089.000 0.684
1090.000 0.685
1091.000 0.686
1092.000 0.686
1093.000 0.686
1094.000 0.686
1095.000 0.685
1096.000 0.684
1097.000 0.684
1098.000 0.683
1099.000 0.683
1100.000 0.684
1101.000 0.683
1102.000 0.684
1103.000 0.684
1104.000 0.685
1105.000 0.685
1106.000 0.685
1107.000 0.684
1108.000 0.683
1109.000 0.680
1110.000 0.678
1111.000 0.676
1112.000 0.675
1113.000 0.674
1114.000 0.675
1115.000 0.675
1116.000 0.675
1117.000 0.673
1118.000 0.671
1119.000 0.667
1120.000 0.661
1121.000 0.657
1122.000 0.652
1123.000 0.650
1124.000 0.653
1125.000 0.655
1126.000 0.655
1127.000 0.655
1128.000 0.657
1129.000 0.658
1130.000 0.653
1131.000 0.654
1132.000 0.653
1133.000 0.648
1134.000 0.652
1135.000 0.654
1136.000 0.655
1137.000 0.660
1138.000 0.661
1139.000 0.661
1140.000 0.660
1141.000 0.658
1142.000 0.655
1143.000 0.648
1144.000 0.646
1145.000 0.644
1146.000 0.644
1147.000 0.649
1148.000 0.655
1149.000 0.659
1150.000 0.656
1151.000 0.651
1152.000 0.648
1153.000 0.646
1154.000 0.647
1155.000 0.649
1156.000 0.649
1157.000 0.649
1158.000 0.647
1159.000 0.647
1160.000 0.648
1161.000 0.649
1162.000 0.651
1163.000 0.652
1164.000 0.652
1165.000 0.653
1166.000 0.653
1167.000 0.654
1168.000 0.655
1169.000 0.656
1170.000 0.655
1171.000 0.655
1172.000 0.656
1173.000 0.655
1174.000 0.656
1175.000 0.657
1176.000 0.658
1177.000 0.658
1178.000 0.659
1179.000 0.659
1180.000 0.658
1181.000 0.657
1182.000 0.657
1183.000 0.657
1184.000 0.657
1185.000 0.656
1186.000 0.656
1187.000 0.657
1188.000 0.657
1189.000 0.658
1190.000 0.659
1191.000 0.660
1192.000 0.659
1193.000 0.659
1194.000 0.658
1195.000 0.658
1196.000 0.657
1197.000 0.657
1198.000 0.659
1199.000 0.659
1200.000 0.661
1201.000 0.661
1202.000 0.660
1203.000 0.660
1204.000 0.660
1205.000 0.660
1206.000 0.660
1207.000 0.660
1208.000 0.659
1209.000 0.660
1210.000 0.661
1211.000 0.661
1212.000 0.662
1213.000 0.662
1214.000 0.662
1215.000 0.664
1216.000 0.665
1217.000 0.665
1218.000 0.665
1219.000 0.666
1220.000 0.667
1221.000 0.667
1222.000 0.667
1223.000 0.668
1224.000 0.668
1225.000 0.669
1226.000 0.670
1227.000 0.671
1228.000 0.672
1229.000 0.673
1230.000 0.673
1231.000 0.674
1232.000 0.674
1233.000 0.674
1234.000 0.674
1235.000 0.674
1236.000 0.674
1237.000 0.676
1238.000 0.678
1239.000 0.678
1240.000 0.678
1241.000 0.678
1242.000 0.678
1243.000 0.679
1244.000 0.679
1245.000 0.679
1246.000 0.679
1247.000 0.679
1248.000 0.680
1249.000 0.679
1250.000 0.680
1251.000 0.680
1252.000 0.681
1253.000 0.681
1254.000 0.681
1255.000 0.681
1256.000 0.681
1257.000 0.681
1258.000 0.681
1259.000 0.681
1260.000 0.682
1261.000 0.682
1262.000 0.683
1263.000 0.685
1264.000 0.686
1265.000 0.685
1266.000 0.684
1267.000 0.684
1268.000 0.684
1269.000 0.685
1270.000 0.686
1271.000 0.687
1272.000 0.687
1273.000 0.687
1274.000 0.686
1275.000 0.687
1276.000 0.686
1277.000 0.686
1278.000 0.686
1279.000 0.686
1280.000 0.687
1281.000 0.687
1282.000 0.687
1283.000 0.687
1284.000 0.685
1285.000 0.685
1286.000 0.686
1287.000 0.686
1288.000 0.686
1289.000 0.686
1290.000 0.685
1291.000 0.685
1292.000 0.684
1293.000 0.683
1294.000 0.683
1295.000 0.683
1296.000 0.682
1297.000 0.682
1298.000 0.682
1299.000 0.681
1300.000 0.681
1301.000 0.679
1302.000 0.677
1303.000 0.676
1304.000 0.675
1305.000 0.673
1306.000 0.671
1307.000 0.670
1308.000 0.670
1309.000 0.669
1310.000 0.668
1311.000 0.667
1312.000 0.666
1313.000 0.663
1314.000 0.662
1315.000 0.661
1316.000 0.659
1317.000 0.658
1318.000 0.657
1319.000 0.654
1320.000 0.651
1321.000 0.649
1322.000 0.647
1323.000 0.645
1324.000 0.645
1325.000 0.644
1326.000 0.641
1327.000 0.639
1328.000 0.636
1329.000 0.635
1330.000 0.633
1331.000 0.634
1332.000 0.628
1333.000 0.625
1334.000 0.620
1335.000 0.617
1336.000 0.617
1337.000 0.617
1338.000 0.618
1339.000 0.616
1340.000 0.614
1341.000 0.612
1342.000 0.605
1343.000 0.602
1344.000 0.602
1345.000 0.601
1346.000 0.601
1347.000 0.600
1348.000 0.599
1349.000 0.591
1350.000 0.585
1351.000 0.589
1352.000 0.571
1353.000 0.534
1354.000 0.529
1355.000 0.474
1356.000 0.426
1357.000 0.406
1358.000 0.413
1359.000 0.511
1360.000 0.408
1361.000 0.411
1362.000 0.422
1363.000 0.336
1364.000 0.300
1365.000 0.231
1366.000 0.288
1367.000 0.322
1368.000 0.406
1369.000 0.457
1370.000 0.539
1371.000 0.607
1372.000 0.636
1373.000 0.540
1374.000 0.467
1375.000 0.402
1376.000 0.353
1377.000 0.462
1378.000 0.312
1379.000 0.376
1380.000 0.362
1381.000 0.547
1382.000 0.336
1383.000 0.763
1384.000 0.553
1385.000 0.513
1386.000 0.426
1387.000 0.375
1388.000 0.361
1389.000 0.334
1390.000 0.234
1391.000 0.220
1392.000 0.327
1393.000 0.332
1394.000 0.324
1395.000 0.294
1396.000 0.240
1397.000 0.224
1398.000 0.156
1399.000 0.175
1400.000 0.245
1401.000 0.296
1402.000 0.345
1403.000 0.397
1404.000 0.319
1405.000 0.323
1406.000 0.426
1407.000 0.393
1408.000 0.338
1409.000 0.324
1410.000 0.276
1411.000 0.333
1412.000 0.361
1413.000 0.331
1414.000 0.373
1415.000 0.419
1416.000 0.414
1417.000 0.383
1418.000 0.339
1419.000 0.269
1420.000 0.247
1421.000 0.336
1422.000 0.336
1423.000 0.335
1424.000 0.320
1425.000 0.381
1426.000 0.323
1427.000 0.323
1428.000 0.333
1429.000 0.418
1430.000 0.366
1431.000 0.334
1432.000 0.304
1433.000 0.317
1434.000 0.281
1435.000 0.230
1436.000 0.235
1437.000 0.256
1438.000 0.274
1439.000 0.314
1440.000 0.343
1441.000 0.403
1442.000 0.422
1443.000 0.446
1444.000 0.367
1445.000 0.381
1446.000 0.330
1447.000 0.318
1448.000 0.307
1449.000 0.236
1450.000 0.247
1451.000 0.247
1452.000 0.267
1453.000 0.247
1454.000 0.245
1455.000 0.237
1456.000 0.212
1457.000 0.206
1458.000 0.214
1459.000 0.215
1460.000 0.250
1461.000 0.255
1462.000 0.247
1463.000 0.249
1464.000 0.231
1465.000 0.253
1466.000 0.284
1467.000 0.264
1468.000 0.266
1469.000 0.263
1470.000 0.247
1471.000 0.244
1472.000 0.242
1473.000 0.243
1474.000 0.256
1475.000 0.259
1476.000 0.287
1477.000 0.294
1478.000 0.282
1479.000 0.277
1480.000 0.261
1481.000 0.250
1482.000 0.229
1483.000 0.221
1484.000 0.228
1485.000 0.235
1486.000 0.250
1487.000 0.257
1488.000 0.264
1489.000 0.267
1490.000 0.263
1491.000 0.264
1492.000 0.262
1493.000 0.263
1494.000 0.266
1495.000 0.269
1496.000 0.274
1497.000 0.279
1498.000 0.281
1499.000 0.287
1500.000 0.287
1501.000 0.288
1502.000 0.290
1503.000 0.288
1504.000 0.290
1505.000 0.294
1506.000 0.294
1507.000 0.293
1508.000 0.293
1509.000 0.292
1510.000 0.295
1511.000 0.300
1512.000 0.303
1513.000 0.308
1514.000 0.310
1515.000 0.309
1516.000 0.312
1517.000 0.314
1518.000 0.319
1519.000 0.328
1520.000 0.332
1521.000 0.336
1522.000 0.338
1523.000 0.337
1524.000 0.338
1525.000 0.339
1526.000 0.339
1527.000 0.338
1528.000 0.340
1529.000 0.340
1530.000 0.344
1531.000 0.351
1532.000 0.354
1533.000 0.357
1534.000 0.359
1535.000 0.356
1536.000 0.358
1537.000 0.362
1538.000 0.365
1539.000 0.369
1540.000 0.371
1541.000 0.371
1542.000 0.373
1543.000 0.377
1544.000 0.377
1545.000 0.376
1546.000 0.378
1547.000 0.378
1548.000 0.379
1549.000 0.383
1550.000 0.385
1551.000 0.384
1552.000 0.385
1553.000 0.386
1554.000 0.387
1555.000 0.390
1556.000 0.392
1557.000 0.394
1558.000 0.396
1559.000 0.399
1560.000 0.402
1561.000 0.404
1562.000 0.405
1563.000 0.404
1564.000 0.406
1565.000 0.409
1566.000 0.412
1567.000 0.416
1568.000 0.418
1569.000 0.418
1570.000 0.420
1571.000 0.421
1572.000 0.422
1573.000 0.423
1574.000 0.424
1575.000 0.424
1576.000 0.427
1577.000 0.432
1578.000 0.435
1579.000 0.440
1580.000 0.443
1581.000 0.442
1582.000 0.442
1583.000 0.442
1584.000 0.442
1585.000 0.442
1586.000 0.445
1587.000 0.447
1588.000 0.449
1589.000 0.453
1590.000 0.455
1591.000 0.456
1592.000 0.458
1593.000 0.460
1594.000 0.461
1595.000 0.460
1596.000 0.462
1597.000 0.463
1598.000 0.464
1599.000 0.469
1600.000 0.470
1601.000 0.468
1602.000 0.469
1603.000 0.467
1604.000 0.467
1605.000 0.469
1606.000 0.472
1607.000 0.476
1608.000 0.478
1609.000 0.479
1610.000 0.479
1611.000 0.477
1612.000 0.479
1613.000 0.478
1614.000 0.478
1615.000 0.478
1616.000 0.481
1617.000 0.485
1618.000 0.487
1619.000 0.487
1620.000 0.488
1621.000 0.488
1622.000 0.488
1623.000 0.493
1624.000 0.494
1625.000 0.495
1626.000 0.496
1627.000 0.496
1628.000 0.497
1629.000 0.500
1630.000 0.501
1631.000 0.503
1632.000 0.504
1633.000 0.501
1634.000 0.501
1635.000 0.502
1636.000 0.503
1637.000 0.504
1638.000 0.504
1639.000 0.498
1640.000 0.496
1641.000 0.496
1642.000 0.496
1643.000 0.502
1644.000 0.505
1645.000 0.506
1646.000 0.507
1647.000 0.507
1648.000 0.506
1649.000 0.505
1650.000 0.504
1651.000 0.504
1652.000 0.505
1653.000 0.506
1654.000 0.508
1655.000 0.510
1656.000 0.512
1657.000 0.511
1658.000 0.511
1659.000 0.512
1660.000 0.512
1661.000 0.510
1662.000 0.509
1663.000 0.508
1664.000 0.507
1665.000 0.505
1666.000 0.507
1667.000 0.512
1668.000 0.513
1669.000 0.517
1670.000 0.518
1671.000 0.515
1672.000 0.514
1673.000 0.516
1674.000 0.515
1675.000 0.514
1676.000 0.513
1677.000 0.510
1678.000 0.509
1679.000 0.510
1680.000 0.511
1681.000 0.514
1682.000 0.515
1683.000 0.515
1684.000 0.515
1685.000 0.511
1686.000 0.510
1687.000 0.513
1688.000 0.514
1689.000 0.513
1690.000 0.514
1691.000 0.513
1692.000 0.513
1693.000 0.513
1694.000 0.514
1695.000 0.514
1696.000 0.514
1697.000 0.513
1698.000 0.512
1699.000 0.511
1700.000 0.510
1701.000 0.510
1702.000 0.511
1703.000 0.509
1704.000 0.508
1705.000 0.507
1706.000 0.506
1707.000 0.503
1708.000 0.501
1709.000 0.501
1710.000 0.499
1711.000 0.496
1712.000 0.497
1713.000 0.497
1714.000 0.503
1715.000 0.508
1716.000 0.508
1717.000 0.509
1718.000 0.509
1719.000 0.505
1720.000 0.501
1721.000 0.499
1722.000 0.491
1723.000 0.486
1724.000 0.488
1725.000 0.486
1726.000 0.486
1727.000 0.488
1728.000 0.488
1729.000 0.490
1730.000 0.490
1731.000 0.492
1732.000 0.494
1733.000 0.491
1734.000 0.489
1735.000 0.489
1736.000 0.490
1737.000 0.487
1738.000 0.485
1739.000 0.482
1740.000 0.477
1741.000 0.474
1742.000 0.474
1743.000 0.475
1744.000 0.477
1745.000 0.479
1746.000 0.482
1747.000 0.482
1748.000 0.475
1749.000 0.472
1750.000 0.467
1751.000 0.467
1752.000 0.471
1753.000 0.469
1754.000 0.467
1755.000 0.466
1756.000 0.459
1757.000 0.461
1758.000 0.471
1759.000 0.475
1760.000 0.470
1761.000 0.465
1762.000 0.464
1763.000 0.460
1764.000 0.457
1765.000 0.454
1766.000 0.449
1767.000 0.442
1768.000 0.446
1769.000 0.448
1770.000 0.453
1771.000 0.451
1772.000 0.433
1773.000 0.417
1774.000 0.416
1775.000 0.403
1776.000 0.395
1777.000 0.402
1778.000 0.408
1779.000 0.417
1780.000 0.438
1781.000 0.451
1782.000 0.449
1783.000 0.452
1784.000 0.461
1785.000 0.441
1786.000 0.441
1787.000 0.436
1788.000 0.436
1789.000 0.457
1790.000 0.457
1791.000 0.433
1792.000 0.427
1793.000 0.461
1794.000 0.498
1795.000 0.514
1796.000 0.505
1797.000 0.540
1798.000 0.521
1799.000 0.532
1800.000 0.515
1801.000 0.439
1802.000 0.484
1803.000 0.597
1804.000 0.797
1805.000 0.619
1806.000 0.558
1807.000 0.531
1808.000 0.463
1809.000 0.500
1810.000 0.606
1811.000 0.613
1812.000 0.485
1813.000 0.518
1814.000 0.498
1815.000 0.603
1816.000 0.629
1817.000 0.667
1818.000 0.693
1819.000 0.729
1820.000 0.791
1821.000 0.685
1822.000 0.618
1823.000 0.588
1824.000 0.613
1825.000 0.543
1826.000 0.593
1827.000 0.660
1828.000 0.666
1829.000 0.645
1830.000 0.673
1831.000 0.741
1832.000 0.707
1833.000 0.672
1834.000 0.707
1835.000 0.591
1836.000 0.581
1837.000 0.575
1838.000 0.605
1839.000 0.658
1840.000 0.678
1841.000 0.717
1842.000 0.584
1843.000 0.599
1844.000 0.600
1845.000 0.642
1846.000 0.527
1847.000 0.584
1848.000 0.465
1849.000 0.441
1850.000 0.413
1851.000 0.423
1852.000 0.537
1853.000 0.583
1854.000 0.614
1855.000 0.534
1856.000 0.651
1857.000 0.507
1858.000 0.607
1859.000 0.525
1860.000 0.554
1861.000 0.402
1862.000 0.492
1863.000 0.522
1864.000 0.648
1865.000 0.334
1866.000 0.411
1867.000 0.545
1868.000 0.602
1869.000 0.658
1870.000 0.736
1871.000 0.584
1872.000 0.510
1873.000 0.424
1874.000 0.511
1875.000 0.563
1876.000 0.466
1877.000 0.451
1878.000 0.440
1879.000 0.132
1880.000 0.158
1881.000 0.256
1882.000 0.326
1883.000 0.399
1884.000 0.407
1885.000 0.377
1886.000 0.750
1887.000 0.588
1888.000 0.228
1889.000 0.569
1890.000 0.469
1891.000 0.590
1892.000 0.561
1893.000 0.328
1894.000 0.231
1895.000 0.363
1896.000 0.412
1897.000 0.540
1898.000 0.581
1899.000 0.454
1900.000 0.529
1901.000 0.390
1902.000 0.471
1903.000 0.558
1904.000 0.659
1905.000 0.675
1906.000 0.615
1907.000 0.634
1908.000 0.442
1909.000 0.564
1910.000 0.388
1911.000 0.221
1912.000 0.288
1913.000 0.467
1914.000 0.505
1915.000 0.637
1916.000 0.510
1917.000 0.464
1918.000 0.738
1919.000 0.660
1920.000 0.718
1921.000 0.571
1922.000 0.351
1923.000 0.385
1924.000 0.249
1925.000 0.237
1926.000 0.242
1927.000 0.248
1928.000 0.229
1929.000 0.199
1930.000 0.203
1931.000 0.313
1932.000 0.486
1933.000 0.437
1934.000 0.651
1935.000 0.713
1936.000 0.760
1937.000 0.740
1938.000 0.773
1939.000 0.588
1940.000 0.402
1941.000 0.208
1942.000 0.325
1943.000 0.235
1944.000 0.147
1945.000 0.265
1946.000 0.354
1947.000 0.235
1948.000 0.220
1949.000 0.229
1950.000 0.257
1951.000 0.281
1952.000 0.416
1953.000 0.430
1954.000 0.518
1955.000 0.483
1956.000 0.515
1957.000 0.567
1958.000 0.652
1959.000 0.637
1960.000 0.504
1961.000 0.450
1962.000 0.423
1963.000 0.396
1964.000 0.383
1965.000 0.377
1966.000 0.315
1967.000 0.348
1968.000 0.414
1969.000 0.383
1970.000 0.413
1971.000 0.400
1972.000 0.420
1973.000 0.413
1974.000 0.464
1975.000 0.362
1976.000 0.361
1977.000 0.359
1978.000 0.295
1979.000 0.369
1980.000 0.357
1981.000 0.461
1982.000 0.460
1983.000 0.430
1984.000 0.404
1985.000 0.258
1986.000 0.226
1987.000 0.258
1988.000 0.284
1989.000 0.233
1990.000 0.315
1991.000 0.278
1992.000 0.281
1993.000 0.311
1994.000 0.355
1995.000 0.441
1996.000 0.454
1997.000 0.439
1998.000 0.423
1999.000 0.441
2000.000 0.596
2001.000 0.523
2002.000 0.396
2003.000 0.496
2004.000 0.592
2005.000 0.466
2006.000 0.607
2007.000 0.564
2008.000 0.474
2009.000 0.502
2010.000 0.341
2011.000 0.428
2012.000 0.543
2013.000 0.612
2014.000 0.562
2015.000 0.387
2016.000 0.328
2017.000 0.324
2018.000 0.302
2019.000 0.288
2020.000 0.372
2021.000 0.368
2022.000 0.310
2023.000 0.448
2024.000 0.466
2025.000 0.359
2026.000 0.249
2027.000 0.461
2028.000 0.377
2029.000 0.332
2030.000 0.239
2031.000 0.233
2032.000 0.272
2033.000 0.288
2034.000 0.338
2035.000 0.364
2036.000 0.307
2037.000 0.244
2038.000 0.228
2039.000 0.199
2040.000 0.188
2041.000 0.223
2042.000 0.228
2043.000 0.209
2044.000 0.222
2045.000 0.228
2046.000 0.235
2047.000 0.244
2048.000 0.251
2049.000 0.259
2050.000 0.262
2051.000 0.267
2052.000 0.279
2053.000 0.285
2054.000 0.280
2055.000 0.258
2056.000 0.236
2057.000 0.236
2058.000 0.257
2059.000 0.280
2060.000 0.401
2061.000 0.428
2062.000 0.517
2063.000 0.433
2064.000 0.566
2065.000 0.522
2066.000 0.395
2067.000 0.300
2068.000 0.279
2069.000 0.275
2070.000 0.286
2071.000 0.310
2072.000 0.333
2073.000 0.335
2074.000 0.343
2075.000 0.331
2076.000 0.336
2077.000 0.326
2078.000 0.321
2079.000 0.317
2080.000 0.304
2081.000 0.313
2082.000 0.291
2083.000 0.284
2084.000 0.290
2085.000 0.259
2086.000 0.275
2087.000 0.280
2088.000 0.258
2089.000 0.265
2090.000 0.313
2091.000 0.348
2092.000 0.453
2093.000 0.442
2094.000 0.412
2095.000 0.443
2096.000 0.371
2097.000 0.353
2098.000 0.342
2099.000 0.348
2100.000 0.337
2101.000 0.304
2102.000 0.297
2103.000 0.313
2104.000 0.318
2105.000 0.347
2106.000 0.346
2107.000 0.323
2108.000 0.315
2109.000 0.307
2110.000 0.299
2111.000 0.283
2112.000 0.276
2113.000 0.263
2114.000 0.258
2115.000 0.256
2116.000 0.258
2117.000 0.271
2118.000 0.280
2119.000 0.279
2120.000 0.281
2121.000 0.303
2122.000 0.299
2123.000 0.311
2124.000 0.351
2125.000 0.353
2126.000 0.338
2127.000 0.323
2128.000 0.284
2129.000 0.275
2130.000 0.283
2131.000 0.279
2132.000 0.277
2133.000 0.279
2134.000 0.277
2135.000 0.274
2136.000 0.267
2137.000 0.275
2138.000 0.306
2139.000 0.298
2140.000 0.299
2141.000 0.301
2142.000 0.303
2143.000 0.296
2144.000 0.294
2145.000 0.294
2146.000 0.292
2147.000 0.291
2148.000 0.284
2149.000 0.267
2150.000 0.267
2151.000 0.293
2152.000 0.329
2153.000 0.315
2154.000 0.325
2155.000 0.318
2156.000 0.301
2157.000 0.294
2158.000 0.298
2159.000 0.277
2160.000 0.273
2161.000 0.275
2162.000 0.278
2163.000 0.297
2164.000 0.311
2165.000 0.319
2166.000 0.321
2167.000 0.320
2168.000 0.307
2169.000 0.302
2170.000 0.309
2171.000 0.293
2172.000 0.304
2173.000 0.298
2174.000 0.284
2175.000 0.276
2176.000 0.261
2177.000 0.255
2178.000 0.251
2179.000 0.262
2180.000 0.265
2181.000 0.290
2182.000 0.284
2183.000 0.307
2184.000 0.327
2185.000 0.352
2186.000 0.362
2187.000 0.377
2188.000 0.363
2189.000 0.322
2190.000 0.321
2191.000 0.293
2192.000 0.303
2193.000 0.309
2194.000 0.321
2195.000 0.325
2196.000 0.315
2197.000 0.335
2198.000 0.340
2199.000 0.359
2200.000 0.359
2201.000 0.353
2202.000 0.323
2203.000 0.353
2204.000 0.342
2205.000 0.325
2206.000 0.309
2207.000 0.306
2208.000 0.295
2209.000 0.276
2210.000 0.271
2211.000 0.273
2212.000 0.282
2213.000 0.287
2214.000 0.286
2215.000 0.289
2216.000 0.296
2217.000 0.297
2218.000 0.298
2219.000 0.302
2220.000 0.297
2221.000 0.299
2222.000 0.307
2223.000 0.310
2224.000 0.315
2225.000 0.316
2226.000 0.313
2227.000 0.311
2228.000 0.309
2229.000 0.300
2230.000 0.305
2231.000 0.309
2232.000 0.318
2233.000 0.320
2234.000 0.311
2235.000 0.311
2236.000 0.287
2237.000 0.285
2238.000 0.282
2239.000 0.274
2240.000 0.273
2241.000 0.292
2242.000 0.297
2243.000 0.284
2244.000 0.289
2245.000 0.308
2246.000 0.313
2247.000 0.316
2248.000 0.306
2249.000 0.268
2250.000 0.259
2251.000 0.256
2252.000 0.259
2253.000 0.298
2254.000 0.309
2255.000 0.304
2256.000 0.299
2257.000 0.283
2258.000 0.253
2259.000 0.266
2260.000 0.268
2261.000 0.273
2262.000 0.282
2263.000 0.272
2264.000 0.325
2265.000 0.310
2266.000 0.276
2267.000 0.295
2268.000 0.288
2269.000 0.313
2270.000 0.301
2271.000 0.323
2272.000 0.301
2273.000 0.314
2274.000 0.291
2275.000 0.290
2276.000 0.302
2277.000 0.320
2278.000 0.288
2279.000 0.269
2280.000 0.258
2281.000 0.240
2282.000 0.251
2283.000 0.254
2284.000 0.249
2285.000 0.253
2286.000 0.272
2287.000 0.292
2288.000 0.328
2289.000 0.343
2290.000 0.403
2291.000 0.353
2292.000 0.337
2293.000 0.304
2294.000 0.279
2295.000 0.267
2296.000 0.274
2297.000 0.279
2298.000 0.281
2299.000 0.287
2300.000 0.259
2301.000 0.248
2302.000 0.297
2303.000 0.277
2304.000 0.362
2305.000 0.393
2306.000 0.429
2307.000 0.547
2308.000 0.511
2309.000 0.478
2310.000 0.496
2311.000 0.450
2312.000 0.389
2313.000 0.381
2314.000 0.345
2315.000 0.347
2316.000 0.335
2317.000 0.321
2318.000 0.306
2319.000 0.286
2320.000 0.370
2321.000 0.276
2322.000 0.196
2323.000 0.504
2324.000 0.457
2325.000 0.413
2326.000 0.403
2327.000 0.529
2328.000 0.335
2329.000 0.308
2330.000 0.278
2331.000 0.237
2332.000 0.214
2333.000 0.250
2334.000 0.276
2335.000 0.367
2336.000 0.392
2337.000 0.260
2338.000 0.298
2339.000 0.410
2340.000 0.425
2341.000 0.560
2342.000 0.468
2343.000 0.433
2344.000 0.407
2345.000 0.496
2346.000 0.395
2347.000 0.271
2348.000 0.275
2349.000 0.332
2350.000 0.398
2351.000 0.199
2352.000 0.253
2353.000 0.467
2354.000 0.384
2355.000 0.290
2356.000 0.217
2357.000 0.232
2358.000 0.324
2359.000 0.351
2360.000 0.310
2361.000 0.428
2362.000 0.460
2363.000 0.383
2364.000 0.330
2365.000 0.278
2366.000 0.219
2367.000 0.223
2368.000 0.340
2369.000 0.525
2370.000 0.412
2371.000 0.275
2372.000 0.266
2373.000 0.312
2374.000 0.411
2375.000 0.289
2376.000 0.345
2377.000 0.340
2378.000 0.357
2379.000 0.437
2380.000 0.367
2381.000 0.452
2382.000 0.460
2383.000 0.232
2384.000 0.286
2385.000 0.305
2386.000 0.290
2387.000 0.349
2388.000 0.336
2389.000 0.282
2390.000 0.326
2391.000 0.523
2392.000 0.446
2393.000 0.576
2394.000 0.365
2395.000 0.288
2396.000 0.169
2397.000 0.188
2398.000 0.181
2399.000 0.301
2400.000 0.401
2401.000 0.484
2402.000 0.488
2403.000 0.579
2404.000 0.244
2405.000 0.265
2406.000 0.246
2407.000 0.148
2408.000 0.350
2409.000 0.363
2410.000 0.317
2411.000 0.363
2412.000 0.535
2413.000 0.528
2414.000 0.586
2415.000 0.452
2416.000 0.143
2417.000 0.390
2418.000 0.151
2419.000 0.249
2420.000 0.386
2421.000 0.448
2422.000 0.422
2423.000 0.386
2424.000 0.448
2425.000 0.381
2426.000 0.312
2427.000 0.341
2428.000 0.507
2429.000 0.428
2430.000 0.422
2431.000 0.541
2432.000 0.554
2433.000 0.534
2434.000 0.350
2435.000 0.237
2436.000 0.316
2437.000 0.425
2438.000 0.580
2439.000 0.329
2440.000 0.185
2441.000 0.555
2442.000 0.425
2443.000 0.578
2444.000 0.513
2445.000 0.499
2446.000 0.221
2447.000 0.470
2448.000 0.458
2449.000 0.668
2450.000 0.486
2451.000 0.497
2452.000 0.487
2453.000 0.592
2454.000 0.588
2455.000 0.541
2456.000 0.242
2457.000 0.327
2458.000 0.174
2459.000 0.244
2460.000 0.361
2461.000 0.358
2462.000 0.511
2463.000 0.556
2464.000 0.424
2465.000 0.336
2466.000 0.190
2467.000 0.338
2468.000 0.200
2469.000 0.554
2470.000 0.382
2471.000 0.352
2472.000 0.234
2473.000 0.285
2474.000 0.256
2475.000 0.210
2476.000 0.184
2477.000 0.290
2478.000 0.389
2479.000 0.378
2480.000 0.424
2481.000 0.300
2482.000 0.422
2483.000 0.385
2484.000 0.440
2485.000 0.422
2486.000 0.328
2487.000 0.279
2488.000 0.225
2489.000 0.291
2490.000 0.308
2491.000 0.419
2492.000 0.540
2493.000 0.443
2494.000 0.254
2495.000 0.227
2496.000 0.233
2497.000 0.390
2498.000 0.346
2499.000 0.379
2500.000 0.384
