391.000 0.036
392.000 0.037
393.000 0.039
394.000 0.037
395.000 0.038
396.000 0.044
397.000 0.048
398.000 0.046
399.000 0.043
400.000 0.040
401.000 0.039
402.000 0.041
403.000 0.039
404.000 0.036
405.000 0.036
406.000 0.036
407.000 0.038
408.000 0.041
409.000 0.041
410.000 0.041
411.000 0.042
412.000 0.043
413.000 0.040
414.000 0.040
415.000 0.041
416.000 0.041
417.000 0.042
418.000 0.043
419.000 0.043
420.000 0.041
421.000 0.042
422.000 0.042
423.000 0.041
424.000 0.038
425.000 0.039
426.000 0.041
427.000 0.040
428.000 0.043
429.000 0.045
430.000 0.045
431.000 0.044
432.000 0.043
433.000 0.042
434.000 0.042
435.000 0.044
436.000 0.043
437.000 0.040
438.000 0.039
439.000 0.042
440.000 0.042
441.000 0.043
442.000 0.044
443.000 0.044
444.000 0.043
445.000 0.044
446.000 0.044
447.000 0.044
448.000 0.044
449.000 0.045
450.000 0.046
451.000 0.046
452.000 0.045
453.000 0.044
454.000 0.043
455.000 0.043
456.000 0.045
457.000 0.046
458.000 0.046
459.000 0.045
460.000 0.044
461.000 0.044
462.000 0.045
463.000 0.045
464.000 0.046
465.000 0.045
466.000 0.045
467.000 0.047
468.000 0.046
469.000 0.045
470.000 0.045
471.000 0.045
472.000 0.045
473.000 0.045
474.000 0.046
475.000 0.047
476.000 0.046
477.000 0.046
478.000 0.046
479.000 0.045
480.000 0.046
481.000 0.048
482.000 0.048
483.000 0.048
484.000 0.048
485.000 0.048
486.000 0.048
487.000 0.047
488.000 0.048
489.000 0.048
490.000 0.049
491.000 0.048
492.000 0.048
493.000 0.049
494.000 0.049
495.000 0.049
496.000 0.049
497.000 0.051
498.000 0.051
499.000 0.051
500.000 0.050
501.000 0.051
502.000 0.051
503.000 0.050
504.000 0.050
505.000 0.051
506.000 0.054
507.000 0.058
508.000 0.056
509.000 0.056
510.000 0.057
511.000 0.057
512.000 0.059
513.000 0.060
514.000 0.060
515.000 0.060
516.000 0.063
517.000 0.065
518.000 0.066
519.000 0.067
520.000 0.069
521.000 0.070
522.000 0.071
523.000 0.073
524.000 0.074
525.000 0.075
526.000 0.077
527.000 0.080
528.000 0.082
529.000 0.083
530.000 0.083
531.000 0.083
532.000 0.085
533.000 0.087
534.000 0.087
535.000 0.088
536.000 0.089
537.000 0.089
538.000 0.090
539.000 0.091
540.000 0.091
541.000 0.091
542.000 0.093
543.000 0.094
544.000 0.092
545.000 0.091
546.000 0.091
547.000 0.091
548.000 0.094
549.000 0.094
550.000 0.093
551.000 0.093
552.000 0.093
553.000 0.094
554.000 0.093
555.000 0.094
556.000 0.094
557.000 0.094
558.000 0.094
559.000 0.092
560.000 0.092
561.000 0.092
562.000 0.091
563.000 0.090
564.000 0.090
565.000 0.089
566.000 0.089
567.000 0.089
568.000 0.087
569.000 0.086
570.000 0.085
571.000 0.085
572.000 0.083
573.000 0.082
574.000 0.083
575.000 0.082
576.000 0.080
577.000 0.080
578.000 0.079
579.000 0.078
580.000 0.079
581.000 0.079
582.000 0.079
583.000 0.078
584.000 0.077
585.000 0.077
586.000 0.078
587.000 0.077
588.000 0.076
589.000 0.076
590.000 0.077
591.000 0.076
592.000 0.075
593.000 0.075
594.000 0.074
595.000 0.074
596.000 0.076
597.000 0.076
598.000 0.074
599.000 0.074
600.000 0.074
601.000 0.073
602.000 0.073
603.000 0.073
604.000 0.073
605.000 0.073
606.000 0.074
607.000 0.073
608.000 0.072
609.000 0.074
610.000 0.076
611.000 0.075
612.000 0.074
613.000 0.072
614.000 0.070
615.000 0.071
616.000 0.071
617.000 0.071
618.000 0.071
619.000 0.072
620.000 0.073
621.000 0.071
622.000 0.070
623.000 0.072
624.000 0.072
625.000 0.071
626.000 0.072
627.000 0.072
628.000 0.073
629.000 0.072
630.000 0.070
631.000 0.070
632.000 0.071
633.000 0.071
634.000 0.071
635.000 0.071
636.000 0.071
637.000 0.071
638.000 0.069
639.000 0.069
640.000 0.070
641.000 0.071
642.000 0.069
643.000 0.069
644.000 0.070
645.000 0.070
646.000 0.069
647.000 0.068
648.000 0.068
649.000 0.068
650.000 0.069
651.000 0.070
652.000 0.070
653.000 0.069
654.000 0.069
655.000 0.069
656.000 0.070
657.000 0.071
658.000 0.070
659.000 0.070
660.000 0.071
661.000 0.071
662.000 0.069
663.000 0.068
664.000 0.068
665.000 0.069
666.000 0.071
667.000 0.070
668.000 0.071
669.000 0.071
670.000 0.069
671.000 0.071
672.000 0.071
673.000 0.069
674.000 0.069
675.000 0.073
676.000 0.076
677.000 0.075
678.000 0.076
679.000 0.076
680.000 0.076
681.000 0.076
682.000 0.076
683.000 0.078
684.000 0.081
685.000 0.082
686.000 0.082
687.000 0.082
688.000 0.083
689.000 0.084
690.000 0.086
691.000 0.090
692.000 0.091
693.000 0.093
694.000 0.095
695.000 0.099
696.000 0.105
697.000 0.110
698.000 0.114
699.000 0.117
700.000 0.122
701.000 0.127
702.000 0.132
703.000 0.137
704.000 0.143
705.000 0.147
706.000 0.152
707.000 0.157
708.000 0.162
709.000 0.166
710.000 0.171
711.000 0.176
712.000 0.181
713.000 0.186
714.000 0.191
715.000 0.195
716.000 0.199
717.000 0.203
718.000 0.208
719.000 0.213
720.000 0.218
721.000 0.224
722.000 0.228
723.000 0.232
724.000 0.235
725.000 0.240
726.000 0.244
727.000 0.248
728.000 0.251
729.000 0.256
730.000 0.260
731.000 0.265
732.000 0.269
733.000 0.272
734.000 0.275
735.000 0.279
736.000 0.281
737.000 0.284
738.000 0.287
739.000 0.290
740.000 0.292
741.000 0.294
742.000 0.297
743.000 0.299
744.000 0.301
745.000 0.303
746.000 0.305
747.000 0.306
748.000 0.307
749.000 0.309
750.000 0.312
751.000 0.313
752.000 0.314
753.000 0.315
754.000 0.316
755.000 0.317
756.000 0.318
757.000 0.319
758.000 0.319
759.000 0.319
760.000 0.317
761.000 0.316
762.000 0.315
763.000 0.316
764.000 0.317
765.000 0.319
766.000 0.322
767.000 0.323
768.000 0.325
769.000 0.326
770.000 0.327
771.000 0.327
772.000 0.328
773.000 0.328
774.000 0.329
775.000 0.329
776.000 0.330
777.000 0.331
778.000 0.331
779.000 0.332
780.000 0.332
781.000 0.332
782.000 0.332
783.000 0.333
784.000 0.333
785.000 0.334
786.000 0.334
787.000 0.334
788.000 0.334
789.000 0.334
790.000 0.335
791.000 0.335
792.000 0.335
793.000 0.336
794.000 0.337
795.000 0.337
796.000 0.337
797.000 0.338
798.000 0.338
799.000 0.338
800.000 0.339
801.000 0.339
802.000 0.339
803.000 0.340
804.000 0.340
805.000 0.341
806.000 0.342
807.000 0.342
808.000 0.342
809.000 0.342
810.000 0.342
811.000 0.342
812.000 0.342
813.000 0.341
814.000 0.341
815.000 0.340
816.000 0.341
817.000 0.341
818.000 0.341
819.000 0.342
820.000 0.343
821.000 0.343
822.000 0.344
823.000 0.344
824.000 0.345
825.000 0.346
826.000 0.346
827.000 0.347
828.000 0.347
829.000 0.347
830.000 0.347
831.000 0.348
832.000 0.348
833.000 0.349
834.000 0.350
835.000 0.350
836.000 0.352
837.000 0.352
838.000 0.352
839.000 0.353
840.000 0.353
841.000 0.354
842.000 0.354
843.000 0.355
844.000 0.355
845.000 0.356
846.000 0.357
847.000 0.357
848.000 0.357
849.000 0.357
850.000 0.358
851.000 0.358
852.000 0.358
853.000 0.359
854.000 0.359
855.000 0.359
856.000 0.360
857.000 0.360
858.000 0.361
859.000 0.361
860.000 0.361
861.000 0.361
862.000 0.361
863.000 0.362
864.000 0.362
865.000 0.362
866.000 0.362
867.000 0.362
868.000 0.363
869.000 0.363
870.000 0.364
871.000 0.364
872.000 0.364
873.000 0.365
874.000 0.365
875.000 0.365
876.000 0.365
877.000 0.365
878.000 0.366
879.000 0.366
880.000 0.367
881.000 0.368
882.000 0.367
883.000 0.367
884.000 0.368
885.000 0.368
886.000 0.368
887.000 0.368
888.000 0.369
889.000 0.369
890.000 0.369
891.000 0.369
892.000 0.369
893.000 0.369
894.000 0.368
895.000 0.367
896.000 0.366
897.000 0.367
898.000 0.366
899.000 0.365
900.000 0.367
901.000 0.367
902.000 0.367
903.000 0.367
904.000 0.368
905.000 0.369
906.000 0.369
907.000 0.369
908.000 0.368
909.000 0.367
910.000 0.367
911.000 0.367
912.000 0.368
913.000 0.368
914.000 0.368
915.000 0.368
916.000 0.369
917.000 0.369
918.000 0.370
919.000 0.370
920.000 0.370
921.000 0.372
922.000 0.372
923.000 0.371
924.000 0.373
925.000 0.372
926.000 0.371
927.000 0.371
928.000 0.369
929.000 0.367
930.000 0.371
931.000 0.369
932.000 0.366
933.000 0.365
934.000 0.363
935.000 0.362
936.000 0.363
937.000 0.363
938.000 0.364
939.000 0.366
940.000 0.366
941.000 0.364
942.000 0.364
943.000 0.365
944.000 0.367
945.000 0.368
946.000 0.366
947.000 0.363
948.000 0.364
949.000 0.363
950.000 0.363
951.000 0.365
952.000 0.367
953.000 0.365
954.000 0.365
955.000 0.371
956.000 0.375
957.000 0.371
958.000 0.369
959.000 0.371
960.000 0.371
961.000 0.365
962.000 0.365
963.000 0.368
964.000 0.366
965.000 0.370
966.000 0.371
967.000 0.370
968.000 0.373
969.000 0.374
970.000 0.373
971.000 0.373
972.000 0.376
973.000 0.376
974.000 0.375
975.000 0.375
976.000 0.377
977.000 0.378
978.000 0.378
979.000 0.380
980.000 0.381
981.000 0.381
982.000 0.381
983.000 0.383
984.000 0.383
985.000 0.382
986.000 0.381
987.000 0.381
988.000 0.385
989.000 0.386
990.000 0.386
991.000 0.386
992.000 0.384
993.000 0.384
994.000 0.386
995.000 0.389
996.000 0.391
997.000 0.389
998.000 0.390
999.000 0.391
1000.000 0.391
1001.000 0.393
1002.000 0.393
1003.000 0.393
1004.000 0.394
1005.000 0.395
1006.000 0.396
1007.000 0.396
1008.000 0.396
1009.000 0.396
1010.000 0.396
1011.000 0.395
1012.000 0.395
1013.000 0.396
1014.000 0.397
1015.000 0.398
1016.000 0.399
1017.000 0.400
1018.000 0.400
1019.000 0.401
1020.000 0.402
1021.000 0.401
1022.000 0.400
1023.000 0.401
1024.000 0.401
1025.000 0.401
1026.000 0.402
1027.000 0.402
1028.000 0.402
1029.000 0.403
1030.000 0.404
1031.000 0.404
1032.000 0.405
1033.000 0.405
1034.000 0.405
1035.000 0.406
1036.000 0.407
1037.000 0.407
1038.000 0.407
1039.000 0.407
1040.000 0.406
1041.000 0.406
1042.000 0.407
1043.000 0.408
1044.000 0.409
1045.000 0.409
1046.000 0.410
1047.000 0.410
1048.000 0.409
1049.000 0.409
1050.000 0.408
1051.000 0.408
1052.000 0.408
1053.000 0.409
1054.000 0.410
1055.000 0.411
1056.000 0.411
1057.000 0.411
1058.000 0.409
1059.000 0.409
1060.000 0.409
1061.000 0.410
1062.000 0.410
1063.000 0.411
1064.000 0.411
1065.000 0.412
1066.000 0.412
1067.000 0.412
1068.000 0.413
1069.000 0.413
1070.000 0.413
1071.000 0.412
1072.000 0.412
1073.000 0.412
1074.000 0.413
1075.000 0.413
1076.000 0.413
1077.000 0.414
1078.000 0.414
1079.000 0.414
1080.000 0.414
1081.000 0.414
1082.000 0.414
1083.000 0.413
1084.000 0.413
1085.000 0.413
1086.000 0.412
1087.000 0.413
1088.000 0.413
1089.000 0.414
1090.000 0.413
1091.000 0.413
1092.000 0.413
1093.000 0.413
1094.000 0.412
1095.000 0.412
1096.000 0.411
1097.000 0.411
1098.000 0.411
1099.000 0.412
1100.000 0.416
1101.000 0.416
1102.000 0.415
1103.000 0.415
1104.000 0.413
1105.000 0.413
1106.000 0.413
1107.000 0.412
1108.000 0.412
1109.000 0.411
1110.000 0.411
1111.000 0.410
1112.000 0.410
1113.000 0.408
1114.000 0.408
1115.000 0.407
1116.000 0.406
1117.000 0.406
1118.000 0.405
1119.000 0.406
1120.000 0.404
1121.000 0.403
1122.000 0.403
1123.000 0.401
1124.000 0.398
1125.000 0.398
1126.000 0.400
1127.000 0.400
1128.000 0.402
1129.000 0.403
1130.000 0.401
1131.000 0.400
1132.000 0.399
1133.000 0.399
1134.000 0.397
1135.000 0.397
1136.000 0.397
1137.000 0.397
1138.000 0.398
1139.000 0.398
1140.000 0.399
1141.000 0.400
1142.000 0.400
1143.000 0.400
1144.000 0.400
1145.000 0.397
1146.000 0.395
1147.000 0.395
1148.000 0.396
1149.000 0.398
1150.000 0.399
1151.000 0.401
1152.000 0.400
1153.000 0.398
1154.000 0.398
1155.000 0.399
1156.000 0.394
1157.000 0.394
1158.000 0.395
1159.000 0.396
1160.000 0.396
1161.000 0.397
1162.000 0.398
1163.000 0.399
1164.000 0.400
1165.000 0.401
1166.000 0.401
1167.000 0.401
1168.000 0.401
1169.000 0.402
1170.000 0.402
1171.000 0.403
1172.000 0.403
1173.000 0.405
1174.000 0.405
1175.000 0.406
1176.000 0.407
1177.000 0.407
1178.000 0.407
1179.000 0.406
1180.000 0.406
1181.000 0.405
1182.000 0.404
1183.000 0.404
1184.000 0.404
1185.000 0.404
1186.000 0.405
1187.000 0.406
1188.000 0.406
1189.000 0.406
1190.000 0.407
1191.000 0.407
1192.000 0.407
1193.000 0.407
1194.000 0.407
1195.000 0.407
1196.000 0.407
1197.000 0.407
1198.000 0.408
1199.000 0.409
1200.000 0.410
1201.000 0.411
1202.000 0.411
1203.000 0.411
1204.000 0.411
1205.000 0.411
1206.000 0.410
1207.000 0.411
1208.000 0.411
1209.000 0.411
1210.000 0.412
1211.000 0.413
1212.000 0.413
1213.000 0.413
1214.000 0.413
1215.000 0.413
1216.000 0.413
1217.000 0.413
1218.000 0.413
1219.000 0.414
1220.000 0.415
1221.000 0.415
1222.000 0.415
1223.000 0.415
1224.000 0.416
1225.000 0.417
1226.000 0.418
1227.000 0.419
1228.000 0.420
1229.000 0.420
1230.000 0.420
1231.000 0.420
1232.000 0.420
1233.000 0.421
1234.000 0.422
1235.000 0.422
1236.000 0.423
1237.000 0.424
1238.000 0.424
1239.000 0.424
1240.000 0.424
1241.000 0.424
1242.000 0.425
1243.000 0.425
1244.000 0.425
1245.000 0.425
1246.000 0.425
1247.000 0.425
1248.000 0.425
1249.000 0.425
1250.000 0.426
1251.000 0.426
1252.000 0.427
1253.000 0.427
1254.000 0.427
1255.000 0.427
1256.000 0.427
1257.000 0.427
1258.000 0.428
1259.000 0.428
1260.000 0.429
1261.000 0.428
1262.000 0.428
1263.000 0.429
1264.000 0.429
1265.000 0.429
1266.000 0.428
1267.000 0.428
1268.000 0.427
1269.000 0.428
1270.000 0.428
1271.000 0.429
1272.000 0.430
1273.000 0.431
1274.000 0.431
1275.000 0.432
1276.000 0.431
1277.000 0.431
1278.000 0.431
1279.000 0.432
1280.000 0.433
1281.000 0.432
1282.000 0.432
1283.000 0.432
1284.000 0.432
1285.000 0.432
1286.000 0.433
1287.000 0.432
1288.000 0.432
1289.000 0.432
1290.000 0.433
1291.000 0.433
1292.000 0.432
1293.000 0.432
1294.000 0.431
1295.000 0.430
1296.000 0.429
1297.000 0.429
1298.000 0.429
1299.000 0.428
1300.000 0.428
1301.000 0.428
1302.000 0.428
1303.000 0.428
1304.000 0.426
1305.000 0.425
1306.000 0.423
1307.000 0.422
1308.000 0.421
1309.000 0.420
1310.000 0.419
1311.000 0.420
1312.000 0.419
1313.000 0.419
1314.000 0.418
1315.000 0.416
1316.000 0.414
1317.000 0.414
1318.000 0.413
1319.000 0.412
1320.000 0.411
1321.000 0.411
1322.000 0.411
1323.000 0.410
1324.000 0.408
1325.000 0.407
1326.000 0.404
1327.000 0.403
1328.000 0.402
1329.000 0.400
1330.000 0.400
1331.000 0.400
1332.000 0.401
1333.000 0.400
1334.000 0.399
1335.000 0.398
1336.000 0.395
1337.000 0.392
1338.000 0.390
1339.000 0.388
1340.000 0.386
1341.000 0.385
1342.000 0.385
1343.000 0.385
1344.000 0.387
1345.000 0.388
1346.000 0.389
1347.000 0.390
1348.000 0.393
1349.000 0.397
1350.000 0.400
1351.000 0.414
1352.000 0.427
1353.000 0.452
1354.000 0.407
1355.000 0.489
1356.000 0.528
1357.000 0.573
1358.000 0.644
1359.000 0.709
1360.000 0.719
1361.000 0.704
1362.000 0.267
1363.000 0.493
1364.000 0.429
1365.000 0.239
1366.000 0.292
1367.000 0.230
1368.000 0.292
1369.000 0.281
1370.000 0.500
1371.000 0.648
1372.000 0.704
1373.000 0.606
1374.000 0.609
1375.000 0.431
1376.000 0.376
1377.000 0.343
1378.000 0.232
1379.000 0.227
1380.000 0.408
1381.000 0.658
1382.000 0.513
1383.000 0.532
1384.000 0.387
1385.000 0.327
1386.000 0.356
1387.000 0.378
1388.000 0.350
1389.000 0.380
1390.000 0.412
1391.000 0.447
1392.000 0.447
1393.000 0.440
1394.000 0.281
1395.000 0.315
1396.000 0.468
1397.000 0.397
1398.000 0.398
1399.000 0.456
1400.000 0.505
1401.000 0.529
1402.000 0.443
1403.000 0.472
1404.000 0.307
1405.000 0.381
1406.000 0.368
1407.000 0.399
1408.000 0.393
1409.000 0.518
1410.000 0.617
1411.000 0.466
1412.000 0.566
1413.000 0.655
1414.000 0.647
1415.000 0.344
1416.000 0.438
1417.000 0.363
1418.000 0.310
1419.000 0.402
1420.000 0.267
1421.000 0.256
1422.000 0.224
1423.000 0.202
1424.000 0.164
1425.000 0.395
1426.000 0.297
1427.000 0.230
1428.000 0.200
1429.000 0.260
1430.000 0.542
1431.000 0.481
1432.000 0.445
1433.000 0.425
1434.000 0.470
1435.000 0.407
1436.000 0.384
1437.000 0.281
1438.000 0.326
1439.000 0.269
1440.000 0.253
1441.000 0.271
1442.000 0.359
1443.000 0.288
1444.000 0.316
1445.000 0.355
1446.000 0.310
1447.000 0.280
1448.000 0.276
1449.000 0.240
1450.000 0.225
1451.000 0.213
1452.000 0.197
1453.000 0.201
1454.000 0.202
1455.000 0.204
1456.000 0.230
1457.000 0.240
1458.000 0.239
1459.000 0.234
1460.000 0.245
1461.000 0.240
1462.000 0.220
1463.000 0.223
1464.000 0.237
1465.000 0.240
1466.000 0.271
1467.000 0.264
1468.000 0.219
1469.000 0.211
1470.000 0.208
1471.000 0.210
1472.000 0.249
1473.000 0.238
1474.000 0.235
1475.000 0.236
1476.000 0.227
1477.000 0.222
1478.000 0.220
1479.000 0.198
1480.000 0.192
1481.000 0.189
1482.000 0.183
1483.000 0.184
1484.000 0.189
1485.000 0.196
1486.000 0.209
1487.000 0.216
1488.000 0.224
1489.000 0.227
1490.000 0.224
1491.000 0.223
1492.000 0.218
1493.000 0.216
1494.000 0.215
1495.000 0.215
1496.000 0.217
1497.000 0.219
1498.000 0.219
1499.000 0.222
1500.000 0.224
1501.000 0.224
1502.000 0.227
1503.000 0.227
1504.000 0.227
1505.000 0.231
1506.000 0.233
1507.000 0.234
1508.000 0.235
1509.000 0.236
1510.000 0.237
1511.000 0.238
1512.000 0.238
1513.000 0.238
1514.000 0.240
1515.000 0.241
1516.000 0.242
1517.000 0.244
1518.000 0.245
1519.000 0.244
1520.000 0.245
1521.000 0.249
1522.000 0.250
1523.000 0.254
1524.000 0.256
1525.000 0.256
1526.000 0.255
1527.000 0.254
1528.000 0.254
1529.000 0.255
1530.000 0.256
1531.000 0.259
1532.000 0.261
1533.000 0.263
1534.000 0.264
1535.000 0.266
1536.000 0.267
1537.000 0.267
1538.000 0.268
1539.000 0.269
1540.000 0.270
1541.000 0.270
1542.000 0.270
1543.000 0.270
1544.000 0.270
1545.000 0.273
1546.000 0.274
1547.000 0.275
1548.000 0.276
1549.000 0.275
1550.000 0.275
1551.000 0.276
1552.000 0.277
1553.000 0.278
1554.000 0.280
1555.000 0.282
1556.000 0.283
1557.000 0.284
1558.000 0.285
1559.000 0.285
1560.000 0.286
1561.000 0.286
1562.000 0.286
1563.000 0.285
1564.000 0.286
1565.000 0.288
1566.000 0.290
1567.000 0.291
1568.000 0.292
1569.000 0.292
1570.000 0.293
1571.000 0.296
1572.000 0.297
1573.000 0.298
1574.000 0.299
1575.000 0.298
1576.000 0.298
1577.000 0.299
1578.000 0.300
1579.000 0.304
1580.000 0.306
1581.000 0.306
1582.000 0.306
1583.000 0.304
1584.000 0.304
1585.000 0.304
1586.000 0.306
1587.000 0.306
1588.000 0.308
1589.000 0.310
1590.000 0.312
1591.000 0.315
1592.000 0.316
1593.000 0.319
1594.000 0.319
1595.000 0.318
1596.000 0.318
1597.000 0.318
1598.000 0.318
1599.000 0.320
1600.000 0.322
1601.000 0.324
1602.000 0.327
1603.000 0.325
1604.000 0.325
1605.000 0.324
1606.000 0.324
1607.000 0.324
1608.000 0.325
1609.000 0.325
1610.000 0.325
1611.000 0.325
1612.000 0.325
1613.000 0.325
1614.000 0.326
1615.000 0.326
1616.000 0.327
1617.000 0.331
1618.000 0.333
1619.000 0.335
1620.000 0.337
1621.000 0.339
1622.000 0.339
1623.000 0.340
1624.000 0.340
1625.000 0.338
1626.000 0.337
1627.000 0.337
1628.000 0.337
1629.000 0.339
1630.000 0.339
1631.000 0.340
1632.000 0.340
1633.000 0.338
1634.000 0.338
1635.000 0.341
1636.000 0.342
1637.000 0.343
1638.000 0.344
1639.000 0.343
1640.000 0.342
1641.000 0.344
1642.000 0.345
1643.000 0.346
1644.000 0.346
1645.000 0.345
1646.000 0.344
1647.000 0.342
1648.000 0.341
1649.000 0.342
1650.000 0.342
1651.000 0.344
1652.000 0.345
1653.000 0.343
1654.000 0.343
1655.000 0.342
1656.000 0.341
1657.000 0.341
1658.000 0.342
1659.000 0.342
1660.000 0.343
1661.000 0.345
1662.000 0.347
1663.000 0.347
1664.000 0.347
1665.000 0.345
1666.000 0.344
1667.000 0.343
1668.000 0.343
1669.000 0.345
1670.000 0.345
1671.000 0.345
1672.000 0.346
1673.000 0.346
1674.000 0.346
1675.000 0.346
1676.000 0.346
1677.000 0.345
1678.000 0.346
1679.000 0.345
1680.000 0.346
1681.000 0.349
1682.000 0.349
1683.000 0.348
1684.000 0.347
1685.000 0.344
1686.000 0.343
1687.000 0.342
1688.000 0.342
1689.000 0.344
1690.000 0.345
1691.000 0.348
1692.000 0.349
1693.000 0.345
1694.000 0.344
1695.000 0.343
1696.000 0.342
1697.000 0.343
1698.000 0.345
1699.000 0.349
1700.000 0.350
1701.000 0.352
1702.000 0.351
1703.000 0.344
1704.000 0.342
1705.000 0.342
1706.000 0.341
1707.000 0.344
1708.000 0.343
1709.000 0.341
1710.000 0.340
1711.000 0.337
1712.000 0.335
1713.000 0.334
1714.000 0.333
1715.000 0.335
1716.000 0.335
1717.000 0.337
1718.000 0.339
1719.000 0.339
1720.000 0.338
1721.000 0.337
1722.000 0.335
1723.000 0.338
1724.000 0.342
1725.000 0.346
1726.000 0.351
1727.000 0.352
1728.000 0.349
1729.000 0.345
1730.000 0.342
1731.000 0.341
1732.000 0.340
1733.000 0.340
1734.000 0.337
1735.000 0.335
1736.000 0.334
1737.000 0.332
1738.000 0.328
1739.000 0.326
1740.000 0.325
1741.000 0.325
1742.000 0.327
1743.000 0.330
1744.000 0.334
1745.000 0.336
1746.000 0.342
1747.000 0.340
1748.000 0.330
1749.000 0.326
1750.000 0.319
1751.000 0.316
1752.000 0.318
1753.000 0.318
1754.000 0.318
1755.000 0.318
1756.000 0.319
1757.000 0.320
1758.000 0.320
1759.000 0.324
1760.000 0.320
1761.000 0.315
1762.000 0.313
1763.000 0.311
1764.000 0.309
1765.000 0.314
1766.000 0.314
1767.000 0.311
1768.000 0.309
1769.000 0.308
1770.000 0.306
1771.000 0.302
1772.000 0.299
1773.000 0.295
1774.000 0.300
1775.000 0.304
1776.000 0.302
1777.000 0.300
1778.000 0.295
1779.000 0.285
1780.000 0.289
1781.000 0.291
1782.000 0.288
1783.000 0.293
1784.000 0.286
1785.000 0.283
1786.000 0.278
1787.000 0.273
1788.000 0.275
1789.000 0.286
1790.000 0.285
1791.000 0.298
1792.000 0.291
1793.000 0.286
1794.000 0.284
1795.000 0.276
1796.000 0.278
1797.000 0.276
1798.000 0.293
1799.000 0.299
1800.000 0.331
1801.000 0.514
1802.000 0.552
1803.000 0.630
1804.000 0.661
1805.000 0.652
1806.000 0.644
1807.000 0.670
1808.000 0.615
1809.000 0.560
1810.000 0.695
1811.000 0.665
1812.000 0.711
1813.000 0.702
1814.000 0.684
1815.000 0.686
1816.000 0.698
1817.000 0.762
1818.000 0.789
1819.000 0.767
1820.000 0.795
1821.000 0.746
1822.000 0.593
1823.000 0.548
1824.000 0.537
1825.000 0.513
1826.000 0.678
1827.000 0.695
1828.000 0.682
1829.000 0.610
1830.000 0.681
1831.000 0.671
1832.000 0.621
1833.000 0.630
1834.000 0.703
1835.000 0.637
1836.000 0.673
1837.000 0.638
1838.000 0.706
1839.000 0.696
1840.000 0.698
1841.000 0.766
1842.000 0.751
1843.000 0.559
1844.000 0.371
1845.000 0.448
1846.000 0.638
1847.000 0.746
1848.000 0.693
1849.000 0.758
1850.000 0.719
1851.000 0.698
1852.000 0.582
1853.000 0.625
1854.000 0.567
1855.000 0.569
1856.000 0.553
1857.000 0.593
1858.000 0.665
1859.000 0.652
1860.000 0.711
1861.000 0.503
1862.000 0.578
1863.000 0.597
1864.000 0.742
1865.000 0.665
1866.000 0.765
1867.000 0.776
1868.000 0.801
1869.000 0.822
1870.000 0.852
1871.000 0.675
1872.000 0.694
1873.000 0.569
1874.000 0.627
1875.000 0.576
1876.000 0.585
1877.000 0.648
1878.000 0.687
1879.000 0.526
1880.000 0.558
1881.000 0.527
1882.000 0.482
1883.000 0.462
1884.000 0.427
1885.000 0.415
1886.000 0.453
1887.000 0.323
1888.000 0.289
1889.000 0.424
1890.000 0.600
1891.000 0.608
1892.000 0.482
1893.000 0.437
1894.000 0.417
1895.000 0.505
1896.000 0.553
1897.000 0.556
1898.000 0.560
1899.000 0.444
1900.000 0.553
1901.000 0.539
1902.000 0.530
1903.000 0.551
1904.000 0.645
1905.000 0.432
1906.000 0.591
1907.000 0.496
1908.000 0.484
1909.000 0.490
1910.000 0.510
1911.000 0.521
1912.000 0.579
1913.000 0.655
1914.000 0.712
1915.000 0.811
1916.000 0.763
1917.000 0.715
1918.000 0.750
1919.000 0.779
1920.000 0.664
1921.000 0.458
1922.000 0.421
1923.000 0.414
1924.000 0.447
1925.000 0.322
1926.000 0.347
1927.000 0.326
1928.000 0.277
1929.000 0.331
1930.000 0.369
1931.000 0.530
1932.000 0.533
1933.000 0.500
1934.000 0.631
1935.000 0.576
1936.000 0.682
1937.000 0.714
1938.000 0.819
1939.000 0.658
1940.000 0.501
1941.000 0.435
1942.000 0.552
1943.000 0.526
1944.000 0.552
1945.000 0.534
1946.000 0.585
1947.000 0.499
1948.000 0.421
1949.000 0.407
1950.000 0.437
1951.000 0.429
1952.000 0.546
1953.000 0.597
1954.000 0.566
1955.000 0.446
1956.000 0.487
1957.000 0.442
1958.000 0.493
1959.000 0.464
1960.000 0.346
1961.000 0.343
1962.000 0.385
1963.000 0.418
1964.000 0.452
1965.000 0.526
1966.000 0.517
1967.000 0.482
1968.000 0.490
1969.000 0.381
1970.000 0.376
1971.000 0.361
1972.000 0.346
1973.000 0.317
1974.000 0.304
1975.000 0.290
1976.000 0.263
1977.000 0.255
1978.000 0.263
1979.000 0.280
1980.000 0.297
1981.000 0.319
1982.000 0.283
1983.000 0.244
1984.000 0.228
1985.000 0.210
1986.000 0.209
1987.000 0.231
1988.000 0.238
1989.000 0.240
1990.000 0.253
1991.000 0.262
1992.000 0.275
1993.000 0.302
1994.000 0.332
1995.000 0.383
1996.000 0.447
1997.000 0.458
1998.000 0.422
1999.000 0.405
2000.000 0.468
2001.000 0.464
2002.000 0.384
2003.000 0.432
2004.000 0.659
2005.000 0.644
2006.000 0.728
2007.000 0.742
2008.000 0.688
2009.000 0.510
2010.000 0.439
2011.000 0.415
2012.000 0.446
2013.000 0.489
2014.000 0.449
2015.000 0.297
2016.000 0.272
2017.000 0.263
2018.000 0.260
2019.000 0.284
2020.000 0.314
2021.000 0.335
2022.000 0.310
2023.000 0.285
2024.000 0.274
2025.000 0.275
2026.000 0.281
2027.000 0.281
2028.000 0.259
2029.000 0.256
2030.000 0.247
2031.000 0.244
2032.000 0.257
2033.000 0.257
2034.000 0.254
2035.000 0.246
2036.000 0.238
2037.000 0.233
2038.000 0.242
2039.000 0.227
2040.000 0.231
2041.000 0.230
2042.000 0.232
2043.000 0.233
2044.000 0.224
2045.000 0.233
2046.000 0.236
2047.000 0.235
2048.000 0.237
2049.000 0.242
2050.000 0.238
2051.000 0.228
2052.000 0.230
2053.000 0.221
2054.000 0.225
2055.000 0.239
2056.000 0.250
2057.000 0.252
2058.000 0.253
2059.000 0.260
2060.000 0.269
2061.000 0.270
2062.000 0.262
2063.000 0.276
2064.000 0.270
2065.000 0.273
2066.000 0.298
2067.000 0.293
2068.000 0.290
2069.000 0.309
2070.000 0.283
2071.000 0.249
2072.000 0.245
2073.000 0.245
2074.000 0.250
2075.000 0.276
2076.000 0.293
2077.000 0.280
2078.000 0.279
2079.000 0.268
2080.000 0.257
2081.000 0.272
2082.000 0.285
2083.000 0.299
2084.000 0.309
2085.000 0.294
2086.000 0.288
2087.000 0.283
2088.000 0.271
2089.000 0.267
2090.000 0.273
2091.000 0.270
2092.000 0.262
2093.000 0.257
2094.000 0.258
2095.000 0.258
2096.000 0.266
2097.000 0.268
2098.000 0.264
2099.000 0.250
2100.000 0.245
2101.000 0.245
2102.000 0.247
2103.000 0.261
2104.000 0.268
2105.000 0.282
2106.000 0.282
2107.000 0.271
2108.000 0.266
2109.000 0.249
2110.000 0.248
2111.000 0.260
2112.000 0.259
2113.000 0.260
2114.000 0.258
2115.000 0.245
2116.000 0.239
2117.000 0.237
2118.000 0.229
2119.000 0.221
2120.000 0.221
2121.000 0.221
2122.000 0.230
2123.000 0.237
2124.000 0.247
2125.000 0.251
2126.000 0.256
2127.000 0.253
2128.000 0.242
2129.000 0.237
2130.000 0.228
2131.000 0.223
2132.000 0.225
2133.000 0.223
2134.000 0.216
2135.000 0.216
2136.000 0.215
2137.000 0.218
2138.000 0.226
2139.000 0.237
2140.000 0.249
2141.000 0.250
2142.000 0.254
2143.000 0.259
2144.000 0.256
2145.000 0.251
2146.000 0.246
2147.000 0.233
2148.000 0.230
2149.000 0.233
2150.000 0.233
2151.000 0.237
2152.000 0.243
2153.000 0.250
2154.000 0.255
2155.000 0.266
2156.000 0.276
2157.000 0.263
2158.000 0.255
2159.000 0.250
2160.000 0.248
2161.000 0.245
2162.000 0.243
2163.000 0.245
2164.000 0.246
2165.000 0.252
2166.000 0.270
2167.000 0.279
2168.000 0.284
2169.000 0.286
2170.000 0.288
2171.000 0.280
2172.000 0.258
2173.000 0.245
2174.000 0.223
2175.000 0.217
2176.000 0.222
2177.000 0.231
2178.000 0.236
2179.000 0.246
2180.000 0.249
2181.000 0.248
2182.000 0.247
2183.000 0.247
2184.000 0.251
2185.000 0.252
2186.000 0.262
2187.000 0.289
2188.000 0.295
2189.000 0.297
2190.000 0.291
2191.000 0.263
2192.000 0.259
2193.000 0.261
2194.000 0.262
2195.000 0.279
2196.000 0.283
2197.000 0.283
2198.000 0.277
2199.000 0.259
2200.000 0.251
2201.000 0.250
2202.000 0.233
2203.000 0.240
2204.000 0.265
2205.000 0.287
2206.000 0.301
2207.000 0.289
2208.000 0.285
2209.000 0.277
2210.000 0.254
2211.000 0.247
2212.000 0.239
2213.000 0.243
2214.000 0.266
2215.000 0.269
2216.000 0.278
2217.000 0.278
2218.000 0.258
2219.000 0.253
2220.000 0.251
2221.000 0.251
2222.000 0.247
2223.000 0.250
2224.000 0.262
2225.000 0.268
2226.000 0.277
2227.000 0.281
2228.000 0.268
2229.000 0.261
2230.000 0.248
2231.000 0.238
2232.000 0.236
2233.000 0.229
2234.000 0.232
2235.000 0.233
2236.000 0.228
2237.000 0.234
2238.000 0.234
2239.000 0.230
2240.000 0.231
2241.000 0.231
2242.000 0.234
2243.000 0.243
2244.000 0.248
2245.000 0.261
2246.000 0.257
2247.000 0.248
2248.000 0.241
2249.000 0.226
2250.000 0.224
2251.000 0.234
2252.000 0.242
2253.000 0.266
2254.000 0.267
2255.000 0.242
2256.000 0.235
2257.000 0.225
2258.000 0.221
2259.000 0.233
2260.000 0.212
2261.000 0.227
2262.000 0.237
2263.000 0.230
2264.000 0.251
2265.000 0.249
2266.000 0.247
2267.000 0.254
2268.000 0.249
2269.000 0.241
2270.000 0.229
2271.000 0.229
2272.000 0.252
2273.000 0.263
2274.000 0.281
2275.000 0.281
2276.000 0.254
2277.000 0.258
2278.000 0.229
2279.000 0.238
2280.000 0.238
2281.000 0.242
2282.000 0.245
2283.000 0.252
2284.000 0.286
2285.000 0.289
2286.000 0.264
2287.000 0.259
2288.000 0.245
2289.000 0.232
2290.000 0.227
2291.000 0.226
2292.000 0.237
2293.000 0.234
2294.000 0.221
2295.000 0.216
2296.000 0.261
2297.000 0.275
2298.000 0.290
2299.000 0.225
2300.000 0.212
2301.000 0.209
2302.000 0.216
2303.000 0.241
2304.000 0.253
2305.000 0.277
2306.000 0.293
2307.000 0.312
2308.000 0.336
2309.000 0.328
2310.000 0.355
2311.000 0.350
2312.000 0.321
2313.000 0.283
2314.000 0.243
2315.000 0.205
2316.000 0.208
2317.000 0.238
2318.000 0.265
2319.000 0.253
2320.000 0.308
2321.000 0.303
2322.000 0.279
2323.000 0.327
2324.000 0.441
2325.000 0.321
2326.000 0.245
2327.000 0.245
2328.000 0.255
2329.000 0.226
2330.000 0.239
2331.000 0.303
2332.000 0.349
2333.000 0.296
2334.000 0.328
2335.000 0.268
2336.000 0.246
2337.000 0.283
2338.000 0.296
2339.000 0.309
2340.000 0.342
2341.000 0.396
2342.000 0.404
2343.000 0.436
2344.000 0.450
2345.000 0.350
2346.000 0.389
2347.000 0.266
2348.000 0.260
2349.000 0.395
2350.000 0.397
2351.000 0.467
2352.000 0.432
2353.000 0.252
2354.000 0.244
2355.000 0.244
2356.000 0.262
2357.000 0.247
2358.000 0.284
2359.000 0.286
2360.000 0.283
2361.000 0.387
2362.000 0.374
2363.000 0.202
2364.000 0.233
2365.000 0.214
2366.000 0.272
2367.000 0.245
2368.000 0.225
2369.000 0.261
2370.000 0.299
2371.000 0.296
2372.000 0.244
2373.000 0.336
2374.000 0.522
2375.000 0.599
2376.000 0.352
2377.000 0.253
2378.000 0.223
2379.000 0.236
2380.000 0.339
2381.000 0.273
2382.000 0.251
2383.000 0.296
2384.000 0.340
2385.000 0.393
2386.000 0.366
2387.000 0.441
2388.000 0.500
2389.000 0.284
2390.000 0.267
2391.000 0.312
2392.000 0.417
2393.000 0.472
2394.000 0.307
2395.000 0.147
2396.000 0.210
2397.000 0.278
2398.000 0.333
2399.000 0.351
2400.000 0.379
2401.000 0.598
2402.000 0.464
2403.000 0.580
2404.000 0.219
2405.000 0.311
2406.000 0.223
2407.000 0.256
2408.000 0.273
2409.000 0.285
2410.000 0.436
2411.000 0.629
2412.000 0.644
2413.000 0.672
2414.000 0.705
2415.000 0.608
2416.000 0.454
2417.000 0.339
2418.000 0.343
2419.000 0.379
2420.000 0.258
2421.000 0.215
2422.000 0.229
2423.000 0.427
2424.000 0.468
2425.000 0.516
2426.000 0.438
2427.000 0.398
2428.000 0.687
2429.000 0.640
2430.000 0.587
2431.000 0.712
2432.000 0.528
2433.000 0.543
2434.000 0.451
2435.000 0.402
2436.000 0.535
2437.000 0.559
2438.000 0.640
2439.000 0.403
2440.000 0.388
2441.000 0.366
2442.000 0.272
2443.000 0.503
2444.000 0.564
2445.000 0.676
2446.000 0.358
2447.000 0.471
2448.000 0.307
2449.000 0.397
2450.000 0.347
2451.000 0.464
2452.000 0.600
2453.000 0.564
2454.000 0.687
2455.000 0.520
2456.000 0.409
2457.000 0.284
2458.000 0.212
2459.000 0.328
2460.000 0.389
2461.000 0.578
2462.000 0.606
2463.000 0.539
2464.000 0.285
2465.000 0.397
2466.000 0.343
2467.000 0.408
2468.000 0.279
2469.000 0.386
2470.000 0.359
2471.000 0.534
2472.000 0.199
2473.000 0.190
2474.000 0.229
2475.000 0.218
2476.000 0.370
2477.000 0.230
2478.000 0.671
2479.000 0.404
2480.000 0.398
2481.000 0.369
2482.000 0.371
2483.000 0.485
2484.000 0.334
2485.000 0.325
2486.000 0.341
2487.000 0.478
2488.000 0.561
2489.000 0.553
2490.000 0.572
2491.000 0.540
2492.000 0.394
2493.000 0.298
2494.000 0.187
2495.000 0.390
2496.000 0.369
2497.000 0.491
2498.000 0.376
2499.000 0.255
2500.000 0.251
