391.000 0.021
392.000 0.022
393.000 0.031
394.000 0.030
395.000 0.023
396.000 0.027
397.000 0.037
398.000 0.036
399.000 0.029
400.000 0.025
401.000 0.029
402.000 0.034
403.000 0.031
404.000 0.023
405.000 0.024
406.000 0.023
407.000 0.025
408.000 0.028
409.000 0.030
410.000 0.031
411.000 0.031
412.000 0.031
413.000 0.026
414.000 0.027
415.000 0.031
416.000 0.030
417.000 0.030
418.000 0.031
419.000 0.032
420.000 0.028
421.000 0.028
422.000 0.029
423.000 0.028
424.000 0.026
425.000 0.028
426.000 0.029
427.000 0.029
428.000 0.030
429.000 0.030
430.000 0.030
431.000 0.032
432.000 0.030
433.000 0.028
434.000 0.028
435.000 0.031
436.000 0.031
437.000 0.027
438.000 0.026
439.000 0.027
440.000 0.028
441.000 0.030
442.000 0.031
443.000 0.031
444.000 0.031
445.000 0.031
446.000 0.028
447.000 0.028
448.000 0.029
449.000 0.031
450.000 0.033
451.000 0.033
452.000 0.031
453.000 0.031
454.000 0.028
455.000 0.027
456.000 0.031
457.000 0.031
458.000 0.031
459.000 0.029
460.000 0.027
461.000 0.027
462.000 0.030
463.000 0.032
464.000 0.031
465.000 0.028
466.000 0.027
467.000 0.031
468.000 0.031
469.000 0.030
470.000 0.030
471.000 0.029
472.000 0.029
473.000 0.030
474.000 0.032
475.000 0.032
476.000 0.030
477.000 0.029
478.000 0.027
479.000 0.026
480.000 0.028
481.000 0.031
482.000 0.032
483.000 0.033
484.000 0.033
485.000 0.031
486.000 0.031
487.000 0.031
488.000 0.032
489.000 0.031
490.000 0.031
491.000 0.030
492.000 0.031
493.000 0.033
494.000 0.033
495.000 0.032
496.000 0.033
497.000 0.034
498.000 0.035
499.000 0.035
500.000 0.032
501.000 0.032
502.000 0.033
503.000 0.032
504.000 0.031
505.000 0.031
506.000 0.034
507.000 0.039
508.000 0.036
509.000 0.036
510.000 0.036
511.000 0.036
512.000 0.038
513.000 0.038
514.000 0.037
515.000 0.039
516.000 0.041
517.000 0.043
518.000 0.044
519.000 0.046
520.000 0.047
521.000 0.047
522.000 0.047
523.000 0.048
524.000 0.048
525.000 0.049
526.000 0.051
527.000 0.053
528.000 0.055
529.000 0.057
530.000 0.056
531.000 0.055
532.000 0.058
533.000 0.059
534.000 0.060
535.000 0.060
536.000 0.061
537.000 0.061
538.000 0.062
539.000 0.063
540.000 0.064
541.000 0.063
542.000 0.064
543.000 0.066
544.000 0.065
545.000 0.064
546.000 0.063
547.000 0.063
548.000 0.065
549.000 0.065
550.000 0.064
551.000 0.064
552.000 0.064
553.000 0.065
554.000 0.064
555.000 0.065
556.000 0.066
557.000 0.065
558.000 0.065
559.000 0.062
560.000 0.062
561.000 0.063
562.000 0.062
563.000 0.062
564.000 0.060
565.000 0.060
566.000 0.060
567.000 0.059
568.000 0.057
569.000 0.057
570.000 0.056
571.000 0.056
572.000 0.056
573.000 0.055
574.000 0.054
575.000 0.052
576.000 0.052
577.000 0.051
578.000 0.050
579.000 0.049
580.000 0.051
581.000 0.050
582.000 0.050
583.000 0.050
584.000 0.048
585.000 0.049
586.000 0.050
587.000 0.050
588.000 0.048
589.000 0.048
590.000 0.049
591.000 0.047
592.000 0.046
593.000 0.047
594.000 0.045
595.000 0.047
596.000 0.049
597.000 0.049
598.000 0.047
599.000 0.046
600.000 0.045
601.000 0.045
602.000 0.044
603.000 0.044
604.000 0.045
605.000 0.045
606.000 0.045
607.000 0.045
608.000 0.045
609.000 0.048
610.000 0.049
611.000 0.047
612.000 0.046
613.000 0.044
614.000 0.043
615.000 0.044
616.000 0.044
617.000 0.043
618.000 0.044
619.000 0.045
620.000 0.046
621.000 0.044
622.000 0.042
623.000 0.045
624.000 0.045
625.000 0.044
626.000 0.045
627.000 0.046
628.000 0.045
629.000 0.044
630.000 0.043
631.000 0.042
632.000 0.044
633.000 0.045
634.000 0.044
635.000 0.043
636.000 0.044
637.000 0.045
638.000 0.042
639.000 0.041
640.000 0.042
641.000 0.044
642.000 0.042
643.000 0.042
644.000 0.043
645.000 0.043
646.000 0.043
647.000 0.043
648.000 0.044
649.000 0.043
650.000 0.044
651.000 0.045
652.000 0.043
653.000 0.042
654.000 0.044
655.000 0.046
656.000 0.043
657.000 0.043
658.000 0.045
659.000 0.047
660.000 0.048
661.000 0.046
662.000 0.043
663.000 0.044
664.000 0.043
665.000 0.042
666.000 0.044
667.000 0.045
668.000 0.046
669.000 0.045
670.000 0.043
671.000 0.046
672.000 0.045
673.000 0.041
674.000 0.042
675.000 0.046
676.000 0.048
677.000 0.044
678.000 0.047
679.000 0.047
680.000 0.046
681.000 0.045
682.000 0.046
683.000 0.048
684.000 0.050
685.000 0.051
686.000 0.049
687.000 0.049
688.000 0.051
689.000 0.053
690.000 0.055
691.000 0.057
692.000 0.055
693.000 0.058
694.000 0.060
695.000 0.061
696.000 0.066
697.000 0.073
698.000 0.076
699.000 0.077
700.000 0.081
701.000 0.086
702.000 0.092
703.000 0.097
704.000 0.102
705.000 0.107
706.000 0.112
707.000 0.118
708.000 0.123
709.000 0.127
710.000 0.134
711.000 0.139
712.000 0.146
713.000 0.153
714.000 0.159
715.000 0.166
716.000 0.172
717.000 0.179
718.000 0.187
719.000 0.196
720.000 0.203
721.000 0.210
722.000 0.215
723.000 0.222
724.000 0.229
725.000 0.238
726.000 0.245
727.000 0.251
728.000 0.257
729.000 0.264
730.000 0.271
731.000 0.257
732.000 0.261
733.000 0.265
734.000 0.269
735.000 0.273
736.000 0.278
737.000 0.283
738.000 0.286
739.000 0.290
740.000 0.293
741.000 0.296
742.000 0.300
743.000 0.302
744.000 0.305
745.000 0.307
746.000 0.310
747.000 0.312
748.000 0.314
749.000 0.316
750.000 0.298
751.000 0.300
752.000 0.302
753.000 0.303
754.000 0.305
755.000 0.306
756.000 0.307
757.000 0.308
758.000 0.310
759.000 0.311
760.000 0.314
761.000 0.319
762.000 0.322
763.000 0.322
764.000 0.321
765.000 0.321
766.000 0.319
767.000 0.318
768.000 0.318
769.000 0.318
770.000 0.319
771.000 0.318
772.000 0.319
773.000 0.319
774.000 0.319
775.000 0.320
776.000 0.321
777.000 0.321
778.000 0.321
779.000 0.322
780.000 0.322
781.000 0.322
782.000 0.322
783.000 0.323
784.000 0.324
785.000 0.325
786.000 0.325
787.000 0.326
788.000 0.326
789.000 0.327
790.000 0.328
791.000 0.328
792.000 0.328
793.000 0.328
794.000 0.328
795.000 0.329
796.000 0.330
797.000 0.331
798.000 0.331
799.000 0.331
800.000 0.331
801.000 0.332
802.000 0.333
803.000 0.333
804.000 0.333
805.000 0.334
806.000 0.333
807.000 0.333
808.000 0.334
809.000 0.335
810.000 0.336
811.000 0.337
812.000 0.338
813.000 0.339
814.000 0.341
815.000 0.342
816.000 0.343
817.000 0.343
818.000 0.343
819.000 0.342
820.000 0.343
821.000 0.342
822.000 0.343
823.000 0.344
824.000 0.344
825.000 0.344
826.000 0.344
827.000 0.345
828.000 0.345
829.000 0.345
830.000 0.345
831.000 0.345
832.000 0.345
833.000 0.345
834.000 0.346
835.000 0.345
836.000 0.346
837.000 0.346
838.000 0.346
839.000 0.346
840.000 0.346
841.000 0.346
842.000 0.346
843.000 0.346
844.000 0.347
845.000 0.347
846.000 0.347
847.000 0.347
848.000 0.347
849.000 0.348
850.000 0.348
851.000 0.348
852.000 0.348
853.000 0.349
854.000 0.349
855.000 0.350
856.000 0.350
857.000 0.350
858.000 0.350
859.000 0.350
860.000 0.351
861.000 0.351
862.000 0.351
863.000 0.351
864.000 0.352
865.000 0.352
866.000 0.352
867.000 0.352
868.000 0.353
869.000 0.353
870.000 0.353
871.000 0.354
872.000 0.354
873.000 0.355
874.000 0.355
875.000 0.355
876.000 0.355
877.000 0.355
878.000 0.355
879.000 0.356
880.000 0.356
881.000 0.357
882.000 0.357
883.000 0.357
884.000 0.358
885.000 0.358
886.000 0.359
887.000 0.358
888.000 0.359
889.000 0.360
890.000 0.361
891.000 0.361
892.000 0.362
893.000 0.363
894.000 0.363
895.000 0.364
896.000 0.365
897.000 0.367
898.000 0.367
899.000 0.367
900.000 0.371
901.000 0.371
902.000 0.369
903.000 0.368
904.000 0.369
905.000 0.370
906.000 0.370
907.000 0.371
908.000 0.371
909.000 0.372
910.000 0.372
911.000 0.372
912.000 0.373
913.000 0.375
914.000 0.375
915.000 0.375
916.000 0.374
917.000 0.374
918.000 0.374
919.000 0.373
920.000 0.371
921.000 0.374
922.000 0.374
923.000 0.373
924.000 0.375
925.000 0.375
926.000 0.376
927.000 0.378
928.000 0.377
929.000 0.378
930.000 0.311
931.000 0.310
932.000 0.309
933.000 0.310
934.000 0.312
935.000 0.311
936.000 0.311
937.000 0.306
938.000 0.307
939.000 0.313
940.000 0.316
941.000 0.309
942.000 0.307
943.000 0.313
944.000 0.314
945.000 0.313
946.000 0.312
947.000 0.313
948.000 0.311
949.000 0.307
950.000 0.306
951.000 0.309
952.000 0.309
953.000 0.303
954.000 0.304
955.000 0.316
956.000 0.316
957.000 0.311
958.000 0.307
959.000 0.309
960.000 0.308
961.000 0.358
962.000 0.376
963.000 0.379
964.000 0.373
965.000 0.375
966.000 0.375
967.000 0.372
968.000 0.379
969.000 0.375
970.000 0.369
971.000 0.370
972.000 0.375
973.000 0.375
974.000 0.371
975.000 0.371
976.000 0.375
977.000 0.375
978.000 0.375
979.000 0.377
980.000 0.377
981.000 0.376
982.000 0.376
983.000 0.375
984.000 0.372
985.000 0.372
986.000 0.370
987.000 0.369
988.000 0.375
989.000 0.375
990.000 0.374
991.000 0.371
992.000 0.370
993.000 0.370
994.000 0.372
995.000 0.376
996.000 0.377
997.000 0.376
998.000 0.376
999.000 0.377
1000.000 0.378
1001.000 0.381
1002.000 0.381
1003.000 0.382
1004.000 0.384
1005.000 0.385
1006.000 0.386
1007.000 0.386
1008.000 0.386
1009.000 0.386
1010.000 0.387
1011.000 0.386
1012.000 0.386
1013.000 0.386
1014.000 0.388
1015.000 0.388
1016.000 0.390
1017.000 0.391
1018.000 0.391
1019.000 0.391
1020.000 0.392
1021.000 0.390
1022.000 0.390
1023.000 0.391
1024.000 0.392
1025.000 0.393
1026.000 0.394
1027.000 0.394
1028.000 0.395
1029.000 0.393
1030.000 0.394
1031.000 0.394
1032.000 0.394
1033.000 0.394
1034.000 0.394
1035.000 0.395
1036.000 0.396
1037.000 0.397
1038.000 0.397
1039.000 0.397
1040.000 0.397
1041.000 0.397
1042.000 0.398
1043.000 0.399
1044.000 0.399
1045.000 0.399
1046.000 0.400
1047.000 0.398
1048.000 0.397
1049.000 0.396
1050.000 0.396
1051.000 0.397
1052.000 0.397
1053.000 0.399
1054.000 0.401
1055.000 0.402
1056.000 0.402
1057.000 0.402
1058.000 0.400
1059.000 0.399
1060.000 0.400
1061.000 0.401
1062.000 0.401
1063.000 0.403
1064.000 0.403
1065.000 0.402
1066.000 0.402
1067.000 0.403
1068.000 0.403
1069.000 0.403
1070.000 0.403
1071.000 0.402
1072.000 0.402
1073.000 0.402
1074.000 0.402
1075.000 0.404
1076.000 0.404
1077.000 0.405
1078.000 0.406
1079.000 0.406
1080.000 0.405
1081.000 0.406
1082.000 0.406
1083.000 0.405
1084.000 0.406
1085.000 0.406
1086.000 0.406
1087.000 0.406
1088.000 0.407
1089.000 0.407
1090.000 0.406
1091.000 0.407
1092.000 0.408
1093.000 0.408
1094.000 0.409
1095.000 0.410
1096.000 0.410
1097.000 0.411
1098.000 0.412
1099.000 0.395
1100.000 0.344
1101.000 0.343
1102.000 0.342
1103.000 0.342
1104.000 0.340
1105.000 0.341
1106.000 0.340
1107.000 0.340
1108.000 0.340
1109.000 0.339
1110.000 0.338
1111.000 0.338
1112.000 0.338
1113.000 0.338
1114.000 0.340
1115.000 0.338
1116.000 0.339
1117.000 0.341
1118.000 0.342
1119.000 0.346
1120.000 0.346
1121.000 0.342
1122.000 0.343
1123.000 0.342
1124.000 0.340
1125.000 0.340
1126.000 0.343
1127.000 0.343
1128.000 0.342
1129.000 0.343
1130.000 0.341
1131.000 0.335
1132.000 0.335
1133.000 0.335
1134.000 0.330
1135.000 0.332
1136.000 0.330
1137.000 0.327
1138.000 0.329
1139.000 0.329
1140.000 0.329
1141.000 0.330
1142.000 0.330
1143.000 0.332
1144.000 0.332
1145.000 0.326
1146.000 0.325
1147.000 0.323
1148.000 0.324
1149.000 0.327
1150.000 0.329
1151.000 0.332
1152.000 0.330
1153.000 0.327
1154.000 0.325
1155.000 0.322
1156.000 0.376
1157.000 0.394
1158.000 0.394
1159.000 0.393
1160.000 0.391
1161.000 0.390
1162.000 0.389
1163.000 0.388
1164.000 0.388
1165.000 0.388
1166.000 0.387
1167.000 0.386
1168.000 0.386
1169.000 0.387
1170.000 0.388
1171.000 0.388
1172.000 0.388
1173.000 0.389
1174.000 0.389
1175.000 0.390
1176.000 0.389
1177.000 0.388
1178.000 0.387
1179.000 0.386
1180.000 0.386
1181.000 0.386
1182.000 0.385
1183.000 0.384
1184.000 0.384
1185.000 0.384
1186.000 0.384
1187.000 0.385
1188.000 0.385
1189.000 0.385
1190.000 0.385
1191.000 0.385
1192.000 0.384
1193.000 0.382
1194.000 0.382
1195.000 0.382
1196.000 0.382
1197.000 0.382
1198.000 0.384
1199.000 0.385
1200.000 0.387
1201.000 0.388
1202.000 0.388
1203.000 0.388
1204.000 0.388
1205.000 0.387
1206.000 0.386
1207.000 0.387
1208.000 0.387
1209.000 0.388
1210.000 0.389
1211.000 0.389
1212.000 0.389
1213.000 0.388
1214.000 0.388
1215.000 0.387
1216.000 0.387
1217.000 0.386
1218.000 0.386
1219.000 0.386
1220.000 0.386
1221.000 0.386
1222.000 0.386
1223.000 0.386
1224.000 0.387
1225.000 0.388
1226.000 0.390
1227.000 0.391
1228.000 0.390
1229.000 0.391
1230.000 0.391
1231.000 0.391
1232.000 0.391
1233.000 0.391
1234.000 0.391
1235.000 0.392
1236.000 0.393
1237.000 0.393
1238.000 0.394
1239.000 0.394
1240.000 0.394
1241.000 0.394
1242.000 0.394
1243.000 0.394
1244.000 0.394
1245.000 0.394
1246.000 0.394
1247.000 0.394
1248.000 0.393
1249.000 0.394
1250.000 0.394
1251.000 0.395
1252.000 0.395
1253.000 0.396
1254.000 0.396
1255.000 0.397
1256.000 0.397
1257.000 0.398
1258.000 0.399
1259.000 0.400
1260.000 0.401
1261.000 0.401
1262.000 0.402
1263.000 0.402
1264.000 0.402
1265.000 0.402
1266.000 0.401
1267.000 0.400
1268.000 0.400
1269.000 0.401
1270.000 0.401
1271.000 0.403
1272.000 0.403
1273.000 0.404
1274.000 0.404
1275.000 0.403
1276.000 0.402
1277.000 0.402
1278.000 0.401
1279.000 0.401
1280.000 0.402
1281.000 0.402
1282.000 0.402
1283.000 0.402
1284.000 0.403
1285.000 0.402
1286.000 0.402
1287.000 0.402
1288.000 0.401
1289.000 0.401
1290.000 0.403
1291.000 0.403
1292.000 0.403
1293.000 0.403
1294.000 0.402
1295.000 0.401
1296.000 0.399
1297.000 0.398
1298.000 0.398
1299.000 0.398
1300.000 0.398
1301.000 0.400
1302.000 0.400
1303.000 0.400
1304.000 0.399
1305.000 0.396
1306.000 0.394
1307.000 0.392
1308.000 0.392
1309.000 0.392
1310.000 0.392
1311.000 0.394
1312.000 0.394
1313.000 0.394
1314.000 0.394
1315.000 0.391
1316.000 0.389
1317.000 0.389
1318.000 0.388
1319.000 0.387
1320.000 0.385
1321.000 0.385
1322.000 0.386
1323.000 0.385
1324.000 0.385
1325.000 0.383
1326.000 0.381
1327.000 0.380
1328.000 0.380
1329.000 0.379
1330.000 0.379
1331.000 0.379
1332.000 0.380
1333.000 0.380
1334.000 0.379
1335.000 0.379
1336.000 0.376
1337.000 0.373
1338.000 0.368
1339.000 0.365
1340.000 0.359
1341.000 0.357
1342.000 0.360
1343.000 0.363
1344.000 0.369
1345.000 0.374
1346.000 0.374
1347.000 0.377
1348.000 0.361
1349.000 0.291
1350.000 0.294
1351.000 0.324
1352.000 0.342
1353.000 0.369
1354.000 0.393
1355.000 0.502
1356.000 0.538
1357.000 0.571
1358.000 0.581
1359.000 0.641
1360.000 0.601
1361.000 0.532
1362.000 0.090
1363.000 0.530
1364.000 0.436
1365.000 0.300
1366.000 0.250
1367.000 0.181
1368.000 0.246
1369.000 0.187
1370.000 0.500
1371.000 0.671
1372.000 0.538
1373.000 0.403
1374.000 0.493
1375.000 0.371
1376.000 0.308
1377.000 0.251
1378.000 0.234
1379.000 0.184
1380.000 0.307
1381.000 0.497
1382.000 0.612
1383.000 0.576
1384.000 0.630
1385.000 0.548
1386.000 0.533
1387.000 0.336
1388.000 0.605
1389.000 0.565
1390.000 0.527
1391.000 0.494
1392.000 0.456
1393.000 0.464
1394.000 0.218
1395.000 0.385
1396.000 0.544
1397.000 0.527
1398.000 0.432
1399.000 0.394
1400.000 0.544
1401.000 0.533
1402.000 0.460
1403.000 0.507
1404.000 0.220
1405.000 0.242
1406.000 0.425
1407.000 0.321
1408.000 0.365
1409.000 0.454
1410.000 0.820
1411.000 0.390
1412.000 0.560
1413.000 0.732
1414.000 0.674
1415.000 0.360
1416.000 0.585
1417.000 0.518
1418.000 0.525
1419.000 0.518
1420.000 0.322
1421.000 0.281
1422.000 0.248
1423.000 0.204
1424.000 0.168
1425.000 0.663
1426.000 0.477
1427.000 0.419
1428.000 0.252
1429.000 0.212
1430.000 0.785
1431.000 0.516
1432.000 0.527
1433.000 0.593
1434.000 0.636
1435.000 0.459
1436.000 0.410
1437.000 0.339
1438.000 0.465
1439.000 0.313
1440.000 0.332
1441.000 0.386
1442.000 0.412
1443.000 0.288
1444.000 0.334
1445.000 0.392
1446.000 0.349
1447.000 0.371
1448.000 0.334
1449.000 0.256
1450.000 0.209
1451.000 0.185
1452.000 0.167
1453.000 0.174
1454.000 0.183
1455.000 0.188
1456.000 0.254
1457.000 0.267
1458.000 0.242
1459.000 0.227
1460.000 0.236
1461.000 0.230
1462.000 0.194
1463.000 0.198
1464.000 0.220
1465.000 0.225
1466.000 0.233
1467.000 0.217
1468.000 0.196
1469.000 0.185
1470.000 0.178
1471.000 0.182
1472.000 0.237
1473.000 0.245
1474.000 0.208
1475.000 0.211
1476.000 0.205
1477.000 0.204
1478.000 0.212
1479.000 0.186
1480.000 0.172
1481.000 0.168
1482.000 0.161
1483.000 0.159
1484.000 0.162
1485.000 0.167
1486.000 0.169
1487.000 0.175
1488.000 0.189
1489.000 0.196
1490.000 0.201
1491.000 0.205
1492.000 0.206
1493.000 0.205
1494.000 0.201
1495.000 0.200
1496.000 0.199
1497.000 0.197
1498.000 0.195
1499.000 0.195
1500.000 0.197
1501.000 0.195
1502.000 0.202
1503.000 0.206
1504.000 0.205
1505.000 0.206
1506.000 0.209
1507.000 0.209
1508.000 0.212
1509.000 0.218
1510.000 0.220
1511.000 0.219
1512.000 0.219
1513.000 0.219
1514.000 0.219
1515.000 0.220
1516.000 0.221
1517.000 0.222
1518.000 0.221
1519.000 0.218
1520.000 0.218
1521.000 0.219
1522.000 0.221
1523.000 0.228
1524.000 0.231
1525.000 0.234
1526.000 0.235
1527.000 0.232
1528.000 0.233
1529.000 0.234
1530.000 0.236
1531.000 0.241
1532.000 0.244
1533.000 0.243
1534.000 0.243
1535.000 0.243
1536.000 0.245
1537.000 0.248
1538.000 0.248
1539.000 0.248
1540.000 0.247
1541.000 0.246
1542.000 0.244
1543.000 0.242
1544.000 0.242
1545.000 0.244
1546.000 0.245
1547.000 0.249
1548.000 0.250
1549.000 0.247
1550.000 0.247
1551.000 0.248
1552.000 0.249
1553.000 0.254
1554.000 0.257
1555.000 0.261
1556.000 0.263
1557.000 0.263
1558.000 0.264
1559.000 0.262
1560.000 0.263
1561.000 0.265
1562.000 0.267
1563.000 0.268
1564.000 0.269
1565.000 0.270
1566.000 0.271
1567.000 0.270
1568.000 0.269
1569.000 0.266
1570.000 0.266
1571.000 0.270
1572.000 0.273
1573.000 0.278
1574.000 0.280
1575.000 0.278
1576.000 0.279
1577.000 0.279
1578.000 0.281
1579.000 0.287
1580.000 0.288
1581.000 0.288
1582.000 0.289
1583.000 0.286
1584.000 0.285
1585.000 0.283
1586.000 0.285
1587.000 0.288
1588.000 0.290
1589.000 0.293
1590.000 0.295
1591.000 0.296
1592.000 0.296
1593.000 0.296
1594.000 0.296
1595.000 0.293
1596.000 0.292
1597.000 0.292
1598.000 0.293
1599.000 0.298
1600.000 0.302
1601.000 0.308
1602.000 0.286
1603.000 0.283
1604.000 0.283
1605.000 0.282
1606.000 0.281
1607.000 0.283
1608.000 0.283
1609.000 0.282
1610.000 0.282
1611.000 0.280
1612.000 0.279
1613.000 0.278
1614.000 0.279
1615.000 0.280
1616.000 0.282
1617.000 0.286
1618.000 0.289
1619.000 0.293
1620.000 0.296
1621.000 0.299
1622.000 0.299
1623.000 0.296
1624.000 0.294
1625.000 0.289
1626.000 0.288
1627.000 0.289
1628.000 0.290
1629.000 0.292
1630.000 0.292
1631.000 0.291
1632.000 0.291
1633.000 0.291
1634.000 0.291
1635.000 0.296
1636.000 0.297
1637.000 0.297
1638.000 0.298
1639.000 0.299
1640.000 0.299
1641.000 0.303
1642.000 0.305
1643.000 0.305
1644.000 0.304
1645.000 0.302
1646.000 0.300
1647.000 0.295
1648.000 0.293
1649.000 0.293
1650.000 0.294
1651.000 0.298
1652.000 0.298
1653.000 0.296
1654.000 0.295
1655.000 0.292
1656.000 0.290
1657.000 0.290
1658.000 0.290
1659.000 0.291
1660.000 0.292
1661.000 0.296
1662.000 0.299
1663.000 0.301
1664.000 0.302
1665.000 0.299
1666.000 0.297
1667.000 0.293
1668.000 0.293
1669.000 0.295
1670.000 0.296
1671.000 0.300
1672.000 0.302
1673.000 0.300
1674.000 0.300
1675.000 0.300
1676.000 0.299
1677.000 0.298
1678.000 0.299
1679.000 0.297
1680.000 0.297
1681.000 0.302
1682.000 0.302
1683.000 0.298
1684.000 0.296
1685.000 0.289
1686.000 0.288
1687.000 0.286
1688.000 0.288
1689.000 0.294
1690.000 0.297
1691.000 0.303
1692.000 0.305
1693.000 0.299
1694.000 0.298
1695.000 0.297
1696.000 0.297
1697.000 0.301
1698.000 0.302
1699.000 0.303
1700.000 0.301
1701.000 0.298
1702.000 0.294
1703.000 0.286
1704.000 0.284
1705.000 0.285
1706.000 0.285
1707.000 0.291
1708.000 0.295
1709.000 0.296
1710.000 0.297
1711.000 0.297
1712.000 0.292
1713.000 0.286
1714.000 0.279
1715.000 0.279
1716.000 0.280
1717.000 0.286
1718.000 0.294
1719.000 0.297
1720.000 0.296
1721.000 0.293
1722.000 0.293
1723.000 0.296
1724.000 0.300
1725.000 0.308
1726.000 0.314
1727.000 0.313
1728.000 0.310
1729.000 0.306
1730.000 0.301
1731.000 0.298
1732.000 0.294
1733.000 0.295
1734.000 0.296
1735.000 0.295
1736.000 0.294
1737.000 0.292
1738.000 0.283
1739.000 0.279
1740.000 0.278
1741.000 0.280
1742.000 0.284
1743.000 0.287
1744.000 0.292
1745.000 0.296
1746.000 0.302
1747.000 0.299
1748.000 0.287
1749.000 0.281
1750.000 0.272
1751.000 0.266
1752.000 0.268
1753.000 0.267
1754.000 0.262
1755.000 0.263
1756.000 0.270
1757.000 0.274
1758.000 0.302
1759.000 0.283
1760.000 0.304
1761.000 0.300
1762.000 0.302
1763.000 0.298
1764.000 0.291
1765.000 0.264
1766.000 0.264
1767.000 0.265
1768.000 0.263
1769.000 0.270
1770.000 0.266
1771.000 0.258
1772.000 0.269
1773.000 0.296
1774.000 0.276
1775.000 0.289
1776.000 0.277
1777.000 0.266
1778.000 0.262
1779.000 0.247
1780.000 0.254
1781.000 0.261
1782.000 0.246
1783.000 0.248
1784.000 0.253
1785.000 0.255
1786.000 0.243
1787.000 0.225
1788.000 0.227
1789.000 0.240
1790.000 0.238
1791.000 0.268
1792.000 0.259
1793.000 0.249
1794.000 0.242
1795.000 0.237
1796.000 0.255
1797.000 0.224
1798.000 0.259
1799.000 0.265
1800.000 0.306
1801.000 0.524
1802.000 0.530
1803.000 0.572
1804.000 0.600
1805.000 0.612
1806.000 0.600
1807.000 0.616
1808.000 0.716
1809.000 0.640
1810.000 0.718
1811.000 0.574
1812.000 0.784
1813.000 0.744
1814.000 0.738
1815.000 0.599
1816.000 0.613
1817.000 0.535
1818.000 0.607
1819.000 0.601
1820.000 0.702
1821.000 0.788
1822.000 0.617
1823.000 0.532
1824.000 0.671
1825.000 0.633
1826.000 0.669
1827.000 0.583
1828.000 0.589
1829.000 0.479
1830.000 0.640
1831.000 0.658
1832.000 0.571
1833.000 0.647
1834.000 0.826
1835.000 0.760
1836.000 0.795
1837.000 0.694
1838.000 0.645
1839.000 0.691
1840.000 0.737
1841.000 0.781
1842.000 0.818
1843.000 0.597
1844.000 0.361
1845.000 0.630
1846.000 0.904
1847.000 0.904
1848.000 0.832
1849.000 0.888
1850.000 0.869
1851.000 0.845
1852.000 0.652
1853.000 0.613
1854.000 0.505
1855.000 0.421
1856.000 0.380
1857.000 0.485
1858.000 0.504
1859.000 0.631
1860.000 0.701
1861.000 0.536
1862.000 0.469
1863.000 0.393
1864.000 0.588
1865.000 0.740
1866.000 0.916
1867.000 0.845
1868.000 0.830
1869.000 0.815
1870.000 0.800
1871.000 0.788
1872.000 0.771
1873.000 0.686
1874.000 0.697
1875.000 0.703
1876.000 0.712
1877.000 0.723
1878.000 0.695
1879.000 0.661
1880.000 0.734
1881.000 0.599
1882.000 0.487
1883.000 0.319
1884.000 0.185
1885.000 0.189
1886.000 0.227
1887.000 0.148
1888.000 0.216
1889.000 0.305
1890.000 0.564
1891.000 0.665
1892.000 0.592
1893.000 0.536
1894.000 0.599
1895.000 0.587
1896.000 0.630
1897.000 0.582
1898.000 0.537
1899.000 0.423
1900.000 0.526
1901.000 0.600
1902.000 0.425
1903.000 0.559
1904.000 0.649
1905.000 0.385
1906.000 0.404
1907.000 0.341
1908.000 0.353
1909.000 0.311
1910.000 0.410
1911.000 0.568
1912.000 0.780
1913.000 0.822
1914.000 0.863
1915.000 0.612
1916.000 0.650
1917.000 0.680
1918.000 0.724
1919.000 0.775
1920.000 0.517
1921.000 0.444
1922.000 0.432
1923.000 0.460
1924.000 0.569
1925.000 0.534
1926.000 0.458
1927.000 0.461
1928.000 0.386
1929.000 0.506
1930.000 0.443
1931.000 0.651
1932.000 0.460
1933.000 0.618
1934.000 0.781
1935.000 0.635
1936.000 0.762
1937.000 0.713
1938.000 0.774
1939.000 0.673
1940.000 0.573
1941.000 0.623
1942.000 0.681
1943.000 0.649
1944.000 0.685
1945.000 0.675
1946.000 0.603
1947.000 0.537
1948.000 0.466
1949.000 0.463
1950.000 0.546
1951.000 0.524
1952.000 0.610
1953.000 0.714
1954.000 0.621
1955.000 0.499
1956.000 0.529
1957.000 0.495
1958.000 0.486
1959.000 0.483
1960.000 0.371
1961.000 0.335
1962.000 0.348
1963.000 0.460
1964.000 0.519
1965.000 0.612
1966.000 0.598
1967.000 0.526
1968.000 0.538
1969.000 0.415
1970.000 0.387
1971.000 0.354
1972.000 0.310
1973.000 0.288
1974.000 0.269
1975.000 0.259
1976.000 0.233
1977.000 0.220
1978.000 0.218
1979.000 0.240
1980.000 0.241
1981.000 0.234
1982.000 0.193
1983.000 0.137
1984.000 0.127
1985.000 0.149
1986.000 0.166
1987.000 0.228
1988.000 0.248
1989.000 0.222
1990.000 0.239
1991.000 0.244
1992.000 0.242
1993.000 0.311
1994.000 0.346
1995.000 0.368
1996.000 0.445
1997.000 0.463
1998.000 0.356
1999.000 0.335
2000.000 0.458
2001.000 0.454
2002.000 0.350
2003.000 0.419
2004.000 0.726
2005.000 0.787
2006.000 0.782
2007.000 0.816
2008.000 0.849
2009.000 0.597
2010.000 0.434
2011.000 0.373
2012.000 0.378
2013.000 0.405
2014.000 0.340
2015.000 0.332
2016.000 0.323
2017.000 0.307
2018.000 0.314
2019.000 0.330
2020.000 0.342
2021.000 0.337
2022.000 0.266
2023.000 0.231
2024.000 0.220
2025.000 0.218
2026.000 0.231
2027.000 0.222
2028.000 0.198
2029.000 0.202
2030.000 0.223
2031.000 0.224
2032.000 0.238
2033.000 0.240
2034.000 0.219
2035.000 0.198
2036.000 0.211
2037.000 0.221
2038.000 0.253
2039.000 0.246
2040.000 0.251
2041.000 0.236
2042.000 0.232
2043.000 0.228
2044.000 0.227
2045.000 0.229
2046.000 0.231
2047.000 0.240
2048.000 0.243
2049.000 0.244
2050.000 0.239
2051.000 0.226
2052.000 0.221
2053.000 0.207
2054.000 0.231
2055.000 0.266
2056.000 0.309
2057.000 0.308
2058.000 0.282
2059.000 0.277
2060.000 0.232
2061.000 0.213
2062.000 0.185
2063.000 0.214
2064.000 0.218
2065.000 0.233
2066.000 0.294
2067.000 0.313
2068.000 0.314
2069.000 0.320
2070.000 0.284
2071.000 0.236
2072.000 0.230
2073.000 0.248
2074.000 0.256
2075.000 0.293
2076.000 0.292
2077.000 0.261
2078.000 0.253
2079.000 0.236
2080.000 0.234
2081.000 0.248
2082.000 0.270
2083.000 0.279
2084.000 0.302
2085.000 0.289
2086.000 0.276
2087.000 0.265
2088.000 0.245
2089.000 0.237
2090.000 0.243
2091.000 0.233
2092.000 0.207
2093.000 0.207
2094.000 0.214
2095.000 0.217
2096.000 0.250
2097.000 0.261
2098.000 0.263
2099.000 0.247
2100.000 0.247
2101.000 0.239
2102.000 0.220
2103.000 0.228
2104.000 0.230
2105.000 0.234
2106.000 0.232
2107.000 0.235
2108.000 0.228
2109.000 0.201
2110.000 0.203
2111.000 0.227
2112.000 0.230
2113.000 0.248
2114.000 0.248
2115.000 0.219
2116.000 0.207
2117.000 0.197
2118.000 0.188
2119.000 0.186
2120.000 0.194
2121.000 0.191
2122.000 0.196
2123.000 0.202
2124.000 0.205
2125.000 0.209
2126.000 0.229
2127.000 0.229
2128.000 0.212
2129.000 0.212
2130.000 0.215
2131.000 0.208
2132.000 0.204
2133.000 0.197
2134.000 0.172
2135.000 0.167
2136.000 0.167
2137.000 0.183
2138.000 0.185
2139.000 0.196
2140.000 0.215
2141.000 0.208
2142.000 0.210
2143.000 0.218
2144.000 0.215
2145.000 0.205
2146.000 0.200
2147.000 0.192
2148.000 0.190
2149.000 0.188
2150.000 0.190
2151.000 0.194
2152.000 0.205
2153.000 0.240
2154.000 0.255
2155.000 0.269
2156.000 0.281
2157.000 0.253
2158.000 0.220
2159.000 0.206
2160.000 0.201
2161.000 0.199
2162.000 0.205
2163.000 0.213
2164.000 0.229
2165.000 0.235
2166.000 0.244
2167.000 0.252
2168.000 0.253
2169.000 0.255
2170.000 0.273
2171.000 0.266
2172.000 0.233
2173.000 0.214
2174.000 0.181
2175.000 0.172
2176.000 0.180
2177.000 0.193
2178.000 0.208
2179.000 0.229
2180.000 0.234
2181.000 0.242
2182.000 0.226
2183.000 0.215
2184.000 0.215
2185.000 0.207
2186.000 0.219
2187.000 0.264
2188.000 0.276
2189.000 0.286
2190.000 0.281
2191.000 0.245
2192.000 0.242
2193.000 0.249
2194.000 0.248
2195.000 0.264
2196.000 0.267
2197.000 0.250
2198.000 0.237
2199.000 0.217
2200.000 0.207
2201.000 0.212
2202.000 0.185
2203.000 0.193
2204.000 0.215
2205.000 0.252
2206.000 0.280
2207.000 0.289
2208.000 0.283
2209.000 0.277
2210.000 0.248
2211.000 0.241
2212.000 0.235
2213.000 0.244
2214.000 0.281
2215.000 0.279
2216.000 0.273
2217.000 0.264
2218.000 0.221
2219.000 0.214
2220.000 0.228
2221.000 0.233
2222.000 0.238
2223.000 0.245
2224.000 0.262
2225.000 0.267
2226.000 0.266
2227.000 0.268
2228.000 0.245
2229.000 0.234
2230.000 0.223
2231.000 0.220
2232.000 0.222
2233.000 0.213
2234.000 0.209
2235.000 0.211
2236.000 0.204
2237.000 0.197
2238.000 0.196
2239.000 0.195
2240.000 0.198
2241.000 0.211
2242.000 0.217
2243.000 0.228
2244.000 0.239
2245.000 0.257
2246.000 0.246
2247.000 0.230
2248.000 0.220
2249.000 0.198
2250.000 0.196
2251.000 0.216
2252.000 0.232
2253.000 0.261
2254.000 0.266
2255.000 0.244
2256.000 0.241
2257.000 0.234
2258.000 0.227
2259.000 0.207
2260.000 0.176
2261.000 0.184
2262.000 0.205
2263.000 0.199
2264.000 0.225
2265.000 0.229
2266.000 0.228
2267.000 0.241
2268.000 0.226
2269.000 0.200
2270.000 0.192
2271.000 0.186
2272.000 0.207
2273.000 0.226
2274.000 0.262
2275.000 0.271
2276.000 0.250
2277.000 0.252
2278.000 0.240
2279.000 0.261
2280.000 0.264
2281.000 0.259
2282.000 0.242
2283.000 0.236
2284.000 0.225
2285.000 0.218
2286.000 0.185
2287.000 0.173
2288.000 0.160
2289.000 0.165
2290.000 0.144
2291.000 0.153
2292.000 0.191
2293.000 0.204
2294.000 0.209
2295.000 0.221
2296.000 0.331
2297.000 0.370
2298.000 0.380
2299.000 0.284
2300.000 0.223
2301.000 0.185
2302.000 0.175
2303.000 0.193
2304.000 0.198
2305.000 0.222
2306.000 0.228
2307.000 0.209
2308.000 0.227
2309.000 0.229
2310.000 0.217
2311.000 0.198
2312.000 0.167
2313.000 0.128
2314.000 0.113
2315.000 0.116
2316.000 0.133
2317.000 0.170
2318.000 0.238
2319.000 0.255
2320.000 0.312
2321.000 0.308
2322.000 0.278
2323.000 0.258
2324.000 0.481
2325.000 0.278
2326.000 0.188
2327.000 0.199
2328.000 0.225
2329.000 0.176
2330.000 0.200
2331.000 0.310
2332.000 0.414
2333.000 0.308
2334.000 0.393
2335.000 0.306
2336.000 0.275
2337.000 0.277
2338.000 0.282
2339.000 0.289
2340.000 0.353
2341.000 0.402
2342.000 0.415
2343.000 0.465
2344.000 0.488
2345.000 0.374
2346.000 0.381
2347.000 0.259
2348.000 0.252
2349.000 0.436
2350.000 0.453
2351.000 0.544
2352.000 0.421
2353.000 0.223
2354.000 0.185
2355.000 0.144
2356.000 0.162
2357.000 0.114
2358.000 0.156
2359.000 0.190
2360.000 0.261
2361.000 0.457
2362.000 0.370
2363.000 0.141
2364.000 0.170
2365.000 0.187
2366.000 0.321
2367.000 0.241
2368.000 0.142
2369.000 0.096
2370.000 0.178
2371.000 0.342
2372.000 0.290
2373.000 0.242
2374.000 0.523
2375.000 0.803
2376.000 0.388
2377.000 0.247
2378.000 0.152
2379.000 0.156
2380.000 0.325
2381.000 0.239
2382.000 0.194
2383.000 0.369
2384.000 0.358
2385.000 0.361
2386.000 0.430
2387.000 0.351
2388.000 0.283
2389.000 0.255
2390.000 0.125
2391.000 0.194
2392.000 0.212
2393.000 0.305
2394.000 0.364
2395.000 0.171
2396.000 0.317
2397.000 0.377
2398.000 0.436
2399.000 0.464
2400.000 0.298
2401.000 0.502
2402.000 0.483
2403.000 0.425
2404.000 0.131
2405.000 0.097
2406.000 0.398
2407.000 0.196
2408.000 0.243
2409.000 0.244
2410.000 0.384
2411.000 0.455
2412.000 0.641
2413.000 0.755
2414.000 0.745
2415.000 0.583
2416.000 0.465
2417.000 0.404
2418.000 0.372
2419.000 0.375
2420.000 0.381
2421.000 0.250
2422.000 0.245
2423.000 0.563
2424.000 0.513
2425.000 0.583
2426.000 0.561
2427.000 0.444
2428.000 0.726
2429.000 0.768
2430.000 0.811
2431.000 0.852
2432.000 0.520
2433.000 0.512
2434.000 0.447
2435.000 0.267
2436.000 0.549
2437.000 0.749
2438.000 0.602
2439.000 0.427
2440.000 0.390
2441.000 0.281
2442.000 0.306
2443.000 0.624
2444.000 0.605
2445.000 0.597
2446.000 0.437
2447.000 0.531
2448.000 0.485
2449.000 0.464
2450.000 0.524
2451.000 0.542
2452.000 0.612
2453.000 0.718
2454.000 0.694
2455.000 0.373
2456.000 0.233
2457.000 0.390
2458.000 0.185
2459.000 0.223
2460.000 0.310
2461.000 0.531
2462.000 0.560
2463.000 0.625
2464.000 0.302
2465.000 0.285
2466.000 0.353
2467.000 0.339
2468.000 0.377
2469.000 0.304
2470.000 0.221
2471.000 0.242
2472.000 0.059
2473.000 0.089
2474.000 0.181
2475.000 0.342
2476.000 0.423
2477.000 0.370
2478.000 0.586
2479.000 0.528
2480.000 0.438
2481.000 0.485
2482.000 0.390
2483.000 0.355
2484.000 0.343
2485.000 0.465
2486.000 0.611
2487.000 0.490
2488.000 0.583
2489.000 0.666
2490.000 0.704
2491.000 0.447
2492.000 0.303
2493.000 0.275
2494.000 0.252
2495.000 0.419
2496.000 0.336
2497.000 0.268
2498.000 0.323
2499.000 0.240
2500.000 0.250
