391.000 0.029
392.000 0.027
393.000 0.023
394.000 0.023
395.000 0.024
396.000 0.026
397.000 0.027
398.000 0.025
399.000 0.025
400.000 0.026
401.000 0.026
402.000 0.025
403.000 0.025
404.000 0.025
405.000 0.025
406.000 0.026
407.000 0.025
408.000 0.025
409.000 0.026
410.000 0.026
411.000 0.026
412.000 0.027
413.000 0.025
414.000 0.025
415.000 0.026
416.000 0.026
417.000 0.026
418.000 0.025
419.000 0.025
420.000 0.025
421.000 0.025
422.000 0.025
423.000 0.026
424.000 0.025
425.000 0.025
426.000 0.025
427.000 0.025
428.000 0.025
429.000 0.025
430.000 0.025
431.000 0.026
432.000 0.025
433.000 0.025
434.000 0.025
435.000 0.025
436.000 0.025
437.000 0.025
438.000 0.025
439.000 0.026
440.000 0.025
441.000 0.025
442.000 0.026
443.000 0.025
444.000 0.025
445.000 0.025
446.000 0.026
447.000 0.026
448.000 0.026
449.000 0.025
450.000 0.026
451.000 0.026
452.000 0.026
453.000 0.026
454.000 0.026
455.000 0.026
456.000 0.025
457.000 0.025
458.000 0.026
459.000 0.026
460.000 0.027
461.000 0.027
462.000 0.026
463.000 0.025
464.000 0.026
465.000 0.026
466.000 0.026
467.000 0.027
468.000 0.026
469.000 0.027
470.000 0.027
471.000 0.026
472.000 0.026
473.000 0.026
474.000 0.026
475.000 0.026
476.000 0.026
477.000 0.027
478.000 0.026
479.000 0.026
480.000 0.026
481.000 0.027
482.000 0.026
483.000 0.026
484.000 0.027
485.000 0.026
486.000 0.027
487.000 0.027
488.000 0.027
489.000 0.026
490.000 0.027
491.000 0.027
492.000 0.027
493.000 0.027
494.000 0.027
495.000 0.028
496.000 0.027
497.000 0.027
498.000 0.028
499.000 0.028
500.000 0.029
501.000 0.029
502.000 0.029
503.000 0.030
504.000 0.031
505.000 0.031
506.000 0.032
507.000 0.033
508.000 0.034
509.000 0.034
510.000 0.035
511.000 0.037
512.000 0.039
513.000 0.040
514.000 0.041
515.000 0.042
516.000 0.044
517.000 0.046
518.000 0.048
519.000 0.050
520.000 0.052
521.000 0.055
522.000 0.057
523.000 0.059
524.000 0.061
525.000 0.063
526.000 0.066
527.000 0.068
528.000 0.070
529.000 0.071
530.000 0.073
531.000 0.075
532.000 0.076
533.000 0.078
534.000 0.079
535.000 0.080
536.000 0.081
537.000 0.081
538.000 0.082
539.000 0.083
540.000 0.083
541.000 0.084
542.000 0.084
543.000 0.084
544.000 0.084
545.000 0.084
546.000 0.084
547.000 0.085
548.000 0.085
549.000 0.085
550.000 0.085
551.000 0.085
552.000 0.085
553.000 0.085
554.000 0.085
555.000 0.085
556.000 0.084
557.000 0.084
558.000 0.083
559.000 0.082
560.000 0.081
561.000 0.081
562.000 0.079
563.000 0.078
564.000 0.077
565.000 0.076
566.000 0.074
567.000 0.073
568.000 0.072
569.000 0.069
570.000 0.068
571.000 0.067
572.000 0.065
573.000 0.064
574.000 0.063
575.000 0.062
576.000 0.060
577.000 0.059
578.000 0.058
579.000 0.058
580.000 0.057
581.000 0.056
582.000 0.055
583.000 0.055
584.000 0.054
585.000 0.053
586.000 0.053
587.000 0.052
588.000 0.051
589.000 0.050
590.000 0.050
591.000 0.050
592.000 0.049
593.000 0.049
594.000 0.048
595.000 0.048
596.000 0.048
597.000 0.048
598.000 0.047
599.000 0.047
600.000 0.047
601.000 0.047
602.000 0.047
603.000 0.046
604.000 0.046
605.000 0.046
606.000 0.045
607.000 0.045
608.000 0.044
609.000 0.044
610.000 0.044
611.000 0.043
612.000 0.043
613.000 0.042
614.000 0.042
615.000 0.041
616.000 0.040
617.000 0.040
618.000 0.039
619.000 0.039
620.000 0.040
621.000 0.039
622.000 0.038
623.000 0.038
624.000 0.038
625.000 0.038
626.000 0.038
627.000 0.038
628.000 0.038
629.000 0.038
630.000 0.038
631.000 0.038
632.000 0.038
633.000 0.038
634.000 0.038
635.000 0.037
636.000 0.037
637.000 0.036
638.000 0.036
639.000 0.035
640.000 0.035
641.000 0.034
642.000 0.033
643.000 0.033
644.000 0.032
645.000 0.032
646.000 0.031
647.000 0.030
648.000 0.030
649.000 0.030
650.000 0.029
651.000 0.029
652.000 0.029
653.000 0.029
654.000 0.029
655.000 0.029
656.000 0.028
657.000 0.028
658.000 0.028
659.000 0.027
660.000 0.027
661.000 0.028
662.000 0.027
663.000 0.027
664.000 0.027
665.000 0.026
666.000 0.026
667.000 0.026
668.000 0.026
669.000 0.026
670.000 0.027
671.000 0.026
672.000 0.026
673.000 0.027
674.000 0.026
675.000 0.026
676.000 0.027
677.000 0.028
678.000 0.027
679.000 0.028
680.000 0.028
681.000 0.029
682.000 0.030
683.000 0.030
684.000 0.030
685.000 0.031
686.000 0.032
687.000 0.034
688.000 0.037
689.000 0.037
690.000 0.040
691.000 0.041
692.000 0.043
693.000 0.047
694.000 0.052
695.000 0.058
696.000 0.063
697.000 0.069
698.000 0.075
699.000 0.081
700.000 0.090
701.000 0.098
702.000 0.107
703.000 0.116
704.000 0.125
705.000 0.134
706.000 0.143
707.000 0.153
708.000 0.163
709.000 0.173
710.000 0.183
711.000 0.194
712.000 0.205
713.000 0.217
714.000 0.228
715.000 0.239
716.000 0.250
717.000 0.262
718.000 0.275
719.000 0.289
720.000 0.302
721.000 0.315
722.000 0.325
723.000 0.335
724.000 0.347
725.000 0.359
726.000 0.371
727.000 0.381
728.000 0.392
729.000 0.403
730.000 0.412
731.000 0.422
732.000 0.431
733.000 0.440
734.000 0.448
735.000 0.456
736.000 0.462
737.000 0.469
738.000 0.476
739.000 0.482
740.000 0.489
741.000 0.494
742.000 0.500
743.000 0.504
744.000 0.508
745.000 0.512
746.000 0.517
747.000 0.519
748.000 0.523
749.000 0.526
750.000 0.529
751.000 0.531
752.000 0.533
753.000 0.535
754.000 0.537
755.000 0.539
756.000 0.541
757.000 0.542
758.000 0.544
759.000 0.545
760.000 0.545
761.000 0.545
762.000 0.545
763.000 0.546
764.000 0.547
765.000 0.548
766.000 0.549
767.000 0.551
768.000 0.552
769.000 0.553
770.000 0.553
771.000 0.554
772.000 0.555
773.000 0.556
774.000 0.556
775.000 0.557
776.000 0.557
777.000 0.558
778.000 0.558
779.000 0.558
780.000 0.559
781.000 0.559
782.000 0.559
783.000 0.560
784.000 0.560
785.000 0.560
786.000 0.561
787.000 0.561
788.000 0.561
789.000 0.561
790.000 0.561
791.000 0.562
792.000 0.562
793.000 0.563
794.000 0.563
795.000 0.563
796.000 0.564
797.000 0.564
798.000 0.564
799.000 0.565
800.000 0.565
801.000 0.565
802.000 0.565
803.000 0.565
804.000 0.565
805.000 0.567
806.000 0.567
807.000 0.568
808.000 0.567
809.000 0.567
810.000 0.568
811.000 0.567
812.000 0.567
813.000 0.567
814.000 0.566
815.000 0.566
816.000 0.566
817.000 0.566
818.000 0.566
819.000 0.568
820.000 0.568
821.000 0.569
822.000 0.569
823.000 0.569
824.000 0.569
825.000 0.570
826.000 0.571
827.000 0.570
828.000 0.570
829.000 0.571
830.000 0.571
831.000 0.571
832.000 0.572
833.000 0.572
834.000 0.573
835.000 0.574
836.000 0.574
837.000 0.574
838.000 0.575
839.000 0.575
840.000 0.575
841.000 0.576
842.000 0.576
843.000 0.577
844.000 0.577
845.000 0.578
846.000 0.578
847.000 0.578
848.000 0.579
849.000 0.579
850.000 0.579
851.000 0.579
852.000 0.579
853.000 0.580
854.000 0.580
855.000 0.581
856.000 0.581
857.000 0.581
858.000 0.582
859.000 0.582
860.000 0.582
861.000 0.582
862.000 0.582
863.000 0.582
864.000 0.583
865.000 0.583
866.000 0.583
867.000 0.583
868.000 0.583
869.000 0.583
870.000 0.583
871.000 0.584
872.000 0.584
873.000 0.585
874.000 0.584
875.000 0.585
876.000 0.585
877.000 0.585
878.000 0.585
879.000 0.586
880.000 0.586
881.000 0.586
882.000 0.586
883.000 0.586
884.000 0.587
885.000 0.586
886.000 0.587
887.000 0.587
888.000 0.587
889.000 0.587
890.000 0.587
891.000 0.587
892.000 0.587
893.000 0.586
894.000 0.586
895.000 0.586
896.000 0.584
897.000 0.583
898.000 0.583
899.000 0.583
900.000 0.583
901.000 0.583
902.000 0.584
903.000 0.584
904.000 0.584
905.000 0.585
906.000 0.585
907.000 0.585
908.000 0.584
909.000 0.584
910.000 0.584
911.000 0.584
912.000 0.583
913.000 0.583
914.000 0.583
915.000 0.583
916.000 0.584
917.000 0.584
918.000 0.585
919.000 0.586
920.000 0.586
921.000 0.586
922.000 0.586
923.000 0.586
924.000 0.585
925.000 0.586
926.000 0.586
927.000 0.584
928.000 0.583
929.000 0.581
930.000 0.580
931.000 0.579
932.000 0.576
933.000 0.573
934.000 0.570
935.000 0.568
936.000 0.569
937.000 0.568
938.000 0.569
939.000 0.572
940.000 0.571
941.000 0.570
942.000 0.570
943.000 0.570
944.000 0.571
945.000 0.566
946.000 0.563
947.000 0.566
948.000 0.566
949.000 0.563
950.000 0.561
951.000 0.561
952.000 0.562
953.000 0.558
954.000 0.555
955.000 0.554
956.000 0.555
957.000 0.560
958.000 0.561
959.000 0.556
960.000 0.553
961.000 0.554
962.000 0.556
963.000 0.555
964.000 0.554
965.000 0.555
966.000 0.556
967.000 0.557
968.000 0.559
969.000 0.560
970.000 0.560
971.000 0.560
972.000 0.561
973.000 0.560
974.000 0.558
975.000 0.556
976.000 0.559
977.000 0.560
978.000 0.560
979.000 0.561
980.000 0.557
981.000 0.560
982.000 0.563
983.000 0.563
984.000 0.565
985.000 0.566
986.000 0.565
987.000 0.565
988.000 0.571
989.000 0.569
990.000 0.567
991.000 0.570
992.000 0.570
993.000 0.568
994.000 0.570
995.000 0.573
996.000 0.571
997.000 0.571
998.000 0.571
999.000 0.573
1000.000 0.576
1001.000 0.580
1002.000 0.580
1003.000 0.580
1004.000 0.581
1005.000 0.579
1006.000 0.579
1007.000 0.579
1008.000 0.578
1009.000 0.579
1010.000 0.581
1011.000 0.582
1012.000 0.585
1013.000 0.586
1014.000 0.587
1015.000 0.587
1016.000 0.588
1017.000 0.588
1018.000 0.589
1019.000 0.590
1020.000 0.591
1021.000 0.591
1022.000 0.591
1023.000 0.592
1024.000 0.592
1025.000 0.593
1026.000 0.594
1027.000 0.595
1028.000 0.595
1029.000 0.597
1030.000 0.597
1031.000 0.598
1032.000 0.599
1033.000 0.599
1034.000 0.599
1035.000 0.600
1036.000 0.600
1037.000 0.600
1038.000 0.601
1039.000 0.602
1040.000 0.603
1041.000 0.604
1042.000 0.605
1043.000 0.606
1044.000 0.606
1045.000 0.606
1046.000 0.607
1047.000 0.607
1048.000 0.608
1049.000 0.609
1050.000 0.609
1051.000 0.609
1052.000 0.608
1053.000 0.608
1054.000 0.608
1055.000 0.608
1056.000 0.609
1057.000 0.609
1058.000 0.609
1059.000 0.609
1060.000 0.609
1061.000 0.609
1062.000 0.610
1063.000 0.612
1064.000 0.612
1065.000 0.612
1066.000 0.612
1067.000 0.612
1068.000 0.612
1069.000 0.613
1070.000 0.613
1071.000 0.614
1072.000 0.613
1073.000 0.612
1074.000 0.612
1075.000 0.611
1076.000 0.611
1077.000 0.611
1078.000 0.612
1079.000 0.612
1080.000 0.613
1081.000 0.613
1082.000 0.612
1083.000 0.610
1084.000 0.609
1085.000 0.610
1086.000 0.610
1087.000 0.611
1088.000 0.611
1089.000 0.611
1090.000 0.611
1091.000 0.610
1092.000 0.610
1093.000 0.610
1094.000 0.609
1095.000 0.608
1096.000 0.608
1097.000 0.607
1098.000 0.606
1099.000 0.606
1100.000 0.605
1101.000 0.605
1102.000 0.605
1103.000 0.605
1104.000 0.604
1105.000 0.604
1106.000 0.602
1107.000 0.601
1108.000 0.600
1109.000 0.600
1110.000 0.600
1111.000 0.600
1112.000 0.600
1113.000 0.600
1114.000 0.598
1115.000 0.598
1116.000 0.598
1117.000 0.596
1118.000 0.594
1119.000 0.592
1120.000 0.586
1121.000 0.583
1122.000 0.578
1123.000 0.576
1124.000 0.577
1125.000 0.578
1126.000 0.586
1127.000 0.589
1128.000 0.585
1129.000 0.590
1130.000 0.599
1131.000 0.600
1132.000 0.595
1133.000 0.592
1134.000 0.579
1135.000 0.568
1136.000 0.565
1137.000 0.559
1138.000 0.554
1139.000 0.550
1140.000 0.548
1141.000 0.547
1142.000 0.547
1143.000 0.551
1144.000 0.551
1145.000 0.548
1146.000 0.546
1147.000 0.543
1148.000 0.540
1149.000 0.536
1150.000 0.533
1151.000 0.533
1152.000 0.530
1153.000 0.528
1154.000 0.529
1155.000 0.528
1156.000 0.530
1157.000 0.530
1158.000 0.532
1159.000 0.531
1160.000 0.531
1161.000 0.530
1162.000 0.529
1163.000 0.528
1164.000 0.527
1165.000 0.526
1166.000 0.525
1167.000 0.524
1168.000 0.523
1169.000 0.524
1170.000 0.524
1171.000 0.524
1172.000 0.523
1173.000 0.522
1174.000 0.522
1175.000 0.521
1176.000 0.522
1177.000 0.523
1178.000 0.524
1179.000 0.524
1180.000 0.523
1181.000 0.521
1182.000 0.520
1183.000 0.519
1184.000 0.519
1185.000 0.520
1186.000 0.521
1187.000 0.520
1188.000 0.521
1189.000 0.520
1190.000 0.519
1191.000 0.519
1192.000 0.519
1193.000 0.519
1194.000 0.519
1195.000 0.519
1196.000 0.519
1197.000 0.519
1198.000 0.519
1199.000 0.519
1200.000 0.519
1201.000 0.519
1202.000 0.519
1203.000 0.519
1204.000 0.520
1205.000 0.520
1206.000 0.520
1207.000 0.520
1208.000 0.521
1209.000 0.521
1210.000 0.523
1211.000 0.524
1212.000 0.524
1213.000 0.523
1214.000 0.523
1215.000 0.523
1216.000 0.523
1217.000 0.524
1218.000 0.524
1219.000 0.525
1220.000 0.526
1221.000 0.527
1222.000 0.528
1223.000 0.528
1224.000 0.529
1225.000 0.529
1226.000 0.530
1227.000 0.530
1228.000 0.531
1229.000 0.532
1230.000 0.533
1231.000 0.534
1232.000 0.535
1233.000 0.535
1234.000 0.536
1235.000 0.536
1236.000 0.536
1237.000 0.537
1238.000 0.537
1239.000 0.538
1240.000 0.539
1241.000 0.539
1242.000 0.539
1243.000 0.539
1244.000 0.540
1245.000 0.540
1246.000 0.540
1247.000 0.540
1248.000 0.540
1249.000 0.540
1250.000 0.540
1251.000 0.540
1252.000 0.541
1253.000 0.541
1254.000 0.541
1255.000 0.541
1256.000 0.541
1257.000 0.542
1258.000 0.542
1259.000 0.542
1260.000 0.543
1261.000 0.543
1262.000 0.543
1263.000 0.543
1264.000 0.543
1265.000 0.543
1266.000 0.543
1267.000 0.543
1268.000 0.543
1269.000 0.542
1270.000 0.542
1271.000 0.542
1272.000 0.541
1273.000 0.541
1274.000 0.541
1275.000 0.541
1276.000 0.542
1277.000 0.542
1278.000 0.542
1279.000 0.543
1280.000 0.543
1281.000 0.543
1282.000 0.543
1283.000 0.543
1284.000 0.542
1285.000 0.541
1286.000 0.541
1287.000 0.540
1288.000 0.540
1289.000 0.539
1290.000 0.539
1291.000 0.538
1292.000 0.537
1293.000 0.537
1294.000 0.537
1295.000 0.537
1296.000 0.537
1297.000 0.536
1298.000 0.535
1299.000 0.533
1300.000 0.531
1301.000 0.531
1302.000 0.529
1303.000 0.528
1304.000 0.526
1305.000 0.524
1306.000 0.522
1307.000 0.521
1308.000 0.520
1309.000 0.519
1310.000 0.518
1311.000 0.516
1312.000 0.514
1313.000 0.513
1314.000 0.512
1315.000 0.511
1316.000 0.510
1317.000 0.508
1318.000 0.505
1319.000 0.501
1320.000 0.500
1321.000 0.498
1322.000 0.497
1323.000 0.495
1324.000 0.495
1325.000 0.492
1326.000 0.489
1327.000 0.488
1328.000 0.487
1329.000 0.485
1330.000 0.481
1331.000 0.479
1332.000 0.476
1333.000 0.473
1334.000 0.473
1335.000 0.471
1336.000 0.467
1337.000 0.465
1338.000 0.466
1339.000 0.466
1340.000 0.471
1341.000 0.472
1342.000 0.468
1343.000 0.466
1344.000 0.460
1345.000 0.455
1346.000 0.457
1347.000 0.457
1348.000 0.455
1349.000 0.445
1350.000 0.455
1351.000 0.495
1352.000 0.555
1353.000 0.653
1354.000 0.780
1355.000 0.437
1356.000 0.451
1357.000 0.504
1358.000 0.652
1359.000 0.534
1360.000 0.429
1361.000 0.671
1362.000 0.245
1363.000 0.205
1364.000 0.251
1365.000 0.310
1366.000 0.300
1367.000 0.279
1368.000 0.207
1369.000 0.432
1370.000 0.471
1371.000 0.513
1372.000 0.586
1373.000 0.482
1374.000 0.417
1375.000 0.296
1376.000 0.715
1377.000 0.724
1378.000 0.452
1379.000 0.505
1380.000 0.545
1381.000 0.450
1382.000 0.475
1383.000 0.439
1384.000 0.514
1385.000 0.569
1386.000 0.606
1387.000 0.626
1388.000 0.610
1389.000 0.481
1390.000 0.354
1391.000 0.284
1392.000 0.265
1393.000 0.302
1394.000 0.408
1395.000 0.503
1396.000 0.386
1397.000 0.351
1398.000 0.227
1399.000 0.318
1400.000 0.226
1401.000 0.301
1402.000 0.230
1403.000 0.164
1404.000 0.280
1405.000 0.393
1406.000 0.519
1407.000 0.321
1408.000 0.483
1409.000 0.622
1410.000 0.468
1411.000 0.497
1412.000 0.527
1413.000 0.697
1414.000 0.602
1415.000 0.532
1416.000 0.386
1417.000 0.209
1418.000 0.364
1419.000 0.309
1420.000 0.261
1421.000 0.849
1422.000 0.716
1423.000 0.707
1424.000 0.532
1425.000 0.332
1426.000 0.187
1427.000 0.342
1428.000 0.495
1429.000 0.644
1430.000 0.664
1431.000 0.428
1432.000 0.485
1433.000 0.510
1434.000 0.685
1435.000 0.567
1436.000 0.584
1437.000 0.718
1438.000 0.715
1439.000 0.821
1440.000 0.540
1441.000 0.410
1442.000 0.786
1443.000 0.619
1444.000 0.549
1445.000 0.503
1446.000 0.476
1447.000 0.391
1448.000 0.350
1449.000 0.234
1450.000 0.174
1451.000 0.175
1452.000 0.182
1453.000 0.205
1454.000 0.246
1455.000 0.240
1456.000 0.201
1457.000 0.189
1458.000 0.146
1459.000 0.129
1460.000 0.119
1461.000 0.116
1462.000 0.133
1463.000 0.153
1464.000 0.147
1465.000 0.158
1466.000 0.206
1467.000 0.209
1468.000 0.143
1469.000 0.141
1470.000 0.134
1471.000 0.124
1472.000 0.131
1473.000 0.144
1474.000 0.180
1475.000 0.190
1476.000 0.232
1477.000 0.231
1478.000 0.173
1479.000 0.163
1480.000 0.147
1481.000 0.136
1482.000 0.133
1483.000 0.126
1484.000 0.136
1485.000 0.139
1486.000 0.122
1487.000 0.130
1488.000 0.146
1489.000 0.155
1490.000 0.159
1491.000 0.162
1492.000 0.160
1493.000 0.161
1494.000 0.159
1495.000 0.162
1496.000 0.170
1497.000 0.173
1498.000 0.176
1499.000 0.178
1500.000 0.176
1501.000 0.174
1502.000 0.172
1503.000 0.171
1504.000 0.171
1505.000 0.167
1506.000 0.168
1507.000 0.170
1508.000 0.173
1509.000 0.178
1510.000 0.181
1511.000 0.184
1512.000 0.185
1513.000 0.187
1514.000 0.187
1515.000 0.187
1516.000 0.189
1517.000 0.191
1518.000 0.193
1519.000 0.197
1520.000 0.199
1521.000 0.202
1522.000 0.203
1523.000 0.205
1524.000 0.206
1525.000 0.205
1526.000 0.207
1527.000 0.210
1528.000 0.211
1529.000 0.214
1530.000 0.215
1531.000 0.216
1532.000 0.217
1533.000 0.218
1534.000 0.219
1535.000 0.219
1536.000 0.219
1537.000 0.221
1538.000 0.222
1539.000 0.223
1540.000 0.225
1541.000 0.228
1542.000 0.230
1543.000 0.233
1544.000 0.234
1545.000 0.235
1546.000 0.236
1547.000 0.236
1548.000 0.237
1549.000 0.238
1550.000 0.239
1551.000 0.240
1552.000 0.240
1553.000 0.240
1554.000 0.242
1555.000 0.246
1556.000 0.249
1557.000 0.252
1558.000 0.254
1559.000 0.254
1560.000 0.255
1561.000 0.254
1562.000 0.255
1563.000 0.258
1564.000 0.260
1565.000 0.263
1566.000 0.264
1567.000 0.263
1568.000 0.263
1569.000 0.263
1570.000 0.263
1571.000 0.265
1572.000 0.266
1573.000 0.265
1574.000 0.265
1575.000 0.264
1576.000 0.264
1577.000 0.266
1578.000 0.268
1579.000 0.271
1580.000 0.273
1581.000 0.277
1582.000 0.278
1583.000 0.279
1584.000 0.281
1585.000 0.282
1586.000 0.282
1587.000 0.283
1588.000 0.284
1589.000 0.285
1590.000 0.286
1591.000 0.289
1592.000 0.290
1593.000 0.290
1594.000 0.290
1595.000 0.290
1596.000 0.290
1597.000 0.292
1598.000 0.292
1599.000 0.293
1600.000 0.294
1601.000 0.294
1602.000 0.294
1603.000 0.297
1604.000 0.298
1605.000 0.299
1606.000 0.300
1607.000 0.300
1608.000 0.300
1609.000 0.301
1610.000 0.301
1611.000 0.302
1612.000 0.303
1613.000 0.303
1614.000 0.304
1615.000 0.306
1616.000 0.307
1617.000 0.310
1618.000 0.311
1619.000 0.309
1620.000 0.309
1621.000 0.309
1622.000 0.308
1623.000 0.312
1624.000 0.314
1625.000 0.316
1626.000 0.318
1627.000 0.321
1628.000 0.321
1629.000 0.320
1630.000 0.319
1631.000 0.317
1632.000 0.317
1633.000 0.320
1634.000 0.321
1635.000 0.322
1636.000 0.322
1637.000 0.319
1638.000 0.319
1639.000 0.319
1640.000 0.319
1641.000 0.320
1642.000 0.321
1643.000 0.322
1644.000 0.323
1645.000 0.325
1646.000 0.326
1647.000 0.325
1648.000 0.325
1649.000 0.324
1650.000 0.324
1651.000 0.325
1652.000 0.326
1653.000 0.326
1654.000 0.326
1655.000 0.324
1656.000 0.324
1657.000 0.326
1658.000 0.326
1659.000 0.326
1660.000 0.327
1661.000 0.326
1662.000 0.328
1663.000 0.331
1664.000 0.333
1665.000 0.334
1666.000 0.335
1667.000 0.334
1668.000 0.333
1669.000 0.328
1670.000 0.327
1671.000 0.328
1672.000 0.328
1673.000 0.330
1674.000 0.331
1675.000 0.330
1676.000 0.329
1677.000 0.328
1678.000 0.329
1679.000 0.332
1680.000 0.331
1681.000 0.329
1682.000 0.328
1683.000 0.323
1684.000 0.322
1685.000 0.328
1686.000 0.329
1687.000 0.328
1688.000 0.329
1689.000 0.329
1690.000 0.328
1691.000 0.329
1692.000 0.329
1693.000 0.331
1694.000 0.331
1695.000 0.331
1696.000 0.330
1697.000 0.327
1698.000 0.327
1699.000 0.328
1700.000 0.328
1701.000 0.330
1702.000 0.329
1703.000 0.327
1704.000 0.328
1705.000 0.327
1706.000 0.326
1707.000 0.327
1708.000 0.326
1709.000 0.325
1710.000 0.325
1711.000 0.324
1712.000 0.323
1713.000 0.323
1714.000 0.321
1715.000 0.322
1716.000 0.323
1717.000 0.322
1718.000 0.324
1719.000 0.328
1720.000 0.328
1721.000 0.324
1722.000 0.321
1723.000 0.315
1724.000 0.313
1725.000 0.315
1726.000 0.315
1727.000 0.315
1728.000 0.313
1729.000 0.308
1730.000 0.308
1731.000 0.309
1732.000 0.310
1733.000 0.315
1734.000 0.316
1735.000 0.312
1736.000 0.313
1737.000 0.312
1738.000 0.310
1739.000 0.312
1740.000 0.316
1741.000 0.317
1742.000 0.321
1743.000 0.322
1744.000 0.315
1745.000 0.312
1746.000 0.308
1747.000 0.305
1748.000 0.303
1749.000 0.302
1750.000 0.302
1751.000 0.303
1752.000 0.306
1753.000 0.303
1754.000 0.297
1755.000 0.294
1756.000 0.287
1757.000 0.285
1758.000 0.289
1759.000 0.290
1760.000 0.291
1761.000 0.292
1762.000 0.291
1763.000 0.288
1764.000 0.285
1765.000 0.287
1766.000 0.290
1767.000 0.293
1768.000 0.298
1769.000 0.298
1770.000 0.293
1771.000 0.291
1772.000 0.286
1773.000 0.275
1774.000 0.276
1775.000 0.278
1776.000 0.280
1777.000 0.300
1778.000 0.299
1779.000 0.280
1780.000 0.287
1781.000 0.280
1782.000 0.270
1783.000 0.280
1784.000 0.272
1785.000 0.285
1786.000 0.291
1787.000 0.299
1788.000 0.303
1789.000 0.281
1790.000 0.265
1791.000 0.255
1792.000 0.243
1793.000 0.238
1794.000 0.226
1795.000 0.267
1796.000 0.297
1797.000 0.357
1798.000 0.427
1799.000 0.382
1800.000 0.308
1801.000 0.359
1802.000 0.410
1803.000 0.466
1804.000 0.498
1805.000 0.465
1806.000 0.458
1807.000 0.482
1808.000 0.441
1809.000 0.359
1810.000 0.395
1811.000 0.313
1812.000 0.361
1813.000 0.347
1814.000 0.322
1815.000 0.310
1816.000 0.392
1817.000 0.467
1818.000 0.434
1819.000 0.419
1820.000 0.402
1821.000 0.356
1822.000 0.396
1823.000 0.455
1824.000 0.539
1825.000 0.579
1826.000 0.690
1827.000 0.587
1828.000 0.606
1829.000 0.536
1830.000 0.259
1831.000 0.329
1832.000 0.291
1833.000 0.254
1834.000 0.225
1835.000 0.208
1836.000 0.238
1837.000 0.416
1838.000 0.530
1839.000 0.674
1840.000 0.600
1841.000 0.486
1842.000 0.446
1843.000 0.574
1844.000 0.408
1845.000 0.273
1846.000 0.305
1847.000 0.329
1848.000 0.619
1849.000 0.714
1850.000 0.621
1851.000 0.606
1852.000 0.633
1853.000 0.620
1854.000 0.720
1855.000 0.797
1856.000 0.565
1857.000 0.605
1858.000 0.765
1859.000 0.796
1860.000 0.731
1861.000 0.683
1862.000 0.364
1863.000 0.524
1864.000 0.525
1865.000 0.452
1866.000 0.438
1867.000 0.459
1868.000 0.574
1869.000 0.532
1870.000 0.641
1871.000 0.500
1872.000 0.192
1873.000 0.198
1874.000 0.215
1875.000 0.383
1876.000 0.265
1877.000 0.651
1878.000 0.704
1879.000 0.709
1880.000 0.625
1881.000 0.517
1882.000 0.636
1883.000 0.568
1884.000 0.694
1885.000 0.464
1886.000 0.294
1887.000 0.122
1888.000 0.403
1889.000 0.369
1890.000 0.629
1891.000 0.146
1892.000 0.837
1893.000 0.744
1894.000 0.767
1895.000 0.503
1896.000 0.568
1897.000 0.656
1898.000 0.748
1899.000 0.804
1900.000 0.564
1901.000 0.535
1902.000 0.206
1903.000 0.485
1904.000 0.470
1905.000 0.540
1906.000 0.514
1907.000 0.454
1908.000 0.423
1909.000 0.833
1910.000 0.564
1911.000 0.382
1912.000 0.372
1913.000 0.410
1914.000 0.423
1915.000 0.405
1916.000 0.384
1917.000 0.606
1918.000 0.523
1919.000 0.418
1920.000 0.355
1921.000 0.301
1922.000 0.467
1923.000 0.621
1924.000 0.752
1925.000 0.513
1926.000 0.217
1927.000 0.254
1928.000 0.168
1929.000 0.286
1930.000 0.730
1931.000 0.540
1932.000 0.483
1933.000 0.266
1934.000 0.254
1935.000 0.224
1936.000 0.225
1937.000 0.440
1938.000 0.547
1939.000 0.333
1940.000 0.439
1941.000 0.373
1942.000 0.393
1943.000 0.373
1944.000 0.371
1945.000 0.378
1946.000 0.376
1947.000 0.396
1948.000 0.300
1949.000 0.425
1950.000 0.572
1951.000 0.635
1952.000 0.373
1953.000 0.291
1954.000 0.281
1955.000 0.277
1956.000 0.266
1957.000 0.442
1958.000 0.228
1959.000 0.246
1960.000 0.263
1961.000 0.270
1962.000 0.348
1963.000 0.242
1964.000 0.210
1965.000 0.163
1966.000 0.441
1967.000 0.508
1968.000 0.473
1969.000 0.497
1970.000 0.463
1971.000 0.456
1972.000 0.672
1973.000 0.661
1974.000 0.608
1975.000 0.567
1976.000 0.528
1977.000 0.490
1978.000 0.417
1979.000 0.484
1980.000 0.255
1981.000 0.487
1982.000 0.422
1983.000 0.400
1984.000 0.362
1985.000 0.230
1986.000 0.210
1987.000 0.288
1988.000 0.287
1989.000 0.348
1990.000 0.198
1991.000 0.127
1992.000 0.266
1993.000 0.330
1994.000 0.504
1995.000 0.504
1996.000 0.679
1997.000 0.191
1998.000 0.513
1999.000 0.385
2000.000 0.315
2001.000 0.244
2002.000 0.180
2003.000 0.178
2004.000 0.492
2005.000 0.433
2006.000 0.432
2007.000 0.385
2008.000 0.646
2009.000 0.224
2010.000 0.222
2011.000 0.442
2012.000 0.472
2013.000 0.389
2014.000 0.364
2015.000 0.367
2016.000 0.415
2017.000 0.426
2018.000 0.659
2019.000 0.439
2020.000 0.234
2021.000 0.268
2022.000 0.289
2023.000 0.344
2024.000 0.383
2025.000 0.436
2026.000 0.479
2027.000 0.418
2028.000 0.385
2029.000 0.347
2030.000 0.405
2031.000 0.378
2032.000 0.282
2033.000 0.321
2034.000 0.243
2035.000 0.243
2036.000 0.309
2037.000 0.333
2038.000 0.361
2039.000 0.369
2040.000 0.397
2041.000 0.474
2042.000 0.491
2043.000 0.493
2044.000 0.443
2045.000 0.315
2046.000 0.200
2047.000 0.220
2048.000 0.241
2049.000 0.249
2050.000 0.430
2051.000 0.411
2052.000 0.349
2053.000 0.330
2054.000 0.195
2055.000 0.175
2056.000 0.139
2057.000 0.147
2058.000 0.204
2059.000 0.284
2060.000 0.238
2061.000 0.249
2062.000 0.202
2063.000 0.194
2064.000 0.207
2065.000 0.183
2066.000 0.186
2067.000 0.269
2068.000 0.256
2069.000 0.278
2070.000 0.350
2071.000 0.273
2072.000 0.259
2073.000 0.235
2074.000 0.225
2075.000 0.237
2076.000 0.228
2077.000 0.274
2078.000 0.260
2079.000 0.206
2080.000 0.182
2081.000 0.131
2082.000 0.122
2083.000 0.153
2084.000 0.158
2085.000 0.194
2086.000 0.214
2087.000 0.229
2088.000 0.239
2089.000 0.237
2090.000 0.206
2091.000 0.197
2092.000 0.181
2093.000 0.180
2094.000 0.184
2095.000 0.190
2096.000 0.221
2097.000 0.228
2098.000 0.222
2099.000 0.233
2100.000 0.217
2101.000 0.218
2102.000 0.229
2103.000 0.236
2104.000 0.237
2105.000 0.257
2106.000 0.257
2107.000 0.247
2108.000 0.231
2109.000 0.218
2110.000 0.200
2111.000 0.176
2112.000 0.167
2113.000 0.162
2114.000 0.164
2115.000 0.189
2116.000 0.198
2117.000 0.215
2118.000 0.213
2119.000 0.216
2120.000 0.205
2121.000 0.194
2122.000 0.190
2123.000 0.184
2124.000 0.172
2125.000 0.170
2126.000 0.172
2127.000 0.173
2128.000 0.181
2129.000 0.184
2130.000 0.188
2131.000 0.189
2132.000 0.186
2133.000 0.182
2134.000 0.164
2135.000 0.159
2136.000 0.162
2137.000 0.154
2138.000 0.176
2139.000 0.201
2140.000 0.208
2141.000 0.206
2142.000 0.207
2143.000 0.201
2144.000 0.205
2145.000 0.221
2146.000 0.222
2147.000 0.228
2148.000 0.227
2149.000 0.208
2150.000 0.204
2151.000 0.215
2152.000 0.220
2153.000 0.242
2154.000 0.244
2155.000 0.236
2156.000 0.209
2157.000 0.210
2158.000 0.215
2159.000 0.228
2160.000 0.238
2161.000 0.226
2162.000 0.198
2163.000 0.182
2164.000 0.168
2165.000 0.155
2166.000 0.162
2167.000 0.165
2168.000 0.174
2169.000 0.179
2170.000 0.186
2171.000 0.191
2172.000 0.194
2173.000 0.200
2174.000 0.202
2175.000 0.206
2176.000 0.211
2177.000 0.223
2178.000 0.224
2179.000 0.213
2180.000 0.209
2181.000 0.209
2182.000 0.212
2183.000 0.235
2184.000 0.233
2185.000 0.228
2186.000 0.226
2187.000 0.223
2188.000 0.209
2189.000 0.208
2190.000 0.207
2191.000 0.199
2192.000 0.196
2193.000 0.199
2194.000 0.201
2195.000 0.205
2196.000 0.209
2197.000 0.220
2198.000 0.236
2199.000 0.261
2200.000 0.272
2201.000 0.287
2202.000 0.286
2203.000 0.254
2204.000 0.253
2205.000 0.233
2206.000 0.218
2207.000 0.202
2208.000 0.182
2209.000 0.179
2210.000 0.188
2211.000 0.192
2212.000 0.207
2213.000 0.210
2214.000 0.208
2215.000 0.205
2216.000 0.193
2217.000 0.194
2218.000 0.200
2219.000 0.201
2220.000 0.210
2221.000 0.220
2222.000 0.234
2223.000 0.235
2224.000 0.233
2225.000 0.230
2226.000 0.216
2227.000 0.203
2228.000 0.202
2229.000 0.216
2230.000 0.217
2231.000 0.212
2232.000 0.214
2233.000 0.208
2234.000 0.193
2235.000 0.195
2236.000 0.184
2237.000 0.190
2238.000 0.184
2239.000 0.189
2240.000 0.187
2241.000 0.178
2242.000 0.178
2243.000 0.182
2244.000 0.180
2245.000 0.180
2246.000 0.179
2247.000 0.167
2248.000 0.169
2249.000 0.185
2250.000 0.199
2251.000 0.217
2252.000 0.233
2253.000 0.257
2254.000 0.263
2255.000 0.258
2256.000 0.251
2257.000 0.237
2258.000 0.206
2259.000 0.197
2260.000 0.206
2261.000 0.203
2262.000 0.215
2263.000 0.254
2264.000 0.256
2265.000 0.226
2266.000 0.228
2267.000 0.210
2268.000 0.193
2269.000 0.192
2270.000 0.181
2271.000 0.176
2272.000 0.162
2273.000 0.158
2274.000 0.158
2275.000 0.172
2276.000 0.203
2277.000 0.210
2278.000 0.205
2279.000 0.201
2280.000 0.154
2281.000 0.138
2282.000 0.133
2283.000 0.136
2284.000 0.148
2285.000 0.172
2286.000 0.198
2287.000 0.214
2288.000 0.284
2289.000 0.310
2290.000 0.296
2291.000 0.286
2292.000 0.214
2293.000 0.197
2294.000 0.223
2295.000 0.216
2296.000 0.223
2297.000 0.264
2298.000 0.249
2299.000 0.198
2300.000 0.179
2301.000 0.156
2302.000 0.156
2303.000 0.143
2304.000 0.161
2305.000 0.142
2306.000 0.129
2307.000 0.169
2308.000 0.165
2309.000 0.149
2310.000 0.094
2311.000 0.108
2312.000 0.137
2313.000 0.182
2314.000 0.171
2315.000 0.160
2316.000 0.173
2317.000 0.226
2318.000 0.279
2319.000 0.358
2320.000 0.432
2321.000 0.380
2322.000 0.576
2323.000 0.591
2324.000 0.228
2325.000 0.490
2326.000 0.519
2327.000 0.441
2328.000 0.393
2329.000 0.465
2330.000 0.448
2331.000 0.397
2332.000 0.347
2333.000 0.182
2334.000 0.352
2335.000 0.183
2336.000 0.520
2337.000 0.477
2338.000 0.433
2339.000 0.399
2340.000 0.777
2341.000 0.464
2342.000 0.439
2343.000 0.180
2344.000 0.362
2345.000 0.252
2346.000 0.473
2347.000 0.272
2348.000 0.335
2349.000 0.577
2350.000 0.543
2351.000 0.324
2352.000 0.310
2353.000 0.319
2354.000 0.325
2355.000 0.310
2356.000 0.266
2357.000 0.207
2358.000 0.216
2359.000 0.235
2360.000 0.188
2361.000 0.166
2362.000 0.164
2363.000 0.222
2364.000 0.290
2365.000 0.470
2366.000 0.719
2367.000 0.615
2368.000 0.562
2369.000 0.627
2370.000 0.645
2371.000 0.408
2372.000 0.401
2373.000 0.516
2374.000 0.442
2375.000 0.571
2376.000 0.339
2377.000 0.204
2378.000 0.154
2379.000 0.208
2380.000 0.256
2381.000 0.323
2382.000 0.569
2383.000 0.189
2384.000 0.324
2385.000 0.517
2386.000 0.486
2387.000 0.377
2388.000 0.573
2389.000 0.774
2390.000 0.514
2391.000 0.336
2392.000 0.340
2393.000 0.710
2394.000 0.611
2395.000 0.378
2396.000 0.523
2397.000 0.639
2398.000 0.644
2399.000 0.380
2400.000 0.306
2401.000 0.374
2402.000 0.162
2403.000 0.286
2404.000 0.385
2405.000 0.522
2406.000 0.308
2407.000 0.419
2408.000 0.331
2409.000 0.489
2410.000 0.465
2411.000 0.435
2412.000 0.418
2413.000 0.398
2414.000 0.502
2415.000 0.294
2416.000 0.132
2417.000 0.332
2418.000 0.358
2419.000 0.352
2420.000 0.389
2421.000 0.456
2422.000 0.551
2423.000 0.433
2424.000 0.310
2425.000 0.377
2426.000 0.594
2427.000 0.254
2428.000 0.386
2429.000 0.549
2430.000 0.343
2431.000 0.516
2432.000 0.427
2433.000 0.412
2434.000 0.199
2435.000 0.253
2436.000 0.327
2437.000 0.217
2438.000 0.176
2439.000 0.142
2440.000 0.051
2441.000 0.084
2442.000 0.089
2443.000 0.133
2444.000 0.471
2445.000 0.423
2446.000 0.260
2447.000 0.286
2448.000 0.320
2449.000 0.302
2450.000 0.240
2451.000 0.205
2452.000 0.320
2453.000 0.408
2454.000 0.377
2455.000 0.353
2456.000 0.288
2457.000 0.473
2458.000 0.634
2459.000 0.818
2460.000 0.537
2461.000 0.408
2462.000 0.437
2463.000 0.468
2464.000 0.459
2465.000 0.236
2466.000 0.170
2467.000 0.204
2468.000 0.232
2469.000 0.259
2470.000 0.147
2471.000 0.195
2472.000 0.314
2473.000 0.444
2474.000 0.629
2475.000 0.755
2476.000 0.770
2477.000 0.741
2478.000 0.476
2479.000 0.633
2480.000 0.364
2481.000 0.503
2482.000 0.196
2483.000 0.245
2484.000 0.314
2485.000 0.508
2486.000 0.352
2487.000 0.041
2488.000 0.075
2489.000 0.078
2490.000 0.412
2491.000 0.522
2492.000 0.643
2493.000 0.253
2494.000 0.192
2495.000 0.110
2496.000 0.257
2497.000 0.228
2498.000 0.460
2499.000 0.484
2500.000 0.418
