391.000 0.045
392.000 0.028
393.000 0.019
394.000 0.044
395.000 0.044
396.000 0.044
397.000 0.051
398.000 0.044
399.000 0.044
400.000 0.046
401.000 0.049
402.000 0.045
403.000 0.042
404.000 0.041
405.000 0.039
406.000 0.048
407.000 0.051
408.000 0.046
409.000 0.043
410.000 0.045
411.000 0.046
412.000 0.046
413.000 0.046
414.000 0.047
415.000 0.049
416.000 0.050
417.000 0.048
418.000 0.045
419.000 0.044
420.000 0.044
421.000 0.045
422.000 0.047
423.000 0.048
424.000 0.047
425.000 0.044
426.000 0.043
427.000 0.046
428.000 0.047
429.000 0.046
430.000 0.045
431.000 0.045
432.000 0.043
433.000 0.043
434.000 0.044
435.000 0.045
436.000 0.046
437.000 0.047
438.000 0.049
439.000 0.048
440.000 0.047
441.000 0.045
442.000 0.045
443.000 0.046
444.000 0.047
445.000 0.047
446.000 0.048
447.000 0.046
448.000 0.044
449.000 0.047
450.000 0.047
451.000 0.047
452.000 0.047
453.000 0.048
454.000 0.049
455.000 0.049
456.000 0.050
457.000 0.049
458.000 0.048
459.000 0.047
460.000 0.047
461.000 0.046
462.000 0.047
463.000 0.049
464.000 0.051
465.000 0.049
466.000 0.048
467.000 0.049
468.000 0.048
469.000 0.048
470.000 0.048
471.000 0.048
472.000 0.047
473.000 0.048
474.000 0.049
475.000 0.048
476.000 0.048
477.000 0.048
478.000 0.047
479.000 0.049
480.000 0.049
481.000 0.048
482.000 0.046
483.000 0.049
484.000 0.050
485.000 0.048
486.000 0.047
487.000 0.048
488.000 0.048
489.000 0.047
490.000 0.048
491.000 0.050
492.000 0.051
493.000 0.049
494.000 0.049
495.000 0.049
496.000 0.048
497.000 0.050
498.000 0.050
499.000 0.050
500.000 0.051
501.000 0.052
502.000 0.051
503.000 0.049
504.000 0.050
505.000 0.050
506.000 0.050
507.000 0.050
508.000 0.054
509.000 0.055
510.000 0.054
511.000 0.055
512.000 0.055
513.000 0.056
514.000 0.057
515.000 0.058
516.000 0.058
517.000 0.060
518.000 0.063
519.000 0.061
520.000 0.061
521.000 0.062
522.000 0.064
523.000 0.065
524.000 0.066
525.000 0.067
526.000 0.068
527.000 0.069
528.000 0.071
529.000 0.073
530.000 0.074
531.000 0.075
532.000 0.075
533.000 0.075
534.000 0.076
535.000 0.077
536.000 0.079
537.000 0.078
538.000 0.078
539.000 0.079
540.000 0.079
541.000 0.079
542.000 0.080
543.000 0.080
544.000 0.080
545.000 0.079
546.000 0.079
547.000 0.079
548.000 0.079
549.000 0.080
550.000 0.080
551.000 0.080
552.000 0.080
553.000 0.080
554.000 0.079
555.000 0.080
556.000 0.080
557.000 0.081
558.000 0.080
559.000 0.079
560.000 0.078
561.000 0.078
562.000 0.078
563.000 0.076
564.000 0.076
565.000 0.075
566.000 0.075
567.000 0.075
568.000 0.073
569.000 0.072
570.000 0.071
571.000 0.072
572.000 0.072
573.000 0.072
574.000 0.071
575.000 0.070
576.000 0.070
577.000 0.070
578.000 0.069
579.000 0.068
580.000 0.067
581.000 0.067
582.000 0.068
583.000 0.069
584.000 0.068
585.000 0.068
586.000 0.067
587.000 0.066
588.000 0.065
589.000 0.064
590.000 0.064
591.000 0.063
592.000 0.065
593.000 0.067
594.000 0.065
595.000 0.065
596.000 0.065
597.000 0.065
598.000 0.067
599.000 0.066
600.000 0.064
601.000 0.064
602.000 0.065
603.000 0.066
604.000 0.067
605.000 0.066
606.000 0.067
607.000 0.066
608.000 0.065
609.000 0.065
610.000 0.065
611.000 0.064
612.000 0.066
613.000 0.066
614.000 0.065
615.000 0.065
616.000 0.065
617.000 0.065
618.000 0.065
619.000 0.065
620.000 0.065
621.000 0.065
622.000 0.064
623.000 0.067
624.000 0.067
625.000 0.066
626.000 0.067
627.000 0.068
628.000 0.068
629.000 0.068
630.000 0.068
631.000 0.069
632.000 0.070
633.000 0.071
634.000 0.069
635.000 0.069
636.000 0.069
637.000 0.068
638.000 0.067
639.000 0.068
640.000 0.070
641.000 0.069
642.000 0.069
643.000 0.068
644.000 0.068
645.000 0.068
646.000 0.069
647.000 0.070
648.000 0.072
649.000 0.072
650.000 0.071
651.000 0.071
652.000 0.070
653.000 0.071
654.000 0.072
655.000 0.070
656.000 0.071
657.000 0.072
658.000 0.073
659.000 0.071
660.000 0.072
661.000 0.074
662.000 0.075
663.000 0.076
664.000 0.076
665.000 0.076
666.000 0.077
667.000 0.076
668.000 0.076
669.000 0.079
670.000 0.081
671.000 0.079
672.000 0.078
673.000 0.078
674.000 0.079
675.000 0.080
676.000 0.081
677.000 0.083
678.000 0.082
679.000 0.084
680.000 0.085
681.000 0.082
682.000 0.082
683.000 0.084
684.000 0.086
685.000 0.086
686.000 0.087
687.000 0.087
688.000 0.086
689.000 0.087
690.000 0.086
691.000 0.086
692.000 0.088
693.000 0.090
694.000 0.090
695.000 0.091
696.000 0.092
697.000 0.095
698.000 0.097
699.000 0.100
700.000 0.102
701.000 0.105
702.000 0.108
703.000 0.112
704.000 0.116
705.000 0.119
706.000 0.122
707.000 0.125
708.000 0.128
709.000 0.132
710.000 0.136
711.000 0.138
712.000 0.142
713.000 0.146
714.000 0.149
715.000 0.152
716.000 0.155
717.000 0.159
718.000 0.161
719.000 0.164
720.000 0.168
721.000 0.172
722.000 0.176
723.000 0.179
724.000 0.181
725.000 0.184
726.000 0.187
727.000 0.190
728.000 0.193
729.000 0.196
730.000 0.199
731.000 0.202
732.000 0.206
733.000 0.210
734.000 0.212
735.000 0.215
736.000 0.217
737.000 0.220
738.000 0.222
739.000 0.225
740.000 0.227
741.000 0.229
742.000 0.231
743.000 0.233
744.000 0.235
745.000 0.236
746.000 0.238
747.000 0.238
748.000 0.240
749.000 0.241
750.000 0.243
751.000 0.244
752.000 0.245
753.000 0.245
754.000 0.246
755.000 0.247
756.000 0.248
757.000 0.248
758.000 0.248
759.000 0.246
760.000 0.243
761.000 0.240
762.000 0.238
763.000 0.239
764.000 0.240
765.000 0.244
766.000 0.247
767.000 0.249
768.000 0.251
769.000 0.252
770.000 0.253
771.000 0.254
772.000 0.254
773.000 0.254
774.000 0.255
775.000 0.255
776.000 0.256
777.000 0.256
778.000 0.256
779.000 0.256
780.000 0.256
781.000 0.257
782.000 0.258
783.000 0.258
784.000 0.257
785.000 0.257
786.000 0.257
787.000 0.257
788.000 0.257
789.000 0.256
790.000 0.256
791.000 0.257
792.000 0.258
793.000 0.259
794.000 0.259
795.000 0.259
796.000 0.258
797.000 0.259
798.000 0.259
799.000 0.259
800.000 0.259
801.000 0.259
802.000 0.259
803.000 0.259
804.000 0.260
805.000 0.261
806.000 0.262
807.000 0.262
808.000 0.262
809.000 0.261
810.000 0.261
811.000 0.260
812.000 0.259
813.000 0.258
814.000 0.257
815.000 0.256
816.000 0.255
817.000 0.255
818.000 0.256
819.000 0.257
820.000 0.258
821.000 0.258
822.000 0.259
823.000 0.259
824.000 0.260
825.000 0.261
826.000 0.261
827.000 0.261
828.000 0.261
829.000 0.261
830.000 0.262
831.000 0.263
832.000 0.263
833.000 0.264
834.000 0.265
835.000 0.265
836.000 0.266
837.000 0.266
838.000 0.267
839.000 0.267
840.000 0.268
841.000 0.269
842.000 0.269
843.000 0.269
844.000 0.271
845.000 0.271
846.000 0.271
847.000 0.271
848.000 0.271
849.000 0.271
850.000 0.271
851.000 0.272
852.000 0.272
853.000 0.272
854.000 0.273
855.000 0.273
856.000 0.273
857.000 0.273
858.000 0.273
859.000 0.274
860.000 0.274
861.000 0.274
862.000 0.274
863.000 0.275
864.000 0.275
865.000 0.275
866.000 0.275
867.000 0.275
868.000 0.275
869.000 0.276
870.000 0.276
871.000 0.276
872.000 0.276
873.000 0.276
874.000 0.276
875.000 0.276
876.000 0.277
877.000 0.276
878.000 0.277
879.000 0.277
880.000 0.277
881.000 0.277
882.000 0.277
883.000 0.277
884.000 0.278
885.000 0.278
886.000 0.278
887.000 0.278
888.000 0.277
889.000 0.278
890.000 0.278
891.000 0.277
892.000 0.276
893.000 0.275
894.000 0.274
895.000 0.273
896.000 0.272
897.000 0.270
898.000 0.269
899.000 0.269
900.000 0.270
901.000 0.270
902.000 0.270
903.000 0.271
904.000 0.271
905.000 0.271
906.000 0.270
907.000 0.270
908.000 0.270
909.000 0.270
910.000 0.269
911.000 0.268
912.000 0.268
913.000 0.268
914.000 0.268
915.000 0.268
916.000 0.268
917.000 0.269
918.000 0.270
919.000 0.271
920.000 0.272
921.000 0.272
922.000 0.272
923.000 0.272
924.000 0.272
925.000 0.271
926.000 0.269
927.000 0.268
928.000 0.266
929.000 0.264
930.000 0.262
931.000 0.259
932.000 0.256
933.000 0.252
934.000 0.248
935.000 0.248
936.000 0.249
937.000 0.248
938.000 0.249
939.000 0.250
940.000 0.248
941.000 0.248
942.000 0.248
943.000 0.247
944.000 0.251
945.000 0.249
946.000 0.247
947.000 0.247
948.000 0.248
949.000 0.248
950.000 0.248
951.000 0.249
952.000 0.250
953.000 0.252
954.000 0.252
955.000 0.253
956.000 0.253
957.000 0.252
958.000 0.254
959.000 0.256
960.000 0.256
961.000 0.258
962.000 0.259
963.000 0.259
964.000 0.259
965.000 0.261
966.000 0.264
967.000 0.266
968.000 0.269
969.000 0.269
970.000 0.269
971.000 0.270
972.000 0.271
973.000 0.270
974.000 0.269
975.000 0.270
976.000 0.271
977.000 0.271
978.000 0.272
979.000 0.273
980.000 0.273
981.000 0.274
982.000 0.274
983.000 0.276
984.000 0.276
985.000 0.276
986.000 0.278
987.000 0.280
988.000 0.279
989.000 0.279
990.000 0.279
991.000 0.280
992.000 0.282
993.000 0.282
994.000 0.282
995.000 0.283
996.000 0.284
997.000 0.286
998.000 0.285
999.000 0.283
1000.000 0.284
1001.000 0.288
1002.000 0.288
1003.000 0.289
1004.000 0.288
1005.000 0.288
1006.000 0.288
1007.000 0.288
1008.000 0.288
1009.000 0.288
1010.000 0.288
1011.000 0.288
1012.000 0.289
1013.000 0.289
1014.000 0.291
1015.000 0.291
1016.000 0.291
1017.000 0.291
1018.000 0.291
1019.000 0.291
1020.000 0.291
1021.000 0.291
1022.000 0.292
1023.000 0.293
1024.000 0.292
1025.000 0.293
1026.000 0.293
1027.000 0.293
1028.000 0.294
1029.000 0.294
1030.000 0.294
1031.000 0.294
1032.000 0.294
1033.000 0.294
1034.000 0.295
1035.000 0.295
1036.000 0.295
1037.000 0.295
1038.000 0.295
1039.000 0.295
1040.000 0.295
1041.000 0.295
1042.000 0.295
1043.000 0.296
1044.000 0.296
1045.000 0.297
1046.000 0.297
1047.000 0.297
1048.000 0.297
1049.000 0.297
1050.000 0.297
1051.000 0.297
1052.000 0.297
1053.000 0.296
1054.000 0.296
1055.000 0.296
1056.000 0.296
1057.000 0.297
1058.000 0.298
1059.000 0.298
1060.000 0.298
1061.000 0.298
1062.000 0.299
1063.000 0.298
1064.000 0.298
1065.000 0.298
1066.000 0.298
1067.000 0.298
1068.000 0.299
1069.000 0.299
1070.000 0.299
1071.000 0.299
1072.000 0.299
1073.000 0.299
1074.000 0.298
1075.000 0.298
1076.000 0.298
1077.000 0.298
1078.000 0.298
1079.000 0.297
1080.000 0.297
1081.000 0.297
1082.000 0.298
1083.000 0.298
1084.000 0.299
1085.000 0.298
1086.000 0.297
1087.000 0.297
1088.000 0.297
1089.000 0.296
1090.000 0.295
1091.000 0.295
1092.000 0.294
1093.000 0.294
1094.000 0.294
1095.000 0.294
1096.000 0.293
1097.000 0.292
1098.000 0.291
1099.000 0.290
1100.000 0.289
1101.000 0.288
1102.000 0.287
1103.000 0.286
1104.000 0.284
1105.000 0.285
1106.000 0.284
1107.000 0.283
1108.000 0.283
1109.000 0.281
1110.000 0.280
1111.000 0.278
1112.000 0.277
1113.000 0.276
1114.000 0.275
1115.000 0.274
1116.000 0.272
1117.000 0.270
1118.000 0.267
1119.000 0.265
1120.000 0.262
1121.000 0.259
1122.000 0.257
1123.000 0.256
1124.000 0.258
1125.000 0.259
1126.000 0.260
1127.000 0.260
1128.000 0.258
1129.000 0.256
1130.000 0.255
1131.000 0.255
1132.000 0.256
1133.000 0.258
1134.000 0.260
1135.000 0.261
1136.000 0.262
1137.000 0.261
1138.000 0.261
1139.000 0.262
1140.000 0.261
1141.000 0.260
1142.000 0.259
1143.000 0.259
1144.000 0.259
1145.000 0.259
1146.000 0.260
1147.000 0.260
1148.000 0.259
1149.000 0.260
1150.000 0.262
1151.000 0.262
1152.000 0.265
1153.000 0.267
1154.000 0.268
1155.000 0.268
1156.000 0.268
1157.000 0.269
1158.000 0.270
1159.000 0.271
1160.000 0.273
1161.000 0.275
1162.000 0.276
1163.000 0.276
1164.000 0.276
1165.000 0.276
1166.000 0.276
1167.000 0.276
1168.000 0.276
1169.000 0.277
1170.000 0.278
1171.000 0.279
1172.000 0.280
1173.000 0.281
1174.000 0.281
1175.000 0.280
1176.000 0.281
1177.000 0.281
1178.000 0.281
1179.000 0.281
1180.000 0.281
1181.000 0.281
1182.000 0.281
1183.000 0.281
1184.000 0.281
1185.000 0.281
1186.000 0.282
1187.000 0.281
1188.000 0.280
1189.000 0.281
1190.000 0.281
1191.000 0.282
1192.000 0.283
1193.000 0.284
1194.000 0.283
1195.000 0.283
1196.000 0.283
1197.000 0.282
1198.000 0.283
1199.000 0.284
1200.000 0.284
1201.000 0.284
1202.000 0.284
1203.000 0.285
1204.000 0.285
1205.000 0.286
1206.000 0.285
1207.000 0.286
1208.000 0.286
1209.000 0.287
1210.000 0.287
1211.000 0.287
1212.000 0.287
1213.000 0.287
1214.000 0.287
1215.000 0.287
1216.000 0.288
1217.000 0.289
1218.000 0.289
1219.000 0.289
1220.000 0.290
1221.000 0.290
1222.000 0.290
1223.000 0.291
1224.000 0.292
1225.000 0.292
1226.000 0.292
1227.000 0.292
1228.000 0.292
1229.000 0.293
1230.000 0.293
1231.000 0.293
1232.000 0.294
1233.000 0.294
1234.000 0.295
1235.000 0.296
1236.000 0.296
1237.000 0.296
1238.000 0.296
1239.000 0.296
1240.000 0.296
1241.000 0.297
1242.000 0.296
1243.000 0.296
1244.000 0.296
1245.000 0.297
1246.000 0.297
1247.000 0.297
1248.000 0.297
1249.000 0.297
1250.000 0.297
1251.000 0.297
1252.000 0.297
1253.000 0.297
1254.000 0.297
1255.000 0.296
1256.000 0.296
1257.000 0.296
1258.000 0.297
1259.000 0.297
1260.000 0.296
1261.000 0.295
1262.000 0.295
1263.000 0.294
1264.000 0.295
1265.000 0.295
1266.000 0.295
1267.000 0.295
1268.000 0.296
1269.000 0.296
1270.000 0.297
1271.000 0.297
1272.000 0.297
1273.000 0.297
1274.000 0.297
1275.000 0.298
1276.000 0.298
1277.000 0.299
1278.000 0.300
1279.000 0.300
1280.000 0.300
1281.000 0.300
1282.000 0.299
1283.000 0.299
1284.000 0.300
1285.000 0.300
1286.000 0.299
1287.000 0.299
1288.000 0.299
1289.000 0.299
1290.000 0.299
1291.000 0.298
1292.000 0.298
1293.000 0.298
1294.000 0.297
1295.000 0.297
1296.000 0.296
1297.000 0.296
1298.000 0.295
1299.000 0.295
1300.000 0.295
1301.000 0.295
1302.000 0.294
1303.000 0.293
1304.000 0.292
1305.000 0.292
1306.000 0.291
1307.000 0.291
1308.000 0.290
1309.000 0.290
1310.000 0.289
1311.000 0.287
1312.000 0.287
1313.000 0.286
1314.000 0.285
1315.000 0.285
1316.000 0.285
1317.000 0.284
1318.000 0.284
1319.000 0.282
1320.000 0.281
1321.000 0.280
1322.000 0.280
1323.000 0.279
1324.000 0.278
1325.000 0.277
1326.000 0.275
1327.000 0.275
1328.000 0.275
1329.000 0.273
1330.000 0.272
1331.000 0.270
1332.000 0.268
1333.000 0.266
1334.000 0.265
1335.000 0.264
1336.000 0.264
1337.000 0.263
1338.000 0.262
1339.000 0.261
1340.000 0.260
1341.000 0.258
1342.000 0.256
1343.000 0.255
1344.000 0.253
1345.000 0.252
1346.000 0.254
1347.000 0.255
1348.000 0.253
1349.000 0.247
1350.000 0.244
1351.000 0.235
1352.000 0.234
1353.000 0.230
1354.000 0.239
1355.000 0.278
1356.000 0.305
1357.000 0.455
1358.000 0.584
1359.000 0.424
1360.000 0.449
1361.000 0.375
1362.000 0.355
1363.000 0.333
1364.000 0.580
1365.000 0.339
1366.000 0.268
1367.000 0.258
1368.000 0.221
1369.000 0.165
1370.000 0.150
1371.000 0.180
1372.000 0.209
1373.000 0.215
1374.000 0.239
1375.000 0.255
1376.000 0.356
1377.000 0.422
1378.000 0.393
1379.000 0.376
1380.000 0.363
1381.000 0.466
1382.000 0.501
1383.000 0.578
1384.000 0.643
1385.000 0.273
1386.000 0.485
1387.000 0.716
1388.000 0.272
1389.000 0.328
1390.000 0.296
1391.000 0.427
1392.000 0.554
1393.000 0.515
1394.000 0.480
1395.000 0.448
1396.000 0.422
1397.000 0.309
1398.000 0.314
1399.000 0.275
1400.000 0.209
1401.000 0.186
1402.000 0.259
1403.000 0.238
1404.000 0.199
1405.000 0.203
1406.000 0.187
1407.000 0.284
1408.000 0.313
1409.000 0.395
1410.000 0.305
1411.000 0.369
1412.000 0.359
1413.000 0.305
1414.000 0.339
1415.000 0.109
1416.000 0.076
1417.000 0.076
1418.000 0.140
1419.000 0.425
1420.000 0.403
1421.000 0.405
1422.000 0.378
1423.000 0.373
1424.000 0.406
1425.000 0.435
1426.000 0.432
1427.000 0.378
1428.000 0.351
1429.000 0.339
1430.000 0.280
1431.000 0.370
1432.000 0.325
1433.000 0.365
1434.000 0.346
1435.000 0.291
1436.000 0.274
1437.000 0.218
1438.000 0.196
1439.000 0.174
1440.000 0.167
1441.000 0.215
1442.000 0.222
1443.000 0.203
1444.000 0.195
1445.000 0.188
1446.000 0.177
1447.000 0.177
1448.000 0.171
1449.000 0.157
1450.000 0.162
1451.000 0.158
1452.000 0.152
1453.000 0.156
1454.000 0.149
1455.000 0.150
1456.000 0.161
1457.000 0.156
1458.000 0.141
1459.000 0.137
1460.000 0.133
1461.000 0.138
1462.000 0.159
1463.000 0.164
1464.000 0.169
1465.000 0.170
1466.000 0.153
1467.000 0.146
1468.000 0.143
1469.000 0.141
1470.000 0.140
1471.000 0.161
1472.000 0.154
1473.000 0.160
1474.000 0.170
1475.000 0.172
1476.000 0.162
1477.000 0.158
1478.000 0.158
1479.000 0.157
1480.000 0.154
1481.000 0.154
1482.000 0.150
1483.000 0.152
1484.000 0.158
1485.000 0.161
1486.000 0.163
1487.000 0.165
1488.000 0.166
1489.000 0.165
1490.000 0.167
1491.000 0.167
1492.000 0.161
1493.000 0.160
1494.000 0.164
1495.000 0.166
1496.000 0.172
1497.000 0.174
1498.000 0.173
1499.000 0.170
1500.000 0.171
1501.000 0.172
1502.000 0.175
1503.000 0.180
1504.000 0.179
1505.000 0.181
1506.000 0.180
1507.000 0.176
1508.000 0.175
1509.000 0.176
1510.000 0.177
1511.000 0.179
1512.000 0.179
1513.000 0.179
1514.000 0.178
1515.000 0.176
1516.000 0.177
1517.000 0.178
1518.000 0.180
1519.000 0.186
1520.000 0.189
1521.000 0.191
1522.000 0.193
1523.000 0.193
1524.000 0.194
1525.000 0.196
1526.000 0.197
1527.000 0.197
1528.000 0.197
1529.000 0.194
1530.000 0.194
1531.000 0.196
1532.000 0.197
1533.000 0.199
1534.000 0.199
1535.000 0.200
1536.000 0.200
1537.000 0.198
1538.000 0.198
1539.000 0.199
1540.000 0.199
1541.000 0.202
1542.000 0.204
1543.000 0.205
1544.000 0.206
1545.000 0.208
1546.000 0.209
1547.000 0.209
1548.000 0.209
1549.000 0.211
1550.000 0.211
1551.000 0.212
1552.000 0.213
1553.000 0.212
1554.000 0.212
1555.000 0.212
1556.000 0.213
1557.000 0.214
1558.000 0.214
1559.000 0.214
1560.000 0.215
1561.000 0.215
1562.000 0.215
1563.000 0.213
1564.000 0.213
1565.000 0.210
1566.000 0.210
1567.000 0.212
1568.000 0.214
1569.000 0.216
1570.000 0.217
1571.000 0.216
1572.000 0.216
1573.000 0.218
1574.000 0.219
1575.000 0.221
1576.000 0.222
1577.000 0.222
1578.000 0.222
1579.000 0.223
1580.000 0.224
1581.000 0.223
1582.000 0.224
1583.000 0.225
1584.000 0.226
1585.000 0.228
1586.000 0.229
1587.000 0.230
1588.000 0.230
1589.000 0.230
1590.000 0.229
1591.000 0.227
1592.000 0.227
1593.000 0.226
1594.000 0.227
1595.000 0.227
1596.000 0.229
1597.000 0.230
1598.000 0.231
1599.000 0.231
1600.000 0.231
1601.000 0.231
1602.000 0.231
1603.000 0.233
1604.000 0.233
1605.000 0.234
1606.000 0.235
1607.000 0.235
1608.000 0.234
1609.000 0.234
1610.000 0.234
1611.000 0.234
1612.000 0.234
1613.000 0.235
1614.000 0.236
1615.000 0.237
1616.000 0.238
1617.000 0.237
1618.000 0.237
1619.000 0.238
1620.000 0.238
1621.000 0.239
1622.000 0.240
1623.000 0.241
1624.000 0.241
1625.000 0.243
1626.000 0.243
1627.000 0.245
1628.000 0.245
1629.000 0.245
1630.000 0.245
1631.000 0.245
1632.000 0.244
1633.000 0.244
1634.000 0.243
1635.000 0.241
1636.000 0.240
1637.000 0.239
1638.000 0.238
1639.000 0.240
1640.000 0.241
1641.000 0.240
1642.000 0.241
1643.000 0.241
1644.000 0.241
1645.000 0.241
1646.000 0.242
1647.000 0.241
1648.000 0.241
1649.000 0.242
1650.000 0.242
1651.000 0.244
1652.000 0.243
1653.000 0.241
1654.000 0.240
1655.000 0.238
1656.000 0.237
1657.000 0.238
1658.000 0.238
1659.000 0.237
1660.000 0.237
1661.000 0.237
1662.000 0.237
1663.000 0.237
1664.000 0.237
1665.000 0.236
1666.000 0.237
1667.000 0.237
1668.000 0.239
1669.000 0.241
1670.000 0.243
1671.000 0.243
1672.000 0.244
1673.000 0.244
1674.000 0.244
1675.000 0.242
1676.000 0.243
1677.000 0.244
1678.000 0.244
1679.000 0.245
1680.000 0.245
1681.000 0.243
1682.000 0.243
1683.000 0.243
1684.000 0.243
1685.000 0.243
1686.000 0.244
1687.000 0.245
1688.000 0.246
1689.000 0.247
1690.000 0.246
1691.000 0.243
1692.000 0.243
1693.000 0.243
1694.000 0.243
1695.000 0.243
1696.000 0.244
1697.000 0.246
1698.000 0.245
1699.000 0.243
1700.000 0.242
1701.000 0.241
1702.000 0.240
1703.000 0.242
1704.000 0.242
1705.000 0.242
1706.000 0.242
1707.000 0.240
1708.000 0.240
1709.000 0.240
1710.000 0.241
1711.000 0.242
1712.000 0.242
1713.000 0.240
1714.000 0.240
1715.000 0.240
1716.000 0.240
1717.000 0.239
1718.000 0.238
1719.000 0.237
1720.000 0.237
1721.000 0.238
1722.000 0.239
1723.000 0.241
1724.000 0.242
1725.000 0.241
1726.000 0.241
1727.000 0.242
1728.000 0.242
1729.000 0.241
1730.000 0.240
1731.000 0.238
1732.000 0.235
1733.000 0.235
1734.000 0.233
1735.000 0.230
1736.000 0.229
1737.000 0.229
1738.000 0.233
1739.000 0.235
1740.000 0.239
1741.000 0.239
1742.000 0.236
1743.000 0.235
1744.000 0.235
1745.000 0.235
1746.000 0.235
1747.000 0.235
1748.000 0.231
1749.000 0.230
1750.000 0.231
1751.000 0.232
1752.000 0.234
1753.000 0.238
1754.000 0.243
1755.000 0.242
1756.000 0.239
1757.000 0.237
1758.000 0.232
1759.000 0.232
1760.000 0.229
1761.000 0.225
1762.000 0.223
1763.000 0.224
1764.000 0.230
1765.000 0.234
1766.000 0.237
1767.000 0.235
1768.000 0.227
1769.000 0.224
1770.000 0.220
1771.000 0.216
1772.000 0.220
1773.000 0.221
1774.000 0.221
1775.000 0.222
1776.000 0.219
1777.000 0.213
1778.000 0.213
1779.000 0.208
1780.000 0.201
1781.000 0.205
1782.000 0.205
1783.000 0.206
1784.000 0.215
1785.000 0.218
1786.000 0.219
1787.000 0.224
1788.000 0.225
1789.000 0.216
1790.000 0.217
1791.000 0.225
1792.000 0.232
1793.000 0.249
1794.000 0.262
1795.000 0.275
1796.000 0.274
1797.000 0.249
1798.000 0.227
1799.000 0.195
1800.000 0.184
1801.000 0.336
1802.000 0.339
1803.000 0.339
1804.000 0.365
1805.000 0.369
1806.000 0.332
1807.000 0.344
1808.000 0.394
1809.000 0.429
1810.000 0.514
1811.000 0.564
1812.000 0.519
1813.000 0.519
1814.000 0.519
1815.000 0.455
1816.000 0.417
1817.000 0.500
1818.000 0.515
1819.000 0.420
1820.000 0.351
1821.000 0.423
1822.000 0.549
1823.000 0.714
1824.000 0.717
1825.000 0.722
1826.000 0.751
1827.000 0.751
1828.000 0.714
1829.000 0.717
1830.000 0.689
1831.000 0.748
1832.000 0.819
1833.000 0.820
1834.000 0.814
1835.000 0.813
1836.000 0.817
1837.000 0.836
1838.000 0.835
1839.000 0.614
1840.000 0.518
1841.000 0.486
1842.000 0.539
1843.000 0.637
1844.000 0.737
1845.000 0.818
1846.000 0.623
1847.000 0.611
1848.000 0.564
1849.000 0.547
1850.000 0.522
1851.000 0.467
1852.000 0.445
1853.000 0.437
1854.000 0.413
1855.000 0.395
1856.000 0.372
1857.000 0.396
1858.000 0.368
1859.000 0.365
1860.000 0.332
1861.000 0.316
1862.000 0.278
1863.000 0.230
1864.000 0.192
1865.000 0.174
1866.000 0.169
1867.000 0.139
1868.000 0.134
1869.000 0.129
1870.000 0.198
1871.000 0.299
1872.000 0.388
1873.000 0.479
1874.000 0.563
1875.000 0.640
1876.000 0.700
1877.000 0.694
1878.000 0.442
1879.000 0.197
1880.000 0.239
1881.000 0.295
1882.000 0.384
1883.000 0.504
1884.000 0.511
1885.000 0.606
1886.000 0.664
1887.000 0.713
1888.000 0.767
1889.000 0.658
1890.000 0.586
1891.000 0.464
1892.000 0.461
1893.000 0.484
1894.000 0.581
1895.000 0.441
1896.000 0.471
1897.000 0.259
1898.000 0.468
1899.000 0.650
1900.000 0.586
1901.000 0.467
1902.000 0.507
1903.000 0.471
1904.000 0.525
1905.000 0.564
1906.000 0.584
1907.000 0.594
1908.000 0.593
1909.000 0.608
1910.000 0.591
1911.000 0.567
1912.000 0.582
1913.000 0.621
1914.000 0.637
1915.000 0.677
1916.000 0.651
1917.000 0.701
1918.000 0.708
1919.000 0.700
1920.000 0.693
1921.000 0.697
1922.000 0.701
1923.000 0.702
1924.000 0.691
1925.000 0.696
1926.000 0.694
1927.000 0.697
1928.000 0.698
1929.000 0.690
1930.000 0.663
1931.000 0.657
1932.000 0.724
1933.000 0.550
1934.000 0.451
1935.000 0.522
1936.000 0.476
1937.000 0.479
1938.000 0.411
1939.000 0.416
1940.000 0.548
1941.000 0.604
1942.000 0.493
1943.000 0.447
1944.000 0.406
1945.000 0.373
1946.000 0.613
1947.000 0.623
1948.000 0.652
1949.000 0.570
1950.000 0.685
1951.000 0.684
1952.000 0.497
1953.000 0.543
1954.000 0.502
1955.000 0.570
1956.000 0.458
1957.000 0.338
1958.000 0.204
1959.000 0.140
1960.000 0.280
1961.000 0.389
1962.000 0.520
1963.000 0.685
1964.000 0.696
1965.000 0.666
1966.000 0.590
1967.000 0.446
1968.000 0.349
1969.000 0.318
1970.000 0.280
1971.000 0.261
1972.000 0.237
1973.000 0.232
1974.000 0.257
1975.000 0.266
1976.000 0.291
1977.000 0.297
1978.000 0.307
1979.000 0.263
1980.000 0.230
1981.000 0.209
1982.000 0.182
1983.000 0.173
1984.000 0.170
1985.000 0.165
1986.000 0.162
1987.000 0.195
1988.000 0.204
1989.000 0.199
1990.000 0.211
1991.000 0.240
1992.000 0.229
1993.000 0.239
1994.000 0.242
1995.000 0.215
1996.000 0.229
1997.000 0.231
1998.000 0.226
1999.000 0.213
2000.000 0.175
2001.000 0.162
2002.000 0.163
2003.000 0.178
2004.000 0.200
2005.000 0.232
2006.000 0.294
2007.000 0.325
2008.000 0.330
2009.000 0.448
2010.000 0.467
2011.000 0.488
2012.000 0.397
2013.000 0.354
2014.000 0.337
2015.000 0.294
2016.000 0.273
2017.000 0.271
2018.000 0.265
2019.000 0.260
2020.000 0.252
2021.000 0.259
2022.000 0.262
2023.000 0.252
2024.000 0.262
2025.000 0.258
2026.000 0.237
2027.000 0.221
2028.000 0.206
2029.000 0.191
2030.000 0.170
2031.000 0.165
2032.000 0.176
2033.000 0.172
2034.000 0.170
2035.000 0.174
2036.000 0.167
2037.000 0.153
2038.000 0.159
2039.000 0.162
2040.000 0.171
2041.000 0.183
2042.000 0.179
2043.000 0.161
2044.000 0.158
2045.000 0.159
2046.000 0.157
2047.000 0.158
2048.000 0.157
2049.000 0.150
2050.000 0.137
2051.000 0.148
2052.000 0.157
2053.000 0.157
2054.000 0.167
2055.000 0.176
2056.000 0.185
2057.000 0.195
2058.000 0.218
2059.000 0.226
2060.000 0.215
2061.000 0.212
2062.000 0.210
2063.000 0.213
2064.000 0.205
2065.000 0.207
2066.000 0.232
2067.000 0.225
2068.000 0.207
2069.000 0.195
2070.000 0.190
2071.000 0.190
2072.000 0.195
2073.000 0.187
2074.000 0.192
2075.000 0.203
2076.000 0.204
2077.000 0.205
2078.000 0.197
2079.000 0.173
2080.000 0.165
2081.000 0.153
2082.000 0.161
2083.000 0.174
2084.000 0.189
2085.000 0.204
2086.000 0.210
2087.000 0.202
2088.000 0.201
2089.000 0.200
2090.000 0.201
2091.000 0.200
2092.000 0.186
2093.000 0.180
2094.000 0.167
2095.000 0.162
2096.000 0.169
2097.000 0.173
2098.000 0.172
2099.000 0.176
2100.000 0.188
2101.000 0.186
2102.000 0.188
2103.000 0.188
2104.000 0.189
2105.000 0.189
2106.000 0.190
2107.000 0.194
2108.000 0.196
2109.000 0.202
2110.000 0.205
2111.000 0.206
2112.000 0.202
2113.000 0.191
2114.000 0.187
2115.000 0.181
2116.000 0.178
2117.000 0.177
2118.000 0.182
2119.000 0.187
2120.000 0.188
2121.000 0.186
2122.000 0.185
2123.000 0.182
2124.000 0.174
2125.000 0.173
2126.000 0.175
2127.000 0.176
2128.000 0.183
2129.000 0.179
2130.000 0.173
2131.000 0.170
2132.000 0.159
2133.000 0.157
2134.000 0.174
2135.000 0.179
2136.000 0.182
2137.000 0.185
2138.000 0.177
2139.000 0.169
2140.000 0.179
2141.000 0.196
2142.000 0.204
2143.000 0.216
2144.000 0.215
2145.000 0.200
2146.000 0.197
2147.000 0.193
2148.000 0.195
2149.000 0.212
2150.000 0.216
2151.000 0.211
2152.000 0.211
2153.000 0.209
2154.000 0.207
2155.000 0.200
2156.000 0.202
2157.000 0.199
2158.000 0.198
2159.000 0.204
2160.000 0.206
2161.000 0.205
2162.000 0.198
2163.000 0.194
2164.000 0.186
2165.000 0.179
2166.000 0.175
2167.000 0.177
2168.000 0.179
2169.000 0.183
2170.000 0.187
2171.000 0.193
2172.000 0.202
2173.000 0.207
2174.000 0.206
2175.000 0.203
2176.000 0.192
2177.000 0.187
2178.000 0.190
2179.000 0.181
2180.000 0.185
2181.000 0.195
2182.000 0.197
2183.000 0.197
2184.000 0.197
2185.000 0.196
2186.000 0.194
2187.000 0.193
2188.000 0.190
2189.000 0.185
2190.000 0.183
2191.000 0.177
2192.000 0.176
2193.000 0.179
2194.000 0.182
2195.000 0.182
2196.000 0.185
2197.000 0.196
2198.000 0.199
2199.000 0.195
2200.000 0.196
2201.000 0.193
2202.000 0.189
2203.000 0.186
2204.000 0.192
2205.000 0.200
2206.000 0.200
2207.000 0.199
2208.000 0.190
2209.000 0.187
2210.000 0.176
2211.000 0.182
2212.000 0.205
2213.000 0.213
2214.000 0.222
2215.000 0.225
2216.000 0.223
2217.000 0.219
2218.000 0.215
2219.000 0.213
2220.000 0.203
2221.000 0.196
2222.000 0.200
2223.000 0.196
2224.000 0.186
2225.000 0.184
2226.000 0.180
2227.000 0.186
2228.000 0.193
2229.000 0.194
2230.000 0.188
2231.000 0.184
2232.000 0.189
2233.000 0.207
2234.000 0.213
2235.000 0.208
2236.000 0.202
2237.000 0.190
2238.000 0.184
2239.000 0.177
2240.000 0.175
2241.000 0.175
2242.000 0.178
2243.000 0.193
2244.000 0.199
2245.000 0.202
2246.000 0.207
2247.000 0.204
2248.000 0.211
2249.000 0.221
2250.000 0.221
2251.000 0.216
2252.000 0.210
2253.000 0.195
2254.000 0.185
2255.000 0.172
2256.000 0.166
2257.000 0.163
2258.000 0.162
2259.000 0.167
2260.000 0.168
2261.000 0.176
2262.000 0.182
2263.000 0.183
2264.000 0.178
2265.000 0.167
2266.000 0.155
2267.000 0.148
2268.000 0.169
2269.000 0.167
2270.000 0.178
2271.000 0.174
2272.000 0.184
2273.000 0.195
2274.000 0.203
2275.000 0.211
2276.000 0.218
2277.000 0.213
2278.000 0.206
2279.000 0.208
2280.000 0.207
2281.000 0.209
2282.000 0.238
2283.000 0.225
2284.000 0.206
2285.000 0.195
2286.000 0.161
2287.000 0.145
2288.000 0.170
2289.000 0.161
2290.000 0.120
2291.000 0.123
2292.000 0.149
2293.000 0.157
2294.000 0.177
2295.000 0.194
2296.000 0.200
2297.000 0.204
2298.000 0.204
2299.000 0.206
2300.000 0.188
2301.000 0.163
2302.000 0.153
2303.000 0.154
2304.000 0.180
2305.000 0.208
2306.000 0.188
2307.000 0.169
2308.000 0.154
2309.000 0.167
2310.000 0.176
2311.000 0.204
2312.000 0.202
2313.000 0.202
2314.000 0.146
2315.000 0.130
2316.000 0.105
2317.000 0.139
2318.000 0.185
2319.000 0.156
2320.000 0.191
2321.000 0.219
2322.000 0.201
2323.000 0.196
2324.000 0.154
2325.000 0.139
2326.000 0.127
2327.000 0.149
2328.000 0.177
2329.000 0.260
2330.000 0.287
2331.000 0.298
2332.000 0.301
2333.000 0.259
2334.000 0.224
2335.000 0.204
2336.000 0.172
2337.000 0.165
2338.000 0.162
2339.000 0.235
2340.000 0.341
2341.000 0.341
2342.000 0.277
2343.000 0.219
2344.000 0.200
2345.000 0.195
2346.000 0.145
2347.000 0.139
2348.000 0.161
2349.000 0.214
2350.000 0.196
2351.000 0.214
2352.000 0.213
2353.000 0.176
2354.000 0.183
2355.000 0.164
2356.000 0.186
2357.000 0.169
2358.000 0.166
2359.000 0.175
2360.000 0.276
2361.000 0.558
2362.000 0.405
2363.000 0.409
2364.000 0.283
2365.000 0.143
2366.000 0.319
2367.000 0.252
2368.000 0.284
2369.000 0.215
2370.000 0.455
2371.000 0.680
2372.000 0.613
2373.000 0.606
2374.000 0.544
2375.000 0.404
2376.000 0.228
2377.000 0.278
2378.000 0.222
2379.000 0.157
2380.000 0.224
2381.000 0.283
2382.000 0.283
2383.000 0.649
2384.000 0.376
2385.000 0.531
2386.000 0.353
2387.000 0.277
2388.000 0.171
2389.000 0.129
2390.000 0.236
2391.000 0.212
2392.000 0.143
2393.000 0.091
2394.000 0.182
2395.000 0.147
2396.000 0.165
2397.000 0.135
2398.000 0.220
2399.000 0.238
2400.000 0.276
2401.000 0.392
2402.000 0.465
2403.000 0.437
2404.000 0.420
2405.000 0.481
2406.000 0.524
2407.000 0.637
2408.000 0.575
2409.000 0.270
2410.000 0.395
2411.000 0.249
2412.000 0.230
2413.000 0.151
2414.000 0.116
2415.000 0.240
2416.000 0.383
2417.000 0.332
2418.000 0.454
2419.000 0.337
2420.000 0.549
2421.000 0.503
2422.000 0.296
2423.000 0.572
2424.000 0.562
2425.000 0.654
2426.000 0.538
2427.000 0.167
2428.000 0.311
2429.000 0.348
2430.000 0.395
2431.000 0.445
2432.000 0.156
2433.000 0.348
2434.000 0.473
2435.000 0.512
2436.000 0.328
2437.000 0.290
2438.000 0.237
2439.000 0.375
2440.000 0.353
2441.000 0.501
2442.000 0.286
2443.000 0.282
2444.000 0.233
2445.000 0.444
2446.000 0.645
2447.000 0.254
2448.000 0.760
2449.000 0.455
2450.000 0.666
2451.000 0.543
2452.000 0.432
2453.000 0.496
2454.000 0.625
2455.000 0.338
2456.000 0.094
2457.000 0.207
2458.000 0.325
2459.000 0.389
2460.000 0.526
2461.000 0.697
2462.000 0.614
2463.000 0.597
2464.000 0.546
2465.000 0.373
2466.000 0.279
2467.000 0.119
2468.000 0.695
2469.000 0.346
2470.000 0.387
2471.000 0.319
2472.000 0.208
2473.000 0.190
2474.000 0.199
2475.000 0.419
2476.000 0.384
2477.000 0.305
2478.000 0.374
2479.000 0.383
2480.000 0.301
2481.000 0.225
2482.000 0.462
2483.000 0.377
2484.000 0.521
2485.000 0.117
2486.000 0.459
2487.000 0.495
2488.000 0.439
2489.000 0.701
2490.000 0.753
2491.000 0.448
2492.000 0.374
2493.000 0.409
2494.000 0.427
2495.000 0.400
2496.000 0.718
2497.000 0.369
2498.000 0.360
2499.000 0.582
2500.000 0.527
