391.000 0.051
392.000 0.037
393.000 0.027
394.000 0.042
395.000 0.045
396.000 0.045
397.000 0.049
398.000 0.048
399.000 0.050
400.000 0.051
401.000 0.049
402.000 0.047
403.000 0.045
404.000 0.045
405.000 0.045
406.000 0.050
407.000 0.053
408.000 0.050
409.000 0.043
410.000 0.043
411.000 0.046
412.000 0.049
413.000 0.049
414.000 0.049
415.000 0.051
416.000 0.055
417.000 0.053
418.000 0.049
419.000 0.047
420.000 0.048
421.000 0.051
422.000 0.051
423.000 0.049
424.000 0.049
425.000 0.049
426.000 0.049
427.000 0.050
428.000 0.052
429.000 0.051
430.000 0.050
431.000 0.053
432.000 0.050
433.000 0.049
434.000 0.052
435.000 0.050
436.000 0.051
437.000 0.053
438.000 0.053
439.000 0.054
440.000 0.054
441.000 0.051
442.000 0.050
443.000 0.052
444.000 0.054
445.000 0.054
446.000 0.055
447.000 0.054
448.000 0.054
449.000 0.054
450.000 0.053
451.000 0.053
452.000 0.055
453.000 0.056
454.000 0.058
455.000 0.059
456.000 0.058
457.000 0.058
458.000 0.057
459.000 0.056
460.000 0.057
461.000 0.057
462.000 0.056
463.000 0.056
464.000 0.060
465.000 0.059
466.000 0.058
467.000 0.059
468.000 0.057
469.000 0.058
470.000 0.060
471.000 0.060
472.000 0.059
473.000 0.059
474.000 0.060
475.000 0.058
476.000 0.059
477.000 0.059
478.000 0.060
479.000 0.061
480.000 0.060
481.000 0.060
482.000 0.059
483.000 0.062
484.000 0.063
485.000 0.062
486.000 0.061
487.000 0.060
488.000 0.060
489.000 0.062
490.000 0.062
491.000 0.063
492.000 0.065
493.000 0.063
494.000 0.063
495.000 0.064
496.000 0.063
497.000 0.064
498.000 0.065
499.000 0.065
500.000 0.067
501.000 0.066
502.000 0.065
503.000 0.064
504.000 0.065
505.000 0.065
506.000 0.065
507.000 0.065
508.000 0.069
509.000 0.070
510.000 0.070
511.000 0.071
512.000 0.070
513.000 0.072
514.000 0.074
515.000 0.074
516.000 0.074
517.000 0.075
518.000 0.078
519.000 0.077
520.000 0.077
521.000 0.079
522.000 0.082
523.000 0.083
524.000 0.083
525.000 0.085
526.000 0.086
527.000 0.087
528.000 0.088
529.000 0.090
530.000 0.092
531.000 0.092
532.000 0.092
533.000 0.094
534.000 0.096
535.000 0.097
536.000 0.098
537.000 0.098
538.000 0.097
539.000 0.098
540.000 0.099
541.000 0.099
542.000 0.100
543.000 0.100
544.000 0.100
545.000 0.100
546.000 0.100
547.000 0.100
548.000 0.101
549.000 0.101
550.000 0.101
551.000 0.102
552.000 0.102
553.000 0.102
554.000 0.102
555.000 0.102
556.000 0.103
557.000 0.102
558.000 0.102
559.000 0.101
560.000 0.101
561.000 0.101
562.000 0.101
563.000 0.100
564.000 0.099
565.000 0.098
566.000 0.097
567.000 0.097
568.000 0.096
569.000 0.095
570.000 0.095
571.000 0.095
572.000 0.095
573.000 0.095
574.000 0.095
575.000 0.094
576.000 0.093
577.000 0.093
578.000 0.092
579.000 0.092
580.000 0.092
581.000 0.091
582.000 0.092
583.000 0.093
584.000 0.093
585.000 0.092
586.000 0.092
587.000 0.091
588.000 0.091
589.000 0.090
590.000 0.089
591.000 0.090
592.000 0.091
593.000 0.091
594.000 0.091
595.000 0.090
596.000 0.090
597.000 0.091
598.000 0.094
599.000 0.092
600.000 0.091
601.000 0.091
602.000 0.091
603.000 0.093
604.000 0.094
605.000 0.093
606.000 0.094
607.000 0.093
608.000 0.092
609.000 0.093
610.000 0.093
611.000 0.092
612.000 0.092
613.000 0.092
614.000 0.093
615.000 0.093
616.000 0.093
617.000 0.094
618.000 0.095
619.000 0.095
620.000 0.095
621.000 0.093
622.000 0.094
623.000 0.097
624.000 0.097
625.000 0.096
626.000 0.097
627.000 0.098
628.000 0.098
629.000 0.098
630.000 0.099
631.000 0.098
632.000 0.099
633.000 0.100
634.000 0.100
635.000 0.100
636.000 0.100
637.000 0.100
638.000 0.100
639.000 0.101
640.000 0.103
641.000 0.101
642.000 0.102
643.000 0.103
644.000 0.103
645.000 0.102
646.000 0.103
647.000 0.104
648.000 0.107
649.000 0.108
650.000 0.107
651.000 0.107
652.000 0.105
653.000 0.107
654.000 0.108
655.000 0.107
656.000 0.108
657.000 0.110
658.000 0.111
659.000 0.111
660.000 0.111
661.000 0.112
662.000 0.115
663.000 0.116
664.000 0.116
665.000 0.116
666.000 0.118
667.000 0.118
668.000 0.119
669.000 0.121
670.000 0.123
671.000 0.122
672.000 0.121
673.000 0.124
674.000 0.125
675.000 0.125
676.000 0.126
677.000 0.128
678.000 0.129
679.000 0.130
680.000 0.130
681.000 0.126
682.000 0.126
683.000 0.129
684.000 0.132
685.000 0.131
686.000 0.131
687.000 0.132
688.000 0.130
689.000 0.131
690.000 0.130
691.000 0.127
692.000 0.129
693.000 0.129
694.000 0.129
695.000 0.130
696.000 0.130
697.000 0.132
698.000 0.134
699.000 0.137
700.000 0.140
701.000 0.144
702.000 0.147
703.000 0.152
704.000 0.156
705.000 0.161
706.000 0.165
707.000 0.169
708.000 0.174
709.000 0.179
710.000 0.184
711.000 0.189
712.000 0.194
713.000 0.200
714.000 0.205
715.000 0.210
716.000 0.215
717.000 0.220
718.000 0.226
719.000 0.231
720.000 0.237
721.000 0.243
722.000 0.249
723.000 0.254
724.000 0.259
725.000 0.265
726.000 0.270
727.000 0.275
728.000 0.281
729.000 0.286
730.000 0.291
731.000 0.297
732.000 0.302
733.000 0.307
734.000 0.312
735.000 0.316
736.000 0.321
737.000 0.325
738.000 0.328
739.000 0.332
740.000 0.336
741.000 0.339
742.000 0.343
743.000 0.346
744.000 0.348
745.000 0.351
746.000 0.353
747.000 0.355
748.000 0.358
749.000 0.360
750.000 0.361
751.000 0.363
752.000 0.364
753.000 0.366
754.000 0.367
755.000 0.368
756.000 0.370
757.000 0.371
758.000 0.371
759.000 0.370
760.000 0.368
761.000 0.365
762.000 0.365
763.000 0.365
764.000 0.367
765.000 0.370
766.000 0.372
767.000 0.375
768.000 0.377
769.000 0.378
770.000 0.379
771.000 0.380
772.000 0.380
773.000 0.381
774.000 0.382
775.000 0.382
776.000 0.382
777.000 0.383
778.000 0.383
779.000 0.383
780.000 0.384
781.000 0.385
782.000 0.385
783.000 0.385
784.000 0.385
785.000 0.385
786.000 0.386
787.000 0.385
788.000 0.385
789.000 0.386
790.000 0.386
791.000 0.386
792.000 0.387
793.000 0.387
794.000 0.388
795.000 0.388
796.000 0.388
797.000 0.388
798.000 0.388
799.000 0.389
800.000 0.389
801.000 0.390
802.000 0.390
803.000 0.390
804.000 0.390
805.000 0.392
806.000 0.392
807.000 0.392
808.000 0.393
809.000 0.392
810.000 0.392
811.000 0.392
812.000 0.391
813.000 0.390
814.000 0.390
815.000 0.389
816.000 0.388
817.000 0.389
818.000 0.389
819.000 0.390
820.000 0.392
821.000 0.392
822.000 0.392
823.000 0.392
824.000 0.393
825.000 0.394
826.000 0.395
827.000 0.395
828.000 0.395
829.000 0.396
830.000 0.396
831.000 0.396
832.000 0.397
833.000 0.398
834.000 0.399
835.000 0.399
836.000 0.400
837.000 0.400
838.000 0.401
839.000 0.402
840.000 0.402
841.000 0.403
842.000 0.403
843.000 0.404
844.000 0.404
845.000 0.405
846.000 0.405
847.000 0.406
848.000 0.406
849.000 0.406
850.000 0.406
851.000 0.407
852.000 0.407
853.000 0.407
854.000 0.407
855.000 0.408
856.000 0.408
857.000 0.408
858.000 0.408
859.000 0.409
860.000 0.409
861.000 0.409
862.000 0.410
863.000 0.410
864.000 0.410
865.000 0.410
866.000 0.411
867.000 0.410
868.000 0.411
869.000 0.411
870.000 0.412
871.000 0.412
872.000 0.412
873.000 0.412
874.000 0.412
875.000 0.412
876.000 0.413
877.000 0.413
878.000 0.413
879.000 0.414
880.000 0.414
881.000 0.414
882.000 0.415
883.000 0.415
884.000 0.415
885.000 0.415
886.000 0.415
887.000 0.416
888.000 0.416
889.000 0.416
890.000 0.416
891.000 0.416
892.000 0.415
893.000 0.414
894.000 0.414
895.000 0.413
896.000 0.412
897.000 0.411
898.000 0.410
899.000 0.410
900.000 0.410
901.000 0.411
902.000 0.411
903.000 0.412
904.000 0.412
905.000 0.412
906.000 0.412
907.000 0.412
908.000 0.412
909.000 0.412
910.000 0.412
911.000 0.411
912.000 0.412
913.000 0.411
914.000 0.411
915.000 0.411
916.000 0.412
917.000 0.413
918.000 0.414
919.000 0.415
920.000 0.415
921.000 0.415
922.000 0.415
923.000 0.416
924.000 0.416
925.000 0.414
926.000 0.413
927.000 0.412
928.000 0.411
929.000 0.409
930.000 0.408
931.000 0.407
932.000 0.405
933.000 0.402
934.000 0.398
935.000 0.396
936.000 0.397
937.000 0.398
938.000 0.399
939.000 0.400
940.000 0.398
941.000 0.398
942.000 0.397
943.000 0.396
944.000 0.397
945.000 0.397
946.000 0.396
947.000 0.397
948.000 0.396
949.000 0.396
950.000 0.396
951.000 0.397
952.000 0.397
953.000 0.398
954.000 0.400
955.000 0.401
956.000 0.399
957.000 0.398
958.000 0.399
959.000 0.401
960.000 0.400
961.000 0.400
962.000 0.401
963.000 0.401
964.000 0.402
965.000 0.403
966.000 0.405
967.000 0.408
968.000 0.409
969.000 0.409
970.000 0.410
971.000 0.411
972.000 0.411
973.000 0.411
974.000 0.410
975.000 0.411
976.000 0.410
977.000 0.411
978.000 0.412
979.000 0.413
980.000 0.413
981.000 0.413
982.000 0.413
983.000 0.415
984.000 0.415
985.000 0.414
986.000 0.416
987.000 0.419
988.000 0.419
989.000 0.419
990.000 0.419
991.000 0.421
992.000 0.422
993.000 0.421
994.000 0.421
995.000 0.422
996.000 0.423
997.000 0.424
998.000 0.424
999.000 0.423
1000.000 0.424
1001.000 0.427
1002.000 0.428
1003.000 0.428
1004.000 0.428
1005.000 0.429
1006.000 0.429
1007.000 0.430
1008.000 0.431
1009.000 0.430
1010.000 0.429
1011.000 0.429
1012.000 0.429
1013.000 0.430
1014.000 0.432
1015.000 0.433
1016.000 0.433
1017.000 0.434
1018.000 0.433
1019.000 0.433
1020.000 0.434
1021.000 0.434
1022.000 0.436
1023.000 0.436
1024.000 0.437
1025.000 0.437
1026.000 0.437
1027.000 0.438
1028.000 0.438
1029.000 0.439
1030.000 0.438
1031.000 0.439
1032.000 0.439
1033.000 0.440
1034.000 0.440
1035.000 0.441
1036.000 0.442
1037.000 0.442
1038.000 0.441
1039.000 0.442
1040.000 0.442
1041.000 0.442
1042.000 0.442
1043.000 0.442
1044.000 0.443
1045.000 0.443
1046.000 0.443
1047.000 0.443
1048.000 0.443
1049.000 0.444
1050.000 0.445
1051.000 0.445
1052.000 0.445
1053.000 0.446
1054.000 0.446
1055.000 0.445
1056.000 0.445
1057.000 0.445
1058.000 0.445
1059.000 0.445
1060.000 0.445
1061.000 0.446
1062.000 0.446
1063.000 0.445
1064.000 0.445
1065.000 0.445
1066.000 0.446
1067.000 0.447
1068.000 0.448
1069.000 0.448
1070.000 0.448
1071.000 0.448
1072.000 0.448
1073.000 0.447
1074.000 0.447
1075.000 0.447
1076.000 0.447
1077.000 0.447
1078.000 0.447
1079.000 0.447
1080.000 0.447
1081.000 0.447
1082.000 0.447
1083.000 0.447
1084.000 0.448
1085.000 0.448
1086.000 0.447
1087.000 0.446
1088.000 0.446
1089.000 0.445
1090.000 0.445
1091.000 0.445
1092.000 0.444
1093.000 0.444
1094.000 0.444
1095.000 0.444
1096.000 0.444
1097.000 0.443
1098.000 0.442
1099.000 0.441
1100.000 0.440
1101.000 0.439
1102.000 0.438
1103.000 0.438
1104.000 0.437
1105.000 0.437
1106.000 0.436
1107.000 0.435
1108.000 0.434
1109.000 0.434
1110.000 0.433
1111.000 0.433
1112.000 0.433
1113.000 0.433
1114.000 0.432
1115.000 0.431
1116.000 0.429
1117.000 0.427
1118.000 0.425
1119.000 0.423
1120.000 0.422
1121.000 0.421
1122.000 0.421
1123.000 0.420
1124.000 0.420
1125.000 0.419
1126.000 0.418
1127.000 0.417
1128.000 0.416
1129.000 0.416
1130.000 0.415
1131.000 0.415
1132.000 0.415
1133.000 0.413
1134.000 0.414
1135.000 0.416
1136.000 0.415
1137.000 0.416
1138.000 0.416
1139.000 0.415
1140.000 0.414
1141.000 0.411
1142.000 0.411
1143.000 0.410
1144.000 0.410
1145.000 0.411
1146.000 0.411
1147.000 0.410
1148.000 0.409
1149.000 0.409
1150.000 0.409
1151.000 0.409
1152.000 0.409
1153.000 0.409
1154.000 0.409
1155.000 0.409
1156.000 0.409
1157.000 0.409
1158.000 0.410
1159.000 0.411
1160.000 0.412
1161.000 0.413
1162.000 0.413
1163.000 0.414
1164.000 0.413
1165.000 0.413
1166.000 0.412
1167.000 0.412
1168.000 0.413
1169.000 0.414
1170.000 0.415
1171.000 0.416
1172.000 0.417
1173.000 0.417
1174.000 0.417
1175.000 0.416
1176.000 0.416
1177.000 0.416
1178.000 0.416
1179.000 0.416
1180.000 0.416
1181.000 0.416
1182.000 0.416
1183.000 0.416
1184.000 0.416
1185.000 0.416
1186.000 0.417
1187.000 0.416
1188.000 0.416
1189.000 0.416
1190.000 0.416
1191.000 0.417
1192.000 0.417
1193.000 0.418
1194.000 0.418
1195.000 0.418
1196.000 0.417
1197.000 0.418
1198.000 0.418
1199.000 0.418
1200.000 0.419
1201.000 0.419
1202.000 0.419
1203.000 0.419
1204.000 0.419
1205.000 0.419
1206.000 0.419
1207.000 0.419
1208.000 0.420
1209.000 0.421
1210.000 0.421
1211.000 0.422
1212.000 0.422
1213.000 0.422
1214.000 0.422
1215.000 0.423
1216.000 0.423
1217.000 0.424
1218.000 0.424
1219.000 0.424
1220.000 0.424
1221.000 0.423
1222.000 0.424
1223.000 0.425
1224.000 0.425
1225.000 0.426
1226.000 0.426
1227.000 0.426
1228.000 0.427
1229.000 0.427
1230.000 0.427
1231.000 0.428
1232.000 0.428
1233.000 0.428
1234.000 0.429
1235.000 0.429
1236.000 0.429
1237.000 0.429
1238.000 0.429
1239.000 0.430
1240.000 0.430
1241.000 0.431
1242.000 0.431
1243.000 0.431
1244.000 0.431
1245.000 0.431
1246.000 0.431
1247.000 0.431
1248.000 0.431
1249.000 0.431
1250.000 0.431
1251.000 0.431
1252.000 0.432
1253.000 0.432
1254.000 0.432
1255.000 0.431
1256.000 0.431
1257.000 0.431
1258.000 0.431
1259.000 0.431
1260.000 0.431
1261.000 0.432
1262.000 0.432
1263.000 0.432
1264.000 0.432
1265.000 0.431
1266.000 0.432
1267.000 0.432
1268.000 0.432
1269.000 0.433
1270.000 0.433
1271.000 0.433
1272.000 0.433
1273.000 0.433
1274.000 0.433
1275.000 0.433
1276.000 0.434
1277.000 0.435
1278.000 0.435
1279.000 0.436
1280.000 0.436
1281.000 0.436
1282.000 0.435
1283.000 0.435
1284.000 0.435
1285.000 0.435
1286.000 0.434
1287.000 0.434
1288.000 0.434
1289.000 0.434
1290.000 0.434
1291.000 0.433
1292.000 0.433
1293.000 0.433
1294.000 0.432
1295.000 0.431
1296.000 0.431
1297.000 0.430
1298.000 0.430
1299.000 0.429
1300.000 0.429
1301.000 0.428
1302.000 0.427
1303.000 0.427
1304.000 0.426
1305.000 0.425
1306.000 0.424
1307.000 0.424
1308.000 0.423
1309.000 0.423
1310.000 0.422
1311.000 0.421
1312.000 0.420
1313.000 0.419
1314.000 0.418
1315.000 0.417
1316.000 0.416
1317.000 0.415
1318.000 0.414
1319.000 0.413
1320.000 0.412
1321.000 0.412
1322.000 0.411
1323.000 0.411
1324.000 0.411
1325.000 0.410
1326.000 0.409
1327.000 0.408
1328.000 0.407
1329.000 0.406
1330.000 0.404
1331.000 0.402
1332.000 0.400
1333.000 0.398
1334.000 0.397
1335.000 0.395
1336.000 0.394
1337.000 0.392
1338.000 0.391
1339.000 0.390
1340.000 0.390
1341.000 0.389
1342.000 0.389
1343.000 0.388
1344.000 0.386
1345.000 0.384
1346.000 0.382
1347.000 0.380
1348.000 0.379
1349.000 0.382
1350.000 0.380
1351.000 0.378
1352.000 0.380
1353.000 0.380
1354.000 0.427
1355.000 0.481
1356.000 0.457
1357.000 0.483
1358.000 0.564
1359.000 0.472
1360.000 0.399
1361.000 0.285
1362.000 0.259
1363.000 0.380
1364.000 0.361
1365.000 0.466
1366.000 0.559
1367.000 0.514
1368.000 0.356
1369.000 0.364
1370.000 0.352
1371.000 0.254
1372.000 0.230
1373.000 0.194
1374.000 0.235
1375.000 0.205
1376.000 0.281
1377.000 0.625
1378.000 0.659
1379.000 0.680
1380.000 0.719
1381.000 0.467
1382.000 0.478
1383.000 0.476
1384.000 0.514
1385.000 0.410
1386.000 0.373
1387.000 0.388
1388.000 0.341
1389.000 0.412
1390.000 0.458
1391.000 0.427
1392.000 0.394
1393.000 0.445
1394.000 0.359
1395.000 0.382
1396.000 0.457
1397.000 0.602
1398.000 0.460
1399.000 0.422
1400.000 0.430
1401.000 0.440
1402.000 0.426
1403.000 0.396
1404.000 0.149
1405.000 0.090
1406.000 0.220
1407.000 0.490
1408.000 0.474
1409.000 0.557
1410.000 0.409
1411.000 0.514
1412.000 0.358
1413.000 0.442
1414.000 0.476
1415.000 0.407
1416.000 0.483
1417.000 0.609
1418.000 0.590
1419.000 0.363
1420.000 0.367
1421.000 0.558
1422.000 0.490
1423.000 0.491
1424.000 0.533
1425.000 0.486
1426.000 0.437
1427.000 0.355
1428.000 0.350
1429.000 0.372
1430.000 0.366
1431.000 0.400
1432.000 0.427
1433.000 0.374
1434.000 0.380
1435.000 0.368
1436.000 0.309
1437.000 0.327
1438.000 0.337
1439.000 0.314
1440.000 0.317
1441.000 0.408
1442.000 0.426
1443.000 0.347
1444.000 0.307
1445.000 0.287
1446.000 0.278
1447.000 0.252
1448.000 0.251
1449.000 0.248
1450.000 0.235
1451.000 0.246
1452.000 0.250
1453.000 0.244
1454.000 0.228
1455.000 0.226
1456.000 0.227
1457.000 0.226
1458.000 0.232
1459.000 0.233
1460.000 0.226
1461.000 0.229
1462.000 0.228
1463.000 0.232
1464.000 0.238
1465.000 0.247
1466.000 0.263
1467.000 0.267
1468.000 0.273
1469.000 0.266
1470.000 0.239
1471.000 0.229
1472.000 0.218
1473.000 0.216
1474.000 0.223
1475.000 0.226
1476.000 0.230
1477.000 0.235
1478.000 0.251
1479.000 0.248
1480.000 0.251
1481.000 0.251
1482.000 0.243
1483.000 0.242
1484.000 0.241
1485.000 0.243
1486.000 0.246
1487.000 0.248
1488.000 0.250
1489.000 0.250
1490.000 0.250
1491.000 0.253
1492.000 0.247
1493.000 0.246
1494.000 0.250
1495.000 0.250
1496.000 0.254
1497.000 0.255
1498.000 0.253
1499.000 0.250
1500.000 0.251
1501.000 0.253
1502.000 0.258
1503.000 0.262
1504.000 0.265
1505.000 0.266
1506.000 0.265
1507.000 0.262
1508.000 0.263
1509.000 0.263
1510.000 0.264
1511.000 0.266
1512.000 0.267
1513.000 0.267
1514.000 0.267
1515.000 0.267
1516.000 0.268
1517.000 0.269
1518.000 0.271
1519.000 0.275
1520.000 0.278
1521.000 0.279
1522.000 0.281
1523.000 0.282
1524.000 0.283
1525.000 0.286
1526.000 0.287
1527.000 0.286
1528.000 0.286
1529.000 0.284
1530.000 0.285
1531.000 0.287
1532.000 0.288
1533.000 0.288
1534.000 0.289
1535.000 0.289
1536.000 0.290
1537.000 0.290
1538.000 0.291
1539.000 0.293
1540.000 0.295
1541.000 0.297
1542.000 0.298
1543.000 0.298
1544.000 0.299
1545.000 0.300
1546.000 0.300
1547.000 0.300
1548.000 0.300
1549.000 0.300
1550.000 0.301
1551.000 0.301
1552.000 0.301
1553.000 0.301
1554.000 0.302
1555.000 0.305
1556.000 0.306
1557.000 0.309
1558.000 0.311
1559.000 0.311
1560.000 0.311
1561.000 0.312
1562.000 0.313
1563.000 0.313
1564.000 0.314
1565.000 0.314
1566.000 0.314
1567.000 0.316
1568.000 0.317
1569.000 0.317
1570.000 0.317
1571.000 0.317
1572.000 0.318
1573.000 0.318
1574.000 0.319
1575.000 0.321
1576.000 0.322
1577.000 0.323
1578.000 0.324
1579.000 0.323
1580.000 0.324
1581.000 0.325
1582.000 0.325
1583.000 0.326
1584.000 0.327
1585.000 0.327
1586.000 0.328
1587.000 0.329
1588.000 0.330
1589.000 0.331
1590.000 0.331
1591.000 0.331
1592.000 0.331
1593.000 0.331
1594.000 0.332
1595.000 0.332
1596.000 0.332
1597.000 0.333
1598.000 0.333
1599.000 0.333
1600.000 0.333
1601.000 0.333
1602.000 0.333
1603.000 0.333
1604.000 0.334
1605.000 0.335
1606.000 0.335
1607.000 0.337
1608.000 0.337
1609.000 0.338
1610.000 0.339
1611.000 0.339
1612.000 0.341
1613.000 0.342
1614.000 0.343
1615.000 0.344
1616.000 0.344
1617.000 0.345
1618.000 0.346
1619.000 0.346
1620.000 0.346
1621.000 0.347
1622.000 0.347
1623.000 0.346
1624.000 0.346
1625.000 0.348
1626.000 0.349
1627.000 0.350
1628.000 0.351
1629.000 0.351
1630.000 0.351
1631.000 0.351
1632.000 0.352
1633.000 0.352
1634.000 0.352
1635.000 0.351
1636.000 0.350
1637.000 0.348
1638.000 0.348
1639.000 0.348
1640.000 0.348
1641.000 0.349
1642.000 0.349
1643.000 0.349
1644.000 0.350
1645.000 0.351
1646.000 0.352
1647.000 0.354
1648.000 0.354
1649.000 0.353
1650.000 0.353
1651.000 0.352
1652.000 0.351
1653.000 0.350
1654.000 0.350
1655.000 0.349
1656.000 0.349
1657.000 0.349
1658.000 0.349
1659.000 0.348
1660.000 0.348
1661.000 0.348
1662.000 0.348
1663.000 0.349
1664.000 0.349
1665.000 0.349
1666.000 0.349
1667.000 0.351
1668.000 0.351
1669.000 0.351
1670.000 0.351
1671.000 0.350
1672.000 0.350
1673.000 0.353
1674.000 0.353
1675.000 0.352
1676.000 0.352
1677.000 0.350
1678.000 0.350
1679.000 0.351
1680.000 0.351
1681.000 0.350
1682.000 0.349
1683.000 0.350
1684.000 0.350
1685.000 0.351
1686.000 0.351
1687.000 0.351
1688.000 0.352
1689.000 0.351
1690.000 0.352
1691.000 0.353
1692.000 0.353
1693.000 0.354
1694.000 0.353
1695.000 0.352
1696.000 0.351
1697.000 0.351
1698.000 0.350
1699.000 0.348
1700.000 0.348
1701.000 0.347
1702.000 0.348
1703.000 0.350
1704.000 0.350
1705.000 0.351
1706.000 0.350
1707.000 0.349
1708.000 0.349
1709.000 0.349
1710.000 0.349
1711.000 0.348
1712.000 0.347
1713.000 0.345
1714.000 0.345
1715.000 0.346
1716.000 0.345
1717.000 0.346
1718.000 0.346
1719.000 0.344
1720.000 0.346
1721.000 0.347
1722.000 0.348
1723.000 0.348
1724.000 0.349
1725.000 0.348
1726.000 0.347
1727.000 0.348
1728.000 0.348
1729.000 0.347
1730.000 0.348
1731.000 0.348
1732.000 0.347
1733.000 0.346
1734.000 0.344
1735.000 0.342
1736.000 0.346
1737.000 0.347
1738.000 0.350
1739.000 0.350
1740.000 0.347
1741.000 0.345
1742.000 0.342
1743.000 0.340
1744.000 0.339
1745.000 0.339
1746.000 0.339
1747.000 0.339
1748.000 0.341
1749.000 0.341
1750.000 0.341
1751.000 0.341
1752.000 0.340
1753.000 0.342
1754.000 0.350
1755.000 0.350
1756.000 0.348
1757.000 0.347
1758.000 0.340
1759.000 0.340
1760.000 0.339
1761.000 0.339
1762.000 0.339
1763.000 0.337
1764.000 0.339
1765.000 0.343
1766.000 0.341
1767.000 0.339
1768.000 0.336
1769.000 0.328
1770.000 0.323
1771.000 0.324
1772.000 0.324
1773.000 0.328
1774.000 0.333
1775.000 0.333
1776.000 0.328
1777.000 0.324
1778.000 0.320
1779.000 0.318
1780.000 0.321
1781.000 0.323
1782.000 0.322
1783.000 0.316
1784.000 0.310
1785.000 0.304
1786.000 0.306
1787.000 0.315
1788.000 0.321
1789.000 0.332
1790.000 0.335
1791.000 0.330
1792.000 0.336
1793.000 0.337
1794.000 0.345
1795.000 0.354
1796.000 0.346
1797.000 0.327
1798.000 0.321
1799.000 0.354
1800.000 0.359
1801.000 0.456
1802.000 0.465
1803.000 0.455
1804.000 0.485
1805.000 0.498
1806.000 0.492
1807.000 0.485
1808.000 0.454
1809.000 0.428
1810.000 0.493
1811.000 0.455
1812.000 0.454
1813.000 0.502
1814.000 0.585
1815.000 0.499
1816.000 0.501
1817.000 0.602
1818.000 0.670
1819.000 0.567
1820.000 0.490
1821.000 0.435
1822.000 0.495
1823.000 0.536
1824.000 0.504
1825.000 0.514
1826.000 0.470
1827.000 0.506
1828.000 0.540
1829.000 0.603
1830.000 0.626
1831.000 0.600
1832.000 0.642
1833.000 0.615
1834.000 0.556
1835.000 0.498
1836.000 0.489
1837.000 0.727
1838.000 0.706
1839.000 0.627
1840.000 0.636
1841.000 0.674
1842.000 0.612
1843.000 0.645
1844.000 0.628
1845.000 0.629
1846.000 0.618
1847.000 0.610
1848.000 0.628
1849.000 0.651
1850.000 0.594
1851.000 0.606
1852.000 0.555
1853.000 0.541
1854.000 0.535
1855.000 0.579
1856.000 0.579
1857.000 0.569
1858.000 0.658
1859.000 0.640
1860.000 0.543
1861.000 0.608
1862.000 0.555
1863.000 0.559
1864.000 0.510
1865.000 0.466
1866.000 0.454
1867.000 0.465
1868.000 0.531
1869.000 0.554
1870.000 0.560
1871.000 0.572
1872.000 0.633
1873.000 0.659
1874.000 0.703
1875.000 0.838
1876.000 0.610
1877.000 0.620
1878.000 0.539
1879.000 0.482
1880.000 0.443
1881.000 0.400
1882.000 0.346
1883.000 0.395
1884.000 0.402
1885.000 0.506
1886.000 0.503
1887.000 0.504
1888.000 0.561
1889.000 0.554
1890.000 0.563
1891.000 0.525
1892.000 0.519
1893.000 0.504
1894.000 0.535
1895.000 0.443
1896.000 0.418
1897.000 0.502
1898.000 0.659
1899.000 0.523
1900.000 0.367
1901.000 0.617
1902.000 0.529
1903.000 0.595
1904.000 0.561
1905.000 0.562
1906.000 0.634
1907.000 0.605
1908.000 0.510
1909.000 0.291
1910.000 0.276
1911.000 0.268
1912.000 0.300
1913.000 0.403
1914.000 0.413
1915.000 0.394
1916.000 0.382
1917.000 0.386
1918.000 0.419
1919.000 0.409
1920.000 0.455
1921.000 0.467
1922.000 0.495
1923.000 0.407
1924.000 0.441
1925.000 0.398
1926.000 0.460
1927.000 0.471
1928.000 0.447
1929.000 0.340
1930.000 0.382
1931.000 0.425
1932.000 0.562
1933.000 0.218
1934.000 0.442
1935.000 0.620
1936.000 0.592
1937.000 0.512
1938.000 0.488
1939.000 0.522
1940.000 0.533
1941.000 0.615
1942.000 0.592
1943.000 0.574
1944.000 0.713
1945.000 0.449
1946.000 0.520
1947.000 0.524
1948.000 0.429
1949.000 0.378
1950.000 0.455
1951.000 0.416
1952.000 0.377
1953.000 0.369
1954.000 0.445
1955.000 0.430
1956.000 0.395
1957.000 0.362
1958.000 0.324
1959.000 0.421
1960.000 0.522
1961.000 0.595
1962.000 0.685
1963.000 0.707
1964.000 0.759
1965.000 0.586
1966.000 0.523
1967.000 0.434
1968.000 0.364
1969.000 0.363
1970.000 0.323
1971.000 0.291
1972.000 0.280
1973.000 0.292
1974.000 0.304
1975.000 0.295
1976.000 0.276
1977.000 0.305
1978.000 0.326
1979.000 0.326
1980.000 0.318
1981.000 0.301
1982.000 0.283
1983.000 0.283
1984.000 0.245
1985.000 0.250
1986.000 0.243
1987.000 0.231
1988.000 0.228
1989.000 0.228
1990.000 0.239
1991.000 0.260
1992.000 0.280
1993.000 0.255
1994.000 0.242
1995.000 0.219
1996.000 0.206
1997.000 0.249
1998.000 0.244
1999.000 0.259
2000.000 0.268
2001.000 0.279
2002.000 0.292
2003.000 0.329
2004.000 0.364
2005.000 0.385
2006.000 0.540
2007.000 0.582
2008.000 0.513
2009.000 0.533
2010.000 0.477
2011.000 0.476
2012.000 0.388
2013.000 0.372
2014.000 0.367
2015.000 0.338
2016.000 0.316
2017.000 0.276
2018.000 0.261
2019.000 0.255
2020.000 0.253
2021.000 0.228
2022.000 0.215
2023.000 0.196
2024.000 0.188
2025.000 0.204
2026.000 0.217
2027.000 0.236
2028.000 0.277
2029.000 0.283
2030.000 0.268
2031.000 0.259
2032.000 0.233
2033.000 0.225
2034.000 0.222
2035.000 0.207
2036.000 0.228
2037.000 0.216
2038.000 0.206
2039.000 0.201
2040.000 0.172
2041.000 0.187
2042.000 0.195
2043.000 0.238
2044.000 0.247
2045.000 0.251
2046.000 0.253
2047.000 0.248
2048.000 0.247
2049.000 0.247
2050.000 0.240
2051.000 0.241
2052.000 0.231
2053.000 0.248
2054.000 0.247
2055.000 0.232
2056.000 0.214
2057.000 0.214
2058.000 0.224
2059.000 0.226
2060.000 0.230
2061.000 0.235
2062.000 0.250
2063.000 0.256
2064.000 0.248
2065.000 0.251
2066.000 0.248
2067.000 0.251
2068.000 0.229
2069.000 0.234
2070.000 0.216
2071.000 0.230
2072.000 0.220
2073.000 0.242
2074.000 0.254
2075.000 0.262
2076.000 0.260
2077.000 0.259
2078.000 0.249
2079.000 0.241
2080.000 0.236
2081.000 0.249
2082.000 0.237
2083.000 0.245
2084.000 0.248
2085.000 0.249
2086.000 0.251
2087.000 0.254
2088.000 0.251
2089.000 0.252
2090.000 0.257
2091.000 0.254
2092.000 0.242
2093.000 0.238
2094.000 0.246
2095.000 0.243
2096.000 0.250
2097.000 0.232
2098.000 0.241
2099.000 0.252
2100.000 0.271
2101.000 0.270
2102.000 0.254
2103.000 0.245
2104.000 0.239
2105.000 0.236
2106.000 0.235
2107.000 0.254
2108.000 0.254
2109.000 0.258
2110.000 0.259
2111.000 0.265
2112.000 0.267
2113.000 0.250
2114.000 0.253
2115.000 0.252
2116.000 0.253
2117.000 0.253
2118.000 0.259
2119.000 0.275
2120.000 0.273
2121.000 0.268
2122.000 0.258
2123.000 0.258
2124.000 0.260
2125.000 0.247
2126.000 0.252
2127.000 0.249
2128.000 0.234
2129.000 0.255
2130.000 0.249
2131.000 0.250
2132.000 0.262
2133.000 0.265
2134.000 0.268
2135.000 0.272
2136.000 0.269
2137.000 0.275
2138.000 0.267
2139.000 0.271
2140.000 0.271
2141.000 0.272
2142.000 0.270
2143.000 0.274
2144.000 0.278
2145.000 0.279
2146.000 0.280
2147.000 0.271
2148.000 0.270
2149.000 0.274
2150.000 0.272
2151.000 0.270
2152.000 0.265
2153.000 0.249
2154.000 0.244
2155.000 0.271
2156.000 0.271
2157.000 0.274
2158.000 0.265
2159.000 0.252
2160.000 0.248
2161.000 0.255
2162.000 0.262
2163.000 0.276
2164.000 0.286
2165.000 0.290
2166.000 0.297
2167.000 0.294
2168.000 0.283
2169.000 0.279
2170.000 0.270
2171.000 0.266
2172.000 0.284
2173.000 0.281
2174.000 0.291
2175.000 0.292
2176.000 0.285
2177.000 0.280
2178.000 0.276
2179.000 0.279
2180.000 0.277
2181.000 0.281
2182.000 0.293
2183.000 0.299
2184.000 0.297
2185.000 0.294
2186.000 0.285
2187.000 0.271
2188.000 0.265
2189.000 0.265
2190.000 0.263
2191.000 0.260
2192.000 0.261
2193.000 0.263
2194.000 0.266
2195.000 0.270
2196.000 0.276
2197.000 0.285
2198.000 0.290
2199.000 0.292
2200.000 0.288
2201.000 0.286
2202.000 0.271
2203.000 0.282
2204.000 0.280
2205.000 0.271
2206.000 0.296
2207.000 0.290
2208.000 0.290
2209.000 0.284
2210.000 0.281
2211.000 0.276
2212.000 0.260
2213.000 0.261
2214.000 0.273
2215.000 0.276
2216.000 0.269
2217.000 0.270
2218.000 0.290
2219.000 0.297
2220.000 0.294
2221.000 0.296
2222.000 0.284
2223.000 0.281
2224.000 0.279
2225.000 0.277
2226.000 0.271
2227.000 0.273
2228.000 0.285
2229.000 0.297
2230.000 0.303
2231.000 0.309
2232.000 0.295
2233.000 0.293
2234.000 0.281
2235.000 0.264
2236.000 0.262
2237.000 0.251
2238.000 0.248
2239.000 0.254
2240.000 0.259
2241.000 0.266
2242.000 0.272
2243.000 0.277
2244.000 0.280
2245.000 0.275
2246.000 0.276
2247.000 0.270
2248.000 0.273
2249.000 0.280
2250.000 0.282
2251.000 0.291
2252.000 0.286
2253.000 0.273
2254.000 0.262
2255.000 0.246
2256.000 0.243
2257.000 0.250
2258.000 0.248
2259.000 0.251
2260.000 0.264
2261.000 0.267
2262.000 0.269
2263.000 0.265
2264.000 0.259
2265.000 0.248
2266.000 0.245
2267.000 0.243
2268.000 0.240
2269.000 0.239
2270.000 0.238
2271.000 0.248
2272.000 0.257
2273.000 0.260
2274.000 0.252
2275.000 0.260
2276.000 0.281
2277.000 0.275
2278.000 0.284
2279.000 0.308
2280.000 0.296
2281.000 0.302
2282.000 0.295
2283.000 0.277
2284.000 0.247
2285.000 0.238
2286.000 0.230
2287.000 0.225
2288.000 0.242
2289.000 0.242
2290.000 0.258
2291.000 0.260
2292.000 0.244
2293.000 0.245
2294.000 0.254
2295.000 0.260
2296.000 0.277
2297.000 0.332
2298.000 0.339
2299.000 0.338
2300.000 0.311
2301.000 0.262
2302.000 0.238
2303.000 0.249
2304.000 0.269
2305.000 0.293
2306.000 0.297
2307.000 0.285
2308.000 0.261
2309.000 0.255
2310.000 0.235
2311.000 0.227
2312.000 0.240
2313.000 0.213
2314.000 0.232
2315.000 0.229
2316.000 0.243
2317.000 0.254
2318.000 0.262
2319.000 0.279
2320.000 0.291
2321.000 0.321
2322.000 0.310
2323.000 0.253
2324.000 0.248
2325.000 0.224
2326.000 0.224
2327.000 0.224
2328.000 0.235
2329.000 0.268
2330.000 0.324
2331.000 0.349
2332.000 0.402
2333.000 0.496
2334.000 0.472
2335.000 0.381
2336.000 0.339
2337.000 0.299
2338.000 0.284
2339.000 0.283
2340.000 0.337
2341.000 0.444
2342.000 0.362
2343.000 0.238
2344.000 0.252
2345.000 0.213
2346.000 0.199
2347.000 0.255
2348.000 0.279
2349.000 0.225
2350.000 0.200
2351.000 0.207
2352.000 0.243
2353.000 0.276
2354.000 0.274
2355.000 0.245
2356.000 0.244
2357.000 0.290
2358.000 0.382
2359.000 0.459
2360.000 0.506
2361.000 0.424
2362.000 0.353
2363.000 0.383
2364.000 0.377
2365.000 0.377
2366.000 0.397
2367.000 0.369
2368.000 0.469
2369.000 0.356
2370.000 0.259
2371.000 0.329
2372.000 0.470
2373.000 0.606
2374.000 0.578
2375.000 0.555
2376.000 0.567
2377.000 0.498
2378.000 0.526
2379.000 0.405
2380.000 0.434
2381.000 0.534
2382.000 0.552
2383.000 0.390
2384.000 0.686
2385.000 0.510
2386.000 0.519
2387.000 0.341
2388.000 0.330
2389.000 0.355
2390.000 0.349
2391.000 0.382
2392.000 0.562
2393.000 0.622
2394.000 0.482
2395.000 0.363
2396.000 0.288
2397.000 0.217
2398.000 0.207
2399.000 0.355
2400.000 0.291
2401.000 0.414
2402.000 0.502
2403.000 0.373
2404.000 0.268
2405.000 0.402
2406.000 0.343
2407.000 0.307
2408.000 0.554
2409.000 0.526
2410.000 0.391
2411.000 0.352
2412.000 0.454
2413.000 0.309
2414.000 0.193
2415.000 0.259
2416.000 0.314
2417.000 0.373
2418.000 0.307
2419.000 0.235
2420.000 0.298
2421.000 0.221
2422.000 0.400
2423.000 0.463
2424.000 0.362
2425.000 0.340
2426.000 0.366
2427.000 0.471
2428.000 0.380
2429.000 0.566
2430.000 0.594
2431.000 0.426
2432.000 0.531
2433.000 0.605
2434.000 0.576
2435.000 0.376
2436.000 0.439
2437.000 0.239
2438.000 0.176
2439.000 0.256
2440.000 0.423
2441.000 0.458
2442.000 0.365
2443.000 0.346
2444.000 0.142
2445.000 0.205
2446.000 0.357
2447.000 0.479
2448.000 0.522
2449.000 0.458
2450.000 0.194
2451.000 0.304
2452.000 0.335
2453.000 0.313
2454.000 0.560
2455.000 0.367
2456.000 0.702
2457.000 0.285
2458.000 0.350
2459.000 0.411
2460.000 0.433
2461.000 0.482
2462.000 0.529
2463.000 0.387
2464.000 0.376
2465.000 0.273
2466.000 0.295
2467.000 0.407
2468.000 0.428
2469.000 0.268
2470.000 0.448
2471.000 0.283
2472.000 0.235
2473.000 0.259
2474.000 0.244
2475.000 0.182
2476.000 0.547
2477.000 0.431
2478.000 0.381
2479.000 0.384
2480.000 0.625
2481.000 0.374
2482.000 0.402
2483.000 0.278
2484.000 0.463
2485.000 0.424
2486.000 0.371
2487.000 0.337
2488.000 0.323
2489.000 0.378
2490.000 0.406
2491.000 0.290
2492.000 0.317
2493.000 0.350
2494.000 0.316
2495.000 0.306
2496.000 0.430
2497.000 0.317
2498.000 0.199
2499.000 0.246
2500.000 0.310
