391.000 0.024
392.000 0.022
393.000 0.019
394.000 0.019
395.000 0.019
396.000 0.020
397.000 0.022
398.000 0.020
399.000 0.020
400.000 0.021
401.000 0.022
402.000 0.020
403.000 0.020
404.000 0.020
405.000 0.020
406.000 0.021
407.000 0.020
408.000 0.020
409.000 0.021
410.000 0.022
411.000 0.021
412.000 0.021
413.000 0.020
414.000 0.020
415.000 0.021
416.000 0.021
417.000 0.021
418.000 0.020
419.000 0.020
420.000 0.021
421.000 0.020
422.000 0.020
423.000 0.021
424.000 0.020
425.000 0.020
426.000 0.020
427.000 0.020
428.000 0.020
429.000 0.020
430.000 0.020
431.000 0.021
432.000 0.020
433.000 0.020
434.000 0.020
435.000 0.021
436.000 0.020
437.000 0.020
438.000 0.021
439.000 0.021
440.000 0.020
441.000 0.020
442.000 0.021
443.000 0.020
444.000 0.020
445.000 0.020
446.000 0.021
447.000 0.021
448.000 0.021
449.000 0.021
450.000 0.021
451.000 0.021
452.000 0.021
453.000 0.021
454.000 0.021
455.000 0.021
456.000 0.020
457.000 0.020
458.000 0.020
459.000 0.021
460.000 0.021
461.000 0.021
462.000 0.021
463.000 0.020
464.000 0.021
465.000 0.021
466.000 0.021
467.000 0.022
468.000 0.021
469.000 0.022
470.000 0.021
471.000 0.021
472.000 0.021
473.000 0.021
474.000 0.021
475.000 0.021
476.000 0.021
477.000 0.021
478.000 0.021
479.000 0.021
480.000 0.021
481.000 0.021
482.000 0.020
483.000 0.021
484.000 0.021
485.000 0.021
486.000 0.021
487.000 0.021
488.000 0.021
489.000 0.022
490.000 0.022
491.000 0.021
492.000 0.022
493.000 0.022
494.000 0.022
495.000 0.022
496.000 0.022
497.000 0.022
498.000 0.022
499.000 0.022
500.000 0.022
501.000 0.023
502.000 0.024
503.000 0.024
504.000 0.024
505.000 0.025
506.000 0.026
507.000 0.027
508.000 0.027
509.000 0.028
510.000 0.029
511.000 0.030
512.000 0.031
513.000 0.032
514.000 0.034
515.000 0.035
516.000 0.036
517.000 0.038
518.000 0.040
519.000 0.042
520.000 0.043
521.000 0.046
522.000 0.048
523.000 0.050
524.000 0.051
525.000 0.053
526.000 0.055
527.000 0.057
528.000 0.059
529.000 0.060
530.000 0.062
531.000 0.063
532.000 0.065
533.000 0.066
534.000 0.067
535.000 0.068
536.000 0.069
537.000 0.069
538.000 0.070
539.000 0.070
540.000 0.070
541.000 0.071
542.000 0.071
543.000 0.072
544.000 0.072
545.000 0.072
546.000 0.072
547.000 0.072
548.000 0.073
549.000 0.073
550.000 0.073
551.000 0.073
552.000 0.073
553.000 0.073
554.000 0.072
555.000 0.072
556.000 0.072
557.000 0.071
558.000 0.071
559.000 0.070
560.000 0.069
561.000 0.068
562.000 0.067
563.000 0.066
564.000 0.065
565.000 0.064
566.000 0.063
567.000 0.061
568.000 0.060
569.000 0.059
570.000 0.057
571.000 0.056
572.000 0.055
573.000 0.053
574.000 0.053
575.000 0.051
576.000 0.050
577.000 0.049
578.000 0.048
579.000 0.048
580.000 0.047
581.000 0.047
582.000 0.046
583.000 0.045
584.000 0.044
585.000 0.044
586.000 0.044
587.000 0.043
588.000 0.042
589.000 0.041
590.000 0.041
591.000 0.041
592.000 0.040
593.000 0.040
594.000 0.040
595.000 0.039
596.000 0.039
597.000 0.039
598.000 0.039
599.000 0.039
600.000 0.038
601.000 0.039
602.000 0.038
603.000 0.037
604.000 0.037
605.000 0.037
606.000 0.037
607.000 0.036
608.000 0.036
609.000 0.035
610.000 0.035
611.000 0.035
612.000 0.034
613.000 0.034
614.000 0.033
615.000 0.033
616.000 0.032
617.000 0.032
618.000 0.032
619.000 0.032
620.000 0.032
621.000 0.031
622.000 0.030
623.000 0.030
624.000 0.030
625.000 0.030
626.000 0.030
627.000 0.030
628.000 0.030
629.000 0.030
630.000 0.030
631.000 0.030
632.000 0.030
633.000 0.030
634.000 0.030
635.000 0.029
636.000 0.029
637.000 0.028
638.000 0.028
639.000 0.027
640.000 0.027
641.000 0.027
642.000 0.025
643.000 0.025
644.000 0.025
645.000 0.024
646.000 0.024
647.000 0.023
648.000 0.023
649.000 0.023
650.000 0.022
651.000 0.022
652.000 0.022
653.000 0.022
654.000 0.022
655.000 0.022
656.000 0.021
657.000 0.022
658.000 0.021
659.000 0.021
660.000 0.021
661.000 0.021
662.000 0.021
663.000 0.020
664.000 0.020
665.000 0.019
666.000 0.019
667.000 0.020
668.000 0.020
669.000 0.020
670.000 0.020
671.000 0.019
672.000 0.019
673.000 0.021
674.000 0.020
675.000 0.019
676.000 0.021
677.000 0.021
678.000 0.021
679.000 0.021
680.000 0.021
681.000 0.022
682.000 0.023
683.000 0.023
684.000 0.023
685.000 0.024
686.000 0.025
687.000 0.027
688.000 0.029
689.000 0.029
690.000 0.031
691.000 0.033
692.000 0.035
693.000 0.038
694.000 0.043
695.000 0.048
696.000 0.052
697.000 0.058
698.000 0.063
699.000 0.069
700.000 0.076
701.000 0.084
702.000 0.092
703.000 0.099
704.000 0.107
705.000 0.115
706.000 0.123
707.000 0.131
708.000 0.139
709.000 0.148
710.000 0.157
711.000 0.166
712.000 0.176
713.000 0.186
714.000 0.195
715.000 0.204
716.000 0.214
717.000 0.224
718.000 0.235
719.000 0.247
720.000 0.259
721.000 0.270
722.000 0.279
723.000 0.289
724.000 0.299
725.000 0.310
726.000 0.320
727.000 0.330
728.000 0.340
729.000 0.349
730.000 0.359
731.000 0.368
732.000 0.377
733.000 0.385
734.000 0.393
735.000 0.400
736.000 0.407
737.000 0.414
738.000 0.421
739.000 0.427
740.000 0.433
741.000 0.439
742.000 0.444
743.000 0.448
744.000 0.453
745.000 0.457
746.000 0.461
747.000 0.464
748.000 0.468
749.000 0.470
750.000 0.474
751.000 0.476
752.000 0.479
753.000 0.481
754.000 0.483
755.000 0.484
756.000 0.486
757.000 0.487
758.000 0.489
759.000 0.490
760.000 0.490
761.000 0.490
762.000 0.491
763.000 0.491
764.000 0.492
765.000 0.493
766.000 0.495
767.000 0.496
768.000 0.498
769.000 0.499
770.000 0.500
771.000 0.501
772.000 0.501
773.000 0.502
774.000 0.502
775.000 0.503
776.000 0.503
777.000 0.504
778.000 0.504
779.000 0.505
780.000 0.505
781.000 0.505
782.000 0.505
783.000 0.506
784.000 0.506
785.000 0.506
786.000 0.507
787.000 0.507
788.000 0.507
789.000 0.507
790.000 0.507
791.000 0.508
792.000 0.508
793.000 0.509
794.000 0.509
795.000 0.509
796.000 0.510
797.000 0.510
798.000 0.510
799.000 0.511
800.000 0.510
801.000 0.511
802.000 0.511
803.000 0.511
804.000 0.512
805.000 0.512
806.000 0.513
807.000 0.513
808.000 0.513
809.000 0.513
810.000 0.513
811.000 0.513
812.000 0.513
813.000 0.513
814.000 0.512
815.000 0.512
816.000 0.512
817.000 0.512
818.000 0.512
819.000 0.513
820.000 0.514
821.000 0.515
822.000 0.515
823.000 0.515
824.000 0.515
825.000 0.516
826.000 0.517
827.000 0.516
828.000 0.516
829.000 0.517
830.000 0.517
831.000 0.517
832.000 0.518
833.000 0.518
834.000 0.519
835.000 0.520
836.000 0.520
837.000 0.520
838.000 0.521
839.000 0.521
840.000 0.521
841.000 0.522
842.000 0.522
843.000 0.523
844.000 0.523
845.000 0.524
846.000 0.524
847.000 0.524
848.000 0.524
849.000 0.525
850.000 0.525
851.000 0.525
852.000 0.525
853.000 0.526
854.000 0.526
855.000 0.526
856.000 0.527
857.000 0.527
858.000 0.527
859.000 0.528
860.000 0.528
861.000 0.528
862.000 0.528
863.000 0.528
864.000 0.529
865.000 0.529
866.000 0.529
867.000 0.529
868.000 0.529
869.000 0.529
870.000 0.529
871.000 0.530
872.000 0.530
873.000 0.530
874.000 0.530
875.000 0.531
876.000 0.531
877.000 0.531
878.000 0.531
879.000 0.532
880.000 0.532
881.000 0.531
882.000 0.532
883.000 0.532
884.000 0.532
885.000 0.532
886.000 0.532
887.000 0.533
888.000 0.533
889.000 0.533
890.000 0.533
891.000 0.532
892.000 0.533
893.000 0.532
894.000 0.532
895.000 0.531
896.000 0.530
897.000 0.529
898.000 0.529
899.000 0.529
900.000 0.529
901.000 0.529
902.000 0.530
903.000 0.530
904.000 0.530
905.000 0.531
906.000 0.530
907.000 0.530
908.000 0.530
909.000 0.530
910.000 0.530
911.000 0.530
912.000 0.530
913.000 0.529
914.000 0.529
915.000 0.529
916.000 0.530
917.000 0.530
918.000 0.531
919.000 0.532
920.000 0.532
921.000 0.532
922.000 0.532
923.000 0.532
924.000 0.531
925.000 0.532
926.000 0.531
927.000 0.530
928.000 0.529
929.000 0.528
930.000 0.527
931.000 0.526
932.000 0.523
933.000 0.521
934.000 0.519
935.000 0.517
936.000 0.517
937.000 0.517
938.000 0.517
939.000 0.517
940.000 0.518
941.000 0.516
942.000 0.516
943.000 0.517
944.000 0.518
945.000 0.514
946.000 0.511
947.000 0.514
948.000 0.515
949.000 0.511
950.000 0.508
951.000 0.510
952.000 0.511
953.000 0.507
954.000 0.504
955.000 0.503
956.000 0.505
957.000 0.509
958.000 0.508
959.000 0.503
960.000 0.502
961.000 0.504
962.000 0.505
963.000 0.504
964.000 0.503
965.000 0.504
966.000 0.505
967.000 0.507
968.000 0.508
969.000 0.509
970.000 0.509
971.000 0.509
972.000 0.509
973.000 0.508
974.000 0.507
975.000 0.506
976.000 0.508
977.000 0.509
978.000 0.509
979.000 0.509
980.000 0.507
981.000 0.510
982.000 0.512
983.000 0.511
984.000 0.513
985.000 0.514
986.000 0.514
987.000 0.514
988.000 0.518
989.000 0.516
990.000 0.516
991.000 0.518
992.000 0.518
993.000 0.516
994.000 0.519
995.000 0.521
996.000 0.519
997.000 0.519
998.000 0.520
999.000 0.522
1000.000 0.524
1001.000 0.528
1002.000 0.528
1003.000 0.528
1004.000 0.529
1005.000 0.528
1006.000 0.528
1007.000 0.528
1008.000 0.527
1009.000 0.528
1010.000 0.530
1011.000 0.531
1012.000 0.533
1013.000 0.534
1014.000 0.535
1015.000 0.535
1016.000 0.535
1017.000 0.536
1018.000 0.536
1019.000 0.537
1020.000 0.538
1021.000 0.538
1022.000 0.538
1023.000 0.539
1024.000 0.539
1025.000 0.540
1026.000 0.541
1027.000 0.542
1028.000 0.543
1029.000 0.544
1030.000 0.545
1031.000 0.546
1032.000 0.546
1033.000 0.547
1034.000 0.547
1035.000 0.547
1036.000 0.547
1037.000 0.547
1038.000 0.548
1039.000 0.549
1040.000 0.550
1041.000 0.551
1042.000 0.552
1043.000 0.552
1044.000 0.553
1045.000 0.553
1046.000 0.554
1047.000 0.554
1048.000 0.554
1049.000 0.555
1050.000 0.555
1051.000 0.555
1052.000 0.555
1053.000 0.555
1054.000 0.555
1055.000 0.555
1056.000 0.557
1057.000 0.556
1058.000 0.556
1059.000 0.556
1060.000 0.556
1061.000 0.556
1062.000 0.557
1063.000 0.558
1064.000 0.559
1065.000 0.559
1066.000 0.559
1067.000 0.559
1068.000 0.559
1069.000 0.560
1070.000 0.560
1071.000 0.560
1072.000 0.560
1073.000 0.559
1074.000 0.558
1075.000 0.558
1076.000 0.558
1077.000 0.558
1078.000 0.559
1079.000 0.560
1080.000 0.560
1081.000 0.560
1082.000 0.559
1083.000 0.558
1084.000 0.557
1085.000 0.558
1086.000 0.558
1087.000 0.559
1088.000 0.560
1089.000 0.559
1090.000 0.559
1091.000 0.558
1092.000 0.559
1093.000 0.558
1094.000 0.557
1095.000 0.557
1096.000 0.556
1097.000 0.555
1098.000 0.555
1099.000 0.554
1100.000 0.553
1101.000 0.553
1102.000 0.554
1103.000 0.553
1104.000 0.553
1105.000 0.553
1106.000 0.552
1107.000 0.552
1108.000 0.551
1109.000 0.551
1110.000 0.551
1111.000 0.550
1112.000 0.550
1113.000 0.551
1114.000 0.549
1115.000 0.550
1116.000 0.549
1117.000 0.547
1118.000 0.545
1119.000 0.544
1120.000 0.540
1121.000 0.538
1122.000 0.535
1123.000 0.533
1124.000 0.533
1125.000 0.533
1126.000 0.537
1127.000 0.539
1128.000 0.538
1129.000 0.540
1130.000 0.548
1131.000 0.549
1132.000 0.544
1133.000 0.543
1134.000 0.534
1135.000 0.525
1136.000 0.522
1137.000 0.515
1138.000 0.510
1139.000 0.508
1140.000 0.507
1141.000 0.507
1142.000 0.507
1143.000 0.512
1144.000 0.511
1145.000 0.508
1146.000 0.505
1147.000 0.501
1148.000 0.498
1149.000 0.495
1150.000 0.492
1151.000 0.492
1152.000 0.490
1153.000 0.488
1154.000 0.489
1155.000 0.488
1156.000 0.488
1157.000 0.488
1158.000 0.488
1159.000 0.487
1160.000 0.486
1161.000 0.486
1162.000 0.485
1163.000 0.485
1164.000 0.484
1165.000 0.483
1166.000 0.482
1167.000 0.481
1168.000 0.480
1169.000 0.480
1170.000 0.480
1171.000 0.480
1172.000 0.479
1173.000 0.479
1174.000 0.479
1175.000 0.479
1176.000 0.479
1177.000 0.479
1178.000 0.480
1179.000 0.480
1180.000 0.480
1181.000 0.478
1182.000 0.478
1183.000 0.476
1184.000 0.476
1185.000 0.477
1186.000 0.477
1187.000 0.477
1188.000 0.478
1189.000 0.477
1190.000 0.476
1191.000 0.476
1192.000 0.476
1193.000 0.475
1194.000 0.475
1195.000 0.475
1196.000 0.475
1197.000 0.475
1198.000 0.475
1199.000 0.475
1200.000 0.475
1201.000 0.475
1202.000 0.475
1203.000 0.475
1204.000 0.476
1205.000 0.477
1206.000 0.476
1207.000 0.478
1208.000 0.478
1209.000 0.478
1210.000 0.479
1211.000 0.481
1212.000 0.481
1213.000 0.480
1214.000 0.480
1215.000 0.480
1216.000 0.480
1217.000 0.480
1218.000 0.481
1219.000 0.481
1220.000 0.482
1221.000 0.484
1222.000 0.484
1223.000 0.484
1224.000 0.485
1225.000 0.486
1226.000 0.486
1227.000 0.486
1228.000 0.487
1229.000 0.488
1230.000 0.489
1231.000 0.490
1232.000 0.490
1233.000 0.491
1234.000 0.491
1235.000 0.492
1236.000 0.492
1237.000 0.493
1238.000 0.493
1239.000 0.494
1240.000 0.494
1241.000 0.495
1242.000 0.495
1243.000 0.495
1244.000 0.496
1245.000 0.496
1246.000 0.496
1247.000 0.495
1248.000 0.496
1249.000 0.496
1250.000 0.496
1251.000 0.497
1252.000 0.497
1253.000 0.497
1254.000 0.497
1255.000 0.498
1256.000 0.498
1257.000 0.498
1258.000 0.498
1259.000 0.498
1260.000 0.498
1261.000 0.499
1262.000 0.499
1263.000 0.499
1264.000 0.499
1265.000 0.499
1266.000 0.499
1267.000 0.499
1268.000 0.499
1269.000 0.499
1270.000 0.499
1271.000 0.499
1272.000 0.498
1273.000 0.498
1274.000 0.498
1275.000 0.498
1276.000 0.498
1277.000 0.498
1278.000 0.499
1279.000 0.499
1280.000 0.500
1281.000 0.500
1282.000 0.500
1283.000 0.500
1284.000 0.499
1285.000 0.498
1286.000 0.498
1287.000 0.497
1288.000 0.497
1289.000 0.497
1290.000 0.496
1291.000 0.495
1292.000 0.495
1293.000 0.495
1294.000 0.495
1295.000 0.495
1296.000 0.495
1297.000 0.493
1298.000 0.492
1299.000 0.490
1300.000 0.489
1301.000 0.489
1302.000 0.488
1303.000 0.487
1304.000 0.485
1305.000 0.484
1306.000 0.482
1307.000 0.482
1308.000 0.480
1309.000 0.479
1310.000 0.478
1311.000 0.476
1312.000 0.475
1313.000 0.473
1314.000 0.472
1315.000 0.471
1316.000 0.470
1317.000 0.468
1318.000 0.466
1319.000 0.463
1320.000 0.461
1321.000 0.460
1322.000 0.459
1323.000 0.458
1324.000 0.458
1325.000 0.455
1326.000 0.452
1327.000 0.451
1328.000 0.450
1329.000 0.448
1330.000 0.446
1331.000 0.443
1332.000 0.440
1333.000 0.437
1334.000 0.436
1335.000 0.434
1336.000 0.431
1337.000 0.429
1338.000 0.430
1339.000 0.429
1340.000 0.434
1341.000 0.435
1342.000 0.431
1343.000 0.430
1344.000 0.425
1345.000 0.422
1346.000 0.423
1347.000 0.422
1348.000 0.421
1349.000 0.412
1350.000 0.418
1351.000 0.445
1352.000 0.492
1353.000 0.607
1354.000 0.661
1355.000 0.526
1356.000 0.466
1357.000 0.442
1358.000 0.702
1359.000 0.632
1360.000 0.498
1361.000 0.615
1362.000 0.272
1363.000 0.246
1364.000 0.365
1365.000 0.288
1366.000 0.287
1367.000 0.296
1368.000 0.225
1369.000 0.474
1370.000 0.484
1371.000 0.494
1372.000 0.592
1373.000 0.503
1374.000 0.479
1375.000 0.425
1376.000 0.681
1377.000 0.694
1378.000 0.527
1379.000 0.556
1380.000 0.604
1381.000 0.515
1382.000 0.499
1383.000 0.413
1384.000 0.480
1385.000 0.507
1386.000 0.492
1387.000 0.471
1388.000 0.501
1389.000 0.471
1390.000 0.374
1391.000 0.317
1392.000 0.328
1393.000 0.457
1394.000 0.468
1395.000 0.412
1396.000 0.357
1397.000 0.379
1398.000 0.304
1399.000 0.387
1400.000 0.300
1401.000 0.333
1402.000 0.277
1403.000 0.254
1404.000 0.265
1405.000 0.253
1406.000 0.421
1407.000 0.286
1408.000 0.458
1409.000 0.513
1410.000 0.345
1411.000 0.508
1412.000 0.656
1413.000 0.729
1414.000 0.638
1415.000 0.573
1416.000 0.462
1417.000 0.277
1418.000 0.373
1419.000 0.320
1420.000 0.325
1421.000 0.760
1422.000 0.521
1423.000 0.528
1424.000 0.442
1425.000 0.270
1426.000 0.197
1427.000 0.306
1428.000 0.425
1429.000 0.514
1430.000 0.517
1431.000 0.432
1432.000 0.483
1433.000 0.484
1434.000 0.644
1435.000 0.620
1436.000 0.628
1437.000 0.635
1438.000 0.664
1439.000 0.773
1440.000 0.606
1441.000 0.510
1442.000 0.719
1443.000 0.597
1444.000 0.534
1445.000 0.478
1446.000 0.441
1447.000 0.429
1448.000 0.321
1449.000 0.228
1450.000 0.139
1451.000 0.177
1452.000 0.204
1453.000 0.201
1454.000 0.228
1455.000 0.226
1456.000 0.222
1457.000 0.199
1458.000 0.148
1459.000 0.132
1460.000 0.125
1461.000 0.124
1462.000 0.105
1463.000 0.128
1464.000 0.137
1465.000 0.149
1466.000 0.194
1467.000 0.199
1468.000 0.155
1469.000 0.145
1470.000 0.139
1471.000 0.135
1472.000 0.134
1473.000 0.131
1474.000 0.194
1475.000 0.210
1476.000 0.237
1477.000 0.230
1478.000 0.165
1479.000 0.155
1480.000 0.138
1481.000 0.133
1482.000 0.126
1483.000 0.123
1484.000 0.133
1485.000 0.134
1486.000 0.116
1487.000 0.120
1488.000 0.134
1489.000 0.139
1490.000 0.141
1491.000 0.143
1492.000 0.144
1493.000 0.145
1494.000 0.148
1495.000 0.151
1496.000 0.157
1497.000 0.160
1498.000 0.160
1499.000 0.162
1500.000 0.161
1501.000 0.161
1502.000 0.159
1503.000 0.160
1504.000 0.159
1505.000 0.156
1506.000 0.157
1507.000 0.159
1508.000 0.162
1509.000 0.166
1510.000 0.169
1511.000 0.170
1512.000 0.172
1513.000 0.173
1514.000 0.174
1515.000 0.175
1516.000 0.178
1517.000 0.180
1518.000 0.182
1519.000 0.184
1520.000 0.185
1521.000 0.186
1522.000 0.187
1523.000 0.187
1524.000 0.188
1525.000 0.187
1526.000 0.188
1527.000 0.190
1528.000 0.192
1529.000 0.195
1530.000 0.196
1531.000 0.198
1532.000 0.199
1533.000 0.200
1534.000 0.201
1535.000 0.201
1536.000 0.201
1537.000 0.202
1538.000 0.204
1539.000 0.206
1540.000 0.207
1541.000 0.209
1542.000 0.211
1543.000 0.213
1544.000 0.215
1545.000 0.215
1546.000 0.217
1547.000 0.217
1548.000 0.218
1549.000 0.220
1550.000 0.221
1551.000 0.221
1552.000 0.222
1553.000 0.221
1554.000 0.223
1555.000 0.226
1556.000 0.229
1557.000 0.232
1558.000 0.234
1559.000 0.234
1560.000 0.234
1561.000 0.233
1562.000 0.234
1563.000 0.236
1564.000 0.238
1565.000 0.240
1566.000 0.241
1567.000 0.240
1568.000 0.240
1569.000 0.241
1570.000 0.242
1571.000 0.243
1572.000 0.244
1573.000 0.243
1574.000 0.243
1575.000 0.242
1576.000 0.242
1577.000 0.243
1578.000 0.245
1579.000 0.250
1580.000 0.252
1581.000 0.256
1582.000 0.257
1583.000 0.257
1584.000 0.258
1585.000 0.260
1586.000 0.260
1587.000 0.261
1588.000 0.262
1589.000 0.263
1590.000 0.264
1591.000 0.266
1592.000 0.267
1593.000 0.267
1594.000 0.267
1595.000 0.266
1596.000 0.266
1597.000 0.268
1598.000 0.268
1599.000 0.268
1600.000 0.269
1601.000 0.268
1602.000 0.269
1603.000 0.271
1604.000 0.272
1605.000 0.273
1606.000 0.274
1607.000 0.274
1608.000 0.275
1609.000 0.275
1610.000 0.276
1611.000 0.276
1612.000 0.277
1613.000 0.277
1614.000 0.278
1615.000 0.279
1616.000 0.280
1617.000 0.283
1618.000 0.283
1619.000 0.282
1620.000 0.282
1621.000 0.281
1622.000 0.281
1623.000 0.284
1624.000 0.286
1625.000 0.288
1626.000 0.289
1627.000 0.292
1628.000 0.292
1629.000 0.291
1630.000 0.291
1631.000 0.290
1632.000 0.290
1633.000 0.294
1634.000 0.294
1635.000 0.294
1636.000 0.294
1637.000 0.292
1638.000 0.292
1639.000 0.292
1640.000 0.292
1641.000 0.293
1642.000 0.293
1643.000 0.294
1644.000 0.295
1645.000 0.297
1646.000 0.299
1647.000 0.300
1648.000 0.300
1649.000 0.300
1650.000 0.300
1651.000 0.300
1652.000 0.300
1653.000 0.299
1654.000 0.299
1655.000 0.297
1656.000 0.297
1657.000 0.299
1658.000 0.300
1659.000 0.299
1660.000 0.300
1661.000 0.299
1662.000 0.300
1663.000 0.303
1664.000 0.304
1665.000 0.305
1666.000 0.305
1667.000 0.305
1668.000 0.304
1669.000 0.301
1670.000 0.300
1671.000 0.300
1672.000 0.300
1673.000 0.302
1674.000 0.303
1675.000 0.302
1676.000 0.302
1677.000 0.300
1678.000 0.300
1679.000 0.302
1680.000 0.301
1681.000 0.298
1682.000 0.298
1683.000 0.296
1684.000 0.296
1685.000 0.300
1686.000 0.301
1687.000 0.301
1688.000 0.302
1689.000 0.302
1690.000 0.302
1691.000 0.302
1692.000 0.301
1693.000 0.302
1694.000 0.302
1695.000 0.302
1696.000 0.300
1697.000 0.297
1698.000 0.297
1699.000 0.298
1700.000 0.299
1701.000 0.301
1702.000 0.301
1703.000 0.298
1704.000 0.298
1705.000 0.296
1706.000 0.296
1707.000 0.297
1708.000 0.297
1709.000 0.297
1710.000 0.296
1711.000 0.294
1712.000 0.292
1713.000 0.292
1714.000 0.291
1715.000 0.293
1716.000 0.294
1717.000 0.294
1718.000 0.294
1719.000 0.297
1720.000 0.297
1721.000 0.294
1722.000 0.292
1723.000 0.287
1724.000 0.284
1725.000 0.286
1726.000 0.285
1727.000 0.286
1728.000 0.286
1729.000 0.284
1730.000 0.282
1731.000 0.282
1732.000 0.282
1733.000 0.284
1734.000 0.285
1735.000 0.284
1736.000 0.284
1737.000 0.285
1738.000 0.286
1739.000 0.289
1740.000 0.290
1741.000 0.290
1742.000 0.290
1743.000 0.290
1744.000 0.287
1745.000 0.284
1746.000 0.282
1747.000 0.279
1748.000 0.276
1749.000 0.274
1750.000 0.273
1751.000 0.272
1752.000 0.273
1753.000 0.271
1754.000 0.267
1755.000 0.265
1756.000 0.261
1757.000 0.260
1758.000 0.263
1759.000 0.262
1760.000 0.261
1761.000 0.262
1762.000 0.260
1763.000 0.259
1764.000 0.259
1765.000 0.258
1766.000 0.260
1767.000 0.261
1768.000 0.265
1769.000 0.266
1770.000 0.264
1771.000 0.265
1772.000 0.260
1773.000 0.249
1774.000 0.248
1775.000 0.248
1776.000 0.248
1777.000 0.260
1778.000 0.261
1779.000 0.250
1780.000 0.259
1781.000 0.261
1782.000 0.256
1783.000 0.258
1784.000 0.250
1785.000 0.255
1786.000 0.258
1787.000 0.269
1788.000 0.271
1789.000 0.254
1790.000 0.241
1791.000 0.229
1792.000 0.222
1793.000 0.211
1794.000 0.228
1795.000 0.260
1796.000 0.296
1797.000 0.344
1798.000 0.402
1799.000 0.385
1800.000 0.301
1801.000 0.410
1802.000 0.510
1803.000 0.590
1804.000 0.375
1805.000 0.394
1806.000 0.465
1807.000 0.507
1808.000 0.466
1809.000 0.392
1810.000 0.459
1811.000 0.368
1812.000 0.385
1813.000 0.362
1814.000 0.376
1815.000 0.354
1816.000 0.385
1817.000 0.395
1818.000 0.464
1819.000 0.322
1820.000 0.336
1821.000 0.287
1822.000 0.377
1823.000 0.505
1824.000 0.512
1825.000 0.592
1826.000 0.739
1827.000 0.624
1828.000 0.629
1829.000 0.557
1830.000 0.299
1831.000 0.333
1832.000 0.287
1833.000 0.267
1834.000 0.243
1835.000 0.226
1836.000 0.278
1837.000 0.438
1838.000 0.566
1839.000 0.713
1840.000 0.541
1841.000 0.393
1842.000 0.426
1843.000 0.582
1844.000 0.404
1845.000 0.271
1846.000 0.285
1847.000 0.282
1848.000 0.578
1849.000 0.466
1850.000 0.536
1851.000 0.499
1852.000 0.487
1853.000 0.591
1854.000 0.596
1855.000 0.602
1856.000 0.341
1857.000 0.423
1858.000 0.709
1859.000 0.817
1860.000 0.646
1861.000 0.549
1862.000 0.434
1863.000 0.534
1864.000 0.547
1865.000 0.524
1866.000 0.516
1867.000 0.525
1868.000 0.611
1869.000 0.566
1870.000 0.620
1871.000 0.496
1872.000 0.299
1873.000 0.351
1874.000 0.394
1875.000 0.488
1876.000 0.407
1877.000 0.659
1878.000 0.669
1879.000 0.696
1880.000 0.687
1881.000 0.500
1882.000 0.550
1883.000 0.491
1884.000 0.589
1885.000 0.350
1886.000 0.268
1887.000 0.169
1888.000 0.310
1889.000 0.262
1890.000 0.463
1891.000 0.182
1892.000 0.669
1893.000 0.572
1894.000 0.599
1895.000 0.407
1896.000 0.403
1897.000 0.615
1898.000 0.670
1899.000 0.636
1900.000 0.522
1901.000 0.540
1902.000 0.377
1903.000 0.543
1904.000 0.545
1905.000 0.574
1906.000 0.452
1907.000 0.455
1908.000 0.483
1909.000 0.721
1910.000 0.611
1911.000 0.421
1912.000 0.397
1913.000 0.444
1914.000 0.356
1915.000 0.396
1916.000 0.465
1917.000 0.491
1918.000 0.463
1919.000 0.374
1920.000 0.430
1921.000 0.415
1922.000 0.538
1923.000 0.547
1924.000 0.531
1925.000 0.377
1926.000 0.249
1927.000 0.266
1928.000 0.260
1929.000 0.330
1930.000 0.517
1931.000 0.472
1932.000 0.454
1933.000 0.230
1934.000 0.223
1935.000 0.269
1936.000 0.233
1937.000 0.394
1938.000 0.514
1939.000 0.470
1940.000 0.489
1941.000 0.325
1942.000 0.377
1943.000 0.410
1944.000 0.378
1945.000 0.360
1946.000 0.258
1947.000 0.357
1948.000 0.247
1949.000 0.308
1950.000 0.494
1951.000 0.539
1952.000 0.332
1953.000 0.285
1954.000 0.292
1955.000 0.315
1956.000 0.336
1957.000 0.499
1958.000 0.371
1959.000 0.388
1960.000 0.393
1961.000 0.311
1962.000 0.306
1963.000 0.237
1964.000 0.205
1965.000 0.141
1966.000 0.511
1967.000 0.533
1968.000 0.519
1969.000 0.556
1970.000 0.538
1971.000 0.573
1972.000 0.528
1973.000 0.529
1974.000 0.518
1975.000 0.500
1976.000 0.506
1977.000 0.427
1978.000 0.414
1979.000 0.526
1980.000 0.390
1981.000 0.515
1982.000 0.457
1983.000 0.421
1984.000 0.360
1985.000 0.224
1986.000 0.196
1987.000 0.243
1988.000 0.258
1989.000 0.307
1990.000 0.271
1991.000 0.208
1992.000 0.283
1993.000 0.281
1994.000 0.454
1995.000 0.426
1996.000 0.585
1997.000 0.198
1998.000 0.415
1999.000 0.339
2000.000 0.332
2001.000 0.303
2002.000 0.280
2003.000 0.338
2004.000 0.533
2005.000 0.473
2006.000 0.423
2007.000 0.320
2008.000 0.512
2009.000 0.335
2010.000 0.402
2011.000 0.509
2012.000 0.463
2013.000 0.417
2014.000 0.389
2015.000 0.398
2016.000 0.290
2017.000 0.419
2018.000 0.571
2019.000 0.415
2020.000 0.286
2021.000 0.302
2022.000 0.337
2023.000 0.377
2024.000 0.311
2025.000 0.405
2026.000 0.498
2027.000 0.386
2028.000 0.337
2029.000 0.309
2030.000 0.366
2031.000 0.343
2032.000 0.290
2033.000 0.303
2034.000 0.229
2035.000 0.212
2036.000 0.312
2037.000 0.277
2038.000 0.314
2039.000 0.311
2040.000 0.325
2041.000 0.412
2042.000 0.444
2043.000 0.460
2044.000 0.414
2045.000 0.307
2046.000 0.231
2047.000 0.232
2048.000 0.236
2049.000 0.249
2050.000 0.377
2051.000 0.367
2052.000 0.339
2053.000 0.329
2054.000 0.196
2055.000 0.177
2056.000 0.167
2057.000 0.170
2058.000 0.208
2059.000 0.266
2060.000 0.234
2061.000 0.237
2062.000 0.201
2063.000 0.200
2064.000 0.206
2065.000 0.192
2066.000 0.201
2067.000 0.286
2068.000 0.294
2069.000 0.336
2070.000 0.399
2071.000 0.320
2072.000 0.298
2073.000 0.246
2074.000 0.224
2075.000 0.230
2076.000 0.220
2077.000 0.251
2078.000 0.220
2079.000 0.186
2080.000 0.173
2081.000 0.162
2082.000 0.160
2083.000 0.175
2084.000 0.185
2085.000 0.195
2086.000 0.198
2087.000 0.202
2088.000 0.203
2089.000 0.201
2090.000 0.187
2091.000 0.180
2092.000 0.171
2093.000 0.172
2094.000 0.179
2095.000 0.189
2096.000 0.219
2097.000 0.224
2098.000 0.219
2099.000 0.217
2100.000 0.189
2101.000 0.178
2102.000 0.186
2103.000 0.188
2104.000 0.189
2105.000 0.207
2106.000 0.209
2107.000 0.210
2108.000 0.193
2109.000 0.181
2110.000 0.171
2111.000 0.164
2112.000 0.163
2113.000 0.159
2114.000 0.161
2115.000 0.173
2116.000 0.181
2117.000 0.182
2118.000 0.173
2119.000 0.178
2120.000 0.176
2121.000 0.171
2122.000 0.171
2123.000 0.168
2124.000 0.167
2125.000 0.167
2126.000 0.166
2127.000 0.171
2128.000 0.178
2129.000 0.178
2130.000 0.181
2131.000 0.183
2132.000 0.187
2133.000 0.180
2134.000 0.161
2135.000 0.156
2136.000 0.145
2137.000 0.143
2138.000 0.153
2139.000 0.170
2140.000 0.178
2141.000 0.185
2142.000 0.187
2143.000 0.175
2144.000 0.178
2145.000 0.190
2146.000 0.194
2147.000 0.197
2148.000 0.197
2149.000 0.178
2150.000 0.181
2151.000 0.196
2152.000 0.199
2153.000 0.209
2154.000 0.210
2155.000 0.198
2156.000 0.180
2157.000 0.185
2158.000 0.196
2159.000 0.195
2160.000 0.197
2161.000 0.197
2162.000 0.175
2163.000 0.167
2164.000 0.160
2165.000 0.155
2166.000 0.156
2167.000 0.159
2168.000 0.167
2169.000 0.171
2170.000 0.178
2171.000 0.182
2172.000 0.181
2173.000 0.183
2174.000 0.187
2175.000 0.189
2176.000 0.194
2177.000 0.199
2178.000 0.198
2179.000 0.195
2180.000 0.194
2181.000 0.194
2182.000 0.199
2183.000 0.211
2184.000 0.215
2185.000 0.208
2186.000 0.202
2187.000 0.188
2188.000 0.187
2189.000 0.183
2190.000 0.182
2191.000 0.180
2192.000 0.177
2193.000 0.171
2194.000 0.171
2195.000 0.171
2196.000 0.177
2197.000 0.193
2198.000 0.204
2199.000 0.224
2200.000 0.238
2201.000 0.248
2202.000 0.245
2203.000 0.237
2204.000 0.232
2205.000 0.209
2206.000 0.196
2207.000 0.181
2208.000 0.164
2209.000 0.163
2210.000 0.174
2211.000 0.179
2212.000 0.193
2213.000 0.193
2214.000 0.187
2215.000 0.185
2216.000 0.176
2217.000 0.179
2218.000 0.194
2219.000 0.196
2220.000 0.197
2221.000 0.203
2222.000 0.210
2223.000 0.209
2224.000 0.213
2225.000 0.212
2226.000 0.193
2227.000 0.180
2228.000 0.182
2229.000 0.192
2230.000 0.196
2231.000 0.194
2232.000 0.197
2233.000 0.186
2234.000 0.175
2235.000 0.180
2236.000 0.173
2237.000 0.174
2238.000 0.174
2239.000 0.188
2240.000 0.191
2241.000 0.188
2242.000 0.186
2243.000 0.179
2244.000 0.174
2245.000 0.168
2246.000 0.177
2247.000 0.173
2248.000 0.174
2249.000 0.175
2250.000 0.197
2251.000 0.194
2252.000 0.206
2253.000 0.222
2254.000 0.231
2255.000 0.238
2256.000 0.234
2257.000 0.219
2258.000 0.192
2259.000 0.181
2260.000 0.177
2261.000 0.185
2262.000 0.190
2263.000 0.230
2264.000 0.251
2265.000 0.229
2266.000 0.218
2267.000 0.202
2268.000 0.175
2269.000 0.172
2270.000 0.168
2271.000 0.168
2272.000 0.158
2273.000 0.146
2274.000 0.134
2275.000 0.143
2276.000 0.153
2277.000 0.153
2278.000 0.169
2279.000 0.166
2280.000 0.131
2281.000 0.124
2282.000 0.125
2283.000 0.130
2284.000 0.149
2285.000 0.166
2286.000 0.172
2287.000 0.182
2288.000 0.235
2289.000 0.256
2290.000 0.256
2291.000 0.250
2292.000 0.192
2293.000 0.179
2294.000 0.183
2295.000 0.184
2296.000 0.199
2297.000 0.238
2298.000 0.241
2299.000 0.197
2300.000 0.171
2301.000 0.162
2302.000 0.154
2303.000 0.144
2304.000 0.188
2305.000 0.170
2306.000 0.194
2307.000 0.184
2308.000 0.154
2309.000 0.140
2310.000 0.102
2311.000 0.098
2312.000 0.129
2313.000 0.160
2314.000 0.182
2315.000 0.197
2316.000 0.217
2317.000 0.225
2318.000 0.245
2319.000 0.305
2320.000 0.393
2321.000 0.362
2322.000 0.469
2323.000 0.492
2324.000 0.249
2325.000 0.362
2326.000 0.411
2327.000 0.468
2328.000 0.462
2329.000 0.552
2330.000 0.499
2331.000 0.343
2332.000 0.319
2333.000 0.197
2334.000 0.370
2335.000 0.279
2336.000 0.493
2337.000 0.491
2338.000 0.483
2339.000 0.432
2340.000 0.672
2341.000 0.464
2342.000 0.410
2343.000 0.208
2344.000 0.393
2345.000 0.301
2346.000 0.419
2347.000 0.283
2348.000 0.301
2349.000 0.370
2350.000 0.335
2351.000 0.315
2352.000 0.323
2353.000 0.336
2354.000 0.352
2355.000 0.268
2356.000 0.250
2357.000 0.202
2358.000 0.279
2359.000 0.259
2360.000 0.247
2361.000 0.209
2362.000 0.176
2363.000 0.195
2364.000 0.302
2365.000 0.468
2366.000 0.657
2367.000 0.527
2368.000 0.462
2369.000 0.546
2370.000 0.469
2371.000 0.223
2372.000 0.309
2373.000 0.506
2374.000 0.444
2375.000 0.558
2376.000 0.425
2377.000 0.281
2378.000 0.247
2379.000 0.219
2380.000 0.276
2381.000 0.317
2382.000 0.487
2383.000 0.239
2384.000 0.344
2385.000 0.499
2386.000 0.504
2387.000 0.382
2388.000 0.455
2389.000 0.688
2390.000 0.460
2391.000 0.329
2392.000 0.316
2393.000 0.454
2394.000 0.540
2395.000 0.350
2396.000 0.397
2397.000 0.472
2398.000 0.533
2399.000 0.253
2400.000 0.308
2401.000 0.255
2402.000 0.116
2403.000 0.249
2404.000 0.342
2405.000 0.510
2406.000 0.417
2407.000 0.382
2408.000 0.365
2409.000 0.426
2410.000 0.568
2411.000 0.552
2412.000 0.461
2413.000 0.439
2414.000 0.454
2415.000 0.284
2416.000 0.232
2417.000 0.331
2418.000 0.378
2419.000 0.392
2420.000 0.425
2421.000 0.462
2422.000 0.569
2423.000 0.520
2424.000 0.448
2425.000 0.483
2426.000 0.601
2427.000 0.283
2428.000 0.476
2429.000 0.542
2430.000 0.447
2431.000 0.470
2432.000 0.437
2433.000 0.360
2434.000 0.272
2435.000 0.238
2436.000 0.330
2437.000 0.369
2438.000 0.257
2439.000 0.236
2440.000 0.150
2441.000 0.215
2442.000 0.245
2443.000 0.248
2444.000 0.423
2445.000 0.386
2446.000 0.279
2447.000 0.247
2448.000 0.267
2449.000 0.251
2450.000 0.276
2451.000 0.308
2452.000 0.304
2453.000 0.469
2454.000 0.459
2455.000 0.473
2456.000 0.517
2457.000 0.620
2458.000 0.694
2459.000 0.777
2460.000 0.551
2461.000 0.355
2462.000 0.349
2463.000 0.363
2464.000 0.402
2465.000 0.318
2466.000 0.252
2467.000 0.303
2468.000 0.335
2469.000 0.279
2470.000 0.158
2471.000 0.211
2472.000 0.360
2473.000 0.421
2474.000 0.514
2475.000 0.569
2476.000 0.599
2477.000 0.602
2478.000 0.464
2479.000 0.663
2480.000 0.390
2481.000 0.490
2482.000 0.253
2483.000 0.311
2484.000 0.351
2485.000 0.398
2486.000 0.396
2487.000 0.240
2488.000 0.215
2489.000 0.207
2490.000 0.324
2491.000 0.409
2492.000 0.487
2493.000 0.269
2494.000 0.227
2495.000 0.161
2496.000 0.336
2497.000 0.254
2498.000 0.436
2499.000 0.424
2500.000 0.421
