391.000 0.027
392.000 0.027
393.000 0.026
394.000 0.027
395.000 0.030
396.000 0.031
397.000 0.027
398.000 0.025
399.000 0.026
400.000 0.028
401.000 0.026
402.000 0.025
403.000 0.025
404.000 0.026
405.000 0.025
406.000 0.026
407.000 0.027
408.000 0.027
409.000 0.026
410.000 0.024
411.000 0.025
412.000 0.028
413.000 0.025
414.000 0.026
415.000 0.027
416.000 0.026
417.000 0.026
418.000 0.025
419.000 0.026
420.000 0.027
421.000 0.026
422.000 0.026
423.000 0.026
424.000 0.028
425.000 0.028
426.000 0.027
427.000 0.028
428.000 0.027
429.000 0.027
430.000 0.027
431.000 0.027
432.000 0.028
433.000 0.027
434.000 0.026
435.000 0.027
436.000 0.027
437.000 0.026
438.000 0.026
439.000 0.026
440.000 0.027
441.000 0.027
442.000 0.026
443.000 0.027
444.000 0.027
445.000 0.026
446.000 0.028
447.000 0.028
448.000 0.027
449.000 0.028
450.000 0.028
451.000 0.028
452.000 0.028
453.000 0.028
454.000 0.028
455.000 0.028
456.000 0.027
457.000 0.028
458.000 0.028
459.000 0.027
460.000 0.028
461.000 0.028
462.000 0.028
463.000 0.029
464.000 0.028
465.000 0.028
466.000 0.027
467.000 0.027
468.000 0.028
469.000 0.028
470.000 0.028
471.000 0.028
472.000 0.027
473.000 0.027
474.000 0.028
475.000 0.028
476.000 0.027
477.000 0.028
478.000 0.028
479.000 0.028
480.000 0.028
481.000 0.029
482.000 0.028
483.000 0.028
484.000 0.028
485.000 0.028
486.000 0.028
487.000 0.028
488.000 0.028
489.000 0.028
490.000 0.029
491.000 0.029
492.000 0.029
493.000 0.029
494.000 0.029
495.000 0.029
496.000 0.029
497.000 0.028
498.000 0.029
499.000 0.029
500.000 0.030
501.000 0.031
502.000 0.031
503.000 0.030
504.000 0.031
505.000 0.032
506.000 0.032
507.000 0.033
508.000 0.034
509.000 0.034
510.000 0.035
511.000 0.036
512.000 0.038
513.000 0.040
514.000 0.041
515.000 0.042
516.000 0.043
517.000 0.045
518.000 0.047
519.000 0.049
520.000 0.051
521.000 0.052
522.000 0.054
523.000 0.057
524.000 0.059
525.000 0.061
526.000 0.063
527.000 0.065
528.000 0.067
529.000 0.069
530.000 0.071
531.000 0.072
532.000 0.073
533.000 0.075
534.000 0.076
535.000 0.076
536.000 0.077
537.000 0.079
538.000 0.079
539.000 0.079
540.000 0.080
541.000 0.081
542.000 0.081
543.000 0.081
544.000 0.081
545.000 0.082
546.000 0.082
547.000 0.082
548.000 0.082
549.000 0.083
550.000 0.083
551.000 0.083
552.000 0.083
553.000 0.083
554.000 0.083
555.000 0.082
556.000 0.082
557.000 0.081
558.000 0.081
559.000 0.080
560.000 0.080
561.000 0.079
562.000 0.077
563.000 0.076
564.000 0.075
565.000 0.073
566.000 0.072
567.000 0.071
568.000 0.069
569.000 0.068
570.000 0.067
571.000 0.065
572.000 0.063
573.000 0.062
574.000 0.062
575.000 0.061
576.000 0.059
577.000 0.058
578.000 0.057
579.000 0.056
580.000 0.056
581.000 0.055
582.000 0.054
583.000 0.053
584.000 0.052
585.000 0.052
586.000 0.052
587.000 0.051
588.000 0.050
589.000 0.049
590.000 0.049
591.000 0.049
592.000 0.049
593.000 0.049
594.000 0.048
595.000 0.048
596.000 0.048
597.000 0.048
598.000 0.048
599.000 0.047
600.000 0.047
601.000 0.047
602.000 0.047
603.000 0.047
604.000 0.046
605.000 0.045
606.000 0.045
607.000 0.045
608.000 0.044
609.000 0.044
610.000 0.044
611.000 0.043
612.000 0.043
613.000 0.042
614.000 0.042
615.000 0.042
616.000 0.041
617.000 0.040
618.000 0.040
619.000 0.040
620.000 0.040
621.000 0.039
622.000 0.039
623.000 0.039
624.000 0.039
625.000 0.039
626.000 0.039
627.000 0.038
628.000 0.038
629.000 0.039
630.000 0.038
631.000 0.038
632.000 0.038
633.000 0.039
634.000 0.038
635.000 0.038
636.000 0.038
637.000 0.037
638.000 0.037
639.000 0.036
640.000 0.035
641.000 0.036
642.000 0.035
643.000 0.034
644.000 0.034
645.000 0.034
646.000 0.033
647.000 0.032
648.000 0.033
649.000 0.033
650.000 0.032
651.000 0.031
652.000 0.031
653.000 0.031
654.000 0.031
655.000 0.032
656.000 0.031
657.000 0.031
658.000 0.031
659.000 0.031
660.000 0.030
661.000 0.030
662.000 0.030
663.000 0.029
664.000 0.030
665.000 0.030
666.000 0.030
667.000 0.031
668.000 0.030
669.000 0.030
670.000 0.030
671.000 0.030
672.000 0.030
673.000 0.030
674.000 0.031
675.000 0.031
676.000 0.031
677.000 0.032
678.000 0.031
679.000 0.032
680.000 0.032
681.000 0.031
682.000 0.033
683.000 0.034
684.000 0.034
685.000 0.035
686.000 0.036
687.000 0.038
688.000 0.039
689.000 0.041
690.000 0.042
691.000 0.044
692.000 0.046
693.000 0.049
694.000 0.053
695.000 0.059
696.000 0.064
697.000 0.069
698.000 0.074
699.000 0.081
700.000 0.088
701.000 0.097
702.000 0.105
703.000 0.113
704.000 0.121
705.000 0.130
706.000 0.139
707.000 0.148
708.000 0.157
709.000 0.166
710.000 0.175
711.000 0.185
712.000 0.195
713.000 0.206
714.000 0.216
715.000 0.226
716.000 0.237
717.000 0.248
718.000 0.260
719.000 0.273
720.000 0.286
721.000 0.298
722.000 0.308
723.000 0.318
724.000 0.330
725.000 0.342
726.000 0.354
727.000 0.364
728.000 0.375
729.000 0.386
730.000 0.396
731.000 0.406
732.000 0.416
733.000 0.425
734.000 0.433
735.000 0.441
736.000 0.449
737.000 0.457
738.000 0.464
739.000 0.471
740.000 0.478
741.000 0.484
742.000 0.490
743.000 0.495
744.000 0.500
745.000 0.505
746.000 0.510
747.000 0.513
748.000 0.517
749.000 0.521
750.000 0.524
751.000 0.527
752.000 0.530
753.000 0.532
754.000 0.535
755.000 0.537
756.000 0.539
757.000 0.541
758.000 0.543
759.000 0.544
760.000 0.547
761.000 0.551
762.000 0.554
763.000 0.555
764.000 0.555
765.000 0.555
766.000 0.555
767.000 0.555
768.000 0.556
769.000 0.556
770.000 0.556
771.000 0.557
772.000 0.558
773.000 0.558
774.000 0.559
775.000 0.559
776.000 0.560
777.000 0.561
778.000 0.561
779.000 0.562
780.000 0.562
781.000 0.563
782.000 0.564
783.000 0.564
784.000 0.564
785.000 0.565
786.000 0.565
787.000 0.566
788.000 0.566
789.000 0.567
790.000 0.568
791.000 0.568
792.000 0.568
793.000 0.569
794.000 0.569
795.000 0.570
796.000 0.570
797.000 0.571
798.000 0.571
799.000 0.571
800.000 0.572
801.000 0.572
802.000 0.573
803.000 0.574
804.000 0.574
805.000 0.575
806.000 0.575
807.000 0.575
808.000 0.576
809.000 0.576
810.000 0.577
811.000 0.576
812.000 0.577
813.000 0.577
814.000 0.577
815.000 0.578
816.000 0.578
817.000 0.578
818.000 0.579
819.000 0.580
820.000 0.580
821.000 0.580
822.000 0.581
823.000 0.581
824.000 0.582
825.000 0.582
826.000 0.582
827.000 0.582
828.000 0.583
829.000 0.583
830.000 0.584
831.000 0.584
832.000 0.585
833.000 0.585
834.000 0.585
835.000 0.586
836.000 0.586
837.000 0.586
838.000 0.587
839.000 0.587
840.000 0.588
841.000 0.588
842.000 0.588
843.000 0.589
844.000 0.589
845.000 0.589
846.000 0.590
847.000 0.590
848.000 0.591
849.000 0.591
850.000 0.592
851.000 0.592
852.000 0.593
853.000 0.593
854.000 0.593
855.000 0.593
856.000 0.593
857.000 0.594
858.000 0.594
859.000 0.594
860.000 0.595
861.000 0.595
862.000 0.595
863.000 0.595
864.000 0.596
865.000 0.596
866.000 0.597
867.000 0.597
868.000 0.597
869.000 0.598
870.000 0.598
871.000 0.598
872.000 0.598
873.000 0.599
874.000 0.599
875.000 0.600
876.000 0.600
877.000 0.600
878.000 0.600
879.000 0.601
880.000 0.601
881.000 0.601
882.000 0.601
883.000 0.602
884.000 0.602
885.000 0.602
886.000 0.603
887.000 0.603
888.000 0.603
889.000 0.604
890.000 0.604
891.000 0.604
892.000 0.604
893.000 0.604
894.000 0.605
895.000 0.605
896.000 0.604
897.000 0.604
898.000 0.604
899.000 0.605
900.000 0.604
901.000 0.604
902.000 0.604
903.000 0.605
904.000 0.606
905.000 0.606
906.000 0.606
907.000 0.607
908.000 0.606
909.000 0.606
910.000 0.606
911.000 0.606
912.000 0.607
913.000 0.606
914.000 0.607
915.000 0.607
916.000 0.608
917.000 0.608
918.000 0.607
919.000 0.608
920.000 0.609
921.000 0.609
922.000 0.608
923.000 0.608
924.000 0.610
925.000 0.610
926.000 0.609
927.000 0.607
928.000 0.606
929.000 0.605
930.000 0.604
931.000 0.602
932.000 0.597
933.000 0.593
934.000 0.591
935.000 0.591
936.000 0.590
937.000 0.585
938.000 0.585
939.000 0.590
940.000 0.594
941.000 0.597
942.000 0.596
943.000 0.592
944.000 0.590
945.000 0.591
946.000 0.591
947.000 0.588
948.000 0.588
949.000 0.589
950.000 0.587
951.000 0.583
952.000 0.584
953.000 0.583
954.000 0.581
955.000 0.578
956.000 0.578
957.000 0.586
958.000 0.589
959.000 0.584
960.000 0.583
961.000 0.585
962.000 0.584
963.000 0.581
964.000 0.586
965.000 0.590
966.000 0.587
967.000 0.583
968.000 0.587
969.000 0.587
970.000 0.587
971.000 0.588
972.000 0.588
973.000 0.588
974.000 0.586
975.000 0.584
976.000 0.587
977.000 0.588
978.000 0.588
979.000 0.589
980.000 0.589
981.000 0.588
982.000 0.590
983.000 0.593
984.000 0.592
985.000 0.592
986.000 0.594
987.000 0.595
988.000 0.597
989.000 0.596
990.000 0.595
991.000 0.596
992.000 0.597
993.000 0.594
994.000 0.594
995.000 0.596
996.000 0.598
997.000 0.598
998.000 0.598
999.000 0.598
1000.000 0.598
1001.000 0.608
1002.000 0.608
1003.000 0.609
1004.000 0.610
1005.000 0.609
1006.000 0.610
1007.000 0.609
1008.000 0.609
1009.000 0.609
1010.000 0.610
1011.000 0.611
1012.000 0.612
1013.000 0.613
1014.000 0.614
1015.000 0.615
1016.000 0.615
1017.000 0.616
1018.000 0.616
1019.000 0.618
1020.000 0.617
1021.000 0.618
1022.000 0.620
1023.000 0.620
1024.000 0.621
1025.000 0.622
1026.000 0.623
1027.000 0.623
1028.000 0.624
1029.000 0.624
1030.000 0.625
1031.000 0.625
1032.000 0.627
1033.000 0.629
1034.000 0.630
1035.000 0.631
1036.000 0.632
1037.000 0.631
1038.000 0.631
1039.000 0.632
1040.000 0.633
1041.000 0.634
1042.000 0.634
1043.000 0.633
1044.000 0.633
1045.000 0.634
1046.000 0.634
1047.000 0.637
1048.000 0.638
1049.000 0.639
1050.000 0.640
1051.000 0.640
1052.000 0.639
1053.000 0.639
1054.000 0.639
1055.000 0.640
1056.000 0.641
1057.000 0.642
1058.000 0.643
1059.000 0.643
1060.000 0.644
1061.000 0.644
1062.000 0.644
1063.000 0.644
1064.000 0.645
1065.000 0.645
1066.000 0.645
1067.000 0.647
1068.000 0.647
1069.000 0.647
1070.000 0.647
1071.000 0.647
1072.000 0.647
1073.000 0.648
1074.000 0.647
1075.000 0.647
1076.000 0.647
1077.000 0.647
1078.000 0.646
1079.000 0.647
1080.000 0.648
1081.000 0.647
1082.000 0.647
1083.000 0.646
1084.000 0.645
1085.000 0.646
1086.000 0.646
1087.000 0.647
1088.000 0.647
1089.000 0.648
1090.000 0.648
1091.000 0.648
1092.000 0.648
1093.000 0.647
1094.000 0.648
1095.000 0.648
1096.000 0.648
1097.000 0.648
1098.000 0.648
1099.000 0.648
1100.000 0.648
1101.000 0.648
1102.000 0.646
1103.000 0.645
1104.000 0.645
1105.000 0.645
1106.000 0.644
1107.000 0.645
1108.000 0.645
1109.000 0.645
1110.000 0.645
1111.000 0.645
1112.000 0.645
1113.000 0.645
1114.000 0.642
1115.000 0.640
1116.000 0.639
1117.000 0.635
1118.000 0.634
1119.000 0.633
1120.000 0.629
1121.000 0.625
1122.000 0.621
1123.000 0.619
1124.000 0.621
1125.000 0.620
1126.000 0.623
1127.000 0.624
1128.000 0.620
1129.000 0.619
1130.000 0.625
1131.000 0.627
1132.000 0.624
1133.000 0.618
1134.000 0.612
1135.000 0.607
1136.000 0.609
1137.000 0.611
1138.000 0.609
1139.000 0.605
1140.000 0.599
1141.000 0.587
1142.000 0.584
1143.000 0.582
1144.000 0.583
1145.000 0.590
1146.000 0.591
1147.000 0.593
1148.000 0.589
1149.000 0.585
1150.000 0.581
1151.000 0.576
1152.000 0.572
1153.000 0.569
1154.000 0.566
1155.000 0.565
1156.000 0.566
1157.000 0.568
1158.000 0.570
1159.000 0.571
1160.000 0.572
1161.000 0.572
1162.000 0.569
1163.000 0.569
1164.000 0.568
1165.000 0.569
1166.000 0.569
1167.000 0.571
1168.000 0.572
1169.000 0.571
1170.000 0.571
1171.000 0.569
1172.000 0.568
1173.000 0.567
1174.000 0.567
1175.000 0.567
1176.000 0.567
1177.000 0.567
1178.000 0.566
1179.000 0.565
1180.000 0.564
1181.000 0.564
1182.000 0.563
1183.000 0.563
1184.000 0.564
1185.000 0.564
1186.000 0.565
1187.000 0.566
1188.000 0.565
1189.000 0.564
1190.000 0.563
1191.000 0.563
1192.000 0.563
1193.000 0.564
1194.000 0.566
1195.000 0.566
1196.000 0.565
1197.000 0.565
1198.000 0.566
1199.000 0.566
1200.000 0.566
1201.000 0.566
1202.000 0.566
1203.000 0.567
1204.000 0.567
1205.000 0.568
1206.000 0.568
1207.000 0.567
1208.000 0.568
1209.000 0.567
1210.000 0.567
1211.000 0.567
1212.000 0.567
1213.000 0.567
1214.000 0.567
1215.000 0.568
1216.000 0.569
1217.000 0.570
1218.000 0.571
1219.000 0.572
1220.000 0.572
1221.000 0.572
1222.000 0.573
1223.000 0.573
1224.000 0.574
1225.000 0.574
1226.000 0.574
1227.000 0.574
1228.000 0.575
1229.000 0.575
1230.000 0.576
1231.000 0.577
1232.000 0.579
1233.000 0.580
1234.000 0.582
1235.000 0.582
1236.000 0.582
1237.000 0.582
1238.000 0.582
1239.000 0.582
1240.000 0.582
1241.000 0.583
1242.000 0.584
1243.000 0.585
1244.000 0.585
1245.000 0.585
1246.000 0.584
1247.000 0.584
1248.000 0.586
1249.000 0.587
1250.000 0.587
1251.000 0.588
1252.000 0.588
1253.000 0.588
1254.000 0.589
1255.000 0.589
1256.000 0.589
1257.000 0.589
1258.000 0.590
1259.000 0.592
1260.000 0.594
1261.000 0.594
1262.000 0.595
1263.000 0.595
1264.000 0.596
1265.000 0.596
1266.000 0.596
1267.000 0.596
1268.000 0.596
1269.000 0.596
1270.000 0.595
1271.000 0.595
1272.000 0.594
1273.000 0.594
1274.000 0.594
1275.000 0.594
1276.000 0.594
1277.000 0.594
1278.000 0.594
1279.000 0.594
1280.000 0.594
1281.000 0.594
1282.000 0.594
1283.000 0.593
1284.000 0.593
1285.000 0.593
1286.000 0.593
1287.000 0.593
1288.000 0.593
1289.000 0.593
1290.000 0.593
1291.000 0.592
1292.000 0.592
1293.000 0.591
1294.000 0.590
1295.000 0.589
1296.000 0.588
1297.000 0.587
1298.000 0.587
1299.000 0.587
1300.000 0.586
1301.000 0.585
1302.000 0.584
1303.000 0.582
1304.000 0.580
1305.000 0.578
1306.000 0.576
1307.000 0.575
1308.000 0.574
1309.000 0.572
1310.000 0.571
1311.000 0.570
1312.000 0.569
1313.000 0.567
1314.000 0.566
1315.000 0.564
1316.000 0.562
1317.000 0.560
1318.000 0.558
1319.000 0.556
1320.000 0.554
1321.000 0.551
1322.000 0.551
1323.000 0.549
1324.000 0.548
1325.000 0.546
1326.000 0.544
1327.000 0.543
1328.000 0.543
1329.000 0.541
1330.000 0.539
1331.000 0.537
1332.000 0.534
1333.000 0.530
1334.000 0.524
1335.000 0.521
1336.000 0.516
1337.000 0.513
1338.000 0.515
1339.000 0.514
1340.000 0.516
1341.000 0.515
1342.000 0.511
1343.000 0.510
1344.000 0.508
1345.000 0.507
1346.000 0.509
1347.000 0.510
1348.000 0.509
1349.000 0.505
1350.000 0.514
1351.000 0.537
1352.000 0.536
1353.000 0.437
1354.000 0.458
1355.000 0.394
1356.000 0.430
1357.000 0.485
1358.000 0.468
1359.000 0.496
1360.000 0.490
1361.000 0.582
1362.000 0.563
1363.000 0.624
1364.000 0.717
1365.000 0.708
1366.000 0.606
1367.000 0.546
1368.000 0.445
1369.000 0.370
1370.000 0.528
1371.000 0.288
1372.000 0.243
1373.000 0.316
1374.000 0.316
1375.000 0.330
1376.000 0.433
1377.000 0.460
1378.000 0.051
1379.000 0.291
1380.000 0.239
1381.000 0.221
1382.000 0.521
1383.000 0.591
1384.000 0.606
1385.000 0.551
1386.000 0.395
1387.000 0.378
1388.000 0.367
1389.000 0.390
1390.000 0.381
1391.000 0.398
1392.000 0.486
1393.000 0.532
1394.000 0.470
1395.000 0.487
1396.000 0.480
1397.000 0.486
1398.000 0.475
1399.000 0.478
1400.000 0.343
1401.000 0.317
1402.000 0.592
1403.000 0.408
1404.000 0.467
1405.000 0.426
1406.000 0.363
1407.000 0.284
1408.000 0.250
1409.000 0.238
1410.000 0.215
1411.000 0.243
1412.000 0.287
1413.000 0.354
1414.000 0.267
1415.000 0.186
1416.000 0.153
1417.000 0.244
1418.000 0.322
1419.000 0.360
1420.000 0.349
1421.000 0.406
1422.000 0.326
1423.000 0.291
1424.000 0.201
1425.000 0.201
1426.000 0.175
1427.000 0.227
1428.000 0.253
1429.000 0.289
1430.000 0.329
1431.000 0.272
1432.000 0.335
1433.000 0.267
1434.000 0.256
1435.000 0.201
1436.000 0.212
1437.000 0.311
1438.000 0.189
1439.000 0.297
1440.000 0.156
1441.000 0.121
1442.000 0.211
1443.000 0.252
1444.000 0.282
1445.000 0.331
1446.000 0.300
1447.000 0.277
1448.000 0.235
1449.000 0.170
1450.000 0.318
1451.000 0.231
1452.000 0.131
1453.000 0.182
1454.000 0.236
1455.000 0.243
1456.000 0.226
1457.000 0.253
1458.000 0.225
1459.000 0.184
1460.000 0.148
1461.000 0.111
1462.000 0.250
1463.000 0.184
1464.000 0.151
1465.000 0.163
1466.000 0.155
1467.000 0.177
1468.000 0.151
1469.000 0.182
1470.000 0.210
1471.000 0.181
1472.000 0.188
1473.000 0.195
1474.000 0.214
1475.000 0.192
1476.000 0.215
1477.000 0.227
1478.000 0.209
1479.000 0.217
1480.000 0.257
1481.000 0.244
1482.000 0.233
1483.000 0.221
1484.000 0.201
1485.000 0.199
1486.000 0.212
1487.000 0.216
1488.000 0.205
1489.000 0.210
1490.000 0.213
1491.000 0.213
1492.000 0.205
1493.000 0.204
1494.000 0.201
1495.000 0.203
1496.000 0.212
1497.000 0.215
1498.000 0.222
1499.000 0.221
1500.000 0.218
1501.000 0.216
1502.000 0.211
1503.000 0.207
1504.000 0.203
1505.000 0.200
1506.000 0.202
1507.000 0.208
1508.000 0.213
1509.000 0.221
1510.000 0.223
1511.000 0.225
1512.000 0.225
1513.000 0.223
1514.000 0.223
1515.000 0.222
1516.000 0.224
1517.000 0.229
1518.000 0.232
1519.000 0.236
1520.000 0.237
1521.000 0.237
1522.000 0.238
1523.000 0.240
1524.000 0.242
1525.000 0.242
1526.000 0.244
1527.000 0.247
1528.000 0.248
1529.000 0.250
1530.000 0.252
1531.000 0.251
1532.000 0.252
1533.000 0.253
1534.000 0.256
1535.000 0.261
1536.000 0.263
1537.000 0.266
1538.000 0.268
1539.000 0.265
1540.000 0.266
1541.000 0.272
1542.000 0.274
1543.000 0.274
1544.000 0.275
1545.000 0.275
1546.000 0.275
1547.000 0.276
1548.000 0.276
1549.000 0.275
1550.000 0.276
1551.000 0.279
1552.000 0.282
1553.000 0.284
1554.000 0.286
1555.000 0.288
1556.000 0.289
1557.000 0.289
1558.000 0.290
1559.000 0.292
1560.000 0.294
1561.000 0.296
1562.000 0.298
1563.000 0.299
1564.000 0.301
1565.000 0.305
1566.000 0.307
1567.000 0.308
1568.000 0.309
1569.000 0.308
1570.000 0.309
1571.000 0.311
1572.000 0.314
1573.000 0.316
1574.000 0.318
1575.000 0.320
1576.000 0.321
1577.000 0.322
1578.000 0.321
1579.000 0.317
1580.000 0.317
1581.000 0.319
1582.000 0.320
1583.000 0.325
1584.000 0.327
1585.000 0.325
1586.000 0.325
1587.000 0.325
1588.000 0.326
1589.000 0.330
1590.000 0.332
1591.000 0.333
1592.000 0.333
1593.000 0.333
1594.000 0.334
1595.000 0.335
1596.000 0.336
1597.000 0.338
1598.000 0.339
1599.000 0.340
1600.000 0.341
1601.000 0.340
1602.000 0.341
1603.000 0.344
1604.000 0.345
1605.000 0.347
1606.000 0.348
1607.000 0.346
1608.000 0.346
1609.000 0.348
1610.000 0.348
1611.000 0.349
1612.000 0.350
1613.000 0.350
1614.000 0.351
1615.000 0.353
1616.000 0.355
1617.000 0.357
1618.000 0.360
1619.000 0.361
1620.000 0.361
1621.000 0.360
1622.000 0.360
1623.000 0.358
1624.000 0.357
1625.000 0.357
1626.000 0.357
1627.000 0.359
1628.000 0.361
1629.000 0.362
1630.000 0.363
1631.000 0.363
1632.000 0.364
1633.000 0.367
1634.000 0.368
1635.000 0.371
1636.000 0.371
1637.000 0.372
1638.000 0.372
1639.000 0.372
1640.000 0.372
1641.000 0.371
1642.000 0.371
1643.000 0.373
1644.000 0.374
1645.000 0.376
1646.000 0.376
1647.000 0.374
1648.000 0.374
1649.000 0.373
1650.000 0.373
1651.000 0.374
1652.000 0.374
1653.000 0.374
1654.000 0.374
1655.000 0.372
1656.000 0.372
1657.000 0.374
1658.000 0.375
1659.000 0.378
1660.000 0.379
1661.000 0.378
1662.000 0.379
1663.000 0.377
1664.000 0.377
1665.000 0.378
1666.000 0.378
1667.000 0.379
1668.000 0.379
1669.000 0.378
1670.000 0.378
1671.000 0.380
1672.000 0.380
1673.000 0.379
1674.000 0.380
1675.000 0.380
1676.000 0.380
1677.000 0.380
1678.000 0.380
1679.000 0.379
1680.000 0.378
1681.000 0.380
1682.000 0.378
1683.000 0.375
1684.000 0.373
1685.000 0.371
1686.000 0.371
1687.000 0.374
1688.000 0.375
1689.000 0.377
1690.000 0.377
1691.000 0.374
1692.000 0.375
1693.000 0.377
1694.000 0.379
1695.000 0.383
1696.000 0.384
1697.000 0.382
1698.000 0.380
1699.000 0.377
1700.000 0.377
1701.000 0.377
1702.000 0.376
1703.000 0.376
1704.000 0.375
1705.000 0.372
1706.000 0.371
1707.000 0.373
1708.000 0.372
1709.000 0.372
1710.000 0.371
1711.000 0.370
1712.000 0.372
1713.000 0.374
1714.000 0.371
1715.000 0.373
1716.000 0.368
1717.000 0.364
1718.000 0.369
1719.000 0.368
1720.000 0.369
1721.000 0.374
1722.000 0.369
1723.000 0.365
1724.000 0.363
1725.000 0.363
1726.000 0.362
1727.000 0.362
1728.000 0.360
1729.000 0.355
1730.000 0.357
1731.000 0.359
1732.000 0.358
1733.000 0.358
1734.000 0.353
1735.000 0.350
1736.000 0.353
1737.000 0.351
1738.000 0.348
1739.000 0.346
1740.000 0.344
1741.000 0.344
1742.000 0.349
1743.000 0.351
1744.000 0.355
1745.000 0.356
1746.000 0.356
1747.000 0.357
1748.000 0.357
1749.000 0.358
1750.000 0.361
1751.000 0.360
1752.000 0.357
1753.000 0.355
1754.000 0.352
1755.000 0.349
1756.000 0.347
1757.000 0.345
1758.000 0.340
1759.000 0.340
1760.000 0.343
1761.000 0.344
1762.000 0.348
1763.000 0.347
1764.000 0.345
1765.000 0.347
1766.000 0.345
1767.000 0.352
1768.000 0.356
1769.000 0.348
1770.000 0.341
1771.000 0.326
1772.000 0.315
1773.000 0.306
1774.000 0.309
1775.000 0.316
1776.000 0.325
1777.000 0.344
1778.000 0.336
1779.000 0.322
1780.000 0.313
1781.000 0.299
1782.000 0.298
1783.000 0.312
1784.000 0.326
1785.000 0.313
1786.000 0.308
1787.000 0.297
1788.000 0.297
1789.000 0.317
1790.000 0.329
1791.000 0.330
1792.000 0.353
1793.000 0.399
1794.000 0.266
1795.000 0.264
1796.000 0.274
1797.000 0.344
1798.000 0.379
1799.000 0.405
1800.000 0.389
1801.000 0.453
1802.000 0.446
1803.000 0.424
1804.000 0.410
1805.000 0.422
1806.000 0.399
1807.000 0.451
1808.000 0.702
1809.000 0.708
1810.000 0.756
1811.000 0.757
1812.000 0.511
1813.000 0.436
1814.000 0.429
1815.000 0.397
1816.000 0.439
1817.000 0.509
1818.000 0.446
1819.000 0.420
1820.000 0.513
1821.000 0.457
1822.000 0.515
1823.000 0.504
1824.000 0.485
1825.000 0.446
1826.000 0.668
1827.000 0.579
1828.000 0.541
1829.000 0.517
1830.000 0.452
1831.000 0.495
1832.000 0.370
1833.000 0.252
1834.000 0.196
1835.000 0.152
1836.000 0.126
1837.000 0.247
1838.000 0.311
1839.000 0.593
1840.000 0.415
1841.000 0.361
1842.000 0.275
1843.000 0.224
1844.000 0.158
1845.000 0.145
1846.000 0.224
1847.000 0.186
1848.000 0.211
1849.000 0.240
1850.000 0.333
1851.000 0.468
1852.000 0.494
1853.000 0.502
1854.000 0.511
1855.000 0.468
1856.000 0.634
1857.000 0.568
1858.000 0.459
1859.000 0.415
1860.000 0.492
1861.000 0.484
1862.000 0.409
1863.000 0.397
1864.000 0.352
1865.000 0.344
1866.000 0.524
1867.000 0.415
1868.000 0.534
1869.000 0.611
1870.000 0.548
1871.000 0.635
1872.000 0.523
1873.000 0.513
1874.000 0.541
1875.000 0.436
1876.000 0.300
1877.000 0.544
1878.000 0.559
1879.000 0.661
1880.000 0.660
1881.000 0.623
1882.000 0.689
1883.000 0.722
1884.000 0.695
1885.000 0.603
1886.000 0.520
1887.000 0.314
1888.000 0.461
1889.000 0.402
1890.000 0.408
1891.000 0.525
1892.000 0.644
1893.000 0.595
1894.000 0.553
1895.000 0.503
1896.000 0.574
1897.000 0.609
1898.000 0.643
1899.000 0.667
1900.000 0.744
1901.000 0.743
1902.000 0.688
1903.000 0.693
1904.000 0.650
1905.000 0.601
1906.000 0.680
1907.000 0.598
1908.000 0.514
1909.000 0.544
1910.000 0.507
1911.000 0.469
1912.000 0.305
1913.000 0.244
1914.000 0.166
1915.000 0.490
1916.000 0.663
1917.000 0.586
1918.000 0.687
1919.000 0.643
1920.000 0.473
1921.000 0.404
1922.000 0.532
1923.000 0.528
1924.000 0.522
1925.000 0.608
1926.000 0.403
1927.000 0.594
1928.000 0.456
1929.000 0.543
1930.000 0.620
1931.000 0.598
1932.000 0.565
1933.000 0.551
1934.000 0.559
1935.000 0.568
1936.000 0.571
1937.000 0.533
1938.000 0.589
1939.000 0.644
1940.000 0.665
1941.000 0.611
1942.000 0.452
1943.000 0.376
1944.000 0.414
1945.000 0.502
1946.000 0.578
1947.000 0.674
1948.000 0.499
1949.000 0.468
1950.000 0.345
1951.000 0.460
1952.000 0.453
1953.000 0.496
1954.000 0.547
1955.000 0.580
1956.000 0.504
1957.000 0.399
1958.000 0.446
1959.000 0.336
1960.000 0.358
1961.000 0.223
1962.000 0.217
1963.000 0.182
1964.000 0.183
1965.000 0.128
1966.000 0.302
1967.000 0.338
1968.000 0.237
1969.000 0.208
1970.000 0.169
1971.000 0.140
1972.000 0.223
1973.000 0.252
1974.000 0.149
1975.000 0.137
1976.000 0.130
1977.000 0.152
1978.000 0.224
1979.000 0.172
1980.000 0.139
1981.000 0.168
1982.000 0.171
1983.000 0.188
1984.000 0.190
1985.000 0.183
1986.000 0.172
1987.000 0.194
1988.000 0.112
1989.000 0.205
1990.000 0.070
1991.000 0.116
1992.000 0.250
1993.000 0.282
1994.000 0.264
1995.000 0.292
1996.000 0.322
1997.000 0.241
1998.000 0.257
1999.000 0.319
2000.000 0.253
2001.000 0.233
2002.000 0.236
2003.000 0.223
2004.000 0.243
2005.000 0.182
2006.000 0.202
2007.000 0.254
2008.000 0.308
2009.000 0.262
2010.000 0.228
2011.000 0.289
2012.000 0.209
2013.000 0.257
2014.000 0.305
2015.000 0.355
2016.000 0.375
2017.000 0.381
2018.000 0.414
2019.000 0.295
2020.000 0.214
2021.000 0.227
2022.000 0.211
2023.000 0.241
2024.000 0.217
2025.000 0.243
2026.000 0.227
2027.000 0.226
2028.000 0.268
2029.000 0.211
2030.000 0.162
2031.000 0.186
2032.000 0.207
2033.000 0.240
2034.000 0.260
2035.000 0.270
2036.000 0.184
2037.000 0.202
2038.000 0.179
2039.000 0.177
2040.000 0.194
2041.000 0.225
2042.000 0.237
2043.000 0.310
2044.000 0.354
2045.000 0.214
2046.000 0.189
2047.000 0.176
2048.000 0.188
2049.000 0.244
2050.000 0.281
2051.000 0.268
2052.000 0.291
2053.000 0.150
2054.000 0.191
2055.000 0.249
2056.000 0.213
2057.000 0.238
2058.000 0.240
2059.000 0.230
2060.000 0.288
2061.000 0.303
2062.000 0.249
2063.000 0.205
2064.000 0.181
2065.000 0.170
2066.000 0.174
2067.000 0.207
2068.000 0.213
2069.000 0.238
2070.000 0.229
2071.000 0.183
2072.000 0.167
2073.000 0.176
2074.000 0.176
2075.000 0.177
2076.000 0.174
2077.000 0.249
2078.000 0.292
2079.000 0.291
2080.000 0.301
2081.000 0.223
2082.000 0.173
2083.000 0.205
2084.000 0.184
2085.000 0.206
2086.000 0.226
2087.000 0.237
2088.000 0.263
2089.000 0.247
2090.000 0.203
2091.000 0.220
2092.000 0.216
2093.000 0.206
2094.000 0.202
2095.000 0.190
2096.000 0.157
2097.000 0.158
2098.000 0.179
2099.000 0.203
2100.000 0.220
2101.000 0.257
2102.000 0.236
2103.000 0.244
2104.000 0.240
2105.000 0.224
2106.000 0.219
2107.000 0.233
2108.000 0.231
2109.000 0.276
2110.000 0.290
2111.000 0.251
2112.000 0.219
2113.000 0.239
2114.000 0.230
2115.000 0.232
2116.000 0.211
2117.000 0.243
2118.000 0.287
2119.000 0.245
2120.000 0.244
2121.000 0.261
2122.000 0.260
2123.000 0.261
2124.000 0.222
2125.000 0.229
2126.000 0.266
2127.000 0.246
2128.000 0.256
2129.000 0.257
2130.000 0.205
2131.000 0.191
2132.000 0.176
2133.000 0.192
2134.000 0.223
2135.000 0.229
2136.000 0.265
2137.000 0.239
2138.000 0.299
2139.000 0.320
2140.000 0.319
2141.000 0.261
2142.000 0.251
2143.000 0.275
2144.000 0.267
2145.000 0.249
2146.000 0.230
2147.000 0.242
2148.000 0.233
2149.000 0.237
2150.000 0.214
2151.000 0.193
2152.000 0.196
2153.000 0.249
2154.000 0.268
2155.000 0.296
2156.000 0.286
2157.000 0.289
2158.000 0.271
2159.000 0.332
2160.000 0.344
2161.000 0.292
2162.000 0.284
2163.000 0.265
2164.000 0.271
2165.000 0.252
2166.000 0.244
2167.000 0.242
2168.000 0.237
2169.000 0.232
2170.000 0.243
2171.000 0.238
2172.000 0.212
2173.000 0.213
2174.000 0.208
2175.000 0.206
2176.000 0.202
2177.000 0.221
2178.000 0.224
2179.000 0.205
2180.000 0.195
2181.000 0.214
2182.000 0.216
2183.000 0.250
2184.000 0.223
2185.000 0.266
2186.000 0.290
2187.000 0.336
2188.000 0.280
2189.000 0.281
2190.000 0.280
2191.000 0.268
2192.000 0.258
2193.000 0.261
2194.000 0.259
2195.000 0.294
2196.000 0.276
2197.000 0.259
2198.000 0.277
2199.000 0.281
2200.000 0.259
2201.000 0.277
2202.000 0.325
2203.000 0.250
2204.000 0.283
2205.000 0.280
2206.000 0.257
2207.000 0.256
2208.000 0.237
2209.000 0.228
2210.000 0.221
2211.000 0.215
2212.000 0.206
2213.000 0.217
2214.000 0.239
2215.000 0.246
2216.000 0.266
2217.000 0.269
2218.000 0.246
2219.000 0.238
2220.000 0.218
2221.000 0.216
2222.000 0.223
2223.000 0.225
2224.000 0.227
2225.000 0.224
2226.000 0.241
2227.000 0.229
2228.000 0.223
2229.000 0.229
2230.000 0.231
2231.000 0.228
2232.000 0.222
2233.000 0.246
2234.000 0.228
2235.000 0.221
2236.000 0.229
2237.000 0.260
2238.000 0.265
2239.000 0.255
2240.000 0.234
2241.000 0.226
2242.000 0.235
2243.000 0.252
2244.000 0.261
2245.000 0.288
2246.000 0.284
2247.000 0.251
2248.000 0.243
2249.000 0.230
2250.000 0.230
2251.000 0.253
2252.000 0.259
2253.000 0.269
2254.000 0.264
2255.000 0.265
2256.000 0.259
2257.000 0.251
2258.000 0.251
2259.000 0.240
2260.000 0.199
2261.000 0.183
2262.000 0.195
2263.000 0.204
2264.000 0.205
2265.000 0.226
2266.000 0.223
2267.000 0.217
2268.000 0.309
2269.000 0.302
2270.000 0.280
2271.000 0.266
2272.000 0.243
2273.000 0.250
2274.000 0.257
2275.000 0.277
2276.000 0.298
2277.000 0.318
2278.000 0.255
2279.000 0.220
2280.000 0.208
2281.000 0.184
2282.000 0.164
2283.000 0.157
2284.000 0.160
2285.000 0.171
2286.000 0.259
2287.000 0.262
2288.000 0.256
2289.000 0.244
2290.000 0.224
2291.000 0.218
2292.000 0.235
2293.000 0.231
2294.000 0.243
2295.000 0.213
2296.000 0.194
2297.000 0.198
2298.000 0.194
2299.000 0.221
2300.000 0.235
2301.000 0.215
2302.000 0.213
2303.000 0.207
2304.000 0.204
2305.000 0.206
2306.000 0.181
2307.000 0.200
2308.000 0.227
2309.000 0.175
2310.000 0.169
2311.000 0.188
2312.000 0.173
2313.000 0.192
2314.000 0.164
2315.000 0.213
2316.000 0.196
2317.000 0.281
2318.000 0.281
2319.000 0.257
2320.000 0.247
2321.000 0.214
2322.000 0.215
2323.000 0.258
2324.000 0.239
2325.000 0.317
2326.000 0.319
2327.000 0.315
2328.000 0.163
2329.000 0.228
2330.000 0.270
2331.000 0.316
2332.000 0.315
2333.000 0.241
2334.000 0.319
2335.000 0.234
2336.000 0.277
2337.000 0.268
2338.000 0.246
2339.000 0.243
2340.000 0.226
2341.000 0.205
2342.000 0.220
2343.000 0.208
2344.000 0.217
2345.000 0.163
2346.000 0.233
2347.000 0.187
2348.000 0.283
2349.000 0.342
2350.000 0.360
2351.000 0.381
2352.000 0.407
2353.000 0.417
2354.000 0.411
2355.000 0.401
2356.000 0.267
2357.000 0.241
2358.000 0.211
2359.000 0.213
2360.000 0.161
2361.000 0.122
2362.000 0.154
2363.000 0.192
2364.000 0.206
2365.000 0.241
2366.000 0.231
2367.000 0.238
2368.000 0.379
2369.000 0.148
2370.000 0.207
2371.000 0.212
2372.000 0.271
2373.000 0.256
2374.000 0.181
2375.000 0.265
2376.000 0.201
2377.000 0.210
2378.000 0.263
2379.000 0.300
2380.000 0.203
2381.000 0.255
2382.000 0.229
2383.000 0.157
2384.000 0.188
2385.000 0.226
2386.000 0.303
2387.000 0.260
2388.000 0.269
2389.000 0.230
2390.000 0.303
2391.000 0.200
2392.000 0.123
2393.000 0.178
2394.000 0.156
2395.000 0.229
2396.000 0.276
2397.000 0.264
2398.000 0.229
2399.000 0.186
2400.000 0.153
2401.000 0.359
2402.000 0.216
2403.000 0.367
2404.000 0.367
2405.000 0.312
2406.000 0.178
2407.000 0.264
2408.000 0.181
2409.000 0.211
2410.000 0.302
2411.000 0.415
2412.000 0.543
2413.000 0.489
2414.000 0.457
2415.000 0.377
2416.000 0.569
2417.000 0.474
2418.000 0.523
2419.000 0.489
2420.000 0.475
2421.000 0.391
2422.000 0.504
2423.000 0.413
2424.000 0.327
2425.000 0.271
2426.000 0.377
2427.000 0.335
2428.000 0.406
2429.000 0.397
2430.000 0.286
2431.000 0.253
2432.000 0.324
2433.000 0.294
2434.000 0.287
2435.000 0.258
2436.000 0.250
2437.000 0.246
2438.000 0.148
2439.000 0.380
2440.000 0.438
2441.000 0.353
2442.000 0.239
2443.000 0.238
2444.000 0.201
2445.000 0.272
2446.000 0.378
2447.000 0.344
2448.000 0.199
2449.000 0.380
2450.000 0.516
2451.000 0.471
2452.000 0.515
2453.000 0.581
2454.000 0.564
2455.000 0.318
2456.000 0.155
2457.000 0.196
2458.000 0.517
2459.000 0.513
2460.000 0.490
2461.000 0.382
2462.000 0.303
2463.000 0.509
2464.000 0.303
2465.000 0.396
2466.000 0.142
2467.000 0.181
2468.000 0.169
2469.000 0.385
2470.000 0.339
2471.000 0.269
2472.000 0.304
2473.000 0.251
2474.000 0.342
2475.000 0.524
2476.000 0.390
2477.000 0.422
2478.000 0.303
2479.000 0.281
2480.000 0.201
2481.000 0.382
2482.000 0.363
2483.000 0.397
2484.000 0.246
2485.000 0.254
2486.000 0.209
2487.000 0.218
2488.000 0.272
2489.000 0.274
2490.000 0.249
2491.000 0.674
2492.000 0.527
2493.000 0.574
2494.000 0.595
2495.000 0.459
2496.000 0.514
2497.000 0.518
2498.000 0.594
2499.000 0.529
2500.000 0.310
