391.000 0.026
392.000 0.027
393.000 0.027
394.000 0.025
395.000 0.026
396.000 0.027
397.000 0.026
398.000 0.025
399.000 0.026
400.000 0.026
401.000 0.026
402.000 0.025
403.000 0.026
404.000 0.026
405.000 0.025
406.000 0.026
407.000 0.027
408.000 0.027
409.000 0.027
410.000 0.026
411.000 0.026
412.000 0.027
413.000 0.026
414.000 0.026
415.000 0.028
416.000 0.027
417.000 0.027
418.000 0.027
419.000 0.027
420.000 0.028
421.000 0.027
422.000 0.027
423.000 0.028
424.000 0.028
425.000 0.028
426.000 0.028
427.000 0.028
428.000 0.028
429.000 0.028
430.000 0.028
431.000 0.028
432.000 0.028
433.000 0.028
434.000 0.028
435.000 0.028
436.000 0.028
437.000 0.028
438.000 0.028
439.000 0.029
440.000 0.029
441.000 0.029
442.000 0.029
443.000 0.029
444.000 0.029
445.000 0.029
446.000 0.029
447.000 0.029
448.000 0.029
449.000 0.030
450.000 0.030
451.000 0.030
452.000 0.030
453.000 0.030
454.000 0.030
455.000 0.030
456.000 0.030
457.000 0.030
458.000 0.030
459.000 0.030
460.000 0.030
461.000 0.030
462.000 0.030
463.000 0.030
464.000 0.030
465.000 0.030
466.000 0.030
467.000 0.030
468.000 0.030
469.000 0.030
470.000 0.030
471.000 0.030
472.000 0.030
473.000 0.030
474.000 0.030
475.000 0.030
476.000 0.030
477.000 0.030
478.000 0.031
479.000 0.030
480.000 0.030
481.000 0.031
482.000 0.030
483.000 0.031
484.000 0.031
485.000 0.031
486.000 0.031
487.000 0.030
488.000 0.030
489.000 0.031
490.000 0.031
491.000 0.032
492.000 0.031
493.000 0.031
494.000 0.031
495.000 0.032
496.000 0.032
497.000 0.032
498.000 0.032
499.000 0.032
500.000 0.033
501.000 0.034
502.000 0.034
503.000 0.034
504.000 0.035
505.000 0.036
506.000 0.036
507.000 0.037
508.000 0.038
509.000 0.039
510.000 0.040
511.000 0.041
512.000 0.043
513.000 0.045
514.000 0.046
515.000 0.047
516.000 0.049
517.000 0.051
518.000 0.054
519.000 0.056
520.000 0.058
521.000 0.061
522.000 0.063
523.000 0.066
524.000 0.068
525.000 0.070
526.000 0.073
527.000 0.075
528.000 0.077
529.000 0.079
530.000 0.082
531.000 0.084
532.000 0.085
533.000 0.086
534.000 0.088
535.000 0.089
536.000 0.090
537.000 0.091
538.000 0.092
539.000 0.092
540.000 0.093
541.000 0.093
542.000 0.093
543.000 0.094
544.000 0.094
545.000 0.094
546.000 0.095
547.000 0.095
548.000 0.095
549.000 0.096
550.000 0.096
551.000 0.096
552.000 0.096
553.000 0.096
554.000 0.096
555.000 0.095
556.000 0.095
557.000 0.094
558.000 0.093
559.000 0.092
560.000 0.091
561.000 0.090
562.000 0.089
563.000 0.088
564.000 0.086
565.000 0.084
566.000 0.083
567.000 0.081
568.000 0.080
569.000 0.078
570.000 0.077
571.000 0.075
572.000 0.074
573.000 0.072
574.000 0.071
575.000 0.070
576.000 0.067
577.000 0.066
578.000 0.066
579.000 0.065
580.000 0.064
581.000 0.063
582.000 0.062
583.000 0.061
584.000 0.060
585.000 0.060
586.000 0.059
587.000 0.059
588.000 0.058
589.000 0.057
590.000 0.057
591.000 0.056
592.000 0.056
593.000 0.056
594.000 0.055
595.000 0.055
596.000 0.055
597.000 0.055
598.000 0.055
599.000 0.054
600.000 0.054
601.000 0.054
602.000 0.054
603.000 0.053
604.000 0.053
605.000 0.052
606.000 0.052
607.000 0.052
608.000 0.051
609.000 0.050
610.000 0.050
611.000 0.049
612.000 0.049
613.000 0.048
614.000 0.048
615.000 0.047
616.000 0.046
617.000 0.046
618.000 0.046
619.000 0.045
620.000 0.045
621.000 0.045
622.000 0.045
623.000 0.045
624.000 0.044
625.000 0.044
626.000 0.044
627.000 0.044
628.000 0.044
629.000 0.044
630.000 0.044
631.000 0.044
632.000 0.044
633.000 0.043
634.000 0.044
635.000 0.043
636.000 0.043
637.000 0.042
638.000 0.042
639.000 0.041
640.000 0.041
641.000 0.040
642.000 0.039
643.000 0.039
644.000 0.038
645.000 0.038
646.000 0.037
647.000 0.036
648.000 0.036
649.000 0.036
650.000 0.035
651.000 0.035
652.000 0.035
653.000 0.034
654.000 0.034
655.000 0.035
656.000 0.034
657.000 0.035
658.000 0.034
659.000 0.034
660.000 0.034
661.000 0.033
662.000 0.033
663.000 0.033
664.000 0.033
665.000 0.033
666.000 0.033
667.000 0.032
668.000 0.032
669.000 0.032
670.000 0.033
671.000 0.033
672.000 0.033
673.000 0.033
674.000 0.033
675.000 0.033
676.000 0.034
677.000 0.034
678.000 0.034
679.000 0.034
680.000 0.035
681.000 0.035
682.000 0.036
683.000 0.037
684.000 0.038
685.000 0.038
686.000 0.039
687.000 0.041
688.000 0.043
689.000 0.044
690.000 0.046
691.000 0.049
692.000 0.051
693.000 0.055
694.000 0.060
695.000 0.066
696.000 0.072
697.000 0.078
698.000 0.085
699.000 0.092
700.000 0.101
701.000 0.110
702.000 0.121
703.000 0.129
704.000 0.139
705.000 0.149
706.000 0.159
707.000 0.169
708.000 0.180
709.000 0.190
710.000 0.201
711.000 0.213
712.000 0.224
713.000 0.235
714.000 0.247
715.000 0.258
716.000 0.270
717.000 0.282
718.000 0.295
719.000 0.309
720.000 0.324
721.000 0.337
722.000 0.349
723.000 0.360
724.000 0.372
725.000 0.385
726.000 0.398
727.000 0.409
728.000 0.421
729.000 0.432
730.000 0.443
731.000 0.455
732.000 0.465
733.000 0.476
734.000 0.485
735.000 0.494
736.000 0.502
737.000 0.510
738.000 0.518
739.000 0.526
740.000 0.533
741.000 0.540
742.000 0.546
743.000 0.552
744.000 0.557
745.000 0.562
746.000 0.567
747.000 0.570
748.000 0.575
749.000 0.578
750.000 0.582
751.000 0.585
752.000 0.587
753.000 0.590
754.000 0.592
755.000 0.594
756.000 0.597
757.000 0.598
758.000 0.599
759.000 0.600
760.000 0.600
761.000 0.599
762.000 0.600
763.000 0.601
764.000 0.602
765.000 0.603
766.000 0.606
767.000 0.608
768.000 0.610
769.000 0.611
770.000 0.612
771.000 0.613
772.000 0.614
773.000 0.615
774.000 0.615
775.000 0.616
776.000 0.616
777.000 0.617
778.000 0.617
779.000 0.618
780.000 0.618
781.000 0.618
782.000 0.619
783.000 0.619
784.000 0.619
785.000 0.619
786.000 0.620
787.000 0.620
788.000 0.619
789.000 0.620
790.000 0.621
791.000 0.621
792.000 0.621
793.000 0.622
794.000 0.622
795.000 0.622
796.000 0.623
797.000 0.623
798.000 0.623
799.000 0.623
800.000 0.623
801.000 0.624
802.000 0.624
803.000 0.624
804.000 0.625
805.000 0.625
806.000 0.626
807.000 0.627
808.000 0.627
809.000 0.626
810.000 0.627
811.000 0.626
812.000 0.625
813.000 0.625
814.000 0.623
815.000 0.623
816.000 0.623
817.000 0.623
818.000 0.623
819.000 0.625
820.000 0.626
821.000 0.626
822.000 0.627
823.000 0.627
824.000 0.627
825.000 0.628
826.000 0.629
827.000 0.629
828.000 0.629
829.000 0.629
830.000 0.630
831.000 0.630
832.000 0.630
833.000 0.631
834.000 0.632
835.000 0.632
836.000 0.633
837.000 0.634
838.000 0.634
839.000 0.635
840.000 0.635
841.000 0.636
842.000 0.637
843.000 0.637
844.000 0.637
845.000 0.638
846.000 0.639
847.000 0.639
848.000 0.639
849.000 0.640
850.000 0.640
851.000 0.640
852.000 0.640
853.000 0.641
854.000 0.641
855.000 0.641
856.000 0.642
857.000 0.642
858.000 0.642
859.000 0.643
860.000 0.643
861.000 0.643
862.000 0.643
863.000 0.643
864.000 0.644
865.000 0.644
866.000 0.645
867.000 0.645
868.000 0.645
869.000 0.645
870.000 0.645
871.000 0.646
872.000 0.646
873.000 0.646
874.000 0.646
875.000 0.647
876.000 0.646
877.000 0.646
878.000 0.647
879.000 0.647
880.000 0.647
881.000 0.647
882.000 0.647
883.000 0.647
884.000 0.648
885.000 0.647
886.000 0.648
887.000 0.648
888.000 0.648
889.000 0.648
890.000 0.648
891.000 0.648
892.000 0.647
893.000 0.646
894.000 0.646
895.000 0.645
896.000 0.643
897.000 0.642
898.000 0.641
899.000 0.641
900.000 0.640
901.000 0.640
902.000 0.641
903.000 0.642
904.000 0.642
905.000 0.643
906.000 0.642
907.000 0.642
908.000 0.641
909.000 0.640
910.000 0.640
911.000 0.640
912.000 0.640
913.000 0.639
914.000 0.639
915.000 0.639
916.000 0.639
917.000 0.640
918.000 0.641
919.000 0.641
920.000 0.642
921.000 0.642
922.000 0.643
923.000 0.643
924.000 0.643
925.000 0.642
926.000 0.640
927.000 0.639
928.000 0.636
929.000 0.633
930.000 0.631
931.000 0.628
932.000 0.621
933.000 0.616
934.000 0.615
935.000 0.612
936.000 0.609
937.000 0.607
938.000 0.608
939.000 0.609
940.000 0.613
941.000 0.614
942.000 0.612
943.000 0.609
944.000 0.610
945.000 0.607
946.000 0.607
947.000 0.609
948.000 0.609
949.000 0.606
950.000 0.603
951.000 0.602
952.000 0.605
953.000 0.605
954.000 0.601
955.000 0.597
956.000 0.598
957.000 0.606
958.000 0.607
959.000 0.600
960.000 0.603
961.000 0.604
962.000 0.603
963.000 0.602
964.000 0.606
965.000 0.610
966.000 0.609
967.000 0.607
968.000 0.611
969.000 0.613
970.000 0.613
971.000 0.613
972.000 0.613
973.000 0.613
974.000 0.611
975.000 0.609
976.000 0.612
977.000 0.613
978.000 0.614
979.000 0.614
980.000 0.613
981.000 0.614
982.000 0.617
983.000 0.620
984.000 0.620
985.000 0.620
986.000 0.621
987.000 0.622
988.000 0.625
989.000 0.624
990.000 0.624
991.000 0.625
992.000 0.625
993.000 0.625
994.000 0.626
995.000 0.627
996.000 0.629
997.000 0.629
998.000 0.628
999.000 0.629
1000.000 0.630
1001.000 0.637
1002.000 0.637
1003.000 0.638
1004.000 0.639
1005.000 0.638
1006.000 0.639
1007.000 0.638
1008.000 0.637
1009.000 0.638
1010.000 0.640
1011.000 0.641
1012.000 0.642
1013.000 0.643
1014.000 0.643
1015.000 0.644
1016.000 0.645
1017.000 0.645
1018.000 0.646
1019.000 0.647
1020.000 0.647
1021.000 0.646
1022.000 0.648
1023.000 0.648
1024.000 0.649
1025.000 0.650
1026.000 0.651
1027.000 0.652
1028.000 0.653
1029.000 0.654
1030.000 0.655
1031.000 0.656
1032.000 0.657
1033.000 0.659
1034.000 0.660
1035.000 0.661
1036.000 0.661
1037.000 0.661
1038.000 0.661
1039.000 0.662
1040.000 0.662
1041.000 0.663
1042.000 0.664
1043.000 0.663
1044.000 0.663
1045.000 0.663
1046.000 0.663
1047.000 0.665
1048.000 0.666
1049.000 0.667
1050.000 0.668
1051.000 0.669
1052.000 0.668
1053.000 0.668
1054.000 0.668
1055.000 0.668
1056.000 0.669
1057.000 0.670
1058.000 0.671
1059.000 0.671
1060.000 0.671
1061.000 0.671
1062.000 0.672
1063.000 0.672
1064.000 0.672
1065.000 0.672
1066.000 0.671
1067.000 0.672
1068.000 0.673
1069.000 0.673
1070.000 0.673
1071.000 0.673
1072.000 0.673
1073.000 0.673
1074.000 0.672
1075.000 0.672
1076.000 0.672
1077.000 0.672
1078.000 0.671
1079.000 0.672
1080.000 0.672
1081.000 0.671
1082.000 0.670
1083.000 0.669
1084.000 0.668
1085.000 0.669
1086.000 0.668
1087.000 0.669
1088.000 0.669
1089.000 0.669
1090.000 0.670
1091.000 0.670
1092.000 0.670
1093.000 0.669
1094.000 0.669
1095.000 0.668
1096.000 0.667
1097.000 0.666
1098.000 0.665
1099.000 0.664
1100.000 0.663
1101.000 0.662
1102.000 0.660
1103.000 0.659
1104.000 0.659
1105.000 0.658
1106.000 0.658
1107.000 0.658
1108.000 0.657
1109.000 0.657
1110.000 0.656
1111.000 0.654
1112.000 0.652
1113.000 0.652
1114.000 0.648
1115.000 0.646
1116.000 0.644
1117.000 0.640
1118.000 0.636
1119.000 0.631
1120.000 0.627
1121.000 0.623
1122.000 0.618
1123.000 0.615
1124.000 0.615
1125.000 0.612
1126.000 0.610
1127.000 0.609
1128.000 0.610
1129.000 0.612
1130.000 0.618
1131.000 0.621
1132.000 0.615
1133.000 0.611
1134.000 0.606
1135.000 0.601
1136.000 0.603
1137.000 0.602
1138.000 0.597
1139.000 0.593
1140.000 0.589
1141.000 0.584
1142.000 0.584
1143.000 0.587
1144.000 0.589
1145.000 0.594
1146.000 0.594
1147.000 0.590
1148.000 0.587
1149.000 0.581
1150.000 0.577
1151.000 0.576
1152.000 0.573
1153.000 0.572
1154.000 0.572
1155.000 0.571
1156.000 0.572
1157.000 0.573
1158.000 0.575
1159.000 0.576
1160.000 0.577
1161.000 0.576
1162.000 0.575
1163.000 0.574
1164.000 0.574
1165.000 0.574
1166.000 0.575
1167.000 0.576
1168.000 0.576
1169.000 0.576
1170.000 0.576
1171.000 0.575
1172.000 0.574
1173.000 0.574
1174.000 0.574
1175.000 0.574
1176.000 0.574
1177.000 0.574
1178.000 0.574
1179.000 0.573
1180.000 0.573
1181.000 0.572
1182.000 0.571
1183.000 0.570
1184.000 0.570
1185.000 0.570
1186.000 0.571
1187.000 0.570
1188.000 0.571
1189.000 0.570
1190.000 0.569
1191.000 0.569
1192.000 0.569
1193.000 0.569
1194.000 0.571
1195.000 0.571
1196.000 0.570
1197.000 0.570
1198.000 0.570
1199.000 0.570
1200.000 0.570
1201.000 0.570
1202.000 0.570
1203.000 0.570
1204.000 0.571
1205.000 0.571
1206.000 0.571
1207.000 0.572
1208.000 0.572
1209.000 0.572
1210.000 0.572
1211.000 0.573
1212.000 0.573
1213.000 0.573
1214.000 0.573
1215.000 0.574
1216.000 0.575
1217.000 0.575
1218.000 0.576
1219.000 0.576
1220.000 0.577
1221.000 0.578
1222.000 0.578
1223.000 0.579
1224.000 0.580
1225.000 0.580
1226.000 0.581
1227.000 0.581
1228.000 0.582
1229.000 0.583
1230.000 0.584
1231.000 0.585
1232.000 0.587
1233.000 0.587
1234.000 0.589
1235.000 0.589
1236.000 0.589
1237.000 0.590
1238.000 0.589
1239.000 0.590
1240.000 0.591
1241.000 0.592
1242.000 0.592
1243.000 0.592
1244.000 0.592
1245.000 0.592
1246.000 0.591
1247.000 0.591
1248.000 0.592
1249.000 0.593
1250.000 0.593
1251.000 0.594
1252.000 0.594
1253.000 0.594
1254.000 0.594
1255.000 0.595
1256.000 0.595
1257.000 0.595
1258.000 0.595
1259.000 0.596
1260.000 0.597
1261.000 0.597
1262.000 0.598
1263.000 0.597
1264.000 0.597
1265.000 0.597
1266.000 0.596
1267.000 0.597
1268.000 0.597
1269.000 0.598
1270.000 0.597
1271.000 0.597
1272.000 0.595
1273.000 0.596
1274.000 0.595
1275.000 0.595
1276.000 0.596
1277.000 0.596
1278.000 0.596
1279.000 0.596
1280.000 0.596
1281.000 0.596
1282.000 0.597
1283.000 0.597
1284.000 0.596
1285.000 0.595
1286.000 0.595
1287.000 0.595
1288.000 0.595
1289.000 0.594
1290.000 0.593
1291.000 0.592
1292.000 0.592
1293.000 0.591
1294.000 0.590
1295.000 0.589
1296.000 0.588
1297.000 0.586
1298.000 0.586
1299.000 0.585
1300.000 0.583
1301.000 0.583
1302.000 0.581
1303.000 0.580
1304.000 0.578
1305.000 0.576
1306.000 0.574
1307.000 0.573
1308.000 0.571
1309.000 0.568
1310.000 0.566
1311.000 0.566
1312.000 0.564
1313.000 0.562
1314.000 0.561
1315.000 0.558
1316.000 0.556
1317.000 0.554
1318.000 0.553
1319.000 0.550
1320.000 0.548
1321.000 0.546
1322.000 0.544
1323.000 0.543
1324.000 0.543
1325.000 0.541
1326.000 0.539
1327.000 0.536
1328.000 0.534
1329.000 0.532
1330.000 0.528
1331.000 0.525
1332.000 0.521
1333.000 0.517
1334.000 0.514
1335.000 0.510
1336.000 0.506
1337.000 0.504
1338.000 0.504
1339.000 0.503
1340.000 0.504
1341.000 0.503
1342.000 0.498
1343.000 0.496
1344.000 0.492
1345.000 0.489
1346.000 0.492
1347.000 0.493
1348.000 0.492
1349.000 0.488
1350.000 0.491
1351.000 0.505
1352.000 0.512
1353.000 0.491
1354.000 0.511
1355.000 0.353
1356.000 0.351
1357.000 0.440
1358.000 0.447
1359.000 0.547
1360.000 0.539
1361.000 0.764
1362.000 0.485
1363.000 0.502
1364.000 0.527
1365.000 0.526
1366.000 0.484
1367.000 0.353
1368.000 0.239
1369.000 0.198
1370.000 0.524
1371.000 0.522
1372.000 0.438
1373.000 0.250
1374.000 0.150
1375.000 0.110
1376.000 0.279
1377.000 0.298
1378.000 0.127
1379.000 0.219
1380.000 0.461
1381.000 0.387
1382.000 0.546
1383.000 0.569
1384.000 0.625
1385.000 0.455
1386.000 0.498
1387.000 0.405
1388.000 0.481
1389.000 0.586
1390.000 0.422
1391.000 0.397
1392.000 0.598
1393.000 0.734
1394.000 0.524
1395.000 0.452
1396.000 0.351
1397.000 0.254
1398.000 0.395
1399.000 0.574
1400.000 0.374
1401.000 0.398
1402.000 0.458
1403.000 0.309
1404.000 0.396
1405.000 0.370
1406.000 0.384
1407.000 0.289
1408.000 0.282
1409.000 0.301
1410.000 0.277
1411.000 0.291
1412.000 0.286
1413.000 0.287
1414.000 0.224
1415.000 0.166
1416.000 0.124
1417.000 0.157
1418.000 0.282
1419.000 0.272
1420.000 0.241
1421.000 0.428
1422.000 0.336
1423.000 0.276
1424.000 0.226
1425.000 0.235
1426.000 0.207
1427.000 0.264
1428.000 0.317
1429.000 0.359
1430.000 0.405
1431.000 0.268
1432.000 0.285
1433.000 0.244
1434.000 0.277
1435.000 0.245
1436.000 0.284
1437.000 0.343
1438.000 0.305
1439.000 0.373
1440.000 0.232
1441.000 0.118
1442.000 0.253
1443.000 0.261
1444.000 0.263
1445.000 0.274
1446.000 0.258
1447.000 0.245
1448.000 0.232
1449.000 0.182
1450.000 0.195
1451.000 0.178
1452.000 0.157
1453.000 0.177
1454.000 0.207
1455.000 0.207
1456.000 0.192
1457.000 0.194
1458.000 0.176
1459.000 0.161
1460.000 0.148
1461.000 0.135
1462.000 0.171
1463.000 0.160
1464.000 0.146
1465.000 0.150
1466.000 0.161
1467.000 0.167
1468.000 0.143
1469.000 0.152
1470.000 0.157
1471.000 0.151
1472.000 0.162
1473.000 0.169
1474.000 0.181
1475.000 0.179
1476.000 0.193
1477.000 0.193
1478.000 0.168
1479.000 0.168
1480.000 0.175
1481.000 0.172
1482.000 0.174
1483.000 0.171
1484.000 0.171
1485.000 0.172
1486.000 0.168
1487.000 0.171
1488.000 0.176
1489.000 0.180
1490.000 0.184
1491.000 0.186
1492.000 0.185
1493.000 0.185
1494.000 0.184
1495.000 0.187
1496.000 0.194
1497.000 0.197
1498.000 0.201
1499.000 0.204
1500.000 0.203
1501.000 0.203
1502.000 0.200
1503.000 0.199
1504.000 0.199
1505.000 0.199
1506.000 0.200
1507.000 0.202
1508.000 0.206
1509.000 0.210
1510.000 0.213
1511.000 0.216
1512.000 0.217
1513.000 0.216
1514.000 0.217
1515.000 0.218
1516.000 0.219
1517.000 0.222
1518.000 0.224
1519.000 0.226
1520.000 0.229
1521.000 0.231
1522.000 0.233
1523.000 0.234
1524.000 0.235
1525.000 0.235
1526.000 0.237
1527.000 0.240
1528.000 0.242
1529.000 0.245
1530.000 0.246
1531.000 0.247
1532.000 0.248
1533.000 0.249
1534.000 0.250
1535.000 0.253
1536.000 0.254
1537.000 0.255
1538.000 0.257
1539.000 0.257
1540.000 0.259
1541.000 0.261
1542.000 0.263
1543.000 0.265
1544.000 0.266
1545.000 0.268
1546.000 0.269
1547.000 0.269
1548.000 0.270
1549.000 0.270
1550.000 0.271
1551.000 0.273
1552.000 0.275
1553.000 0.277
1554.000 0.279
1555.000 0.281
1556.000 0.283
1557.000 0.283
1558.000 0.285
1559.000 0.287
1560.000 0.288
1561.000 0.288
1562.000 0.290
1563.000 0.290
1564.000 0.292
1565.000 0.295
1566.000 0.296
1567.000 0.296
1568.000 0.296
1569.000 0.297
1570.000 0.298
1571.000 0.302
1572.000 0.303
1573.000 0.304
1574.000 0.305
1575.000 0.304
1576.000 0.305
1577.000 0.306
1578.000 0.306
1579.000 0.305
1580.000 0.307
1581.000 0.309
1582.000 0.311
1583.000 0.315
1584.000 0.317
1585.000 0.318
1586.000 0.318
1587.000 0.318
1588.000 0.319
1589.000 0.321
1590.000 0.322
1591.000 0.324
1592.000 0.325
1593.000 0.325
1594.000 0.326
1595.000 0.326
1596.000 0.326
1597.000 0.327
1598.000 0.327
1599.000 0.328
1600.000 0.328
1601.000 0.329
1602.000 0.329
1603.000 0.332
1604.000 0.333
1605.000 0.334
1606.000 0.335
1607.000 0.335
1608.000 0.335
1609.000 0.337
1610.000 0.337
1611.000 0.337
1612.000 0.338
1613.000 0.339
1614.000 0.340
1615.000 0.342
1616.000 0.344
1617.000 0.345
1618.000 0.346
1619.000 0.347
1620.000 0.347
1621.000 0.347
1622.000 0.347
1623.000 0.347
1624.000 0.348
1625.000 0.349
1626.000 0.349
1627.000 0.351
1628.000 0.352
1629.000 0.352
1630.000 0.352
1631.000 0.353
1632.000 0.353
1633.000 0.356
1634.000 0.358
1635.000 0.358
1636.000 0.357
1637.000 0.357
1638.000 0.357
1639.000 0.357
1640.000 0.357
1641.000 0.358
1642.000 0.358
1643.000 0.359
1644.000 0.359
1645.000 0.360
1646.000 0.360
1647.000 0.360
1648.000 0.360
1649.000 0.359
1650.000 0.359
1651.000 0.360
1652.000 0.360
1653.000 0.361
1654.000 0.360
1655.000 0.358
1656.000 0.358
1657.000 0.361
1658.000 0.361
1659.000 0.362
1660.000 0.363
1661.000 0.362
1662.000 0.362
1663.000 0.363
1664.000 0.364
1665.000 0.365
1666.000 0.365
1667.000 0.365
1668.000 0.365
1669.000 0.364
1670.000 0.363
1671.000 0.363
1672.000 0.362
1673.000 0.363
1674.000 0.364
1675.000 0.364
1676.000 0.364
1677.000 0.364
1678.000 0.364
1679.000 0.364
1680.000 0.363
1681.000 0.361
1682.000 0.360
1683.000 0.358
1684.000 0.357
1685.000 0.359
1686.000 0.360
1687.000 0.360
1688.000 0.360
1689.000 0.361
1690.000 0.361
1691.000 0.361
1692.000 0.361
1693.000 0.363
1694.000 0.363
1695.000 0.363
1696.000 0.363
1697.000 0.360
1698.000 0.359
1699.000 0.359
1700.000 0.359
1701.000 0.359
1702.000 0.358
1703.000 0.357
1704.000 0.356
1705.000 0.355
1706.000 0.355
1707.000 0.357
1708.000 0.357
1709.000 0.356
1710.000 0.354
1711.000 0.352
1712.000 0.353
1713.000 0.353
1714.000 0.352
1715.000 0.355
1716.000 0.353
1717.000 0.351
1718.000 0.353
1719.000 0.354
1720.000 0.354
1721.000 0.355
1722.000 0.352
1723.000 0.348
1724.000 0.345
1725.000 0.346
1726.000 0.346
1727.000 0.346
1728.000 0.345
1729.000 0.342
1730.000 0.341
1731.000 0.341
1732.000 0.342
1733.000 0.342
1734.000 0.340
1735.000 0.338
1736.000 0.340
1737.000 0.340
1738.000 0.339
1739.000 0.338
1740.000 0.334
1741.000 0.334
1742.000 0.338
1743.000 0.340
1744.000 0.343
1745.000 0.343
1746.000 0.340
1747.000 0.338
1748.000 0.335
1749.000 0.334
1750.000 0.333
1751.000 0.332
1752.000 0.332
1753.000 0.331
1754.000 0.329
1755.000 0.328
1756.000 0.325
1757.000 0.325
1758.000 0.326
1759.000 0.326
1760.000 0.326
1761.000 0.324
1762.000 0.324
1763.000 0.322
1764.000 0.322
1765.000 0.325
1766.000 0.325
1767.000 0.331
1768.000 0.334
1769.000 0.331
1770.000 0.325
1771.000 0.318
1772.000 0.311
1773.000 0.302
1774.000 0.303
1775.000 0.306
1776.000 0.308
1777.000 0.319
1778.000 0.316
1779.000 0.307
1780.000 0.304
1781.000 0.298
1782.000 0.297
1783.000 0.301
1784.000 0.298
1785.000 0.297
1786.000 0.296
1787.000 0.300
1788.000 0.304
1789.000 0.301
1790.000 0.302
1791.000 0.300
1792.000 0.294
1793.000 0.295
1794.000 0.251
1795.000 0.253
1796.000 0.272
1797.000 0.319
1798.000 0.345
1799.000 0.335
1800.000 0.294
1801.000 0.417
1802.000 0.439
1803.000 0.436
1804.000 0.441
1805.000 0.435
1806.000 0.439
1807.000 0.423
1808.000 0.401
1809.000 0.458
1810.000 0.707
1811.000 0.684
1812.000 0.439
1813.000 0.357
1814.000 0.365
1815.000 0.334
1816.000 0.368
1817.000 0.519
1818.000 0.488
1819.000 0.251
1820.000 0.469
1821.000 0.263
1822.000 0.573
1823.000 0.517
1824.000 0.473
1825.000 0.398
1826.000 0.845
1827.000 0.670
1828.000 0.671
1829.000 0.736
1830.000 0.321
1831.000 0.271
1832.000 0.174
1833.000 0.146
1834.000 0.140
1835.000 0.138
1836.000 0.157
1837.000 0.255
1838.000 0.335
1839.000 0.632
1840.000 0.606
1841.000 0.406
1842.000 0.231
1843.000 0.194
1844.000 0.168
1845.000 0.157
1846.000 0.217
1847.000 0.237
1848.000 0.329
1849.000 0.388
1850.000 0.410
1851.000 0.439
1852.000 0.347
1853.000 0.614
1854.000 0.568
1855.000 0.517
1856.000 0.537
1857.000 0.301
1858.000 0.378
1859.000 0.394
1860.000 0.479
1861.000 0.406
1862.000 0.246
1863.000 0.235
1864.000 0.247
1865.000 0.344
1866.000 0.250
1867.000 0.412
1868.000 0.429
1869.000 0.450
1870.000 0.619
1871.000 0.731
1872.000 0.294
1873.000 0.447
1874.000 0.608
1875.000 0.277
1876.000 0.102
1877.000 0.287
1878.000 0.330
1879.000 0.522
1880.000 0.634
1881.000 0.673
1882.000 0.806
1883.000 0.808
1884.000 0.455
1885.000 0.501
1886.000 0.463
1887.000 0.197
1888.000 0.278
1889.000 0.294
1890.000 0.408
1891.000 0.188
1892.000 0.465
1893.000 0.583
1894.000 0.448
1895.000 0.467
1896.000 0.502
1897.000 0.536
1898.000 0.595
1899.000 0.489
1900.000 0.498
1901.000 0.562
1902.000 0.521
1903.000 0.474
1904.000 0.469
1905.000 0.460
1906.000 0.445
1907.000 0.453
1908.000 0.510
1909.000 0.618
1910.000 0.516
1911.000 0.395
1912.000 0.331
1913.000 0.268
1914.000 0.229
1915.000 0.252
1916.000 0.656
1917.000 0.692
1918.000 0.677
1919.000 0.647
1920.000 0.536
1921.000 0.421
1922.000 0.709
1923.000 0.640
1924.000 0.591
1925.000 0.478
1926.000 0.284
1927.000 0.231
1928.000 0.398
1929.000 0.474
1930.000 0.662
1931.000 0.617
1932.000 0.561
1933.000 0.486
1934.000 0.485
1935.000 0.472
1936.000 0.480
1937.000 0.256
1938.000 0.443
1939.000 0.698
1940.000 0.547
1941.000 0.441
1942.000 0.446
1943.000 0.349
1944.000 0.336
1945.000 0.623
1946.000 0.317
1947.000 0.683
1948.000 0.146
1949.000 0.189
1950.000 0.316
1951.000 0.808
1952.000 0.569
1953.000 0.427
1954.000 0.384
1955.000 0.514
1956.000 0.445
1957.000 0.565
1958.000 0.377
1959.000 0.274
1960.000 0.226
1961.000 0.182
1962.000 0.176
1963.000 0.122
1964.000 0.114
1965.000 0.127
1966.000 0.229
1967.000 0.261
1968.000 0.244
1969.000 0.213
1970.000 0.191
1971.000 0.184
1972.000 0.271
1973.000 0.272
1974.000 0.255
1975.000 0.246
1976.000 0.239
1977.000 0.233
1978.000 0.223
1979.000 0.221
1980.000 0.130
1981.000 0.219
1982.000 0.204
1983.000 0.206
1984.000 0.199
1985.000 0.154
1986.000 0.139
1987.000 0.153
1988.000 0.131
1989.000 0.173
1990.000 0.084
1991.000 0.080
1992.000 0.157
1993.000 0.202
1994.000 0.264
1995.000 0.277
1996.000 0.362
1997.000 0.184
1998.000 0.299
1999.000 0.266
2000.000 0.224
2001.000 0.185
2002.000 0.167
2003.000 0.154
2004.000 0.240
2005.000 0.217
2006.000 0.231
2007.000 0.236
2008.000 0.301
2009.000 0.143
2010.000 0.122
2011.000 0.219
2012.000 0.228
2013.000 0.242
2014.000 0.249
2015.000 0.260
2016.000 0.263
2017.000 0.265
2018.000 0.358
2019.000 0.262
2020.000 0.171
2021.000 0.195
2022.000 0.204
2023.000 0.223
2024.000 0.228
2025.000 0.237
2026.000 0.245
2027.000 0.224
2028.000 0.226
2029.000 0.201
2030.000 0.209
2031.000 0.204
2032.000 0.174
2033.000 0.193
2034.000 0.175
2035.000 0.184
2036.000 0.185
2037.000 0.207
2038.000 0.208
2039.000 0.209
2040.000 0.220
2041.000 0.251
2042.000 0.257
2043.000 0.272
2044.000 0.266
2045.000 0.195
2046.000 0.154
2047.000 0.163
2048.000 0.175
2049.000 0.191
2050.000 0.260
2051.000 0.248
2052.000 0.231
2053.000 0.196
2054.000 0.159
2055.000 0.167
2056.000 0.142
2057.000 0.152
2058.000 0.176
2059.000 0.205
2060.000 0.203
2061.000 0.211
2062.000 0.181
2063.000 0.168
2064.000 0.165
2065.000 0.152
2066.000 0.159
2067.000 0.196
2068.000 0.196
2069.000 0.215
2070.000 0.232
2071.000 0.189
2072.000 0.179
2073.000 0.171
2074.000 0.171
2075.000 0.186
2076.000 0.183
2077.000 0.213
2078.000 0.216
2079.000 0.189
2080.000 0.180
2081.000 0.146
2082.000 0.133
2083.000 0.145
2084.000 0.142
2085.000 0.166
2086.000 0.181
2087.000 0.188
2088.000 0.199
2089.000 0.196
2090.000 0.174
2091.000 0.177
2092.000 0.176
2093.000 0.175
2094.000 0.175
2095.000 0.174
2096.000 0.172
2097.000 0.176
2098.000 0.181
2099.000 0.189
2100.000 0.189
2101.000 0.196
2102.000 0.199
2103.000 0.202
2104.000 0.204
2105.000 0.206
2106.000 0.205
2107.000 0.203
2108.000 0.196
2109.000 0.200
2110.000 0.196
2111.000 0.176
2112.000 0.163
2113.000 0.164
2114.000 0.162
2115.000 0.172
2116.000 0.172
2117.000 0.185
2118.000 0.201
2119.000 0.197
2120.000 0.193
2121.000 0.190
2122.000 0.181
2123.000 0.177
2124.000 0.162
2125.000 0.164
2126.000 0.179
2127.000 0.179
2128.000 0.187
2129.000 0.191
2130.000 0.184
2131.000 0.183
2132.000 0.182
2133.000 0.184
2134.000 0.185
2135.000 0.184
2136.000 0.191
2137.000 0.184
2138.000 0.204
2139.000 0.216
2140.000 0.222
2141.000 0.211
2142.000 0.210
2143.000 0.213
2144.000 0.214
2145.000 0.216
2146.000 0.212
2147.000 0.218
2148.000 0.214
2149.000 0.199
2150.000 0.190
2151.000 0.187
2152.000 0.187
2153.000 0.212
2154.000 0.218
2155.000 0.222
2156.000 0.211
2157.000 0.212
2158.000 0.213
2159.000 0.231
2160.000 0.238
2161.000 0.221
2162.000 0.206
2163.000 0.199
2164.000 0.199
2165.000 0.192
2166.000 0.197
2167.000 0.200
2168.000 0.200
2169.000 0.200
2170.000 0.202
2171.000 0.201
2172.000 0.193
2173.000 0.195
2174.000 0.192
2175.000 0.193
2176.000 0.196
2177.000 0.204
2178.000 0.208
2179.000 0.200
2180.000 0.196
2181.000 0.200
2182.000 0.200
2183.000 0.212
2184.000 0.203
2185.000 0.207
2186.000 0.213
2187.000 0.225
2188.000 0.211
2189.000 0.218
2190.000 0.220
2191.000 0.215
2192.000 0.211
2193.000 0.209
2194.000 0.208
2195.000 0.215
2196.000 0.212
2197.000 0.212
2198.000 0.222
2199.000 0.234
2200.000 0.234
2201.000 0.243
2202.000 0.253
2203.000 0.229
2204.000 0.241
2205.000 0.239
2206.000 0.231
2207.000 0.224
2208.000 0.209
2209.000 0.204
2210.000 0.203
2211.000 0.201
2212.000 0.204
2213.000 0.207
2214.000 0.209
2215.000 0.209
2216.000 0.209
2217.000 0.209
2218.000 0.205
2219.000 0.204
2220.000 0.207
2221.000 0.211
2222.000 0.221
2223.000 0.224
2224.000 0.222
2225.000 0.221
2226.000 0.222
2227.000 0.216
2228.000 0.210
2229.000 0.214
2230.000 0.214
2231.000 0.206
2232.000 0.211
2233.000 0.211
2234.000 0.198
2235.000 0.194
2236.000 0.188
2237.000 0.196
2238.000 0.198
2239.000 0.204
2240.000 0.202
2241.000 0.205
2242.000 0.210
2243.000 0.217
2244.000 0.218
2245.000 0.219
2246.000 0.215
2247.000 0.200
2248.000 0.195
2249.000 0.195
2250.000 0.198
2251.000 0.207
2252.000 0.211
2253.000 0.221
2254.000 0.223
2255.000 0.226
2256.000 0.224
2257.000 0.217
2258.000 0.209
2259.000 0.203
2260.000 0.193
2261.000 0.187
2262.000 0.194
2263.000 0.204
2264.000 0.205
2265.000 0.201
2266.000 0.190
2267.000 0.184
2268.000 0.200
2269.000 0.194
2270.000 0.191
2271.000 0.190
2272.000 0.184
2273.000 0.186
2274.000 0.189
2275.000 0.199
2276.000 0.208
2277.000 0.215
2278.000 0.208
2279.000 0.196
2280.000 0.178
2281.000 0.164
2282.000 0.148
2283.000 0.143
2284.000 0.146
2285.000 0.153
2286.000 0.183
2287.000 0.190
2288.000 0.209
2289.000 0.214
2290.000 0.202
2291.000 0.198
2292.000 0.185
2293.000 0.180
2294.000 0.190
2295.000 0.184
2296.000 0.177
2297.000 0.194
2298.000 0.199
2299.000 0.187
2300.000 0.183
2301.000 0.163
2302.000 0.157
2303.000 0.135
2304.000 0.134
2305.000 0.126
2306.000 0.114
2307.000 0.146
2308.000 0.165
2309.000 0.158
2310.000 0.141
2311.000 0.142
2312.000 0.141
2313.000 0.156
2314.000 0.132
2315.000 0.151
2316.000 0.148
2317.000 0.184
2318.000 0.207
2319.000 0.219
2320.000 0.251
2321.000 0.231
2322.000 0.297
2323.000 0.318
2324.000 0.193
2325.000 0.299
2326.000 0.307
2327.000 0.266
2328.000 0.213
2329.000 0.247
2330.000 0.245
2331.000 0.234
2332.000 0.227
2333.000 0.163
2334.000 0.239
2335.000 0.172
2336.000 0.302
2337.000 0.285
2338.000 0.285
2339.000 0.247
2340.000 0.351
2341.000 0.207
2342.000 0.213
2343.000 0.135
2344.000 0.204
2345.000 0.158
2346.000 0.251
2347.000 0.204
2348.000 0.239
2349.000 0.328
2350.000 0.329
2351.000 0.288
2352.000 0.300
2353.000 0.314
2354.000 0.316
2355.000 0.310
2356.000 0.239
2357.000 0.214
2358.000 0.181
2359.000 0.163
2360.000 0.133
2361.000 0.113
2362.000 0.147
2363.000 0.210
2364.000 0.237
2365.000 0.307
2366.000 0.354
2367.000 0.292
2368.000 0.286
2369.000 0.234
2370.000 0.265
2371.000 0.157
2372.000 0.202
2373.000 0.176
2374.000 0.193
2375.000 0.345
2376.000 0.255
2377.000 0.222
2378.000 0.316
2379.000 0.195
2380.000 0.250
2381.000 0.214
2382.000 0.224
2383.000 0.117
2384.000 0.162
2385.000 0.204
2386.000 0.224
2387.000 0.142
2388.000 0.246
2389.000 0.292
2390.000 0.220
2391.000 0.190
2392.000 0.166
2393.000 0.268
2394.000 0.251
2395.000 0.212
2396.000 0.328
2397.000 0.364
2398.000 0.329
2399.000 0.208
2400.000 0.139
2401.000 0.181
2402.000 0.098
2403.000 0.189
2404.000 0.218
2405.000 0.255
2406.000 0.141
2407.000 0.256
2408.000 0.183
2409.000 0.258
2410.000 0.303
2411.000 0.453
2412.000 0.194
2413.000 0.435
2414.000 0.727
2415.000 0.148
2416.000 0.296
2417.000 0.304
2418.000 0.561
2419.000 0.477
2420.000 0.420
2421.000 0.347
2422.000 0.555
2423.000 0.402
2424.000 0.339
2425.000 0.335
2426.000 0.453
2427.000 0.322
2428.000 0.386
2429.000 0.382
2430.000 0.193
2431.000 0.325
2432.000 0.227
2433.000 0.172
2434.000 0.146
2435.000 0.170
2436.000 0.226
2437.000 0.536
2438.000 0.341
2439.000 0.513
2440.000 0.498
2441.000 0.453
2442.000 0.403
2443.000 0.316
2444.000 0.566
2445.000 0.610
2446.000 0.503
2447.000 0.163
2448.000 0.156
2449.000 0.196
2450.000 0.391
2451.000 0.560
2452.000 0.434
2453.000 0.449
2454.000 0.484
2455.000 0.223
2456.000 0.527
2457.000 0.386
2458.000 0.746
2459.000 0.815
2460.000 0.684
2461.000 0.549
2462.000 0.466
2463.000 0.429
2464.000 0.195
2465.000 0.381
2466.000 0.178
2467.000 0.187
2468.000 0.143
2469.000 0.206
2470.000 0.230
2471.000 0.253
2472.000 0.251
2473.000 0.192
2474.000 0.321
2475.000 0.553
2476.000 0.507
2477.000 0.612
2478.000 0.437
2479.000 0.384
2480.000 0.332
2481.000 0.441
2482.000 0.422
2483.000 0.556
2484.000 0.327
2485.000 0.376
2486.000 0.363
2487.000 0.266
2488.000 0.261
2489.000 0.190
2490.000 0.307
2491.000 0.537
2492.000 0.357
2493.000 0.311
2494.000 0.340
2495.000 0.329
2496.000 0.393
2497.000 0.358
2498.000 0.635
2499.000 0.463
2500.000 0.409
