391.000 0.018
392.000 0.017
393.000 0.014
394.000 0.016
395.000 0.015
396.000 0.014
397.000 0.014
398.000 0.013
399.000 0.013
400.000 0.016
401.000 0.019
402.000 0.015
403.000 0.015
404.000 0.017
405.000 0.016
406.000 0.016
407.000 0.014
408.000 0.013
409.000 0.017
410.000 0.017
411.000 0.016
412.000 0.015
413.000 0.016
414.000 0.016
415.000 0.017
416.000 0.017
417.000 0.017
418.000 0.017
419.000 0.017
420.000 0.017
421.000 0.017
422.000 0.017
423.000 0.016
424.000 0.015
425.000 0.016
426.000 0.017
427.000 0.017
428.000 0.017
429.000 0.017
430.000 0.017
431.000 0.017
432.000 0.017
433.000 0.017
434.000 0.018
435.000 0.017
436.000 0.017
437.000 0.017
438.000 0.018
439.000 0.018
440.000 0.017
441.000 0.017
442.000 0.017
443.000 0.017
444.000 0.017
445.000 0.018
446.000 0.018
447.000 0.017
448.000 0.018
449.000 0.019
450.000 0.018
451.000 0.018
452.000 0.018
453.000 0.018
454.000 0.019
455.000 0.019
456.000 0.018
457.000 0.018
458.000 0.018
459.000 0.019
460.000 0.019
461.000 0.018
462.000 0.017
463.000 0.017
464.000 0.019
465.000 0.019
466.000 0.018
467.000 0.019
468.000 0.018
469.000 0.019
470.000 0.019
471.000 0.019
472.000 0.018
473.000 0.019
474.000 0.020
475.000 0.020
476.000 0.019
477.000 0.019
478.000 0.019
479.000 0.019
480.000 0.019
481.000 0.019
482.000 0.019
483.000 0.019
484.000 0.019
485.000 0.019
486.000 0.019
487.000 0.020
488.000 0.020
489.000 0.020
490.000 0.019
491.000 0.019
492.000 0.019
493.000 0.020
494.000 0.020
495.000 0.020
496.000 0.021
497.000 0.020
498.000 0.020
499.000 0.020
500.000 0.020
501.000 0.021
502.000 0.021
503.000 0.022
504.000 0.021
505.000 0.021
506.000 0.022
507.000 0.022
508.000 0.022
509.000 0.023
510.000 0.024
511.000 0.025
512.000 0.026
513.000 0.026
514.000 0.025
515.000 0.026
516.000 0.027
517.000 0.028
518.000 0.030
519.000 0.031
520.000 0.032
521.000 0.033
522.000 0.033
523.000 0.034
524.000 0.035
525.000 0.036
526.000 0.037
527.000 0.038
528.000 0.039
529.000 0.040
530.000 0.040
531.000 0.041
532.000 0.043
533.000 0.042
534.000 0.044
535.000 0.044
536.000 0.044
537.000 0.045
538.000 0.046
539.000 0.046
540.000 0.045
541.000 0.046
542.000 0.046
543.000 0.047
544.000 0.047
545.000 0.047
546.000 0.047
547.000 0.047
548.000 0.047
549.000 0.047
550.000 0.047
551.000 0.048
552.000 0.048
553.000 0.048
554.000 0.048
555.000 0.048
556.000 0.047
557.000 0.048
558.000 0.047
559.000 0.046
560.000 0.046
561.000 0.046
562.000 0.045
563.000 0.045
564.000 0.045
565.000 0.044
566.000 0.043
567.000 0.043
568.000 0.042
569.000 0.042
570.000 0.041
571.000 0.041
572.000 0.039
573.000 0.039
574.000 0.039
575.000 0.038
576.000 0.038
577.000 0.038
578.000 0.037
579.000 0.037
580.000 0.037
581.000 0.036
582.000 0.035
583.000 0.036
584.000 0.036
585.000 0.035
586.000 0.035
587.000 0.035
588.000 0.034
589.000 0.034
590.000 0.034
591.000 0.034
592.000 0.034
593.000 0.034
594.000 0.034
595.000 0.034
596.000 0.034
597.000 0.033
598.000 0.034
599.000 0.034
600.000 0.034
601.000 0.034
602.000 0.034
603.000 0.033
604.000 0.033
605.000 0.033
606.000 0.033
607.000 0.033
608.000 0.032
609.000 0.032
610.000 0.033
611.000 0.033
612.000 0.032
613.000 0.032
614.000 0.032
615.000 0.032
616.000 0.032
617.000 0.031
618.000 0.032
619.000 0.032
620.000 0.031
621.000 0.031
622.000 0.031
623.000 0.030
624.000 0.030
625.000 0.031
626.000 0.031
627.000 0.032
628.000 0.032
629.000 0.032
630.000 0.032
631.000 0.032
632.000 0.032
633.000 0.032
634.000 0.032
635.000 0.032
636.000 0.032
637.000 0.031
638.000 0.031
639.000 0.031
640.000 0.031
641.000 0.030
642.000 0.030
643.000 0.030
644.000 0.031
645.000 0.030
646.000 0.030
647.000 0.030
648.000 0.030
649.000 0.030
650.000 0.029
651.000 0.029
652.000 0.030
653.000 0.029
654.000 0.029
655.000 0.031
656.000 0.030
657.000 0.030
658.000 0.030
659.000 0.030
660.000 0.030
661.000 0.030
662.000 0.029
663.000 0.029
664.000 0.030
665.000 0.030
666.000 0.029
667.000 0.029
668.000 0.030
669.000 0.030
670.000 0.030
671.000 0.030
672.000 0.030
673.000 0.031
674.000 0.030
675.000 0.030
676.000 0.031
677.000 0.031
678.000 0.032
679.000 0.032
680.000 0.031
681.000 0.032
682.000 0.032
683.000 0.033
684.000 0.033
685.000 0.034
686.000 0.035
687.000 0.036
688.000 0.036
689.000 0.038
690.000 0.039
691.000 0.040
692.000 0.041
693.000 0.042
694.000 0.044
695.000 0.049
696.000 0.051
697.000 0.054
698.000 0.057
699.000 0.060
700.000 0.063
701.000 0.068
702.000 0.073
703.000 0.077
704.000 0.081
705.000 0.086
706.000 0.090
707.000 0.094
708.000 0.099
709.000 0.104
710.000 0.109
711.000 0.114
712.000 0.120
713.000 0.125
714.000 0.131
715.000 0.136
716.000 0.142
717.000 0.149
718.000 0.157
719.000 0.165
720.000 0.172
721.000 0.178
722.000 0.184
723.000 0.190
724.000 0.198
725.000 0.206
726.000 0.214
727.000 0.221
728.000 0.228
729.000 0.235
730.000 0.243
731.000 0.250
732.000 0.255
733.000 0.261
734.000 0.266
735.000 0.272
736.000 0.277
737.000 0.283
738.000 0.288
739.000 0.293
740.000 0.298
741.000 0.302
742.000 0.306
743.000 0.311
744.000 0.315
745.000 0.318
746.000 0.321
747.000 0.324
748.000 0.327
749.000 0.330
750.000 0.332
751.000 0.335
752.000 0.337
753.000 0.340
754.000 0.341
755.000 0.343
756.000 0.344
757.000 0.346
758.000 0.348
759.000 0.351
760.000 0.354
761.000 0.361
762.000 0.364
763.000 0.365
764.000 0.364
765.000 0.362
766.000 0.361
767.000 0.360
768.000 0.360
769.000 0.359
770.000 0.360
771.000 0.361
772.000 0.361
773.000 0.362
774.000 0.362
775.000 0.363
776.000 0.364
777.000 0.364
778.000 0.364
779.000 0.365
780.000 0.366
781.000 0.366
782.000 0.366
783.000 0.367
784.000 0.367
785.000 0.368
786.000 0.369
787.000 0.370
788.000 0.371
789.000 0.372
790.000 0.373
791.000 0.373
792.000 0.374
793.000 0.374
794.000 0.374
795.000 0.375
796.000 0.376
797.000 0.377
798.000 0.377
799.000 0.377
800.000 0.378
801.000 0.378
802.000 0.379
803.000 0.379
804.000 0.380
805.000 0.380
806.000 0.381
807.000 0.381
808.000 0.381
809.000 0.382
810.000 0.383
811.000 0.384
812.000 0.386
813.000 0.388
814.000 0.389
815.000 0.391
816.000 0.393
817.000 0.393
818.000 0.394
819.000 0.393
820.000 0.393
821.000 0.393
822.000 0.393
823.000 0.394
824.000 0.394
825.000 0.394
826.000 0.394
827.000 0.394
828.000 0.395
829.000 0.395
830.000 0.395
831.000 0.395
832.000 0.395
833.000 0.396
834.000 0.395
835.000 0.395
836.000 0.396
837.000 0.395
838.000 0.395
839.000 0.396
840.000 0.396
841.000 0.396
842.000 0.396
843.000 0.396
844.000 0.396
845.000 0.396
846.000 0.397
847.000 0.397
848.000 0.397
849.000 0.398
850.000 0.398
851.000 0.399
852.000 0.399
853.000 0.400
854.000 0.400
855.000 0.400
856.000 0.400
857.000 0.401
858.000 0.401
859.000 0.401
860.000 0.401
861.000 0.401
862.000 0.402
863.000 0.402
864.000 0.403
865.000 0.403
866.000 0.404
867.000 0.404
868.000 0.404
869.000 0.404
870.000 0.405
871.000 0.405
872.000 0.406
873.000 0.406
874.000 0.406
875.000 0.406
876.000 0.407
877.000 0.407
878.000 0.408
879.000 0.408
880.000 0.408
881.000 0.408
882.000 0.409
883.000 0.409
884.000 0.410
885.000 0.410
886.000 0.411
887.000 0.411
888.000 0.411
889.000 0.412
890.000 0.413
891.000 0.413
892.000 0.415
893.000 0.416
894.000 0.417
895.000 0.419
896.000 0.420
897.000 0.422
898.000 0.424
899.000 0.425
900.000 0.425
901.000 0.425
902.000 0.425
903.000 0.426
904.000 0.425
905.000 0.425
906.000 0.426
907.000 0.427
908.000 0.428
909.000 0.430
910.000 0.430
911.000 0.432
912.000 0.433
913.000 0.433
914.000 0.433
915.000 0.433
916.000 0.434
917.000 0.433
918.000 0.433
919.000 0.433
920.000 0.432
921.000 0.431
922.000 0.431
923.000 0.431
924.000 0.432
925.000 0.434
926.000 0.436
927.000 0.437
928.000 0.439
929.000 0.440
930.000 0.443
931.000 0.447
932.000 0.449
933.000 0.454
934.000 0.459
935.000 0.460
936.000 0.464
937.000 0.463
938.000 0.461
939.000 0.460
940.000 0.458
941.000 0.458
942.000 0.459
943.000 0.463
944.000 0.466
945.000 0.460
946.000 0.457
947.000 0.459
948.000 0.457
949.000 0.454
950.000 0.455
951.000 0.458
952.000 0.457
953.000 0.452
954.000 0.446
955.000 0.445
956.000 0.447
957.000 0.448
958.000 0.446
959.000 0.444
960.000 0.442
961.000 0.440
962.000 0.439
963.000 0.437
964.000 0.435
965.000 0.433
966.000 0.431
967.000 0.431
968.000 0.430
969.000 0.430
970.000 0.430
971.000 0.429
972.000 0.429
973.000 0.429
974.000 0.428
975.000 0.427
976.000 0.429
977.000 0.429
978.000 0.430
979.000 0.427
980.000 0.424
981.000 0.426
982.000 0.426
983.000 0.425
984.000 0.427
985.000 0.426
986.000 0.425
987.000 0.426
988.000 0.428
989.000 0.427
990.000 0.425
991.000 0.426
992.000 0.426
993.000 0.425
994.000 0.426
995.000 0.428
996.000 0.427
997.000 0.430
998.000 0.429
999.000 0.429
1000.000 0.431
1001.000 0.434
1002.000 0.435
1003.000 0.435
1004.000 0.435
1005.000 0.435
1006.000 0.435
1007.000 0.436
1008.000 0.436
1009.000 0.438
1010.000 0.439
1011.000 0.439
1012.000 0.441
1013.000 0.442
1014.000 0.442
1015.000 0.442
1016.000 0.443
1017.000 0.444
1018.000 0.444
1019.000 0.444
1020.000 0.445
1021.000 0.444
1022.000 0.444
1023.000 0.445
1024.000 0.445
1025.000 0.445
1026.000 0.446
1027.000 0.446
1028.000 0.448
1029.000 0.449
1030.000 0.450
1031.000 0.451
1032.000 0.452
1033.000 0.452
1034.000 0.452
1035.000 0.452
1036.000 0.452
1037.000 0.452
1038.000 0.453
1039.000 0.453
1040.000 0.454
1041.000 0.456
1042.000 0.456
1043.000 0.456
1044.000 0.457
1045.000 0.458
1046.000 0.458
1047.000 0.458
1048.000 0.458
1049.000 0.458
1050.000 0.459
1051.000 0.459
1052.000 0.459
1053.000 0.460
1054.000 0.460
1055.000 0.461
1056.000 0.462
1057.000 0.461
1058.000 0.461
1059.000 0.461
1060.000 0.461
1061.000 0.462
1062.000 0.463
1063.000 0.464
1064.000 0.465
1065.000 0.465
1066.000 0.465
1067.000 0.464
1068.000 0.465
1069.000 0.466
1070.000 0.467
1071.000 0.468
1072.000 0.468
1073.000 0.467
1074.000 0.467
1075.000 0.467
1076.000 0.467
1077.000 0.468
1078.000 0.469
1079.000 0.469
1080.000 0.469
1081.000 0.470
1082.000 0.471
1083.000 0.471
1084.000 0.471
1085.000 0.471
1086.000 0.471
1087.000 0.473
1088.000 0.474
1089.000 0.475
1090.000 0.476
1091.000 0.476
1092.000 0.477
1093.000 0.478
1094.000 0.478
1095.000 0.479
1096.000 0.479
1097.000 0.479
1098.000 0.480
1099.000 0.481
1100.000 0.481
1101.000 0.483
1102.000 0.484
1103.000 0.485
1104.000 0.487
1105.000 0.488
1106.000 0.489
1107.000 0.490
1108.000 0.492
1109.000 0.494
1110.000 0.496
1111.000 0.498
1112.000 0.500
1113.000 0.502
1114.000 0.504
1115.000 0.506
1116.000 0.510
1117.000 0.513
1118.000 0.517
1119.000 0.521
1120.000 0.527
1121.000 0.535
1122.000 0.540
1123.000 0.546
1124.000 0.553
1125.000 0.558
1126.000 0.561
1127.000 0.563
1128.000 0.562
1129.000 0.558
1130.000 0.559
1131.000 0.558
1132.000 0.553
1133.000 0.553
1134.000 0.547
1135.000 0.538
1136.000 0.533
1137.000 0.525
1138.000 0.518
1139.000 0.513
1140.000 0.511
1141.000 0.513
1142.000 0.514
1143.000 0.517
1144.000 0.519
1145.000 0.517
1146.000 0.514
1147.000 0.508
1148.000 0.502
1149.000 0.496
1150.000 0.491
1151.000 0.489
1152.000 0.486
1153.000 0.483
1154.000 0.481
1155.000 0.477
1156.000 0.474
1157.000 0.471
1158.000 0.469
1159.000 0.466
1160.000 0.462
1161.000 0.459
1162.000 0.457
1163.000 0.455
1164.000 0.454
1165.000 0.452
1166.000 0.451
1167.000 0.450
1168.000 0.448
1169.000 0.447
1170.000 0.447
1171.000 0.446
1172.000 0.445
1173.000 0.445
1174.000 0.445
1175.000 0.443
1176.000 0.442
1177.000 0.444
1178.000 0.444
1179.000 0.444
1180.000 0.444
1181.000 0.443
1182.000 0.442
1183.000 0.442
1184.000 0.442
1185.000 0.444
1186.000 0.444
1187.000 0.443
1188.000 0.443
1189.000 0.442
1190.000 0.441
1191.000 0.441
1192.000 0.441
1193.000 0.441
1194.000 0.441
1195.000 0.441
1196.000 0.440
1197.000 0.440
1198.000 0.440
1199.000 0.440
1200.000 0.441
1201.000 0.441
1202.000 0.442
1203.000 0.442
1204.000 0.442
1205.000 0.442
1206.000 0.442
1207.000 0.443
1208.000 0.444
1209.000 0.445
1210.000 0.446
1211.000 0.447
1212.000 0.447
1213.000 0.445
1214.000 0.445
1215.000 0.444
1216.000 0.444
1217.000 0.446
1218.000 0.446
1219.000 0.446
1220.000 0.446
1221.000 0.447
1222.000 0.447
1223.000 0.448
1224.000 0.448
1225.000 0.448
1226.000 0.448
1227.000 0.448
1228.000 0.449
1229.000 0.450
1230.000 0.451
1231.000 0.451
1232.000 0.451
1233.000 0.452
1234.000 0.451
1235.000 0.452
1236.000 0.452
1237.000 0.453
1238.000 0.453
1239.000 0.454
1240.000 0.455
1241.000 0.456
1242.000 0.455
1243.000 0.455
1244.000 0.456
1245.000 0.456
1246.000 0.457
1247.000 0.457
1248.000 0.457
1249.000 0.457
1250.000 0.458
1251.000 0.459
1252.000 0.459
1253.000 0.459
1254.000 0.460
1255.000 0.461
1256.000 0.461
1257.000 0.462
1258.000 0.462
1259.000 0.462
1260.000 0.463
1261.000 0.465
1262.000 0.465
1263.000 0.466
1264.000 0.466
1265.000 0.466
1266.000 0.466
1267.000 0.466
1268.000 0.467
1269.000 0.467
1270.000 0.468
1271.000 0.468
1272.000 0.468
1273.000 0.467
1274.000 0.467
1275.000 0.467
1276.000 0.467
1277.000 0.467
1278.000 0.468
1279.000 0.468
1280.000 0.469
1281.000 0.469
1282.000 0.469
1283.000 0.469
1284.000 0.469
1285.000 0.468
1286.000 0.468
1287.000 0.468
1288.000 0.468
1289.000 0.468
1290.000 0.468
1291.000 0.469
1292.000 0.469
1293.000 0.469
1294.000 0.468
1295.000 0.470
1296.000 0.470
1297.000 0.469
1298.000 0.469
1299.000 0.469
1300.000 0.469
1301.000 0.469
1302.000 0.469
1303.000 0.468
1304.000 0.468
1305.000 0.468
1306.000 0.468
1307.000 0.468
1308.000 0.468
1309.000 0.469
1310.000 0.468
1311.000 0.467
1312.000 0.466
1313.000 0.465
1314.000 0.464
1315.000 0.464
1316.000 0.465
1317.000 0.465
1318.000 0.465
1319.000 0.463
1320.000 0.462
1321.000 0.461
1322.000 0.461
1323.000 0.460
1324.000 0.460
1325.000 0.461
1326.000 0.460
1327.000 0.461
1328.000 0.463
1329.000 0.463
1330.000 0.461
1331.000 0.460
1332.000 0.458
1333.000 0.456
1334.000 0.457
1335.000 0.456
1336.000 0.452
1337.000 0.452
1338.000 0.455
1339.000 0.457
1340.000 0.466
1341.000 0.469
1342.000 0.468
1343.000 0.468
1344.000 0.462
1345.000 0.461
1346.000 0.467
1347.000 0.471
1348.000 0.477
1349.000 0.486
1350.000 0.501
1351.000 0.518
1352.000 0.565
1353.000 0.674
1354.000 0.588
1355.000 0.711
1356.000 0.351
1357.000 0.522
1358.000 0.551
1359.000 0.456
1360.000 0.564
1361.000 0.708
1362.000 0.678
1363.000 0.552
1364.000 0.560
1365.000 0.376
1366.000 0.309
1367.000 0.277
1368.000 0.282
1369.000 0.547
1370.000 0.567
1371.000 0.571
1372.000 0.626
1373.000 0.470
1374.000 0.343
1375.000 0.153
1376.000 0.165
1377.000 0.159
1378.000 0.554
1379.000 0.657
1380.000 0.685
1381.000 0.711
1382.000 0.716
1383.000 0.741
1384.000 0.458
1385.000 0.266
1386.000 0.237
1387.000 0.258
1388.000 0.363
1389.000 0.425
1390.000 0.334
1391.000 0.417
1392.000 0.503
1393.000 0.387
1394.000 0.673
1395.000 0.636
1396.000 0.734
1397.000 0.899
1398.000 0.781
1399.000 0.729
1400.000 0.872
1401.000 0.851
1402.000 0.705
1403.000 0.560
1404.000 0.385
1405.000 0.371
1406.000 0.355
1407.000 0.284
1408.000 0.265
1409.000 0.332
1410.000 0.599
1411.000 0.567
1412.000 0.615
1413.000 0.529
1414.000 0.428
1415.000 0.203
1416.000 0.201
1417.000 0.153
1418.000 0.243
1419.000 0.560
1420.000 0.503
1421.000 0.484
1422.000 0.507
1423.000 0.431
1424.000 0.412
1425.000 0.418
1426.000 0.477
1427.000 0.662
1428.000 0.608
1429.000 0.586
1430.000 0.607
1431.000 0.391
1432.000 0.421
1433.000 0.605
1434.000 0.665
1435.000 0.683
1436.000 0.588
1437.000 0.418
1438.000 0.427
1439.000 0.301
1440.000 0.678
1441.000 0.304
1442.000 0.410
1443.000 0.410
1444.000 0.391
1445.000 0.374
1446.000 0.356
1447.000 0.294
1448.000 0.313
1449.000 0.403
1450.000 0.420
1451.000 0.293
1452.000 0.276
1453.000 0.263
1454.000 0.260
1455.000 0.286
1456.000 0.274
1457.000 0.244
1458.000 0.190
1459.000 0.180
1460.000 0.169
1461.000 0.169
1462.000 0.179
1463.000 0.179
1464.000 0.213
1465.000 0.223
1466.000 0.233
1467.000 0.201
1468.000 0.203
1469.000 0.208
1470.000 0.243
1471.000 0.239
1472.000 0.238
1473.000 0.242
1474.000 0.241
1475.000 0.238
1476.000 0.258
1477.000 0.227
1478.000 0.198
1479.000 0.195
1480.000 0.184
1481.000 0.184
1482.000 0.201
1483.000 0.201
1484.000 0.188
1485.000 0.187
1486.000 0.181
1487.000 0.182
1488.000 0.196
1489.000 0.201
1490.000 0.204
1491.000 0.204
1492.000 0.204
1493.000 0.202
1494.000 0.195
1495.000 0.195
1496.000 0.195
1497.000 0.196
1498.000 0.198
1499.000 0.204
1500.000 0.204
1501.000 0.205
1502.000 0.207
1503.000 0.208
1504.000 0.210
1505.000 0.209
1506.000 0.209
1507.000 0.207
1508.000 0.208
1509.000 0.211
1510.000 0.212
1511.000 0.214
1512.000 0.215
1513.000 0.216
1514.000 0.216
1515.000 0.216
1516.000 0.216
1517.000 0.215
1518.000 0.215
1519.000 0.215
1520.000 0.217
1521.000 0.219
1522.000 0.221
1523.000 0.225
1524.000 0.226
1525.000 0.224
1526.000 0.225
1527.000 0.224
1528.000 0.225
1529.000 0.226
1530.000 0.227
1531.000 0.227
1532.000 0.228
1533.000 0.228
1534.000 0.229
1535.000 0.228
1536.000 0.229
1537.000 0.231
1538.000 0.232
1539.000 0.233
1540.000 0.235
1541.000 0.239
1542.000 0.240
1543.000 0.243
1544.000 0.244
1545.000 0.243
1546.000 0.243
1547.000 0.242
1548.000 0.242
1549.000 0.242
1550.000 0.242
1551.000 0.243
1552.000 0.243
1553.000 0.245
1554.000 0.246
1555.000 0.249
1556.000 0.251
1557.000 0.255
1558.000 0.256
1559.000 0.256
1560.000 0.256
1561.000 0.254
1562.000 0.254
1563.000 0.256
1564.000 0.258
1565.000 0.259
1566.000 0.260
1567.000 0.259
1568.000 0.259
1569.000 0.260
1570.000 0.261
1571.000 0.264
1572.000 0.266
1573.000 0.266
1574.000 0.267
1575.000 0.266
1576.000 0.267
1577.000 0.271
1578.000 0.273
1579.000 0.275
1580.000 0.277
1581.000 0.278
1582.000 0.278
1583.000 0.280
1584.000 0.280
1585.000 0.280
1586.000 0.280
1587.000 0.282
1588.000 0.283
1589.000 0.284
1590.000 0.286
1591.000 0.288
1592.000 0.289
1593.000 0.289
1594.000 0.289
1595.000 0.289
1596.000 0.289
1597.000 0.289
1598.000 0.290
1599.000 0.289
1600.000 0.290
1601.000 0.291
1602.000 0.292
1603.000 0.293
1604.000 0.294
1605.000 0.297
1606.000 0.298
1607.000 0.301
1608.000 0.301
1609.000 0.299
1610.000 0.298
1611.000 0.298
1612.000 0.298
1613.000 0.298
1614.000 0.298
1615.000 0.299
1616.000 0.300
1617.000 0.302
1618.000 0.304
1619.000 0.304
1620.000 0.305
1621.000 0.304
1622.000 0.304
1623.000 0.303
1624.000 0.303
1625.000 0.304
1626.000 0.306
1627.000 0.310
1628.000 0.311
1629.000 0.310
1630.000 0.311
1631.000 0.310
1632.000 0.311
1633.000 0.314
1634.000 0.315
1635.000 0.315
1636.000 0.315
1637.000 0.315
1638.000 0.315
1639.000 0.315
1640.000 0.315
1641.000 0.317
1642.000 0.317
1643.000 0.317
1644.000 0.317
1645.000 0.317
1646.000 0.317
1647.000 0.318
1648.000 0.319
1649.000 0.320
1650.000 0.320
1651.000 0.321
1652.000 0.321
1653.000 0.319
1654.000 0.319
1655.000 0.320
1656.000 0.320
1657.000 0.322
1658.000 0.322
1659.000 0.319
1660.000 0.319
1661.000 0.318
1662.000 0.318
1663.000 0.322
1664.000 0.323
1665.000 0.324
1666.000 0.323
1667.000 0.325
1668.000 0.323
1669.000 0.317
1670.000 0.316
1671.000 0.315
1672.000 0.315
1673.000 0.317
1674.000 0.318
1675.000 0.315
1676.000 0.315
1677.000 0.315
1678.000 0.316
1679.000 0.320
1680.000 0.320
1681.000 0.317
1682.000 0.317
1683.000 0.316
1684.000 0.315
1685.000 0.317
1686.000 0.318
1687.000 0.318
1688.000 0.318
1689.000 0.320
1690.000 0.321
1691.000 0.320
1692.000 0.320
1693.000 0.320
1694.000 0.320
1695.000 0.320
1696.000 0.319
1697.000 0.316
1698.000 0.315
1699.000 0.315
1700.000 0.316
1701.000 0.318
1702.000 0.318
1703.000 0.317
1704.000 0.317
1705.000 0.316
1706.000 0.316
1707.000 0.316
1708.000 0.315
1709.000 0.315
1710.000 0.313
1711.000 0.308
1712.000 0.307
1713.000 0.306
1714.000 0.304
1715.000 0.305
1716.000 0.305
1717.000 0.302
1718.000 0.304
1719.000 0.306
1720.000 0.306
1721.000 0.307
1722.000 0.306
1723.000 0.302
1724.000 0.303
1725.000 0.307
1726.000 0.308
1727.000 0.309
1728.000 0.305
1729.000 0.300
1730.000 0.298
1731.000 0.298
1732.000 0.299
1733.000 0.301
1734.000 0.301
1735.000 0.301
1736.000 0.302
1737.000 0.302
1738.000 0.301
1739.000 0.301
1740.000 0.302
1741.000 0.303
1742.000 0.302
1743.000 0.303
1744.000 0.305
1745.000 0.305
1746.000 0.302
1747.000 0.301
1748.000 0.298
1749.000 0.295
1750.000 0.293
1751.000 0.291
1752.000 0.288
1753.000 0.284
1754.000 0.278
1755.000 0.275
1756.000 0.272
1757.000 0.273
1758.000 0.282
1759.000 0.284
1760.000 0.285
1761.000 0.287
1762.000 0.285
1763.000 0.291
1764.000 0.297
1765.000 0.296
1766.000 0.298
1767.000 0.289
1768.000 0.286
1769.000 0.284
1770.000 0.281
1771.000 0.282
1772.000 0.275
1773.000 0.269
1774.000 0.269
1775.000 0.274
1776.000 0.283
1777.000 0.294
1778.000 0.300
1779.000 0.295
1780.000 0.303
1781.000 0.313
1782.000 0.312
1783.000 0.306
1784.000 0.301
1785.000 0.293
1786.000 0.291
1787.000 0.308
1788.000 0.305
1789.000 0.280
1790.000 0.267
1791.000 0.253
1792.000 0.235
1793.000 0.250
1794.000 0.284
1795.000 0.312
1796.000 0.367
1797.000 0.437
1798.000 0.533
1799.000 0.499
1800.000 0.409
1801.000 0.503
1802.000 0.469
1803.000 0.682
1804.000 0.640
1805.000 0.591
1806.000 0.488
1807.000 0.555
1808.000 0.528
1809.000 0.579
1810.000 0.533
1811.000 0.465
1812.000 0.448
1813.000 0.359
1814.000 0.239
1815.000 0.360
1816.000 0.424
1817.000 0.731
1818.000 0.641
1819.000 0.426
1820.000 0.376
1821.000 0.454
1822.000 0.513
1823.000 0.468
1824.000 0.471
1825.000 0.366
1826.000 0.594
1827.000 0.696
1828.000 0.726
1829.000 0.696
1830.000 0.670
1831.000 0.499
1832.000 0.433
1833.000 0.390
1834.000 0.345
1835.000 0.190
1836.000 0.221
1837.000 0.447
1838.000 0.419
1839.000 0.443
1840.000 0.476
1841.000 0.444
1842.000 0.455
1843.000 0.600
1844.000 0.473
1845.000 0.326
1846.000 0.316
1847.000 0.330
1848.000 0.269
1849.000 0.639
1850.000 0.627
1851.000 0.583
1852.000 0.572
1853.000 0.606
1854.000 0.586
1855.000 0.480
1856.000 0.211
1857.000 0.442
1858.000 0.609
1859.000 0.585
1860.000 0.406
1861.000 0.310
1862.000 0.391
1863.000 0.217
1864.000 0.186
1865.000 0.290
1866.000 0.499
1867.000 0.404
1868.000 0.343
1869.000 0.462
1870.000 0.542
1871.000 0.856
1872.000 0.846
1873.000 0.644
1874.000 0.439
1875.000 0.360
1876.000 0.349
1877.000 0.337
1878.000 0.480
1879.000 0.634
1880.000 0.620
1881.000 0.579
1882.000 0.455
1883.000 0.712
1884.000 0.661
1885.000 0.526
1886.000 0.455
1887.000 0.463
1888.000 0.422
1889.000 0.521
1890.000 0.440
1891.000 0.564
1892.000 0.241
1893.000 0.341
1894.000 0.335
1895.000 0.371
1896.000 0.393
1897.000 0.739
1898.000 0.160
1899.000 0.172
1900.000 0.223
1901.000 0.270
1902.000 0.329
1903.000 0.379
1904.000 0.428
1905.000 0.382
1906.000 0.573
1907.000 0.561
1908.000 0.548
1909.000 0.543
1910.000 0.561
1911.000 0.531
1912.000 0.434
1913.000 0.382
1914.000 0.495
1915.000 0.609
1916.000 0.506
1917.000 0.583
1918.000 0.534
1919.000 0.576
1920.000 0.637
1921.000 0.693
1922.000 0.713
1923.000 0.735
1924.000 0.739
1925.000 0.774
1926.000 0.657
1927.000 0.711
1928.000 0.671
1929.000 0.533
1930.000 0.709
1931.000 0.705
1932.000 0.648
1933.000 0.573
1934.000 0.493
1935.000 0.441
1936.000 0.535
1937.000 0.640
1938.000 0.782
1939.000 0.662
1940.000 0.605
1941.000 0.724
1942.000 0.732
1943.000 0.430
1944.000 0.438
1945.000 0.424
1946.000 0.421
1947.000 0.438
1948.000 0.456
1949.000 0.456
1950.000 0.469
1951.000 0.642
1952.000 0.447
1953.000 0.361
1954.000 0.355
1955.000 0.366
1956.000 0.413
1957.000 0.439
1958.000 0.544
1959.000 0.581
1960.000 0.470
1961.000 0.547
1962.000 0.364
1963.000 0.261
1964.000 0.213
1965.000 0.223
1966.000 0.421
1967.000 0.456
1968.000 0.525
1969.000 0.551
1970.000 0.637
1971.000 0.657
1972.000 0.598
1973.000 0.664
1974.000 0.566
1975.000 0.560
1976.000 0.493
1977.000 0.549
1978.000 0.580
1979.000 0.644
1980.000 0.640
1981.000 0.687
1982.000 0.512
1983.000 0.545
1984.000 0.577
1985.000 0.530
1986.000 0.481
1987.000 0.487
1988.000 0.483
1989.000 0.490
1990.000 0.487
1991.000 0.570
1992.000 0.640
1993.000 0.629
1994.000 0.576
1995.000 0.503
1996.000 0.148
1997.000 0.161
1998.000 0.208
1999.000 0.254
2000.000 0.338
2001.000 0.466
2002.000 0.438
2003.000 0.420
2004.000 0.376
2005.000 0.426
2006.000 0.509
2007.000 0.448
2008.000 0.452
2009.000 0.778
2010.000 0.686
2011.000 0.517
2012.000 0.168
2013.000 0.631
2014.000 0.473
2015.000 0.476
2016.000 0.739
2017.000 0.781
2018.000 0.739
2019.000 0.570
2020.000 0.489
2021.000 0.384
2022.000 0.165
2023.000 0.309
2024.000 0.388
2025.000 0.514
2026.000 0.639
2027.000 0.447
2028.000 0.305
2029.000 0.303
2030.000 0.366
2031.000 0.304
2032.000 0.351
2033.000 0.361
2034.000 0.345
2035.000 0.349
2036.000 0.413
2037.000 0.295
2038.000 0.301
2039.000 0.288
2040.000 0.254
2041.000 0.340
2042.000 0.373
2043.000 0.438
2044.000 0.423
2045.000 0.323
2046.000 0.310
2047.000 0.291
2048.000 0.294
2049.000 0.461
2050.000 0.484
2051.000 0.399
2052.000 0.434
2053.000 0.445
2054.000 0.339
2055.000 0.306
2056.000 0.292
2057.000 0.310
2058.000 0.304
2059.000 0.367
2060.000 0.340
2061.000 0.315
2062.000 0.272
2063.000 0.282
2064.000 0.270
2065.000 0.279
2066.000 0.277
2067.000 0.331
2068.000 0.359
2069.000 0.426
2070.000 0.408
2071.000 0.404
2072.000 0.372
2073.000 0.295
2074.000 0.261
2075.000 0.229
2076.000 0.221
2077.000 0.238
2078.000 0.242
2079.000 0.262
2080.000 0.262
2081.000 0.254
2082.000 0.240
2083.000 0.241
2084.000 0.240
2085.000 0.242
2086.000 0.264
2087.000 0.262
2088.000 0.243
2089.000 0.237
2090.000 0.233
2091.000 0.230
2092.000 0.226
2093.000 0.228
2094.000 0.223
2095.000 0.234
2096.000 0.281
2097.000 0.291
2098.000 0.289
2099.000 0.276
2100.000 0.251
2101.000 0.228
2102.000 0.232
2103.000 0.236
2104.000 0.236
2105.000 0.236
2106.000 0.243
2107.000 0.254
2108.000 0.255
2109.000 0.266
2110.000 0.266
2111.000 0.253
2112.000 0.254
2113.000 0.261
2114.000 0.262
2115.000 0.264
2116.000 0.265
2117.000 0.264
2118.000 0.260
2119.000 0.262
2120.000 0.272
2121.000 0.271
2122.000 0.264
2123.000 0.250
2124.000 0.216
2125.000 0.208
2126.000 0.201
2127.000 0.207
2128.000 0.249
2129.000 0.251
2130.000 0.233
2131.000 0.229
2132.000 0.209
2133.000 0.203
2134.000 0.212
2135.000 0.218
2136.000 0.220
2137.000 0.231
2138.000 0.245
2139.000 0.261
2140.000 0.262
2141.000 0.256
2142.000 0.251
2143.000 0.232
2144.000 0.231
2145.000 0.244
2146.000 0.240
2147.000 0.231
2148.000 0.233
2149.000 0.230
2150.000 0.234
2151.000 0.262
2152.000 0.272
2153.000 0.276
2154.000 0.272
2155.000 0.255
2156.000 0.247
2157.000 0.243
2158.000 0.226
2159.000 0.232
2160.000 0.237
2161.000 0.241
2162.000 0.250
2163.000 0.249
2164.000 0.247
2165.000 0.241
2166.000 0.226
2167.000 0.220
2168.000 0.213
2169.000 0.212
2170.000 0.216
2171.000 0.216
2172.000 0.218
2173.000 0.224
2174.000 0.229
2175.000 0.238
2176.000 0.255
2177.000 0.269
2178.000 0.272
2179.000 0.271
2180.000 0.256
2181.000 0.256
2182.000 0.272
2183.000 0.278
2184.000 0.283
2185.000 0.299
2186.000 0.290
2187.000 0.263
2188.000 0.257
2189.000 0.251
2190.000 0.250
2191.000 0.261
2192.000 0.261
2193.000 0.249
2194.000 0.247
2195.000 0.250
2196.000 0.254
2197.000 0.260
2198.000 0.268
2199.000 0.294
2200.000 0.297
2201.000 0.285
2202.000 0.270
2203.000 0.240
2204.000 0.213
2205.000 0.197
2206.000 0.196
2207.000 0.191
2208.000 0.192
2209.000 0.199
2210.000 0.217
2211.000 0.223
2212.000 0.230
2213.000 0.225
2214.000 0.206
2215.000 0.201
2216.000 0.198
2217.000 0.201
2218.000 0.215
2219.000 0.227
2220.000 0.243
2221.000 0.257
2222.000 0.284
2223.000 0.294
2224.000 0.296
2225.000 0.293
2226.000 0.282
2227.000 0.257
2228.000 0.237
2229.000 0.226
2230.000 0.218
2231.000 0.218
2232.000 0.238
2233.000 0.245
2234.000 0.248
2235.000 0.252
2236.000 0.235
2237.000 0.232
2238.000 0.224
2239.000 0.209
2240.000 0.208
2241.000 0.215
2242.000 0.215
2243.000 0.226
2244.000 0.221
2245.000 0.200
2246.000 0.201
2247.000 0.201
2248.000 0.223
2249.000 0.249
2250.000 0.269
2251.000 0.270
2252.000 0.269
2253.000 0.282
2254.000 0.294
2255.000 0.323
2256.000 0.322
2257.000 0.307
2258.000 0.268
2259.000 0.246
2260.000 0.233
2261.000 0.219
2262.000 0.243
2263.000 0.262
2264.000 0.260
2265.000 0.248
2266.000 0.215
2267.000 0.256
2268.000 0.270
2269.000 0.268
2270.000 0.278
2271.000 0.262
2272.000 0.210
2273.000 0.222
2274.000 0.234
2275.000 0.234
2276.000 0.207
2277.000 0.203
2278.000 0.211
2279.000 0.197
2280.000 0.162
2281.000 0.153
2282.000 0.161
2283.000 0.162
2284.000 0.177
2285.000 0.193
2286.000 0.204
2287.000 0.218
2288.000 0.253
2289.000 0.267
2290.000 0.296
2291.000 0.289
2292.000 0.205
2293.000 0.196
2294.000 0.219
2295.000 0.240
2296.000 0.309
2297.000 0.419
2298.000 0.414
2299.000 0.301
2300.000 0.294
2301.000 0.220
2302.000 0.246
2303.000 0.313
2304.000 0.355
2305.000 0.399
2306.000 0.411
2307.000 0.355
2308.000 0.311
2309.000 0.245
2310.000 0.246
2311.000 0.194
2312.000 0.148
2313.000 0.136
2314.000 0.123
2315.000 0.149
2316.000 0.163
2317.000 0.203
2318.000 0.183
2319.000 0.223
2320.000 0.361
2321.000 0.408
2322.000 0.364
2323.000 0.463
2324.000 0.572
2325.000 0.395
2326.000 0.407
2327.000 0.348
2328.000 0.489
2329.000 0.659
2330.000 0.595
2331.000 0.415
2332.000 0.439
2333.000 0.353
2334.000 0.343
2335.000 0.373
2336.000 0.378
2337.000 0.449
2338.000 0.476
2339.000 0.399
2340.000 0.374
2341.000 0.360
2342.000 0.384
2343.000 0.407
2344.000 0.576
2345.000 0.326
2346.000 0.392
2347.000 0.236
2348.000 0.231
2349.000 0.369
2350.000 0.343
2351.000 0.403
2352.000 0.472
2353.000 0.484
2354.000 0.594
2355.000 0.518
2356.000 0.417
2357.000 0.307
2358.000 0.364
2359.000 0.508
2360.000 0.445
2361.000 0.535
2362.000 0.369
2363.000 0.296
2364.000 0.386
2365.000 0.390
2366.000 0.135
2367.000 0.270
2368.000 0.293
2369.000 0.358
2370.000 0.393
2371.000 0.444
2372.000 0.535
2373.000 0.529
2374.000 0.369
2375.000 0.655
2376.000 0.665
2377.000 0.666
2378.000 0.463
2379.000 0.332
2380.000 0.352
2381.000 0.378
2382.000 0.306
2383.000 0.501
2384.000 0.489
2385.000 0.613
2386.000 0.710
2387.000 0.698
2388.000 0.593
2389.000 0.617
2390.000 0.630
2391.000 0.457
2392.000 0.294
2393.000 0.562
2394.000 0.387
2395.000 0.371
2396.000 0.316
2397.000 0.372
2398.000 0.412
2399.000 0.434
2400.000 0.529
2401.000 0.401
2402.000 0.479
2403.000 0.457
2404.000 0.565
2405.000 0.187
2406.000 0.222
2407.000 0.073
2408.000 0.237
2409.000 0.216
2410.000 0.200
2411.000 0.354
2412.000 0.454
2413.000 0.626
2414.000 0.563
2415.000 0.388
2416.000 0.307
2417.000 0.186
2418.000 0.285
2419.000 0.378
2420.000 0.406
2421.000 0.651
2422.000 0.484
2423.000 0.391
2424.000 0.559
2425.000 0.369
2426.000 0.254
2427.000 0.171
2428.000 0.480
2429.000 0.740
2430.000 0.649
2431.000 0.563
2432.000 0.443
2433.000 0.318
2434.000 0.127
2435.000 0.129
2436.000 0.121
2437.000 0.184
2438.000 0.218
2439.000 0.629
2440.000 0.409
2441.000 0.246
2442.000 0.383
2443.000 0.517
2444.000 0.315
2445.000 0.284
2446.000 0.235
2447.000 0.337
2448.000 0.322
2449.000 0.280
2450.000 0.308
2451.000 0.456
2452.000 0.196
2453.000 0.249
2454.000 0.371
2455.000 0.466
2456.000 0.545
2457.000 0.303
2458.000 0.300
2459.000 0.353
2460.000 0.237
2461.000 0.233
2462.000 0.341
2463.000 0.232
2464.000 0.224
2465.000 0.200
2466.000 0.206
2467.000 0.251
2468.000 0.329
2469.000 0.357
2470.000 0.364
2471.000 0.291
2472.000 0.557
2473.000 0.397
2474.000 0.492
2475.000 0.497
2476.000 0.323
2477.000 0.275
2478.000 0.439
2479.000 0.238
2480.000 0.211
2481.000 0.293
2482.000 0.283
2483.000 0.283
2484.000 0.369
2485.000 0.292
2486.000 0.355
2487.000 0.321
2488.000 0.349
2489.000 0.252
2490.000 0.303
2491.000 0.236
2492.000 0.170
2493.000 0.461
2494.000 0.378
2495.000 0.343
2496.000 0.519
2497.000 0.417
2498.000 0.472
2499.000 0.338
2500.000 0.580
