391.000 0.025
392.000 0.026
393.000 0.026
394.000 0.024
395.000 0.026
396.000 0.027
397.000 0.025
398.000 0.024
399.000 0.025
400.000 0.026
401.000 0.025
402.000 0.025
403.000 0.025
404.000 0.026
405.000 0.025
406.000 0.025
407.000 0.026
408.000 0.026
409.000 0.025
410.000 0.024
411.000 0.025
412.000 0.027
413.000 0.025
414.000 0.025
415.000 0.026
416.000 0.026
417.000 0.026
418.000 0.025
419.000 0.025
420.000 0.027
421.000 0.026
422.000 0.025
423.000 0.026
424.000 0.026
425.000 0.027
426.000 0.026
427.000 0.027
428.000 0.026
429.000 0.026
430.000 0.027
431.000 0.027
432.000 0.027
433.000 0.026
434.000 0.026
435.000 0.027
436.000 0.027
437.000 0.026
438.000 0.026
439.000 0.026
440.000 0.027
441.000 0.027
442.000 0.027
443.000 0.027
444.000 0.027
445.000 0.026
446.000 0.027
447.000 0.027
448.000 0.027
449.000 0.027
450.000 0.028
451.000 0.028
452.000 0.027
453.000 0.027
454.000 0.028
455.000 0.028
456.000 0.027
457.000 0.027
458.000 0.028
459.000 0.028
460.000 0.028
461.000 0.028
462.000 0.028
463.000 0.028
464.000 0.028
465.000 0.027
466.000 0.027
467.000 0.027
468.000 0.028
469.000 0.027
470.000 0.028
471.000 0.028
472.000 0.027
473.000 0.027
474.000 0.028
475.000 0.027
476.000 0.027
477.000 0.028
478.000 0.028
479.000 0.028
480.000 0.028
481.000 0.028
482.000 0.028
483.000 0.028
484.000 0.028
485.000 0.028
486.000 0.028
487.000 0.028
488.000 0.028
489.000 0.028
490.000 0.029
491.000 0.029
492.000 0.029
493.000 0.029
494.000 0.029
495.000 0.029
496.000 0.029
497.000 0.029
498.000 0.029
499.000 0.029
500.000 0.030
501.000 0.030
502.000 0.030
503.000 0.030
504.000 0.031
505.000 0.032
506.000 0.032
507.000 0.033
508.000 0.034
509.000 0.034
510.000 0.035
511.000 0.036
512.000 0.038
513.000 0.039
514.000 0.041
515.000 0.042
516.000 0.043
517.000 0.045
518.000 0.047
519.000 0.049
520.000 0.051
521.000 0.052
522.000 0.054
523.000 0.057
524.000 0.059
525.000 0.061
526.000 0.063
527.000 0.065
528.000 0.067
529.000 0.069
530.000 0.071
531.000 0.072
532.000 0.074
533.000 0.075
534.000 0.076
535.000 0.077
536.000 0.078
537.000 0.079
538.000 0.080
539.000 0.080
540.000 0.080
541.000 0.081
542.000 0.081
543.000 0.081
544.000 0.082
545.000 0.082
546.000 0.082
547.000 0.083
548.000 0.083
549.000 0.083
550.000 0.084
551.000 0.083
552.000 0.084
553.000 0.084
554.000 0.083
555.000 0.083
556.000 0.083
557.000 0.082
558.000 0.081
559.000 0.080
560.000 0.080
561.000 0.079
562.000 0.077
563.000 0.076
564.000 0.075
565.000 0.073
566.000 0.073
567.000 0.071
568.000 0.070
569.000 0.068
570.000 0.067
571.000 0.065
572.000 0.064
573.000 0.062
574.000 0.062
575.000 0.061
576.000 0.059
577.000 0.058
578.000 0.057
579.000 0.056
580.000 0.056
581.000 0.055
582.000 0.054
583.000 0.053
584.000 0.053
585.000 0.052
586.000 0.052
587.000 0.051
588.000 0.051
589.000 0.050
590.000 0.050
591.000 0.049
592.000 0.049
593.000 0.049
594.000 0.048
595.000 0.048
596.000 0.048
597.000 0.048
598.000 0.048
599.000 0.048
600.000 0.047
601.000 0.047
602.000 0.047
603.000 0.047
604.000 0.046
605.000 0.046
606.000 0.046
607.000 0.045
608.000 0.045
609.000 0.044
610.000 0.044
611.000 0.043
612.000 0.043
613.000 0.042
614.000 0.042
615.000 0.042
616.000 0.041
617.000 0.041
618.000 0.041
619.000 0.040
620.000 0.040
621.000 0.040
622.000 0.039
623.000 0.040
624.000 0.039
625.000 0.039
626.000 0.039
627.000 0.038
628.000 0.039
629.000 0.039
630.000 0.039
631.000 0.039
632.000 0.038
633.000 0.039
634.000 0.039
635.000 0.038
636.000 0.038
637.000 0.037
638.000 0.037
639.000 0.036
640.000 0.036
641.000 0.036
642.000 0.035
643.000 0.034
644.000 0.034
645.000 0.034
646.000 0.034
647.000 0.033
648.000 0.032
649.000 0.033
650.000 0.032
651.000 0.032
652.000 0.032
653.000 0.031
654.000 0.031
655.000 0.032
656.000 0.031
657.000 0.032
658.000 0.031
659.000 0.031
660.000 0.030
661.000 0.030
662.000 0.030
663.000 0.030
664.000 0.030
665.000 0.030
666.000 0.030
667.000 0.030
668.000 0.030
669.000 0.030
670.000 0.030
671.000 0.030
672.000 0.030
673.000 0.030
674.000 0.031
675.000 0.031
676.000 0.031
677.000 0.031
678.000 0.031
679.000 0.032
680.000 0.032
681.000 0.032
682.000 0.033
683.000 0.034
684.000 0.034
685.000 0.035
686.000 0.036
687.000 0.037
688.000 0.039
689.000 0.040
690.000 0.042
691.000 0.043
692.000 0.046
693.000 0.049
694.000 0.053
695.000 0.058
696.000 0.064
697.000 0.068
698.000 0.074
699.000 0.081
700.000 0.088
701.000 0.097
702.000 0.105
703.000 0.113
704.000 0.121
705.000 0.130
706.000 0.139
707.000 0.148
708.000 0.157
709.000 0.166
710.000 0.175
711.000 0.186
712.000 0.195
713.000 0.206
714.000 0.216
715.000 0.226
716.000 0.237
717.000 0.248
718.000 0.260
719.000 0.273
720.000 0.286
721.000 0.297
722.000 0.307
723.000 0.318
724.000 0.329
725.000 0.341
726.000 0.353
727.000 0.364
728.000 0.374
729.000 0.385
730.000 0.395
731.000 0.406
732.000 0.415
733.000 0.424
734.000 0.433
735.000 0.441
736.000 0.449
737.000 0.456
738.000 0.464
739.000 0.471
740.000 0.478
741.000 0.484
742.000 0.490
743.000 0.495
744.000 0.500
745.000 0.505
746.000 0.510
747.000 0.513
748.000 0.518
749.000 0.521
750.000 0.524
751.000 0.527
752.000 0.530
753.000 0.532
754.000 0.535
755.000 0.537
756.000 0.539
757.000 0.541
758.000 0.542
759.000 0.544
760.000 0.546
761.000 0.549
762.000 0.551
763.000 0.551
764.000 0.552
765.000 0.552
766.000 0.553
767.000 0.554
768.000 0.555
769.000 0.555
770.000 0.556
771.000 0.556
772.000 0.558
773.000 0.558
774.000 0.558
775.000 0.559
776.000 0.560
777.000 0.560
778.000 0.561
779.000 0.561
780.000 0.562
781.000 0.562
782.000 0.563
783.000 0.563
784.000 0.564
785.000 0.564
786.000 0.565
787.000 0.565
788.000 0.565
789.000 0.566
790.000 0.567
791.000 0.567
792.000 0.567
793.000 0.568
794.000 0.568
795.000 0.568
796.000 0.569
797.000 0.569
798.000 0.570
799.000 0.570
800.000 0.570
801.000 0.571
802.000 0.572
803.000 0.572
804.000 0.572
805.000 0.573
806.000 0.573
807.000 0.574
808.000 0.574
809.000 0.574
810.000 0.575
811.000 0.574
812.000 0.574
813.000 0.575
814.000 0.574
815.000 0.574
816.000 0.574
817.000 0.575
818.000 0.575
819.000 0.577
820.000 0.577
821.000 0.577
822.000 0.578
823.000 0.578
824.000 0.579
825.000 0.579
826.000 0.580
827.000 0.580
828.000 0.580
829.000 0.580
830.000 0.581
831.000 0.581
832.000 0.582
833.000 0.582
834.000 0.582
835.000 0.583
836.000 0.584
837.000 0.584
838.000 0.585
839.000 0.585
840.000 0.585
841.000 0.586
842.000 0.587
843.000 0.587
844.000 0.587
845.000 0.588
846.000 0.589
847.000 0.589
848.000 0.589
849.000 0.590
850.000 0.590
851.000 0.590
852.000 0.591
853.000 0.591
854.000 0.591
855.000 0.592
856.000 0.592
857.000 0.592
858.000 0.593
859.000 0.593
860.000 0.593
861.000 0.593
862.000 0.593
863.000 0.594
864.000 0.594
865.000 0.595
866.000 0.595
867.000 0.595
868.000 0.596
869.000 0.596
870.000 0.597
871.000 0.597
872.000 0.597
873.000 0.597
874.000 0.598
875.000 0.598
876.000 0.598
877.000 0.598
878.000 0.598
879.000 0.599
880.000 0.599
881.000 0.599
882.000 0.600
883.000 0.600
884.000 0.600
885.000 0.600
886.000 0.601
887.000 0.601
888.000 0.601
889.000 0.601
890.000 0.602
891.000 0.601
892.000 0.601
893.000 0.601
894.000 0.601
895.000 0.601
896.000 0.600
897.000 0.599
898.000 0.600
899.000 0.600
900.000 0.599
901.000 0.599
902.000 0.600
903.000 0.601
904.000 0.601
905.000 0.601
906.000 0.602
907.000 0.601
908.000 0.601
909.000 0.600
910.000 0.601
911.000 0.601
912.000 0.602
913.000 0.600
914.000 0.601
915.000 0.601
916.000 0.602
917.000 0.602
918.000 0.602
919.000 0.602
920.000 0.603
921.000 0.604
922.000 0.604
923.000 0.604
924.000 0.604
925.000 0.604
926.000 0.602
927.000 0.601
928.000 0.599
929.000 0.597
930.000 0.595
931.000 0.593
932.000 0.588
933.000 0.585
934.000 0.583
935.000 0.581
936.000 0.579
937.000 0.576
938.000 0.576
939.000 0.578
940.000 0.582
941.000 0.583
942.000 0.582
943.000 0.579
944.000 0.578
945.000 0.578
946.000 0.578
947.000 0.578
948.000 0.579
949.000 0.577
950.000 0.574
951.000 0.572
952.000 0.575
953.000 0.575
954.000 0.572
955.000 0.569
956.000 0.569
957.000 0.576
958.000 0.578
959.000 0.572
960.000 0.574
961.000 0.575
962.000 0.574
963.000 0.572
964.000 0.577
965.000 0.580
966.000 0.578
967.000 0.576
968.000 0.579
969.000 0.580
970.000 0.580
971.000 0.580
972.000 0.581
973.000 0.581
974.000 0.580
975.000 0.578
976.000 0.580
977.000 0.581
978.000 0.582
979.000 0.582
980.000 0.582
981.000 0.582
982.000 0.584
983.000 0.586
984.000 0.585
985.000 0.585
986.000 0.587
987.000 0.588
988.000 0.590
989.000 0.589
990.000 0.589
991.000 0.590
992.000 0.590
993.000 0.589
994.000 0.589
995.000 0.591
996.000 0.593
997.000 0.593
998.000 0.592
999.000 0.593
1000.000 0.594
1001.000 0.603
1002.000 0.603
1003.000 0.604
1004.000 0.605
1005.000 0.605
1006.000 0.605
1007.000 0.605
1008.000 0.604
1009.000 0.605
1010.000 0.606
1011.000 0.607
1012.000 0.608
1013.000 0.609
1014.000 0.609
1015.000 0.610
1016.000 0.611
1017.000 0.611
1018.000 0.612
1019.000 0.613
1020.000 0.613
1021.000 0.613
1022.000 0.614
1023.000 0.614
1024.000 0.615
1025.000 0.616
1026.000 0.617
1027.000 0.618
1028.000 0.619
1029.000 0.619
1030.000 0.621
1031.000 0.621
1032.000 0.623
1033.000 0.625
1034.000 0.626
1035.000 0.627
1036.000 0.628
1037.000 0.627
1038.000 0.627
1039.000 0.628
1040.000 0.629
1041.000 0.630
1042.000 0.630
1043.000 0.630
1044.000 0.629
1045.000 0.630
1046.000 0.630
1047.000 0.632
1048.000 0.633
1049.000 0.634
1050.000 0.635
1051.000 0.635
1052.000 0.635
1053.000 0.635
1054.000 0.635
1055.000 0.636
1056.000 0.636
1057.000 0.637
1058.000 0.638
1059.000 0.639
1060.000 0.639
1061.000 0.640
1062.000 0.640
1063.000 0.640
1064.000 0.640
1065.000 0.640
1066.000 0.640
1067.000 0.641
1068.000 0.642
1069.000 0.642
1070.000 0.642
1071.000 0.642
1072.000 0.642
1073.000 0.643
1074.000 0.642
1075.000 0.642
1076.000 0.642
1077.000 0.642
1078.000 0.642
1079.000 0.642
1080.000 0.642
1081.000 0.642
1082.000 0.641
1083.000 0.640
1084.000 0.640
1085.000 0.641
1086.000 0.640
1087.000 0.641
1088.000 0.642
1089.000 0.642
1090.000 0.642
1091.000 0.642
1092.000 0.643
1093.000 0.642
1094.000 0.642
1095.000 0.643
1096.000 0.642
1097.000 0.641
1098.000 0.642
1099.000 0.641
1100.000 0.641
1101.000 0.640
1102.000 0.638
1103.000 0.637
1104.000 0.637
1105.000 0.637
1106.000 0.637
1107.000 0.637
1108.000 0.637
1109.000 0.637
1110.000 0.636
1111.000 0.635
1112.000 0.634
1113.000 0.634
1114.000 0.631
1115.000 0.628
1116.000 0.627
1117.000 0.624
1118.000 0.621
1119.000 0.619
1120.000 0.615
1121.000 0.613
1122.000 0.609
1123.000 0.606
1124.000 0.606
1125.000 0.604
1126.000 0.601
1127.000 0.600
1128.000 0.599
1129.000 0.599
1130.000 0.604
1131.000 0.606
1132.000 0.602
1133.000 0.600
1134.000 0.597
1135.000 0.593
1136.000 0.595
1137.000 0.595
1138.000 0.591
1139.000 0.587
1140.000 0.583
1141.000 0.575
1142.000 0.574
1143.000 0.576
1144.000 0.577
1145.000 0.583
1146.000 0.584
1147.000 0.583
1148.000 0.579
1149.000 0.574
1150.000 0.570
1151.000 0.567
1152.000 0.564
1153.000 0.562
1154.000 0.560
1155.000 0.558
1156.000 0.559
1157.000 0.560
1158.000 0.562
1159.000 0.563
1160.000 0.564
1161.000 0.563
1162.000 0.562
1163.000 0.561
1164.000 0.561
1165.000 0.561
1166.000 0.561
1167.000 0.563
1168.000 0.563
1169.000 0.563
1170.000 0.563
1171.000 0.561
1172.000 0.561
1173.000 0.561
1174.000 0.560
1175.000 0.560
1176.000 0.560
1177.000 0.560
1178.000 0.559
1179.000 0.559
1180.000 0.558
1181.000 0.558
1182.000 0.557
1183.000 0.556
1184.000 0.557
1185.000 0.557
1186.000 0.558
1187.000 0.558
1188.000 0.558
1189.000 0.557
1190.000 0.555
1191.000 0.556
1192.000 0.556
1193.000 0.556
1194.000 0.558
1195.000 0.558
1196.000 0.558
1197.000 0.558
1198.000 0.558
1199.000 0.558
1200.000 0.558
1201.000 0.558
1202.000 0.558
1203.000 0.559
1204.000 0.559
1205.000 0.560
1206.000 0.560
1207.000 0.560
1208.000 0.560
1209.000 0.560
1210.000 0.561
1211.000 0.561
1212.000 0.561
1213.000 0.561
1214.000 0.561
1215.000 0.562
1216.000 0.562
1217.000 0.564
1218.000 0.564
1219.000 0.565
1220.000 0.565
1221.000 0.565
1222.000 0.566
1223.000 0.567
1224.000 0.567
1225.000 0.568
1226.000 0.568
1227.000 0.569
1228.000 0.569
1229.000 0.570
1230.000 0.571
1231.000 0.572
1232.000 0.573
1233.000 0.574
1234.000 0.575
1235.000 0.576
1236.000 0.576
1237.000 0.577
1238.000 0.576
1239.000 0.577
1240.000 0.577
1241.000 0.578
1242.000 0.578
1243.000 0.579
1244.000 0.579
1245.000 0.579
1246.000 0.579
1247.000 0.579
1248.000 0.580
1249.000 0.581
1250.000 0.581
1251.000 0.582
1252.000 0.583
1253.000 0.583
1254.000 0.583
1255.000 0.584
1256.000 0.584
1257.000 0.584
1258.000 0.585
1259.000 0.586
1260.000 0.587
1261.000 0.588
1262.000 0.589
1263.000 0.589
1264.000 0.589
1265.000 0.589
1266.000 0.589
1267.000 0.589
1268.000 0.590
1269.000 0.590
1270.000 0.589
1271.000 0.589
1272.000 0.588
1273.000 0.588
1274.000 0.587
1275.000 0.587
1276.000 0.588
1277.000 0.587
1278.000 0.588
1279.000 0.588
1280.000 0.587
1281.000 0.587
1282.000 0.588
1283.000 0.587
1284.000 0.587
1285.000 0.586
1286.000 0.586
1287.000 0.587
1288.000 0.587
1289.000 0.586
1290.000 0.586
1291.000 0.585
1292.000 0.585
1293.000 0.584
1294.000 0.583
1295.000 0.582
1296.000 0.581
1297.000 0.580
1298.000 0.579
1299.000 0.579
1300.000 0.578
1301.000 0.578
1302.000 0.576
1303.000 0.575
1304.000 0.573
1305.000 0.572
1306.000 0.570
1307.000 0.569
1308.000 0.567
1309.000 0.564
1310.000 0.563
1311.000 0.563
1312.000 0.562
1313.000 0.560
1314.000 0.559
1315.000 0.557
1316.000 0.555
1317.000 0.553
1318.000 0.551
1319.000 0.549
1320.000 0.547
1321.000 0.545
1322.000 0.544
1323.000 0.543
1324.000 0.541
1325.000 0.540
1326.000 0.538
1327.000 0.537
1328.000 0.535
1329.000 0.533
1330.000 0.531
1331.000 0.528
1332.000 0.525
1333.000 0.521
1334.000 0.516
1335.000 0.513
1336.000 0.509
1337.000 0.506
1338.000 0.506
1339.000 0.505
1340.000 0.505
1341.000 0.504
1342.000 0.500
1343.000 0.498
1344.000 0.495
1345.000 0.493
1346.000 0.495
1347.000 0.496
1348.000 0.496
1349.000 0.495
1350.000 0.500
1351.000 0.516
1352.000 0.518
1353.000 0.464
1354.000 0.473
1355.000 0.410
1356.000 0.434
1357.000 0.505
1358.000 0.476
1359.000 0.506
1360.000 0.518
1361.000 0.647
1362.000 0.579
1363.000 0.611
1364.000 0.667
1365.000 0.716
1366.000 0.634
1367.000 0.536
1368.000 0.414
1369.000 0.329
1370.000 0.516
1371.000 0.317
1372.000 0.248
1373.000 0.279
1374.000 0.306
1375.000 0.298
1376.000 0.405
1377.000 0.447
1378.000 0.071
1379.000 0.321
1380.000 0.326
1381.000 0.298
1382.000 0.528
1383.000 0.549
1384.000 0.570
1385.000 0.524
1386.000 0.416
1387.000 0.393
1388.000 0.380
1389.000 0.469
1390.000 0.423
1391.000 0.429
1392.000 0.545
1393.000 0.593
1394.000 0.495
1395.000 0.477
1396.000 0.457
1397.000 0.396
1398.000 0.468
1399.000 0.532
1400.000 0.402
1401.000 0.367
1402.000 0.641
1403.000 0.452
1404.000 0.477
1405.000 0.390
1406.000 0.347
1407.000 0.284
1408.000 0.282
1409.000 0.273
1410.000 0.245
1411.000 0.243
1412.000 0.243
1413.000 0.295
1414.000 0.236
1415.000 0.163
1416.000 0.148
1417.000 0.223
1418.000 0.311
1419.000 0.332
1420.000 0.286
1421.000 0.316
1422.000 0.258
1423.000 0.240
1424.000 0.182
1425.000 0.208
1426.000 0.182
1427.000 0.223
1428.000 0.247
1429.000 0.274
1430.000 0.309
1431.000 0.253
1432.000 0.280
1433.000 0.250
1434.000 0.232
1435.000 0.198
1436.000 0.226
1437.000 0.238
1438.000 0.176
1439.000 0.260
1440.000 0.176
1441.000 0.096
1442.000 0.161
1443.000 0.223
1444.000 0.224
1445.000 0.261
1446.000 0.245
1447.000 0.228
1448.000 0.212
1449.000 0.173
1450.000 0.225
1451.000 0.193
1452.000 0.143
1453.000 0.168
1454.000 0.195
1455.000 0.198
1456.000 0.191
1457.000 0.204
1458.000 0.189
1459.000 0.167
1460.000 0.152
1461.000 0.135
1462.000 0.192
1463.000 0.165
1464.000 0.149
1465.000 0.156
1466.000 0.155
1467.000 0.167
1468.000 0.151
1469.000 0.165
1470.000 0.178
1471.000 0.165
1472.000 0.166
1473.000 0.169
1474.000 0.174
1475.000 0.166
1476.000 0.179
1477.000 0.184
1478.000 0.181
1479.000 0.188
1480.000 0.205
1481.000 0.202
1482.000 0.198
1483.000 0.194
1484.000 0.186
1485.000 0.185
1486.000 0.190
1487.000 0.192
1488.000 0.189
1489.000 0.192
1490.000 0.195
1491.000 0.197
1492.000 0.196
1493.000 0.196
1494.000 0.196
1495.000 0.199
1496.000 0.204
1497.000 0.206
1498.000 0.211
1499.000 0.212
1500.000 0.210
1501.000 0.209
1502.000 0.207
1503.000 0.205
1504.000 0.204
1505.000 0.204
1506.000 0.206
1507.000 0.210
1508.000 0.213
1509.000 0.218
1510.000 0.220
1511.000 0.223
1512.000 0.223
1513.000 0.222
1514.000 0.223
1515.000 0.223
1516.000 0.224
1517.000 0.227
1518.000 0.229
1519.000 0.232
1520.000 0.234
1521.000 0.236
1522.000 0.237
1523.000 0.239
1524.000 0.240
1525.000 0.241
1526.000 0.242
1527.000 0.245
1528.000 0.247
1529.000 0.249
1530.000 0.251
1531.000 0.252
1532.000 0.253
1533.000 0.254
1534.000 0.256
1535.000 0.259
1536.000 0.261
1537.000 0.263
1538.000 0.265
1539.000 0.264
1540.000 0.266
1541.000 0.269
1542.000 0.271
1543.000 0.272
1544.000 0.273
1545.000 0.274
1546.000 0.275
1547.000 0.276
1548.000 0.276
1549.000 0.276
1550.000 0.277
1551.000 0.280
1552.000 0.282
1553.000 0.284
1554.000 0.286
1555.000 0.287
1556.000 0.289
1557.000 0.289
1558.000 0.290
1559.000 0.292
1560.000 0.293
1561.000 0.295
1562.000 0.296
1563.000 0.297
1564.000 0.299
1565.000 0.302
1566.000 0.303
1567.000 0.303
1568.000 0.305
1569.000 0.306
1570.000 0.307
1571.000 0.310
1572.000 0.312
1573.000 0.313
1574.000 0.314
1575.000 0.315
1576.000 0.316
1577.000 0.317
1578.000 0.317
1579.000 0.315
1580.000 0.316
1581.000 0.316
1582.000 0.318
1583.000 0.322
1584.000 0.323
1585.000 0.323
1586.000 0.323
1587.000 0.323
1588.000 0.324
1589.000 0.327
1590.000 0.329
1591.000 0.330
1592.000 0.331
1593.000 0.331
1594.000 0.332
1595.000 0.334
1596.000 0.334
1597.000 0.336
1598.000 0.336
1599.000 0.337
1600.000 0.338
1601.000 0.338
1602.000 0.338
1603.000 0.341
1604.000 0.342
1605.000 0.343
1606.000 0.344
1607.000 0.343
1608.000 0.344
1609.000 0.345
1610.000 0.346
1611.000 0.346
1612.000 0.347
1613.000 0.348
1614.000 0.348
1615.000 0.351
1616.000 0.352
1617.000 0.354
1618.000 0.355
1619.000 0.356
1620.000 0.356
1621.000 0.356
1622.000 0.356
1623.000 0.355
1624.000 0.355
1625.000 0.356
1626.000 0.356
1627.000 0.358
1628.000 0.359
1629.000 0.360
1630.000 0.361
1631.000 0.362
1632.000 0.363
1633.000 0.365
1634.000 0.366
1635.000 0.367
1636.000 0.367
1637.000 0.366
1638.000 0.367
1639.000 0.368
1640.000 0.368
1641.000 0.368
1642.000 0.368
1643.000 0.369
1644.000 0.369
1645.000 0.370
1646.000 0.371
1647.000 0.371
1648.000 0.371
1649.000 0.370
1650.000 0.370
1651.000 0.371
1652.000 0.371
1653.000 0.371
1654.000 0.371
1655.000 0.369
1656.000 0.370
1657.000 0.372
1658.000 0.373
1659.000 0.374
1660.000 0.374
1661.000 0.374
1662.000 0.374
1663.000 0.374
1664.000 0.374
1665.000 0.375
1666.000 0.375
1667.000 0.375
1668.000 0.376
1669.000 0.375
1670.000 0.375
1671.000 0.375
1672.000 0.375
1673.000 0.375
1674.000 0.376
1675.000 0.376
1676.000 0.376
1677.000 0.376
1678.000 0.377
1679.000 0.376
1680.000 0.375
1681.000 0.375
1682.000 0.374
1683.000 0.372
1684.000 0.371
1685.000 0.370
1686.000 0.370
1687.000 0.371
1688.000 0.371
1689.000 0.373
1690.000 0.373
1691.000 0.371
1692.000 0.372
1693.000 0.374
1694.000 0.374
1695.000 0.375
1696.000 0.375
1697.000 0.373
1698.000 0.372
1699.000 0.371
1700.000 0.371
1701.000 0.371
1702.000 0.370
1703.000 0.368
1704.000 0.368
1705.000 0.367
1706.000 0.366
1707.000 0.367
1708.000 0.367
1709.000 0.366
1710.000 0.365
1711.000 0.364
1712.000 0.364
1713.000 0.365
1714.000 0.365
1715.000 0.367
1716.000 0.364
1717.000 0.362
1718.000 0.365
1719.000 0.365
1720.000 0.366
1721.000 0.368
1722.000 0.365
1723.000 0.361
1724.000 0.359
1725.000 0.358
1726.000 0.358
1727.000 0.359
1728.000 0.358
1729.000 0.356
1730.000 0.356
1731.000 0.356
1732.000 0.355
1733.000 0.354
1734.000 0.350
1735.000 0.348
1736.000 0.349
1737.000 0.348
1738.000 0.347
1739.000 0.346
1740.000 0.343
1741.000 0.344
1742.000 0.347
1743.000 0.349
1744.000 0.353
1745.000 0.354
1746.000 0.350
1747.000 0.349
1748.000 0.348
1749.000 0.348
1750.000 0.350
1751.000 0.349
1752.000 0.347
1753.000 0.346
1754.000 0.344
1755.000 0.343
1756.000 0.342
1757.000 0.342
1758.000 0.341
1759.000 0.342
1760.000 0.342
1761.000 0.341
1762.000 0.342
1763.000 0.340
1764.000 0.339
1765.000 0.342
1766.000 0.342
1767.000 0.347
1768.000 0.349
1769.000 0.344
1770.000 0.337
1771.000 0.326
1772.000 0.318
1773.000 0.311
1774.000 0.312
1775.000 0.316
1776.000 0.321
1777.000 0.332
1778.000 0.329
1779.000 0.321
1780.000 0.315
1781.000 0.306
1782.000 0.306
1783.000 0.315
1784.000 0.320
1785.000 0.311
1786.000 0.309
1787.000 0.305
1788.000 0.306
1789.000 0.317
1790.000 0.325
1791.000 0.326
1792.000 0.337
1793.000 0.354
1794.000 0.288
1795.000 0.282
1796.000 0.293
1797.000 0.337
1798.000 0.354
1799.000 0.359
1800.000 0.330
1801.000 0.421
1802.000 0.445
1803.000 0.428
1804.000 0.455
1805.000 0.468
1806.000 0.470
1807.000 0.493
1808.000 0.647
1809.000 0.653
1810.000 0.738
1811.000 0.721
1812.000 0.471
1813.000 0.414
1814.000 0.413
1815.000 0.394
1816.000 0.456
1817.000 0.556
1818.000 0.516
1819.000 0.386
1820.000 0.492
1821.000 0.396
1822.000 0.560
1823.000 0.554
1824.000 0.483
1825.000 0.462
1826.000 0.706
1827.000 0.624
1828.000 0.630
1829.000 0.637
1830.000 0.463
1831.000 0.434
1832.000 0.349
1833.000 0.271
1834.000 0.204
1835.000 0.178
1836.000 0.160
1837.000 0.224
1838.000 0.295
1839.000 0.542
1840.000 0.400
1841.000 0.337
1842.000 0.279
1843.000 0.199
1844.000 0.126
1845.000 0.118
1846.000 0.187
1847.000 0.183
1848.000 0.197
1849.000 0.238
1850.000 0.323
1851.000 0.424
1852.000 0.422
1853.000 0.509
1854.000 0.467
1855.000 0.432
1856.000 0.581
1857.000 0.449
1858.000 0.424
1859.000 0.391
1860.000 0.422
1861.000 0.410
1862.000 0.344
1863.000 0.331
1864.000 0.293
1865.000 0.321
1866.000 0.444
1867.000 0.425
1868.000 0.526
1869.000 0.587
1870.000 0.607
1871.000 0.660
1872.000 0.456
1873.000 0.504
1874.000 0.574
1875.000 0.409
1876.000 0.261
1877.000 0.486
1878.000 0.518
1879.000 0.643
1880.000 0.667
1881.000 0.640
1882.000 0.741
1883.000 0.757
1884.000 0.599
1885.000 0.556
1886.000 0.529
1887.000 0.335
1888.000 0.399
1889.000 0.391
1890.000 0.446
1891.000 0.521
1892.000 0.603
1893.000 0.564
1894.000 0.517
1895.000 0.501
1896.000 0.565
1897.000 0.590
1898.000 0.574
1899.000 0.584
1900.000 0.670
1901.000 0.698
1902.000 0.689
1903.000 0.631
1904.000 0.615
1905.000 0.555
1906.000 0.578
1907.000 0.555
1908.000 0.541
1909.000 0.530
1910.000 0.507
1911.000 0.451
1912.000 0.357
1913.000 0.292
1914.000 0.224
1915.000 0.470
1916.000 0.719
1917.000 0.688
1918.000 0.664
1919.000 0.648
1920.000 0.502
1921.000 0.412
1922.000 0.586
1923.000 0.552
1924.000 0.525
1925.000 0.574
1926.000 0.371
1927.000 0.554
1928.000 0.517
1929.000 0.593
1930.000 0.619
1931.000 0.605
1932.000 0.555
1933.000 0.574
1934.000 0.539
1935.000 0.552
1936.000 0.538
1937.000 0.443
1938.000 0.543
1939.000 0.690
1940.000 0.665
1941.000 0.569
1942.000 0.451
1943.000 0.393
1944.000 0.376
1945.000 0.503
1946.000 0.476
1947.000 0.649
1948.000 0.378
1949.000 0.365
1950.000 0.341
1951.000 0.526
1952.000 0.452
1953.000 0.487
1954.000 0.482
1955.000 0.542
1956.000 0.500
1957.000 0.413
1958.000 0.426
1959.000 0.337
1960.000 0.271
1961.000 0.172
1962.000 0.155
1963.000 0.116
1964.000 0.113
1965.000 0.119
1966.000 0.200
1967.000 0.222
1968.000 0.180
1969.000 0.161
1970.000 0.139
1971.000 0.131
1972.000 0.183
1973.000 0.189
1974.000 0.142
1975.000 0.139
1976.000 0.128
1977.000 0.136
1978.000 0.161
1979.000 0.140
1980.000 0.120
1981.000 0.143
1982.000 0.149
1983.000 0.163
1984.000 0.151
1985.000 0.134
1986.000 0.130
1987.000 0.132
1988.000 0.092
1989.000 0.133
1990.000 0.065
1991.000 0.088
1992.000 0.159
1993.000 0.185
1994.000 0.188
1995.000 0.205
1996.000 0.236
1997.000 0.179
1998.000 0.212
1999.000 0.233
2000.000 0.197
2001.000 0.186
2002.000 0.202
2003.000 0.191
2004.000 0.191
2005.000 0.172
2006.000 0.190
2007.000 0.246
2008.000 0.256
2009.000 0.202
2010.000 0.183
2011.000 0.220
2012.000 0.205
2013.000 0.228
2014.000 0.246
2015.000 0.263
2016.000 0.273
2017.000 0.277
2018.000 0.302
2019.000 0.226
2020.000 0.171
2021.000 0.177
2022.000 0.170
2023.000 0.183
2024.000 0.177
2025.000 0.188
2026.000 0.182
2027.000 0.181
2028.000 0.196
2029.000 0.170
2030.000 0.150
2031.000 0.157
2032.000 0.165
2033.000 0.178
2034.000 0.181
2035.000 0.188
2036.000 0.154
2037.000 0.165
2038.000 0.157
2039.000 0.157
2040.000 0.164
2041.000 0.188
2042.000 0.193
2043.000 0.223
2044.000 0.239
2045.000 0.172
2046.000 0.155
2047.000 0.153
2048.000 0.160
2049.000 0.189
2050.000 0.212
2051.000 0.204
2052.000 0.209
2053.000 0.147
2054.000 0.160
2055.000 0.186
2056.000 0.164
2057.000 0.175
2058.000 0.181
2059.000 0.184
2060.000 0.205
2061.000 0.212
2062.000 0.192
2063.000 0.174
2064.000 0.166
2065.000 0.160
2066.000 0.164
2067.000 0.182
2068.000 0.183
2069.000 0.199
2070.000 0.199
2071.000 0.173
2072.000 0.163
2073.000 0.161
2074.000 0.161
2075.000 0.164
2076.000 0.162
2077.000 0.196
2078.000 0.214
2079.000 0.212
2080.000 0.213
2081.000 0.178
2082.000 0.155
2083.000 0.167
2084.000 0.157
2085.000 0.169
2086.000 0.177
2087.000 0.182
2088.000 0.194
2089.000 0.189
2090.000 0.169
2091.000 0.179
2092.000 0.178
2093.000 0.175
2094.000 0.175
2095.000 0.172
2096.000 0.161
2097.000 0.164
2098.000 0.173
2099.000 0.185
2100.000 0.193
2101.000 0.206
2102.000 0.199
2103.000 0.202
2104.000 0.201
2105.000 0.196
2106.000 0.195
2107.000 0.204
2108.000 0.202
2109.000 0.219
2110.000 0.226
2111.000 0.205
2112.000 0.189
2113.000 0.197
2114.000 0.194
2115.000 0.198
2116.000 0.191
2117.000 0.204
2118.000 0.229
2119.000 0.214
2120.000 0.212
2121.000 0.215
2122.000 0.210
2123.000 0.209
2124.000 0.189
2125.000 0.191
2126.000 0.209
2127.000 0.204
2128.000 0.208
2129.000 0.211
2130.000 0.191
2131.000 0.186
2132.000 0.179
2133.000 0.186
2134.000 0.199
2135.000 0.202
2136.000 0.219
2137.000 0.208
2138.000 0.234
2139.000 0.244
2140.000 0.249
2141.000 0.226
2142.000 0.223
2143.000 0.234
2144.000 0.231
2145.000 0.223
2146.000 0.214
2147.000 0.218
2148.000 0.213
2149.000 0.208
2150.000 0.197
2151.000 0.187
2152.000 0.188
2153.000 0.219
2154.000 0.229
2155.000 0.242
2156.000 0.235
2157.000 0.237
2158.000 0.231
2159.000 0.256
2160.000 0.260
2161.000 0.237
2162.000 0.231
2163.000 0.225
2164.000 0.232
2165.000 0.221
2166.000 0.222
2167.000 0.225
2168.000 0.222
2169.000 0.220
2170.000 0.220
2171.000 0.219
2172.000 0.211
2173.000 0.214
2174.000 0.206
2175.000 0.204
2176.000 0.202
2177.000 0.208
2178.000 0.210
2179.000 0.197
2180.000 0.193
2181.000 0.204
2182.000 0.204
2183.000 0.219
2184.000 0.208
2185.000 0.225
2186.000 0.237
2187.000 0.261
2188.000 0.239
2189.000 0.243
2190.000 0.244
2191.000 0.236
2192.000 0.230
2193.000 0.228
2194.000 0.226
2195.000 0.239
2196.000 0.231
2197.000 0.224
2198.000 0.234
2199.000 0.242
2200.000 0.236
2201.000 0.245
2202.000 0.267
2203.000 0.234
2204.000 0.247
2205.000 0.244
2206.000 0.233
2207.000 0.230
2208.000 0.221
2209.000 0.216
2210.000 0.215
2211.000 0.211
2212.000 0.205
2213.000 0.209
2214.000 0.217
2215.000 0.221
2216.000 0.232
2217.000 0.233
2218.000 0.221
2219.000 0.218
2220.000 0.210
2221.000 0.209
2222.000 0.216
2223.000 0.219
2224.000 0.222
2225.000 0.222
2226.000 0.229
2227.000 0.222
2228.000 0.216
2229.000 0.218
2230.000 0.218
2231.000 0.212
2232.000 0.213
2233.000 0.219
2234.000 0.209
2235.000 0.206
2236.000 0.207
2237.000 0.221
2238.000 0.224
2239.000 0.222
2240.000 0.216
2241.000 0.216
2242.000 0.222
2243.000 0.234
2244.000 0.239
2245.000 0.250
2246.000 0.247
2247.000 0.228
2248.000 0.223
2249.000 0.217
2250.000 0.216
2251.000 0.226
2252.000 0.227
2253.000 0.234
2254.000 0.231
2255.000 0.233
2256.000 0.231
2257.000 0.226
2258.000 0.226
2259.000 0.219
2260.000 0.191
2261.000 0.181
2262.000 0.187
2263.000 0.195
2264.000 0.200
2265.000 0.209
2266.000 0.202
2267.000 0.199
2268.000 0.235
2269.000 0.229
2270.000 0.223
2271.000 0.217
2272.000 0.208
2273.000 0.211
2274.000 0.214
2275.000 0.224
2276.000 0.232
2277.000 0.239
2278.000 0.212
2279.000 0.196
2280.000 0.186
2281.000 0.174
2282.000 0.167
2283.000 0.164
2284.000 0.166
2285.000 0.172
2286.000 0.210
2287.000 0.211
2288.000 0.210
2289.000 0.206
2290.000 0.197
2291.000 0.192
2292.000 0.200
2293.000 0.197
2294.000 0.202
2295.000 0.189
2296.000 0.177
2297.000 0.180
2298.000 0.188
2299.000 0.201
2300.000 0.204
2301.000 0.188
2302.000 0.186
2303.000 0.177
2304.000 0.172
2305.000 0.171
2306.000 0.157
2307.000 0.181
2308.000 0.199
2309.000 0.179
2310.000 0.175
2311.000 0.177
2312.000 0.165
2313.000 0.174
2314.000 0.156
2315.000 0.187
2316.000 0.193
2317.000 0.238
2318.000 0.236
2319.000 0.216
2320.000 0.213
2321.000 0.195
2322.000 0.201
2323.000 0.230
2324.000 0.207
2325.000 0.262
2326.000 0.260
2327.000 0.236
2328.000 0.164
2329.000 0.190
2330.000 0.204
2331.000 0.226
2332.000 0.230
2333.000 0.192
2334.000 0.238
2335.000 0.198
2336.000 0.239
2337.000 0.222
2338.000 0.215
2339.000 0.201
2340.000 0.212
2341.000 0.178
2342.000 0.190
2343.000 0.183
2344.000 0.195
2345.000 0.156
2346.000 0.202
2347.000 0.176
2348.000 0.222
2349.000 0.259
2350.000 0.275
2351.000 0.309
2352.000 0.335
2353.000 0.354
2354.000 0.337
2355.000 0.332
2356.000 0.266
2357.000 0.248
2358.000 0.232
2359.000 0.201
2360.000 0.150
2361.000 0.115
2362.000 0.136
2363.000 0.164
2364.000 0.182
2365.000 0.216
2366.000 0.202
2367.000 0.191
2368.000 0.228
2369.000 0.127
2370.000 0.167
2371.000 0.156
2372.000 0.206
2373.000 0.174
2374.000 0.148
2375.000 0.224
2376.000 0.178
2377.000 0.179
2378.000 0.238
2379.000 0.206
2380.000 0.208
2381.000 0.214
2382.000 0.202
2383.000 0.129
2384.000 0.151
2385.000 0.170
2386.000 0.203
2387.000 0.191
2388.000 0.214
2389.000 0.188
2390.000 0.183
2391.000 0.166
2392.000 0.121
2393.000 0.162
2394.000 0.146
2395.000 0.168
2396.000 0.233
2397.000 0.243
2398.000 0.237
2399.000 0.176
2400.000 0.116
2401.000 0.217
2402.000 0.154
2403.000 0.271
2404.000 0.278
2405.000 0.245
2406.000 0.171
2407.000 0.198
2408.000 0.157
2409.000 0.195
2410.000 0.253
2411.000 0.413
2412.000 0.419
2413.000 0.427
2414.000 0.469
2415.000 0.257
2416.000 0.486
2417.000 0.432
2418.000 0.490
2419.000 0.458
2420.000 0.438
2421.000 0.345
2422.000 0.467
2423.000 0.373
2424.000 0.293
2425.000 0.242
2426.000 0.330
2427.000 0.300
2428.000 0.351
2429.000 0.315
2430.000 0.218
2431.000 0.262
2432.000 0.289
2433.000 0.270
2434.000 0.259
2435.000 0.234
2436.000 0.221
2437.000 0.311
2438.000 0.181
2439.000 0.409
2440.000 0.443
2441.000 0.380
2442.000 0.309
2443.000 0.300
2444.000 0.288
2445.000 0.360
2446.000 0.430
2447.000 0.316
2448.000 0.162
2449.000 0.275
2450.000 0.474
2451.000 0.539
2452.000 0.449
2453.000 0.491
2454.000 0.529
2455.000 0.311
2456.000 0.296
2457.000 0.238
2458.000 0.566
2459.000 0.550
2460.000 0.449
2461.000 0.382
2462.000 0.335
2463.000 0.498
2464.000 0.267
2465.000 0.392
2466.000 0.139
2467.000 0.175
2468.000 0.153
2469.000 0.345
2470.000 0.321
2471.000 0.337
2472.000 0.362
2473.000 0.218
2474.000 0.275
2475.000 0.442
2476.000 0.367
2477.000 0.443
2478.000 0.333
2479.000 0.304
2480.000 0.233
2481.000 0.382
2482.000 0.446
2483.000 0.535
2484.000 0.315
2485.000 0.331
2486.000 0.319
2487.000 0.321
2488.000 0.333
2489.000 0.283
2490.000 0.245
2491.000 0.641
2492.000 0.458
2493.000 0.461
2494.000 0.509
2495.000 0.455
2496.000 0.474
2497.000 0.462
2498.000 0.577
2499.000 0.489
2500.000 0.350
