391.000 0.031
392.000 0.030
393.000 0.028
394.000 0.028
395.000 0.031
396.000 0.032
397.000 0.030
398.000 0.028
399.000 0.029
400.000 0.030
401.000 0.029
402.000 0.028
403.000 0.028
404.000 0.029
405.000 0.028
406.000 0.029
407.000 0.029
408.000 0.030
409.000 0.029
410.000 0.028
411.000 0.028
412.000 0.030
413.000 0.028
414.000 0.029
415.000 0.030
416.000 0.029
417.000 0.029
418.000 0.028
419.000 0.028
420.000 0.029
421.000 0.029
422.000 0.029
423.000 0.029
424.000 0.030
425.000 0.030
426.000 0.030
427.000 0.030
428.000 0.030
429.000 0.029
430.000 0.030
431.000 0.030
432.000 0.030
433.000 0.030
434.000 0.029
435.000 0.030
436.000 0.029
437.000 0.029
438.000 0.029
439.000 0.030
440.000 0.029
441.000 0.030
442.000 0.030
443.000 0.029
444.000 0.029
445.000 0.030
446.000 0.031
447.000 0.031
448.000 0.030
449.000 0.031
450.000 0.031
451.000 0.031
452.000 0.031
453.000 0.030
454.000 0.031
455.000 0.031
456.000 0.030
457.000 0.030
458.000 0.031
459.000 0.031
460.000 0.031
461.000 0.031
462.000 0.031
463.000 0.031
464.000 0.031
465.000 0.030
466.000 0.031
467.000 0.031
468.000 0.031
469.000 0.031
470.000 0.031
471.000 0.031
472.000 0.031
473.000 0.031
474.000 0.031
475.000 0.031
476.000 0.031
477.000 0.031
478.000 0.031
479.000 0.031
480.000 0.031
481.000 0.032
482.000 0.031
483.000 0.031
484.000 0.032
485.000 0.031
486.000 0.031
487.000 0.031
488.000 0.031
489.000 0.031
490.000 0.032
491.000 0.032
492.000 0.032
493.000 0.032
494.000 0.032
495.000 0.033
496.000 0.032
497.000 0.032
498.000 0.032
499.000 0.033
500.000 0.034
501.000 0.034
502.000 0.034
503.000 0.035
504.000 0.036
505.000 0.037
506.000 0.037
507.000 0.038
508.000 0.039
509.000 0.040
510.000 0.041
511.000 0.042
512.000 0.044
513.000 0.046
514.000 0.048
515.000 0.049
516.000 0.050
517.000 0.053
518.000 0.055
519.000 0.057
520.000 0.060
521.000 0.062
522.000 0.064
523.000 0.067
524.000 0.070
525.000 0.072
526.000 0.075
527.000 0.077
528.000 0.079
529.000 0.081
530.000 0.084
531.000 0.086
532.000 0.086
533.000 0.088
534.000 0.090
535.000 0.091
536.000 0.092
537.000 0.093
538.000 0.094
539.000 0.094
540.000 0.094
541.000 0.095
542.000 0.095
543.000 0.096
544.000 0.096
545.000 0.096
546.000 0.096
547.000 0.097
548.000 0.097
549.000 0.097
550.000 0.098
551.000 0.098
552.000 0.098
553.000 0.098
554.000 0.097
555.000 0.097
556.000 0.097
557.000 0.096
558.000 0.095
559.000 0.094
560.000 0.093
561.000 0.092
562.000 0.091
563.000 0.090
564.000 0.088
565.000 0.086
566.000 0.085
567.000 0.083
568.000 0.082
569.000 0.080
570.000 0.078
571.000 0.077
572.000 0.075
573.000 0.073
574.000 0.073
575.000 0.071
576.000 0.069
577.000 0.068
578.000 0.067
579.000 0.066
580.000 0.065
581.000 0.064
582.000 0.064
583.000 0.063
584.000 0.062
585.000 0.061
586.000 0.061
587.000 0.060
588.000 0.059
589.000 0.058
590.000 0.058
591.000 0.058
592.000 0.057
593.000 0.057
594.000 0.056
595.000 0.056
596.000 0.056
597.000 0.056
598.000 0.056
599.000 0.055
600.000 0.054
601.000 0.054
602.000 0.055
603.000 0.054
604.000 0.053
605.000 0.053
606.000 0.053
607.000 0.052
608.000 0.052
609.000 0.051
610.000 0.051
611.000 0.050
612.000 0.050
613.000 0.049
614.000 0.049
615.000 0.048
616.000 0.047
617.000 0.047
618.000 0.046
619.000 0.046
620.000 0.046
621.000 0.046
622.000 0.045
623.000 0.045
624.000 0.045
625.000 0.045
626.000 0.045
627.000 0.045
628.000 0.044
629.000 0.044
630.000 0.045
631.000 0.044
632.000 0.044
633.000 0.045
634.000 0.044
635.000 0.044
636.000 0.044
637.000 0.042
638.000 0.042
639.000 0.041
640.000 0.041
641.000 0.041
642.000 0.039
643.000 0.039
644.000 0.038
645.000 0.038
646.000 0.037
647.000 0.036
648.000 0.036
649.000 0.036
650.000 0.036
651.000 0.035
652.000 0.035
653.000 0.035
654.000 0.035
655.000 0.035
656.000 0.035
657.000 0.035
658.000 0.035
659.000 0.034
660.000 0.034
661.000 0.034
662.000 0.033
663.000 0.033
664.000 0.033
665.000 0.033
666.000 0.033
667.000 0.033
668.000 0.033
669.000 0.032
670.000 0.033
671.000 0.033
672.000 0.033
673.000 0.033
674.000 0.033
675.000 0.033
676.000 0.034
677.000 0.034
678.000 0.034
679.000 0.034
680.000 0.035
681.000 0.035
682.000 0.036
683.000 0.037
684.000 0.037
685.000 0.038
686.000 0.040
687.000 0.041
688.000 0.043
689.000 0.045
690.000 0.047
691.000 0.049
692.000 0.052
693.000 0.056
694.000 0.061
695.000 0.068
696.000 0.074
697.000 0.080
698.000 0.087
699.000 0.094
700.000 0.103
701.000 0.113
702.000 0.123
703.000 0.133
704.000 0.142
705.000 0.153
706.000 0.163
707.000 0.174
708.000 0.185
709.000 0.196
710.000 0.208
711.000 0.220
712.000 0.232
713.000 0.245
714.000 0.257
715.000 0.269
716.000 0.282
717.000 0.295
718.000 0.309
719.000 0.324
720.000 0.340
721.000 0.353
722.000 0.365
723.000 0.377
724.000 0.390
725.000 0.404
726.000 0.417
727.000 0.429
728.000 0.441
729.000 0.452
730.000 0.464
731.000 0.475
732.000 0.485
733.000 0.495
734.000 0.504
735.000 0.513
736.000 0.521
737.000 0.529
738.000 0.537
739.000 0.544
740.000 0.551
741.000 0.557
742.000 0.563
743.000 0.568
744.000 0.574
745.000 0.578
746.000 0.583
747.000 0.586
748.000 0.591
749.000 0.594
750.000 0.598
751.000 0.600
752.000 0.603
753.000 0.605
754.000 0.607
755.000 0.610
756.000 0.612
757.000 0.613
758.000 0.615
759.000 0.617
760.000 0.618
761.000 0.620
762.000 0.621
763.000 0.622
764.000 0.622
765.000 0.623
766.000 0.624
767.000 0.625
768.000 0.626
769.000 0.626
770.000 0.627
771.000 0.628
772.000 0.629
773.000 0.629
774.000 0.629
775.000 0.630
776.000 0.631
777.000 0.631
778.000 0.631
779.000 0.632
780.000 0.632
781.000 0.633
782.000 0.634
783.000 0.634
784.000 0.634
785.000 0.634
786.000 0.635
787.000 0.635
788.000 0.635
789.000 0.636
790.000 0.637
791.000 0.637
792.000 0.637
793.000 0.638
794.000 0.638
795.000 0.638
796.000 0.639
797.000 0.639
798.000 0.639
799.000 0.640
800.000 0.640
801.000 0.640
802.000 0.641
803.000 0.641
804.000 0.641
805.000 0.642
806.000 0.642
807.000 0.643
808.000 0.643
809.000 0.643
810.000 0.644
811.000 0.643
812.000 0.644
813.000 0.644
814.000 0.643
815.000 0.643
816.000 0.644
817.000 0.644
818.000 0.644
819.000 0.645
820.000 0.646
821.000 0.646
822.000 0.646
823.000 0.646
824.000 0.646
825.000 0.647
826.000 0.648
827.000 0.648
828.000 0.648
829.000 0.648
830.000 0.649
831.000 0.649
832.000 0.649
833.000 0.649
834.000 0.650
835.000 0.651
836.000 0.651
837.000 0.651
838.000 0.651
839.000 0.652
840.000 0.652
841.000 0.653
842.000 0.653
843.000 0.654
844.000 0.653
845.000 0.654
846.000 0.655
847.000 0.655
848.000 0.655
849.000 0.655
850.000 0.655
851.000 0.656
852.000 0.656
853.000 0.656
854.000 0.656
855.000 0.657
856.000 0.657
857.000 0.657
858.000 0.658
859.000 0.658
860.000 0.658
861.000 0.658
862.000 0.658
863.000 0.659
864.000 0.659
865.000 0.660
866.000 0.660
867.000 0.660
868.000 0.660
869.000 0.660
870.000 0.660
871.000 0.661
872.000 0.661
873.000 0.661
874.000 0.662
875.000 0.662
876.000 0.662
877.000 0.662
878.000 0.662
879.000 0.663
880.000 0.663
881.000 0.663
882.000 0.663
883.000 0.663
884.000 0.664
885.000 0.663
886.000 0.664
887.000 0.665
888.000 0.664
889.000 0.665
890.000 0.665
891.000 0.665
892.000 0.665
893.000 0.664
894.000 0.665
895.000 0.665
896.000 0.663
897.000 0.663
898.000 0.663
899.000 0.664
900.000 0.662
901.000 0.662
902.000 0.663
903.000 0.664
904.000 0.664
905.000 0.665
906.000 0.665
907.000 0.665
908.000 0.665
909.000 0.664
910.000 0.664
911.000 0.664
912.000 0.664
913.000 0.664
914.000 0.664
915.000 0.664
916.000 0.665
917.000 0.664
918.000 0.665
919.000 0.666
920.000 0.666
921.000 0.666
922.000 0.666
923.000 0.665
924.000 0.666
925.000 0.667
926.000 0.666
927.000 0.664
928.000 0.663
929.000 0.662
930.000 0.661
931.000 0.659
932.000 0.655
933.000 0.652
934.000 0.650
935.000 0.650
936.000 0.649
937.000 0.646
938.000 0.647
939.000 0.651
940.000 0.653
941.000 0.654
942.000 0.654
943.000 0.652
944.000 0.650
945.000 0.648
946.000 0.647
947.000 0.646
948.000 0.646
949.000 0.645
950.000 0.643
951.000 0.640
952.000 0.641
953.000 0.638
954.000 0.634
955.000 0.632
956.000 0.632
957.000 0.640
958.000 0.643
959.000 0.637
960.000 0.634
961.000 0.635
962.000 0.635
963.000 0.633
964.000 0.635
965.000 0.638
966.000 0.637
967.000 0.634
968.000 0.638
969.000 0.638
970.000 0.638
971.000 0.638
972.000 0.639
973.000 0.638
974.000 0.635
975.000 0.633
976.000 0.637
977.000 0.637
978.000 0.638
979.000 0.639
980.000 0.636
981.000 0.637
982.000 0.640
983.000 0.642
984.000 0.643
985.000 0.643
986.000 0.643
987.000 0.643
988.000 0.648
989.000 0.646
990.000 0.645
991.000 0.647
992.000 0.647
993.000 0.644
994.000 0.645
995.000 0.648
996.000 0.648
997.000 0.648
998.000 0.648
999.000 0.649
1000.000 0.651
1001.000 0.657
1002.000 0.657
1003.000 0.657
1004.000 0.658
1005.000 0.656
1006.000 0.657
1007.000 0.656
1008.000 0.655
1009.000 0.656
1010.000 0.658
1011.000 0.659
1012.000 0.661
1013.000 0.662
1014.000 0.663
1015.000 0.664
1016.000 0.664
1017.000 0.665
1018.000 0.665
1019.000 0.667
1020.000 0.667
1021.000 0.667
1022.000 0.669
1023.000 0.669
1024.000 0.669
1025.000 0.670
1026.000 0.671
1027.000 0.672
1028.000 0.672
1029.000 0.674
1030.000 0.674
1031.000 0.675
1032.000 0.676
1033.000 0.677
1034.000 0.678
1035.000 0.679
1036.000 0.679
1037.000 0.679
1038.000 0.679
1039.000 0.680
1040.000 0.681
1041.000 0.682
1042.000 0.682
1043.000 0.682
1044.000 0.682
1045.000 0.683
1046.000 0.683
1047.000 0.685
1048.000 0.686
1049.000 0.687
1050.000 0.688
1051.000 0.688
1052.000 0.687
1053.000 0.687
1054.000 0.686
1055.000 0.687
1056.000 0.688
1057.000 0.689
1058.000 0.689
1059.000 0.689
1060.000 0.689
1061.000 0.690
1062.000 0.690
1063.000 0.691
1064.000 0.692
1065.000 0.691
1066.000 0.691
1067.000 0.692
1068.000 0.693
1069.000 0.693
1070.000 0.693
1071.000 0.693
1072.000 0.692
1073.000 0.692
1074.000 0.692
1075.000 0.692
1076.000 0.692
1077.000 0.692
1078.000 0.692
1079.000 0.692
1080.000 0.693
1081.000 0.692
1082.000 0.691
1083.000 0.690
1084.000 0.689
1085.000 0.690
1086.000 0.689
1087.000 0.690
1088.000 0.691
1089.000 0.691
1090.000 0.691
1091.000 0.691
1092.000 0.691
1093.000 0.691
1094.000 0.690
1095.000 0.690
1096.000 0.690
1097.000 0.689
1098.000 0.689
1099.000 0.688
1100.000 0.688
1101.000 0.688
1102.000 0.687
1103.000 0.687
1104.000 0.686
1105.000 0.686
1106.000 0.685
1107.000 0.685
1108.000 0.684
1109.000 0.685
1110.000 0.684
1111.000 0.684
1112.000 0.684
1113.000 0.685
1114.000 0.682
1115.000 0.681
1116.000 0.681
1117.000 0.678
1118.000 0.677
1119.000 0.675
1120.000 0.670
1121.000 0.665
1122.000 0.661
1123.000 0.659
1124.000 0.661
1125.000 0.662
1126.000 0.669
1127.000 0.670
1128.000 0.666
1129.000 0.669
1130.000 0.678
1131.000 0.679
1132.000 0.674
1133.000 0.668
1134.000 0.657
1135.000 0.647
1136.000 0.646
1137.000 0.645
1138.000 0.641
1139.000 0.636
1140.000 0.631
1141.000 0.623
1142.000 0.621
1143.000 0.623
1144.000 0.624
1145.000 0.627
1146.000 0.627
1147.000 0.627
1148.000 0.623
1149.000 0.617
1150.000 0.613
1151.000 0.609
1152.000 0.605
1153.000 0.602
1154.000 0.602
1155.000 0.600
1156.000 0.602
1157.000 0.603
1158.000 0.605
1159.000 0.606
1160.000 0.606
1161.000 0.605
1162.000 0.603
1163.000 0.601
1164.000 0.601
1165.000 0.600
1166.000 0.600
1167.000 0.601
1168.000 0.600
1169.000 0.600
1170.000 0.600
1171.000 0.599
1172.000 0.597
1173.000 0.596
1174.000 0.596
1175.000 0.596
1176.000 0.596
1177.000 0.597
1178.000 0.597
1179.000 0.596
1180.000 0.595
1181.000 0.594
1182.000 0.593
1183.000 0.593
1184.000 0.593
1185.000 0.594
1186.000 0.594
1187.000 0.594
1188.000 0.594
1189.000 0.593
1190.000 0.592
1191.000 0.592
1192.000 0.592
1193.000 0.592
1194.000 0.594
1195.000 0.594
1196.000 0.593
1197.000 0.593
1198.000 0.593
1199.000 0.593
1200.000 0.593
1201.000 0.593
1202.000 0.593
1203.000 0.593
1204.000 0.594
1205.000 0.594
1206.000 0.594
1207.000 0.594
1208.000 0.594
1209.000 0.594
1210.000 0.595
1211.000 0.595
1212.000 0.596
1213.000 0.595
1214.000 0.595
1215.000 0.596
1216.000 0.596
1217.000 0.597
1218.000 0.598
1219.000 0.598
1220.000 0.599
1221.000 0.600
1222.000 0.600
1223.000 0.601
1224.000 0.602
1225.000 0.602
1226.000 0.602
1227.000 0.602
1228.000 0.603
1229.000 0.604
1230.000 0.605
1231.000 0.606
1232.000 0.607
1233.000 0.608
1234.000 0.610
1235.000 0.610
1236.000 0.609
1237.000 0.610
1238.000 0.610
1239.000 0.610
1240.000 0.611
1241.000 0.611
1242.000 0.611
1243.000 0.612
1244.000 0.612
1245.000 0.612
1246.000 0.612
1247.000 0.612
1248.000 0.612
1249.000 0.613
1250.000 0.613
1251.000 0.614
1252.000 0.614
1253.000 0.614
1254.000 0.614
1255.000 0.615
1256.000 0.615
1257.000 0.615
1258.000 0.615
1259.000 0.617
1260.000 0.618
1261.000 0.618
1262.000 0.619
1263.000 0.618
1264.000 0.618
1265.000 0.618
1266.000 0.618
1267.000 0.618
1268.000 0.618
1269.000 0.618
1270.000 0.617
1271.000 0.617
1272.000 0.616
1273.000 0.616
1274.000 0.616
1275.000 0.616
1276.000 0.616
1277.000 0.617
1278.000 0.617
1279.000 0.617
1280.000 0.618
1281.000 0.618
1282.000 0.617
1283.000 0.617
1284.000 0.616
1285.000 0.615
1286.000 0.615
1287.000 0.615
1288.000 0.615
1289.000 0.615
1290.000 0.614
1291.000 0.613
1292.000 0.613
1293.000 0.612
1294.000 0.611
1295.000 0.611
1296.000 0.611
1297.000 0.610
1298.000 0.609
1299.000 0.608
1300.000 0.606
1301.000 0.606
1302.000 0.604
1303.000 0.602
1304.000 0.601
1305.000 0.598
1306.000 0.596
1307.000 0.595
1308.000 0.594
1309.000 0.592
1310.000 0.591
1311.000 0.590
1312.000 0.588
1313.000 0.587
1314.000 0.585
1315.000 0.584
1316.000 0.582
1317.000 0.580
1318.000 0.578
1319.000 0.574
1320.000 0.572
1321.000 0.570
1322.000 0.569
1323.000 0.568
1324.000 0.567
1325.000 0.565
1326.000 0.562
1327.000 0.561
1328.000 0.561
1329.000 0.559
1330.000 0.555
1331.000 0.552
1332.000 0.549
1333.000 0.545
1334.000 0.543
1335.000 0.540
1336.000 0.535
1337.000 0.533
1338.000 0.535
1339.000 0.534
1340.000 0.538
1341.000 0.539
1342.000 0.534
1343.000 0.532
1344.000 0.527
1345.000 0.524
1346.000 0.527
1347.000 0.527
1348.000 0.525
1349.000 0.516
1350.000 0.526
1351.000 0.555
1352.000 0.582
1353.000 0.560
1354.000 0.632
1355.000 0.359
1356.000 0.391
1357.000 0.462
1358.000 0.474
1359.000 0.546
1360.000 0.447
1361.000 0.654
1362.000 0.367
1363.000 0.407
1364.000 0.469
1365.000 0.461
1366.000 0.407
1367.000 0.332
1368.000 0.268
1369.000 0.339
1370.000 0.489
1371.000 0.458
1372.000 0.456
1373.000 0.347
1374.000 0.259
1375.000 0.172
1376.000 0.487
1377.000 0.493
1378.000 0.189
1379.000 0.284
1380.000 0.383
1381.000 0.369
1382.000 0.547
1383.000 0.605
1384.000 0.624
1385.000 0.531
1386.000 0.514
1387.000 0.517
1388.000 0.470
1389.000 0.424
1390.000 0.372
1391.000 0.344
1392.000 0.430
1393.000 0.481
1394.000 0.416
1395.000 0.434
1396.000 0.347
1397.000 0.315
1398.000 0.306
1399.000 0.399
1400.000 0.273
1401.000 0.294
1402.000 0.341
1403.000 0.231
1404.000 0.367
1405.000 0.452
1406.000 0.510
1407.000 0.350
1408.000 0.376
1409.000 0.441
1410.000 0.393
1411.000 0.409
1412.000 0.430
1413.000 0.477
1414.000 0.364
1415.000 0.272
1416.000 0.174
1417.000 0.157
1418.000 0.326
1419.000 0.310
1420.000 0.272
1421.000 0.652
1422.000 0.547
1423.000 0.453
1424.000 0.341
1425.000 0.266
1426.000 0.192
1427.000 0.299
1428.000 0.393
1429.000 0.495
1430.000 0.530
1431.000 0.322
1432.000 0.381
1433.000 0.329
1434.000 0.416
1435.000 0.306
1436.000 0.370
1437.000 0.535
1438.000 0.457
1439.000 0.610
1440.000 0.339
1441.000 0.168
1442.000 0.460
1443.000 0.447
1444.000 0.439
1445.000 0.438
1446.000 0.388
1447.000 0.344
1448.000 0.307
1449.000 0.204
1450.000 0.271
1451.000 0.218
1452.000 0.156
1453.000 0.206
1454.000 0.269
1455.000 0.269
1456.000 0.231
1457.000 0.242
1458.000 0.200
1459.000 0.165
1460.000 0.138
1461.000 0.110
1462.000 0.212
1463.000 0.180
1464.000 0.149
1465.000 0.160
1466.000 0.177
1467.000 0.192
1468.000 0.141
1469.000 0.163
1470.000 0.178
1471.000 0.158
1472.000 0.173
1473.000 0.188
1474.000 0.218
1475.000 0.211
1476.000 0.245
1477.000 0.249
1478.000 0.200
1479.000 0.199
1480.000 0.215
1481.000 0.201
1482.000 0.197
1483.000 0.186
1484.000 0.182
1485.000 0.182
1486.000 0.179
1487.000 0.186
1488.000 0.189
1489.000 0.197
1490.000 0.202
1491.000 0.204
1492.000 0.199
1493.000 0.198
1494.000 0.194
1495.000 0.197
1496.000 0.208
1497.000 0.213
1498.000 0.218
1499.000 0.219
1500.000 0.215
1501.000 0.213
1502.000 0.208
1503.000 0.206
1504.000 0.203
1505.000 0.200
1506.000 0.202
1507.000 0.206
1508.000 0.210
1509.000 0.218
1510.000 0.221
1511.000 0.223
1512.000 0.224
1513.000 0.224
1514.000 0.224
1515.000 0.223
1516.000 0.226
1517.000 0.229
1518.000 0.232
1519.000 0.236
1520.000 0.238
1521.000 0.240
1522.000 0.242
1523.000 0.244
1524.000 0.245
1525.000 0.244
1526.000 0.247
1527.000 0.249
1528.000 0.251
1529.000 0.253
1530.000 0.255
1531.000 0.255
1532.000 0.256
1533.000 0.256
1534.000 0.259
1535.000 0.262
1536.000 0.263
1537.000 0.265
1538.000 0.267
1539.000 0.266
1540.000 0.267
1541.000 0.272
1542.000 0.275
1543.000 0.276
1544.000 0.277
1545.000 0.277
1546.000 0.278
1547.000 0.278
1548.000 0.279
1549.000 0.278
1550.000 0.279
1551.000 0.281
1552.000 0.283
1553.000 0.285
1554.000 0.288
1555.000 0.291
1556.000 0.293
1557.000 0.294
1558.000 0.296
1559.000 0.298
1560.000 0.299
1561.000 0.300
1562.000 0.301
1563.000 0.303
1564.000 0.305
1565.000 0.309
1566.000 0.311
1567.000 0.310
1568.000 0.311
1569.000 0.309
1570.000 0.309
1571.000 0.313
1572.000 0.314
1573.000 0.316
1574.000 0.317
1575.000 0.317
1576.000 0.317
1577.000 0.319
1578.000 0.319
1579.000 0.318
1580.000 0.319
1581.000 0.322
1582.000 0.324
1583.000 0.328
1584.000 0.329
1585.000 0.329
1586.000 0.329
1587.000 0.330
1588.000 0.331
1589.000 0.333
1590.000 0.335
1591.000 0.337
1592.000 0.338
1593.000 0.338
1594.000 0.338
1595.000 0.338
1596.000 0.338
1597.000 0.341
1598.000 0.341
1599.000 0.342
1600.000 0.343
1601.000 0.343
1602.000 0.344
1603.000 0.347
1604.000 0.349
1605.000 0.350
1606.000 0.351
1607.000 0.350
1608.000 0.350
1609.000 0.351
1610.000 0.352
1611.000 0.352
1612.000 0.353
1613.000 0.353
1614.000 0.354
1615.000 0.356
1616.000 0.358
1617.000 0.361
1618.000 0.363
1619.000 0.363
1620.000 0.363
1621.000 0.363
1622.000 0.362
1623.000 0.363
1624.000 0.363
1625.000 0.365
1626.000 0.365
1627.000 0.368
1628.000 0.369
1629.000 0.368
1630.000 0.368
1631.000 0.367
1632.000 0.367
1633.000 0.371
1634.000 0.372
1635.000 0.374
1636.000 0.375
1637.000 0.374
1638.000 0.374
1639.000 0.374
1640.000 0.373
1641.000 0.373
1642.000 0.374
1643.000 0.375
1644.000 0.376
1645.000 0.379
1646.000 0.379
1647.000 0.377
1648.000 0.377
1649.000 0.376
1650.000 0.375
1651.000 0.377
1652.000 0.377
1653.000 0.378
1654.000 0.377
1655.000 0.375
1656.000 0.375
1657.000 0.377
1658.000 0.377
1659.000 0.380
1660.000 0.381
1661.000 0.380
1662.000 0.381
1663.000 0.382
1664.000 0.383
1665.000 0.384
1666.000 0.384
1667.000 0.385
1668.000 0.384
1669.000 0.381
1670.000 0.381
1671.000 0.382
1672.000 0.382
1673.000 0.383
1674.000 0.384
1675.000 0.383
1676.000 0.382
1677.000 0.381
1678.000 0.382
1679.000 0.383
1680.000 0.382
1681.000 0.381
1682.000 0.380
1683.000 0.376
1684.000 0.374
1685.000 0.376
1686.000 0.377
1687.000 0.377
1688.000 0.378
1689.000 0.380
1690.000 0.379
1691.000 0.378
1692.000 0.379
1693.000 0.381
1694.000 0.383
1695.000 0.386
1696.000 0.386
1697.000 0.383
1698.000 0.382
1699.000 0.381
1700.000 0.381
1701.000 0.382
1702.000 0.381
1703.000 0.380
1704.000 0.379
1705.000 0.377
1706.000 0.376
1707.000 0.377
1708.000 0.377
1709.000 0.376
1710.000 0.376
1711.000 0.375
1712.000 0.376
1713.000 0.377
1714.000 0.374
1715.000 0.376
1716.000 0.373
1717.000 0.369
1718.000 0.374
1719.000 0.375
1720.000 0.376
1721.000 0.376
1722.000 0.372
1723.000 0.366
1724.000 0.364
1725.000 0.366
1726.000 0.365
1727.000 0.364
1728.000 0.361
1729.000 0.354
1730.000 0.355
1731.000 0.357
1732.000 0.358
1733.000 0.362
1734.000 0.360
1735.000 0.357
1736.000 0.359
1737.000 0.358
1738.000 0.355
1739.000 0.355
1740.000 0.355
1741.000 0.356
1742.000 0.362
1743.000 0.363
1744.000 0.362
1745.000 0.361
1746.000 0.360
1747.000 0.359
1748.000 0.358
1749.000 0.358
1750.000 0.359
1751.000 0.359
1752.000 0.359
1753.000 0.357
1754.000 0.352
1755.000 0.348
1756.000 0.342
1757.000 0.340
1758.000 0.339
1759.000 0.339
1760.000 0.341
1761.000 0.343
1762.000 0.344
1763.000 0.342
1764.000 0.340
1765.000 0.342
1766.000 0.341
1767.000 0.349
1768.000 0.355
1769.000 0.350
1770.000 0.344
1771.000 0.333
1772.000 0.323
1773.000 0.313
1774.000 0.316
1775.000 0.321
1776.000 0.328
1777.000 0.350
1778.000 0.343
1779.000 0.324
1780.000 0.322
1781.000 0.310
1782.000 0.306
1783.000 0.321
1784.000 0.325
1785.000 0.325
1786.000 0.325
1787.000 0.321
1788.000 0.324
1789.000 0.321
1790.000 0.319
1791.000 0.314
1792.000 0.317
1793.000 0.342
1794.000 0.250
1795.000 0.271
1796.000 0.297
1797.000 0.382
1798.000 0.447
1799.000 0.434
1800.000 0.379
1801.000 0.443
1802.000 0.451
1803.000 0.465
1804.000 0.482
1805.000 0.452
1806.000 0.405
1807.000 0.434
1808.000 0.486
1809.000 0.485
1810.000 0.564
1811.000 0.549
1812.000 0.406
1813.000 0.362
1814.000 0.350
1815.000 0.361
1816.000 0.420
1817.000 0.527
1818.000 0.452
1819.000 0.377
1820.000 0.466
1821.000 0.349
1822.000 0.465
1823.000 0.455
1824.000 0.491
1825.000 0.453
1826.000 0.773
1827.000 0.638
1828.000 0.583
1829.000 0.546
1830.000 0.344
1831.000 0.379
1832.000 0.271
1833.000 0.188
1834.000 0.154
1835.000 0.120
1836.000 0.126
1837.000 0.311
1838.000 0.400
1839.000 0.644
1840.000 0.578
1841.000 0.459
1842.000 0.349
1843.000 0.372
1844.000 0.278
1845.000 0.211
1846.000 0.290
1847.000 0.281
1848.000 0.433
1849.000 0.520
1850.000 0.506
1851.000 0.514
1852.000 0.526
1853.000 0.618
1854.000 0.666
1855.000 0.670
1856.000 0.590
1857.000 0.547
1858.000 0.519
1859.000 0.561
1860.000 0.677
1861.000 0.539
1862.000 0.332
1863.000 0.424
1864.000 0.418
1865.000 0.426
1866.000 0.403
1867.000 0.444
1868.000 0.494
1869.000 0.528
1870.000 0.606
1871.000 0.626
1872.000 0.291
1873.000 0.339
1874.000 0.419
1875.000 0.304
1876.000 0.171
1877.000 0.475
1878.000 0.523
1879.000 0.648
1880.000 0.617
1881.000 0.574
1882.000 0.707
1883.000 0.680
1884.000 0.643
1885.000 0.558
1886.000 0.403
1887.000 0.142
1888.000 0.414
1889.000 0.371
1890.000 0.533
1891.000 0.187
1892.000 0.695
1893.000 0.665
1894.000 0.601
1895.000 0.513
1896.000 0.548
1897.000 0.579
1898.000 0.668
1899.000 0.673
1900.000 0.558
1901.000 0.568
1902.000 0.358
1903.000 0.513
1904.000 0.514
1905.000 0.538
1906.000 0.576
1907.000 0.501
1908.000 0.442
1909.000 0.735
1910.000 0.542
1911.000 0.393
1912.000 0.314
1913.000 0.273
1914.000 0.270
1915.000 0.343
1916.000 0.501
1917.000 0.644
1918.000 0.692
1919.000 0.603
1920.000 0.432
1921.000 0.329
1922.000 0.533
1923.000 0.603
1924.000 0.670
1925.000 0.520
1926.000 0.258
1927.000 0.252
1928.000 0.263
1929.000 0.399
1930.000 0.754
1931.000 0.644
1932.000 0.547
1933.000 0.396
1934.000 0.399
1935.000 0.357
1936.000 0.373
1937.000 0.403
1938.000 0.525
1939.000 0.485
1940.000 0.509
1941.000 0.458
1942.000 0.432
1943.000 0.320
1944.000 0.361
1945.000 0.514
1946.000 0.432
1947.000 0.587
1948.000 0.311
1949.000 0.376
1950.000 0.414
1951.000 0.679
1952.000 0.480
1953.000 0.389
1954.000 0.404
1955.000 0.449
1956.000 0.369
1957.000 0.491
1958.000 0.309
1959.000 0.239
1960.000 0.285
1961.000 0.240
1962.000 0.267
1963.000 0.211
1964.000 0.193
1965.000 0.156
1966.000 0.376
1967.000 0.431
1968.000 0.364
1969.000 0.341
1970.000 0.312
1971.000 0.295
1972.000 0.494
1973.000 0.502
1974.000 0.416
1975.000 0.383
1976.000 0.358
1977.000 0.357
1978.000 0.354
1979.000 0.351
1980.000 0.178
1981.000 0.351
1982.000 0.320
1983.000 0.319
1984.000 0.308
1985.000 0.229
1986.000 0.207
1987.000 0.258
1988.000 0.204
1989.000 0.304
1990.000 0.107
1991.000 0.100
1992.000 0.263
1993.000 0.332
1994.000 0.428
1995.000 0.451
1996.000 0.586
1997.000 0.236
1998.000 0.449
1999.000 0.400
2000.000 0.302
2001.000 0.233
2002.000 0.182
2003.000 0.163
2004.000 0.376
2005.000 0.299
2006.000 0.321
2007.000 0.348
2008.000 0.500
2009.000 0.212
2010.000 0.170
2011.000 0.339
2012.000 0.303
2013.000 0.315
2014.000 0.343
2015.000 0.368
2016.000 0.420
2017.000 0.425
2018.000 0.597
2019.000 0.403
2020.000 0.223
2021.000 0.262
2022.000 0.276
2023.000 0.321
2024.000 0.333
2025.000 0.371
2026.000 0.383
2027.000 0.353
2028.000 0.369
2029.000 0.311
2030.000 0.316
2031.000 0.314
2032.000 0.264
2033.000 0.305
2034.000 0.274
2035.000 0.285
2036.000 0.262
2037.000 0.305
2038.000 0.306
2039.000 0.312
2040.000 0.341
2041.000 0.401
2042.000 0.413
2043.000 0.455
2044.000 0.451
2045.000 0.285
2046.000 0.201
2047.000 0.208
2048.000 0.232
2049.000 0.271
2050.000 0.413
2051.000 0.391
2052.000 0.363
2053.000 0.263
2054.000 0.207
2055.000 0.232
2056.000 0.181
2057.000 0.203
2058.000 0.241
2059.000 0.288
2060.000 0.298
2061.000 0.314
2062.000 0.250
2063.000 0.216
2064.000 0.204
2065.000 0.178
2066.000 0.186
2067.000 0.257
2068.000 0.252
2069.000 0.282
2070.000 0.316
2071.000 0.239
2072.000 0.221
2073.000 0.219
2074.000 0.215
2075.000 0.225
2076.000 0.217
2077.000 0.293
2078.000 0.311
2079.000 0.272
2080.000 0.261
2081.000 0.178
2082.000 0.141
2083.000 0.177
2084.000 0.169
2085.000 0.215
2086.000 0.245
2087.000 0.260
2088.000 0.282
2089.000 0.271
2090.000 0.221
2091.000 0.227
2092.000 0.219
2093.000 0.213
2094.000 0.209
2095.000 0.205
2096.000 0.199
2097.000 0.205
2098.000 0.216
2099.000 0.238
2100.000 0.240
2101.000 0.262
2102.000 0.260
2103.000 0.269
2104.000 0.270
2105.000 0.272
2106.000 0.268
2107.000 0.267
2108.000 0.256
2109.000 0.273
2110.000 0.269
2111.000 0.225
2112.000 0.197
2113.000 0.207
2114.000 0.201
2115.000 0.217
2116.000 0.209
2117.000 0.240
2118.000 0.267
2119.000 0.244
2120.000 0.236
2121.000 0.241
2122.000 0.237
2123.000 0.234
2124.000 0.201
2125.000 0.205
2126.000 0.230
2127.000 0.220
2128.000 0.234
2129.000 0.238
2130.000 0.209
2131.000 0.201
2132.000 0.188
2133.000 0.196
2134.000 0.207
2135.000 0.208
2136.000 0.233
2137.000 0.212
2138.000 0.262
2139.000 0.289
2140.000 0.294
2141.000 0.257
2142.000 0.251
2143.000 0.261
2144.000 0.258
2145.000 0.257
2146.000 0.245
2147.000 0.256
2148.000 0.249
2149.000 0.235
2150.000 0.216
2151.000 0.208
2152.000 0.211
2153.000 0.261
2154.000 0.274
2155.000 0.287
2156.000 0.265
2157.000 0.266
2158.000 0.258
2159.000 0.307
2160.000 0.323
2161.000 0.281
2162.000 0.256
2163.000 0.234
2164.000 0.227
2165.000 0.209
2166.000 0.210
2167.000 0.213
2168.000 0.215
2169.000 0.216
2170.000 0.227
2171.000 0.227
2172.000 0.211
2173.000 0.217
2174.000 0.214
2175.000 0.216
2176.000 0.219
2177.000 0.239
2178.000 0.243
2179.000 0.223
2180.000 0.215
2181.000 0.228
2182.000 0.232
2183.000 0.266
2184.000 0.246
2185.000 0.267
2186.000 0.280
2187.000 0.307
2188.000 0.262
2189.000 0.262
2190.000 0.261
2191.000 0.247
2192.000 0.239
2193.000 0.244
2194.000 0.245
2195.000 0.271
2196.000 0.262
2197.000 0.257
2198.000 0.277
2199.000 0.293
2200.000 0.285
2201.000 0.307
2202.000 0.335
2203.000 0.271
2204.000 0.295
2205.000 0.283
2206.000 0.261
2207.000 0.252
2208.000 0.224
2209.000 0.217
2210.000 0.217
2211.000 0.217
2212.000 0.225
2213.000 0.234
2214.000 0.247
2215.000 0.249
2216.000 0.249
2217.000 0.250
2218.000 0.240
2219.000 0.236
2220.000 0.234
2221.000 0.239
2222.000 0.250
2223.000 0.253
2224.000 0.250
2225.000 0.247
2226.000 0.253
2227.000 0.239
2228.000 0.232
2229.000 0.242
2230.000 0.244
2231.000 0.233
2232.000 0.236
2233.000 0.246
2234.000 0.224
2235.000 0.219
2236.000 0.215
2237.000 0.238
2238.000 0.240
2239.000 0.235
2240.000 0.220
2241.000 0.213
2242.000 0.218
2243.000 0.230
2244.000 0.233
2245.000 0.246
2246.000 0.242
2247.000 0.214
2248.000 0.211
2249.000 0.218
2250.000 0.226
2251.000 0.253
2252.000 0.266
2253.000 0.287
2254.000 0.287
2255.000 0.285
2256.000 0.277
2257.000 0.262
2258.000 0.245
2259.000 0.235
2260.000 0.215
2261.000 0.203
2262.000 0.216
2263.000 0.244
2264.000 0.247
2265.000 0.242
2266.000 0.239
2267.000 0.225
2268.000 0.277
2269.000 0.269
2270.000 0.248
2271.000 0.236
2272.000 0.212
2273.000 0.215
2274.000 0.224
2275.000 0.244
2276.000 0.270
2277.000 0.289
2278.000 0.254
2279.000 0.226
2280.000 0.196
2281.000 0.171
2282.000 0.149
2283.000 0.144
2284.000 0.153
2285.000 0.172
2286.000 0.245
2287.000 0.258
2288.000 0.298
2289.000 0.307
2290.000 0.285
2291.000 0.275
2292.000 0.245
2293.000 0.234
2294.000 0.259
2295.000 0.240
2296.000 0.230
2297.000 0.258
2298.000 0.245
2299.000 0.222
2300.000 0.219
2301.000 0.186
2302.000 0.185
2303.000 0.161
2304.000 0.172
2305.000 0.162
2306.000 0.132
2307.000 0.176
2308.000 0.199
2309.000 0.162
2310.000 0.124
2311.000 0.145
2312.000 0.154
2313.000 0.195
2314.000 0.158
2315.000 0.180
2316.000 0.160
2317.000 0.244
2318.000 0.284
2319.000 0.327
2320.000 0.376
2321.000 0.330
2322.000 0.457
2323.000 0.490
2324.000 0.248
2325.000 0.469
2326.000 0.484
2327.000 0.402
2328.000 0.274
2329.000 0.358
2330.000 0.374
2331.000 0.382
2332.000 0.364
2333.000 0.224
2334.000 0.370
2335.000 0.203
2336.000 0.442
2337.000 0.407
2338.000 0.367
2339.000 0.333
2340.000 0.538
2341.000 0.304
2342.000 0.318
2343.000 0.148
2344.000 0.276
2345.000 0.197
2346.000 0.387
2347.000 0.250
2348.000 0.352
2349.000 0.542
2350.000 0.532
2351.000 0.383
2352.000 0.383
2353.000 0.396
2354.000 0.399
2355.000 0.399
2356.000 0.276
2357.000 0.223
2358.000 0.182
2359.000 0.193
2360.000 0.139
2361.000 0.112
2362.000 0.141
2363.000 0.224
2364.000 0.271
2365.000 0.396
2366.000 0.542
2367.000 0.479
2368.000 0.523
2369.000 0.399
2370.000 0.473
2371.000 0.298
2372.000 0.333
2373.000 0.310
2374.000 0.274
2375.000 0.460
2376.000 0.295
2377.000 0.211
2378.000 0.226
2379.000 0.261
2380.000 0.245
2381.000 0.275
2382.000 0.353
2383.000 0.140
2384.000 0.258
2385.000 0.337
2386.000 0.403
2387.000 0.286
2388.000 0.424
2389.000 0.523
2390.000 0.427
2391.000 0.273
2392.000 0.221
2393.000 0.465
2394.000 0.393
2395.000 0.312
2396.000 0.464
2397.000 0.543
2398.000 0.507
2399.000 0.317
2400.000 0.234
2401.000 0.395
2402.000 0.176
2403.000 0.313
2404.000 0.379
2405.000 0.438
2406.000 0.195
2407.000 0.364
2408.000 0.237
2409.000 0.368
2410.000 0.389
2411.000 0.420
2412.000 0.369
2413.000 0.446
2414.000 0.626
2415.000 0.304
2416.000 0.286
2417.000 0.364
2418.000 0.498
2419.000 0.445
2420.000 0.445
2421.000 0.424
2422.000 0.574
2423.000 0.442
2424.000 0.348
2425.000 0.375
2426.000 0.583
2427.000 0.321
2428.000 0.428
2429.000 0.507
2430.000 0.214
2431.000 0.321
2432.000 0.260
2433.000 0.232
2434.000 0.132
2435.000 0.166
2436.000 0.205
2437.000 0.273
2438.000 0.195
2439.000 0.298
2440.000 0.295
2441.000 0.253
2442.000 0.197
2443.000 0.166
2444.000 0.455
2445.000 0.461
2446.000 0.351
2447.000 0.220
2448.000 0.250
2449.000 0.334
2450.000 0.357
2451.000 0.346
2452.000 0.436
2453.000 0.483
2454.000 0.449
2455.000 0.264
2456.000 0.272
2457.000 0.324
2458.000 0.606
2459.000 0.752
2460.000 0.642
2461.000 0.489
2462.000 0.447
2463.000 0.479
2464.000 0.303
2465.000 0.278
2466.000 0.150
2467.000 0.194
2468.000 0.172
2469.000 0.243
2470.000 0.230
2471.000 0.198
2472.000 0.237
2473.000 0.277
2474.000 0.490
2475.000 0.741
2476.000 0.690
2477.000 0.678
2478.000 0.400
2479.000 0.460
2480.000 0.302
2481.000 0.486
2482.000 0.299
2483.000 0.370
2484.000 0.280
2485.000 0.419
2486.000 0.313
2487.000 0.121
2488.000 0.155
2489.000 0.142
2490.000 0.313
2491.000 0.564
2492.000 0.579
2493.000 0.391
2494.000 0.347
2495.000 0.222
2496.000 0.338
2497.000 0.329
2498.000 0.565
2499.000 0.490
2500.000 0.369
