391.000 0.049
392.000 0.035
393.000 0.016
394.000 0.023
395.000 0.033
396.000 0.036
397.000 0.036
398.000 0.045
399.000 0.038
400.000 0.038
401.000 0.053
402.000 0.052
403.000 0.046
404.000 0.043
405.000 0.042
406.000 0.042
407.000 0.047
408.000 0.050
409.000 0.045
410.000 0.045
411.000 0.047
412.000 0.048
413.000 0.047
414.000 0.048
415.000 0.049
416.000 0.051
417.000 0.051
418.000 0.052
419.000 0.056
420.000 0.061
421.000 0.057
422.000 0.054
423.000 0.055
424.000 0.055
425.000 0.052
426.000 0.050
427.000 0.053
428.000 0.056
429.000 0.052
430.000 0.048
431.000 0.056
432.000 0.057
433.000 0.058
434.000 0.062
435.000 0.060
436.000 0.059
437.000 0.058
438.000 0.056
439.000 0.059
440.000 0.062
441.000 0.061
442.000 0.056
443.000 0.058
444.000 0.062
445.000 0.063
446.000 0.062
447.000 0.060
448.000 0.061
449.000 0.064
450.000 0.062
451.000 0.061
452.000 0.064
453.000 0.066
454.000 0.065
455.000 0.064
456.000 0.064
457.000 0.064
458.000 0.064
459.000 0.064
460.000 0.065
461.000 0.066
462.000 0.066
463.000 0.064
464.000 0.063
465.000 0.063
466.000 0.065
467.000 0.067
468.000 0.066
469.000 0.067
470.000 0.070
471.000 0.072
472.000 0.066
473.000 0.065
474.000 0.069
475.000 0.070
476.000 0.070
477.000 0.070
478.000 0.071
479.000 0.073
480.000 0.073
481.000 0.074
482.000 0.074
483.000 0.073
484.000 0.073
485.000 0.075
486.000 0.075
487.000 0.074
488.000 0.073
489.000 0.072
490.000 0.073
491.000 0.077
492.000 0.078
493.000 0.074
494.000 0.077
495.000 0.079
496.000 0.078
497.000 0.077
498.000 0.076
499.000 0.076
500.000 0.078
501.000 0.083
502.000 0.084
503.000 0.082
504.000 0.085
505.000 0.080
506.000 0.076
507.000 0.079
508.000 0.081
509.000 0.081
510.000 0.080
511.000 0.080
512.000 0.080
513.000 0.081
514.000 0.082
515.000 0.083
516.000 0.083
517.000 0.083
518.000 0.084
519.000 0.083
520.000 0.084
521.000 0.085
522.000 0.085
523.000 0.084
524.000 0.085
525.000 0.088
526.000 0.087
527.000 0.085
528.000 0.085
529.000 0.088
530.000 0.087
531.000 0.086
532.000 0.087
533.000 0.087
534.000 0.088
535.000 0.089
536.000 0.088
537.000 0.088
538.000 0.089
539.000 0.090
540.000 0.091
541.000 0.090
542.000 0.091
543.000 0.091
544.000 0.091
545.000 0.092
546.000 0.092
547.000 0.092
548.000 0.093
549.000 0.092
550.000 0.092
551.000 0.093
552.000 0.093
553.000 0.094
554.000 0.093
555.000 0.095
556.000 0.096
557.000 0.097
558.000 0.098
559.000 0.096
560.000 0.096
561.000 0.098
562.000 0.098
563.000 0.098
564.000 0.098
565.000 0.099
566.000 0.100
567.000 0.100
568.000 0.100
569.000 0.102
570.000 0.101
571.000 0.101
572.000 0.103
573.000 0.104
574.000 0.104
575.000 0.105
576.000 0.105
577.000 0.106
578.000 0.107
579.000 0.107
580.000 0.108
581.000 0.107
582.000 0.107
583.000 0.109
584.000 0.109
585.000 0.111
586.000 0.115
587.000 0.114
588.000 0.114
589.000 0.113
590.000 0.113
591.000 0.113
592.000 0.114
593.000 0.115
594.000 0.114
595.000 0.116
596.000 0.117
597.000 0.118
598.000 0.118
599.000 0.119
600.000 0.118
601.000 0.118
602.000 0.119
603.000 0.121
604.000 0.122
605.000 0.122
606.000 0.123
607.000 0.124
608.000 0.125
609.000 0.125
610.000 0.126
611.000 0.127
612.000 0.127
613.000 0.127
614.000 0.129
615.000 0.132
616.000 0.132
617.000 0.133
618.000 0.134
619.000 0.137
620.000 0.137
621.000 0.135
622.000 0.134
623.000 0.138
624.000 0.138
625.000 0.140
626.000 0.143
627.000 0.142
628.000 0.143
629.000 0.144
630.000 0.144
631.000 0.144
632.000 0.145
633.000 0.147
634.000 0.147
635.000 0.148
636.000 0.148
637.000 0.149
638.000 0.149
639.000 0.152
640.000 0.156
641.000 0.157
642.000 0.159
643.000 0.159
644.000 0.158
645.000 0.160
646.000 0.161
647.000 0.163
648.000 0.167
649.000 0.167
650.000 0.167
651.000 0.167
652.000 0.168
653.000 0.170
654.000 0.172
655.000 0.172
656.000 0.175
657.000 0.176
658.000 0.176
659.000 0.178
660.000 0.182
661.000 0.185
662.000 0.186
663.000 0.184
664.000 0.186
665.000 0.189
666.000 0.192
667.000 0.193
668.000 0.195
669.000 0.198
670.000 0.200
671.000 0.200
672.000 0.202
673.000 0.205
674.000 0.200
675.000 0.202
676.000 0.207
677.000 0.208
678.000 0.210
679.000 0.210
680.000 0.210
681.000 0.211
682.000 0.210
683.000 0.211
684.000 0.215
685.000 0.211
686.000 0.211
687.000 0.211
688.000 0.208
689.000 0.205
690.000 0.201
691.000 0.198
692.000 0.195
693.000 0.192
694.000 0.188
695.000 0.185
696.000 0.181
697.000 0.179
698.000 0.177
699.000 0.174
700.000 0.173
701.000 0.172
702.000 0.170
703.000 0.169
704.000 0.168
705.000 0.167
706.000 0.165
707.000 0.166
708.000 0.166
709.000 0.165
710.000 0.165
711.000 0.166
712.000 0.166
713.000 0.166
714.000 0.166
715.000 0.166
716.000 0.166
717.000 0.166
718.000 0.166
719.000 0.166
720.000 0.166
721.000 0.166
722.000 0.168
723.000 0.168
724.000 0.169
725.000 0.169
726.000 0.170
727.000 0.170
728.000 0.171
729.000 0.171
730.000 0.172
731.000 0.173
732.000 0.174
733.000 0.175
734.000 0.176
735.000 0.177
736.000 0.178
737.000 0.179
738.000 0.180
739.000 0.181
740.000 0.182
741.000 0.182
742.000 0.183
743.000 0.184
744.000 0.185
745.000 0.186
746.000 0.187
747.000 0.187
748.000 0.188
749.000 0.189
750.000 0.189
751.000 0.190
752.000 0.191
753.000 0.191
754.000 0.192
755.000 0.193
756.000 0.194
757.000 0.195
758.000 0.195
759.000 0.195
760.000 0.194
761.000 0.193
762.000 0.193
763.000 0.194
764.000 0.195
765.000 0.197
766.000 0.199
767.000 0.200
768.000 0.201
769.000 0.202
770.000 0.202
771.000 0.203
772.000 0.204
773.000 0.205
774.000 0.206
775.000 0.206
776.000 0.207
777.000 0.208
778.000 0.208
779.000 0.209
780.000 0.210
781.000 0.210
782.000 0.211
783.000 0.212
784.000 0.212
785.000 0.213
786.000 0.213
787.000 0.213
788.000 0.214
789.000 0.214
790.000 0.215
791.000 0.216
792.000 0.216
793.000 0.217
794.000 0.217
795.000 0.218
796.000 0.219
797.000 0.220
798.000 0.220
799.000 0.220
800.000 0.221
801.000 0.222
802.000 0.222
803.000 0.223
804.000 0.223
805.000 0.224
806.000 0.225
807.000 0.225
808.000 0.226
809.000 0.226
810.000 0.226
811.000 0.227
812.000 0.227
813.000 0.227
814.000 0.227
815.000 0.227
816.000 0.227
817.000 0.227
818.000 0.228
819.000 0.229
820.000 0.230
821.000 0.231
822.000 0.232
823.000 0.232
824.000 0.233
825.000 0.234
826.000 0.234
827.000 0.235
828.000 0.236
829.000 0.236
830.000 0.237
831.000 0.238
832.000 0.238
833.000 0.239
834.000 0.240
835.000 0.240
836.000 0.242
837.000 0.243
838.000 0.243
839.000 0.244
840.000 0.245
841.000 0.245
842.000 0.246
843.000 0.246
844.000 0.247
845.000 0.248
846.000 0.249
847.000 0.249
848.000 0.250
849.000 0.250
850.000 0.251
851.000 0.251
852.000 0.251
853.000 0.252
854.000 0.252
855.000 0.253
856.000 0.253
857.000 0.254
858.000 0.254
859.000 0.255
860.000 0.255
861.000 0.256
862.000 0.256
863.000 0.257
864.000 0.257
865.000 0.258
866.000 0.258
867.000 0.259
868.000 0.259
869.000 0.259
870.000 0.260
871.000 0.261
872.000 0.261
873.000 0.261
874.000 0.262
875.000 0.262
876.000 0.263
877.000 0.263
878.000 0.264
879.000 0.264
880.000 0.265
881.000 0.265
882.000 0.265
883.000 0.266
884.000 0.266
885.000 0.267
886.000 0.268
887.000 0.268
888.000 0.268
889.000 0.268
890.000 0.269
891.000 0.269
892.000 0.269
893.000 0.269
894.000 0.269
895.000 0.269
896.000 0.268
897.000 0.268
898.000 0.268
899.000 0.268
900.000 0.269
901.000 0.269
902.000 0.269
903.000 0.269
904.000 0.271
905.000 0.271
906.000 0.271
907.000 0.271
908.000 0.271
909.000 0.272
910.000 0.272
911.000 0.271
912.000 0.272
913.000 0.272
914.000 0.272
915.000 0.273
916.000 0.273
917.000 0.275
918.000 0.275
919.000 0.276
920.000 0.277
921.000 0.278
922.000 0.277
923.000 0.278
924.000 0.278
925.000 0.277
926.000 0.277
927.000 0.276
928.000 0.275
929.000 0.275
930.000 0.275
931.000 0.273
932.000 0.270
933.000 0.268
934.000 0.268
935.000 0.269
936.000 0.269
937.000 0.267
938.000 0.267
939.000 0.268
940.000 0.267
941.000 0.271
942.000 0.272
943.000 0.270
944.000 0.271
945.000 0.272
946.000 0.272
947.000 0.272
948.000 0.270
949.000 0.271
950.000 0.272
951.000 0.275
952.000 0.276
953.000 0.278
954.000 0.278
955.000 0.276
956.000 0.275
957.000 0.275
958.000 0.277
959.000 0.279
960.000 0.281
961.000 0.282
962.000 0.282
963.000 0.283
964.000 0.285
965.000 0.284
966.000 0.286
967.000 0.288
968.000 0.288
969.000 0.290
970.000 0.290
971.000 0.289
972.000 0.292
973.000 0.291
974.000 0.291
975.000 0.293
976.000 0.293
977.000 0.293
978.000 0.294
979.000 0.294
980.000 0.294
981.000 0.295
982.000 0.296
983.000 0.296
984.000 0.294
985.000 0.295
986.000 0.297
987.000 0.299
988.000 0.302
989.000 0.300
990.000 0.300
991.000 0.301
992.000 0.301
993.000 0.301
994.000 0.302
995.000 0.304
996.000 0.304
997.000 0.305
998.000 0.306
999.000 0.305
1000.000 0.304
1001.000 0.308
1002.000 0.308
1003.000 0.309
1004.000 0.309
1005.000 0.308
1006.000 0.309
1007.000 0.310
1008.000 0.309
1009.000 0.310
1010.000 0.311
1011.000 0.311
1012.000 0.312
1013.000 0.312
1014.000 0.313
1015.000 0.314
1016.000 0.314
1017.000 0.314
1018.000 0.313
1019.000 0.314
1020.000 0.314
1021.000 0.315
1022.000 0.316
1023.000 0.317
1024.000 0.316
1025.000 0.317
1026.000 0.316
1027.000 0.317
1028.000 0.317
1029.000 0.317
1030.000 0.318
1031.000 0.319
1032.000 0.319
1033.000 0.320
1034.000 0.321
1035.000 0.321
1036.000 0.321
1037.000 0.320
1038.000 0.320
1039.000 0.319
1040.000 0.318
1041.000 0.319
1042.000 0.320
1043.000 0.321
1044.000 0.323
1045.000 0.324
1046.000 0.324
1047.000 0.324
1048.000 0.323
1049.000 0.323
1050.000 0.323
1051.000 0.324
1052.000 0.324
1053.000 0.324
1054.000 0.325
1055.000 0.325
1056.000 0.324
1057.000 0.325
1058.000 0.326
1059.000 0.327
1060.000 0.328
1061.000 0.328
1062.000 0.328
1063.000 0.327
1064.000 0.327
1065.000 0.328
1066.000 0.328
1067.000 0.328
1068.000 0.328
1069.000 0.329
1070.000 0.329
1071.000 0.329
1072.000 0.329
1073.000 0.329
1074.000 0.329
1075.000 0.329
1076.000 0.329
1077.000 0.328
1078.000 0.329
1079.000 0.328
1080.000 0.328
1081.000 0.329
1082.000 0.331
1083.000 0.331
1084.000 0.331
1085.000 0.331
1086.000 0.331
1087.000 0.332
1088.000 0.332
1089.000 0.332
1090.000 0.332
1091.000 0.331
1092.000 0.331
1093.000 0.332
1094.000 0.332
1095.000 0.332
1096.000 0.332
1097.000 0.331
1098.000 0.331
1099.000 0.331
1100.000 0.330
1101.000 0.329
1102.000 0.328
1103.000 0.327
1104.000 0.327
1105.000 0.327
1106.000 0.327
1107.000 0.327
1108.000 0.327
1109.000 0.327
1110.000 0.327
1111.000 0.326
1112.000 0.325
1113.000 0.325
1114.000 0.325
1115.000 0.324
1116.000 0.323
1117.000 0.322
1118.000 0.321
1119.000 0.319
1120.000 0.318
1121.000 0.316
1122.000 0.316
1123.000 0.316
1124.000 0.320
1125.000 0.321
1126.000 0.320
1127.000 0.319
1128.000 0.316
1129.000 0.313
1130.000 0.313
1131.000 0.313
1132.000 0.314
1133.000 0.318
1134.000 0.320
1135.000 0.322
1136.000 0.325
1137.000 0.323
1138.000 0.324
1139.000 0.325
1140.000 0.324
1141.000 0.322
1142.000 0.321
1143.000 0.318
1144.000 0.318
1145.000 0.320
1146.000 0.321
1147.000 0.322
1148.000 0.321
1149.000 0.321
1150.000 0.324
1151.000 0.325
1152.000 0.329
1153.000 0.331
1154.000 0.331
1155.000 0.331
1156.000 0.329
1157.000 0.330
1158.000 0.332
1159.000 0.333
1160.000 0.335
1161.000 0.336
1162.000 0.337
1163.000 0.336
1164.000 0.336
1165.000 0.336
1166.000 0.335
1167.000 0.334
1168.000 0.334
1169.000 0.335
1170.000 0.336
1171.000 0.337
1172.000 0.338
1173.000 0.338
1174.000 0.339
1175.000 0.339
1176.000 0.340
1177.000 0.340
1178.000 0.339
1179.000 0.338
1180.000 0.338
1181.000 0.337
1182.000 0.337
1183.000 0.338
1184.000 0.339
1185.000 0.340
1186.000 0.340
1187.000 0.341
1188.000 0.341
1189.000 0.341
1190.000 0.341
1191.000 0.342
1192.000 0.343
1193.000 0.344
1194.000 0.343
1195.000 0.343
1196.000 0.343
1197.000 0.342
1198.000 0.342
1199.000 0.342
1200.000 0.342
1201.000 0.342
1202.000 0.344
1203.000 0.344
1204.000 0.345
1205.000 0.346
1206.000 0.346
1207.000 0.346
1208.000 0.347
1209.000 0.347
1210.000 0.347
1211.000 0.347
1212.000 0.347
1213.000 0.348
1214.000 0.349
1215.000 0.349
1216.000 0.349
1217.000 0.350
1218.000 0.350
1219.000 0.351
1220.000 0.351
1221.000 0.352
1222.000 0.352
1223.000 0.353
1224.000 0.353
1225.000 0.353
1226.000 0.353
1227.000 0.354
1228.000 0.354
1229.000 0.354
1230.000 0.355
1231.000 0.355
1232.000 0.355
1233.000 0.356
1234.000 0.358
1235.000 0.358
1236.000 0.358
1237.000 0.359
1238.000 0.359
1239.000 0.360
1240.000 0.360
1241.000 0.361
1242.000 0.361
1243.000 0.361
1244.000 0.361
1245.000 0.362
1246.000 0.362
1247.000 0.362
1248.000 0.362
1249.000 0.362
1250.000 0.362
1251.000 0.362
1252.000 0.363
1253.000 0.363
1254.000 0.363
1255.000 0.363
1256.000 0.364
1257.000 0.364
1258.000 0.364
1259.000 0.364
1260.000 0.364
1261.000 0.363
1262.000 0.362
1263.000 0.362
1264.000 0.362
1265.000 0.364
1266.000 0.364
1267.000 0.365
1268.000 0.366
1269.000 0.366
1270.000 0.365
1271.000 0.365
1272.000 0.366
1273.000 0.366
1274.000 0.367
1275.000 0.368
1276.000 0.368
1277.000 0.368
1278.000 0.369
1279.000 0.369
1280.000 0.369
1281.000 0.369
1282.000 0.369
1283.000 0.370
1284.000 0.370
1285.000 0.371
1286.000 0.371
1287.000 0.370
1288.000 0.371
1289.000 0.370
1290.000 0.371
1291.000 0.371
1292.000 0.370
1293.000 0.370
1294.000 0.369
1295.000 0.369
1296.000 0.369
1297.000 0.370
1298.000 0.370
1299.000 0.369
1300.000 0.369
1301.000 0.369
1302.000 0.369
1303.000 0.368
1304.000 0.368
1305.000 0.368
1306.000 0.368
1307.000 0.368
1308.000 0.369
1309.000 0.368
1310.000 0.368
1311.000 0.367
1312.000 0.367
1313.000 0.366
1314.000 0.367
1315.000 0.368
1316.000 0.368
1317.000 0.368
1318.000 0.367
1319.000 0.366
1320.000 0.365
1321.000 0.365
1322.000 0.365
1323.000 0.364
1324.000 0.364
1325.000 0.363
1326.000 0.359
1327.000 0.359
1328.000 0.360
1329.000 0.361
1330.000 0.362
1331.000 0.362
1332.000 0.358
1333.000 0.357
1334.000 0.355
1335.000 0.354
1336.000 0.355
1337.000 0.354
1338.000 0.353
1339.000 0.352
1340.000 0.352
1341.000 0.351
1342.000 0.348
1343.000 0.347
1344.000 0.348
1345.000 0.349
1346.000 0.354
1347.000 0.358
1348.000 0.359
1349.000 0.349
1350.000 0.347
1351.000 0.339
1352.000 0.342
1353.000 0.334
1354.000 0.353
1355.000 0.359
1356.000 0.352
1357.000 0.399
1358.000 0.405
1359.000 0.295
1360.000 0.330
1361.000 0.301
1362.000 0.313
1363.000 0.445
1364.000 0.563
1365.000 0.352
1366.000 0.332
1367.000 0.475
1368.000 0.378
1369.000 0.483
1370.000 0.445
1371.000 0.278
1372.000 0.257
1373.000 0.340
1374.000 0.329
1375.000 0.222
1376.000 0.232
1377.000 0.169
1378.000 0.196
1379.000 0.273
1380.000 0.490
1381.000 0.566
1382.000 0.545
1383.000 0.564
1384.000 0.573
1385.000 0.378
1386.000 0.267
1387.000 0.265
1388.000 0.267
1389.000 0.291
1390.000 0.314
1391.000 0.377
1392.000 0.357
1393.000 0.358
1394.000 0.355
1395.000 0.337
1396.000 0.701
1397.000 0.613
1398.000 0.549
1399.000 0.686
1400.000 0.609
1401.000 0.368
1402.000 0.328
1403.000 0.223
1404.000 0.227
1405.000 0.219
1406.000 0.265
1407.000 0.257
1408.000 0.159
1409.000 0.272
1410.000 0.310
1411.000 0.302
1412.000 0.302
1413.000 0.439
1414.000 0.398
1415.000 0.216
1416.000 0.197
1417.000 0.175
1418.000 0.187
1419.000 0.218
1420.000 0.219
1421.000 0.275
1422.000 0.267
1423.000 0.323
1424.000 0.338
1425.000 0.511
1426.000 0.512
1427.000 0.324
1428.000 0.298
1429.000 0.343
1430.000 0.330
1431.000 0.400
1432.000 0.443
1433.000 0.460
1434.000 0.382
1435.000 0.347
1436.000 0.357
1437.000 0.319
1438.000 0.300
1439.000 0.280
1440.000 0.270
1441.000 0.276
1442.000 0.280
1443.000 0.288
1444.000 0.299
1445.000 0.316
1446.000 0.321
1447.000 0.338
1448.000 0.326
1449.000 0.299
1450.000 0.289
1451.000 0.279
1452.000 0.277
1453.000 0.286
1454.000 0.294
1455.000 0.296
1456.000 0.313
1457.000 0.302
1458.000 0.271
1459.000 0.262
1460.000 0.260
1461.000 0.263
1462.000 0.280
1463.000 0.281
1464.000 0.279
1465.000 0.278
1466.000 0.261
1467.000 0.257
1468.000 0.258
1469.000 0.258
1470.000 0.256
1471.000 0.261
1472.000 0.270
1473.000 0.275
1474.000 0.285
1475.000 0.288
1476.000 0.281
1477.000 0.277
1478.000 0.275
1479.000 0.274
1480.000 0.265
1481.000 0.267
1482.000 0.269
1483.000 0.278
1484.000 0.301
1485.000 0.309
1486.000 0.315
1487.000 0.317
1488.000 0.311
1489.000 0.304
1490.000 0.297
1491.000 0.293
1492.000 0.280
1493.000 0.279
1494.000 0.291
1495.000 0.296
1496.000 0.307
1497.000 0.310
1498.000 0.305
1499.000 0.297
1500.000 0.296
1501.000 0.295
1502.000 0.300
1503.000 0.307
1504.000 0.307
1505.000 0.308
1506.000 0.304
1507.000 0.296
1508.000 0.294
1509.000 0.294
1510.000 0.294
1511.000 0.296
1512.000 0.296
1513.000 0.297
1514.000 0.296
1515.000 0.294
1516.000 0.295
1517.000 0.296
1518.000 0.297
1519.000 0.304
1520.000 0.306
1521.000 0.305
1522.000 0.306
1523.000 0.305
1524.000 0.306
1525.000 0.310
1526.000 0.311
1527.000 0.311
1528.000 0.311
1529.000 0.309
1530.000 0.308
1531.000 0.309
1532.000 0.309
1533.000 0.310
1534.000 0.310
1535.000 0.311
1536.000 0.311
1537.000 0.309
1538.000 0.309
1539.000 0.311
1540.000 0.313
1541.000 0.317
1542.000 0.318
1543.000 0.317
1544.000 0.317
1545.000 0.317
1546.000 0.317
1547.000 0.317
1548.000 0.317
1549.000 0.318
1550.000 0.318
1551.000 0.317
1552.000 0.317
1553.000 0.317
1554.000 0.317
1555.000 0.319
1556.000 0.319
1557.000 0.320
1558.000 0.320
1559.000 0.318
1560.000 0.317
1561.000 0.315
1562.000 0.314
1563.000 0.312
1564.000 0.312
1565.000 0.310
1566.000 0.311
1567.000 0.312
1568.000 0.313
1569.000 0.316
1570.000 0.317
1571.000 0.316
1572.000 0.317
1573.000 0.317
1574.000 0.318
1575.000 0.320
1576.000 0.321
1577.000 0.322
1578.000 0.322
1579.000 0.325
1580.000 0.325
1581.000 0.324
1582.000 0.324
1583.000 0.323
1584.000 0.324
1585.000 0.326
1586.000 0.328
1587.000 0.330
1588.000 0.332
1589.000 0.332
1590.000 0.331
1591.000 0.330
1592.000 0.328
1593.000 0.326
1594.000 0.325
1595.000 0.326
1596.000 0.327
1597.000 0.328
1598.000 0.328
1599.000 0.327
1600.000 0.328
1601.000 0.330
1602.000 0.331
1603.000 0.335
1604.000 0.336
1605.000 0.333
1606.000 0.332
1607.000 0.332
1608.000 0.332
1609.000 0.335
1610.000 0.335
1611.000 0.333
1612.000 0.333
1613.000 0.335
1614.000 0.336
1615.000 0.336
1616.000 0.337
1617.000 0.334
1618.000 0.333
1619.000 0.331
1620.000 0.331
1621.000 0.331
1622.000 0.331
1623.000 0.332
1624.000 0.333
1625.000 0.335
1626.000 0.336
1627.000 0.337
1628.000 0.337
1629.000 0.337
1630.000 0.336
1631.000 0.338
1632.000 0.339
1633.000 0.340
1634.000 0.339
1635.000 0.336
1636.000 0.335
1637.000 0.331
1638.000 0.330
1639.000 0.331
1640.000 0.332
1641.000 0.334
1642.000 0.335
1643.000 0.336
1644.000 0.336
1645.000 0.334
1646.000 0.334
1647.000 0.335
1648.000 0.334
1649.000 0.334
1650.000 0.334
1651.000 0.336
1652.000 0.335
1653.000 0.332
1654.000 0.331
1655.000 0.327
1656.000 0.325
1657.000 0.325
1658.000 0.325
1659.000 0.325
1660.000 0.325
1661.000 0.325
1662.000 0.324
1663.000 0.323
1664.000 0.322
1665.000 0.322
1666.000 0.323
1667.000 0.325
1668.000 0.326
1669.000 0.327
1670.000 0.328
1671.000 0.327
1672.000 0.327
1673.000 0.328
1674.000 0.328
1675.000 0.325
1676.000 0.326
1677.000 0.327
1678.000 0.327
1679.000 0.330
1680.000 0.330
1681.000 0.324
1682.000 0.323
1683.000 0.322
1684.000 0.321
1685.000 0.324
1686.000 0.325
1687.000 0.326
1688.000 0.325
1689.000 0.325
1690.000 0.323
1691.000 0.321
1692.000 0.320
1693.000 0.320
1694.000 0.320
1695.000 0.321
1696.000 0.322
1697.000 0.324
1698.000 0.324
1699.000 0.321
1700.000 0.320
1701.000 0.316
1702.000 0.316
1703.000 0.320
1704.000 0.321
1705.000 0.326
1706.000 0.326
1707.000 0.322
1708.000 0.321
1709.000 0.319
1710.000 0.318
1711.000 0.321
1712.000 0.321
1713.000 0.320
1714.000 0.321
1715.000 0.320
1716.000 0.320
1717.000 0.319
1718.000 0.317
1719.000 0.316
1720.000 0.316
1721.000 0.316
1722.000 0.316
1723.000 0.318
1724.000 0.318
1725.000 0.319
1726.000 0.319
1727.000 0.320
1728.000 0.321
1729.000 0.320
1730.000 0.322
1731.000 0.323
1732.000 0.319
1733.000 0.319
1734.000 0.318
1735.000 0.315
1736.000 0.315
1737.000 0.315
1738.000 0.317
1739.000 0.317
1740.000 0.319
1741.000 0.319
1742.000 0.316
1743.000 0.316
1744.000 0.321
1745.000 0.321
1746.000 0.322
1747.000 0.321
1748.000 0.315
1749.000 0.313
1750.000 0.313
1751.000 0.315
1752.000 0.317
1753.000 0.322
1754.000 0.333
1755.000 0.333
1756.000 0.330
1757.000 0.327
1758.000 0.313
1759.000 0.312
1760.000 0.311
1761.000 0.314
1762.000 0.317
1763.000 0.318
1764.000 0.323
1765.000 0.324
1766.000 0.321
1767.000 0.320
1768.000 0.317
1769.000 0.314
1770.000 0.307
1771.000 0.301
1772.000 0.303
1773.000 0.309
1774.000 0.316
1775.000 0.318
1776.000 0.315
1777.000 0.306
1778.000 0.305
1779.000 0.306
1780.000 0.307
1781.000 0.314
1782.000 0.311
1783.000 0.308
1784.000 0.312
1785.000 0.309
1786.000 0.309
1787.000 0.317
1788.000 0.319
1789.000 0.311
1790.000 0.312
1791.000 0.319
1792.000 0.328
1793.000 0.348
1794.000 0.361
1795.000 0.357
1796.000 0.346
1797.000 0.327
1798.000 0.319
1799.000 0.308
1800.000 0.290
1801.000 0.448
1802.000 0.459
1803.000 0.444
1804.000 0.409
1805.000 0.415
1806.000 0.486
1807.000 0.471
1808.000 0.562
1809.000 0.613
1810.000 0.544
1811.000 0.585
1812.000 0.551
1813.000 0.549
1814.000 0.582
1815.000 0.593
1816.000 0.618
1817.000 0.651
1818.000 0.647
1819.000 0.613
1820.000 0.505
1821.000 0.394
1822.000 0.426
1823.000 0.447
1824.000 0.493
1825.000 0.538
1826.000 0.590
1827.000 0.602
1828.000 0.541
1829.000 0.524
1830.000 0.517
1831.000 0.529
1832.000 0.539
1833.000 0.552
1834.000 0.552
1835.000 0.560
1836.000 0.581
1837.000 0.620
1838.000 0.641
1839.000 0.695
1840.000 0.708
1841.000 0.725
1842.000 0.672
1843.000 0.600
1844.000 0.616
1845.000 0.603
1846.000 0.712
1847.000 0.801
1848.000 0.548
1849.000 0.613
1850.000 0.435
1851.000 0.355
1852.000 0.322
1853.000 0.318
1854.000 0.289
1855.000 0.316
1856.000 0.370
1857.000 0.427
1858.000 0.436
1859.000 0.520
1860.000 0.509
1861.000 0.471
1862.000 0.438
1863.000 0.345
1864.000 0.291
1865.000 0.281
1866.000 0.258
1867.000 0.190
1868.000 0.231
1869.000 0.272
1870.000 0.261
1871.000 0.317
1872.000 0.399
1873.000 0.437
1874.000 0.450
1875.000 0.525
1876.000 0.488
1877.000 0.524
1878.000 0.465
1879.000 0.482
1880.000 0.520
1881.000 0.547
1882.000 0.640
1883.000 0.786
1884.000 0.594
1885.000 0.620
1886.000 0.586
1887.000 0.549
1888.000 0.512
1889.000 0.320
1890.000 0.354
1891.000 0.388
1892.000 0.401
1893.000 0.482
1894.000 0.519
1895.000 0.413
1896.000 0.381
1897.000 0.350
1898.000 0.668
1899.000 0.667
1900.000 0.637
1901.000 0.517
1902.000 0.435
1903.000 0.377
1904.000 0.338
1905.000 0.291
1906.000 0.673
1907.000 0.579
1908.000 0.469
1909.000 0.595
1910.000 0.546
1911.000 0.472
1912.000 0.473
1913.000 0.433
1914.000 0.463
1915.000 0.513
1916.000 0.536
1917.000 0.680
1918.000 0.588
1919.000 0.457
1920.000 0.549
1921.000 0.643
1922.000 0.734
1923.000 0.580
1924.000 0.524
1925.000 0.608
1926.000 0.684
1927.000 0.760
1928.000 0.725
1929.000 0.686
1930.000 0.629
1931.000 0.581
1932.000 0.684
1933.000 0.564
1934.000 0.538
1935.000 0.523
1936.000 0.620
1937.000 0.610
1938.000 0.492
1939.000 0.512
1940.000 0.535
1941.000 0.645
1942.000 0.597
1943.000 0.597
1944.000 0.588
1945.000 0.594
1946.000 0.588
1947.000 0.564
1948.000 0.362
1949.000 0.394
1950.000 0.603
1951.000 0.658
1952.000 0.499
1953.000 0.513
1954.000 0.461
1955.000 0.548
1956.000 0.502
1957.000 0.467
1958.000 0.412
1959.000 0.396
1960.000 0.439
1961.000 0.416
1962.000 0.412
1963.000 0.455
1964.000 0.432
1965.000 0.437
1966.000 0.454
1967.000 0.473
1968.000 0.423
1969.000 0.314
1970.000 0.346
1971.000 0.401
1972.000 0.427
1973.000 0.538
1974.000 0.570
1975.000 0.606
1976.000 0.515
1977.000 0.470
1978.000 0.415
1979.000 0.325
1980.000 0.301
1981.000 0.306
1982.000 0.315
1983.000 0.343
1984.000 0.359
1985.000 0.371
1986.000 0.354
1987.000 0.348
1988.000 0.355
1989.000 0.350
1990.000 0.345
1991.000 0.361
1992.000 0.364
1993.000 0.350
1994.000 0.338
1995.000 0.330
1996.000 0.343
1997.000 0.321
1998.000 0.292
1999.000 0.276
2000.000 0.257
2001.000 0.252
2002.000 0.288
2003.000 0.340
2004.000 0.383
2005.000 0.432
2006.000 0.460
2007.000 0.414
2008.000 0.405
2009.000 0.527
2010.000 0.493
2011.000 0.501
2012.000 0.467
2013.000 0.463
2014.000 0.440
2015.000 0.454
2016.000 0.442
2017.000 0.425
2018.000 0.398
2019.000 0.368
2020.000 0.348
2021.000 0.353
2022.000 0.342
2023.000 0.349
2024.000 0.388
2025.000 0.403
2026.000 0.392
2027.000 0.398
2028.000 0.434
2029.000 0.423
2030.000 0.382
2031.000 0.370
2032.000 0.358
2033.000 0.340
2034.000 0.329
2035.000 0.328
2036.000 0.308
2037.000 0.287
2038.000 0.298
2039.000 0.298
2040.000 0.319
2041.000 0.341
2042.000 0.331
2043.000 0.306
2044.000 0.298
2045.000 0.280
2046.000 0.277
2047.000 0.292
2048.000 0.294
2049.000 0.301
2050.000 0.288
2051.000 0.284
2052.000 0.277
2053.000 0.269
2054.000 0.284
2055.000 0.297
2056.000 0.323
2057.000 0.336
2058.000 0.359
2059.000 0.360
2060.000 0.324
2061.000 0.320
2062.000 0.328
2063.000 0.339
2064.000 0.344
2065.000 0.346
2066.000 0.358
2067.000 0.356
2068.000 0.332
2069.000 0.323
2070.000 0.337
2071.000 0.337
2072.000 0.354
2073.000 0.352
2074.000 0.360
2075.000 0.369
2076.000 0.365
2077.000 0.345
2078.000 0.328
2079.000 0.297
2080.000 0.287
2081.000 0.274
2082.000 0.287
2083.000 0.319
2084.000 0.353
2085.000 0.371
2086.000 0.381
2087.000 0.357
2088.000 0.333
2089.000 0.321
2090.000 0.314
2091.000 0.313
2092.000 0.304
2093.000 0.292
2094.000 0.268
2095.000 0.259
2096.000 0.256
2097.000 0.263
2098.000 0.276
2099.000 0.299
2100.000 0.338
2101.000 0.345
2102.000 0.350
2103.000 0.360
2104.000 0.355
2105.000 0.342
2106.000 0.328
2107.000 0.298
2108.000 0.286
2109.000 0.276
2110.000 0.273
2111.000 0.278
2112.000 0.280
2113.000 0.286
2114.000 0.291
2115.000 0.300
2116.000 0.303
2117.000 0.292
2118.000 0.300
2119.000 0.302
2120.000 0.290
2121.000 0.292
2122.000 0.289
2123.000 0.291
2124.000 0.296
2125.000 0.303
2126.000 0.323
2127.000 0.325
2128.000 0.318
2129.000 0.307
2130.000 0.278
2131.000 0.266
2132.000 0.254
2133.000 0.250
2134.000 0.268
2135.000 0.276
2136.000 0.281
2137.000 0.290
2138.000 0.281
2139.000 0.272
2140.000 0.281
2141.000 0.292
2142.000 0.299
2143.000 0.313
2144.000 0.318
2145.000 0.319
2146.000 0.315
2147.000 0.306
2148.000 0.297
2149.000 0.279
2150.000 0.273
2151.000 0.272
2152.000 0.273
2153.000 0.296
2154.000 0.301
2155.000 0.294
2156.000 0.286
2157.000 0.279
2158.000 0.273
2159.000 0.278
2160.000 0.290
2161.000 0.296
2162.000 0.303
2163.000 0.300
2164.000 0.290
2165.000 0.276
2166.000 0.253
2167.000 0.255
2168.000 0.260
2169.000 0.268
2170.000 0.291
2171.000 0.304
2172.000 0.315
2173.000 0.321
2174.000 0.307
2175.000 0.302
2176.000 0.288
2177.000 0.290
2178.000 0.290
2179.000 0.294
2180.000 0.317
2181.000 0.332
2182.000 0.342
2183.000 0.335
2184.000 0.329
2185.000 0.318
2186.000 0.304
2187.000 0.291
2188.000 0.285
2189.000 0.281
2190.000 0.278
2191.000 0.279
2192.000 0.281
2193.000 0.285
2194.000 0.289
2195.000 0.299
2196.000 0.298
2197.000 0.285
2198.000 0.281
2199.000 0.269
2200.000 0.270
2201.000 0.284
2202.000 0.286
2203.000 0.286
2204.000 0.303
2205.000 0.313
2206.000 0.311
2207.000 0.318
2208.000 0.311
2209.000 0.307
2210.000 0.297
2211.000 0.306
2212.000 0.333
2213.000 0.344
2214.000 0.365
2215.000 0.363
2216.000 0.337
2217.000 0.319
2218.000 0.298
2219.000 0.286
2220.000 0.272
2221.000 0.267
2222.000 0.272
2223.000 0.275
2224.000 0.281
2225.000 0.288
2226.000 0.297
2227.000 0.307
2228.000 0.318
2229.000 0.318
2230.000 0.301
2231.000 0.280
2232.000 0.269
2233.000 0.276
2234.000 0.284
2235.000 0.293
2236.000 0.293
2237.000 0.274
2238.000 0.271
2239.000 0.258
2240.000 0.260
2241.000 0.281
2242.000 0.291
2243.000 0.310
2244.000 0.315
2245.000 0.303
2246.000 0.303
2247.000 0.286
2248.000 0.293
2249.000 0.304
2250.000 0.300
2251.000 0.281
2252.000 0.278
2253.000 0.276
2254.000 0.274
2255.000 0.285
2256.000 0.286
2257.000 0.277
2258.000 0.272
2259.000 0.267
2260.000 0.253
2261.000 0.263
2262.000 0.287
2263.000 0.296
2264.000 0.306
2265.000 0.294
2266.000 0.255
2267.000 0.227
2268.000 0.228
2269.000 0.239
2270.000 0.265
2271.000 0.281
2272.000 0.268
2273.000 0.269
2274.000 0.248
2275.000 0.256
2276.000 0.303
2277.000 0.309
2278.000 0.315
2279.000 0.320
2280.000 0.296
2281.000 0.290
2282.000 0.319
2283.000 0.298
2284.000 0.286
2285.000 0.283
2286.000 0.261
2287.000 0.241
2288.000 0.238
2289.000 0.231
2290.000 0.208
2291.000 0.201
2292.000 0.223
2293.000 0.223
2294.000 0.210
2295.000 0.213
2296.000 0.220
2297.000 0.231
2298.000 0.233
2299.000 0.258
2300.000 0.289
2301.000 0.278
2302.000 0.255
2303.000 0.247
2304.000 0.245
2305.000 0.256
2306.000 0.248
2307.000 0.229
2308.000 0.195
2309.000 0.213
2310.000 0.211
2311.000 0.264
2312.000 0.342
2313.000 0.309
2314.000 0.309
2315.000 0.292
2316.000 0.242
2317.000 0.322
2318.000 0.393
2319.000 0.293
2320.000 0.308
2321.000 0.302
2322.000 0.271
2323.000 0.248
2324.000 0.222
2325.000 0.205
2326.000 0.205
2327.000 0.231
2328.000 0.230
2329.000 0.251
2330.000 0.223
2331.000 0.181
2332.000 0.193
2333.000 0.264
2334.000 0.280
2335.000 0.306
2336.000 0.295
2337.000 0.245
2338.000 0.238
2339.000 0.304
2340.000 0.329
2341.000 0.380
2342.000 0.357
2343.000 0.285
2344.000 0.250
2345.000 0.223
2346.000 0.196
2347.000 0.178
2348.000 0.222
2349.000 0.307
2350.000 0.285
2351.000 0.278
2352.000 0.261
2353.000 0.232
2354.000 0.201
2355.000 0.207
2356.000 0.211
2357.000 0.220
2358.000 0.215
2359.000 0.246
2360.000 0.288
2361.000 0.315
2362.000 0.260
2363.000 0.338
2364.000 0.345
2365.000 0.365
2366.000 0.379
2367.000 0.340
2368.000 0.302
2369.000 0.313
2370.000 0.321
2371.000 0.370
2372.000 0.301
2373.000 0.302
2374.000 0.305
2375.000 0.308
2376.000 0.338
2377.000 0.490
2378.000 0.510
2379.000 0.367
2380.000 0.428
2381.000 0.583
2382.000 0.187
2383.000 0.292
2384.000 0.275
2385.000 0.596
2386.000 0.547
2387.000 0.554
2388.000 0.462
2389.000 0.464
2390.000 0.517
2391.000 0.499
2392.000 0.393
2393.000 0.243
2394.000 0.414
2395.000 0.255
2396.000 0.247
2397.000 0.134
2398.000 0.165
2399.000 0.248
2400.000 0.268
2401.000 0.295
2402.000 0.540
2403.000 0.535
2404.000 0.510
2405.000 0.418
2406.000 0.325
2407.000 0.562
2408.000 0.719
2409.000 0.720
2410.000 0.625
2411.000 0.381
2412.000 0.411
2413.000 0.450
2414.000 0.326
2415.000 0.324
2416.000 0.642
2417.000 0.544
2418.000 0.452
2419.000 0.348
2420.000 0.342
2421.000 0.435
2422.000 0.736
2423.000 0.678
2424.000 0.611
2425.000 0.549
2426.000 0.531
2427.000 0.410
2428.000 0.351
2429.000 0.471
2430.000 0.353
2431.000 0.332
2432.000 0.580
2433.000 0.845
2434.000 0.395
2435.000 0.287
2436.000 0.610
2437.000 0.483
2438.000 0.330
2439.000 0.281
2440.000 0.308
2441.000 0.344
2442.000 0.228
2443.000 0.249
2444.000 0.384
2445.000 0.713
2446.000 0.454
2447.000 0.262
2448.000 0.271
2449.000 0.432
2450.000 0.484
2451.000 0.557
2452.000 0.513
2453.000 0.386
2454.000 0.464
2455.000 0.438
2456.000 0.495
2457.000 0.607
2458.000 0.653
2459.000 0.609
2460.000 0.710
2461.000 0.509
2462.000 0.339
2463.000 0.384
2464.000 0.313
2465.000 0.753
2466.000 0.272
2467.000 0.422
2468.000 0.843
2469.000 0.481
2470.000 0.319
2471.000 0.534
2472.000 0.431
2473.000 0.481
2474.000 0.462
2475.000 0.448
2476.000 0.493
2477.000 0.316
2478.000 0.624
2479.000 0.559
2480.000 0.383
2481.000 0.180
2482.000 0.387
2483.000 0.445
2484.000 0.756
2485.000 0.439
2486.000 0.551
2487.000 0.410
2488.000 0.447
2489.000 0.524
2490.000 0.576
2491.000 0.364
2492.000 0.263
2493.000 0.393
2494.000 0.549
2495.000 0.341
2496.000 0.413
2497.000 0.452
2498.000 0.444
2499.000 0.461
2500.000 0.373
