391.000 0.015
392.000 0.017
393.000 0.015
394.000 0.012
395.000 0.014
396.000 0.015
397.000 0.015
398.000 0.016
399.000 0.016
400.000 0.016
401.000 0.016
402.000 0.018
403.000 0.018
404.000 0.016
405.000 0.017
406.000 0.015
407.000 0.015
408.000 0.016
409.000 0.017
410.000 0.017
411.000 0.016
412.000 0.015
413.000 0.016
414.000 0.016
415.000 0.016
416.000 0.017
417.000 0.017
418.000 0.018
419.000 0.018
420.000 0.018
421.000 0.017
422.000 0.017
423.000 0.017
424.000 0.016
425.000 0.016
426.000 0.017
427.000 0.017
428.000 0.017
429.000 0.017
430.000 0.017
431.000 0.018
432.000 0.019
433.000 0.018
434.000 0.017
435.000 0.017
436.000 0.017
437.000 0.017
438.000 0.017
439.000 0.017
440.000 0.018
441.000 0.018
442.000 0.015
443.000 0.016
444.000 0.017
445.000 0.017
446.000 0.018
447.000 0.017
448.000 0.017
449.000 0.018
450.000 0.017
451.000 0.017
452.000 0.018
453.000 0.018
454.000 0.017
455.000 0.017
456.000 0.018
457.000 0.018
458.000 0.018
459.000 0.019
460.000 0.019
461.000 0.017
462.000 0.017
463.000 0.018
464.000 0.018
465.000 0.018
466.000 0.018
467.000 0.018
468.000 0.017
469.000 0.018
470.000 0.018
471.000 0.018
472.000 0.017
473.000 0.017
474.000 0.017
475.000 0.019
476.000 0.019
477.000 0.018
478.000 0.017
479.000 0.018
480.000 0.018
481.000 0.019
482.000 0.019
483.000 0.019
484.000 0.018
485.000 0.018
486.000 0.018
487.000 0.020
488.000 0.021
489.000 0.019
490.000 0.019
491.000 0.019
492.000 0.020
493.000 0.019
494.000 0.020
495.000 0.019
496.000 0.018
497.000 0.020
498.000 0.021
499.000 0.021
500.000 0.020
501.000 0.020
502.000 0.021
503.000 0.021
504.000 0.021
505.000 0.021
506.000 0.022
507.000 0.022
508.000 0.022
509.000 0.023
510.000 0.024
511.000 0.024
512.000 0.023
513.000 0.024
514.000 0.025
515.000 0.026
516.000 0.027
517.000 0.026
518.000 0.028
519.000 0.028
520.000 0.029
521.000 0.031
522.000 0.032
523.000 0.032
524.000 0.033
525.000 0.034
526.000 0.035
527.000 0.035
528.000 0.036
529.000 0.037
530.000 0.038
531.000 0.038
532.000 0.040
533.000 0.040
534.000 0.040
535.000 0.041
536.000 0.042
537.000 0.041
538.000 0.042
539.000 0.043
540.000 0.043
541.000 0.043
542.000 0.043
543.000 0.044
544.000 0.043
545.000 0.043
546.000 0.044
547.000 0.043
548.000 0.044
549.000 0.044
550.000 0.044
551.000 0.044
552.000 0.044
553.000 0.044
554.000 0.044
555.000 0.043
556.000 0.043
557.000 0.044
558.000 0.043
559.000 0.043
560.000 0.043
561.000 0.043
562.000 0.042
563.000 0.042
564.000 0.041
565.000 0.041
566.000 0.041
567.000 0.040
568.000 0.039
569.000 0.039
570.000 0.038
571.000 0.038
572.000 0.037
573.000 0.036
574.000 0.036
575.000 0.036
576.000 0.035
577.000 0.035
578.000 0.035
579.000 0.034
580.000 0.033
581.000 0.034
582.000 0.034
583.000 0.033
584.000 0.032
585.000 0.032
586.000 0.032
587.000 0.032
588.000 0.032
589.000 0.032
590.000 0.032
591.000 0.031
592.000 0.031
593.000 0.032
594.000 0.031
595.000 0.031
596.000 0.031
597.000 0.031
598.000 0.031
599.000 0.031
600.000 0.031
601.000 0.032
602.000 0.031
603.000 0.030
604.000 0.030
605.000 0.032
606.000 0.031
607.000 0.030
608.000 0.030
609.000 0.030
610.000 0.029
611.000 0.029
612.000 0.030
613.000 0.030
614.000 0.029
615.000 0.029
616.000 0.030
617.000 0.029
618.000 0.029
619.000 0.030
620.000 0.028
621.000 0.029
622.000 0.029
623.000 0.029
624.000 0.030
625.000 0.030
626.000 0.030
627.000 0.030
628.000 0.029
629.000 0.029
630.000 0.029
631.000 0.030
632.000 0.030
633.000 0.030
634.000 0.029
635.000 0.029
636.000 0.029
637.000 0.030
638.000 0.029
639.000 0.029
640.000 0.029
641.000 0.028
642.000 0.028
643.000 0.028
644.000 0.027
645.000 0.028
646.000 0.028
647.000 0.027
648.000 0.027
649.000 0.027
650.000 0.027
651.000 0.027
652.000 0.028
653.000 0.027
654.000 0.027
655.000 0.029
656.000 0.029
657.000 0.029
658.000 0.029
659.000 0.029
660.000 0.027
661.000 0.027
662.000 0.028
663.000 0.028
664.000 0.029
665.000 0.028
666.000 0.027
667.000 0.029
668.000 0.029
669.000 0.029
670.000 0.030
671.000 0.029
672.000 0.029
673.000 0.029
674.000 0.029
675.000 0.029
676.000 0.029
677.000 0.029
678.000 0.030
679.000 0.031
680.000 0.031
681.000 0.033
682.000 0.032
683.000 0.032
684.000 0.033
685.000 0.032
686.000 0.033
687.000 0.035
688.000 0.037
689.000 0.037
690.000 0.036
691.000 0.036
692.000 0.038
693.000 0.039
694.000 0.042
695.000 0.044
696.000 0.046
697.000 0.049
698.000 0.050
699.000 0.053
700.000 0.057
701.000 0.060
702.000 0.064
703.000 0.067
704.000 0.070
705.000 0.073
706.000 0.077
707.000 0.081
708.000 0.085
709.000 0.088
710.000 0.092
711.000 0.095
712.000 0.099
713.000 0.103
714.000 0.107
715.000 0.112
716.000 0.116
717.000 0.121
718.000 0.127
719.000 0.132
720.000 0.137
721.000 0.142
722.000 0.146
723.000 0.150
724.000 0.155
725.000 0.160
726.000 0.165
727.000 0.170
728.000 0.175
729.000 0.180
730.000 0.184
731.000 0.189
732.000 0.193
733.000 0.197
734.000 0.201
735.000 0.205
736.000 0.209
737.000 0.212
738.000 0.217
739.000 0.220
740.000 0.223
741.000 0.227
742.000 0.230
743.000 0.233
744.000 0.235
745.000 0.238
746.000 0.241
747.000 0.243
748.000 0.245
749.000 0.248
750.000 0.249
751.000 0.252
752.000 0.253
753.000 0.255
754.000 0.257
755.000 0.258
756.000 0.259
757.000 0.261
758.000 0.262
759.000 0.264
760.000 0.266
761.000 0.271
762.000 0.274
763.000 0.275
764.000 0.275
765.000 0.274
766.000 0.273
767.000 0.272
768.000 0.272
769.000 0.272
770.000 0.272
771.000 0.272
772.000 0.273
773.000 0.274
774.000 0.274
775.000 0.274
776.000 0.275
777.000 0.275
778.000 0.276
779.000 0.277
780.000 0.277
781.000 0.277
782.000 0.278
783.000 0.278
784.000 0.279
785.000 0.280
786.000 0.280
787.000 0.281
788.000 0.282
789.000 0.282
790.000 0.283
791.000 0.283
792.000 0.283
793.000 0.284
794.000 0.285
795.000 0.285
796.000 0.286
797.000 0.286
798.000 0.286
799.000 0.287
800.000 0.287
801.000 0.288
802.000 0.289
803.000 0.289
804.000 0.289
805.000 0.289
806.000 0.290
807.000 0.290
808.000 0.290
809.000 0.291
810.000 0.292
811.000 0.293
812.000 0.294
813.000 0.295
814.000 0.295
815.000 0.297
816.000 0.298
817.000 0.298
818.000 0.298
819.000 0.298
820.000 0.298
821.000 0.298
822.000 0.299
823.000 0.299
824.000 0.299
825.000 0.300
826.000 0.300
827.000 0.300
828.000 0.301
829.000 0.302
830.000 0.302
831.000 0.301
832.000 0.302
833.000 0.302
834.000 0.302
835.000 0.302
836.000 0.302
837.000 0.302
838.000 0.303
839.000 0.303
840.000 0.303
841.000 0.303
842.000 0.304
843.000 0.304
844.000 0.304
845.000 0.304
846.000 0.304
847.000 0.305
848.000 0.305
849.000 0.305
850.000 0.306
851.000 0.306
852.000 0.306
853.000 0.307
854.000 0.307
855.000 0.307
856.000 0.307
857.000 0.307
858.000 0.308
859.000 0.308
860.000 0.308
861.000 0.308
862.000 0.308
863.000 0.309
864.000 0.309
865.000 0.309
866.000 0.309
867.000 0.310
868.000 0.310
869.000 0.310
870.000 0.311
871.000 0.311
872.000 0.312
873.000 0.311
874.000 0.312
875.000 0.312
876.000 0.313
877.000 0.313
878.000 0.313
879.000 0.313
880.000 0.314
881.000 0.314
882.000 0.315
883.000 0.315
884.000 0.315
885.000 0.315
886.000 0.316
887.000 0.317
888.000 0.317
889.000 0.318
890.000 0.318
891.000 0.318
892.000 0.319
893.000 0.320
894.000 0.320
895.000 0.321
896.000 0.322
897.000 0.323
898.000 0.323
899.000 0.324
900.000 0.324
901.000 0.325
902.000 0.326
903.000 0.327
904.000 0.326
905.000 0.326
906.000 0.326
907.000 0.327
908.000 0.328
909.000 0.328
910.000 0.328
911.000 0.328
912.000 0.330
913.000 0.329
914.000 0.330
915.000 0.331
916.000 0.331
917.000 0.331
918.000 0.331
919.000 0.331
920.000 0.330
921.000 0.330
922.000 0.330
923.000 0.331
924.000 0.332
925.000 0.332
926.000 0.331
927.000 0.331
928.000 0.331
929.000 0.330
930.000 0.330
931.000 0.332
932.000 0.331
933.000 0.328
934.000 0.327
935.000 0.329
936.000 0.325
937.000 0.323
938.000 0.323
939.000 0.325
940.000 0.330
941.000 0.331
942.000 0.331
943.000 0.330
944.000 0.328
945.000 0.326
946.000 0.326
947.000 0.330
948.000 0.330
949.000 0.325
950.000 0.323
951.000 0.326
952.000 0.323
953.000 0.328
954.000 0.329
955.000 0.323
956.000 0.327
957.000 0.331
958.000 0.328
959.000 0.322
960.000 0.323
961.000 0.323
962.000 0.323
963.000 0.323
964.000 0.324
965.000 0.326
966.000 0.326
967.000 0.325
968.000 0.325
969.000 0.326
970.000 0.326
971.000 0.325
972.000 0.326
973.000 0.325
974.000 0.323
975.000 0.324
976.000 0.323
977.000 0.326
978.000 0.326
979.000 0.323
980.000 0.325
981.000 0.326
982.000 0.325
983.000 0.325
984.000 0.325
985.000 0.325
986.000 0.325
987.000 0.326
988.000 0.326
989.000 0.324
990.000 0.325
991.000 0.325
992.000 0.324
993.000 0.325
994.000 0.328
995.000 0.328
996.000 0.328
997.000 0.329
998.000 0.329
999.000 0.330
1000.000 0.329
1001.000 0.333
1002.000 0.333
1003.000 0.334
1004.000 0.335
1005.000 0.336
1006.000 0.337
1007.000 0.337
1008.000 0.338
1009.000 0.339
1010.000 0.340
1011.000 0.340
1012.000 0.340
1013.000 0.341
1014.000 0.340
1015.000 0.340
1016.000 0.342
1017.000 0.342
1018.000 0.342
1019.000 0.343
1020.000 0.343
1021.000 0.343
1022.000 0.344
1023.000 0.343
1024.000 0.344
1025.000 0.345
1026.000 0.346
1027.000 0.347
1028.000 0.348
1029.000 0.347
1030.000 0.348
1031.000 0.349
1032.000 0.350
1033.000 0.351
1034.000 0.352
1035.000 0.352
1036.000 0.352
1037.000 0.352
1038.000 0.353
1039.000 0.354
1040.000 0.354
1041.000 0.354
1042.000 0.355
1043.000 0.355
1044.000 0.356
1045.000 0.356
1046.000 0.357
1047.000 0.358
1048.000 0.358
1049.000 0.358
1050.000 0.358
1051.000 0.358
1052.000 0.359
1053.000 0.359
1054.000 0.360
1055.000 0.360
1056.000 0.361
1057.000 0.362
1058.000 0.363
1059.000 0.362
1060.000 0.362
1061.000 0.363
1062.000 0.364
1063.000 0.364
1064.000 0.365
1065.000 0.366
1066.000 0.365
1067.000 0.365
1068.000 0.366
1069.000 0.366
1070.000 0.366
1071.000 0.366
1072.000 0.367
1073.000 0.367
1074.000 0.367
1075.000 0.368
1076.000 0.368
1077.000 0.368
1078.000 0.367
1079.000 0.368
1080.000 0.368
1081.000 0.368
1082.000 0.370
1083.000 0.370
1084.000 0.370
1085.000 0.371
1086.000 0.371
1087.000 0.372
1088.000 0.373
1089.000 0.373
1090.000 0.373
1091.000 0.373
1092.000 0.374
1093.000 0.374
1094.000 0.375
1095.000 0.375
1096.000 0.375
1097.000 0.375
1098.000 0.376
1099.000 0.377
1100.000 0.377
1101.000 0.378
1102.000 0.378
1103.000 0.377
1104.000 0.378
1105.000 0.378
1106.000 0.378
1107.000 0.379
1108.000 0.380
1109.000 0.382
1110.000 0.383
1111.000 0.383
1112.000 0.383
1113.000 0.383
1114.000 0.382
1115.000 0.380
1116.000 0.381
1117.000 0.381
1118.000 0.379
1119.000 0.382
1120.000 0.384
1121.000 0.384
1122.000 0.386
1123.000 0.384
1124.000 0.375
1125.000 0.371
1126.000 0.370
1127.000 0.370
1128.000 0.371
1129.000 0.370
1130.000 0.370
1131.000 0.371
1132.000 0.370
1133.000 0.370
1134.000 0.365
1135.000 0.361
1136.000 0.361
1137.000 0.360
1138.000 0.362
1139.000 0.364
1140.000 0.365
1141.000 0.370
1142.000 0.372
1143.000 0.370
1144.000 0.369
1145.000 0.363
1146.000 0.359
1147.000 0.351
1148.000 0.348
1149.000 0.345
1150.000 0.345
1151.000 0.346
1152.000 0.347
1153.000 0.347
1154.000 0.346
1155.000 0.345
1156.000 0.345
1157.000 0.343
1158.000 0.342
1159.000 0.342
1160.000 0.343
1161.000 0.342
1162.000 0.341
1163.000 0.341
1164.000 0.339
1165.000 0.339
1166.000 0.339
1167.000 0.340
1168.000 0.339
1169.000 0.339
1170.000 0.338
1171.000 0.338
1172.000 0.338
1173.000 0.338
1174.000 0.338
1175.000 0.339
1176.000 0.339
1177.000 0.339
1178.000 0.339
1179.000 0.338
1180.000 0.338
1181.000 0.337
1182.000 0.336
1183.000 0.335
1184.000 0.335
1185.000 0.335
1186.000 0.336
1187.000 0.337
1188.000 0.338
1189.000 0.337
1190.000 0.337
1191.000 0.338
1192.000 0.337
1193.000 0.336
1194.000 0.337
1195.000 0.337
1196.000 0.337
1197.000 0.338
1198.000 0.339
1199.000 0.339
1200.000 0.338
1201.000 0.338
1202.000 0.338
1203.000 0.338
1204.000 0.339
1205.000 0.339
1206.000 0.339
1207.000 0.340
1208.000 0.340
1209.000 0.339
1210.000 0.339
1211.000 0.339
1212.000 0.340
1213.000 0.340
1214.000 0.340
1215.000 0.340
1216.000 0.340
1217.000 0.341
1218.000 0.341
1219.000 0.341
1220.000 0.342
1221.000 0.343
1222.000 0.343
1223.000 0.343
1224.000 0.344
1225.000 0.344
1226.000 0.344
1227.000 0.344
1228.000 0.345
1229.000 0.345
1230.000 0.346
1231.000 0.346
1232.000 0.346
1233.000 0.347
1234.000 0.348
1235.000 0.348
1236.000 0.348
1237.000 0.348
1238.000 0.348
1239.000 0.349
1240.000 0.350
1241.000 0.351
1242.000 0.352
1243.000 0.352
1244.000 0.352
1245.000 0.352
1246.000 0.353
1247.000 0.353
1248.000 0.354
1249.000 0.354
1250.000 0.355
1251.000 0.356
1252.000 0.357
1253.000 0.357
1254.000 0.358
1255.000 0.359
1256.000 0.360
1257.000 0.360
1258.000 0.360
1259.000 0.361
1260.000 0.361
1261.000 0.363
1262.000 0.363
1263.000 0.363
1264.000 0.363
1265.000 0.364
1266.000 0.365
1267.000 0.365
1268.000 0.365
1269.000 0.365
1270.000 0.365
1271.000 0.365
1272.000 0.364
1273.000 0.364
1274.000 0.363
1275.000 0.364
1276.000 0.364
1277.000 0.364
1278.000 0.364
1279.000 0.363
1280.000 0.364
1281.000 0.364
1282.000 0.364
1283.000 0.364
1284.000 0.363
1285.000 0.363
1286.000 0.362
1287.000 0.362
1288.000 0.362
1289.000 0.363
1290.000 0.363
1291.000 0.363
1292.000 0.363
1293.000 0.363
1294.000 0.363
1295.000 0.363
1296.000 0.362
1297.000 0.361
1298.000 0.361
1299.000 0.361
1300.000 0.360
1301.000 0.361
1302.000 0.360
1303.000 0.360
1304.000 0.360
1305.000 0.360
1306.000 0.359
1307.000 0.359
1308.000 0.358
1309.000 0.357
1310.000 0.356
1311.000 0.356
1312.000 0.355
1313.000 0.353
1314.000 0.352
1315.000 0.351
1316.000 0.350
1317.000 0.349
1318.000 0.348
1319.000 0.347
1320.000 0.347
1321.000 0.347
1322.000 0.345
1323.000 0.345
1324.000 0.346
1325.000 0.346
1326.000 0.345
1327.000 0.344
1328.000 0.341
1329.000 0.338
1330.000 0.335
1331.000 0.334
1332.000 0.334
1333.000 0.334
1334.000 0.333
1335.000 0.332
1336.000 0.330
1337.000 0.328
1338.000 0.328
1339.000 0.327
1340.000 0.326
1341.000 0.325
1342.000 0.327
1343.000 0.327
1344.000 0.329
1345.000 0.329
1346.000 0.322
1347.000 0.319
1348.000 0.318
1349.000 0.315
1350.000 0.314
1351.000 0.334
1352.000 0.319
1353.000 0.315
1354.000 0.326
1355.000 0.311
1356.000 0.310
1357.000 0.384
1358.000 0.680
1359.000 0.704
1360.000 0.749
1361.000 0.725
1362.000 0.672
1363.000 0.597
1364.000 0.489
1365.000 0.264
1366.000 0.465
1367.000 0.603
1368.000 0.761
1369.000 0.694
1370.000 0.756
1371.000 0.697
1372.000 0.477
1373.000 0.497
1374.000 0.326
1375.000 0.349
1376.000 0.391
1377.000 0.482
1378.000 0.545
1379.000 0.510
1380.000 0.412
1381.000 0.346
1382.000 0.403
1383.000 0.285
1384.000 0.455
1385.000 0.295
1386.000 0.246
1387.000 0.377
1388.000 0.597
1389.000 0.181
1390.000 0.144
1391.000 0.105
1392.000 0.472
1393.000 0.265
1394.000 0.414
1395.000 0.534
1396.000 0.680
1397.000 0.408
1398.000 0.439
1399.000 0.510
1400.000 0.667
1401.000 0.853
1402.000 0.457
1403.000 0.363
1404.000 0.467
1405.000 0.420
1406.000 0.327
1407.000 0.316
1408.000 0.259
1409.000 0.213
1410.000 0.291
1411.000 0.336
1412.000 0.313
1413.000 0.335
1414.000 0.331
1415.000 0.361
1416.000 0.383
1417.000 0.419
1418.000 0.375
1419.000 0.268
1420.000 0.244
1421.000 0.197
1422.000 0.155
1423.000 0.219
1424.000 0.274
1425.000 0.237
1426.000 0.218
1427.000 0.257
1428.000 0.243
1429.000 0.239
1430.000 0.261
1431.000 0.216
1432.000 0.199
1433.000 0.188
1434.000 0.199
1435.000 0.233
1436.000 0.237
1437.000 0.238
1438.000 0.260
1439.000 0.231
1440.000 0.213
1441.000 0.190
1442.000 0.213
1443.000 0.183
1444.000 0.186
1445.000 0.146
1446.000 0.171
1447.000 0.129
1448.000 0.121
1449.000 0.180
1450.000 0.220
1451.000 0.114
1452.000 0.231
1453.000 0.211
1454.000 0.180
1455.000 0.184
1456.000 0.165
1457.000 0.126
1458.000 0.171
1459.000 0.220
1460.000 0.163
1461.000 0.153
1462.000 0.123
1463.000 0.124
1464.000 0.194
1465.000 0.156
1466.000 0.180
1467.000 0.153
1468.000 0.168
1469.000 0.180
1470.000 0.193
1471.000 0.211
1472.000 0.227
1473.000 0.213
1474.000 0.181
1475.000 0.171
1476.000 0.153
1477.000 0.180
1478.000 0.160
1479.000 0.140
1480.000 0.193
1481.000 0.175
1482.000 0.134
1483.000 0.131
1484.000 0.147
1485.000 0.160
1486.000 0.175
1487.000 0.195
1488.000 0.179
1489.000 0.189
1490.000 0.168
1491.000 0.158
1492.000 0.153
1493.000 0.150
1494.000 0.156
1495.000 0.150
1496.000 0.136
1497.000 0.133
1498.000 0.127
1499.000 0.128
1500.000 0.134
1501.000 0.140
1502.000 0.142
1503.000 0.140
1504.000 0.139
1505.000 0.141
1506.000 0.141
1507.000 0.142
1508.000 0.142
1509.000 0.142
1510.000 0.144
1511.000 0.147
1512.000 0.147
1513.000 0.148
1514.000 0.147
1515.000 0.144
1516.000 0.142
1517.000 0.141
1518.000 0.142
1519.000 0.146
1520.000 0.147
1521.000 0.151
1522.000 0.153
1523.000 0.151
1524.000 0.153
1525.000 0.157
1526.000 0.159
1527.000 0.164
1528.000 0.166
1529.000 0.165
1530.000 0.165
1531.000 0.165
1532.000 0.166
1533.000 0.166
1534.000 0.166
1535.000 0.165
1536.000 0.166
1537.000 0.167
1538.000 0.167
1539.000 0.166
1540.000 0.166
1541.000 0.167
1542.000 0.167
1543.000 0.168
1544.000 0.170
1545.000 0.172
1546.000 0.173
1547.000 0.174
1548.000 0.176
1549.000 0.178
1550.000 0.179
1551.000 0.179
1552.000 0.178
1553.000 0.175
1554.000 0.175
1555.000 0.177
1556.000 0.179
1557.000 0.183
1558.000 0.184
1559.000 0.182
1560.000 0.182
1561.000 0.179
1562.000 0.178
1563.000 0.178
1564.000 0.179
1565.000 0.181
1566.000 0.183
1567.000 0.185
1568.000 0.188
1569.000 0.191
1570.000 0.192
1571.000 0.194
1572.000 0.196
1573.000 0.196
1574.000 0.197
1575.000 0.197
1576.000 0.198
1577.000 0.199
1578.000 0.201
1579.000 0.201
1580.000 0.203
1581.000 0.206
1582.000 0.207
1583.000 0.208
1584.000 0.209
1585.000 0.209
1586.000 0.209
1587.000 0.208
1588.000 0.208
1589.000 0.207
1590.000 0.208
1591.000 0.211
1592.000 0.213
1593.000 0.214
1594.000 0.216
1595.000 0.215
1596.000 0.216
1597.000 0.215
1598.000 0.216
1599.000 0.218
1600.000 0.219
1601.000 0.220
1602.000 0.220
1603.000 0.217
1604.000 0.216
1605.000 0.214
1606.000 0.214
1607.000 0.216
1608.000 0.217
1609.000 0.222
1610.000 0.224
1611.000 0.225
1612.000 0.226
1613.000 0.224
1614.000 0.223
1615.000 0.226
1616.000 0.225
1617.000 0.222
1618.000 0.222
1619.000 0.221
1620.000 0.221
1621.000 0.226
1622.000 0.228
1623.000 0.227
1624.000 0.228
1625.000 0.228
1626.000 0.229
1627.000 0.230
1628.000 0.230
1629.000 0.230
1630.000 0.230
1631.000 0.231
1632.000 0.232
1633.000 0.237
1634.000 0.238
1635.000 0.238
1636.000 0.239
1637.000 0.237
1638.000 0.236
1639.000 0.237
1640.000 0.237
1641.000 0.238
1642.000 0.237
1643.000 0.237
1644.000 0.237
1645.000 0.235
1646.000 0.234
1647.000 0.234
1648.000 0.235
1649.000 0.237
1650.000 0.238
1651.000 0.236
1652.000 0.238
1653.000 0.238
1654.000 0.240
1655.000 0.243
1656.000 0.244
1657.000 0.242
1658.000 0.241
1659.000 0.240
1660.000 0.239
1661.000 0.240
1662.000 0.240
1663.000 0.242
1664.000 0.243
1665.000 0.247
1666.000 0.247
1667.000 0.241
1668.000 0.241
1669.000 0.242
1670.000 0.241
1671.000 0.242
1672.000 0.243
1673.000 0.242
1674.000 0.240
1675.000 0.238
1676.000 0.238
1677.000 0.237
1678.000 0.236
1679.000 0.237
1680.000 0.236
1681.000 0.234
1682.000 0.233
1683.000 0.235
1684.000 0.235
1685.000 0.238
1686.000 0.239
1687.000 0.241
1688.000 0.241
1689.000 0.240
1690.000 0.240
1691.000 0.237
1692.000 0.237
1693.000 0.239
1694.000 0.237
1695.000 0.236
1696.000 0.234
1697.000 0.227
1698.000 0.226
1699.000 0.227
1700.000 0.227
1701.000 0.232
1702.000 0.235
1703.000 0.235
1704.000 0.237
1705.000 0.238
1706.000 0.238
1707.000 0.237
1708.000 0.237
1709.000 0.239
1710.000 0.239
1711.000 0.239
1712.000 0.237
1713.000 0.236
1714.000 0.235
1715.000 0.231
1716.000 0.230
1717.000 0.230
1718.000 0.230
1719.000 0.233
1720.000 0.234
1721.000 0.231
1722.000 0.231
1723.000 0.231
1724.000 0.232
1725.000 0.235
1726.000 0.234
1727.000 0.231
1728.000 0.232
1729.000 0.233
1730.000 0.234
1731.000 0.237
1732.000 0.240
1733.000 0.234
1734.000 0.230
1735.000 0.226
1736.000 0.225
1737.000 0.223
1738.000 0.224
1739.000 0.222
1740.000 0.214
1741.000 0.212
1742.000 0.211
1743.000 0.212
1744.000 0.218
1745.000 0.220
1746.000 0.219
1747.000 0.219
1748.000 0.219
1749.000 0.216
1750.000 0.211
1751.000 0.207
1752.000 0.202
1753.000 0.202
1754.000 0.203
1755.000 0.204
1756.000 0.210
1757.000 0.210
1758.000 0.208
1759.000 0.208
1760.000 0.209
1761.000 0.211
1762.000 0.219
1763.000 0.224
1764.000 0.218
1765.000 0.221
1766.000 0.221
1767.000 0.212
1768.000 0.210
1769.000 0.211
1770.000 0.211
1771.000 0.218
1772.000 0.225
1773.000 0.222
1774.000 0.227
1775.000 0.228
1776.000 0.220
1777.000 0.216
1778.000 0.208
1779.000 0.204
1780.000 0.207
1781.000 0.207
1782.000 0.205
1783.000 0.202
1784.000 0.200
1785.000 0.227
1786.000 0.225
1787.000 0.223
1788.000 0.214
1789.000 0.188
1790.000 0.179
1791.000 0.164
1792.000 0.159
1793.000 0.161
1794.000 0.173
1795.000 0.169
1796.000 0.164
1797.000 0.137
1798.000 0.115
1799.000 0.127
1800.000 0.151
1801.000 0.352
1802.000 0.385
1803.000 0.439
1804.000 0.411
1805.000 0.457
1806.000 0.555
1807.000 0.633
1808.000 0.691
1809.000 0.718
1810.000 0.803
1811.000 0.654
1812.000 0.690
1813.000 0.556
1814.000 0.492
1815.000 0.515
1816.000 0.569
1817.000 0.622
1818.000 0.634
1819.000 0.559
1820.000 0.515
1821.000 0.473
1822.000 0.427
1823.000 0.395
1824.000 0.444
1825.000 0.469
1826.000 0.741
1827.000 0.750
1828.000 0.576
1829.000 0.382
1830.000 0.159
1831.000 0.147
1832.000 0.186
1833.000 0.212
1834.000 0.264
1835.000 0.191
1836.000 0.165
1837.000 0.147
1838.000 0.129
1839.000 0.158
1840.000 0.174
1841.000 0.255
1842.000 0.315
1843.000 0.247
1844.000 0.231
1845.000 0.287
1846.000 0.265
1847.000 0.312
1848.000 0.319
1849.000 0.381
1850.000 0.428
1851.000 0.527
1852.000 0.642
1853.000 0.680
1854.000 0.653
1855.000 0.564
1856.000 0.791
1857.000 0.800
1858.000 0.641
1859.000 0.582
1860.000 0.500
1861.000 0.334
1862.000 0.152
1863.000 0.211
1864.000 0.225
1865.000 0.213
1866.000 0.290
1867.000 0.423
1868.000 0.588
1869.000 0.189
1870.000 0.477
1871.000 0.739
1872.000 0.561
1873.000 0.442
1874.000 0.287
1875.000 0.437
1876.000 0.507
1877.000 0.600
1878.000 0.604
1879.000 0.608
1880.000 0.632
1881.000 0.664
1882.000 0.605
1883.000 0.564
1884.000 0.560
1885.000 0.550
1886.000 0.450
1887.000 0.444
1888.000 0.479
1889.000 0.349
1890.000 0.380
1891.000 0.612
1892.000 0.613
1893.000 0.539
1894.000 0.574
1895.000 0.337
1896.000 0.628
1897.000 0.795
1898.000 0.574
1899.000 0.652
1900.000 0.294
1901.000 0.135
1902.000 0.547
1903.000 0.414
1904.000 0.340
1905.000 0.172
1906.000 0.076
1907.000 0.166
1908.000 0.241
1909.000 0.352
1910.000 0.372
1911.000 0.420
1912.000 0.499
1913.000 0.576
1914.000 0.666
1915.000 0.793
1916.000 0.641
1917.000 0.460
1918.000 0.337
1919.000 0.367
1920.000 0.782
1921.000 0.807
1922.000 0.504
1923.000 0.348
1924.000 0.426
1925.000 0.568
1926.000 0.665
1927.000 0.763
1928.000 0.683
1929.000 0.646
1930.000 0.604
1931.000 0.413
1932.000 0.436
1933.000 0.401
1934.000 0.436
1935.000 0.386
1936.000 0.440
1937.000 0.427
1938.000 0.478
1939.000 0.403
1940.000 0.552
1941.000 0.560
1942.000 0.585
1943.000 0.527
1944.000 0.493
1945.000 0.386
1946.000 0.378
1947.000 0.261
1948.000 0.076
1949.000 0.274
1950.000 0.389
1951.000 0.545
1952.000 0.665
1953.000 0.769
1954.000 0.460
1955.000 0.565
1956.000 0.538
1957.000 0.617
1958.000 0.706
1959.000 0.549
1960.000 0.343
1961.000 0.313
1962.000 0.295
1963.000 0.270
1964.000 0.281
1965.000 0.286
1966.000 0.277
1967.000 0.202
1968.000 0.239
1969.000 0.251
1970.000 0.249
1971.000 0.183
1972.000 0.222
1973.000 0.188
1974.000 0.232
1975.000 0.248
1976.000 0.264
1977.000 0.262
1978.000 0.252
1979.000 0.252
1980.000 0.253
1981.000 0.262
1982.000 0.257
1983.000 0.253
1984.000 0.243
1985.000 0.232
1986.000 0.097
1987.000 0.139
1988.000 0.212
1989.000 0.220
1990.000 0.245
1991.000 0.170
1992.000 0.153
1993.000 0.155
1994.000 0.150
1995.000 0.142
1996.000 0.143
1997.000 0.143
1998.000 0.138
1999.000 0.132
2000.000 0.193
2001.000 0.256
2002.000 0.199
2003.000 0.182
2004.000 0.180
2005.000 0.250
2006.000 0.303
2007.000 0.294
2008.000 0.302
2009.000 0.276
2010.000 0.248
2011.000 0.315
2012.000 0.239
2013.000 0.250
2014.000 0.208
2015.000 0.161
2016.000 0.160
2017.000 0.218
2018.000 0.216
2019.000 0.192
2020.000 0.188
2021.000 0.140
2022.000 0.135
2023.000 0.142
2024.000 0.158
2025.000 0.169
2026.000 0.177
2027.000 0.170
2028.000 0.166
2029.000 0.161
2030.000 0.183
2031.000 0.204
2032.000 0.110
2033.000 0.158
2034.000 0.151
2035.000 0.151
2036.000 0.165
2037.000 0.160
2038.000 0.166
2039.000 0.175
2040.000 0.219
2041.000 0.124
2042.000 0.156
2043.000 0.150
2044.000 0.146
2045.000 0.165
2046.000 0.163
2047.000 0.176
2048.000 0.183
2049.000 0.168
2050.000 0.177
2051.000 0.169
2052.000 0.167
2053.000 0.160
2054.000 0.130
2055.000 0.121
2056.000 0.170
2057.000 0.179
2058.000 0.217
2059.000 0.190
2060.000 0.181
2061.000 0.184
2062.000 0.130
2063.000 0.121
2064.000 0.142
2065.000 0.153
2066.000 0.152
2067.000 0.154
2068.000 0.221
2069.000 0.186
2070.000 0.155
2071.000 0.163
2072.000 0.172
2073.000 0.147
2074.000 0.139
2075.000 0.166
2076.000 0.170
2077.000 0.169
2078.000 0.167
2079.000 0.140
2080.000 0.151
2081.000 0.168
2082.000 0.193
2083.000 0.208
2084.000 0.217
2085.000 0.215
2086.000 0.235
2087.000 0.251
2088.000 0.238
2089.000 0.234
2090.000 0.241
2091.000 0.207
2092.000 0.180
2093.000 0.181
2094.000 0.192
2095.000 0.191
2096.000 0.222
2097.000 0.205
2098.000 0.192
2099.000 0.162
2100.000 0.145
2101.000 0.138
2102.000 0.132
2103.000 0.130
2104.000 0.144
2105.000 0.143
2106.000 0.144
2107.000 0.123
2108.000 0.151
2109.000 0.199
2110.000 0.169
2111.000 0.193
2112.000 0.208
2113.000 0.187
2114.000 0.183
2115.000 0.177
2116.000 0.180
2117.000 0.206
2118.000 0.165
2119.000 0.172
2120.000 0.175
2121.000 0.162
2122.000 0.165
2123.000 0.162
2124.000 0.148
2125.000 0.164
2126.000 0.204
2127.000 0.177
2128.000 0.177
2129.000 0.170
2130.000 0.150
2131.000 0.168
2132.000 0.212
2133.000 0.226
2134.000 0.176
2135.000 0.167
2136.000 0.144
2137.000 0.144
2138.000 0.169
2139.000 0.213
2140.000 0.175
2141.000 0.173
2142.000 0.162
2143.000 0.153
2144.000 0.150
2145.000 0.145
2146.000 0.152
2147.000 0.155
2148.000 0.162
2149.000 0.183
2150.000 0.186
2151.000 0.204
2152.000 0.222
2153.000 0.159
2154.000 0.154
2155.000 0.173
2156.000 0.198
2157.000 0.191
2158.000 0.212
2159.000 0.171
2160.000 0.204
2161.000 0.213
2162.000 0.214
2163.000 0.171
2164.000 0.160
2165.000 0.261
2166.000 0.245
2167.000 0.178
2168.000 0.192
2169.000 0.183
2170.000 0.224
2171.000 0.208
2172.000 0.211
2173.000 0.153
2174.000 0.208
2175.000 0.207
2176.000 0.209
2177.000 0.212
2178.000 0.196
2179.000 0.279
2180.000 0.230
2181.000 0.148
2182.000 0.155
2183.000 0.169
2184.000 0.157
2185.000 0.146
2186.000 0.138
2187.000 0.127
2188.000 0.136
2189.000 0.143
2190.000 0.145
2191.000 0.176
2192.000 0.192
2193.000 0.248
2194.000 0.239
2195.000 0.229
2196.000 0.221
2197.000 0.207
2198.000 0.195
2199.000 0.185
2200.000 0.169
2201.000 0.160
2202.000 0.155
2203.000 0.164
2204.000 0.170
2205.000 0.174
2206.000 0.171
2207.000 0.173
2208.000 0.182
2209.000 0.189
2210.000 0.196
2211.000 0.199
2212.000 0.200
2213.000 0.189
2214.000 0.166
2215.000 0.147
2216.000 0.163
2217.000 0.174
2218.000 0.198
2219.000 0.205
2220.000 0.187
2221.000 0.197
2222.000 0.210
2223.000 0.201
2224.000 0.176
2225.000 0.159
2226.000 0.153
2227.000 0.155
2228.000 0.170
2229.000 0.184
2230.000 0.175
2231.000 0.220
2232.000 0.156
2233.000 0.173
2234.000 0.175
2235.000 0.159
2236.000 0.176
2237.000 0.151
2238.000 0.152
2239.000 0.165
2240.000 0.164
2241.000 0.175
2242.000 0.181
2243.000 0.186
2244.000 0.186
2245.000 0.179
2246.000 0.181
2247.000 0.203
2248.000 0.192
2249.000 0.174
2250.000 0.163
2251.000 0.129
2252.000 0.124
2253.000 0.113
2254.000 0.140
2255.000 0.152
2256.000 0.160
2257.000 0.195
2258.000 0.149
2259.000 0.104
2260.000 0.248
2261.000 0.252
2262.000 0.251
2263.000 0.177
2264.000 0.181
2265.000 0.163
2266.000 0.161
2267.000 0.169
2268.000 0.139
2269.000 0.153
2270.000 0.143
2271.000 0.134
2272.000 0.124
2273.000 0.123
2274.000 0.126
2275.000 0.132
2276.000 0.168
2277.000 0.181
2278.000 0.179
2279.000 0.170
2280.000 0.178
2281.000 0.185
2282.000 0.162
2283.000 0.152
2284.000 0.171
2285.000 0.161
2286.000 0.186
2287.000 0.208
2288.000 0.215
2289.000 0.193
2290.000 0.125
2291.000 0.139
2292.000 0.119
2293.000 0.124
2294.000 0.127
2295.000 0.143
2296.000 0.184
2297.000 0.179
2298.000 0.147
2299.000 0.136
2300.000 0.120
2301.000 0.208
2302.000 0.173
2303.000 0.134
2304.000 0.088
2305.000 0.080
2306.000 0.196
2307.000 0.141
2308.000 0.130
2309.000 0.135
2310.000 0.128
2311.000 0.141
2312.000 0.128
2313.000 0.147
2314.000 0.161
2315.000 0.138
2316.000 0.134
2317.000 0.121
2318.000 0.102
2319.000 0.145
2320.000 0.141
2321.000 0.179
2322.000 0.192
2323.000 0.189
2324.000 0.171
2325.000 0.140
2326.000 0.133
2327.000 0.189
2328.000 0.185
2329.000 0.206
2330.000 0.204
2331.000 0.176
2332.000 0.116
2333.000 0.155
2334.000 0.143
2335.000 0.173
2336.000 0.187
2337.000 0.163
2338.000 0.158
2339.000 0.161
2340.000 0.168
2341.000 0.198
2342.000 0.169
2343.000 0.162
2344.000 0.183
2345.000 0.188
2346.000 0.250
2347.000 0.197
2348.000 0.098
2349.000 0.177
2350.000 0.207
2351.000 0.192
2352.000 0.167
2353.000 0.153
2354.000 0.185
2355.000 0.138
2356.000 0.196
2357.000 0.210
2358.000 0.235
2359.000 0.228
2360.000 0.248
2361.000 0.298
2362.000 0.301
2363.000 0.282
2364.000 0.278
2365.000 0.182
2366.000 0.206
2367.000 0.140
2368.000 0.190
2369.000 0.238
2370.000 0.258
2371.000 0.228
2372.000 0.162
2373.000 0.200
2374.000 0.235
2375.000 0.218
2376.000 0.301
2377.000 0.344
2378.000 0.338
2379.000 0.229
2380.000 0.321
2381.000 0.210
2382.000 0.147
2383.000 0.247
2384.000 0.182
2385.000 0.300
2386.000 0.243
2387.000 0.155
2388.000 0.225
2389.000 0.166
2390.000 0.122
2391.000 0.213
2392.000 0.282
2393.000 0.268
2394.000 0.253
2395.000 0.170
2396.000 0.207
2397.000 0.208
2398.000 0.104
2399.000 0.175
2400.000 0.182
2401.000 0.164
2402.000 0.189
2403.000 0.253
2404.000 0.267
2405.000 0.264
2406.000 0.313
2407.000 0.342
2408.000 0.296
2409.000 0.290
2410.000 0.369
2411.000 0.614
2412.000 0.566
2413.000 0.538
2414.000 0.536
2415.000 0.503
2416.000 0.471
2417.000 0.413
2418.000 0.411
2419.000 0.311
2420.000 0.299
2421.000 0.404
2422.000 0.527
2423.000 0.684
2424.000 0.600
2425.000 0.558
2426.000 0.184
2427.000 0.243
2428.000 0.158
2429.000 0.202
2430.000 0.198
2431.000 0.309
2432.000 0.339
2433.000 0.258
2434.000 0.257
2435.000 0.290
2436.000 0.412
2437.000 0.802
2438.000 0.551
2439.000 0.386
2440.000 0.493
2441.000 0.504
2442.000 0.507
2443.000 0.487
2444.000 0.461
2445.000 0.366
2446.000 0.597
2447.000 0.487
2448.000 0.700
2449.000 0.179
2450.000 0.217
2451.000 0.173
2452.000 0.201
2453.000 0.436
2454.000 0.512
2455.000 0.576
2456.000 0.561
2457.000 0.609
2458.000 0.559
2459.000 0.380
2460.000 0.898
2461.000 0.554
2462.000 0.597
2463.000 0.156
2464.000 0.527
2465.000 0.352
2466.000 0.209
2467.000 0.296
2468.000 0.188
2469.000 0.133
2470.000 0.171
2471.000 0.386
2472.000 0.389
2473.000 0.339
2474.000 0.315
2475.000 0.308
2476.000 0.306
2477.000 0.284
2478.000 0.331
2479.000 0.339
2480.000 0.444
2481.000 0.535
2482.000 0.197
2483.000 0.385
2484.000 0.361
2485.000 0.262
2486.000 0.187
2487.000 0.102
2488.000 0.144
2489.000 0.314
2490.000 0.444
2491.000 0.522
2492.000 0.687
2493.000 0.398
2494.000 0.223
2495.000 0.243
2496.000 0.293
2497.000 0.350
2498.000 0.412
2499.000 0.498
2500.000 0.509
