391.000 0.018
392.000 0.017
393.000 0.013
394.000 0.014
395.000 0.015
396.000 0.015
397.000 0.015
398.000 0.016
399.000 0.015
400.000 0.015
401.000 0.017
402.000 0.016
403.000 0.015
404.000 0.016
405.000 0.015
406.000 0.015
407.000 0.015
408.000 0.015
409.000 0.016
410.000 0.016
411.000 0.016
412.000 0.016
413.000 0.016
414.000 0.016
415.000 0.016
416.000 0.016
417.000 0.016
418.000 0.015
419.000 0.015
420.000 0.016
421.000 0.015
422.000 0.016
423.000 0.016
424.000 0.015
425.000 0.016
426.000 0.016
427.000 0.016
428.000 0.016
429.000 0.017
430.000 0.016
431.000 0.016
432.000 0.016
433.000 0.016
434.000 0.016
435.000 0.016
436.000 0.016
437.000 0.017
438.000 0.018
439.000 0.017
440.000 0.016
441.000 0.017
442.000 0.017
443.000 0.017
444.000 0.016
445.000 0.017
446.000 0.017
447.000 0.017
448.000 0.017
449.000 0.017
450.000 0.017
451.000 0.017
452.000 0.016
453.000 0.017
454.000 0.017
455.000 0.017
456.000 0.017
457.000 0.017
458.000 0.017
459.000 0.017
460.000 0.018
461.000 0.018
462.000 0.017
463.000 0.016
464.000 0.017
465.000 0.017
466.000 0.017
467.000 0.018
468.000 0.017
469.000 0.017
470.000 0.017
471.000 0.018
472.000 0.017
473.000 0.017
474.000 0.018
475.000 0.018
476.000 0.017
477.000 0.017
478.000 0.017
479.000 0.017
480.000 0.017
481.000 0.017
482.000 0.017
483.000 0.018
484.000 0.018
485.000 0.017
486.000 0.017
487.000 0.017
488.000 0.018
489.000 0.018
490.000 0.017
491.000 0.018
492.000 0.018
493.000 0.018
494.000 0.018
495.000 0.018
496.000 0.018
497.000 0.018
498.000 0.018
499.000 0.018
500.000 0.018
501.000 0.019
502.000 0.019
503.000 0.019
504.000 0.019
505.000 0.019
506.000 0.020
507.000 0.020
508.000 0.021
509.000 0.021
510.000 0.021
511.000 0.022
512.000 0.023
513.000 0.024
514.000 0.024
515.000 0.025
516.000 0.025
517.000 0.026
518.000 0.028
519.000 0.029
520.000 0.030
521.000 0.031
522.000 0.032
523.000 0.033
524.000 0.034
525.000 0.035
526.000 0.036
527.000 0.037
528.000 0.039
529.000 0.039
530.000 0.040
531.000 0.041
532.000 0.042
533.000 0.042
534.000 0.044
535.000 0.044
536.000 0.044
537.000 0.045
538.000 0.046
539.000 0.046
540.000 0.045
541.000 0.046
542.000 0.046
543.000 0.047
544.000 0.047
545.000 0.047
546.000 0.047
547.000 0.047
548.000 0.048
549.000 0.048
550.000 0.048
551.000 0.048
552.000 0.048
553.000 0.048
554.000 0.048
555.000 0.048
556.000 0.048
557.000 0.048
558.000 0.047
559.000 0.047
560.000 0.046
561.000 0.046
562.000 0.044
563.000 0.045
564.000 0.044
565.000 0.043
566.000 0.042
567.000 0.042
568.000 0.041
569.000 0.040
570.000 0.039
571.000 0.039
572.000 0.038
573.000 0.037
574.000 0.037
575.000 0.036
576.000 0.036
577.000 0.035
578.000 0.035
579.000 0.034
580.000 0.034
581.000 0.034
582.000 0.033
583.000 0.033
584.000 0.033
585.000 0.032
586.000 0.032
587.000 0.031
588.000 0.032
589.000 0.032
590.000 0.030
591.000 0.031
592.000 0.030
593.000 0.030
594.000 0.031
595.000 0.030
596.000 0.030
597.000 0.030
598.000 0.030
599.000 0.030
600.000 0.029
601.000 0.029
602.000 0.030
603.000 0.029
604.000 0.029
605.000 0.029
606.000 0.029
607.000 0.029
608.000 0.028
609.000 0.027
610.000 0.028
611.000 0.028
612.000 0.028
613.000 0.028
614.000 0.027
615.000 0.027
616.000 0.028
617.000 0.027
618.000 0.027
619.000 0.027
620.000 0.027
621.000 0.027
622.000 0.027
623.000 0.026
624.000 0.026
625.000 0.026
626.000 0.026
627.000 0.027
628.000 0.027
629.000 0.026
630.000 0.027
631.000 0.027
632.000 0.027
633.000 0.027
634.000 0.027
635.000 0.027
636.000 0.026
637.000 0.026
638.000 0.025
639.000 0.025
640.000 0.025
641.000 0.025
642.000 0.024
643.000 0.025
644.000 0.024
645.000 0.024
646.000 0.023
647.000 0.023
648.000 0.023
649.000 0.024
650.000 0.023
651.000 0.023
652.000 0.023
653.000 0.023
654.000 0.023
655.000 0.024
656.000 0.024
657.000 0.023
658.000 0.023
659.000 0.022
660.000 0.023
661.000 0.023
662.000 0.022
663.000 0.022
664.000 0.023
665.000 0.023
666.000 0.022
667.000 0.022
668.000 0.023
669.000 0.023
670.000 0.023
671.000 0.023
672.000 0.023
673.000 0.024
674.000 0.023
675.000 0.023
676.000 0.024
677.000 0.024
678.000 0.025
679.000 0.025
680.000 0.025
681.000 0.025
682.000 0.025
683.000 0.026
684.000 0.026
685.000 0.027
686.000 0.028
687.000 0.028
688.000 0.029
689.000 0.031
690.000 0.031
691.000 0.033
692.000 0.034
693.000 0.035
694.000 0.038
695.000 0.042
696.000 0.045
697.000 0.048
698.000 0.052
699.000 0.056
700.000 0.059
701.000 0.065
702.000 0.071
703.000 0.076
704.000 0.080
705.000 0.086
706.000 0.092
707.000 0.097
708.000 0.103
709.000 0.109
710.000 0.116
711.000 0.122
712.000 0.129
713.000 0.135
714.000 0.143
715.000 0.150
716.000 0.157
717.000 0.166
718.000 0.176
719.000 0.186
720.000 0.195
721.000 0.202
722.000 0.209
723.000 0.217
724.000 0.227
725.000 0.237
726.000 0.247
727.000 0.256
728.000 0.263
729.000 0.273
730.000 0.282
731.000 0.289
732.000 0.296
733.000 0.303
734.000 0.309
735.000 0.315
736.000 0.322
737.000 0.328
738.000 0.335
739.000 0.340
740.000 0.346
741.000 0.351
742.000 0.355
743.000 0.360
744.000 0.365
745.000 0.368
746.000 0.372
747.000 0.376
748.000 0.379
749.000 0.382
750.000 0.385
751.000 0.388
752.000 0.391
753.000 0.393
754.000 0.395
755.000 0.397
756.000 0.399
757.000 0.401
758.000 0.403
759.000 0.406
760.000 0.411
761.000 0.420
762.000 0.424
763.000 0.425
764.000 0.424
765.000 0.421
766.000 0.419
767.000 0.417
768.000 0.417
769.000 0.416
770.000 0.416
771.000 0.417
772.000 0.417
773.000 0.418
774.000 0.418
775.000 0.419
776.000 0.420
777.000 0.420
778.000 0.421
779.000 0.421
780.000 0.422
781.000 0.422
782.000 0.423
783.000 0.424
784.000 0.424
785.000 0.425
786.000 0.426
787.000 0.427
788.000 0.428
789.000 0.429
790.000 0.430
791.000 0.430
792.000 0.431
793.000 0.431
794.000 0.431
795.000 0.432
796.000 0.433
797.000 0.434
798.000 0.434
799.000 0.435
800.000 0.436
801.000 0.436
802.000 0.437
803.000 0.437
804.000 0.438
805.000 0.438
806.000 0.438
807.000 0.438
808.000 0.439
809.000 0.440
810.000 0.441
811.000 0.443
812.000 0.445
813.000 0.448
814.000 0.450
815.000 0.452
816.000 0.454
817.000 0.455
818.000 0.455
819.000 0.454
820.000 0.454
821.000 0.453
822.000 0.454
823.000 0.454
824.000 0.454
825.000 0.454
826.000 0.454
827.000 0.454
828.000 0.455
829.000 0.455
830.000 0.455
831.000 0.455
832.000 0.455
833.000 0.455
834.000 0.454
835.000 0.454
836.000 0.455
837.000 0.454
838.000 0.454
839.000 0.454
840.000 0.454
841.000 0.454
842.000 0.454
843.000 0.454
844.000 0.454
845.000 0.454
846.000 0.454
847.000 0.454
848.000 0.455
849.000 0.455
850.000 0.455
851.000 0.456
852.000 0.456
853.000 0.457
854.000 0.457
855.000 0.458
856.000 0.458
857.000 0.458
858.000 0.459
859.000 0.459
860.000 0.459
861.000 0.459
862.000 0.460
863.000 0.460
864.000 0.460
865.000 0.461
866.000 0.461
867.000 0.462
868.000 0.462
869.000 0.462
870.000 0.462
871.000 0.463
872.000 0.463
873.000 0.463
874.000 0.463
875.000 0.464
876.000 0.464
877.000 0.464
878.000 0.465
879.000 0.466
880.000 0.466
881.000 0.466
882.000 0.467
883.000 0.467
884.000 0.468
885.000 0.468
886.000 0.469
887.000 0.469
888.000 0.469
889.000 0.470
890.000 0.471
891.000 0.472
892.000 0.474
893.000 0.476
894.000 0.477
895.000 0.479
896.000 0.481
897.000 0.483
898.000 0.486
899.000 0.488
900.000 0.488
901.000 0.488
902.000 0.488
903.000 0.488
904.000 0.487
905.000 0.487
906.000 0.488
907.000 0.490
908.000 0.491
909.000 0.493
910.000 0.494
911.000 0.495
912.000 0.496
913.000 0.497
914.000 0.497
915.000 0.498
916.000 0.498
917.000 0.497
918.000 0.496
919.000 0.496
920.000 0.494
921.000 0.494
922.000 0.494
923.000 0.494
924.000 0.495
925.000 0.497
926.000 0.499
927.000 0.501
928.000 0.504
929.000 0.506
930.000 0.510
931.000 0.516
932.000 0.519
933.000 0.527
934.000 0.531
935.000 0.530
936.000 0.534
937.000 0.537
938.000 0.535
939.000 0.531
940.000 0.532
941.000 0.531
942.000 0.532
943.000 0.536
944.000 0.539
945.000 0.534
946.000 0.530
947.000 0.530
948.000 0.531
949.000 0.529
950.000 0.528
951.000 0.528
952.000 0.529
953.000 0.523
954.000 0.517
955.000 0.514
956.000 0.513
957.000 0.516
958.000 0.516
959.000 0.512
960.000 0.509
961.000 0.506
962.000 0.505
963.000 0.502
964.000 0.497
965.000 0.495
966.000 0.494
967.000 0.493
968.000 0.491
969.000 0.491
970.000 0.491
971.000 0.489
972.000 0.489
973.000 0.488
974.000 0.488
975.000 0.486
976.000 0.488
977.000 0.489
978.000 0.490
979.000 0.486
980.000 0.483
981.000 0.485
982.000 0.485
983.000 0.484
984.000 0.485
985.000 0.483
986.000 0.483
987.000 0.484
988.000 0.485
989.000 0.484
990.000 0.483
991.000 0.483
992.000 0.484
993.000 0.482
994.000 0.483
995.000 0.484
996.000 0.484
997.000 0.486
998.000 0.485
999.000 0.486
1000.000 0.488
1001.000 0.490
1002.000 0.492
1003.000 0.492
1004.000 0.493
1005.000 0.492
1006.000 0.492
1007.000 0.493
1008.000 0.493
1009.000 0.494
1010.000 0.495
1011.000 0.496
1012.000 0.498
1013.000 0.498
1014.000 0.499
1015.000 0.500
1016.000 0.501
1017.000 0.502
1018.000 0.502
1019.000 0.502
1020.000 0.503
1021.000 0.503
1022.000 0.504
1023.000 0.505
1024.000 0.505
1025.000 0.505
1026.000 0.505
1027.000 0.505
1028.000 0.506
1029.000 0.507
1030.000 0.508
1031.000 0.509
1032.000 0.510
1033.000 0.510
1034.000 0.510
1035.000 0.510
1036.000 0.511
1037.000 0.510
1038.000 0.512
1039.000 0.513
1040.000 0.513
1041.000 0.515
1042.000 0.515
1043.000 0.516
1044.000 0.517
1045.000 0.517
1046.000 0.517
1047.000 0.517
1048.000 0.518
1049.000 0.518
1050.000 0.519
1051.000 0.519
1052.000 0.520
1053.000 0.520
1054.000 0.520
1055.000 0.521
1056.000 0.522
1057.000 0.522
1058.000 0.522
1059.000 0.522
1060.000 0.522
1061.000 0.523
1062.000 0.524
1063.000 0.526
1064.000 0.526
1065.000 0.527
1066.000 0.526
1067.000 0.526
1068.000 0.526
1069.000 0.528
1070.000 0.529
1071.000 0.530
1072.000 0.530
1073.000 0.530
1074.000 0.529
1075.000 0.529
1076.000 0.529
1077.000 0.529
1078.000 0.530
1079.000 0.531
1080.000 0.531
1081.000 0.532
1082.000 0.533
1083.000 0.533
1084.000 0.533
1085.000 0.533
1086.000 0.534
1087.000 0.535
1088.000 0.536
1089.000 0.537
1090.000 0.538
1091.000 0.539
1092.000 0.540
1093.000 0.541
1094.000 0.541
1095.000 0.543
1096.000 0.544
1097.000 0.544
1098.000 0.546
1099.000 0.547
1100.000 0.548
1101.000 0.550
1102.000 0.552
1103.000 0.554
1104.000 0.556
1105.000 0.558
1106.000 0.559
1107.000 0.559
1108.000 0.561
1109.000 0.563
1110.000 0.565
1111.000 0.567
1112.000 0.569
1113.000 0.572
1114.000 0.574
1115.000 0.578
1116.000 0.584
1117.000 0.588
1118.000 0.593
1119.000 0.600
1120.000 0.607
1121.000 0.616
1122.000 0.622
1123.000 0.628
1124.000 0.634
1125.000 0.640
1126.000 0.646
1127.000 0.649
1128.000 0.648
1129.000 0.645
1130.000 0.646
1131.000 0.643
1132.000 0.637
1133.000 0.636
1134.000 0.627
1135.000 0.618
1136.000 0.611
1137.000 0.602
1138.000 0.595
1139.000 0.587
1140.000 0.584
1141.000 0.586
1142.000 0.586
1143.000 0.591
1144.000 0.593
1145.000 0.592
1146.000 0.588
1147.000 0.583
1148.000 0.575
1149.000 0.568
1150.000 0.561
1151.000 0.559
1152.000 0.555
1153.000 0.549
1154.000 0.546
1155.000 0.540
1156.000 0.535
1157.000 0.531
1158.000 0.529
1159.000 0.526
1160.000 0.521
1161.000 0.517
1162.000 0.514
1163.000 0.511
1164.000 0.511
1165.000 0.509
1166.000 0.508
1167.000 0.507
1168.000 0.505
1169.000 0.504
1170.000 0.503
1171.000 0.502
1172.000 0.500
1173.000 0.500
1174.000 0.500
1175.000 0.498
1176.000 0.497
1177.000 0.500
1178.000 0.500
1179.000 0.499
1180.000 0.499
1181.000 0.498
1182.000 0.497
1183.000 0.497
1184.000 0.497
1185.000 0.498
1186.000 0.497
1187.000 0.496
1188.000 0.496
1189.000 0.496
1190.000 0.495
1191.000 0.495
1192.000 0.495
1193.000 0.495
1194.000 0.495
1195.000 0.495
1196.000 0.495
1197.000 0.495
1198.000 0.494
1199.000 0.494
1200.000 0.494
1201.000 0.494
1202.000 0.495
1203.000 0.495
1204.000 0.495
1205.000 0.495
1206.000 0.495
1207.000 0.495
1208.000 0.496
1209.000 0.498
1210.000 0.500
1211.000 0.501
1212.000 0.500
1213.000 0.499
1214.000 0.498
1215.000 0.497
1216.000 0.497
1217.000 0.498
1218.000 0.499
1219.000 0.499
1220.000 0.499
1221.000 0.500
1222.000 0.500
1223.000 0.501
1224.000 0.501
1225.000 0.501
1226.000 0.501
1227.000 0.501
1228.000 0.502
1229.000 0.503
1230.000 0.504
1231.000 0.504
1232.000 0.505
1233.000 0.505
1234.000 0.505
1235.000 0.505
1236.000 0.505
1237.000 0.506
1238.000 0.506
1239.000 0.507
1240.000 0.508
1241.000 0.509
1242.000 0.508
1243.000 0.508
1244.000 0.509
1245.000 0.510
1246.000 0.511
1247.000 0.511
1248.000 0.511
1249.000 0.510
1250.000 0.511
1251.000 0.512
1252.000 0.512
1253.000 0.513
1254.000 0.514
1255.000 0.515
1256.000 0.516
1257.000 0.517
1258.000 0.517
1259.000 0.518
1260.000 0.519
1261.000 0.520
1262.000 0.521
1263.000 0.522
1264.000 0.522
1265.000 0.522
1266.000 0.522
1267.000 0.522
1268.000 0.522
1269.000 0.523
1270.000 0.523
1271.000 0.524
1272.000 0.524
1273.000 0.523
1274.000 0.523
1275.000 0.523
1276.000 0.523
1277.000 0.523
1278.000 0.523
1279.000 0.523
1280.000 0.523
1281.000 0.524
1282.000 0.524
1283.000 0.524
1284.000 0.523
1285.000 0.523
1286.000 0.523
1287.000 0.523
1288.000 0.523
1289.000 0.523
1290.000 0.523
1291.000 0.523
1292.000 0.523
1293.000 0.523
1294.000 0.522
1295.000 0.524
1296.000 0.524
1297.000 0.523
1298.000 0.523
1299.000 0.523
1300.000 0.523
1301.000 0.524
1302.000 0.524
1303.000 0.523
1304.000 0.522
1305.000 0.522
1306.000 0.522
1307.000 0.523
1308.000 0.523
1309.000 0.523
1310.000 0.522
1311.000 0.521
1312.000 0.520
1313.000 0.520
1314.000 0.519
1315.000 0.520
1316.000 0.520
1317.000 0.519
1318.000 0.519
1319.000 0.517
1320.000 0.516
1321.000 0.516
1322.000 0.515
1323.000 0.515
1324.000 0.515
1325.000 0.516
1326.000 0.515
1327.000 0.515
1328.000 0.518
1329.000 0.518
1330.000 0.517
1331.000 0.517
1332.000 0.516
1333.000 0.516
1334.000 0.517
1335.000 0.516
1336.000 0.511
1337.000 0.510
1338.000 0.512
1339.000 0.513
1340.000 0.520
1341.000 0.522
1342.000 0.517
1343.000 0.516
1344.000 0.511
1345.000 0.509
1346.000 0.519
1347.000 0.525
1348.000 0.531
1349.000 0.532
1350.000 0.545
1351.000 0.560
1352.000 0.602
1353.000 0.664
1354.000 0.516
1355.000 0.561
1356.000 0.266
1357.000 0.637
1358.000 0.565
1359.000 0.467
1360.000 0.699
1361.000 0.732
1362.000 0.707
1363.000 0.607
1364.000 0.551
1365.000 0.455
1366.000 0.321
1367.000 0.261
1368.000 0.265
1369.000 0.442
1370.000 0.504
1371.000 0.508
1372.000 0.564
1373.000 0.461
1374.000 0.354
1375.000 0.162
1376.000 0.141
1377.000 0.138
1378.000 0.646
1379.000 0.719
1380.000 0.765
1381.000 0.784
1382.000 0.809
1383.000 0.820
1384.000 0.418
1385.000 0.307
1386.000 0.240
1387.000 0.221
1388.000 0.361
1389.000 0.389
1390.000 0.389
1391.000 0.425
1392.000 0.529
1393.000 0.436
1394.000 0.772
1395.000 0.782
1396.000 0.817
1397.000 0.862
1398.000 0.856
1399.000 0.842
1400.000 0.860
1401.000 0.780
1402.000 0.711
1403.000 0.551
1404.000 0.381
1405.000 0.406
1406.000 0.402
1407.000 0.360
1408.000 0.250
1409.000 0.348
1410.000 0.699
1411.000 0.566
1412.000 0.472
1413.000 0.360
1414.000 0.239
1415.000 0.104
1416.000 0.089
1417.000 0.087
1418.000 0.187
1419.000 0.529
1420.000 0.491
1421.000 0.427
1422.000 0.491
1423.000 0.433
1424.000 0.471
1425.000 0.483
1426.000 0.533
1427.000 0.598
1428.000 0.594
1429.000 0.617
1430.000 0.640
1431.000 0.359
1432.000 0.399
1433.000 0.464
1434.000 0.515
1435.000 0.537
1436.000 0.462
1437.000 0.353
1438.000 0.393
1439.000 0.243
1440.000 0.722
1441.000 0.268
1442.000 0.413
1443.000 0.417
1444.000 0.412
1445.000 0.385
1446.000 0.363
1447.000 0.285
1448.000 0.331
1449.000 0.449
1450.000 0.459
1451.000 0.289
1452.000 0.271
1453.000 0.265
1454.000 0.260
1455.000 0.296
1456.000 0.282
1457.000 0.252
1458.000 0.203
1459.000 0.192
1460.000 0.168
1461.000 0.165
1462.000 0.175
1463.000 0.176
1464.000 0.221
1465.000 0.229
1466.000 0.235
1467.000 0.192
1468.000 0.179
1469.000 0.183
1470.000 0.224
1471.000 0.227
1472.000 0.246
1473.000 0.256
1474.000 0.243
1475.000 0.237
1476.000 0.237
1477.000 0.193
1478.000 0.183
1479.000 0.178
1480.000 0.173
1481.000 0.175
1482.000 0.195
1483.000 0.199
1484.000 0.189
1485.000 0.191
1486.000 0.189
1487.000 0.190
1488.000 0.202
1489.000 0.206
1490.000 0.207
1491.000 0.206
1492.000 0.203
1493.000 0.200
1494.000 0.195
1495.000 0.195
1496.000 0.199
1497.000 0.202
1498.000 0.203
1499.000 0.209
1500.000 0.210
1501.000 0.213
1502.000 0.216
1503.000 0.218
1504.000 0.220
1505.000 0.219
1506.000 0.217
1507.000 0.211
1508.000 0.210
1509.000 0.210
1510.000 0.211
1511.000 0.216
1512.000 0.218
1513.000 0.220
1514.000 0.221
1515.000 0.221
1516.000 0.220
1517.000 0.219
1518.000 0.219
1519.000 0.218
1520.000 0.219
1521.000 0.222
1522.000 0.225
1523.000 0.231
1524.000 0.232
1525.000 0.232
1526.000 0.233
1527.000 0.235
1528.000 0.236
1529.000 0.238
1530.000 0.239
1531.000 0.237
1532.000 0.238
1533.000 0.238
1534.000 0.238
1535.000 0.237
1536.000 0.238
1537.000 0.240
1538.000 0.241
1539.000 0.243
1540.000 0.245
1541.000 0.249
1542.000 0.250
1543.000 0.253
1544.000 0.254
1545.000 0.253
1546.000 0.253
1547.000 0.252
1548.000 0.252
1549.000 0.251
1550.000 0.252
1551.000 0.253
1552.000 0.255
1553.000 0.257
1554.000 0.258
1555.000 0.261
1556.000 0.263
1557.000 0.266
1558.000 0.268
1559.000 0.269
1560.000 0.270
1561.000 0.269
1562.000 0.269
1563.000 0.271
1564.000 0.272
1565.000 0.273
1566.000 0.274
1567.000 0.273
1568.000 0.273
1569.000 0.275
1570.000 0.276
1571.000 0.280
1572.000 0.281
1573.000 0.281
1574.000 0.282
1575.000 0.282
1576.000 0.283
1577.000 0.286
1578.000 0.288
1579.000 0.288
1580.000 0.289
1581.000 0.289
1582.000 0.289
1583.000 0.292
1584.000 0.293
1585.000 0.294
1586.000 0.296
1587.000 0.297
1588.000 0.298
1589.000 0.299
1590.000 0.300
1591.000 0.304
1592.000 0.304
1593.000 0.305
1594.000 0.305
1595.000 0.303
1596.000 0.303
1597.000 0.304
1598.000 0.305
1599.000 0.306
1600.000 0.308
1601.000 0.309
1602.000 0.311
1603.000 0.313
1604.000 0.314
1605.000 0.317
1606.000 0.319
1607.000 0.321
1608.000 0.322
1609.000 0.321
1610.000 0.320
1611.000 0.319
1612.000 0.319
1613.000 0.319
1614.000 0.319
1615.000 0.321
1616.000 0.322
1617.000 0.324
1618.000 0.326
1619.000 0.327
1620.000 0.328
1621.000 0.328
1622.000 0.329
1623.000 0.328
1624.000 0.328
1625.000 0.329
1626.000 0.331
1627.000 0.335
1628.000 0.336
1629.000 0.335
1630.000 0.336
1631.000 0.335
1632.000 0.335
1633.000 0.337
1634.000 0.338
1635.000 0.338
1636.000 0.337
1637.000 0.338
1638.000 0.338
1639.000 0.339
1640.000 0.339
1641.000 0.340
1642.000 0.340
1643.000 0.340
1644.000 0.340
1645.000 0.339
1646.000 0.339
1647.000 0.339
1648.000 0.339
1649.000 0.339
1650.000 0.340
1651.000 0.341
1652.000 0.342
1653.000 0.343
1654.000 0.343
1655.000 0.344
1656.000 0.343
1657.000 0.344
1658.000 0.344
1659.000 0.342
1660.000 0.342
1661.000 0.342
1662.000 0.343
1663.000 0.347
1664.000 0.349
1665.000 0.352
1666.000 0.353
1667.000 0.353
1668.000 0.350
1669.000 0.343
1670.000 0.340
1671.000 0.340
1672.000 0.339
1673.000 0.342
1674.000 0.343
1675.000 0.339
1676.000 0.340
1677.000 0.339
1678.000 0.341
1679.000 0.346
1680.000 0.347
1681.000 0.344
1682.000 0.344
1683.000 0.339
1684.000 0.338
1685.000 0.342
1686.000 0.342
1687.000 0.342
1688.000 0.342
1689.000 0.343
1690.000 0.343
1691.000 0.344
1692.000 0.345
1693.000 0.345
1694.000 0.345
1695.000 0.344
1696.000 0.343
1697.000 0.339
1698.000 0.338
1699.000 0.339
1700.000 0.339
1701.000 0.341
1702.000 0.342
1703.000 0.343
1704.000 0.343
1705.000 0.344
1706.000 0.344
1707.000 0.343
1708.000 0.342
1709.000 0.340
1710.000 0.337
1711.000 0.333
1712.000 0.333
1713.000 0.333
1714.000 0.331
1715.000 0.332
1716.000 0.333
1717.000 0.330
1718.000 0.331
1719.000 0.333
1720.000 0.331
1721.000 0.329
1722.000 0.328
1723.000 0.326
1724.000 0.326
1725.000 0.331
1726.000 0.332
1727.000 0.331
1728.000 0.327
1729.000 0.321
1730.000 0.320
1731.000 0.321
1732.000 0.322
1733.000 0.326
1734.000 0.327
1735.000 0.328
1736.000 0.329
1737.000 0.329
1738.000 0.324
1739.000 0.323
1740.000 0.324
1741.000 0.323
1742.000 0.324
1743.000 0.325
1744.000 0.327
1745.000 0.327
1746.000 0.324
1747.000 0.321
1748.000 0.315
1749.000 0.311
1750.000 0.310
1751.000 0.309
1752.000 0.313
1753.000 0.311
1754.000 0.304
1755.000 0.303
1756.000 0.302
1757.000 0.303
1758.000 0.313
1759.000 0.314
1760.000 0.314
1761.000 0.316
1762.000 0.316
1763.000 0.322
1764.000 0.328
1765.000 0.327
1766.000 0.327
1767.000 0.322
1768.000 0.319
1769.000 0.317
1770.000 0.316
1771.000 0.313
1772.000 0.301
1773.000 0.295
1774.000 0.291
1775.000 0.290
1776.000 0.299
1777.000 0.309
1778.000 0.313
1779.000 0.303
1780.000 0.307
1781.000 0.314
1782.000 0.313
1783.000 0.316
1784.000 0.313
1785.000 0.308
1786.000 0.306
1787.000 0.321
1788.000 0.322
1789.000 0.299
1790.000 0.287
1791.000 0.268
1792.000 0.242
1793.000 0.248
1794.000 0.277
1795.000 0.301
1796.000 0.330
1797.000 0.367
1798.000 0.402
1799.000 0.398
1800.000 0.365
1801.000 0.431
1802.000 0.479
1803.000 0.616
1804.000 0.693
1805.000 0.605
1806.000 0.454
1807.000 0.536
1808.000 0.542
1809.000 0.584
1810.000 0.473
1811.000 0.399
1812.000 0.370
1813.000 0.278
1814.000 0.188
1815.000 0.273
1816.000 0.349
1817.000 0.636
1818.000 0.577
1819.000 0.451
1820.000 0.406
1821.000 0.463
1822.000 0.492
1823.000 0.455
1824.000 0.511
1825.000 0.409
1826.000 0.637
1827.000 0.701
1828.000 0.694
1829.000 0.710
1830.000 0.731
1831.000 0.622
1832.000 0.534
1833.000 0.411
1834.000 0.326
1835.000 0.213
1836.000 0.218
1837.000 0.446
1838.000 0.393
1839.000 0.356
1840.000 0.425
1841.000 0.396
1842.000 0.346
1843.000 0.550
1844.000 0.448
1845.000 0.305
1846.000 0.280
1847.000 0.335
1848.000 0.220
1849.000 0.685
1850.000 0.644
1851.000 0.606
1852.000 0.575
1853.000 0.575
1854.000 0.564
1855.000 0.570
1856.000 0.297
1857.000 0.504
1858.000 0.695
1859.000 0.622
1860.000 0.460
1861.000 0.433
1862.000 0.479
1863.000 0.226
1864.000 0.235
1865.000 0.286
1866.000 0.358
1867.000 0.382
1868.000 0.371
1869.000 0.433
1870.000 0.482
1871.000 0.850
1872.000 0.897
1873.000 0.699
1874.000 0.468
1875.000 0.422
1876.000 0.383
1877.000 0.367
1878.000 0.469
1879.000 0.516
1880.000 0.554
1881.000 0.579
1882.000 0.495
1883.000 0.673
1884.000 0.607
1885.000 0.565
1886.000 0.512
1887.000 0.454
1888.000 0.432
1889.000 0.578
1890.000 0.458
1891.000 0.670
1892.000 0.376
1893.000 0.479
1894.000 0.447
1895.000 0.478
1896.000 0.529
1897.000 0.804
1898.000 0.125
1899.000 0.185
1900.000 0.254
1901.000 0.307
1902.000 0.319
1903.000 0.331
1904.000 0.404
1905.000 0.362
1906.000 0.701
1907.000 0.632
1908.000 0.634
1909.000 0.604
1910.000 0.599
1911.000 0.602
1912.000 0.497
1913.000 0.415
1914.000 0.520
1915.000 0.626
1916.000 0.510
1917.000 0.673
1918.000 0.570
1919.000 0.599
1920.000 0.595
1921.000 0.639
1922.000 0.680
1923.000 0.713
1924.000 0.732
1925.000 0.760
1926.000 0.603
1927.000 0.684
1928.000 0.569
1929.000 0.513
1930.000 0.768
1931.000 0.666
1932.000 0.551
1933.000 0.503
1934.000 0.370
1935.000 0.368
1936.000 0.540
1937.000 0.647
1938.000 0.692
1939.000 0.523
1940.000 0.447
1941.000 0.687
1942.000 0.692
1943.000 0.278
1944.000 0.312
1945.000 0.291
1946.000 0.309
1947.000 0.318
1948.000 0.325
1949.000 0.342
1950.000 0.356
1951.000 0.576
1952.000 0.368
1953.000 0.354
1954.000 0.361
1955.000 0.350
1956.000 0.423
1957.000 0.466
1958.000 0.493
1959.000 0.488
1960.000 0.444
1961.000 0.599
1962.000 0.423
1963.000 0.251
1964.000 0.215
1965.000 0.249
1966.000 0.408
1967.000 0.448
1968.000 0.516
1969.000 0.566
1970.000 0.608
1971.000 0.604
1972.000 0.606
1973.000 0.615
1974.000 0.567
1975.000 0.546
1976.000 0.530
1977.000 0.618
1978.000 0.637
1979.000 0.652
1980.000 0.664
1981.000 0.685
1982.000 0.606
1983.000 0.619
1984.000 0.514
1985.000 0.531
1986.000 0.460
1987.000 0.439
1988.000 0.430
1989.000 0.473
1990.000 0.456
1991.000 0.602
1992.000 0.662
1993.000 0.658
1994.000 0.596
1995.000 0.564
1996.000 0.100
1997.000 0.203
1998.000 0.196
1999.000 0.249
2000.000 0.273
2001.000 0.312
2002.000 0.321
2003.000 0.341
2004.000 0.364
2005.000 0.410
2006.000 0.471
2007.000 0.476
2008.000 0.532
2009.000 0.804
2010.000 0.667
2011.000 0.483
2012.000 0.095
2013.000 0.683
2014.000 0.475
2015.000 0.472
2016.000 0.876
2017.000 0.799
2018.000 0.727
2019.000 0.627
2020.000 0.502
2021.000 0.430
2022.000 0.162
2023.000 0.288
2024.000 0.419
2025.000 0.537
2026.000 0.660
2027.000 0.457
2028.000 0.349
2029.000 0.354
2030.000 0.417
2031.000 0.335
2032.000 0.361
2033.000 0.368
2034.000 0.352
2035.000 0.376
2036.000 0.428
2037.000 0.312
2038.000 0.330
2039.000 0.311
2040.000 0.265
2041.000 0.360
2042.000 0.393
2043.000 0.457
2044.000 0.440
2045.000 0.334
2046.000 0.346
2047.000 0.317
2048.000 0.320
2049.000 0.523
2050.000 0.520
2051.000 0.437
2052.000 0.479
2053.000 0.476
2054.000 0.352
2055.000 0.304
2056.000 0.278
2057.000 0.311
2058.000 0.334
2059.000 0.418
2060.000 0.372
2061.000 0.353
2062.000 0.280
2063.000 0.273
2064.000 0.247
2065.000 0.273
2066.000 0.306
2067.000 0.368
2068.000 0.394
2069.000 0.470
2070.000 0.428
2071.000 0.421
2072.000 0.384
2073.000 0.304
2074.000 0.284
2075.000 0.283
2076.000 0.279
2077.000 0.306
2078.000 0.319
2079.000 0.324
2080.000 0.313
2081.000 0.297
2082.000 0.273
2083.000 0.262
2084.000 0.245
2085.000 0.244
2086.000 0.276
2087.000 0.277
2088.000 0.267
2089.000 0.263
2090.000 0.242
2091.000 0.233
2092.000 0.235
2093.000 0.235
2094.000 0.233
2095.000 0.241
2096.000 0.276
2097.000 0.287
2098.000 0.290
2099.000 0.279
2100.000 0.266
2101.000 0.255
2102.000 0.274
2103.000 0.284
2104.000 0.293
2105.000 0.302
2106.000 0.301
2107.000 0.310
2108.000 0.299
2109.000 0.297
2110.000 0.286
2111.000 0.257
2112.000 0.255
2113.000 0.268
2114.000 0.270
2115.000 0.272
2116.000 0.272
2117.000 0.266
2118.000 0.254
2119.000 0.267
2120.000 0.275
2121.000 0.272
2122.000 0.272
2123.000 0.257
2124.000 0.224
2125.000 0.221
2126.000 0.227
2127.000 0.240
2128.000 0.277
2129.000 0.276
2130.000 0.254
2131.000 0.248
2132.000 0.221
2133.000 0.213
2134.000 0.225
2135.000 0.230
2136.000 0.237
2137.000 0.242
2138.000 0.254
2139.000 0.274
2140.000 0.279
2141.000 0.289
2142.000 0.289
2143.000 0.271
2144.000 0.267
2145.000 0.278
2146.000 0.272
2147.000 0.262
2148.000 0.275
2149.000 0.269
2150.000 0.273
2151.000 0.304
2152.000 0.310
2153.000 0.304
2154.000 0.295
2155.000 0.276
2156.000 0.263
2157.000 0.265
2158.000 0.258
2159.000 0.253
2160.000 0.259
2161.000 0.265
2162.000 0.274
2163.000 0.277
2164.000 0.282
2165.000 0.274
2166.000 0.250
2167.000 0.243
2168.000 0.238
2169.000 0.235
2170.000 0.236
2171.000 0.237
2172.000 0.235
2173.000 0.243
2174.000 0.262
2175.000 0.274
2176.000 0.285
2177.000 0.304
2178.000 0.297
2179.000 0.278
2180.000 0.269
2181.000 0.270
2182.000 0.289
2183.000 0.309
2184.000 0.311
2185.000 0.308
2186.000 0.299
2187.000 0.277
2188.000 0.274
2189.000 0.285
2190.000 0.289
2191.000 0.299
2192.000 0.296
2193.000 0.278
2194.000 0.273
2195.000 0.261
2196.000 0.263
2197.000 0.270
2198.000 0.285
2199.000 0.331
2200.000 0.344
2201.000 0.346
2202.000 0.331
2203.000 0.294
2204.000 0.254
2205.000 0.231
2206.000 0.231
2207.000 0.222
2208.000 0.229
2209.000 0.238
2210.000 0.260
2211.000 0.261
2212.000 0.265
2213.000 0.256
2214.000 0.229
2215.000 0.219
2216.000 0.208
2217.000 0.208
2218.000 0.222
2219.000 0.235
2220.000 0.261
2221.000 0.281
2222.000 0.306
2223.000 0.318
2224.000 0.321
2225.000 0.317
2226.000 0.302
2227.000 0.277
2228.000 0.259
2229.000 0.246
2230.000 0.229
2231.000 0.229
2232.000 0.252
2233.000 0.259
2234.000 0.278
2235.000 0.300
2236.000 0.287
2237.000 0.281
2238.000 0.262
2239.000 0.225
2240.000 0.217
2241.000 0.218
2242.000 0.215
2243.000 0.217
2244.000 0.213
2245.000 0.202
2246.000 0.202
2247.000 0.203
2248.000 0.218
2249.000 0.251
2250.000 0.271
2251.000 0.290
2252.000 0.309
2253.000 0.324
2254.000 0.340
2255.000 0.372
2256.000 0.373
2257.000 0.365
2258.000 0.319
2259.000 0.288
2260.000 0.279
2261.000 0.244
2262.000 0.259
2263.000 0.279
2264.000 0.275
2265.000 0.274
2266.000 0.255
2267.000 0.289
2268.000 0.279
2269.000 0.274
2270.000 0.273
2271.000 0.271
2272.000 0.226
2273.000 0.234
2274.000 0.263
2275.000 0.267
2276.000 0.261
2277.000 0.263
2278.000 0.238
2279.000 0.221
2280.000 0.173
2281.000 0.151
2282.000 0.168
2283.000 0.179
2284.000 0.194
2285.000 0.195
2286.000 0.197
2287.000 0.218
2288.000 0.291
2289.000 0.306
2290.000 0.347
2291.000 0.330
2292.000 0.235
2293.000 0.210
2294.000 0.232
2295.000 0.251
2296.000 0.328
2297.000 0.457
2298.000 0.438
2299.000 0.336
2300.000 0.359
2301.000 0.257
2302.000 0.270
2303.000 0.364
2304.000 0.390
2305.000 0.425
2306.000 0.421
2307.000 0.347
2308.000 0.316
2309.000 0.261
2310.000 0.283
2311.000 0.245
2312.000 0.155
2313.000 0.128
2314.000 0.115
2315.000 0.150
2316.000 0.181
2317.000 0.241
2318.000 0.260
2319.000 0.268
2320.000 0.376
2321.000 0.438
2322.000 0.392
2323.000 0.470
2324.000 0.669
2325.000 0.441
2326.000 0.450
2327.000 0.312
2328.000 0.489
2329.000 0.685
2330.000 0.634
2331.000 0.486
2332.000 0.509
2333.000 0.401
2334.000 0.363
2335.000 0.379
2336.000 0.401
2337.000 0.384
2338.000 0.382
2339.000 0.397
2340.000 0.409
2341.000 0.395
2342.000 0.441
2343.000 0.506
2344.000 0.647
2345.000 0.342
2346.000 0.449
2347.000 0.282
2348.000 0.283
2349.000 0.525
2350.000 0.516
2351.000 0.514
2352.000 0.525
2353.000 0.441
2354.000 0.528
2355.000 0.587
2356.000 0.456
2357.000 0.274
2358.000 0.279
2359.000 0.398
2360.000 0.387
2361.000 0.526
2362.000 0.420
2363.000 0.356
2364.000 0.472
2365.000 0.467
2366.000 0.125
2367.000 0.191
2368.000 0.290
2369.000 0.344
2370.000 0.372
2371.000 0.445
2372.000 0.489
2373.000 0.499
2374.000 0.316
2375.000 0.713
2376.000 0.711
2377.000 0.720
2378.000 0.452
2379.000 0.329
2380.000 0.322
2381.000 0.329
2382.000 0.232
2383.000 0.504
2384.000 0.493
2385.000 0.634
2386.000 0.819
2387.000 0.748
2388.000 0.655
2389.000 0.584
2390.000 0.573
2391.000 0.310
2392.000 0.274
2393.000 0.809
2394.000 0.445
2395.000 0.436
2396.000 0.308
2397.000 0.357
2398.000 0.395
2399.000 0.471
2400.000 0.557
2401.000 0.404
2402.000 0.509
2403.000 0.541
2404.000 0.638
2405.000 0.093
2406.000 0.117
2407.000 0.051
2408.000 0.250
2409.000 0.220
2410.000 0.142
2411.000 0.234
2412.000 0.405
2413.000 0.645
2414.000 0.636
2415.000 0.435
2416.000 0.278
2417.000 0.176
2418.000 0.266
2419.000 0.337
2420.000 0.457
2421.000 0.638
2422.000 0.364
2423.000 0.366
2424.000 0.461
2425.000 0.334
2426.000 0.194
2427.000 0.092
2428.000 0.388
2429.000 0.672
2430.000 0.561
2431.000 0.531
2432.000 0.432
2433.000 0.389
2434.000 0.174
2435.000 0.191
2436.000 0.150
2437.000 0.189
2438.000 0.245
2439.000 0.771
2440.000 0.491
2441.000 0.184
2442.000 0.290
2443.000 0.376
2444.000 0.321
2445.000 0.284
2446.000 0.217
2447.000 0.241
2448.000 0.245
2449.000 0.276
2450.000 0.308
2451.000 0.401
2452.000 0.174
2453.000 0.201
2454.000 0.280
2455.000 0.354
2456.000 0.391
2457.000 0.127
2458.000 0.227
2459.000 0.314
2460.000 0.192
2461.000 0.240
2462.000 0.412
2463.000 0.298
2464.000 0.249
2465.000 0.166
2466.000 0.160
2467.000 0.183
2468.000 0.259
2469.000 0.310
2470.000 0.368
2471.000 0.262
2472.000 0.607
2473.000 0.386
2474.000 0.464
2475.000 0.558
2476.000 0.428
2477.000 0.300
2478.000 0.461
2479.000 0.185
2480.000 0.197
2481.000 0.257
2482.000 0.206
2483.000 0.213
2484.000 0.433
2485.000 0.348
2486.000 0.314
2487.000 0.259
2488.000 0.265
2489.000 0.159
2490.000 0.250
2491.000 0.203
2492.000 0.149
2493.000 0.634
2494.000 0.415
2495.000 0.395
2496.000 0.504
2497.000 0.453
2498.000 0.432
2499.000 0.410
2500.000 0.460
