391.000 0.031
392.000 0.027
393.000 0.025
394.000 0.031
395.000 0.030
396.000 0.026
397.000 0.024
398.000 0.023
399.000 0.022
400.000 0.026
401.000 0.032
402.000 0.024
403.000 0.025
404.000 0.030
405.000 0.029
406.000 0.028
407.000 0.024
408.000 0.023
409.000 0.027
410.000 0.027
411.000 0.025
412.000 0.024
413.000 0.025
414.000 0.027
415.000 0.027
416.000 0.026
417.000 0.028
418.000 0.029
419.000 0.028
420.000 0.027
421.000 0.027
422.000 0.027
423.000 0.025
424.000 0.025
425.000 0.027
426.000 0.028
427.000 0.028
428.000 0.027
429.000 0.026
430.000 0.026
431.000 0.026
432.000 0.026
433.000 0.028
434.000 0.029
435.000 0.026
436.000 0.024
437.000 0.026
438.000 0.027
439.000 0.027
440.000 0.027
441.000 0.026
442.000 0.024
443.000 0.024
444.000 0.025
445.000 0.026
446.000 0.026
447.000 0.026
448.000 0.027
449.000 0.027
450.000 0.027
451.000 0.027
452.000 0.027
453.000 0.028
454.000 0.028
455.000 0.029
456.000 0.028
457.000 0.027
458.000 0.027
459.000 0.028
460.000 0.027
461.000 0.025
462.000 0.024
463.000 0.025
464.000 0.028
465.000 0.027
466.000 0.027
467.000 0.028
468.000 0.027
469.000 0.028
470.000 0.029
471.000 0.028
472.000 0.026
473.000 0.027
474.000 0.029
475.000 0.029
476.000 0.028
477.000 0.027
478.000 0.027
479.000 0.028
480.000 0.028
481.000 0.028
482.000 0.028
483.000 0.027
484.000 0.026
485.000 0.027
486.000 0.027
487.000 0.028
488.000 0.029
489.000 0.030
490.000 0.027
491.000 0.025
492.000 0.026
493.000 0.029
494.000 0.029
495.000 0.029
496.000 0.031
497.000 0.031
498.000 0.031
499.000 0.030
500.000 0.030
501.000 0.032
502.000 0.032
503.000 0.033
504.000 0.032
505.000 0.033
506.000 0.034
507.000 0.035
508.000 0.036
509.000 0.038
510.000 0.040
511.000 0.041
512.000 0.043
513.000 0.044
514.000 0.045
515.000 0.047
516.000 0.050
517.000 0.053
518.000 0.055
519.000 0.058
520.000 0.060
521.000 0.062
522.000 0.064
523.000 0.066
524.000 0.069
525.000 0.072
526.000 0.075
527.000 0.077
528.000 0.080
529.000 0.082
530.000 0.083
531.000 0.085
532.000 0.088
533.000 0.088
534.000 0.090
535.000 0.092
536.000 0.092
537.000 0.093
538.000 0.094
539.000 0.095
540.000 0.094
541.000 0.095
542.000 0.096
543.000 0.096
544.000 0.096
545.000 0.096
546.000 0.096
547.000 0.097
548.000 0.097
549.000 0.098
550.000 0.097
551.000 0.098
552.000 0.098
553.000 0.098
554.000 0.098
555.000 0.097
556.000 0.097
557.000 0.097
558.000 0.095
559.000 0.094
560.000 0.093
561.000 0.092
562.000 0.091
563.000 0.090
564.000 0.090
565.000 0.088
566.000 0.085
567.000 0.084
568.000 0.083
569.000 0.080
570.000 0.079
571.000 0.077
572.000 0.075
573.000 0.074
574.000 0.072
575.000 0.071
576.000 0.071
577.000 0.069
578.000 0.067
579.000 0.067
580.000 0.067
581.000 0.065
582.000 0.064
583.000 0.064
584.000 0.064
585.000 0.063
586.000 0.061
587.000 0.061
588.000 0.060
589.000 0.060
590.000 0.059
591.000 0.059
592.000 0.058
593.000 0.058
594.000 0.058
595.000 0.057
596.000 0.056
597.000 0.056
598.000 0.057
599.000 0.057
600.000 0.057
601.000 0.056
602.000 0.055
603.000 0.054
604.000 0.054
605.000 0.054
606.000 0.054
607.000 0.053
608.000 0.052
609.000 0.053
610.000 0.053
611.000 0.053
612.000 0.051
613.000 0.050
614.000 0.049
615.000 0.049
616.000 0.049
617.000 0.048
618.000 0.048
619.000 0.049
620.000 0.047
621.000 0.046
622.000 0.047
623.000 0.046
624.000 0.046
625.000 0.047
626.000 0.048
627.000 0.047
628.000 0.048
629.000 0.048
630.000 0.048
631.000 0.047
632.000 0.047
633.000 0.047
634.000 0.046
635.000 0.047
636.000 0.047
637.000 0.044
638.000 0.044
639.000 0.044
640.000 0.043
641.000 0.041
642.000 0.040
643.000 0.041
644.000 0.041
645.000 0.039
646.000 0.039
647.000 0.040
648.000 0.040
649.000 0.037
650.000 0.037
651.000 0.038
652.000 0.039
653.000 0.037
654.000 0.036
655.000 0.039
656.000 0.038
657.000 0.037
658.000 0.037
659.000 0.038
660.000 0.038
661.000 0.037
662.000 0.037
663.000 0.036
664.000 0.036
665.000 0.036
666.000 0.034
667.000 0.036
668.000 0.037
669.000 0.036
670.000 0.036
671.000 0.035
672.000 0.036
673.000 0.037
674.000 0.036
675.000 0.036
676.000 0.038
677.000 0.039
678.000 0.041
679.000 0.041
680.000 0.039
681.000 0.041
682.000 0.042
683.000 0.042
684.000 0.044
685.000 0.045
686.000 0.047
687.000 0.049
688.000 0.049
689.000 0.052
690.000 0.055
691.000 0.058
692.000 0.062
693.000 0.064
694.000 0.070
695.000 0.079
696.000 0.084
697.000 0.090
698.000 0.097
699.000 0.104
700.000 0.112
701.000 0.121
702.000 0.129
703.000 0.138
704.000 0.146
705.000 0.154
706.000 0.162
707.000 0.169
708.000 0.178
709.000 0.186
710.000 0.193
711.000 0.202
712.000 0.210
713.000 0.218
714.000 0.226
715.000 0.233
716.000 0.241
717.000 0.250
718.000 0.260
719.000 0.270
720.000 0.280
721.000 0.288
722.000 0.296
723.000 0.304
724.000 0.313
725.000 0.322
726.000 0.332
727.000 0.341
728.000 0.349
729.000 0.357
730.000 0.365
731.000 0.374
732.000 0.382
733.000 0.389
734.000 0.396
735.000 0.403
736.000 0.410
737.000 0.416
738.000 0.422
739.000 0.428
740.000 0.434
741.000 0.439
742.000 0.444
743.000 0.449
744.000 0.453
745.000 0.457
746.000 0.461
747.000 0.464
748.000 0.467
749.000 0.470
750.000 0.472
751.000 0.475
752.000 0.477
753.000 0.480
754.000 0.481
755.000 0.483
756.000 0.484
757.000 0.486
758.000 0.487
759.000 0.488
760.000 0.488
761.000 0.488
762.000 0.488
763.000 0.488
764.000 0.489
765.000 0.490
766.000 0.492
767.000 0.493
768.000 0.495
769.000 0.495
770.000 0.497
771.000 0.497
772.000 0.498
773.000 0.498
774.000 0.498
775.000 0.498
776.000 0.499
777.000 0.500
778.000 0.500
779.000 0.500
780.000 0.500
781.000 0.500
782.000 0.501
783.000 0.502
784.000 0.502
785.000 0.501
786.000 0.502
787.000 0.502
788.000 0.502
789.000 0.502
790.000 0.502
791.000 0.503
792.000 0.503
793.000 0.504
794.000 0.504
795.000 0.504
796.000 0.504
797.000 0.504
798.000 0.504
799.000 0.504
800.000 0.505
801.000 0.505
802.000 0.505
803.000 0.505
804.000 0.506
805.000 0.506
806.000 0.507
807.000 0.507
808.000 0.507
809.000 0.507
810.000 0.507
811.000 0.507
812.000 0.507
813.000 0.507
814.000 0.507
815.000 0.507
816.000 0.508
817.000 0.507
818.000 0.507
819.000 0.508
820.000 0.509
821.000 0.509
822.000 0.509
823.000 0.509
824.000 0.510
825.000 0.510
826.000 0.510
827.000 0.510
828.000 0.511
829.000 0.510
830.000 0.511
831.000 0.511
832.000 0.511
833.000 0.511
834.000 0.512
835.000 0.512
836.000 0.512
837.000 0.512
838.000 0.512
839.000 0.513
840.000 0.513
841.000 0.513
842.000 0.513
843.000 0.515
844.000 0.514
845.000 0.514
846.000 0.515
847.000 0.515
848.000 0.515
849.000 0.514
850.000 0.515
851.000 0.515
852.000 0.515
853.000 0.516
854.000 0.516
855.000 0.516
856.000 0.516
857.000 0.517
858.000 0.516
859.000 0.517
860.000 0.517
861.000 0.517
862.000 0.517
863.000 0.517
864.000 0.518
865.000 0.518
866.000 0.518
867.000 0.519
868.000 0.518
869.000 0.518
870.000 0.518
871.000 0.519
872.000 0.519
873.000 0.519
874.000 0.519
875.000 0.519
876.000 0.519
877.000 0.520
878.000 0.520
879.000 0.520
880.000 0.520
881.000 0.520
882.000 0.520
883.000 0.520
884.000 0.520
885.000 0.520
886.000 0.520
887.000 0.520
888.000 0.521
889.000 0.521
890.000 0.521
891.000 0.521
892.000 0.521
893.000 0.521
894.000 0.521
895.000 0.521
896.000 0.522
897.000 0.520
898.000 0.521
899.000 0.521
900.000 0.521
901.000 0.522
902.000 0.521
903.000 0.521
904.000 0.522
905.000 0.522
906.000 0.522
907.000 0.521
908.000 0.522
909.000 0.521
910.000 0.522
911.000 0.523
912.000 0.524
913.000 0.523
914.000 0.521
915.000 0.521
916.000 0.523
917.000 0.522
918.000 0.523
919.000 0.523
920.000 0.522
921.000 0.524
922.000 0.524
923.000 0.523
924.000 0.522
925.000 0.523
926.000 0.523
927.000 0.523
928.000 0.523
929.000 0.523
930.000 0.524
931.000 0.524
932.000 0.521
933.000 0.524
934.000 0.527
935.000 0.527
936.000 0.530
937.000 0.522
938.000 0.519
939.000 0.523
940.000 0.521
941.000 0.522
942.000 0.521
943.000 0.521
944.000 0.524
945.000 0.520
946.000 0.516
947.000 0.519
948.000 0.519
949.000 0.515
950.000 0.514
951.000 0.519
952.000 0.517
953.000 0.514
954.000 0.510
955.000 0.511
956.000 0.517
957.000 0.517
958.000 0.513
959.000 0.511
960.000 0.510
961.000 0.511
962.000 0.513
963.000 0.513
964.000 0.514
965.000 0.512
966.000 0.512
967.000 0.513
968.000 0.513
969.000 0.511
970.000 0.511
971.000 0.512
972.000 0.511
973.000 0.512
974.000 0.512
975.000 0.511
976.000 0.511
977.000 0.511
978.000 0.511
979.000 0.512
980.000 0.510
981.000 0.510
982.000 0.511
983.000 0.512
984.000 0.515
985.000 0.514
986.000 0.513
987.000 0.515
988.000 0.517
989.000 0.516
990.000 0.515
991.000 0.515
992.000 0.515
993.000 0.517
994.000 0.518
995.000 0.518
996.000 0.517
997.000 0.520
998.000 0.520
999.000 0.519
1000.000 0.521
1001.000 0.523
1002.000 0.523
1003.000 0.524
1004.000 0.525
1005.000 0.525
1006.000 0.526
1007.000 0.526
1008.000 0.527
1009.000 0.527
1010.000 0.528
1011.000 0.528
1012.000 0.529
1013.000 0.530
1014.000 0.529
1015.000 0.529
1016.000 0.530
1017.000 0.530
1018.000 0.530
1019.000 0.530
1020.000 0.530
1021.000 0.529
1022.000 0.529
1023.000 0.530
1024.000 0.530
1025.000 0.529
1026.000 0.530
1027.000 0.531
1028.000 0.533
1029.000 0.537
1030.000 0.538
1031.000 0.539
1032.000 0.538
1033.000 0.537
1034.000 0.537
1035.000 0.537
1036.000 0.537
1037.000 0.537
1038.000 0.537
1039.000 0.536
1040.000 0.537
1041.000 0.538
1042.000 0.538
1043.000 0.539
1044.000 0.539
1045.000 0.540
1046.000 0.541
1047.000 0.541
1048.000 0.540
1049.000 0.540
1050.000 0.539
1051.000 0.538
1052.000 0.538
1053.000 0.540
1054.000 0.540
1055.000 0.541
1056.000 0.542
1057.000 0.541
1058.000 0.541
1059.000 0.541
1060.000 0.540
1061.000 0.540
1062.000 0.539
1063.000 0.540
1064.000 0.541
1065.000 0.543
1066.000 0.544
1067.000 0.543
1068.000 0.542
1069.000 0.541
1070.000 0.541
1071.000 0.542
1072.000 0.542
1073.000 0.541
1074.000 0.541
1075.000 0.541
1076.000 0.541
1077.000 0.542
1078.000 0.543
1079.000 0.544
1080.000 0.544
1081.000 0.544
1082.000 0.543
1083.000 0.543
1084.000 0.543
1085.000 0.542
1086.000 0.543
1087.000 0.544
1088.000 0.545
1089.000 0.545
1090.000 0.546
1091.000 0.546
1092.000 0.547
1093.000 0.546
1094.000 0.546
1095.000 0.545
1096.000 0.545
1097.000 0.542
1098.000 0.542
1099.000 0.541
1100.000 0.540
1101.000 0.541
1102.000 0.541
1103.000 0.541
1104.000 0.540
1105.000 0.540
1106.000 0.540
1107.000 0.541
1108.000 0.542
1109.000 0.544
1110.000 0.545
1111.000 0.546
1112.000 0.547
1113.000 0.547
1114.000 0.546
1115.000 0.546
1116.000 0.545
1117.000 0.544
1118.000 0.544
1119.000 0.544
1120.000 0.550
1121.000 0.554
1122.000 0.557
1123.000 0.559
1124.000 0.560
1125.000 0.561
1126.000 0.562
1127.000 0.561
1128.000 0.561
1129.000 0.554
1130.000 0.552
1131.000 0.552
1132.000 0.553
1133.000 0.559
1134.000 0.557
1135.000 0.550
1136.000 0.545
1137.000 0.537
1138.000 0.532
1139.000 0.531
1140.000 0.531
1141.000 0.535
1142.000 0.535
1143.000 0.535
1144.000 0.534
1145.000 0.531
1146.000 0.527
1147.000 0.524
1148.000 0.523
1149.000 0.519
1150.000 0.515
1151.000 0.513
1152.000 0.513
1153.000 0.515
1154.000 0.516
1155.000 0.516
1156.000 0.516
1157.000 0.515
1158.000 0.513
1159.000 0.512
1160.000 0.511
1161.000 0.511
1162.000 0.510
1163.000 0.510
1164.000 0.508
1165.000 0.507
1166.000 0.507
1167.000 0.505
1168.000 0.505
1169.000 0.504
1170.000 0.504
1171.000 0.503
1172.000 0.503
1173.000 0.503
1174.000 0.504
1175.000 0.504
1176.000 0.504
1177.000 0.504
1178.000 0.504
1179.000 0.503
1180.000 0.502
1181.000 0.503
1182.000 0.503
1183.000 0.502
1184.000 0.502
1185.000 0.504
1186.000 0.504
1187.000 0.504
1188.000 0.504
1189.000 0.503
1190.000 0.502
1191.000 0.503
1192.000 0.503
1193.000 0.502
1194.000 0.502
1195.000 0.501
1196.000 0.500
1197.000 0.500
1198.000 0.501
1199.000 0.502
1200.000 0.504
1201.000 0.504
1202.000 0.503
1203.000 0.504
1204.000 0.504
1205.000 0.505
1206.000 0.505
1207.000 0.506
1208.000 0.505
1209.000 0.505
1210.000 0.505
1211.000 0.505
1212.000 0.505
1213.000 0.505
1214.000 0.505
1215.000 0.505
1216.000 0.505
1217.000 0.507
1218.000 0.507
1219.000 0.508
1220.000 0.508
1221.000 0.507
1222.000 0.508
1223.000 0.509
1224.000 0.509
1225.000 0.509
1226.000 0.510
1227.000 0.510
1228.000 0.510
1229.000 0.510
1230.000 0.511
1231.000 0.510
1232.000 0.510
1233.000 0.510
1234.000 0.509
1235.000 0.510
1236.000 0.512
1237.000 0.512
1238.000 0.512
1239.000 0.513
1240.000 0.512
1241.000 0.513
1242.000 0.512
1243.000 0.512
1244.000 0.513
1245.000 0.514
1246.000 0.515
1247.000 0.515
1248.000 0.515
1249.000 0.515
1250.000 0.516
1251.000 0.516
1252.000 0.516
1253.000 0.516
1254.000 0.517
1255.000 0.516
1256.000 0.516
1257.000 0.516
1258.000 0.516
1259.000 0.515
1260.000 0.515
1261.000 0.516
1262.000 0.516
1263.000 0.516
1264.000 0.516
1265.000 0.515
1266.000 0.515
1267.000 0.515
1268.000 0.515
1269.000 0.516
1270.000 0.516
1271.000 0.517
1272.000 0.517
1273.000 0.517
1274.000 0.517
1275.000 0.518
1276.000 0.518
1277.000 0.518
1278.000 0.518
1279.000 0.518
1280.000 0.519
1281.000 0.519
1282.000 0.520
1283.000 0.520
1284.000 0.520
1285.000 0.520
1286.000 0.520
1287.000 0.520
1288.000 0.519
1289.000 0.520
1290.000 0.520
1291.000 0.520
1292.000 0.519
1293.000 0.519
1294.000 0.518
1295.000 0.518
1296.000 0.517
1297.000 0.516
1298.000 0.516
1299.000 0.516
1300.000 0.516
1301.000 0.516
1302.000 0.515
1303.000 0.514
1304.000 0.514
1305.000 0.513
1306.000 0.513
1307.000 0.512
1308.000 0.511
1309.000 0.512
1310.000 0.511
1311.000 0.511
1312.000 0.509
1313.000 0.505
1314.000 0.503
1315.000 0.503
1316.000 0.502
1317.000 0.504
1318.000 0.504
1319.000 0.501
1320.000 0.499
1321.000 0.496
1322.000 0.493
1323.000 0.491
1324.000 0.490
1325.000 0.489
1326.000 0.490
1327.000 0.490
1328.000 0.490
1329.000 0.489
1330.000 0.486
1331.000 0.483
1332.000 0.478
1333.000 0.476
1334.000 0.472
1335.000 0.470
1336.000 0.472
1337.000 0.474
1338.000 0.480
1339.000 0.484
1340.000 0.488
1341.000 0.491
1342.000 0.490
1343.000 0.490
1344.000 0.488
1345.000 0.489
1346.000 0.491
1347.000 0.494
1348.000 0.501
1349.000 0.526
1350.000 0.547
1351.000 0.565
1352.000 0.616
1353.000 0.702
1354.000 0.741
1355.000 0.778
1356.000 0.567
1357.000 0.402
1358.000 0.460
1359.000 0.380
1360.000 0.274
1361.000 0.430
1362.000 0.431
1363.000 0.359
1364.000 0.450
1365.000 0.312
1366.000 0.376
1367.000 0.322
1368.000 0.380
1369.000 0.633
1370.000 0.541
1371.000 0.478
1372.000 0.608
1373.000 0.415
1374.000 0.478
1375.000 0.563
1376.000 0.538
1377.000 0.359
1378.000 0.265
1379.000 0.373
1380.000 0.364
1381.000 0.436
1382.000 0.351
1383.000 0.382
1384.000 0.419
1385.000 0.237
1386.000 0.331
1387.000 0.492
1388.000 0.549
1389.000 0.630
1390.000 0.608
1391.000 0.670
1392.000 0.521
1393.000 0.507
1394.000 0.468
1395.000 0.391
1396.000 0.540
1397.000 0.715
1398.000 0.346
1399.000 0.347
1400.000 0.643
1401.000 0.647
1402.000 0.576
1403.000 0.541
1404.000 0.413
1405.000 0.334
1406.000 0.274
1407.000 0.225
1408.000 0.251
1409.000 0.274
1410.000 0.387
1411.000 0.614
1412.000 0.811
1413.000 0.895
1414.000 0.836
1415.000 0.642
1416.000 0.631
1417.000 0.440
1418.000 0.454
1419.000 0.566
1420.000 0.578
1421.000 0.602
1422.000 0.550
1423.000 0.456
1424.000 0.407
1425.000 0.399
1426.000 0.410
1427.000 0.504
1428.000 0.431
1429.000 0.438
1430.000 0.361
1431.000 0.272
1432.000 0.250
1433.000 0.568
1434.000 0.707
1435.000 0.694
1436.000 0.569
1437.000 0.379
1438.000 0.278
1439.000 0.296
1440.000 0.327
1441.000 0.268
1442.000 0.269
1443.000 0.283
1444.000 0.291
1445.000 0.235
1446.000 0.237
1447.000 0.253
1448.000 0.214
1449.000 0.222
1450.000 0.252
1451.000 0.259
1452.000 0.260
1453.000 0.257
1454.000 0.276
1455.000 0.275
1456.000 0.264
1457.000 0.246
1458.000 0.211
1459.000 0.199
1460.000 0.189
1461.000 0.197
1462.000 0.225
1463.000 0.232
1464.000 0.247
1465.000 0.259
1466.000 0.265
1467.000 0.256
1468.000 0.255
1469.000 0.248
1470.000 0.235
1471.000 0.217
1472.000 0.194
1473.000 0.190
1474.000 0.213
1475.000 0.228
1476.000 0.305
1477.000 0.315
1478.000 0.262
1479.000 0.256
1480.000 0.230
1481.000 0.227
1482.000 0.249
1483.000 0.250
1484.000 0.240
1485.000 0.235
1486.000 0.221
1487.000 0.221
1488.000 0.233
1489.000 0.236
1490.000 0.238
1491.000 0.241
1492.000 0.245
1493.000 0.243
1494.000 0.239
1495.000 0.237
1496.000 0.229
1497.000 0.227
1498.000 0.234
1499.000 0.238
1500.000 0.239
1501.000 0.244
1502.000 0.244
1503.000 0.244
1504.000 0.245
1505.000 0.245
1506.000 0.246
1507.000 0.247
1508.000 0.251
1509.000 0.260
1510.000 0.261
1511.000 0.259
1512.000 0.260
1513.000 0.257
1514.000 0.257
1515.000 0.260
1516.000 0.262
1517.000 0.262
1518.000 0.264
1519.000 0.269
1520.000 0.270
1521.000 0.268
1522.000 0.269
1523.000 0.270
1524.000 0.271
1525.000 0.274
1526.000 0.273
1527.000 0.270
1528.000 0.268
1529.000 0.266
1530.000 0.267
1531.000 0.270
1532.000 0.272
1533.000 0.278
1534.000 0.281
1535.000 0.281
1536.000 0.283
1537.000 0.285
1538.000 0.286
1539.000 0.288
1540.000 0.290
1541.000 0.289
1542.000 0.290
1543.000 0.294
1544.000 0.295
1545.000 0.297
1546.000 0.299
1547.000 0.300
1548.000 0.301
1549.000 0.305
1550.000 0.307
1551.000 0.306
1552.000 0.305
1553.000 0.303
1554.000 0.304
1555.000 0.308
1556.000 0.310
1557.000 0.315
1558.000 0.317
1559.000 0.315
1560.000 0.315
1561.000 0.315
1562.000 0.315
1563.000 0.318
1564.000 0.319
1565.000 0.319
1566.000 0.320
1567.000 0.321
1568.000 0.321
1569.000 0.322
1570.000 0.323
1571.000 0.325
1572.000 0.326
1573.000 0.331
1574.000 0.332
1575.000 0.329
1576.000 0.329
1577.000 0.331
1578.000 0.334
1579.000 0.341
1580.000 0.345
1581.000 0.346
1582.000 0.347
1583.000 0.346
1584.000 0.345
1585.000 0.344
1586.000 0.344
1587.000 0.345
1588.000 0.346
1589.000 0.347
1590.000 0.349
1591.000 0.352
1592.000 0.352
1593.000 0.353
1594.000 0.354
1595.000 0.356
1596.000 0.356
1597.000 0.357
1598.000 0.357
1599.000 0.356
1600.000 0.355
1601.000 0.356
1602.000 0.356
1603.000 0.354
1604.000 0.355
1605.000 0.355
1606.000 0.356
1607.000 0.360
1608.000 0.362
1609.000 0.362
1610.000 0.362
1611.000 0.361
1612.000 0.360
1613.000 0.359
1614.000 0.359
1615.000 0.358
1616.000 0.359
1617.000 0.361
1618.000 0.362
1619.000 0.363
1620.000 0.364
1621.000 0.363
1622.000 0.362
1623.000 0.361
1624.000 0.360
1625.000 0.360
1626.000 0.362
1627.000 0.365
1628.000 0.367
1629.000 0.369
1630.000 0.371
1631.000 0.371
1632.000 0.373
1633.000 0.378
1634.000 0.380
1635.000 0.378
1636.000 0.378
1637.000 0.377
1638.000 0.377
1639.000 0.376
1640.000 0.378
1641.000 0.379
1642.000 0.380
1643.000 0.380
1644.000 0.381
1645.000 0.382
1646.000 0.383
1647.000 0.387
1648.000 0.389
1649.000 0.388
1650.000 0.387
1651.000 0.386
1652.000 0.384
1653.000 0.383
1654.000 0.382
1655.000 0.382
1656.000 0.382
1657.000 0.385
1658.000 0.386
1659.000 0.384
1660.000 0.385
1661.000 0.387
1662.000 0.386
1663.000 0.386
1664.000 0.386
1665.000 0.380
1666.000 0.378
1667.000 0.380
1668.000 0.380
1669.000 0.382
1670.000 0.382
1671.000 0.380
1672.000 0.381
1673.000 0.381
1674.000 0.381
1675.000 0.382
1676.000 0.381
1677.000 0.379
1678.000 0.377
1679.000 0.375
1680.000 0.374
1681.000 0.372
1682.000 0.373
1683.000 0.377
1684.000 0.377
1685.000 0.377
1686.000 0.379
1687.000 0.382
1688.000 0.383
1689.000 0.385
1690.000 0.386
1691.000 0.380
1692.000 0.378
1693.000 0.379
1694.000 0.380
1695.000 0.386
1696.000 0.387
1697.000 0.384
1698.000 0.383
1699.000 0.378
1700.000 0.377
1701.000 0.380
1702.000 0.380
1703.000 0.377
1704.000 0.375
1705.000 0.372
1706.000 0.373
1707.000 0.379
1708.000 0.380
1709.000 0.382
1710.000 0.379
1711.000 0.370
1712.000 0.365
1713.000 0.364
1714.000 0.361
1715.000 0.364
1716.000 0.365
1717.000 0.362
1718.000 0.361
1719.000 0.362
1720.000 0.362
1721.000 0.366
1722.000 0.367
1723.000 0.366
1724.000 0.367
1725.000 0.367
1726.000 0.370
1727.000 0.372
1728.000 0.371
1729.000 0.370
1730.000 0.368
1731.000 0.365
1732.000 0.361
1733.000 0.358
1734.000 0.356
1735.000 0.358
1736.000 0.359
1737.000 0.359
1738.000 0.361
1739.000 0.361
1740.000 0.362
1741.000 0.363
1742.000 0.360
1743.000 0.360
1744.000 0.362
1745.000 0.363
1746.000 0.368
1747.000 0.369
1748.000 0.371
1749.000 0.368
1750.000 0.361
1751.000 0.356
1752.000 0.346
1753.000 0.341
1754.000 0.336
1755.000 0.333
1756.000 0.332
1757.000 0.333
1758.000 0.338
1759.000 0.336
1760.000 0.334
1761.000 0.336
1762.000 0.334
1763.000 0.337
1764.000 0.343
1765.000 0.341
1766.000 0.339
1767.000 0.334
1768.000 0.333
1769.000 0.338
1770.000 0.347
1771.000 0.357
1772.000 0.356
1773.000 0.347
1774.000 0.340
1775.000 0.342
1776.000 0.341
1777.000 0.342
1778.000 0.356
1779.000 0.369
1780.000 0.390
1781.000 0.415
1782.000 0.416
1783.000 0.384
1784.000 0.369
1785.000 0.348
1786.000 0.342
1787.000 0.360
1788.000 0.349
1789.000 0.323
1790.000 0.314
1791.000 0.298
1792.000 0.307
1793.000 0.352
1794.000 0.409
1795.000 0.434
1796.000 0.537
1797.000 0.545
1798.000 0.643
1799.000 0.666
1800.000 0.530
1801.000 0.591
1802.000 0.508
1803.000 0.615
1804.000 0.492
1805.000 0.635
1806.000 0.658
1807.000 0.669
1808.000 0.632
1809.000 0.665
1810.000 0.652
1811.000 0.647
1812.000 0.652
1813.000 0.493
1814.000 0.482
1815.000 0.623
1816.000 0.634
1817.000 0.711
1818.000 0.646
1819.000 0.410
1820.000 0.392
1821.000 0.408
1822.000 0.403
1823.000 0.409
1824.000 0.378
1825.000 0.303
1826.000 0.311
1827.000 0.403
1828.000 0.556
1829.000 0.460
1830.000 0.376
1831.000 0.214
1832.000 0.150
1833.000 0.263
1834.000 0.370
1835.000 0.419
1836.000 0.350
1837.000 0.268
1838.000 0.304
1839.000 0.359
1840.000 0.278
1841.000 0.471
1842.000 0.735
1843.000 0.572
1844.000 0.516
1845.000 0.400
1846.000 0.613
1847.000 0.367
1848.000 0.606
1849.000 0.522
1850.000 0.473
1851.000 0.405
1852.000 0.358
1853.000 0.541
1854.000 0.531
1855.000 0.370
1856.000 0.249
1857.000 0.250
1858.000 0.304
1859.000 0.326
1860.000 0.218
1861.000 0.124
1862.000 0.214
1863.000 0.234
1864.000 0.224
1865.000 0.430
1866.000 0.829
1867.000 0.508
1868.000 0.528
1869.000 0.673
1870.000 0.469
1871.000 0.428
1872.000 0.394
1873.000 0.316
1874.000 0.236
1875.000 0.226
1876.000 0.256
1877.000 0.286
1878.000 0.395
1879.000 0.542
1880.000 0.531
1881.000 0.474
1882.000 0.502
1883.000 0.646
1884.000 0.691
1885.000 0.444
1886.000 0.532
1887.000 0.659
1888.000 0.543
1889.000 0.447
1890.000 0.316
1891.000 0.307
1892.000 0.178
1893.000 0.163
1894.000 0.168
1895.000 0.241
1896.000 0.221
1897.000 0.296
1898.000 0.234
1899.000 0.120
1900.000 0.186
1901.000 0.310
1902.000 0.363
1903.000 0.418
1904.000 0.482
1905.000 0.518
1906.000 0.420
1907.000 0.327
1908.000 0.206
1909.000 0.244
1910.000 0.304
1911.000 0.308
1912.000 0.553
1913.000 0.562
1914.000 0.590
1915.000 0.677
1916.000 0.547
1917.000 0.325
1918.000 0.388
1919.000 0.463
1920.000 0.550
1921.000 0.624
1922.000 0.617
1923.000 0.672
1924.000 0.497
1925.000 0.628
1926.000 0.572
1927.000 0.525
1928.000 0.476
1929.000 0.381
1930.000 0.296
1931.000 0.726
1932.000 0.658
1933.000 0.542
1934.000 0.458
1935.000 0.350
1936.000 0.513
1937.000 0.376
1938.000 0.524
1939.000 0.603
1940.000 0.693
1941.000 0.327
1942.000 0.320
1943.000 0.493
1944.000 0.605
1945.000 0.521
1946.000 0.491
1947.000 0.475
1948.000 0.448
1949.000 0.406
1950.000 0.398
1951.000 0.747
1952.000 0.600
1953.000 0.407
1954.000 0.396
1955.000 0.304
1956.000 0.376
1957.000 0.584
1958.000 0.631
1959.000 0.649
1960.000 0.561
1961.000 0.496
1962.000 0.344
1963.000 0.334
1964.000 0.392
1965.000 0.260
1966.000 0.362
1967.000 0.372
1968.000 0.398
1969.000 0.457
1970.000 0.650
1971.000 0.675
1972.000 0.497
1973.000 0.646
1974.000 0.486
1975.000 0.416
1976.000 0.540
1977.000 0.527
1978.000 0.441
1979.000 0.555
1980.000 0.580
1981.000 0.520
1982.000 0.326
1983.000 0.267
1984.000 0.677
1985.000 0.520
1986.000 0.461
1987.000 0.447
1988.000 0.428
1989.000 0.359
1990.000 0.370
1991.000 0.390
1992.000 0.405
1993.000 0.381
1994.000 0.460
1995.000 0.386
1996.000 0.325
1997.000 0.280
1998.000 0.328
1999.000 0.381
2000.000 0.545
2001.000 0.658
2002.000 0.603
2003.000 0.566
2004.000 0.499
2005.000 0.405
2006.000 0.299
2007.000 0.262
2008.000 0.300
2009.000 0.498
2010.000 0.640
2011.000 0.540
2012.000 0.404
2013.000 0.427
2014.000 0.388
2015.000 0.351
2016.000 0.327
2017.000 0.438
2018.000 0.431
2019.000 0.305
2020.000 0.419
2021.000 0.324
2022.000 0.281
2023.000 0.398
2024.000 0.440
2025.000 0.494
2026.000 0.522
2027.000 0.425
2028.000 0.318
2029.000 0.276
2030.000 0.266
2031.000 0.247
2032.000 0.282
2033.000 0.276
2034.000 0.268
2035.000 0.244
2036.000 0.266
2037.000 0.203
2038.000 0.185
2039.000 0.185
2040.000 0.186
2041.000 0.236
2042.000 0.261
2043.000 0.300
2044.000 0.320
2045.000 0.309
2046.000 0.319
2047.000 0.319
2048.000 0.321
2049.000 0.348
2050.000 0.349
2051.000 0.318
2052.000 0.337
2053.000 0.336
2054.000 0.341
2055.000 0.379
2056.000 0.385
2057.000 0.374
2058.000 0.301
2059.000 0.312
2060.000 0.315
2061.000 0.307
2062.000 0.335
2063.000 0.348
2064.000 0.350
2065.000 0.322
2066.000 0.266
2067.000 0.242
2068.000 0.236
2069.000 0.244
2070.000 0.266
2071.000 0.291
2072.000 0.294
2073.000 0.295
2074.000 0.272
2075.000 0.217
2076.000 0.200
2077.000 0.193
2078.000 0.180
2079.000 0.192
2080.000 0.201
2081.000 0.213
2082.000 0.218
2083.000 0.233
2084.000 0.243
2085.000 0.222
2086.000 0.218
2087.000 0.222
2088.000 0.225
2089.000 0.239
2090.000 0.298
2091.000 0.312
2092.000 0.294
2093.000 0.292
2094.000 0.265
2095.000 0.265
2096.000 0.298
2097.000 0.303
2098.000 0.303
2099.000 0.290
2100.000 0.266
2101.000 0.230
2102.000 0.210
2103.000 0.211
2104.000 0.208
2105.000 0.209
2106.000 0.218
2107.000 0.235
2108.000 0.238
2109.000 0.259
2110.000 0.268
2111.000 0.265
2112.000 0.272
2113.000 0.286
2114.000 0.288
2115.000 0.288
2116.000 0.292
2117.000 0.292
2118.000 0.292
2119.000 0.273
2120.000 0.291
2121.000 0.301
2122.000 0.280
2123.000 0.271
2124.000 0.259
2125.000 0.257
2126.000 0.248
2127.000 0.254
2128.000 0.287
2129.000 0.289
2130.000 0.279
2131.000 0.276
2132.000 0.258
2133.000 0.253
2134.000 0.263
2135.000 0.265
2136.000 0.264
2137.000 0.274
2138.000 0.274
2139.000 0.274
2140.000 0.278
2141.000 0.275
2142.000 0.274
2143.000 0.275
2144.000 0.270
2145.000 0.261
2146.000 0.251
2147.000 0.234
2148.000 0.225
2149.000 0.214
2150.000 0.217
2151.000 0.236
2152.000 0.247
2153.000 0.269
2154.000 0.285
2155.000 0.290
2156.000 0.306
2157.000 0.314
2158.000 0.307
2159.000 0.315
2160.000 0.298
2161.000 0.285
2162.000 0.271
2163.000 0.261
2164.000 0.243
2165.000 0.236
2166.000 0.238
2167.000 0.237
2168.000 0.235
2169.000 0.236
2170.000 0.243
2171.000 0.242
2172.000 0.240
2173.000 0.242
2174.000 0.233
2175.000 0.238
2176.000 0.261
2177.000 0.267
2178.000 0.285
2179.000 0.309
2180.000 0.288
2181.000 0.288
2182.000 0.295
2183.000 0.281
2184.000 0.285
2185.000 0.317
2186.000 0.311
2187.000 0.286
2188.000 0.275
2189.000 0.250
2190.000 0.241
2191.000 0.244
2192.000 0.243
2193.000 0.242
2194.000 0.248
2195.000 0.270
2196.000 0.280
2197.000 0.289
2198.000 0.287
2199.000 0.267
2200.000 0.257
2201.000 0.243
2202.000 0.232
2203.000 0.226
2204.000 0.231
2205.000 0.225
2206.000 0.220
2207.000 0.216
2208.000 0.208
2209.000 0.209
2210.000 0.217
2211.000 0.220
2212.000 0.224
2213.000 0.228
2214.000 0.229
2215.000 0.238
2216.000 0.260
2217.000 0.269
2218.000 0.276
2219.000 0.278
2220.000 0.266
2221.000 0.264
2222.000 0.269
2223.000 0.270
2224.000 0.278
2225.000 0.276
2226.000 0.272
2227.000 0.246
2228.000 0.222
2229.000 0.210
2230.000 0.207
2231.000 0.216
2232.000 0.235
2233.000 0.247
2234.000 0.260
2235.000 0.279
2236.000 0.284
2237.000 0.293
2238.000 0.296
2239.000 0.284
2240.000 0.278
2241.000 0.281
2242.000 0.268
2243.000 0.240
2244.000 0.231
2245.000 0.218
2246.000 0.227
2247.000 0.249
2248.000 0.271
2249.000 0.279
2250.000 0.296
2251.000 0.291
2252.000 0.286
2253.000 0.291
2254.000 0.293
2255.000 0.305
2256.000 0.293
2257.000 0.262
2258.000 0.235
2259.000 0.212
2260.000 0.189
2261.000 0.205
2262.000 0.231
2263.000 0.252
2264.000 0.273
2265.000 0.276
2266.000 0.261
2267.000 0.267
2268.000 0.287
2269.000 0.272
2270.000 0.263
2271.000 0.254
2272.000 0.221
2273.000 0.221
2274.000 0.208
2275.000 0.214
2276.000 0.219
2277.000 0.229
2278.000 0.274
2279.000 0.267
2280.000 0.213
2281.000 0.204
2282.000 0.191
2283.000 0.199
2284.000 0.257
2285.000 0.274
2286.000 0.272
2287.000 0.267
2288.000 0.284
2289.000 0.285
2290.000 0.330
2291.000 0.329
2292.000 0.240
2293.000 0.242
2294.000 0.244
2295.000 0.260
2296.000 0.333
2297.000 0.422
2298.000 0.410
2299.000 0.358
2300.000 0.280
2301.000 0.241
2302.000 0.251
2303.000 0.233
2304.000 0.264
2305.000 0.289
2306.000 0.324
2307.000 0.294
2308.000 0.303
2309.000 0.296
2310.000 0.266
2311.000 0.191
2312.000 0.184
2313.000 0.199
2314.000 0.222
2315.000 0.253
2316.000 0.328
2317.000 0.302
2318.000 0.292
2319.000 0.317
2320.000 0.280
2321.000 0.259
2322.000 0.236
2323.000 0.306
2324.000 0.306
2325.000 0.210
2326.000 0.237
2327.000 0.266
2328.000 0.284
2329.000 0.386
2330.000 0.335
2331.000 0.235
2332.000 0.264
2333.000 0.187
2334.000 0.230
2335.000 0.265
2336.000 0.262
2337.000 0.420
2338.000 0.490
2339.000 0.349
2340.000 0.307
2341.000 0.244
2342.000 0.221
2343.000 0.255
2344.000 0.322
2345.000 0.212
2346.000 0.211
2347.000 0.171
2348.000 0.162
2349.000 0.127
2350.000 0.151
2351.000 0.289
2352.000 0.385
2353.000 0.401
2354.000 0.733
2355.000 0.336
2356.000 0.338
2357.000 0.285
2358.000 0.534
2359.000 0.549
2360.000 0.474
2361.000 0.399
2362.000 0.337
2363.000 0.307
2364.000 0.285
2365.000 0.340
2366.000 0.342
2367.000 0.500
2368.000 0.419
2369.000 0.406
2370.000 0.308
2371.000 0.286
2372.000 0.310
2373.000 0.347
2374.000 0.378
2375.000 0.283
2376.000 0.357
2377.000 0.418
2378.000 0.540
2379.000 0.537
2380.000 0.436
2381.000 0.484
2382.000 0.458
2383.000 0.441
2384.000 0.586
2385.000 0.369
2386.000 0.407
2387.000 0.318
2388.000 0.294
2389.000 0.536
2390.000 0.660
2391.000 0.740
2392.000 0.464
2393.000 0.171
2394.000 0.265
2395.000 0.398
2396.000 0.208
2397.000 0.329
2398.000 0.385
2399.000 0.347
2400.000 0.453
2401.000 0.409
2402.000 0.433
2403.000 0.294
2404.000 0.256
2405.000 0.384
2406.000 0.519
2407.000 0.432
2408.000 0.474
2409.000 0.471
2410.000 0.574
2411.000 0.586
2412.000 0.561
2413.000 0.549
2414.000 0.298
2415.000 0.304
2416.000 0.366
2417.000 0.347
2418.000 0.343
2419.000 0.506
2420.000 0.617
2421.000 0.601
2422.000 0.633
2423.000 0.596
2424.000 0.768
2425.000 0.407
2426.000 0.392
2427.000 0.396
2428.000 0.573
2429.000 0.646
2430.000 0.667
2431.000 0.604
2432.000 0.344
2433.000 0.267
2434.000 0.205
2435.000 0.300
2436.000 0.283
2437.000 0.268
2438.000 0.311
2439.000 0.499
2440.000 0.411
2441.000 0.407
2442.000 0.420
2443.000 0.442
2444.000 0.401
2445.000 0.392
2446.000 0.377
2447.000 0.412
2448.000 0.394
2449.000 0.407
2450.000 0.545
2451.000 0.538
2452.000 0.360
2453.000 0.595
2454.000 0.753
2455.000 0.785
2456.000 0.820
2457.000 0.767
2458.000 0.724
2459.000 0.697
2460.000 0.637
2461.000 0.590
2462.000 0.522
2463.000 0.474
2464.000 0.492
2465.000 0.496
2466.000 0.408
2467.000 0.348
2468.000 0.350
2469.000 0.445
2470.000 0.308
2471.000 0.252
2472.000 0.264
2473.000 0.247
2474.000 0.462
2475.000 0.479
2476.000 0.391
2477.000 0.410
2478.000 0.464
2479.000 0.494
2480.000 0.504
2481.000 0.679
2482.000 0.507
2483.000 0.346
2484.000 0.228
2485.000 0.155
2486.000 0.384
2487.000 0.648
2488.000 0.614
2489.000 0.492
2490.000 0.372
2491.000 0.341
2492.000 0.353
2493.000 0.403
2494.000 0.314
2495.000 0.308
2496.000 0.427
2497.000 0.384
2498.000 0.498
2499.000 0.464
2500.000 0.780
