391.000 0.019
392.000 0.018
393.000 0.014
394.000 0.015
395.000 0.015
396.000 0.015
397.000 0.015
398.000 0.014
399.000 0.015
400.000 0.016
401.000 0.016
402.000 0.015
403.000 0.015
404.000 0.016
405.000 0.016
406.000 0.016
407.000 0.014
408.000 0.014
409.000 0.016
410.000 0.016
411.000 0.015
412.000 0.015
413.000 0.016
414.000 0.015
415.000 0.015
416.000 0.016
417.000 0.015
418.000 0.015
419.000 0.016
420.000 0.016
421.000 0.015
422.000 0.015
423.000 0.015
424.000 0.015
425.000 0.015
426.000 0.015
427.000 0.015
428.000 0.016
429.000 0.016
430.000 0.015
431.000 0.016
432.000 0.015
433.000 0.015
434.000 0.016
435.000 0.016
436.000 0.015
437.000 0.016
438.000 0.017
439.000 0.016
440.000 0.015
441.000 0.016
442.000 0.015
443.000 0.015
444.000 0.015
445.000 0.016
446.000 0.016
447.000 0.016
448.000 0.016
449.000 0.016
450.000 0.016
451.000 0.016
452.000 0.016
453.000 0.016
454.000 0.016
455.000 0.016
456.000 0.016
457.000 0.015
458.000 0.015
459.000 0.016
460.000 0.017
461.000 0.016
462.000 0.016
463.000 0.015
464.000 0.016
465.000 0.016
466.000 0.016
467.000 0.017
468.000 0.016
469.000 0.016
470.000 0.016
471.000 0.016
472.000 0.016
473.000 0.016
474.000 0.017
475.000 0.017
476.000 0.016
477.000 0.016
478.000 0.016
479.000 0.016
480.000 0.016
481.000 0.016
482.000 0.016
483.000 0.016
484.000 0.016
485.000 0.016
486.000 0.016
487.000 0.016
488.000 0.016
489.000 0.017
490.000 0.016
491.000 0.016
492.000 0.016
493.000 0.016
494.000 0.016
495.000 0.017
496.000 0.017
497.000 0.017
498.000 0.017
499.000 0.017
500.000 0.017
501.000 0.018
502.000 0.018
503.000 0.019
504.000 0.018
505.000 0.018
506.000 0.019
507.000 0.019
508.000 0.020
509.000 0.020
510.000 0.021
511.000 0.022
512.000 0.023
513.000 0.024
514.000 0.024
515.000 0.025
516.000 0.026
517.000 0.027
518.000 0.029
519.000 0.030
520.000 0.031
521.000 0.033
522.000 0.034
523.000 0.035
524.000 0.036
525.000 0.037
526.000 0.039
527.000 0.040
528.000 0.042
529.000 0.043
530.000 0.044
531.000 0.045
532.000 0.046
533.000 0.047
534.000 0.048
535.000 0.048
536.000 0.048
537.000 0.049
538.000 0.050
539.000 0.050
540.000 0.050
541.000 0.051
542.000 0.051
543.000 0.051
544.000 0.052
545.000 0.052
546.000 0.052
547.000 0.052
548.000 0.052
549.000 0.052
550.000 0.052
551.000 0.052
552.000 0.052
553.000 0.052
554.000 0.052
555.000 0.052
556.000 0.052
557.000 0.052
558.000 0.051
559.000 0.051
560.000 0.050
561.000 0.049
562.000 0.048
563.000 0.048
564.000 0.047
565.000 0.046
566.000 0.045
567.000 0.044
568.000 0.043
569.000 0.043
570.000 0.042
571.000 0.041
572.000 0.040
573.000 0.039
574.000 0.038
575.000 0.037
576.000 0.037
577.000 0.036
578.000 0.036
579.000 0.035
580.000 0.035
581.000 0.034
582.000 0.033
583.000 0.033
584.000 0.033
585.000 0.032
586.000 0.032
587.000 0.032
588.000 0.031
589.000 0.031
590.000 0.030
591.000 0.030
592.000 0.030
593.000 0.029
594.000 0.030
595.000 0.030
596.000 0.029
597.000 0.029
598.000 0.029
599.000 0.029
600.000 0.028
601.000 0.029
602.000 0.029
603.000 0.028
604.000 0.028
605.000 0.028
606.000 0.028
607.000 0.028
608.000 0.027
609.000 0.026
610.000 0.027
611.000 0.027
612.000 0.026
613.000 0.026
614.000 0.025
615.000 0.025
616.000 0.026
617.000 0.025
618.000 0.025
619.000 0.025
620.000 0.024
621.000 0.024
622.000 0.024
623.000 0.023
624.000 0.023
625.000 0.024
626.000 0.024
627.000 0.024
628.000 0.024
629.000 0.024
630.000 0.024
631.000 0.024
632.000 0.024
633.000 0.024
634.000 0.024
635.000 0.024
636.000 0.023
637.000 0.023
638.000 0.022
639.000 0.022
640.000 0.022
641.000 0.022
642.000 0.021
643.000 0.021
644.000 0.021
645.000 0.021
646.000 0.020
647.000 0.019
648.000 0.019
649.000 0.020
650.000 0.019
651.000 0.019
652.000 0.019
653.000 0.019
654.000 0.019
655.000 0.019
656.000 0.019
657.000 0.019
658.000 0.019
659.000 0.019
660.000 0.019
661.000 0.019
662.000 0.019
663.000 0.018
664.000 0.018
665.000 0.018
666.000 0.018
667.000 0.018
668.000 0.019
669.000 0.019
670.000 0.018
671.000 0.018
672.000 0.018
673.000 0.019
674.000 0.019
675.000 0.019
676.000 0.020
677.000 0.020
678.000 0.020
679.000 0.020
680.000 0.020
681.000 0.021
682.000 0.021
683.000 0.022
684.000 0.022
685.000 0.022
686.000 0.023
687.000 0.024
688.000 0.026
689.000 0.027
690.000 0.028
691.000 0.029
692.000 0.030
693.000 0.033
694.000 0.036
695.000 0.040
696.000 0.044
697.000 0.048
698.000 0.052
699.000 0.056
700.000 0.061
701.000 0.067
702.000 0.074
703.000 0.078
704.000 0.084
705.000 0.090
706.000 0.096
707.000 0.101
708.000 0.108
709.000 0.115
710.000 0.121
711.000 0.128
712.000 0.134
713.000 0.141
714.000 0.148
715.000 0.155
716.000 0.163
717.000 0.171
718.000 0.180
719.000 0.190
720.000 0.200
721.000 0.207
722.000 0.214
723.000 0.222
724.000 0.231
725.000 0.241
726.000 0.250
727.000 0.259
728.000 0.267
729.000 0.276
730.000 0.285
731.000 0.293
732.000 0.300
733.000 0.308
734.000 0.314
735.000 0.321
736.000 0.327
737.000 0.334
738.000 0.341
739.000 0.347
740.000 0.353
741.000 0.358
742.000 0.363
743.000 0.367
744.000 0.372
745.000 0.376
746.000 0.380
747.000 0.383
748.000 0.387
749.000 0.390
750.000 0.393
751.000 0.396
752.000 0.398
753.000 0.401
754.000 0.403
755.000 0.405
756.000 0.407
757.000 0.408
758.000 0.410
759.000 0.412
760.000 0.415
761.000 0.422
762.000 0.424
763.000 0.425
764.000 0.424
765.000 0.423
766.000 0.422
767.000 0.422
768.000 0.422
769.000 0.422
770.000 0.423
771.000 0.423
772.000 0.424
773.000 0.425
774.000 0.425
775.000 0.426
776.000 0.426
777.000 0.427
778.000 0.427
779.000 0.428
780.000 0.428
781.000 0.429
782.000 0.429
783.000 0.430
784.000 0.430
785.000 0.431
786.000 0.432
787.000 0.432
788.000 0.433
789.000 0.434
790.000 0.434
791.000 0.435
792.000 0.436
793.000 0.436
794.000 0.436
795.000 0.437
796.000 0.437
797.000 0.438
798.000 0.438
799.000 0.439
800.000 0.439
801.000 0.439
802.000 0.440
803.000 0.440
804.000 0.441
805.000 0.441
806.000 0.442
807.000 0.442
808.000 0.442
809.000 0.443
810.000 0.443
811.000 0.445
812.000 0.446
813.000 0.448
814.000 0.449
815.000 0.450
816.000 0.451
817.000 0.452
818.000 0.452
819.000 0.452
820.000 0.452
821.000 0.452
822.000 0.452
823.000 0.453
824.000 0.453
825.000 0.453
826.000 0.453
827.000 0.453
828.000 0.454
829.000 0.454
830.000 0.454
831.000 0.454
832.000 0.455
833.000 0.455
834.000 0.455
835.000 0.455
836.000 0.455
837.000 0.455
838.000 0.455
839.000 0.455
840.000 0.455
841.000 0.455
842.000 0.455
843.000 0.456
844.000 0.456
845.000 0.456
846.000 0.456
847.000 0.457
848.000 0.457
849.000 0.457
850.000 0.458
851.000 0.458
852.000 0.458
853.000 0.459
854.000 0.459
855.000 0.459
856.000 0.460
857.000 0.460
858.000 0.460
859.000 0.461
860.000 0.461
861.000 0.461
862.000 0.461
863.000 0.461
864.000 0.462
865.000 0.462
866.000 0.463
867.000 0.463
868.000 0.463
869.000 0.463
870.000 0.464
871.000 0.465
872.000 0.465
873.000 0.465
874.000 0.465
875.000 0.465
876.000 0.466
877.000 0.466
878.000 0.466
879.000 0.467
880.000 0.467
881.000 0.467
882.000 0.468
883.000 0.468
884.000 0.468
885.000 0.469
886.000 0.469
887.000 0.469
888.000 0.470
889.000 0.471
890.000 0.471
891.000 0.471
892.000 0.472
893.000 0.473
894.000 0.474
895.000 0.475
896.000 0.476
897.000 0.477
898.000 0.479
899.000 0.480
900.000 0.480
901.000 0.480
902.000 0.481
903.000 0.481
904.000 0.480
905.000 0.480
906.000 0.481
907.000 0.482
908.000 0.483
909.000 0.484
910.000 0.484
911.000 0.485
912.000 0.486
913.000 0.486
914.000 0.486
915.000 0.487
916.000 0.488
917.000 0.487
918.000 0.487
919.000 0.487
920.000 0.486
921.000 0.486
922.000 0.485
923.000 0.486
924.000 0.486
925.000 0.488
926.000 0.489
927.000 0.489
928.000 0.491
929.000 0.491
930.000 0.494
931.000 0.497
932.000 0.499
933.000 0.504
934.000 0.507
935.000 0.507
936.000 0.510
937.000 0.511
938.000 0.508
939.000 0.505
940.000 0.506
941.000 0.504
942.000 0.503
943.000 0.506
944.000 0.510
945.000 0.507
946.000 0.504
947.000 0.504
948.000 0.504
949.000 0.501
950.000 0.500
951.000 0.501
952.000 0.502
953.000 0.497
954.000 0.492
955.000 0.491
956.000 0.493
957.000 0.493
958.000 0.492
959.000 0.491
960.000 0.488
961.000 0.488
962.000 0.488
963.000 0.485
964.000 0.482
965.000 0.480
966.000 0.480
967.000 0.479
968.000 0.478
969.000 0.479
970.000 0.479
971.000 0.478
972.000 0.478
973.000 0.478
974.000 0.477
975.000 0.476
976.000 0.478
977.000 0.479
978.000 0.479
979.000 0.478
980.000 0.475
981.000 0.477
982.000 0.477
983.000 0.475
984.000 0.477
985.000 0.477
986.000 0.477
987.000 0.477
988.000 0.478
989.000 0.478
990.000 0.478
991.000 0.478
992.000 0.479
993.000 0.477
994.000 0.478
995.000 0.480
996.000 0.479
997.000 0.481
998.000 0.481
999.000 0.482
1000.000 0.483
1001.000 0.487
1002.000 0.488
1003.000 0.488
1004.000 0.488
1005.000 0.487
1006.000 0.488
1007.000 0.489
1008.000 0.489
1009.000 0.490
1010.000 0.490
1011.000 0.491
1012.000 0.492
1013.000 0.493
1014.000 0.493
1015.000 0.494
1016.000 0.495
1017.000 0.496
1018.000 0.496
1019.000 0.497
1020.000 0.498
1021.000 0.498
1022.000 0.498
1023.000 0.499
1024.000 0.499
1025.000 0.499
1026.000 0.500
1027.000 0.500
1028.000 0.501
1029.000 0.502
1030.000 0.503
1031.000 0.504
1032.000 0.504
1033.000 0.505
1034.000 0.505
1035.000 0.505
1036.000 0.505
1037.000 0.504
1038.000 0.506
1039.000 0.507
1040.000 0.507
1041.000 0.508
1042.000 0.509
1043.000 0.509
1044.000 0.510
1045.000 0.510
1046.000 0.511
1047.000 0.511
1048.000 0.511
1049.000 0.512
1050.000 0.512
1051.000 0.512
1052.000 0.512
1053.000 0.513
1054.000 0.513
1055.000 0.514
1056.000 0.515
1057.000 0.515
1058.000 0.515
1059.000 0.515
1060.000 0.515
1061.000 0.516
1062.000 0.516
1063.000 0.517
1064.000 0.518
1065.000 0.519
1066.000 0.518
1067.000 0.518
1068.000 0.518
1069.000 0.519
1070.000 0.520
1071.000 0.521
1072.000 0.521
1073.000 0.521
1074.000 0.520
1075.000 0.520
1076.000 0.520
1077.000 0.521
1078.000 0.521
1079.000 0.522
1080.000 0.522
1081.000 0.523
1082.000 0.523
1083.000 0.523
1084.000 0.523
1085.000 0.523
1086.000 0.524
1087.000 0.525
1088.000 0.526
1089.000 0.527
1090.000 0.527
1091.000 0.527
1092.000 0.528
1093.000 0.528
1094.000 0.528
1095.000 0.529
1096.000 0.529
1097.000 0.530
1098.000 0.531
1099.000 0.532
1100.000 0.532
1101.000 0.534
1102.000 0.534
1103.000 0.536
1104.000 0.537
1105.000 0.538
1106.000 0.538
1107.000 0.539
1108.000 0.539
1109.000 0.541
1110.000 0.542
1111.000 0.544
1112.000 0.547
1113.000 0.549
1114.000 0.550
1115.000 0.552
1116.000 0.554
1117.000 0.557
1118.000 0.560
1119.000 0.565
1120.000 0.569
1121.000 0.575
1122.000 0.576
1123.000 0.580
1124.000 0.583
1125.000 0.587
1126.000 0.592
1127.000 0.593
1128.000 0.592
1129.000 0.590
1130.000 0.594
1131.000 0.592
1132.000 0.587
1133.000 0.589
1134.000 0.582
1135.000 0.574
1136.000 0.570
1137.000 0.560
1138.000 0.553
1139.000 0.548
1140.000 0.546
1141.000 0.547
1142.000 0.548
1143.000 0.552
1144.000 0.551
1145.000 0.548
1146.000 0.544
1147.000 0.537
1148.000 0.530
1149.000 0.527
1150.000 0.525
1151.000 0.525
1152.000 0.523
1153.000 0.519
1154.000 0.516
1155.000 0.512
1156.000 0.508
1157.000 0.505
1158.000 0.504
1159.000 0.501
1160.000 0.498
1161.000 0.495
1162.000 0.493
1163.000 0.491
1164.000 0.491
1165.000 0.490
1166.000 0.490
1167.000 0.489
1168.000 0.488
1169.000 0.486
1170.000 0.486
1171.000 0.485
1172.000 0.484
1173.000 0.484
1174.000 0.484
1175.000 0.483
1176.000 0.482
1177.000 0.483
1178.000 0.483
1179.000 0.484
1180.000 0.483
1181.000 0.482
1182.000 0.482
1183.000 0.481
1184.000 0.481
1185.000 0.482
1186.000 0.482
1187.000 0.481
1188.000 0.481
1189.000 0.481
1190.000 0.480
1191.000 0.480
1192.000 0.480
1193.000 0.479
1194.000 0.480
1195.000 0.480
1196.000 0.480
1197.000 0.479
1198.000 0.479
1199.000 0.479
1200.000 0.480
1201.000 0.480
1202.000 0.481
1203.000 0.481
1204.000 0.482
1205.000 0.481
1206.000 0.481
1207.000 0.482
1208.000 0.483
1209.000 0.484
1210.000 0.485
1211.000 0.486
1212.000 0.486
1213.000 0.484
1214.000 0.484
1215.000 0.483
1216.000 0.484
1217.000 0.485
1218.000 0.486
1219.000 0.486
1220.000 0.486
1221.000 0.487
1222.000 0.488
1223.000 0.488
1224.000 0.488
1225.000 0.488
1226.000 0.488
1227.000 0.488
1228.000 0.488
1229.000 0.489
1230.000 0.490
1231.000 0.491
1232.000 0.491
1233.000 0.492
1234.000 0.492
1235.000 0.493
1236.000 0.493
1237.000 0.494
1238.000 0.494
1239.000 0.494
1240.000 0.495
1241.000 0.496
1242.000 0.495
1243.000 0.495
1244.000 0.497
1245.000 0.497
1246.000 0.497
1247.000 0.497
1248.000 0.498
1249.000 0.498
1250.000 0.498
1251.000 0.499
1252.000 0.499
1253.000 0.499
1254.000 0.500
1255.000 0.501
1256.000 0.502
1257.000 0.503
1258.000 0.503
1259.000 0.503
1260.000 0.504
1261.000 0.505
1262.000 0.506
1263.000 0.506
1264.000 0.506
1265.000 0.506
1266.000 0.506
1267.000 0.505
1268.000 0.506
1269.000 0.506
1270.000 0.507
1271.000 0.507
1272.000 0.507
1273.000 0.507
1274.000 0.507
1275.000 0.507
1276.000 0.507
1277.000 0.507
1278.000 0.508
1279.000 0.508
1280.000 0.508
1281.000 0.509
1282.000 0.508
1283.000 0.508
1284.000 0.508
1285.000 0.508
1286.000 0.507
1287.000 0.508
1288.000 0.507
1289.000 0.507
1290.000 0.507
1291.000 0.507
1292.000 0.507
1293.000 0.507
1294.000 0.507
1295.000 0.508
1296.000 0.507
1297.000 0.506
1298.000 0.506
1299.000 0.507
1300.000 0.506
1301.000 0.506
1302.000 0.505
1303.000 0.504
1304.000 0.504
1305.000 0.503
1306.000 0.503
1307.000 0.503
1308.000 0.503
1309.000 0.503
1310.000 0.502
1311.000 0.501
1312.000 0.500
1313.000 0.499
1314.000 0.497
1315.000 0.498
1316.000 0.498
1317.000 0.497
1318.000 0.496
1319.000 0.494
1320.000 0.493
1321.000 0.492
1322.000 0.492
1323.000 0.491
1324.000 0.490
1325.000 0.490
1326.000 0.488
1327.000 0.488
1328.000 0.490
1329.000 0.489
1330.000 0.488
1331.000 0.486
1332.000 0.483
1333.000 0.481
1334.000 0.479
1335.000 0.477
1336.000 0.474
1337.000 0.473
1338.000 0.474
1339.000 0.475
1340.000 0.483
1341.000 0.485
1342.000 0.482
1343.000 0.483
1344.000 0.481
1345.000 0.480
1346.000 0.491
1347.000 0.498
1348.000 0.504
1349.000 0.506
1350.000 0.517
1351.000 0.525
1352.000 0.563
1353.000 0.650
1354.000 0.471
1355.000 0.613
1356.000 0.381
1357.000 0.519
1358.000 0.679
1359.000 0.585
1360.000 0.600
1361.000 0.582
1362.000 0.525
1363.000 0.561
1364.000 0.629
1365.000 0.386
1366.000 0.264
1367.000 0.263
1368.000 0.243
1369.000 0.461
1370.000 0.422
1371.000 0.412
1372.000 0.565
1373.000 0.547
1374.000 0.550
1375.000 0.418
1376.000 0.424
1377.000 0.415
1378.000 0.676
1379.000 0.752
1380.000 0.745
1381.000 0.758
1382.000 0.734
1383.000 0.706
1384.000 0.441
1385.000 0.341
1386.000 0.234
1387.000 0.216
1388.000 0.407
1389.000 0.441
1390.000 0.439
1391.000 0.391
1392.000 0.466
1393.000 0.576
1394.000 0.734
1395.000 0.611
1396.000 0.635
1397.000 0.739
1398.000 0.668
1399.000 0.628
1400.000 0.636
1401.000 0.570
1402.000 0.615
1403.000 0.509
1404.000 0.313
1405.000 0.209
1406.000 0.316
1407.000 0.353
1408.000 0.343
1409.000 0.353
1410.000 0.517
1411.000 0.607
1412.000 0.707
1413.000 0.601
1414.000 0.465
1415.000 0.326
1416.000 0.291
1417.000 0.231
1418.000 0.266
1419.000 0.496
1420.000 0.511
1421.000 0.508
1422.000 0.365
1423.000 0.390
1424.000 0.407
1425.000 0.372
1426.000 0.453
1427.000 0.498
1428.000 0.484
1429.000 0.445
1430.000 0.483
1431.000 0.447
1432.000 0.494
1433.000 0.498
1434.000 0.577
1435.000 0.632
1436.000 0.599
1437.000 0.522
1438.000 0.532
1439.000 0.464
1440.000 0.708
1441.000 0.427
1442.000 0.565
1443.000 0.581
1444.000 0.533
1445.000 0.459
1446.000 0.407
1447.000 0.391
1448.000 0.307
1449.000 0.347
1450.000 0.330
1451.000 0.272
1452.000 0.273
1453.000 0.262
1454.000 0.272
1455.000 0.293
1456.000 0.298
1457.000 0.267
1458.000 0.200
1459.000 0.185
1460.000 0.182
1461.000 0.176
1462.000 0.171
1463.000 0.173
1464.000 0.204
1465.000 0.215
1466.000 0.233
1467.000 0.213
1468.000 0.191
1469.000 0.188
1470.000 0.222
1471.000 0.221
1472.000 0.230
1473.000 0.225
1474.000 0.251
1475.000 0.252
1476.000 0.253
1477.000 0.224
1478.000 0.186
1479.000 0.185
1480.000 0.185
1481.000 0.186
1482.000 0.189
1483.000 0.189
1484.000 0.181
1485.000 0.179
1486.000 0.171
1487.000 0.172
1488.000 0.183
1489.000 0.186
1490.000 0.189
1491.000 0.190
1492.000 0.186
1493.000 0.185
1494.000 0.184
1495.000 0.185
1496.000 0.187
1497.000 0.189
1498.000 0.189
1499.000 0.192
1500.000 0.191
1501.000 0.192
1502.000 0.194
1503.000 0.195
1504.000 0.197
1505.000 0.197
1506.000 0.196
1507.000 0.194
1508.000 0.194
1509.000 0.197
1510.000 0.198
1511.000 0.200
1512.000 0.202
1513.000 0.204
1514.000 0.206
1515.000 0.208
1516.000 0.209
1517.000 0.210
1518.000 0.210
1519.000 0.209
1520.000 0.209
1521.000 0.210
1522.000 0.212
1523.000 0.216
1524.000 0.217
1525.000 0.216
1526.000 0.217
1527.000 0.218
1528.000 0.218
1529.000 0.220
1530.000 0.221
1531.000 0.221
1532.000 0.222
1533.000 0.223
1534.000 0.224
1535.000 0.225
1536.000 0.226
1537.000 0.228
1538.000 0.230
1539.000 0.231
1540.000 0.233
1541.000 0.235
1542.000 0.236
1543.000 0.239
1544.000 0.240
1545.000 0.240
1546.000 0.241
1547.000 0.240
1548.000 0.240
1549.000 0.240
1550.000 0.241
1551.000 0.242
1552.000 0.242
1553.000 0.245
1554.000 0.247
1555.000 0.250
1556.000 0.252
1557.000 0.254
1558.000 0.256
1559.000 0.257
1560.000 0.257
1561.000 0.257
1562.000 0.257
1563.000 0.259
1564.000 0.260
1565.000 0.261
1566.000 0.262
1567.000 0.262
1568.000 0.263
1569.000 0.264
1570.000 0.265
1571.000 0.267
1572.000 0.268
1573.000 0.269
1574.000 0.270
1575.000 0.270
1576.000 0.271
1577.000 0.274
1578.000 0.275
1579.000 0.276
1580.000 0.278
1581.000 0.280
1582.000 0.281
1583.000 0.284
1584.000 0.285
1585.000 0.287
1586.000 0.287
1587.000 0.287
1588.000 0.288
1589.000 0.288
1590.000 0.290
1591.000 0.292
1592.000 0.293
1593.000 0.294
1594.000 0.294
1595.000 0.294
1596.000 0.293
1597.000 0.294
1598.000 0.295
1599.000 0.295
1600.000 0.296
1601.000 0.297
1602.000 0.298
1603.000 0.300
1604.000 0.301
1605.000 0.302
1606.000 0.303
1607.000 0.304
1608.000 0.305
1609.000 0.303
1610.000 0.303
1611.000 0.303
1612.000 0.303
1613.000 0.304
1614.000 0.305
1615.000 0.306
1616.000 0.307
1617.000 0.310
1618.000 0.311
1619.000 0.312
1620.000 0.313
1621.000 0.311
1622.000 0.311
1623.000 0.313
1624.000 0.314
1625.000 0.315
1626.000 0.316
1627.000 0.318
1628.000 0.319
1629.000 0.318
1630.000 0.319
1631.000 0.318
1632.000 0.319
1633.000 0.323
1634.000 0.324
1635.000 0.323
1636.000 0.323
1637.000 0.323
1638.000 0.323
1639.000 0.323
1640.000 0.324
1641.000 0.325
1642.000 0.325
1643.000 0.326
1644.000 0.326
1645.000 0.326
1646.000 0.327
1647.000 0.328
1648.000 0.329
1649.000 0.330
1650.000 0.330
1651.000 0.330
1652.000 0.329
1653.000 0.327
1654.000 0.327
1655.000 0.328
1656.000 0.329
1657.000 0.332
1658.000 0.333
1659.000 0.331
1660.000 0.331
1661.000 0.331
1662.000 0.331
1663.000 0.334
1664.000 0.335
1665.000 0.336
1666.000 0.335
1667.000 0.335
1668.000 0.334
1669.000 0.329
1670.000 0.328
1671.000 0.328
1672.000 0.327
1673.000 0.330
1674.000 0.331
1675.000 0.330
1676.000 0.330
1677.000 0.331
1678.000 0.332
1679.000 0.333
1680.000 0.332
1681.000 0.329
1682.000 0.328
1683.000 0.326
1684.000 0.325
1685.000 0.328
1686.000 0.329
1687.000 0.331
1688.000 0.332
1689.000 0.333
1690.000 0.333
1691.000 0.330
1692.000 0.330
1693.000 0.330
1694.000 0.329
1695.000 0.329
1696.000 0.328
1697.000 0.326
1698.000 0.325
1699.000 0.327
1700.000 0.327
1701.000 0.329
1702.000 0.329
1703.000 0.328
1704.000 0.327
1705.000 0.326
1706.000 0.325
1707.000 0.325
1708.000 0.324
1709.000 0.324
1710.000 0.323
1711.000 0.323
1712.000 0.322
1713.000 0.322
1714.000 0.320
1715.000 0.320
1716.000 0.319
1717.000 0.315
1718.000 0.315
1719.000 0.316
1720.000 0.316
1721.000 0.316
1722.000 0.314
1723.000 0.312
1724.000 0.311
1725.000 0.313
1726.000 0.313
1727.000 0.313
1728.000 0.314
1729.000 0.313
1730.000 0.314
1731.000 0.316
1732.000 0.315
1733.000 0.314
1734.000 0.312
1735.000 0.313
1736.000 0.313
1737.000 0.313
1738.000 0.314
1739.000 0.314
1740.000 0.314
1741.000 0.314
1742.000 0.313
1743.000 0.313
1744.000 0.314
1745.000 0.314
1746.000 0.311
1747.000 0.308
1748.000 0.303
1749.000 0.300
1750.000 0.299
1751.000 0.297
1752.000 0.298
1753.000 0.297
1754.000 0.292
1755.000 0.292
1756.000 0.291
1757.000 0.291
1758.000 0.297
1759.000 0.295
1760.000 0.294
1761.000 0.296
1762.000 0.296
1763.000 0.303
1764.000 0.305
1765.000 0.302
1766.000 0.303
1767.000 0.298
1768.000 0.300
1769.000 0.302
1770.000 0.300
1771.000 0.300
1772.000 0.291
1773.000 0.284
1774.000 0.282
1775.000 0.282
1776.000 0.288
1777.000 0.293
1778.000 0.295
1779.000 0.290
1780.000 0.292
1781.000 0.305
1782.000 0.307
1783.000 0.309
1784.000 0.308
1785.000 0.298
1786.000 0.293
1787.000 0.299
1788.000 0.295
1789.000 0.280
1790.000 0.271
1791.000 0.262
1792.000 0.263
1793.000 0.267
1794.000 0.288
1795.000 0.315
1796.000 0.349
1797.000 0.399
1798.000 0.445
1799.000 0.437
1800.000 0.377
1801.000 0.536
1802.000 0.616
1803.000 0.768
1804.000 0.539
1805.000 0.520
1806.000 0.500
1807.000 0.543
1808.000 0.553
1809.000 0.586
1810.000 0.453
1811.000 0.433
1812.000 0.478
1813.000 0.415
1814.000 0.335
1815.000 0.404
1816.000 0.438
1817.000 0.558
1818.000 0.584
1819.000 0.397
1820.000 0.344
1821.000 0.407
1822.000 0.458
1823.000 0.511
1824.000 0.483
1825.000 0.490
1826.000 0.648
1827.000 0.695
1828.000 0.613
1829.000 0.580
1830.000 0.567
1831.000 0.501
1832.000 0.417
1833.000 0.370
1834.000 0.314
1835.000 0.269
1836.000 0.276
1837.000 0.484
1838.000 0.496
1839.000 0.522
1840.000 0.389
1841.000 0.340
1842.000 0.407
1843.000 0.642
1844.000 0.433
1845.000 0.343
1846.000 0.272
1847.000 0.265
1848.000 0.342
1849.000 0.440
1850.000 0.562
1851.000 0.502
1852.000 0.462
1853.000 0.507
1854.000 0.529
1855.000 0.477
1856.000 0.190
1857.000 0.346
1858.000 0.621
1859.000 0.674
1860.000 0.425
1861.000 0.327
1862.000 0.517
1863.000 0.399
1864.000 0.356
1865.000 0.395
1866.000 0.486
1867.000 0.542
1868.000 0.540
1869.000 0.539
1870.000 0.498
1871.000 0.624
1872.000 0.678
1873.000 0.606
1874.000 0.523
1875.000 0.471
1876.000 0.493
1877.000 0.511
1878.000 0.562
1879.000 0.665
1880.000 0.658
1881.000 0.529
1882.000 0.478
1883.000 0.595
1884.000 0.645
1885.000 0.481
1886.000 0.472
1887.000 0.416
1888.000 0.302
1889.000 0.413
1890.000 0.376
1891.000 0.539
1892.000 0.410
1893.000 0.413
1894.000 0.367
1895.000 0.333
1896.000 0.343
1897.000 0.680
1898.000 0.352
1899.000 0.328
1900.000 0.378
1901.000 0.419
1902.000 0.405
1903.000 0.448
1904.000 0.489
1905.000 0.463
1906.000 0.619
1907.000 0.575
1908.000 0.614
1909.000 0.622
1910.000 0.665
1911.000 0.589
1912.000 0.475
1913.000 0.459
1914.000 0.416
1915.000 0.557
1916.000 0.474
1917.000 0.518
1918.000 0.493
1919.000 0.483
1920.000 0.556
1921.000 0.619
1922.000 0.623
1923.000 0.529
1924.000 0.464
1925.000 0.496
1926.000 0.492
1927.000 0.550
1928.000 0.542
1929.000 0.472
1930.000 0.501
1931.000 0.533
1932.000 0.512
1933.000 0.386
1934.000 0.336
1935.000 0.438
1936.000 0.520
1937.000 0.593
1938.000 0.679
1939.000 0.619
1940.000 0.567
1941.000 0.576
1942.000 0.606
1943.000 0.417
1944.000 0.406
1945.000 0.349
1946.000 0.300
1947.000 0.348
1948.000 0.386
1949.000 0.376
1950.000 0.436
1951.000 0.506
1952.000 0.332
1953.000 0.315
1954.000 0.346
1955.000 0.355
1956.000 0.467
1957.000 0.501
1958.000 0.507
1959.000 0.511
1960.000 0.485
1961.000 0.482
1962.000 0.320
1963.000 0.236
1964.000 0.190
1965.000 0.172
1966.000 0.490
1967.000 0.484
1968.000 0.551
1969.000 0.614
1970.000 0.623
1971.000 0.667
1972.000 0.482
1973.000 0.536
1974.000 0.538
1975.000 0.520
1976.000 0.519
1977.000 0.515
1978.000 0.578
1979.000 0.662
1980.000 0.675
1981.000 0.664
1982.000 0.566
1983.000 0.532
1984.000 0.482
1985.000 0.413
1986.000 0.371
1987.000 0.362
1988.000 0.361
1989.000 0.391
1990.000 0.432
1991.000 0.466
1992.000 0.536
1993.000 0.497
1994.000 0.527
1995.000 0.500
1996.000 0.254
1997.000 0.226
1998.000 0.272
1999.000 0.302
2000.000 0.330
2001.000 0.380
2002.000 0.392
2003.000 0.440
2004.000 0.427
2005.000 0.428
2006.000 0.415
2007.000 0.332
2008.000 0.398
2009.000 0.675
2010.000 0.684
2011.000 0.519
2012.000 0.216
2013.000 0.552
2014.000 0.455
2015.000 0.456
2016.000 0.541
2017.000 0.638
2018.000 0.607
2019.000 0.538
2020.000 0.446
2021.000 0.389
2022.000 0.250
2023.000 0.332
2024.000 0.302
2025.000 0.449
2026.000 0.588
2027.000 0.392
2028.000 0.274
2029.000 0.264
2030.000 0.321
2031.000 0.279
2032.000 0.321
2033.000 0.322
2034.000 0.292
2035.000 0.285
2036.000 0.369
2037.000 0.246
2038.000 0.271
2039.000 0.253
2040.000 0.231
2041.000 0.329
2042.000 0.369
2043.000 0.428
2044.000 0.405
2045.000 0.287
2046.000 0.266
2047.000 0.241
2048.000 0.240
2049.000 0.378
2050.000 0.431
2051.000 0.369
2052.000 0.410
2053.000 0.395
2054.000 0.280
2055.000 0.250
2056.000 0.248
2057.000 0.264
2058.000 0.276
2059.000 0.320
2060.000 0.304
2061.000 0.285
2062.000 0.237
2063.000 0.231
2064.000 0.221
2065.000 0.237
2066.000 0.261
2067.000 0.344
2068.000 0.380
2069.000 0.457
2070.000 0.452
2071.000 0.413
2072.000 0.374
2073.000 0.289
2074.000 0.254
2075.000 0.241
2076.000 0.234
2077.000 0.248
2078.000 0.235
2079.000 0.249
2080.000 0.250
2081.000 0.248
2082.000 0.235
2083.000 0.233
2084.000 0.233
2085.000 0.231
2086.000 0.244
2087.000 0.238
2088.000 0.225
2089.000 0.216
2090.000 0.201
2091.000 0.198
2092.000 0.198
2093.000 0.202
2094.000 0.211
2095.000 0.225
2096.000 0.258
2097.000 0.266
2098.000 0.265
2099.000 0.251
2100.000 0.222
2101.000 0.209
2102.000 0.213
2103.000 0.211
2104.000 0.208
2105.000 0.203
2106.000 0.207
2107.000 0.217
2108.000 0.210
2109.000 0.219
2110.000 0.221
2111.000 0.215
2112.000 0.218
2113.000 0.232
2114.000 0.234
2115.000 0.233
2116.000 0.231
2117.000 0.220
2118.000 0.208
2119.000 0.210
2120.000 0.222
2121.000 0.227
2122.000 0.232
2123.000 0.226
2124.000 0.202
2125.000 0.200
2126.000 0.197
2127.000 0.204
2128.000 0.246
2129.000 0.248
2130.000 0.230
2131.000 0.225
2132.000 0.207
2133.000 0.199
2134.000 0.204
2135.000 0.206
2136.000 0.202
2137.000 0.205
2138.000 0.217
2139.000 0.228
2140.000 0.228
2141.000 0.223
2142.000 0.221
2143.000 0.214
2144.000 0.214
2145.000 0.222
2146.000 0.220
2147.000 0.212
2148.000 0.212
2149.000 0.217
2150.000 0.221
2151.000 0.243
2152.000 0.249
2153.000 0.245
2154.000 0.239
2155.000 0.221
2156.000 0.212
2157.000 0.213
2158.000 0.209
2159.000 0.221
2160.000 0.229
2161.000 0.233
2162.000 0.237
2163.000 0.238
2164.000 0.241
2165.000 0.235
2166.000 0.217
2167.000 0.211
2168.000 0.200
2169.000 0.198
2170.000 0.206
2171.000 0.210
2172.000 0.214
2173.000 0.223
2174.000 0.238
2175.000 0.244
2176.000 0.247
2177.000 0.249
2178.000 0.245
2179.000 0.235
2180.000 0.225
2181.000 0.233
2182.000 0.247
2183.000 0.254
2184.000 0.262
2185.000 0.281
2186.000 0.275
2187.000 0.254
2188.000 0.249
2189.000 0.237
2190.000 0.235
2191.000 0.248
2192.000 0.244
2193.000 0.226
2194.000 0.222
2195.000 0.219
2196.000 0.220
2197.000 0.233
2198.000 0.243
2199.000 0.268
2200.000 0.276
2201.000 0.274
2202.000 0.273
2203.000 0.268
2204.000 0.248
2205.000 0.227
2206.000 0.221
2207.000 0.201
2208.000 0.190
2209.000 0.189
2210.000 0.201
2211.000 0.204
2212.000 0.212
2213.000 0.210
2214.000 0.198
2215.000 0.197
2216.000 0.198
2217.000 0.202
2218.000 0.214
2219.000 0.221
2220.000 0.223
2221.000 0.231
2222.000 0.250
2223.000 0.255
2224.000 0.262
2225.000 0.259
2226.000 0.243
2227.000 0.222
2228.000 0.215
2229.000 0.208
2230.000 0.204
2231.000 0.205
2232.000 0.219
2233.000 0.222
2234.000 0.225
2235.000 0.229
2236.000 0.218
2237.000 0.215
2238.000 0.217
2239.000 0.225
2240.000 0.226
2241.000 0.226
2242.000 0.221
2243.000 0.208
2244.000 0.200
2245.000 0.185
2246.000 0.194
2247.000 0.197
2248.000 0.210
2249.000 0.228
2250.000 0.257
2251.000 0.255
2252.000 0.267
2253.000 0.276
2254.000 0.285
2255.000 0.313
2256.000 0.311
2257.000 0.293
2258.000 0.255
2259.000 0.225
2260.000 0.199
2261.000 0.190
2262.000 0.199
2263.000 0.229
2264.000 0.246
2265.000 0.237
2266.000 0.205
2267.000 0.229
2268.000 0.230
2269.000 0.226
2270.000 0.239
2271.000 0.236
2272.000 0.204
2273.000 0.201
2274.000 0.205
2275.000 0.207
2276.000 0.177
2277.000 0.164
2278.000 0.170
2279.000 0.152
2280.000 0.123
2281.000 0.119
2282.000 0.132
2283.000 0.134
2284.000 0.150
2285.000 0.170
2286.000 0.185
2287.000 0.198
2288.000 0.239
2289.000 0.252
2290.000 0.253
2291.000 0.248
2292.000 0.182
2293.000 0.172
2294.000 0.173
2295.000 0.189
2296.000 0.246
2297.000 0.326
2298.000 0.334
2299.000 0.271
2300.000 0.266
2301.000 0.227
2302.000 0.245
2303.000 0.280
2304.000 0.326
2305.000 0.332
2306.000 0.349
2307.000 0.284
2308.000 0.224
2309.000 0.176
2310.000 0.184
2311.000 0.150
2312.000 0.132
2313.000 0.126
2314.000 0.148
2315.000 0.191
2316.000 0.198
2317.000 0.226
2318.000 0.200
2319.000 0.242
2320.000 0.365
2321.000 0.388
2322.000 0.332
2323.000 0.405
2324.000 0.457
2325.000 0.310
2326.000 0.353
2327.000 0.401
2328.000 0.508
2329.000 0.659
2330.000 0.597
2331.000 0.401
2332.000 0.422
2333.000 0.322
2334.000 0.370
2335.000 0.386
2336.000 0.377
2337.000 0.441
2338.000 0.463
2339.000 0.410
2340.000 0.391
2341.000 0.401
2342.000 0.394
2343.000 0.411
2344.000 0.556
2345.000 0.332
2346.000 0.361
2347.000 0.285
2348.000 0.216
2349.000 0.297
2350.000 0.294
2351.000 0.416
2352.000 0.430
2353.000 0.426
2354.000 0.492
2355.000 0.422
2356.000 0.356
2357.000 0.260
2358.000 0.340
2359.000 0.378
2360.000 0.459
2361.000 0.463
2362.000 0.388
2363.000 0.322
2364.000 0.445
2365.000 0.474
2366.000 0.287
2367.000 0.257
2368.000 0.262
2369.000 0.311
2370.000 0.284
2371.000 0.214
2372.000 0.345
2373.000 0.480
2374.000 0.350
2375.000 0.576
2376.000 0.589
2377.000 0.540
2378.000 0.428
2379.000 0.379
2380.000 0.372
2381.000 0.345
2382.000 0.299
2383.000 0.436
2384.000 0.459
2385.000 0.618
2386.000 0.722
2387.000 0.636
2388.000 0.511
2389.000 0.570
2390.000 0.512
2391.000 0.359
2392.000 0.306
2393.000 0.448
2394.000 0.383
2395.000 0.361
2396.000 0.276
2397.000 0.331
2398.000 0.422
2399.000 0.318
2400.000 0.502
2401.000 0.364
2402.000 0.383
2403.000 0.398
2404.000 0.482
2405.000 0.278
2406.000 0.302
2407.000 0.157
2408.000 0.257
2409.000 0.202
2410.000 0.327
2411.000 0.432
2412.000 0.467
2413.000 0.544
2414.000 0.483
2415.000 0.457
2416.000 0.389
2417.000 0.260
2418.000 0.290
2419.000 0.379
2420.000 0.451
2421.000 0.635
2422.000 0.456
2423.000 0.478
2424.000 0.555
2425.000 0.450
2426.000 0.369
2427.000 0.201
2428.000 0.498
2429.000 0.641
2430.000 0.614
2431.000 0.437
2432.000 0.418
2433.000 0.392
2434.000 0.333
2435.000 0.272
2436.000 0.261
2437.000 0.297
2438.000 0.330
2439.000 0.608
2440.000 0.423
2441.000 0.283
2442.000 0.351
2443.000 0.383
2444.000 0.329
2445.000 0.266
2446.000 0.211
2447.000 0.241
2448.000 0.255
2449.000 0.312
2450.000 0.402
2451.000 0.419
2452.000 0.221
2453.000 0.396
2454.000 0.364
2455.000 0.542
2456.000 0.542
2457.000 0.378
2458.000 0.451
2459.000 0.502
2460.000 0.429
2461.000 0.292
2462.000 0.335
2463.000 0.250
2464.000 0.341
2465.000 0.308
2466.000 0.318
2467.000 0.341
2468.000 0.434
2469.000 0.424
2470.000 0.346
2471.000 0.257
2472.000 0.485
2473.000 0.378
2474.000 0.420
2475.000 0.507
2476.000 0.398
2477.000 0.303
2478.000 0.462
2479.000 0.463
2480.000 0.268
2481.000 0.389
2482.000 0.320
2483.000 0.265
2484.000 0.427
2485.000 0.269
2486.000 0.366
2487.000 0.377
2488.000 0.405
2489.000 0.296
2490.000 0.266
2491.000 0.261
2492.000 0.280
2493.000 0.538
2494.000 0.415
2495.000 0.328
2496.000 0.508
2497.000 0.389
2498.000 0.421
2499.000 0.358
2500.000 0.475
