391.000 0.031
392.000 0.028
393.000 0.026
394.000 0.031
395.000 0.039
396.000 0.040
397.000 0.031
398.000 0.027
399.000 0.031
400.000 0.033
401.000 0.029
402.000 0.026
403.000 0.027
404.000 0.028
405.000 0.027
406.000 0.029
407.000 0.031
408.000 0.032
409.000 0.029
410.000 0.026
411.000 0.027
412.000 0.032
413.000 0.028
414.000 0.029
415.000 0.031
416.000 0.028
417.000 0.028
418.000 0.028
419.000 0.029
420.000 0.029
421.000 0.029
422.000 0.029
423.000 0.029
424.000 0.032
425.000 0.033
426.000 0.031
427.000 0.032
428.000 0.031
429.000 0.029
430.000 0.029
431.000 0.030
432.000 0.031
433.000 0.030
434.000 0.028
435.000 0.029
436.000 0.029
437.000 0.028
438.000 0.028
439.000 0.028
440.000 0.029
441.000 0.030
442.000 0.029
443.000 0.029
444.000 0.030
445.000 0.029
446.000 0.032
447.000 0.032
448.000 0.030
449.000 0.031
450.000 0.031
451.000 0.032
452.000 0.032
453.000 0.031
454.000 0.032
455.000 0.032
456.000 0.030
457.000 0.031
458.000 0.031
459.000 0.030
460.000 0.032
461.000 0.031
462.000 0.031
463.000 0.032
464.000 0.031
465.000 0.030
466.000 0.029
467.000 0.028
468.000 0.031
469.000 0.031
470.000 0.030
471.000 0.032
472.000 0.030
473.000 0.030
474.000 0.032
475.000 0.030
476.000 0.030
477.000 0.031
478.000 0.031
479.000 0.030
480.000 0.031
481.000 0.033
482.000 0.031
483.000 0.032
484.000 0.032
485.000 0.031
486.000 0.031
487.000 0.032
488.000 0.031
489.000 0.030
490.000 0.032
491.000 0.033
492.000 0.032
493.000 0.031
494.000 0.032
495.000 0.032
496.000 0.031
497.000 0.031
498.000 0.031
499.000 0.032
500.000 0.033
501.000 0.034
502.000 0.034
503.000 0.034
504.000 0.034
505.000 0.035
506.000 0.036
507.000 0.037
508.000 0.037
509.000 0.038
510.000 0.038
511.000 0.040
512.000 0.042
513.000 0.045
514.000 0.046
515.000 0.046
516.000 0.047
517.000 0.049
518.000 0.051
519.000 0.054
520.000 0.056
521.000 0.057
522.000 0.058
523.000 0.061
524.000 0.064
525.000 0.066
526.000 0.068
527.000 0.070
528.000 0.072
529.000 0.075
530.000 0.077
531.000 0.078
532.000 0.079
533.000 0.081
534.000 0.082
535.000 0.083
536.000 0.084
537.000 0.086
538.000 0.085
539.000 0.085
540.000 0.086
541.000 0.088
542.000 0.088
543.000 0.087
544.000 0.088
545.000 0.089
546.000 0.088
547.000 0.089
548.000 0.088
549.000 0.089
550.000 0.090
551.000 0.090
552.000 0.090
553.000 0.090
554.000 0.089
555.000 0.089
556.000 0.089
557.000 0.088
558.000 0.088
559.000 0.087
560.000 0.086
561.000 0.086
562.000 0.084
563.000 0.083
564.000 0.081
565.000 0.079
566.000 0.078
567.000 0.077
568.000 0.075
569.000 0.073
570.000 0.073
571.000 0.072
572.000 0.069
573.000 0.068
574.000 0.068
575.000 0.067
576.000 0.064
577.000 0.063
578.000 0.063
579.000 0.063
580.000 0.061
581.000 0.060
582.000 0.059
583.000 0.058
584.000 0.058
585.000 0.057
586.000 0.056
587.000 0.055
588.000 0.055
589.000 0.054
590.000 0.053
591.000 0.054
592.000 0.055
593.000 0.054
594.000 0.053
595.000 0.053
596.000 0.054
597.000 0.053
598.000 0.053
599.000 0.052
600.000 0.051
601.000 0.051
602.000 0.053
603.000 0.051
604.000 0.050
605.000 0.050
606.000 0.050
607.000 0.049
608.000 0.048
609.000 0.049
610.000 0.048
611.000 0.047
612.000 0.047
613.000 0.047
614.000 0.046
615.000 0.046
616.000 0.046
617.000 0.044
618.000 0.043
619.000 0.045
620.000 0.044
621.000 0.044
622.000 0.043
623.000 0.043
624.000 0.043
625.000 0.043
626.000 0.044
627.000 0.043
628.000 0.042
629.000 0.042
630.000 0.043
631.000 0.041
632.000 0.042
633.000 0.043
634.000 0.042
635.000 0.042
636.000 0.043
637.000 0.041
638.000 0.042
639.000 0.040
640.000 0.039
641.000 0.040
642.000 0.039
643.000 0.038
644.000 0.038
645.000 0.038
646.000 0.037
647.000 0.036
648.000 0.037
649.000 0.037
650.000 0.036
651.000 0.035
652.000 0.035
653.000 0.035
654.000 0.035
655.000 0.036
656.000 0.035
657.000 0.035
658.000 0.035
659.000 0.034
660.000 0.033
661.000 0.034
662.000 0.034
663.000 0.032
664.000 0.033
665.000 0.034
666.000 0.035
667.000 0.036
668.000 0.035
669.000 0.034
670.000 0.034
671.000 0.035
672.000 0.035
673.000 0.033
674.000 0.035
675.000 0.035
676.000 0.035
677.000 0.036
678.000 0.036
679.000 0.035
680.000 0.035
681.000 0.035
682.000 0.037
683.000 0.039
684.000 0.039
685.000 0.040
686.000 0.041
687.000 0.043
688.000 0.044
689.000 0.047
690.000 0.049
691.000 0.050
692.000 0.052
693.000 0.056
694.000 0.061
695.000 0.068
696.000 0.074
697.000 0.078
698.000 0.084
699.000 0.091
700.000 0.099
701.000 0.108
702.000 0.118
703.000 0.126
704.000 0.135
705.000 0.144
706.000 0.154
707.000 0.164
708.000 0.174
709.000 0.183
710.000 0.193
711.000 0.203
712.000 0.214
713.000 0.226
714.000 0.236
715.000 0.247
716.000 0.259
717.000 0.270
718.000 0.282
719.000 0.296
720.000 0.311
721.000 0.323
722.000 0.333
723.000 0.344
724.000 0.356
725.000 0.369
726.000 0.381
727.000 0.392
728.000 0.403
729.000 0.413
730.000 0.424
731.000 0.435
732.000 0.444
733.000 0.453
734.000 0.461
735.000 0.470
736.000 0.478
737.000 0.486
738.000 0.493
739.000 0.501
740.000 0.507
741.000 0.513
742.000 0.519
743.000 0.524
744.000 0.529
745.000 0.534
746.000 0.538
747.000 0.542
748.000 0.546
749.000 0.550
750.000 0.554
751.000 0.556
752.000 0.559
753.000 0.561
754.000 0.563
755.000 0.566
756.000 0.568
757.000 0.569
758.000 0.571
759.000 0.574
760.000 0.576
761.000 0.579
762.000 0.581
763.000 0.582
764.000 0.583
765.000 0.582
766.000 0.583
767.000 0.583
768.000 0.583
769.000 0.583
770.000 0.584
771.000 0.585
772.000 0.586
773.000 0.586
774.000 0.587
775.000 0.587
776.000 0.588
777.000 0.589
778.000 0.589
779.000 0.589
780.000 0.590
781.000 0.590
782.000 0.591
783.000 0.591
784.000 0.592
785.000 0.592
786.000 0.593
787.000 0.593
788.000 0.594
789.000 0.594
790.000 0.595
791.000 0.595
792.000 0.595
793.000 0.596
794.000 0.596
795.000 0.596
796.000 0.597
797.000 0.598
798.000 0.598
799.000 0.598
800.000 0.599
801.000 0.600
802.000 0.600
803.000 0.600
804.000 0.601
805.000 0.601
806.000 0.601
807.000 0.602
808.000 0.602
809.000 0.603
810.000 0.603
811.000 0.603
812.000 0.603
813.000 0.604
814.000 0.604
815.000 0.605
816.000 0.606
817.000 0.605
818.000 0.605
819.000 0.607
820.000 0.607
821.000 0.607
822.000 0.607
823.000 0.607
824.000 0.608
825.000 0.608
826.000 0.608
827.000 0.609
828.000 0.609
829.000 0.609
830.000 0.610
831.000 0.610
832.000 0.610
833.000 0.610
834.000 0.610
835.000 0.611
836.000 0.611
837.000 0.612
838.000 0.612
839.000 0.612
840.000 0.613
841.000 0.612
842.000 0.613
843.000 0.614
844.000 0.613
845.000 0.614
846.000 0.614
847.000 0.615
848.000 0.615
849.000 0.615
850.000 0.616
851.000 0.616
852.000 0.617
853.000 0.617
854.000 0.616
855.000 0.617
856.000 0.617
857.000 0.617
858.000 0.618
859.000 0.618
860.000 0.618
861.000 0.618
862.000 0.618
863.000 0.619
864.000 0.619
865.000 0.619
866.000 0.620
867.000 0.620
868.000 0.620
869.000 0.621
870.000 0.621
871.000 0.621
872.000 0.621
873.000 0.622
874.000 0.622
875.000 0.623
876.000 0.622
877.000 0.622
878.000 0.623
879.000 0.623
880.000 0.623
881.000 0.623
882.000 0.624
883.000 0.624
884.000 0.625
885.000 0.625
886.000 0.625
887.000 0.625
888.000 0.625
889.000 0.625
890.000 0.626
891.000 0.626
892.000 0.627
893.000 0.626
894.000 0.628
895.000 0.628
896.000 0.627
897.000 0.627
898.000 0.628
899.000 0.629
900.000 0.628
901.000 0.628
902.000 0.627
903.000 0.628
904.000 0.629
905.000 0.629
906.000 0.629
907.000 0.630
908.000 0.631
909.000 0.630
910.000 0.629
911.000 0.629
912.000 0.630
913.000 0.630
914.000 0.630
915.000 0.631
916.000 0.632
917.000 0.630
918.000 0.630
919.000 0.631
920.000 0.632
921.000 0.631
922.000 0.630
923.000 0.630
924.000 0.632
925.000 0.634
926.000 0.633
927.000 0.631
928.000 0.630
929.000 0.632
930.000 0.632
931.000 0.630
932.000 0.625
933.000 0.620
934.000 0.619
935.000 0.624
936.000 0.628
937.000 0.615
938.000 0.614
939.000 0.627
940.000 0.629
941.000 0.635
942.000 0.636
943.000 0.631
944.000 0.623
945.000 0.629
946.000 0.629
947.000 0.615
948.000 0.618
949.000 0.625
950.000 0.624
951.000 0.615
952.000 0.612
953.000 0.607
954.000 0.606
955.000 0.607
956.000 0.604
957.000 0.614
958.000 0.622
959.000 0.619
960.000 0.611
961.000 0.613
962.000 0.613
963.000 0.609
964.000 0.613
965.000 0.617
966.000 0.614
967.000 0.608
968.000 0.612
969.000 0.611
970.000 0.610
971.000 0.611
972.000 0.613
973.000 0.611
974.000 0.608
975.000 0.606
976.000 0.610
977.000 0.610
978.000 0.610
979.000 0.612
980.000 0.612
981.000 0.611
982.000 0.613
983.000 0.617
984.000 0.616
985.000 0.616
986.000 0.617
987.000 0.619
988.000 0.622
989.000 0.619
990.000 0.618
991.000 0.621
992.000 0.623
993.000 0.615
994.000 0.614
995.000 0.618
996.000 0.620
997.000 0.620
998.000 0.620
999.000 0.619
1000.000 0.618
1001.000 0.628
1002.000 0.628
1003.000 0.628
1004.000 0.629
1005.000 0.627
1006.000 0.627
1007.000 0.627
1008.000 0.626
1009.000 0.626
1010.000 0.626
1011.000 0.627
1012.000 0.629
1013.000 0.630
1014.000 0.632
1015.000 0.633
1016.000 0.633
1017.000 0.633
1018.000 0.634
1019.000 0.636
1020.000 0.636
1021.000 0.636
1022.000 0.640
1023.000 0.640
1024.000 0.641
1025.000 0.642
1026.000 0.641
1027.000 0.641
1028.000 0.640
1029.000 0.641
1030.000 0.641
1031.000 0.641
1032.000 0.642
1033.000 0.644
1034.000 0.644
1035.000 0.646
1036.000 0.648
1037.000 0.646
1038.000 0.646
1039.000 0.646
1040.000 0.646
1041.000 0.646
1042.000 0.646
1043.000 0.646
1044.000 0.647
1045.000 0.648
1046.000 0.650
1047.000 0.652
1048.000 0.654
1049.000 0.655
1050.000 0.655
1051.000 0.654
1052.000 0.653
1053.000 0.652
1054.000 0.651
1055.000 0.653
1056.000 0.654
1057.000 0.655
1058.000 0.656
1059.000 0.655
1060.000 0.655
1061.000 0.656
1062.000 0.656
1063.000 0.657
1064.000 0.658
1065.000 0.657
1066.000 0.658
1067.000 0.660
1068.000 0.660
1069.000 0.661
1070.000 0.660
1071.000 0.658
1072.000 0.658
1073.000 0.659
1074.000 0.659
1075.000 0.660
1076.000 0.660
1077.000 0.660
1078.000 0.659
1079.000 0.660
1080.000 0.661
1081.000 0.660
1082.000 0.660
1083.000 0.658
1084.000 0.657
1085.000 0.658
1086.000 0.658
1087.000 0.659
1088.000 0.658
1089.000 0.658
1090.000 0.659
1091.000 0.659
1092.000 0.658
1093.000 0.658
1094.000 0.659
1095.000 0.660
1096.000 0.660
1097.000 0.661
1098.000 0.661
1099.000 0.660
1100.000 0.660
1101.000 0.661
1102.000 0.660
1103.000 0.660
1104.000 0.660
1105.000 0.658
1106.000 0.656
1107.000 0.656
1108.000 0.656
1109.000 0.657
1110.000 0.658
1111.000 0.660
1112.000 0.662
1113.000 0.663
1114.000 0.660
1115.000 0.658
1116.000 0.657
1117.000 0.655
1118.000 0.656
1119.000 0.658
1120.000 0.653
1121.000 0.646
1122.000 0.644
1123.000 0.643
1124.000 0.647
1125.000 0.652
1126.000 0.670
1127.000 0.673
1128.000 0.662
1129.000 0.663
1130.000 0.668
1131.000 0.669
1132.000 0.668
1133.000 0.656
1134.000 0.640
1135.000 0.630
1136.000 0.632
1137.000 0.640
1138.000 0.642
1139.000 0.638
1140.000 0.629
1141.000 0.607
1142.000 0.598
1143.000 0.589
1144.000 0.587
1145.000 0.595
1146.000 0.599
1147.000 0.608
1148.000 0.607
1149.000 0.604
1150.000 0.599
1151.000 0.589
1152.000 0.584
1153.000 0.578
1154.000 0.575
1155.000 0.575
1156.000 0.577
1157.000 0.580
1158.000 0.584
1159.000 0.586
1160.000 0.587
1161.000 0.587
1162.000 0.583
1163.000 0.582
1164.000 0.582
1165.000 0.583
1166.000 0.583
1167.000 0.587
1168.000 0.587
1169.000 0.587
1170.000 0.585
1171.000 0.583
1172.000 0.581
1173.000 0.579
1174.000 0.578
1175.000 0.578
1176.000 0.579
1177.000 0.580
1178.000 0.579
1179.000 0.577
1180.000 0.576
1181.000 0.574
1182.000 0.574
1183.000 0.576
1184.000 0.578
1185.000 0.578
1186.000 0.580
1187.000 0.581
1188.000 0.580
1189.000 0.578
1190.000 0.577
1191.000 0.577
1192.000 0.579
1193.000 0.580
1194.000 0.583
1195.000 0.583
1196.000 0.581
1197.000 0.581
1198.000 0.580
1199.000 0.580
1200.000 0.581
1201.000 0.581
1202.000 0.581
1203.000 0.581
1204.000 0.582
1205.000 0.582
1206.000 0.582
1207.000 0.581
1208.000 0.580
1209.000 0.579
1210.000 0.579
1211.000 0.578
1212.000 0.578
1213.000 0.579
1214.000 0.579
1215.000 0.581
1216.000 0.582
1217.000 0.583
1218.000 0.585
1219.000 0.585
1220.000 0.586
1221.000 0.587
1222.000 0.587
1223.000 0.588
1224.000 0.587
1225.000 0.587
1226.000 0.587
1227.000 0.586
1228.000 0.585
1229.000 0.586
1230.000 0.587
1231.000 0.588
1232.000 0.590
1233.000 0.591
1234.000 0.594
1235.000 0.594
1236.000 0.593
1237.000 0.593
1238.000 0.592
1239.000 0.592
1240.000 0.591
1241.000 0.592
1242.000 0.594
1243.000 0.595
1244.000 0.595
1245.000 0.595
1246.000 0.595
1247.000 0.595
1248.000 0.596
1249.000 0.597
1250.000 0.597
1251.000 0.597
1252.000 0.597
1253.000 0.597
1254.000 0.597
1255.000 0.597
1256.000 0.597
1257.000 0.596
1258.000 0.598
1259.000 0.600
1260.000 0.602
1261.000 0.602
1262.000 0.603
1263.000 0.602
1264.000 0.602
1265.000 0.603
1266.000 0.603
1267.000 0.603
1268.000 0.603
1269.000 0.603
1270.000 0.601
1271.000 0.601
1272.000 0.600
1273.000 0.601
1274.000 0.602
1275.000 0.602
1276.000 0.602
1277.000 0.602
1278.000 0.603
1279.000 0.603
1280.000 0.604
1281.000 0.604
1282.000 0.602
1283.000 0.602
1284.000 0.602
1285.000 0.601
1286.000 0.601
1287.000 0.601
1288.000 0.601
1289.000 0.602
1290.000 0.602
1291.000 0.602
1292.000 0.601
1293.000 0.600
1294.000 0.598
1295.000 0.598
1296.000 0.597
1297.000 0.598
1298.000 0.599
1299.000 0.599
1300.000 0.597
1301.000 0.596
1302.000 0.594
1303.000 0.592
1304.000 0.589
1305.000 0.585
1306.000 0.583
1307.000 0.582
1308.000 0.581
1309.000 0.580
1310.000 0.580
1311.000 0.580
1312.000 0.578
1313.000 0.575
1314.000 0.574
1315.000 0.572
1316.000 0.570
1317.000 0.568
1318.000 0.566
1319.000 0.563
1320.000 0.560
1321.000 0.558
1322.000 0.557
1323.000 0.555
1324.000 0.552
1325.000 0.550
1326.000 0.549
1327.000 0.548
1328.000 0.550
1329.000 0.550
1330.000 0.548
1331.000 0.545
1332.000 0.541
1333.000 0.537
1334.000 0.532
1335.000 0.528
1336.000 0.522
1337.000 0.520
1338.000 0.525
1339.000 0.526
1340.000 0.528
1341.000 0.530
1342.000 0.528
1343.000 0.528
1344.000 0.529
1345.000 0.530
1346.000 0.533
1347.000 0.534
1348.000 0.532
1349.000 0.523
1350.000 0.542
1351.000 0.574
1352.000 0.562
1353.000 0.344
1354.000 0.368
1355.000 0.262
1356.000 0.273
1357.000 0.301
1358.000 0.302
1359.000 0.335
1360.000 0.321
1361.000 0.448
1362.000 0.432
1363.000 0.495
1364.000 0.628
1365.000 0.484
1366.000 0.291
1367.000 0.380
1368.000 0.364
1369.000 0.374
1370.000 0.433
1371.000 0.359
1372.000 0.352
1373.000 0.324
1374.000 0.281
1375.000 0.268
1376.000 0.403
1377.000 0.391
1378.000 0.112
1379.000 0.223
1380.000 0.227
1381.000 0.240
1382.000 0.621
1383.000 0.726
1384.000 0.646
1385.000 0.499
1386.000 0.380
1387.000 0.334
1388.000 0.320
1389.000 0.266
1390.000 0.281
1391.000 0.306
1392.000 0.388
1393.000 0.424
1394.000 0.373
1395.000 0.443
1396.000 0.407
1397.000 0.543
1398.000 0.434
1399.000 0.380
1400.000 0.193
1401.000 0.193
1402.000 0.314
1403.000 0.255
1404.000 0.374
1405.000 0.475
1406.000 0.442
1407.000 0.355
1408.000 0.267
1409.000 0.274
1410.000 0.297
1411.000 0.331
1412.000 0.399
1413.000 0.504
1414.000 0.377
1415.000 0.311
1416.000 0.223
1417.000 0.313
1418.000 0.331
1419.000 0.395
1420.000 0.431
1421.000 0.619
1422.000 0.521
1423.000 0.421
1424.000 0.292
1425.000 0.186
1426.000 0.168
1427.000 0.228
1428.000 0.261
1429.000 0.331
1430.000 0.405
1431.000 0.356
1432.000 0.510
1433.000 0.313
1434.000 0.303
1435.000 0.231
1436.000 0.266
1437.000 0.496
1438.000 0.240
1439.000 0.469
1440.000 0.193
1441.000 0.210
1442.000 0.379
1443.000 0.429
1444.000 0.479
1445.000 0.535
1446.000 0.449
1447.000 0.405
1448.000 0.300
1449.000 0.165
1450.000 0.513
1451.000 0.314
1452.000 0.093
1453.000 0.210
1454.000 0.327
1455.000 0.343
1456.000 0.301
1457.000 0.362
1458.000 0.303
1459.000 0.215
1460.000 0.137
1461.000 0.056
1462.000 0.376
1463.000 0.227
1464.000 0.154
1465.000 0.181
1466.000 0.162
1467.000 0.210
1468.000 0.152
1469.000 0.220
1470.000 0.282
1471.000 0.219
1472.000 0.235
1473.000 0.255
1474.000 0.306
1475.000 0.254
1476.000 0.298
1477.000 0.322
1478.000 0.270
1479.000 0.278
1480.000 0.366
1481.000 0.330
1482.000 0.307
1483.000 0.278
1484.000 0.229
1485.000 0.220
1486.000 0.248
1487.000 0.254
1488.000 0.223
1489.000 0.232
1490.000 0.236
1491.000 0.234
1492.000 0.218
1493.000 0.213
1494.000 0.205
1495.000 0.208
1496.000 0.225
1497.000 0.231
1498.000 0.243
1499.000 0.238
1500.000 0.230
1501.000 0.225
1502.000 0.215
1503.000 0.206
1504.000 0.194
1505.000 0.186
1506.000 0.190
1507.000 0.201
1508.000 0.206
1509.000 0.221
1510.000 0.224
1511.000 0.221
1512.000 0.220
1513.000 0.217
1514.000 0.217
1515.000 0.216
1516.000 0.220
1517.000 0.226
1518.000 0.230
1519.000 0.236
1520.000 0.237
1521.000 0.234
1522.000 0.235
1523.000 0.240
1524.000 0.241
1525.000 0.242
1526.000 0.245
1527.000 0.247
1528.000 0.247
1529.000 0.248
1530.000 0.249
1531.000 0.247
1532.000 0.247
1533.000 0.248
1534.000 0.252
1535.000 0.262
1536.000 0.264
1537.000 0.269
1538.000 0.271
1539.000 0.263
1540.000 0.265
1541.000 0.275
1542.000 0.277
1543.000 0.276
1544.000 0.276
1545.000 0.273
1546.000 0.271
1547.000 0.272
1548.000 0.272
1549.000 0.270
1550.000 0.270
1551.000 0.273
1552.000 0.275
1553.000 0.278
1554.000 0.281
1555.000 0.285
1556.000 0.286
1557.000 0.285
1558.000 0.286
1559.000 0.288
1560.000 0.291
1561.000 0.295
1562.000 0.298
1563.000 0.299
1564.000 0.302
1565.000 0.309
1566.000 0.311
1567.000 0.313
1568.000 0.313
1569.000 0.307
1570.000 0.307
1571.000 0.310
1572.000 0.312
1573.000 0.318
1574.000 0.322
1575.000 0.326
1576.000 0.327
1577.000 0.328
1578.000 0.326
1579.000 0.317
1580.000 0.316
1581.000 0.319
1582.000 0.320
1583.000 0.327
1584.000 0.328
1585.000 0.324
1586.000 0.324
1587.000 0.325
1588.000 0.326
1589.000 0.331
1590.000 0.333
1591.000 0.335
1592.000 0.335
1593.000 0.333
1594.000 0.333
1595.000 0.333
1596.000 0.334
1597.000 0.337
1598.000 0.340
1599.000 0.341
1600.000 0.343
1601.000 0.342
1602.000 0.343
1603.000 0.346
1604.000 0.348
1605.000 0.350
1606.000 0.351
1607.000 0.349
1608.000 0.349
1609.000 0.350
1610.000 0.350
1611.000 0.351
1612.000 0.352
1613.000 0.350
1614.000 0.351
1615.000 0.353
1616.000 0.356
1617.000 0.362
1618.000 0.365
1619.000 0.367
1620.000 0.368
1621.000 0.366
1622.000 0.365
1623.000 0.361
1624.000 0.360
1625.000 0.358
1626.000 0.357
1627.000 0.360
1628.000 0.361
1629.000 0.363
1630.000 0.364
1631.000 0.362
1632.000 0.363
1633.000 0.365
1634.000 0.368
1635.000 0.374
1636.000 0.377
1637.000 0.380
1638.000 0.381
1639.000 0.378
1640.000 0.377
1641.000 0.373
1642.000 0.372
1643.000 0.377
1644.000 0.379
1645.000 0.384
1646.000 0.385
1647.000 0.379
1648.000 0.378
1649.000 0.377
1650.000 0.376
1651.000 0.378
1652.000 0.378
1653.000 0.377
1654.000 0.377
1655.000 0.376
1656.000 0.375
1657.000 0.376
1658.000 0.377
1659.000 0.383
1660.000 0.386
1661.000 0.385
1662.000 0.386
1663.000 0.381
1664.000 0.380
1665.000 0.383
1666.000 0.383
1667.000 0.385
1668.000 0.386
1669.000 0.384
1670.000 0.385
1671.000 0.389
1672.000 0.390
1673.000 0.388
1674.000 0.389
1675.000 0.386
1676.000 0.384
1677.000 0.384
1678.000 0.384
1679.000 0.384
1680.000 0.384
1681.000 0.389
1682.000 0.387
1683.000 0.380
1684.000 0.378
1685.000 0.373
1686.000 0.373
1687.000 0.378
1688.000 0.380
1689.000 0.383
1690.000 0.382
1691.000 0.376
1692.000 0.377
1693.000 0.380
1694.000 0.384
1695.000 0.396
1696.000 0.400
1697.000 0.399
1698.000 0.396
1699.000 0.389
1700.000 0.388
1701.000 0.391
1702.000 0.390
1703.000 0.391
1704.000 0.390
1705.000 0.384
1706.000 0.381
1707.000 0.382
1708.000 0.382
1709.000 0.383
1710.000 0.385
1711.000 0.386
1712.000 0.391
1713.000 0.391
1714.000 0.383
1715.000 0.386
1716.000 0.374
1717.000 0.365
1718.000 0.374
1719.000 0.371
1720.000 0.373
1721.000 0.382
1722.000 0.376
1723.000 0.371
1724.000 0.370
1725.000 0.371
1726.000 0.367
1727.000 0.364
1728.000 0.358
1729.000 0.346
1730.000 0.352
1731.000 0.358
1732.000 0.357
1733.000 0.360
1734.000 0.351
1735.000 0.348
1736.000 0.357
1737.000 0.356
1738.000 0.348
1739.000 0.345
1740.000 0.343
1741.000 0.343
1742.000 0.349
1743.000 0.352
1744.000 0.352
1745.000 0.356
1746.000 0.362
1747.000 0.367
1748.000 0.373
1749.000 0.378
1750.000 0.385
1751.000 0.383
1752.000 0.376
1753.000 0.371
1754.000 0.366
1755.000 0.360
1756.000 0.354
1757.000 0.347
1758.000 0.332
1759.000 0.327
1760.000 0.335
1761.000 0.341
1762.000 0.351
1763.000 0.353
1764.000 0.348
1765.000 0.348
1766.000 0.340
1767.000 0.354
1768.000 0.361
1769.000 0.350
1770.000 0.342
1771.000 0.316
1772.000 0.299
1773.000 0.290
1774.000 0.301
1775.000 0.314
1776.000 0.330
1777.000 0.364
1778.000 0.343
1779.000 0.315
1780.000 0.303
1781.000 0.280
1782.000 0.278
1783.000 0.308
1784.000 0.341
1785.000 0.321
1786.000 0.310
1787.000 0.275
1788.000 0.274
1789.000 0.308
1790.000 0.329
1791.000 0.341
1792.000 0.397
1793.000 0.505
1794.000 0.219
1795.000 0.225
1796.000 0.235
1797.000 0.380
1798.000 0.468
1799.000 0.522
1800.000 0.508
1801.000 0.511
1802.000 0.427
1803.000 0.407
1804.000 0.330
1805.000 0.329
1806.000 0.265
1807.000 0.327
1808.000 0.574
1809.000 0.571
1810.000 0.591
1811.000 0.626
1812.000 0.524
1813.000 0.484
1814.000 0.452
1815.000 0.425
1816.000 0.445
1817.000 0.481
1818.000 0.386
1819.000 0.448
1820.000 0.547
1821.000 0.505
1822.000 0.449
1823.000 0.424
1824.000 0.425
1825.000 0.386
1826.000 0.486
1827.000 0.412
1828.000 0.380
1829.000 0.342
1830.000 0.406
1831.000 0.629
1832.000 0.438
1833.000 0.254
1834.000 0.220
1835.000 0.178
1836.000 0.178
1837.000 0.487
1838.000 0.449
1839.000 0.641
1840.000 0.598
1841.000 0.572
1842.000 0.465
1843.000 0.398
1844.000 0.282
1845.000 0.253
1846.000 0.408
1847.000 0.320
1848.000 0.405
1849.000 0.453
1850.000 0.485
1851.000 0.561
1852.000 0.514
1853.000 0.450
1854.000 0.568
1855.000 0.561
1856.000 0.679
1857.000 0.764
1858.000 0.453
1859.000 0.412
1860.000 0.556
1861.000 0.599
1862.000 0.512
1863.000 0.544
1864.000 0.460
1865.000 0.424
1866.000 0.454
1867.000 0.414
1868.000 0.563
1869.000 0.677
1870.000 0.409
1871.000 0.544
1872.000 0.461
1873.000 0.418
1874.000 0.475
1875.000 0.462
1876.000 0.294
1877.000 0.451
1878.000 0.461
1879.000 0.584
1880.000 0.536
1881.000 0.437
1882.000 0.507
1883.000 0.583
1884.000 0.720
1885.000 0.677
1886.000 0.505
1887.000 0.267
1888.000 0.634
1889.000 0.510
1890.000 0.443
1891.000 0.374
1892.000 0.606
1893.000 0.539
1894.000 0.531
1895.000 0.525
1896.000 0.569
1897.000 0.637
1898.000 0.723
1899.000 0.701
1900.000 0.648
1901.000 0.607
1902.000 0.495
1903.000 0.539
1904.000 0.475
1905.000 0.453
1906.000 0.689
1907.000 0.541
1908.000 0.369
1909.000 0.508
1910.000 0.507
1911.000 0.516
1912.000 0.246
1913.000 0.215
1914.000 0.173
1915.000 0.356
1916.000 0.398
1917.000 0.375
1918.000 0.787
1919.000 0.646
1920.000 0.374
1921.000 0.312
1922.000 0.389
1923.000 0.431
1924.000 0.446
1925.000 0.500
1926.000 0.504
1927.000 0.506
1928.000 0.402
1929.000 0.525
1930.000 0.619
1931.000 0.562
1932.000 0.523
1933.000 0.465
1934.000 0.503
1935.000 0.468
1936.000 0.487
1937.000 0.507
1938.000 0.501
1939.000 0.427
1940.000 0.531
1941.000 0.598
1942.000 0.493
1943.000 0.352
1944.000 0.486
1945.000 0.602
1946.000 0.637
1947.000 0.709
1948.000 0.620
1949.000 0.588
1950.000 0.287
1951.000 0.368
1952.000 0.505
1953.000 0.365
1954.000 0.504
1955.000 0.524
1956.000 0.345
1957.000 0.373
1958.000 0.378
1959.000 0.246
1960.000 0.476
1961.000 0.364
1962.000 0.408
1963.000 0.356
1964.000 0.375
1965.000 0.184
1966.000 0.563
1967.000 0.674
1968.000 0.426
1969.000 0.353
1970.000 0.265
1971.000 0.187
1972.000 0.340
1973.000 0.430
1974.000 0.204
1975.000 0.159
1976.000 0.154
1977.000 0.212
1978.000 0.377
1979.000 0.259
1980.000 0.194
1981.000 0.251
1982.000 0.252
1983.000 0.285
1984.000 0.305
1985.000 0.307
1986.000 0.285
1987.000 0.340
1988.000 0.159
1989.000 0.365
1990.000 0.077
1991.000 0.176
1992.000 0.460
1993.000 0.496
1994.000 0.434
1995.000 0.484
1996.000 0.513
1997.000 0.376
1998.000 0.368
1999.000 0.511
2000.000 0.351
2001.000 0.300
2002.000 0.271
2003.000 0.247
2004.000 0.298
2005.000 0.165
2006.000 0.224
2007.000 0.289
2008.000 0.430
2009.000 0.386
2010.000 0.335
2011.000 0.469
2012.000 0.276
2013.000 0.372
2014.000 0.506
2015.000 0.623
2016.000 0.633
2017.000 0.609
2018.000 0.658
2019.000 0.450
2020.000 0.295
2021.000 0.324
2022.000 0.286
2023.000 0.351
2024.000 0.291
2025.000 0.350
2026.000 0.315
2027.000 0.317
2028.000 0.420
2029.000 0.294
2030.000 0.190
2031.000 0.251
2032.000 0.305
2033.000 0.379
2034.000 0.430
2035.000 0.447
2036.000 0.248
2037.000 0.280
2038.000 0.223
2039.000 0.216
2040.000 0.252
2041.000 0.306
2042.000 0.332
2043.000 0.500
2044.000 0.603
2045.000 0.290
2046.000 0.243
2047.000 0.207
2048.000 0.235
2049.000 0.362
2050.000 0.448
2051.000 0.431
2052.000 0.498
2053.000 0.180
2054.000 0.284
2055.000 0.414
2056.000 0.332
2057.000 0.382
2058.000 0.376
2059.000 0.340
2060.000 0.477
2061.000 0.505
2062.000 0.375
2063.000 0.269
2064.000 0.201
2065.000 0.176
2066.000 0.182
2067.000 0.250
2068.000 0.266
2069.000 0.315
2070.000 0.293
2071.000 0.196
2072.000 0.168
2073.000 0.202
2074.000 0.203
2075.000 0.203
2076.000 0.195
2077.000 0.352
2078.000 0.448
2079.000 0.450
2080.000 0.478
2081.000 0.307
2082.000 0.197
2083.000 0.276
2084.000 0.233
2085.000 0.274
2086.000 0.319
2087.000 0.343
2088.000 0.390
2089.000 0.354
2090.000 0.259
2091.000 0.297
2092.000 0.291
2093.000 0.265
2094.000 0.245
2095.000 0.212
2096.000 0.126
2097.000 0.124
2098.000 0.179
2099.000 0.233
2100.000 0.277
2101.000 0.363
2102.000 0.314
2103.000 0.327
2104.000 0.317
2105.000 0.273
2106.000 0.258
2107.000 0.287
2108.000 0.282
2109.000 0.391
2110.000 0.422
2111.000 0.335
2112.000 0.265
2113.000 0.308
2114.000 0.284
2115.000 0.279
2116.000 0.230
2117.000 0.306
2118.000 0.397
2119.000 0.307
2120.000 0.312
2121.000 0.358
2122.000 0.366
2123.000 0.371
2124.000 0.283
2125.000 0.298
2126.000 0.372
2127.000 0.325
2128.000 0.351
2129.000 0.352
2130.000 0.234
2131.000 0.200
2132.000 0.158
2133.000 0.192
2134.000 0.266
2135.000 0.276
2136.000 0.358
2137.000 0.296
2138.000 0.428
2139.000 0.472
2140.000 0.462
2141.000 0.327
2142.000 0.299
2143.000 0.350
2144.000 0.330
2145.000 0.290
2146.000 0.250
2147.000 0.280
2148.000 0.265
2149.000 0.282
2150.000 0.231
2151.000 0.184
2152.000 0.190
2153.000 0.302
2154.000 0.341
2155.000 0.403
2156.000 0.382
2157.000 0.390
2158.000 0.340
2159.000 0.479
2160.000 0.507
2161.000 0.389
2162.000 0.374
2163.000 0.327
2164.000 0.338
2165.000 0.294
2166.000 0.266
2167.000 0.259
2168.000 0.248
2169.000 0.240
2170.000 0.277
2171.000 0.268
2172.000 0.203
2173.000 0.205
2174.000 0.199
2175.000 0.195
2176.000 0.193
2177.000 0.240
2178.000 0.246
2179.000 0.211
2180.000 0.188
2181.000 0.226
2182.000 0.234
2183.000 0.309
2184.000 0.246
2185.000 0.347
2186.000 0.398
2187.000 0.496
2188.000 0.361
2189.000 0.351
2190.000 0.345
2191.000 0.321
2192.000 0.303
2193.000 0.317
2194.000 0.316
2195.000 0.400
2196.000 0.361
2197.000 0.322
2198.000 0.359
2199.000 0.353
2200.000 0.297
2201.000 0.336
2202.000 0.446
2203.000 0.279
2204.000 0.359
2205.000 0.351
2206.000 0.302
2207.000 0.300
2208.000 0.255
2209.000 0.239
2210.000 0.226
2211.000 0.217
2212.000 0.209
2213.000 0.235
2214.000 0.286
2215.000 0.301
2216.000 0.337
2217.000 0.341
2218.000 0.291
2219.000 0.272
2220.000 0.227
2221.000 0.220
2222.000 0.227
2223.000 0.228
2224.000 0.228
2225.000 0.220
2226.000 0.257
2227.000 0.235
2228.000 0.226
2229.000 0.241
2230.000 0.250
2231.000 0.246
2232.000 0.226
2233.000 0.281
2234.000 0.244
2235.000 0.229
2236.000 0.255
2237.000 0.331
2238.000 0.340
2239.000 0.311
2240.000 0.257
2241.000 0.228
2242.000 0.238
2243.000 0.263
2244.000 0.279
2245.000 0.340
2246.000 0.335
2247.000 0.276
2248.000 0.264
2249.000 0.238
2250.000 0.241
2251.000 0.296
2252.000 0.312
2253.000 0.332
2254.000 0.320
2255.000 0.315
2256.000 0.301
2257.000 0.286
2258.000 0.286
2259.000 0.274
2260.000 0.199
2261.000 0.171
2262.000 0.203
2263.000 0.216
2264.000 0.206
2265.000 0.247
2266.000 0.251
2267.000 0.240
2268.000 0.454
2269.000 0.445
2270.000 0.391
2271.000 0.361
2272.000 0.311
2273.000 0.325
2274.000 0.330
2275.000 0.374
2276.000 0.425
2277.000 0.474
2278.000 0.339
2279.000 0.264
2280.000 0.242
2281.000 0.187
2282.000 0.137
2283.000 0.119
2284.000 0.125
2285.000 0.150
2286.000 0.346
2287.000 0.351
2288.000 0.334
2289.000 0.308
2290.000 0.273
2291.000 0.266
2292.000 0.313
2293.000 0.309
2294.000 0.332
2295.000 0.261
2296.000 0.222
2297.000 0.223
2298.000 0.196
2299.000 0.243
2300.000 0.274
2301.000 0.241
2302.000 0.241
2303.000 0.244
2304.000 0.246
2305.000 0.255
2306.000 0.203
2307.000 0.220
2308.000 0.266
2309.000 0.149
2310.000 0.135
2311.000 0.198
2312.000 0.180
2313.000 0.224
2314.000 0.169
2315.000 0.257
2316.000 0.197
2317.000 0.377
2318.000 0.376
2319.000 0.340
2320.000 0.307
2321.000 0.237
2322.000 0.234
2323.000 0.313
2324.000 0.295
2325.000 0.453
2326.000 0.465
2327.000 0.476
2328.000 0.151
2329.000 0.283
2330.000 0.395
2331.000 0.510
2332.000 0.499
2333.000 0.346
2334.000 0.495
2335.000 0.298
2336.000 0.357
2337.000 0.362
2338.000 0.323
2339.000 0.345
2340.000 0.282
2341.000 0.277
2342.000 0.301
2343.000 0.275
2344.000 0.279
2345.000 0.193
2346.000 0.301
2347.000 0.230
2348.000 0.438
2349.000 0.517
2350.000 0.524
2351.000 0.489
2352.000 0.505
2353.000 0.519
2354.000 0.524
2355.000 0.536
2356.000 0.257
2357.000 0.203
2358.000 0.138
2359.000 0.178
2360.000 0.159
2361.000 0.116
2362.000 0.181
2363.000 0.256
2364.000 0.238
2365.000 0.281
2366.000 0.289
2367.000 0.331
2368.000 0.711
2369.000 0.188
2370.000 0.300
2371.000 0.318
2372.000 0.397
2373.000 0.455
2374.000 0.264
2375.000 0.401
2376.000 0.262
2377.000 0.300
2378.000 0.390
2379.000 0.591
2380.000 0.243
2381.000 0.372
2382.000 0.406
2383.000 0.291
2384.000 0.347
2385.000 0.404
2386.000 0.522
2387.000 0.449
2388.000 0.430
2389.000 0.383
2390.000 0.632
2391.000 0.381
2392.000 0.178
2393.000 0.250
2394.000 0.194
2395.000 0.366
2396.000 0.380
2397.000 0.375
2398.000 0.337
2399.000 0.253
2400.000 0.203
2401.000 0.659
2402.000 0.327
2403.000 0.480
2404.000 0.469
2405.000 0.432
2406.000 0.207
2407.000 0.427
2408.000 0.242
2409.000 0.224
2410.000 0.341
2411.000 0.329
2412.000 0.535
2413.000 0.536
2414.000 0.581
2415.000 0.499
2416.000 0.484
2417.000 0.334
2418.000 0.444
2419.000 0.407
2420.000 0.412
2421.000 0.348
2422.000 0.565
2423.000 0.499
2424.000 0.442
2425.000 0.443
2426.000 0.546
2427.000 0.401
2428.000 0.463
2429.000 0.527
2430.000 0.417
2431.000 0.226
2432.000 0.309
2433.000 0.275
2434.000 0.268
2435.000 0.300
2436.000 0.342
2437.000 0.228
2438.000 0.206
2439.000 0.334
2440.000 0.375
2441.000 0.303
2442.000 0.176
2443.000 0.154
2444.000 0.208
2445.000 0.218
2446.000 0.223
2447.000 0.218
2448.000 0.339
2449.000 0.615
2450.000 0.490
2451.000 0.303
2452.000 0.608
2453.000 0.516
2454.000 0.497
2455.000 0.312
2456.000 0.124
2457.000 0.182
2458.000 0.397
2459.000 0.563
2460.000 0.708
2461.000 0.482
2462.000 0.349
2463.000 0.423
2464.000 0.310
2465.000 0.293
2466.000 0.178
2467.000 0.184
2468.000 0.184
2469.000 0.326
2470.000 0.371
2471.000 0.171
2472.000 0.278
2473.000 0.280
2474.000 0.507
2475.000 0.743
2476.000 0.666
2477.000 0.452
2478.000 0.299
2479.000 0.257
2480.000 0.209
2481.000 0.474
2482.000 0.343
2483.000 0.308
2484.000 0.223
2485.000 0.245
2486.000 0.155
2487.000 0.122
2488.000 0.185
2489.000 0.230
2490.000 0.339
2491.000 0.577
2492.000 0.618
2493.000 0.638
2494.000 0.567
2495.000 0.332
2496.000 0.511
2497.000 0.569
2498.000 0.685
2499.000 0.653
2500.000 0.327
