391.000 0.024
392.000 0.023
393.000 0.019
394.000 0.020
395.000 0.020
396.000 0.020
397.000 0.021
398.000 0.020
399.000 0.021
400.000 0.021
401.000 0.019
402.000 0.020
403.000 0.020
404.000 0.020
405.000 0.021
406.000 0.021
407.000 0.020
408.000 0.019
409.000 0.021
410.000 0.021
411.000 0.020
412.000 0.021
413.000 0.020
414.000 0.019
415.000 0.020
416.000 0.021
417.000 0.020
418.000 0.020
419.000 0.021
420.000 0.020
421.000 0.020
422.000 0.020
423.000 0.021
424.000 0.020
425.000 0.020
426.000 0.020
427.000 0.020
428.000 0.020
429.000 0.021
430.000 0.020
431.000 0.021
432.000 0.020
433.000 0.020
434.000 0.021
435.000 0.020
436.000 0.020
437.000 0.021
438.000 0.021
439.000 0.020
440.000 0.020
441.000 0.020
442.000 0.020
443.000 0.020
444.000 0.020
445.000 0.020
446.000 0.021
447.000 0.021
448.000 0.021
449.000 0.020
450.000 0.020
451.000 0.020
452.000 0.020
453.000 0.021
454.000 0.021
455.000 0.021
456.000 0.020
457.000 0.020
458.000 0.020
459.000 0.020
460.000 0.021
461.000 0.021
462.000 0.021
463.000 0.020
464.000 0.020
465.000 0.021
466.000 0.021
467.000 0.021
468.000 0.021
469.000 0.021
470.000 0.021
471.000 0.020
472.000 0.020
473.000 0.020
474.000 0.021
475.000 0.020
476.000 0.020
477.000 0.020
478.000 0.020
479.000 0.020
480.000 0.021
481.000 0.021
482.000 0.020
483.000 0.021
484.000 0.021
485.000 0.020
486.000 0.021
487.000 0.021
488.000 0.021
489.000 0.021
490.000 0.021
491.000 0.021
492.000 0.021
493.000 0.021
494.000 0.021
495.000 0.021
496.000 0.022
497.000 0.021
498.000 0.021
499.000 0.021
500.000 0.022
501.000 0.022
502.000 0.023
503.000 0.023
504.000 0.023
505.000 0.023
506.000 0.024
507.000 0.025
508.000 0.025
509.000 0.026
510.000 0.027
511.000 0.027
512.000 0.029
513.000 0.030
514.000 0.030
515.000 0.032
516.000 0.033
517.000 0.034
518.000 0.036
519.000 0.038
520.000 0.040
521.000 0.042
522.000 0.043
523.000 0.045
524.000 0.047
525.000 0.048
526.000 0.050
527.000 0.052
528.000 0.053
529.000 0.055
530.000 0.056
531.000 0.057
532.000 0.059
533.000 0.060
534.000 0.061
535.000 0.061
536.000 0.062
537.000 0.063
538.000 0.064
539.000 0.064
540.000 0.063
541.000 0.065
542.000 0.065
543.000 0.065
544.000 0.065
545.000 0.066
546.000 0.066
547.000 0.066
548.000 0.066
549.000 0.066
550.000 0.066
551.000 0.066
552.000 0.066
553.000 0.067
554.000 0.066
555.000 0.066
556.000 0.066
557.000 0.065
558.000 0.065
559.000 0.065
560.000 0.063
561.000 0.062
562.000 0.062
563.000 0.061
564.000 0.059
565.000 0.058
566.000 0.057
567.000 0.056
568.000 0.055
569.000 0.054
570.000 0.052
571.000 0.051
572.000 0.050
573.000 0.049
574.000 0.048
575.000 0.046
576.000 0.046
577.000 0.045
578.000 0.045
579.000 0.044
580.000 0.043
581.000 0.043
582.000 0.042
583.000 0.042
584.000 0.041
585.000 0.040
586.000 0.040
587.000 0.039
588.000 0.039
589.000 0.038
590.000 0.037
591.000 0.038
592.000 0.037
593.000 0.036
594.000 0.037
595.000 0.036
596.000 0.036
597.000 0.035
598.000 0.036
599.000 0.035
600.000 0.035
601.000 0.036
602.000 0.035
603.000 0.034
604.000 0.034
605.000 0.034
606.000 0.034
607.000 0.034
608.000 0.033
609.000 0.032
610.000 0.032
611.000 0.032
612.000 0.032
613.000 0.031
614.000 0.031
615.000 0.031
616.000 0.031
617.000 0.030
618.000 0.030
619.000 0.029
620.000 0.029
621.000 0.029
622.000 0.029
623.000 0.028
624.000 0.028
625.000 0.028
626.000 0.028
627.000 0.029
628.000 0.029
629.000 0.028
630.000 0.028
631.000 0.028
632.000 0.028
633.000 0.028
634.000 0.028
635.000 0.028
636.000 0.027
637.000 0.027
638.000 0.026
639.000 0.026
640.000 0.025
641.000 0.025
642.000 0.024
643.000 0.024
644.000 0.024
645.000 0.023
646.000 0.022
647.000 0.022
648.000 0.022
649.000 0.022
650.000 0.022
651.000 0.022
652.000 0.022
653.000 0.022
654.000 0.022
655.000 0.021
656.000 0.021
657.000 0.021
658.000 0.021
659.000 0.021
660.000 0.021
661.000 0.021
662.000 0.021
663.000 0.021
664.000 0.020
665.000 0.020
666.000 0.020
667.000 0.020
668.000 0.021
669.000 0.021
670.000 0.021
671.000 0.020
672.000 0.020
673.000 0.021
674.000 0.021
675.000 0.021
676.000 0.022
677.000 0.022
678.000 0.022
679.000 0.022
680.000 0.022
681.000 0.023
682.000 0.023
683.000 0.024
684.000 0.024
685.000 0.025
686.000 0.026
687.000 0.028
688.000 0.030
689.000 0.031
690.000 0.032
691.000 0.034
692.000 0.035
693.000 0.039
694.000 0.042
695.000 0.047
696.000 0.051
697.000 0.057
698.000 0.062
699.000 0.068
700.000 0.074
701.000 0.081
702.000 0.089
703.000 0.095
704.000 0.102
705.000 0.110
706.000 0.116
707.000 0.123
708.000 0.131
709.000 0.139
710.000 0.146
711.000 0.154
712.000 0.162
713.000 0.170
714.000 0.178
715.000 0.186
716.000 0.194
717.000 0.204
718.000 0.213
719.000 0.224
720.000 0.235
721.000 0.243
722.000 0.252
723.000 0.260
724.000 0.270
725.000 0.280
726.000 0.290
727.000 0.299
728.000 0.308
729.000 0.317
730.000 0.326
731.000 0.335
732.000 0.343
733.000 0.352
734.000 0.359
735.000 0.366
736.000 0.373
737.000 0.380
738.000 0.387
739.000 0.393
740.000 0.399
741.000 0.405
742.000 0.410
743.000 0.415
744.000 0.420
745.000 0.424
746.000 0.428
747.000 0.431
748.000 0.435
749.000 0.438
750.000 0.442
751.000 0.444
752.000 0.447
753.000 0.450
754.000 0.452
755.000 0.453
756.000 0.455
757.000 0.457
758.000 0.458
759.000 0.460
760.000 0.461
761.000 0.465
762.000 0.466
763.000 0.467
764.000 0.467
765.000 0.468
766.000 0.468
767.000 0.469
768.000 0.470
769.000 0.470
770.000 0.471
771.000 0.472
772.000 0.472
773.000 0.473
774.000 0.473
775.000 0.474
776.000 0.475
777.000 0.475
778.000 0.476
779.000 0.476
780.000 0.477
781.000 0.477
782.000 0.478
783.000 0.478
784.000 0.478
785.000 0.479
786.000 0.479
787.000 0.479
788.000 0.480
789.000 0.480
790.000 0.481
791.000 0.481
792.000 0.482
793.000 0.482
794.000 0.483
795.000 0.483
796.000 0.484
797.000 0.484
798.000 0.484
799.000 0.485
800.000 0.485
801.000 0.485
802.000 0.486
803.000 0.486
804.000 0.487
805.000 0.487
806.000 0.488
807.000 0.488
808.000 0.488
809.000 0.489
810.000 0.488
811.000 0.489
812.000 0.490
813.000 0.490
814.000 0.491
815.000 0.491
816.000 0.491
817.000 0.492
818.000 0.492
819.000 0.492
820.000 0.493
821.000 0.493
822.000 0.494
823.000 0.494
824.000 0.495
825.000 0.495
826.000 0.495
827.000 0.495
828.000 0.496
829.000 0.496
830.000 0.496
831.000 0.496
832.000 0.497
833.000 0.497
834.000 0.497
835.000 0.498
836.000 0.498
837.000 0.498
838.000 0.499
839.000 0.499
840.000 0.499
841.000 0.499
842.000 0.500
843.000 0.501
844.000 0.501
845.000 0.501
846.000 0.501
847.000 0.501
848.000 0.502
849.000 0.502
850.000 0.502
851.000 0.503
852.000 0.503
853.000 0.504
854.000 0.504
855.000 0.504
856.000 0.504
857.000 0.504
858.000 0.505
859.000 0.505
860.000 0.505
861.000 0.506
862.000 0.506
863.000 0.506
864.000 0.507
865.000 0.506
866.000 0.507
867.000 0.507
868.000 0.508
869.000 0.508
870.000 0.508
871.000 0.509
872.000 0.509
873.000 0.509
874.000 0.509
875.000 0.509
876.000 0.510
877.000 0.510
878.000 0.510
879.000 0.510
880.000 0.511
881.000 0.511
882.000 0.511
883.000 0.511
884.000 0.511
885.000 0.512
886.000 0.512
887.000 0.513
888.000 0.513
889.000 0.513
890.000 0.513
891.000 0.513
892.000 0.514
893.000 0.514
894.000 0.514
895.000 0.515
896.000 0.515
897.000 0.515
898.000 0.515
899.000 0.516
900.000 0.516
901.000 0.516
902.000 0.517
903.000 0.517
904.000 0.516
905.000 0.517
906.000 0.517
907.000 0.517
908.000 0.518
909.000 0.518
910.000 0.518
911.000 0.519
912.000 0.519
913.000 0.519
914.000 0.519
915.000 0.520
916.000 0.521
917.000 0.521
918.000 0.521
919.000 0.521
920.000 0.520
921.000 0.520
922.000 0.520
923.000 0.520
924.000 0.520
925.000 0.521
926.000 0.521
927.000 0.520
928.000 0.521
929.000 0.520
930.000 0.521
931.000 0.523
932.000 0.523
933.000 0.525
934.000 0.525
935.000 0.523
936.000 0.525
937.000 0.526
938.000 0.524
939.000 0.521
940.000 0.522
941.000 0.521
942.000 0.519
943.000 0.520
944.000 0.524
945.000 0.523
946.000 0.520
947.000 0.519
948.000 0.520
949.000 0.518
950.000 0.516
951.000 0.516
952.000 0.517
953.000 0.515
954.000 0.512
955.000 0.511
956.000 0.513
957.000 0.512
958.000 0.511
959.000 0.512
960.000 0.509
961.000 0.510
962.000 0.511
963.000 0.508
964.000 0.507
965.000 0.506
966.000 0.506
967.000 0.506
968.000 0.506
969.000 0.508
970.000 0.508
971.000 0.508
972.000 0.508
973.000 0.508
974.000 0.506
975.000 0.506
976.000 0.507
977.000 0.508
978.000 0.509
979.000 0.510
980.000 0.507
981.000 0.509
982.000 0.509
983.000 0.507
984.000 0.509
985.000 0.510
986.000 0.511
987.000 0.511
988.000 0.511
989.000 0.512
990.000 0.513
991.000 0.513
992.000 0.514
993.000 0.512
994.000 0.513
995.000 0.515
996.000 0.514
997.000 0.515
998.000 0.516
999.000 0.517
1000.000 0.518
1001.000 0.523
1002.000 0.523
1003.000 0.524
1004.000 0.523
1005.000 0.523
1006.000 0.523
1007.000 0.524
1008.000 0.525
1009.000 0.525
1010.000 0.525
1011.000 0.526
1012.000 0.527
1013.000 0.527
1014.000 0.528
1015.000 0.529
1016.000 0.530
1017.000 0.530
1018.000 0.531
1019.000 0.532
1020.000 0.533
1021.000 0.533
1022.000 0.533
1023.000 0.534
1024.000 0.535
1025.000 0.536
1026.000 0.536
1027.000 0.537
1028.000 0.537
1029.000 0.537
1030.000 0.538
1031.000 0.538
1032.000 0.539
1033.000 0.540
1034.000 0.540
1035.000 0.540
1036.000 0.540
1037.000 0.540
1038.000 0.541
1039.000 0.542
1040.000 0.543
1041.000 0.544
1042.000 0.544
1043.000 0.545
1044.000 0.545
1045.000 0.545
1046.000 0.546
1047.000 0.546
1048.000 0.547
1049.000 0.547
1050.000 0.548
1051.000 0.548
1052.000 0.548
1053.000 0.549
1054.000 0.549
1055.000 0.549
1056.000 0.550
1057.000 0.550
1058.000 0.550
1059.000 0.550
1060.000 0.550
1061.000 0.551
1062.000 0.551
1063.000 0.552
1064.000 0.552
1065.000 0.553
1066.000 0.553
1067.000 0.552
1068.000 0.553
1069.000 0.553
1070.000 0.554
1071.000 0.554
1072.000 0.555
1073.000 0.555
1074.000 0.554
1075.000 0.554
1076.000 0.554
1077.000 0.554
1078.000 0.554
1079.000 0.555
1080.000 0.555
1081.000 0.555
1082.000 0.556
1083.000 0.555
1084.000 0.556
1085.000 0.556
1086.000 0.557
1087.000 0.557
1088.000 0.558
1089.000 0.558
1090.000 0.558
1091.000 0.557
1092.000 0.557
1093.000 0.557
1094.000 0.556
1095.000 0.557
1096.000 0.557
1097.000 0.557
1098.000 0.558
1099.000 0.558
1100.000 0.559
1101.000 0.560
1102.000 0.560
1103.000 0.561
1104.000 0.562
1105.000 0.561
1106.000 0.561
1107.000 0.560
1108.000 0.559
1109.000 0.560
1110.000 0.560
1111.000 0.562
1112.000 0.563
1113.000 0.565
1114.000 0.565
1115.000 0.565
1116.000 0.565
1117.000 0.565
1118.000 0.566
1119.000 0.570
1120.000 0.570
1121.000 0.573
1122.000 0.572
1123.000 0.571
1124.000 0.570
1125.000 0.572
1126.000 0.578
1127.000 0.579
1128.000 0.577
1129.000 0.580
1130.000 0.584
1131.000 0.581
1132.000 0.578
1133.000 0.579
1134.000 0.574
1135.000 0.568
1136.000 0.566
1137.000 0.557
1138.000 0.551
1139.000 0.547
1140.000 0.545
1141.000 0.546
1142.000 0.546
1143.000 0.548
1144.000 0.546
1145.000 0.541
1146.000 0.537
1147.000 0.531
1148.000 0.525
1149.000 0.525
1150.000 0.525
1151.000 0.526
1152.000 0.527
1153.000 0.524
1154.000 0.522
1155.000 0.518
1156.000 0.515
1157.000 0.513
1158.000 0.512
1159.000 0.511
1160.000 0.509
1161.000 0.507
1162.000 0.506
1163.000 0.505
1164.000 0.505
1165.000 0.505
1166.000 0.506
1167.000 0.505
1168.000 0.505
1169.000 0.504
1170.000 0.504
1171.000 0.503
1172.000 0.502
1173.000 0.503
1174.000 0.503
1175.000 0.502
1176.000 0.502
1177.000 0.502
1178.000 0.502
1179.000 0.503
1180.000 0.502
1181.000 0.501
1182.000 0.501
1183.000 0.499
1184.000 0.499
1185.000 0.500
1186.000 0.500
1187.000 0.500
1188.000 0.500
1189.000 0.500
1190.000 0.500
1191.000 0.500
1192.000 0.499
1193.000 0.499
1194.000 0.500
1195.000 0.500
1196.000 0.499
1197.000 0.499
1198.000 0.499
1199.000 0.499
1200.000 0.500
1201.000 0.500
1202.000 0.501
1203.000 0.501
1204.000 0.502
1205.000 0.501
1206.000 0.501
1207.000 0.502
1208.000 0.503
1209.000 0.504
1210.000 0.505
1211.000 0.506
1212.000 0.505
1213.000 0.504
1214.000 0.504
1215.000 0.504
1216.000 0.504
1217.000 0.505
1218.000 0.506
1219.000 0.506
1220.000 0.507
1221.000 0.508
1222.000 0.509
1223.000 0.509
1224.000 0.509
1225.000 0.509
1226.000 0.508
1227.000 0.509
1228.000 0.509
1229.000 0.510
1230.000 0.511
1231.000 0.511
1232.000 0.512
1233.000 0.513
1234.000 0.513
1235.000 0.514
1236.000 0.514
1237.000 0.515
1238.000 0.515
1239.000 0.515
1240.000 0.516
1241.000 0.516
1242.000 0.517
1243.000 0.517
1244.000 0.518
1245.000 0.518
1246.000 0.518
1247.000 0.518
1248.000 0.519
1249.000 0.518
1250.000 0.518
1251.000 0.519
1252.000 0.519
1253.000 0.520
1254.000 0.521
1255.000 0.522
1256.000 0.522
1257.000 0.523
1258.000 0.523
1259.000 0.523
1260.000 0.524
1261.000 0.525
1262.000 0.525
1263.000 0.525
1264.000 0.525
1265.000 0.524
1266.000 0.524
1267.000 0.524
1268.000 0.525
1269.000 0.525
1270.000 0.525
1271.000 0.525
1272.000 0.526
1273.000 0.526
1274.000 0.526
1275.000 0.526
1276.000 0.526
1277.000 0.526
1278.000 0.526
1279.000 0.526
1280.000 0.527
1281.000 0.527
1282.000 0.527
1283.000 0.527
1284.000 0.526
1285.000 0.526
1286.000 0.526
1287.000 0.525
1288.000 0.525
1289.000 0.524
1290.000 0.524
1291.000 0.524
1292.000 0.524
1293.000 0.524
1294.000 0.524
1295.000 0.524
1296.000 0.523
1297.000 0.522
1298.000 0.522
1299.000 0.522
1300.000 0.521
1301.000 0.520
1302.000 0.519
1303.000 0.518
1304.000 0.517
1305.000 0.515
1306.000 0.515
1307.000 0.515
1308.000 0.514
1309.000 0.514
1310.000 0.514
1311.000 0.512
1312.000 0.510
1313.000 0.509
1314.000 0.508
1315.000 0.508
1316.000 0.507
1317.000 0.505
1318.000 0.503
1319.000 0.501
1320.000 0.499
1321.000 0.498
1322.000 0.498
1323.000 0.496
1324.000 0.495
1325.000 0.494
1326.000 0.491
1327.000 0.490
1328.000 0.490
1329.000 0.489
1330.000 0.487
1331.000 0.485
1332.000 0.482
1333.000 0.480
1334.000 0.477
1335.000 0.475
1336.000 0.472
1337.000 0.470
1338.000 0.469
1339.000 0.469
1340.000 0.474
1341.000 0.475
1342.000 0.472
1343.000 0.473
1344.000 0.473
1345.000 0.475
1346.000 0.485
1347.000 0.493
1348.000 0.502
1349.000 0.504
1350.000 0.515
1351.000 0.528
1352.000 0.565
1353.000 0.639
1354.000 0.438
1355.000 0.557
1356.000 0.428
1357.000 0.509
1358.000 0.720
1359.000 0.621
1360.000 0.559
1361.000 0.478
1362.000 0.408
1363.000 0.542
1364.000 0.543
1365.000 0.325
1366.000 0.215
1367.000 0.276
1368.000 0.279
1369.000 0.427
1370.000 0.398
1371.000 0.331
1372.000 0.482
1373.000 0.543
1374.000 0.598
1375.000 0.527
1376.000 0.537
1377.000 0.543
1378.000 0.688
1379.000 0.726
1380.000 0.718
1381.000 0.738
1382.000 0.735
1383.000 0.709
1384.000 0.512
1385.000 0.479
1386.000 0.261
1387.000 0.219
1388.000 0.534
1389.000 0.533
1390.000 0.523
1391.000 0.394
1392.000 0.447
1393.000 0.713
1394.000 0.742
1395.000 0.590
1396.000 0.556
1397.000 0.684
1398.000 0.611
1399.000 0.513
1400.000 0.444
1401.000 0.358
1402.000 0.515
1403.000 0.418
1404.000 0.238
1405.000 0.102
1406.000 0.307
1407.000 0.413
1408.000 0.460
1409.000 0.448
1410.000 0.499
1411.000 0.601
1412.000 0.695
1413.000 0.599
1414.000 0.484
1415.000 0.370
1416.000 0.327
1417.000 0.299
1418.000 0.294
1419.000 0.447
1420.000 0.503
1421.000 0.557
1422.000 0.343
1423.000 0.408
1424.000 0.462
1425.000 0.319
1426.000 0.436
1427.000 0.455
1428.000 0.469
1429.000 0.388
1430.000 0.455
1431.000 0.533
1432.000 0.610
1433.000 0.451
1434.000 0.485
1435.000 0.516
1436.000 0.518
1437.000 0.638
1438.000 0.653
1439.000 0.589
1440.000 0.663
1441.000 0.485
1442.000 0.645
1443.000 0.686
1444.000 0.620
1445.000 0.511
1446.000 0.424
1447.000 0.419
1448.000 0.307
1449.000 0.317
1450.000 0.265
1451.000 0.259
1452.000 0.267
1453.000 0.257
1454.000 0.262
1455.000 0.271
1456.000 0.277
1457.000 0.255
1458.000 0.207
1459.000 0.193
1460.000 0.195
1461.000 0.184
1462.000 0.161
1463.000 0.160
1464.000 0.189
1465.000 0.199
1466.000 0.224
1467.000 0.217
1468.000 0.189
1469.000 0.183
1470.000 0.205
1471.000 0.203
1472.000 0.211
1473.000 0.202
1474.000 0.226
1475.000 0.226
1476.000 0.219
1477.000 0.202
1478.000 0.175
1479.000 0.177
1480.000 0.187
1481.000 0.188
1482.000 0.181
1483.000 0.180
1484.000 0.175
1485.000 0.172
1486.000 0.165
1487.000 0.166
1488.000 0.172
1489.000 0.174
1490.000 0.178
1491.000 0.179
1492.000 0.175
1493.000 0.175
1494.000 0.175
1495.000 0.177
1496.000 0.181
1497.000 0.183
1498.000 0.182
1499.000 0.184
1500.000 0.184
1501.000 0.184
1502.000 0.186
1503.000 0.188
1504.000 0.189
1505.000 0.189
1506.000 0.190
1507.000 0.188
1508.000 0.189
1509.000 0.190
1510.000 0.191
1511.000 0.192
1512.000 0.194
1513.000 0.197
1514.000 0.200
1515.000 0.203
1516.000 0.205
1517.000 0.207
1518.000 0.207
1519.000 0.206
1520.000 0.207
1521.000 0.206
1522.000 0.208
1523.000 0.212
1524.000 0.213
1525.000 0.214
1526.000 0.215
1527.000 0.216
1528.000 0.217
1529.000 0.218
1530.000 0.219
1531.000 0.219
1532.000 0.220
1533.000 0.222
1534.000 0.224
1535.000 0.225
1536.000 0.227
1537.000 0.228
1538.000 0.230
1539.000 0.231
1540.000 0.232
1541.000 0.234
1542.000 0.235
1543.000 0.238
1544.000 0.239
1545.000 0.240
1546.000 0.241
1547.000 0.241
1548.000 0.241
1549.000 0.241
1550.000 0.242
1551.000 0.243
1552.000 0.245
1553.000 0.248
1554.000 0.250
1555.000 0.253
1556.000 0.255
1557.000 0.256
1558.000 0.258
1559.000 0.259
1560.000 0.259
1561.000 0.261
1562.000 0.261
1563.000 0.262
1564.000 0.263
1565.000 0.264
1566.000 0.265
1567.000 0.267
1568.000 0.268
1569.000 0.270
1570.000 0.271
1571.000 0.272
1572.000 0.273
1573.000 0.274
1574.000 0.276
1575.000 0.277
1576.000 0.279
1577.000 0.279
1578.000 0.280
1579.000 0.280
1580.000 0.282
1581.000 0.285
1582.000 0.286
1583.000 0.289
1584.000 0.291
1585.000 0.293
1586.000 0.293
1587.000 0.293
1588.000 0.293
1589.000 0.294
1590.000 0.294
1591.000 0.297
1592.000 0.298
1593.000 0.299
1594.000 0.300
1595.000 0.299
1596.000 0.299
1597.000 0.300
1598.000 0.301
1599.000 0.301
1600.000 0.302
1601.000 0.303
1602.000 0.305
1603.000 0.307
1604.000 0.307
1605.000 0.307
1606.000 0.308
1607.000 0.309
1608.000 0.309
1609.000 0.309
1610.000 0.309
1611.000 0.309
1612.000 0.309
1613.000 0.311
1614.000 0.312
1615.000 0.313
1616.000 0.315
1617.000 0.317
1618.000 0.318
1619.000 0.318
1620.000 0.319
1621.000 0.317
1622.000 0.317
1623.000 0.320
1624.000 0.321
1625.000 0.322
1626.000 0.324
1627.000 0.325
1628.000 0.325
1629.000 0.325
1630.000 0.326
1631.000 0.325
1632.000 0.326
1633.000 0.329
1634.000 0.331
1635.000 0.330
1636.000 0.330
1637.000 0.329
1638.000 0.328
1639.000 0.330
1640.000 0.330
1641.000 0.330
1642.000 0.331
1643.000 0.332
1644.000 0.332
1645.000 0.332
1646.000 0.333
1647.000 0.334
1648.000 0.334
1649.000 0.336
1650.000 0.336
1651.000 0.335
1652.000 0.334
1653.000 0.332
1654.000 0.332
1655.000 0.334
1656.000 0.336
1657.000 0.339
1658.000 0.341
1659.000 0.340
1660.000 0.340
1661.000 0.339
1662.000 0.339
1663.000 0.342
1664.000 0.342
1665.000 0.343
1666.000 0.342
1667.000 0.341
1668.000 0.339
1669.000 0.336
1670.000 0.335
1671.000 0.335
1672.000 0.336
1673.000 0.338
1674.000 0.339
1675.000 0.340
1676.000 0.341
1677.000 0.342
1678.000 0.342
1679.000 0.342
1680.000 0.341
1681.000 0.337
1682.000 0.335
1683.000 0.333
1684.000 0.333
1685.000 0.336
1686.000 0.338
1687.000 0.341
1688.000 0.342
1689.000 0.343
1690.000 0.342
1691.000 0.339
1692.000 0.337
1693.000 0.337
1694.000 0.335
1695.000 0.334
1696.000 0.334
1697.000 0.333
1698.000 0.333
1699.000 0.336
1700.000 0.336
1701.000 0.337
1702.000 0.336
1703.000 0.335
1704.000 0.335
1705.000 0.334
1706.000 0.333
1707.000 0.332
1708.000 0.331
1709.000 0.331
1710.000 0.331
1711.000 0.335
1712.000 0.335
1713.000 0.335
1714.000 0.333
1715.000 0.332
1716.000 0.330
1717.000 0.326
1718.000 0.325
1719.000 0.324
1720.000 0.324
1721.000 0.324
1722.000 0.322
1723.000 0.320
1724.000 0.318
1725.000 0.320
1726.000 0.319
1727.000 0.319
1728.000 0.321
1729.000 0.322
1730.000 0.326
1731.000 0.329
1732.000 0.327
1733.000 0.325
1734.000 0.321
1735.000 0.320
1736.000 0.320
1737.000 0.320
1738.000 0.322
1739.000 0.323
1740.000 0.321
1741.000 0.321
1742.000 0.320
1743.000 0.320
1744.000 0.322
1745.000 0.322
1746.000 0.318
1747.000 0.314
1748.000 0.308
1749.000 0.304
1750.000 0.305
1751.000 0.304
1752.000 0.305
1753.000 0.305
1754.000 0.301
1755.000 0.302
1756.000 0.304
1757.000 0.304
1758.000 0.306
1759.000 0.300
1760.000 0.300
1761.000 0.301
1762.000 0.303
1763.000 0.310
1764.000 0.309
1765.000 0.305
1766.000 0.306
1767.000 0.304
1768.000 0.309
1769.000 0.312
1770.000 0.311
1771.000 0.310
1772.000 0.303
1773.000 0.297
1774.000 0.296
1775.000 0.296
1776.000 0.300
1777.000 0.299
1778.000 0.295
1779.000 0.287
1780.000 0.285
1781.000 0.295
1782.000 0.300
1783.000 0.307
1784.000 0.308
1785.000 0.300
1786.000 0.295
1787.000 0.294
1788.000 0.290
1789.000 0.280
1790.000 0.274
1791.000 0.270
1792.000 0.287
1793.000 0.288
1794.000 0.297
1795.000 0.316
1796.000 0.321
1797.000 0.345
1798.000 0.362
1799.000 0.365
1800.000 0.350
1801.000 0.529
1802.000 0.619
1803.000 0.726
1804.000 0.489
1805.000 0.501
1806.000 0.521
1807.000 0.529
1808.000 0.560
1809.000 0.555
1810.000 0.389
1811.000 0.377
1812.000 0.477
1813.000 0.463
1814.000 0.415
1815.000 0.429
1816.000 0.417
1817.000 0.413
1818.000 0.601
1819.000 0.459
1820.000 0.410
1821.000 0.441
1822.000 0.470
1823.000 0.585
1824.000 0.383
1825.000 0.510
1826.000 0.697
1827.000 0.718
1828.000 0.551
1829.000 0.499
1830.000 0.478
1831.000 0.533
1832.000 0.469
1833.000 0.419
1834.000 0.364
1835.000 0.380
1836.000 0.352
1837.000 0.513
1838.000 0.530
1839.000 0.549
1840.000 0.316
1841.000 0.298
1842.000 0.383
1843.000 0.614
1844.000 0.409
1845.000 0.377
1846.000 0.252
1847.000 0.252
1848.000 0.340
1849.000 0.301
1850.000 0.452
1851.000 0.433
1852.000 0.364
1853.000 0.383
1854.000 0.476
1855.000 0.506
1856.000 0.213
1857.000 0.307
1858.000 0.657
1859.000 0.712
1860.000 0.393
1861.000 0.360
1862.000 0.596
1863.000 0.497
1864.000 0.374
1865.000 0.370
1866.000 0.407
1867.000 0.566
1868.000 0.592
1869.000 0.515
1870.000 0.432
1871.000 0.413
1872.000 0.511
1873.000 0.538
1874.000 0.542
1875.000 0.521
1876.000 0.540
1877.000 0.594
1878.000 0.569
1879.000 0.646
1880.000 0.620
1881.000 0.522
1882.000 0.517
1883.000 0.545
1884.000 0.583
1885.000 0.448
1886.000 0.460
1887.000 0.362
1888.000 0.260
1889.000 0.384
1890.000 0.400
1891.000 0.515
1892.000 0.487
1893.000 0.459
1894.000 0.375
1895.000 0.315
1896.000 0.364
1897.000 0.606
1898.000 0.552
1899.000 0.551
1900.000 0.570
1901.000 0.575
1902.000 0.475
1903.000 0.463
1904.000 0.435
1905.000 0.428
1906.000 0.565
1907.000 0.523
1908.000 0.634
1909.000 0.621
1910.000 0.641
1911.000 0.586
1912.000 0.445
1913.000 0.440
1914.000 0.354
1915.000 0.480
1916.000 0.427
1917.000 0.505
1918.000 0.510
1919.000 0.372
1920.000 0.491
1921.000 0.549
1922.000 0.598
1923.000 0.425
1924.000 0.318
1925.000 0.291
1926.000 0.419
1927.000 0.456
1928.000 0.453
1929.000 0.462
1930.000 0.416
1931.000 0.416
1932.000 0.407
1933.000 0.279
1934.000 0.245
1935.000 0.545
1936.000 0.455
1937.000 0.480
1938.000 0.573
1939.000 0.580
1940.000 0.570
1941.000 0.578
1942.000 0.631
1943.000 0.486
1944.000 0.500
1945.000 0.433
1946.000 0.340
1947.000 0.387
1948.000 0.453
1949.000 0.441
1950.000 0.465
1951.000 0.435
1952.000 0.290
1953.000 0.271
1954.000 0.307
1955.000 0.312
1956.000 0.444
1957.000 0.441
1958.000 0.401
1959.000 0.402
1960.000 0.410
1961.000 0.405
1962.000 0.315
1963.000 0.294
1964.000 0.264
1965.000 0.216
1966.000 0.469
1967.000 0.424
1968.000 0.488
1969.000 0.591
1970.000 0.526
1971.000 0.540
1972.000 0.359
1973.000 0.401
1974.000 0.447
1975.000 0.424
1976.000 0.419
1977.000 0.394
1978.000 0.459
1979.000 0.526
1980.000 0.560
1981.000 0.547
1982.000 0.478
1983.000 0.439
1984.000 0.346
1985.000 0.293
1986.000 0.271
1987.000 0.276
1988.000 0.276
1989.000 0.289
1990.000 0.335
1991.000 0.337
1992.000 0.404
1993.000 0.357
1994.000 0.413
1995.000 0.423
1996.000 0.290
1997.000 0.268
1998.000 0.298
1999.000 0.308
2000.000 0.291
2001.000 0.303
2002.000 0.326
2003.000 0.395
2004.000 0.447
2005.000 0.460
2006.000 0.433
2007.000 0.305
2008.000 0.388
2009.000 0.564
2010.000 0.600
2011.000 0.463
2012.000 0.233
2013.000 0.361
2014.000 0.430
2015.000 0.381
2016.000 0.368
2017.000 0.461
2018.000 0.457
2019.000 0.443
2020.000 0.331
2021.000 0.355
2022.000 0.256
2023.000 0.278
2024.000 0.202
2025.000 0.314
2026.000 0.418
2027.000 0.284
2028.000 0.205
2029.000 0.197
2030.000 0.238
2031.000 0.220
2032.000 0.252
2033.000 0.251
2034.000 0.221
2035.000 0.211
2036.000 0.268
2037.000 0.184
2038.000 0.210
2039.000 0.196
2040.000 0.191
2041.000 0.265
2042.000 0.296
2043.000 0.339
2044.000 0.322
2045.000 0.229
2046.000 0.209
2047.000 0.185
2048.000 0.180
2049.000 0.259
2050.000 0.309
2051.000 0.285
2052.000 0.315
2053.000 0.297
2054.000 0.217
2055.000 0.199
2056.000 0.201
2057.000 0.209
2058.000 0.225
2059.000 0.243
2060.000 0.230
2061.000 0.215
2062.000 0.188
2063.000 0.174
2064.000 0.166
2065.000 0.181
2066.000 0.205
2067.000 0.279
2068.000 0.309
2069.000 0.366
2070.000 0.372
2071.000 0.335
2072.000 0.311
2073.000 0.257
2074.000 0.234
2075.000 0.231
2076.000 0.223
2077.000 0.229
2078.000 0.213
2079.000 0.216
2080.000 0.216
2081.000 0.220
2082.000 0.209
2083.000 0.212
2084.000 0.214
2085.000 0.210
2086.000 0.215
2087.000 0.208
2088.000 0.198
2089.000 0.190
2090.000 0.178
2091.000 0.176
2092.000 0.180
2093.000 0.183
2094.000 0.190
2095.000 0.201
2096.000 0.222
2097.000 0.227
2098.000 0.229
2099.000 0.221
2100.000 0.199
2101.000 0.192
2102.000 0.191
2103.000 0.184
2104.000 0.177
2105.000 0.170
2106.000 0.170
2107.000 0.177
2108.000 0.169
2109.000 0.174
2110.000 0.177
2111.000 0.175
2112.000 0.179
2113.000 0.195
2114.000 0.199
2115.000 0.200
2116.000 0.200
2117.000 0.190
2118.000 0.181
2119.000 0.181
2120.000 0.190
2121.000 0.191
2122.000 0.196
2123.000 0.197
2124.000 0.188
2125.000 0.191
2126.000 0.198
2127.000 0.207
2128.000 0.236
2129.000 0.237
2130.000 0.222
2131.000 0.218
2132.000 0.204
2133.000 0.197
2134.000 0.198
2135.000 0.198
2136.000 0.193
2137.000 0.190
2138.000 0.198
2139.000 0.203
2140.000 0.200
2141.000 0.198
2142.000 0.198
2143.000 0.201
2144.000 0.201
2145.000 0.201
2146.000 0.200
2147.000 0.193
2148.000 0.193
2149.000 0.201
2150.000 0.205
2151.000 0.217
2152.000 0.220
2153.000 0.213
2154.000 0.209
2155.000 0.197
2156.000 0.193
2157.000 0.195
2158.000 0.197
2159.000 0.207
2160.000 0.210
2161.000 0.214
2162.000 0.218
2163.000 0.220
2164.000 0.227
2165.000 0.225
2166.000 0.215
2167.000 0.210
2168.000 0.201
2169.000 0.199
2170.000 0.202
2171.000 0.206
2172.000 0.209
2173.000 0.217
2174.000 0.234
2175.000 0.239
2176.000 0.237
2177.000 0.233
2178.000 0.227
2179.000 0.216
2180.000 0.208
2181.000 0.217
2182.000 0.223
2183.000 0.227
2184.000 0.235
2185.000 0.253
2186.000 0.252
2187.000 0.244
2188.000 0.242
2189.000 0.230
2190.000 0.226
2191.000 0.232
2192.000 0.226
2193.000 0.206
2194.000 0.201
2195.000 0.199
2196.000 0.201
2197.000 0.213
2198.000 0.223
2199.000 0.239
2200.000 0.249
2201.000 0.252
2202.000 0.260
2203.000 0.275
2204.000 0.263
2205.000 0.246
2206.000 0.238
2207.000 0.211
2208.000 0.196
2209.000 0.190
2210.000 0.194
2211.000 0.196
2212.000 0.205
2213.000 0.204
2214.000 0.195
2215.000 0.193
2216.000 0.190
2217.000 0.192
2218.000 0.203
2219.000 0.207
2220.000 0.206
2221.000 0.211
2222.000 0.221
2223.000 0.222
2224.000 0.225
2225.000 0.223
2226.000 0.211
2227.000 0.199
2228.000 0.207
2229.000 0.204
2230.000 0.199
2231.000 0.198
2232.000 0.202
2233.000 0.202
2234.000 0.206
2235.000 0.208
2236.000 0.205
2237.000 0.204
2238.000 0.211
2239.000 0.233
2240.000 0.234
2241.000 0.226
2242.000 0.218
2243.000 0.194
2244.000 0.186
2245.000 0.184
2246.000 0.191
2247.000 0.193
2248.000 0.200
2249.000 0.205
2250.000 0.228
2251.000 0.231
2252.000 0.245
2253.000 0.246
2254.000 0.251
2255.000 0.268
2256.000 0.266
2257.000 0.258
2258.000 0.235
2259.000 0.208
2260.000 0.183
2261.000 0.172
2262.000 0.169
2263.000 0.196
2264.000 0.219
2265.000 0.212
2266.000 0.190
2267.000 0.206
2268.000 0.198
2269.000 0.199
2270.000 0.211
2271.000 0.201
2272.000 0.186
2273.000 0.181
2274.000 0.183
2275.000 0.185
2276.000 0.160
2277.000 0.146
2278.000 0.145
2279.000 0.131
2280.000 0.114
2281.000 0.114
2282.000 0.126
2283.000 0.130
2284.000 0.142
2285.000 0.156
2286.000 0.171
2287.000 0.183
2288.000 0.219
2289.000 0.228
2290.000 0.215
2291.000 0.210
2292.000 0.162
2293.000 0.151
2294.000 0.143
2295.000 0.152
2296.000 0.192
2297.000 0.241
2298.000 0.258
2299.000 0.238
2300.000 0.241
2301.000 0.229
2302.000 0.238
2303.000 0.255
2304.000 0.278
2305.000 0.260
2306.000 0.272
2307.000 0.218
2308.000 0.170
2309.000 0.140
2310.000 0.145
2311.000 0.126
2312.000 0.128
2313.000 0.127
2314.000 0.163
2315.000 0.205
2316.000 0.207
2317.000 0.230
2318.000 0.210
2319.000 0.233
2320.000 0.310
2321.000 0.312
2322.000 0.262
2323.000 0.289
2324.000 0.298
2325.000 0.210
2326.000 0.259
2327.000 0.347
2328.000 0.409
2329.000 0.506
2330.000 0.474
2331.000 0.310
2332.000 0.317
2333.000 0.244
2334.000 0.298
2335.000 0.311
2336.000 0.309
2337.000 0.384
2338.000 0.411
2339.000 0.384
2340.000 0.407
2341.000 0.470
2342.000 0.398
2343.000 0.378
2344.000 0.505
2345.000 0.283
2346.000 0.266
2347.000 0.267
2348.000 0.158
2349.000 0.218
2350.000 0.237
2351.000 0.360
2352.000 0.345
2353.000 0.320
2354.000 0.330
2355.000 0.289
2356.000 0.269
2357.000 0.227
2358.000 0.321
2359.000 0.343
2360.000 0.503
2361.000 0.417
2362.000 0.391
2363.000 0.313
2364.000 0.414
2365.000 0.428
2366.000 0.319
2367.000 0.226
2368.000 0.263
2369.000 0.233
2370.000 0.335
2371.000 0.107
2372.000 0.246
2373.000 0.549
2374.000 0.282
2375.000 0.452
2376.000 0.547
2377.000 0.483
2378.000 0.442
2379.000 0.416
2380.000 0.377
2381.000 0.282
2382.000 0.267
2383.000 0.342
2384.000 0.372
2385.000 0.628
2386.000 0.716
2387.000 0.584
2388.000 0.414
2389.000 0.480
2390.000 0.392
2391.000 0.307
2392.000 0.371
2393.000 0.354
2394.000 0.355
2395.000 0.300
2396.000 0.247
2397.000 0.271
2398.000 0.362
2399.000 0.232
2400.000 0.410
2401.000 0.316
2402.000 0.290
2403.000 0.319
2404.000 0.377
2405.000 0.296
2406.000 0.329
2407.000 0.200
2408.000 0.249
2409.000 0.178
2410.000 0.294
2411.000 0.398
2412.000 0.437
2413.000 0.406
2414.000 0.355
2415.000 0.494
2416.000 0.473
2417.000 0.280
2418.000 0.273
2419.000 0.352
2420.000 0.381
2421.000 0.542
2422.000 0.388
2423.000 0.446
2424.000 0.448
2425.000 0.425
2426.000 0.388
2427.000 0.200
2428.000 0.395
2429.000 0.479
2430.000 0.636
2431.000 0.481
2432.000 0.495
2433.000 0.537
2434.000 0.591
2435.000 0.366
2436.000 0.382
2437.000 0.426
2438.000 0.355
2439.000 0.451
2440.000 0.421
2441.000 0.349
2442.000 0.364
2443.000 0.282
2444.000 0.330
2445.000 0.286
2446.000 0.261
2447.000 0.287
2448.000 0.293
2449.000 0.395
2450.000 0.450
2451.000 0.394
2452.000 0.239
2453.000 0.409
2454.000 0.282
2455.000 0.547
2456.000 0.492
2457.000 0.370
2458.000 0.473
2459.000 0.550
2460.000 0.564
2461.000 0.344
2462.000 0.320
2463.000 0.270
2464.000 0.438
2465.000 0.389
2466.000 0.402
2467.000 0.433
2468.000 0.497
2469.000 0.454
2470.000 0.380
2471.000 0.313
2472.000 0.453
2473.000 0.379
2474.000 0.367
2475.000 0.475
2476.000 0.402
2477.000 0.262
2478.000 0.446
2479.000 0.595
2480.000 0.275
2481.000 0.372
2482.000 0.285
2483.000 0.273
2484.000 0.458
2485.000 0.245
2486.000 0.313
2487.000 0.327
2488.000 0.471
2489.000 0.349
2490.000 0.312
2491.000 0.334
2492.000 0.427
2493.000 0.558
2494.000 0.416
2495.000 0.325
2496.000 0.509
2497.000 0.440
2498.000 0.406
2499.000 0.325
2500.000 0.396
