391.000 0.028
392.000 0.026
393.000 0.022
394.000 0.023
395.000 0.023
396.000 0.025
397.000 0.028
398.000 0.024
399.000 0.026
400.000 0.027
401.000 0.024
402.000 0.025
403.000 0.024
404.000 0.023
405.000 0.026
406.000 0.026
407.000 0.025
408.000 0.024
409.000 0.024
410.000 0.026
411.000 0.026
412.000 0.026
413.000 0.025
414.000 0.023
415.000 0.024
416.000 0.026
417.000 0.026
418.000 0.026
419.000 0.026
420.000 0.024
421.000 0.025
422.000 0.025
423.000 0.025
424.000 0.025
425.000 0.026
426.000 0.025
427.000 0.024
428.000 0.026
429.000 0.027
430.000 0.025
431.000 0.026
432.000 0.026
433.000 0.025
434.000 0.025
435.000 0.025
436.000 0.025
437.000 0.025
438.000 0.025
439.000 0.025
440.000 0.025
441.000 0.025
442.000 0.026
443.000 0.025
444.000 0.025
445.000 0.025
446.000 0.026
447.000 0.026
448.000 0.026
449.000 0.025
450.000 0.025
451.000 0.025
452.000 0.026
453.000 0.026
454.000 0.026
455.000 0.027
456.000 0.025
457.000 0.025
458.000 0.025
459.000 0.026
460.000 0.027
461.000 0.027
462.000 0.026
463.000 0.025
464.000 0.026
465.000 0.026
466.000 0.026
467.000 0.026
468.000 0.026
469.000 0.026
470.000 0.026
471.000 0.025
472.000 0.026
473.000 0.026
474.000 0.026
475.000 0.025
476.000 0.025
477.000 0.026
478.000 0.026
479.000 0.025
480.000 0.026
481.000 0.026
482.000 0.025
483.000 0.025
484.000 0.026
485.000 0.026
486.000 0.026
487.000 0.027
488.000 0.026
489.000 0.026
490.000 0.026
491.000 0.026
492.000 0.027
493.000 0.026
494.000 0.026
495.000 0.027
496.000 0.028
497.000 0.027
498.000 0.026
499.000 0.026
500.000 0.027
501.000 0.028
502.000 0.028
503.000 0.028
504.000 0.028
505.000 0.029
506.000 0.030
507.000 0.030
508.000 0.031
509.000 0.032
510.000 0.033
511.000 0.034
512.000 0.035
513.000 0.036
514.000 0.037
515.000 0.039
516.000 0.040
517.000 0.040
518.000 0.042
519.000 0.045
520.000 0.046
521.000 0.049
522.000 0.051
523.000 0.053
524.000 0.055
525.000 0.056
526.000 0.058
527.000 0.061
528.000 0.062
529.000 0.064
530.000 0.066
531.000 0.067
532.000 0.068
533.000 0.070
534.000 0.071
535.000 0.072
536.000 0.073
537.000 0.073
538.000 0.073
539.000 0.074
540.000 0.073
541.000 0.075
542.000 0.075
543.000 0.075
544.000 0.075
545.000 0.076
546.000 0.076
547.000 0.077
548.000 0.077
549.000 0.077
550.000 0.077
551.000 0.077
552.000 0.077
553.000 0.077
554.000 0.076
555.000 0.077
556.000 0.076
557.000 0.075
558.000 0.075
559.000 0.074
560.000 0.073
561.000 0.072
562.000 0.071
563.000 0.071
564.000 0.069
565.000 0.068
566.000 0.066
567.000 0.065
568.000 0.064
569.000 0.062
570.000 0.061
571.000 0.060
572.000 0.058
573.000 0.057
574.000 0.056
575.000 0.054
576.000 0.054
577.000 0.053
578.000 0.052
579.000 0.051
580.000 0.051
581.000 0.050
582.000 0.049
583.000 0.049
584.000 0.048
585.000 0.048
586.000 0.047
587.000 0.047
588.000 0.045
589.000 0.044
590.000 0.044
591.000 0.044
592.000 0.044
593.000 0.043
594.000 0.043
595.000 0.042
596.000 0.042
597.000 0.042
598.000 0.042
599.000 0.042
600.000 0.041
601.000 0.042
602.000 0.042
603.000 0.041
604.000 0.041
605.000 0.041
606.000 0.040
607.000 0.039
608.000 0.039
609.000 0.039
610.000 0.039
611.000 0.038
612.000 0.038
613.000 0.037
614.000 0.036
615.000 0.036
616.000 0.036
617.000 0.035
618.000 0.035
619.000 0.035
620.000 0.035
621.000 0.034
622.000 0.034
623.000 0.034
624.000 0.034
625.000 0.033
626.000 0.034
627.000 0.034
628.000 0.034
629.000 0.033
630.000 0.033
631.000 0.033
632.000 0.033
633.000 0.033
634.000 0.033
635.000 0.033
636.000 0.032
637.000 0.032
638.000 0.032
639.000 0.032
640.000 0.031
641.000 0.030
642.000 0.030
643.000 0.029
644.000 0.029
645.000 0.028
646.000 0.027
647.000 0.027
648.000 0.027
649.000 0.027
650.000 0.027
651.000 0.027
652.000 0.027
653.000 0.027
654.000 0.026
655.000 0.026
656.000 0.025
657.000 0.026
658.000 0.026
659.000 0.026
660.000 0.025
661.000 0.025
662.000 0.026
663.000 0.026
664.000 0.025
665.000 0.025
666.000 0.025
667.000 0.025
668.000 0.025
669.000 0.025
670.000 0.025
671.000 0.025
672.000 0.024
673.000 0.025
674.000 0.025
675.000 0.025
676.000 0.025
677.000 0.026
678.000 0.026
679.000 0.027
680.000 0.027
681.000 0.028
682.000 0.029
683.000 0.029
684.000 0.030
685.000 0.030
686.000 0.032
687.000 0.034
688.000 0.035
689.000 0.036
690.000 0.037
691.000 0.039
692.000 0.040
693.000 0.044
694.000 0.049
695.000 0.053
696.000 0.057
697.000 0.063
698.000 0.069
699.000 0.075
700.000 0.082
701.000 0.089
702.000 0.097
703.000 0.103
704.000 0.111
705.000 0.119
706.000 0.126
707.000 0.133
708.000 0.141
709.000 0.149
710.000 0.157
711.000 0.165
712.000 0.173
713.000 0.182
714.000 0.190
715.000 0.198
716.000 0.206
717.000 0.214
718.000 0.223
719.000 0.233
720.000 0.244
721.000 0.254
722.000 0.262
723.000 0.270
724.000 0.279
725.000 0.288
726.000 0.297
727.000 0.307
728.000 0.316
729.000 0.324
730.000 0.332
731.000 0.341
732.000 0.350
733.000 0.359
734.000 0.367
735.000 0.374
736.000 0.380
737.000 0.388
738.000 0.394
739.000 0.401
740.000 0.407
741.000 0.413
742.000 0.419
743.000 0.424
744.000 0.428
745.000 0.433
746.000 0.437
747.000 0.440
748.000 0.444
749.000 0.447
750.000 0.451
751.000 0.453
752.000 0.455
753.000 0.458
754.000 0.460
755.000 0.462
756.000 0.464
757.000 0.465
758.000 0.466
759.000 0.466
760.000 0.463
761.000 0.461
762.000 0.459
763.000 0.460
764.000 0.462
765.000 0.465
766.000 0.468
767.000 0.472
768.000 0.474
769.000 0.476
770.000 0.477
771.000 0.478
772.000 0.479
773.000 0.480
774.000 0.480
775.000 0.481
776.000 0.481
777.000 0.482
778.000 0.482
779.000 0.483
780.000 0.483
781.000 0.484
782.000 0.484
783.000 0.484
784.000 0.484
785.000 0.484
786.000 0.484
787.000 0.483
788.000 0.483
789.000 0.483
790.000 0.483
791.000 0.484
792.000 0.485
793.000 0.485
794.000 0.486
795.000 0.485
796.000 0.486
797.000 0.486
798.000 0.486
799.000 0.486
800.000 0.486
801.000 0.486
802.000 0.486
803.000 0.486
804.000 0.487
805.000 0.488
806.000 0.489
807.000 0.489
808.000 0.489
809.000 0.488
810.000 0.487
811.000 0.487
812.000 0.485
813.000 0.484
814.000 0.483
815.000 0.481
816.000 0.480
817.000 0.480
818.000 0.481
819.000 0.482
820.000 0.484
821.000 0.485
822.000 0.485
823.000 0.485
824.000 0.486
825.000 0.487
826.000 0.488
827.000 0.488
828.000 0.487
829.000 0.488
830.000 0.488
831.000 0.488
832.000 0.490
833.000 0.490
834.000 0.491
835.000 0.492
836.000 0.493
837.000 0.494
838.000 0.495
839.000 0.495
840.000 0.496
841.000 0.496
842.000 0.497
843.000 0.498
844.000 0.498
845.000 0.499
846.000 0.499
847.000 0.499
848.000 0.500
849.000 0.500
850.000 0.500
851.000 0.501
852.000 0.501
853.000 0.501
854.000 0.501
855.000 0.502
856.000 0.502
857.000 0.502
858.000 0.503
859.000 0.503
860.000 0.503
861.000 0.504
862.000 0.504
863.000 0.504
864.000 0.504
865.000 0.504
866.000 0.504
867.000 0.504
868.000 0.505
869.000 0.505
870.000 0.505
871.000 0.505
872.000 0.506
873.000 0.506
874.000 0.506
875.000 0.506
876.000 0.506
877.000 0.506
878.000 0.506
879.000 0.506
880.000 0.506
881.000 0.506
882.000 0.506
883.000 0.506
884.000 0.506
885.000 0.506
886.000 0.506
887.000 0.507
888.000 0.507
889.000 0.507
890.000 0.506
891.000 0.505
892.000 0.504
893.000 0.504
894.000 0.502
895.000 0.500
896.000 0.498
897.000 0.496
898.000 0.495
899.000 0.494
900.000 0.494
901.000 0.495
902.000 0.496
903.000 0.496
904.000 0.495
905.000 0.496
906.000 0.496
907.000 0.495
908.000 0.495
909.000 0.493
910.000 0.493
911.000 0.493
912.000 0.492
913.000 0.491
914.000 0.491
915.000 0.492
916.000 0.493
917.000 0.493
918.000 0.494
919.000 0.496
920.000 0.496
921.000 0.496
922.000 0.496
923.000 0.496
924.000 0.495
925.000 0.495
926.000 0.492
927.000 0.491
928.000 0.490
929.000 0.486
930.000 0.482
931.000 0.481
932.000 0.476
933.000 0.472
934.000 0.465
935.000 0.458
936.000 0.462
937.000 0.461
938.000 0.461
939.000 0.462
940.000 0.461
941.000 0.461
942.000 0.460
943.000 0.458
944.000 0.458
945.000 0.458
946.000 0.456
947.000 0.454
948.000 0.458
949.000 0.457
950.000 0.456
951.000 0.455
952.000 0.453
953.000 0.454
954.000 0.456
955.000 0.456
956.000 0.456
957.000 0.456
958.000 0.454
959.000 0.453
960.000 0.455
961.000 0.459
962.000 0.459
963.000 0.458
964.000 0.462
965.000 0.463
966.000 0.465
967.000 0.468
968.000 0.468
969.000 0.471
970.000 0.472
971.000 0.472
972.000 0.472
973.000 0.472
974.000 0.471
975.000 0.471
976.000 0.472
977.000 0.472
978.000 0.472
979.000 0.474
980.000 0.475
981.000 0.478
982.000 0.479
983.000 0.478
984.000 0.479
985.000 0.481
986.000 0.482
987.000 0.483
988.000 0.484
989.000 0.484
990.000 0.485
991.000 0.487
992.000 0.488
993.000 0.486
994.000 0.489
995.000 0.491
996.000 0.490
997.000 0.490
998.000 0.491
999.000 0.492
1000.000 0.492
1001.000 0.498
1002.000 0.498
1003.000 0.498
1004.000 0.498
1005.000 0.498
1006.000 0.498
1007.000 0.499
1008.000 0.499
1009.000 0.500
1010.000 0.501
1011.000 0.501
1012.000 0.503
1013.000 0.503
1014.000 0.504
1015.000 0.505
1016.000 0.505
1017.000 0.505
1018.000 0.506
1019.000 0.506
1020.000 0.507
1021.000 0.508
1022.000 0.508
1023.000 0.508
1024.000 0.509
1025.000 0.510
1026.000 0.511
1027.000 0.512
1028.000 0.513
1029.000 0.513
1030.000 0.513
1031.000 0.514
1032.000 0.515
1033.000 0.516
1034.000 0.516
1035.000 0.516
1036.000 0.516
1037.000 0.516
1038.000 0.516
1039.000 0.518
1040.000 0.519
1041.000 0.519
1042.000 0.521
1043.000 0.522
1044.000 0.522
1045.000 0.522
1046.000 0.523
1047.000 0.523
1048.000 0.523
1049.000 0.524
1050.000 0.524
1051.000 0.524
1052.000 0.524
1053.000 0.525
1054.000 0.525
1055.000 0.525
1056.000 0.525
1057.000 0.524
1058.000 0.523
1059.000 0.523
1060.000 0.523
1061.000 0.524
1062.000 0.525
1063.000 0.526
1064.000 0.526
1065.000 0.526
1066.000 0.526
1067.000 0.525
1068.000 0.525
1069.000 0.525
1070.000 0.525
1071.000 0.525
1072.000 0.526
1073.000 0.525
1074.000 0.525
1075.000 0.524
1076.000 0.523
1077.000 0.523
1078.000 0.523
1079.000 0.524
1080.000 0.524
1081.000 0.524
1082.000 0.524
1083.000 0.524
1084.000 0.524
1085.000 0.524
1086.000 0.525
1087.000 0.524
1088.000 0.524
1089.000 0.523
1090.000 0.522
1091.000 0.520
1092.000 0.519
1093.000 0.517
1094.000 0.516
1095.000 0.515
1096.000 0.515
1097.000 0.514
1098.000 0.514
1099.000 0.512
1100.000 0.511
1101.000 0.511
1102.000 0.510
1103.000 0.509
1104.000 0.509
1105.000 0.507
1106.000 0.505
1107.000 0.503
1108.000 0.502
1109.000 0.500
1110.000 0.499
1111.000 0.496
1112.000 0.495
1113.000 0.495
1114.000 0.494
1115.000 0.492
1116.000 0.489
1117.000 0.484
1118.000 0.479
1119.000 0.477
1120.000 0.470
1121.000 0.467
1122.000 0.463
1123.000 0.459
1124.000 0.457
1125.000 0.457
1126.000 0.458
1127.000 0.459
1128.000 0.461
1129.000 0.467
1130.000 0.469
1131.000 0.469
1132.000 0.466
1133.000 0.464
1134.000 0.459
1135.000 0.456
1136.000 0.456
1137.000 0.452
1138.000 0.451
1139.000 0.451
1140.000 0.450
1141.000 0.448
1142.000 0.447
1143.000 0.445
1144.000 0.441
1145.000 0.435
1146.000 0.433
1147.000 0.431
1148.000 0.430
1149.000 0.431
1150.000 0.433
1151.000 0.434
1152.000 0.434
1153.000 0.435
1154.000 0.436
1155.000 0.435
1156.000 0.434
1157.000 0.434
1158.000 0.434
1159.000 0.434
1160.000 0.435
1161.000 0.437
1162.000 0.438
1163.000 0.439
1164.000 0.439
1165.000 0.440
1166.000 0.440
1167.000 0.440
1168.000 0.441
1169.000 0.441
1170.000 0.440
1171.000 0.441
1172.000 0.441
1173.000 0.442
1174.000 0.442
1175.000 0.442
1176.000 0.442
1177.000 0.442
1178.000 0.442
1179.000 0.443
1180.000 0.442
1181.000 0.441
1182.000 0.441
1183.000 0.439
1184.000 0.439
1185.000 0.439
1186.000 0.440
1187.000 0.441
1188.000 0.441
1189.000 0.441
1190.000 0.440
1191.000 0.440
1192.000 0.440
1193.000 0.440
1194.000 0.439
1195.000 0.439
1196.000 0.439
1197.000 0.440
1198.000 0.439
1199.000 0.439
1200.000 0.440
1201.000 0.440
1202.000 0.440
1203.000 0.441
1204.000 0.442
1205.000 0.442
1206.000 0.443
1207.000 0.444
1208.000 0.444
1209.000 0.445
1210.000 0.445
1211.000 0.446
1212.000 0.446
1213.000 0.445
1214.000 0.445
1215.000 0.445
1216.000 0.445
1217.000 0.445
1218.000 0.446
1219.000 0.446
1220.000 0.446
1221.000 0.447
1222.000 0.448
1223.000 0.449
1224.000 0.450
1225.000 0.452
1226.000 0.451
1227.000 0.452
1228.000 0.453
1229.000 0.453
1230.000 0.454
1231.000 0.454
1232.000 0.454
1233.000 0.455
1234.000 0.455
1235.000 0.456
1236.000 0.457
1237.000 0.458
1238.000 0.458
1239.000 0.458
1240.000 0.458
1241.000 0.458
1242.000 0.460
1243.000 0.461
1244.000 0.461
1245.000 0.461
1246.000 0.461
1247.000 0.460
1248.000 0.461
1249.000 0.460
1250.000 0.460
1251.000 0.460
1252.000 0.460
1253.000 0.461
1254.000 0.461
1255.000 0.461
1256.000 0.461
1257.000 0.461
1258.000 0.461
1259.000 0.461
1260.000 0.461
1261.000 0.461
1262.000 0.461
1263.000 0.461
1264.000 0.461
1265.000 0.461
1266.000 0.461
1267.000 0.462
1268.000 0.462
1269.000 0.462
1270.000 0.462
1271.000 0.462
1272.000 0.462
1273.000 0.462
1274.000 0.462
1275.000 0.462
1276.000 0.462
1277.000 0.462
1278.000 0.462
1279.000 0.462
1280.000 0.463
1281.000 0.463
1282.000 0.463
1283.000 0.463
1284.000 0.462
1285.000 0.462
1286.000 0.461
1287.000 0.459
1288.000 0.459
1289.000 0.458
1290.000 0.457
1291.000 0.456
1292.000 0.455
1293.000 0.455
1294.000 0.455
1295.000 0.455
1296.000 0.454
1297.000 0.453
1298.000 0.452
1299.000 0.450
1300.000 0.448
1301.000 0.448
1302.000 0.446
1303.000 0.445
1304.000 0.444
1305.000 0.442
1306.000 0.440
1307.000 0.438
1308.000 0.437
1309.000 0.436
1310.000 0.435
1311.000 0.434
1312.000 0.432
1313.000 0.430
1314.000 0.427
1315.000 0.425
1316.000 0.423
1317.000 0.421
1318.000 0.418
1319.000 0.415
1320.000 0.413
1321.000 0.412
1322.000 0.412
1323.000 0.410
1324.000 0.410
1325.000 0.407
1326.000 0.402
1327.000 0.400
1328.000 0.398
1329.000 0.396
1330.000 0.393
1331.000 0.391
1332.000 0.390
1333.000 0.387
1334.000 0.386
1335.000 0.383
1336.000 0.378
1337.000 0.375
1338.000 0.374
1339.000 0.372
1340.000 0.374
1341.000 0.374
1342.000 0.374
1343.000 0.374
1344.000 0.374
1345.000 0.375
1346.000 0.374
1347.000 0.375
1348.000 0.380
1349.000 0.391
1350.000 0.411
1351.000 0.464
1352.000 0.525
1353.000 0.615
1354.000 0.605
1355.000 0.656
1356.000 0.549
1357.000 0.534
1358.000 0.754
1359.000 0.605
1360.000 0.492
1361.000 0.407
1362.000 0.229
1363.000 0.297
1364.000 0.170
1365.000 0.160
1366.000 0.177
1367.000 0.304
1368.000 0.352
1369.000 0.532
1370.000 0.602
1371.000 0.402
1372.000 0.455
1373.000 0.460
1374.000 0.481
1375.000 0.490
1376.000 0.544
1377.000 0.592
1378.000 0.603
1379.000 0.623
1380.000 0.658
1381.000 0.625
1382.000 0.647
1383.000 0.625
1384.000 0.683
1385.000 0.741
1386.000 0.420
1387.000 0.297
1388.000 0.650
1389.000 0.601
1390.000 0.486
1391.000 0.456
1392.000 0.404
1393.000 0.719
1394.000 0.651
1395.000 0.547
1396.000 0.461
1397.000 0.733
1398.000 0.597
1399.000 0.448
1400.000 0.347
1401.000 0.316
1402.000 0.254
1403.000 0.213
1404.000 0.123
1405.000 0.040
1406.000 0.384
1407.000 0.349
1408.000 0.578
1409.000 0.585
1410.000 0.485
1411.000 0.547
1412.000 0.591
1413.000 0.579
1414.000 0.526
1415.000 0.545
1416.000 0.482
1417.000 0.387
1418.000 0.315
1419.000 0.394
1420.000 0.479
1421.000 0.736
1422.000 0.449
1423.000 0.561
1424.000 0.665
1425.000 0.252
1426.000 0.345
1427.000 0.483
1428.000 0.624
1429.000 0.577
1430.000 0.608
1431.000 0.666
1432.000 0.819
1433.000 0.522
1434.000 0.525
1435.000 0.512
1436.000 0.459
1437.000 0.761
1438.000 0.837
1439.000 0.776
1440.000 0.692
1441.000 0.701
1442.000 0.783
1443.000 0.741
1444.000 0.663
1445.000 0.562
1446.000 0.441
1447.000 0.424
1448.000 0.344
1449.000 0.320
1450.000 0.201
1451.000 0.225
1452.000 0.238
1453.000 0.221
1454.000 0.200
1455.000 0.193
1456.000 0.193
1457.000 0.183
1458.000 0.173
1459.000 0.159
1460.000 0.149
1461.000 0.137
1462.000 0.096
1463.000 0.099
1464.000 0.136
1465.000 0.158
1466.000 0.194
1467.000 0.210
1468.000 0.200
1469.000 0.191
1470.000 0.169
1471.000 0.156
1472.000 0.138
1473.000 0.131
1474.000 0.166
1475.000 0.167
1476.000 0.165
1477.000 0.164
1478.000 0.147
1479.000 0.147
1480.000 0.162
1481.000 0.162
1482.000 0.146
1483.000 0.140
1484.000 0.131
1485.000 0.127
1486.000 0.121
1487.000 0.120
1488.000 0.124
1489.000 0.127
1490.000 0.130
1491.000 0.132
1492.000 0.132
1493.000 0.134
1494.000 0.134
1495.000 0.136
1496.000 0.140
1497.000 0.143
1498.000 0.144
1499.000 0.146
1500.000 0.147
1501.000 0.148
1502.000 0.147
1503.000 0.146
1504.000 0.143
1505.000 0.141
1506.000 0.144
1507.000 0.148
1508.000 0.150
1509.000 0.153
1510.000 0.153
1511.000 0.151
1512.000 0.151
1513.000 0.153
1514.000 0.155
1515.000 0.159
1516.000 0.161
1517.000 0.165
1518.000 0.166
1519.000 0.166
1520.000 0.167
1521.000 0.167
1522.000 0.167
1523.000 0.168
1524.000 0.170
1525.000 0.171
1526.000 0.172
1527.000 0.172
1528.000 0.174
1529.000 0.173
1530.000 0.175
1531.000 0.176
1532.000 0.179
1533.000 0.182
1534.000 0.183
1535.000 0.184
1536.000 0.185
1537.000 0.184
1538.000 0.186
1539.000 0.186
1540.000 0.188
1541.000 0.189
1542.000 0.191
1543.000 0.193
1544.000 0.195
1545.000 0.195
1546.000 0.196
1547.000 0.197
1548.000 0.198
1549.000 0.198
1550.000 0.200
1551.000 0.200
1552.000 0.202
1553.000 0.203
1554.000 0.205
1555.000 0.208
1556.000 0.210
1557.000 0.210
1558.000 0.212
1559.000 0.212
1560.000 0.213
1561.000 0.214
1562.000 0.215
1563.000 0.217
1564.000 0.218
1565.000 0.219
1566.000 0.220
1567.000 0.222
1568.000 0.222
1569.000 0.224
1570.000 0.225
1571.000 0.225
1572.000 0.226
1573.000 0.226
1574.000 0.228
1575.000 0.229
1576.000 0.231
1577.000 0.232
1578.000 0.233
1579.000 0.235
1580.000 0.236
1581.000 0.239
1582.000 0.239
1583.000 0.239
1584.000 0.240
1585.000 0.240
1586.000 0.240
1587.000 0.242
1588.000 0.244
1589.000 0.245
1590.000 0.246
1591.000 0.246
1592.000 0.247
1593.000 0.248
1594.000 0.248
1595.000 0.247
1596.000 0.247
1597.000 0.249
1598.000 0.249
1599.000 0.249
1600.000 0.250
1601.000 0.248
1602.000 0.248
1603.000 0.251
1604.000 0.251
1605.000 0.252
1606.000 0.253
1607.000 0.253
1608.000 0.254
1609.000 0.255
1610.000 0.256
1611.000 0.257
1612.000 0.258
1613.000 0.259
1614.000 0.260
1615.000 0.260
1616.000 0.261
1617.000 0.263
1618.000 0.263
1619.000 0.261
1620.000 0.261
1621.000 0.260
1622.000 0.259
1623.000 0.261
1624.000 0.262
1625.000 0.264
1626.000 0.266
1627.000 0.267
1628.000 0.268
1629.000 0.269
1630.000 0.269
1631.000 0.269
1632.000 0.269
1633.000 0.270
1634.000 0.270
1635.000 0.270
1636.000 0.270
1637.000 0.270
1638.000 0.270
1639.000 0.270
1640.000 0.270
1641.000 0.270
1642.000 0.270
1643.000 0.270
1644.000 0.270
1645.000 0.272
1646.000 0.274
1647.000 0.277
1648.000 0.278
1649.000 0.278
1650.000 0.278
1651.000 0.276
1652.000 0.276
1653.000 0.276
1654.000 0.276
1655.000 0.277
1656.000 0.278
1657.000 0.280
1658.000 0.281
1659.000 0.280
1660.000 0.280
1661.000 0.278
1662.000 0.278
1663.000 0.280
1664.000 0.280
1665.000 0.280
1666.000 0.280
1667.000 0.280
1668.000 0.279
1669.000 0.278
1670.000 0.278
1671.000 0.278
1672.000 0.277
1673.000 0.281
1674.000 0.282
1675.000 0.283
1676.000 0.282
1677.000 0.282
1678.000 0.281
1679.000 0.281
1680.000 0.280
1681.000 0.279
1682.000 0.278
1683.000 0.277
1684.000 0.278
1685.000 0.282
1686.000 0.284
1687.000 0.286
1688.000 0.287
1689.000 0.286
1690.000 0.285
1691.000 0.284
1692.000 0.283
1693.000 0.282
1694.000 0.280
1695.000 0.280
1696.000 0.278
1697.000 0.277
1698.000 0.278
1699.000 0.279
1700.000 0.280
1701.000 0.282
1702.000 0.282
1703.000 0.280
1704.000 0.279
1705.000 0.278
1706.000 0.277
1707.000 0.276
1708.000 0.276
1709.000 0.276
1710.000 0.277
1711.000 0.280
1712.000 0.278
1713.000 0.278
1714.000 0.278
1715.000 0.278
1716.000 0.278
1717.000 0.277
1718.000 0.275
1719.000 0.273
1720.000 0.272
1721.000 0.272
1722.000 0.271
1723.000 0.269
1724.000 0.266
1725.000 0.265
1726.000 0.264
1727.000 0.264
1728.000 0.266
1729.000 0.265
1730.000 0.266
1731.000 0.268
1732.000 0.268
1733.000 0.267
1734.000 0.264
1735.000 0.260
1736.000 0.260
1737.000 0.261
1738.000 0.267
1739.000 0.269
1740.000 0.268
1741.000 0.268
1742.000 0.267
1743.000 0.266
1744.000 0.266
1745.000 0.264
1746.000 0.258
1747.000 0.255
1748.000 0.253
1749.000 0.252
1750.000 0.257
1751.000 0.255
1752.000 0.249
1753.000 0.248
1754.000 0.247
1755.000 0.246
1756.000 0.250
1757.000 0.248
1758.000 0.242
1759.000 0.235
1760.000 0.234
1761.000 0.234
1762.000 0.234
1763.000 0.236
1764.000 0.233
1765.000 0.233
1766.000 0.235
1767.000 0.234
1768.000 0.238
1769.000 0.236
1770.000 0.233
1771.000 0.233
1772.000 0.228
1773.000 0.225
1774.000 0.231
1775.000 0.235
1776.000 0.234
1777.000 0.236
1778.000 0.225
1779.000 0.214
1780.000 0.215
1781.000 0.215
1782.000 0.216
1783.000 0.220
1784.000 0.217
1785.000 0.219
1786.000 0.223
1787.000 0.234
1788.000 0.236
1789.000 0.230
1790.000 0.225
1791.000 0.210
1792.000 0.223
1793.000 0.226
1794.000 0.231
1795.000 0.240
1796.000 0.227
1797.000 0.219
1798.000 0.217
1799.000 0.229
1800.000 0.227
1801.000 0.350
1802.000 0.413
1803.000 0.432
1804.000 0.308
1805.000 0.408
1806.000 0.517
1807.000 0.580
1808.000 0.621
1809.000 0.424
1810.000 0.471
1811.000 0.271
1812.000 0.353
1813.000 0.409
1814.000 0.462
1815.000 0.344
1816.000 0.257
1817.000 0.159
1818.000 0.635
1819.000 0.554
1820.000 0.526
1821.000 0.500
1822.000 0.501
1823.000 0.781
1824.000 0.242
1825.000 0.569
1826.000 0.841
1827.000 0.734
1828.000 0.678
1829.000 0.554
1830.000 0.390
1831.000 0.654
1832.000 0.630
1833.000 0.599
1834.000 0.564
1835.000 0.531
1836.000 0.545
1837.000 0.613
1838.000 0.622
1839.000 0.635
1840.000 0.355
1841.000 0.338
1842.000 0.440
1843.000 0.546
1844.000 0.474
1845.000 0.383
1846.000 0.286
1847.000 0.280
1848.000 0.372
1849.000 0.226
1850.000 0.348
1851.000 0.439
1852.000 0.333
1853.000 0.348
1854.000 0.459
1855.000 0.582
1856.000 0.151
1857.000 0.335
1858.000 0.857
1859.000 0.901
1860.000 0.362
1861.000 0.518
1862.000 0.648
1863.000 0.502
1864.000 0.304
1865.000 0.266
1866.000 0.301
1867.000 0.388
1868.000 0.562
1869.000 0.438
1870.000 0.334
1871.000 0.202
1872.000 0.342
1873.000 0.440
1874.000 0.539
1875.000 0.694
1876.000 0.589
1877.000 0.693
1878.000 0.522
1879.000 0.536
1880.000 0.569
1881.000 0.562
1882.000 0.516
1883.000 0.442
1884.000 0.412
1885.000 0.293
1886.000 0.272
1887.000 0.247
1888.000 0.319
1889.000 0.284
1890.000 0.395
1891.000 0.334
1892.000 0.408
1893.000 0.396
1894.000 0.444
1895.000 0.385
1896.000 0.475
1897.000 0.682
1898.000 0.793
1899.000 0.842
1900.000 0.749
1901.000 0.695
1902.000 0.607
1903.000 0.523
1904.000 0.320
1905.000 0.319
1906.000 0.264
1907.000 0.395
1908.000 0.592
1909.000 0.519
1910.000 0.534
1911.000 0.562
1912.000 0.387
1913.000 0.405
1914.000 0.302
1915.000 0.383
1916.000 0.487
1917.000 0.467
1918.000 0.568
1919.000 0.180
1920.000 0.491
1921.000 0.511
1922.000 0.694
1923.000 0.511
1924.000 0.323
1925.000 0.143
1926.000 0.426
1927.000 0.410
1928.000 0.379
1929.000 0.394
1930.000 0.336
1931.000 0.282
1932.000 0.287
1933.000 0.168
1934.000 0.150
1935.000 0.628
1936.000 0.154
1937.000 0.296
1938.000 0.397
1939.000 0.486
1940.000 0.565
1941.000 0.611
1942.000 0.711
1943.000 0.578
1944.000 0.627
1945.000 0.573
1946.000 0.417
1947.000 0.458
1948.000 0.549
1949.000 0.536
1950.000 0.478
1951.000 0.339
1952.000 0.258
1953.000 0.174
1954.000 0.174
1955.000 0.195
1956.000 0.224
1957.000 0.246
1958.000 0.297
1959.000 0.309
1960.000 0.320
1961.000 0.368
1962.000 0.405
1963.000 0.437
1964.000 0.419
1965.000 0.274
1966.000 0.438
1967.000 0.406
1968.000 0.386
1969.000 0.541
1970.000 0.442
1971.000 0.355
1972.000 0.231
1973.000 0.221
1974.000 0.242
1975.000 0.246
1976.000 0.217
1977.000 0.182
1978.000 0.207
1979.000 0.252
1980.000 0.300
1981.000 0.335
1982.000 0.293
1983.000 0.309
1984.000 0.202
1985.000 0.138
1986.000 0.149
1987.000 0.207
1988.000 0.219
1989.000 0.232
1990.000 0.259
1991.000 0.222
1992.000 0.261
1993.000 0.214
1994.000 0.271
1995.000 0.249
1996.000 0.274
1997.000 0.183
1998.000 0.205
1999.000 0.196
2000.000 0.202
2001.000 0.210
2002.000 0.259
2003.000 0.386
2004.000 0.604
2005.000 0.652
2006.000 0.625
2007.000 0.388
2008.000 0.538
2009.000 0.526
2010.000 0.533
2011.000 0.521
2012.000 0.355
2013.000 0.190
2014.000 0.519
2015.000 0.337
2016.000 0.232
2017.000 0.283
2018.000 0.317
2019.000 0.256
2020.000 0.181
2021.000 0.315
2022.000 0.212
2023.000 0.202
2024.000 0.130
2025.000 0.183
2026.000 0.235
2027.000 0.187
2028.000 0.150
2029.000 0.146
2030.000 0.168
2031.000 0.169
2032.000 0.190
2033.000 0.193
2034.000 0.158
2035.000 0.138
2036.000 0.167
2037.000 0.133
2038.000 0.149
2039.000 0.145
2040.000 0.154
2041.000 0.194
2042.000 0.213
2043.000 0.243
2044.000 0.236
2045.000 0.193
2046.000 0.170
2047.000 0.140
2048.000 0.128
2049.000 0.127
2050.000 0.153
2051.000 0.169
2052.000 0.179
2053.000 0.185
2054.000 0.160
2055.000 0.157
2056.000 0.174
2057.000 0.168
2058.000 0.156
2059.000 0.153
2060.000 0.130
2061.000 0.126
2062.000 0.133
2063.000 0.134
2064.000 0.128
2065.000 0.134
2066.000 0.142
2067.000 0.175
2068.000 0.188
2069.000 0.211
2070.000 0.238
2071.000 0.209
2072.000 0.203
2073.000 0.194
2074.000 0.186
2075.000 0.175
2076.000 0.169
2077.000 0.175
2078.000 0.162
2079.000 0.153
2080.000 0.155
2081.000 0.171
2082.000 0.165
2083.000 0.181
2084.000 0.196
2085.000 0.178
2086.000 0.172
2087.000 0.167
2088.000 0.155
2089.000 0.149
2090.000 0.144
2091.000 0.141
2092.000 0.141
2093.000 0.141
2094.000 0.144
2095.000 0.149
2096.000 0.157
2097.000 0.160
2098.000 0.165
2099.000 0.169
2100.000 0.164
2101.000 0.159
2102.000 0.149
2103.000 0.138
2104.000 0.131
2105.000 0.130
2106.000 0.128
2107.000 0.137
2108.000 0.130
2109.000 0.126
2110.000 0.125
2111.000 0.128
2112.000 0.128
2113.000 0.122
2114.000 0.125
2115.000 0.132
2116.000 0.139
2117.000 0.152
2118.000 0.165
2119.000 0.160
2120.000 0.165
2121.000 0.155
2122.000 0.149
2123.000 0.153
2124.000 0.165
2125.000 0.171
2126.000 0.189
2127.000 0.192
2128.000 0.180
2129.000 0.174
2130.000 0.163
2131.000 0.159
2132.000 0.164
2133.000 0.160
2134.000 0.151
2135.000 0.150
2136.000 0.146
2137.000 0.144
2138.000 0.152
2139.000 0.159
2140.000 0.158
2141.000 0.157
2142.000 0.155
2143.000 0.147
2144.000 0.145
2145.000 0.144
2146.000 0.147
2147.000 0.157
2148.000 0.159
2149.000 0.159
2150.000 0.162
2151.000 0.162
2152.000 0.161
2153.000 0.162
2154.000 0.165
2155.000 0.167
2156.000 0.166
2157.000 0.169
2158.000 0.170
2159.000 0.160
2160.000 0.150
2161.000 0.155
2162.000 0.167
2163.000 0.171
2164.000 0.183
2165.000 0.185
2166.000 0.180
2167.000 0.180
2168.000 0.186
2169.000 0.184
2170.000 0.179
2171.000 0.175
2172.000 0.163
2173.000 0.161
2174.000 0.162
2175.000 0.162
2176.000 0.171
2177.000 0.172
2178.000 0.173
2179.000 0.172
2180.000 0.172
2181.000 0.176
2182.000 0.169
2183.000 0.171
2184.000 0.176
2185.000 0.177
2186.000 0.178
2187.000 0.185
2188.000 0.188
2189.000 0.188
2190.000 0.186
2191.000 0.181
2192.000 0.177
2193.000 0.166
2194.000 0.165
2195.000 0.173
2196.000 0.178
2197.000 0.189
2198.000 0.193
2199.000 0.194
2200.000 0.200
2201.000 0.204
2202.000 0.216
2203.000 0.229
2204.000 0.230
2205.000 0.215
2206.000 0.204
2207.000 0.185
2208.000 0.170
2209.000 0.164
2210.000 0.163
2211.000 0.165
2212.000 0.183
2213.000 0.181
2214.000 0.172
2215.000 0.167
2216.000 0.145
2217.000 0.145
2218.000 0.161
2219.000 0.165
2220.000 0.170
2221.000 0.174
2222.000 0.172
2223.000 0.170
2224.000 0.169
2225.000 0.171
2226.000 0.166
2227.000 0.169
2228.000 0.190
2229.000 0.198
2230.000 0.193
2231.000 0.187
2232.000 0.173
2233.000 0.163
2234.000 0.156
2235.000 0.150
2236.000 0.156
2237.000 0.165
2238.000 0.173
2239.000 0.207
2240.000 0.210
2241.000 0.192
2242.000 0.186
2243.000 0.161
2244.000 0.159
2245.000 0.177
2246.000 0.181
2247.000 0.182
2248.000 0.177
2249.000 0.148
2250.000 0.150
2251.000 0.149
2252.000 0.149
2253.000 0.146
2254.000 0.148
2255.000 0.151
2256.000 0.154
2257.000 0.165
2258.000 0.179
2259.000 0.180
2260.000 0.170
2261.000 0.162
2262.000 0.155
2263.000 0.166
2264.000 0.175
2265.000 0.169
2266.000 0.163
2267.000 0.173
2268.000 0.162
2269.000 0.164
2270.000 0.167
2271.000 0.146
2272.000 0.140
2273.000 0.131
2274.000 0.120
2275.000 0.125
2276.000 0.137
2277.000 0.138
2278.000 0.143
2279.000 0.143
2280.000 0.126
2281.000 0.123
2282.000 0.127
2283.000 0.131
2284.000 0.141
2285.000 0.147
2286.000 0.147
2287.000 0.149
2288.000 0.158
2289.000 0.165
2290.000 0.179
2291.000 0.179
2292.000 0.152
2293.000 0.146
2294.000 0.136
2295.000 0.136
2296.000 0.165
2297.000 0.189
2298.000 0.194
2299.000 0.195
2300.000 0.195
2301.000 0.197
2302.000 0.196
2303.000 0.210
2304.000 0.209
2305.000 0.182
2306.000 0.184
2307.000 0.144
2308.000 0.123
2309.000 0.120
2310.000 0.106
2311.000 0.111
2312.000 0.133
2313.000 0.126
2314.000 0.164
2315.000 0.197
2316.000 0.225
2317.000 0.244
2318.000 0.224
2319.000 0.219
2320.000 0.239
2321.000 0.228
2322.000 0.229
2323.000 0.212
2324.000 0.162
2325.000 0.156
2326.000 0.191
2327.000 0.296
2328.000 0.309
2329.000 0.339
2330.000 0.349
2331.000 0.193
2332.000 0.171
2333.000 0.141
2334.000 0.204
2335.000 0.208
2336.000 0.266
2337.000 0.364
2338.000 0.421
2339.000 0.425
2340.000 0.584
2341.000 0.708
2342.000 0.492
2343.000 0.327
2344.000 0.487
2345.000 0.268
2346.000 0.193
2347.000 0.132
2348.000 0.093
2349.000 0.113
2350.000 0.087
2351.000 0.168
2352.000 0.203
2353.000 0.167
2354.000 0.150
2355.000 0.130
2356.000 0.137
2357.000 0.151
2358.000 0.247
2359.000 0.281
2360.000 0.361
2361.000 0.289
2362.000 0.197
2363.000 0.116
2364.000 0.194
2365.000 0.226
2366.000 0.271
2367.000 0.250
2368.000 0.399
2369.000 0.237
2370.000 0.595
2371.000 0.098
2372.000 0.224
2373.000 0.882
2374.000 0.265
2375.000 0.365
2376.000 0.634
2377.000 0.550
2378.000 0.503
2379.000 0.349
2380.000 0.250
2381.000 0.220
2382.000 0.366
2383.000 0.279
2384.000 0.275
2385.000 0.722
2386.000 0.759
2387.000 0.544
2388.000 0.325
2389.000 0.465
2390.000 0.362
2391.000 0.352
2392.000 0.486
2393.000 0.265
2394.000 0.437
2395.000 0.267
2396.000 0.164
2397.000 0.103
2398.000 0.154
2399.000 0.084
2400.000 0.142
2401.000 0.123
2402.000 0.061
2403.000 0.228
2404.000 0.244
2405.000 0.258
2406.000 0.345
2407.000 0.246
2408.000 0.351
2409.000 0.254
2410.000 0.268
2411.000 0.430
2412.000 0.573
2413.000 0.328
2414.000 0.159
2415.000 0.400
2416.000 0.511
2417.000 0.233
2418.000 0.203
2419.000 0.291
2420.000 0.216
2421.000 0.283
2422.000 0.371
2423.000 0.395
2424.000 0.263
2425.000 0.300
2426.000 0.344
2427.000 0.128
2428.000 0.235
2429.000 0.307
2430.000 0.820
2431.000 0.738
2432.000 0.738
2433.000 0.676
2434.000 0.807
2435.000 0.316
2436.000 0.552
2437.000 0.738
2438.000 0.259
2439.000 0.102
2440.000 0.221
2441.000 0.338
2442.000 0.380
2443.000 0.214
2444.000 0.238
2445.000 0.285
2446.000 0.338
2447.000 0.423
2448.000 0.426
2449.000 0.420
2450.000 0.320
2451.000 0.294
2452.000 0.287
2453.000 0.316
2454.000 0.294
2455.000 0.525
2456.000 0.522
2457.000 0.503
2458.000 0.461
2459.000 0.562
2460.000 0.574
2461.000 0.272
2462.000 0.207
2463.000 0.281
2464.000 0.471
2465.000 0.424
2466.000 0.317
2467.000 0.383
2468.000 0.390
2469.000 0.333
2470.000 0.367
2471.000 0.444
2472.000 0.593
2473.000 0.500
2474.000 0.411
2475.000 0.281
2476.000 0.335
2477.000 0.204
2478.000 0.384
2479.000 0.597
2480.000 0.230
2481.000 0.184
2482.000 0.100
2483.000 0.293
2484.000 0.382
2485.000 0.125
2486.000 0.186
2487.000 0.198
2488.000 0.451
2489.000 0.445
2490.000 0.456
2491.000 0.436
2492.000 0.580
2493.000 0.400
2494.000 0.343
2495.000 0.285
2496.000 0.518
2497.000 0.573
2498.000 0.451
2499.000 0.305
2500.000 0.302
