391.000 0.026
392.000 0.023
393.000 0.021
394.000 0.024
395.000 0.025
396.000 0.022
397.000 0.021
398.000 0.021
399.000 0.019
400.000 0.022
401.000 0.026
402.000 0.020
403.000 0.021
404.000 0.024
405.000 0.023
406.000 0.023
407.000 0.021
408.000 0.020
409.000 0.023
410.000 0.023
411.000 0.021
412.000 0.021
413.000 0.021
414.000 0.022
415.000 0.023
416.000 0.022
417.000 0.022
418.000 0.023
419.000 0.023
420.000 0.022
421.000 0.022
422.000 0.021
423.000 0.021
424.000 0.021
425.000 0.022
426.000 0.023
427.000 0.023
428.000 0.022
429.000 0.022
430.000 0.022
431.000 0.022
432.000 0.022
433.000 0.022
434.000 0.023
435.000 0.022
436.000 0.020
437.000 0.021
438.000 0.022
439.000 0.022
440.000 0.022
441.000 0.021
442.000 0.020
443.000 0.020
444.000 0.021
445.000 0.021
446.000 0.021
447.000 0.022
448.000 0.022
449.000 0.022
450.000 0.022
451.000 0.022
452.000 0.022
453.000 0.022
454.000 0.023
455.000 0.024
456.000 0.022
457.000 0.022
458.000 0.022
459.000 0.023
460.000 0.022
461.000 0.021
462.000 0.021
463.000 0.021
464.000 0.023
465.000 0.022
466.000 0.022
467.000 0.023
468.000 0.022
469.000 0.023
470.000 0.023
471.000 0.023
472.000 0.021
473.000 0.022
474.000 0.023
475.000 0.023
476.000 0.022
477.000 0.022
478.000 0.022
479.000 0.022
480.000 0.023
481.000 0.023
482.000 0.022
483.000 0.022
484.000 0.021
485.000 0.022
486.000 0.022
487.000 0.022
488.000 0.023
489.000 0.024
490.000 0.022
491.000 0.021
492.000 0.021
493.000 0.023
494.000 0.023
495.000 0.024
496.000 0.025
497.000 0.025
498.000 0.024
499.000 0.024
500.000 0.024
501.000 0.025
502.000 0.026
503.000 0.026
504.000 0.026
505.000 0.027
506.000 0.028
507.000 0.029
508.000 0.030
509.000 0.032
510.000 0.033
511.000 0.034
512.000 0.036
513.000 0.037
514.000 0.038
515.000 0.039
516.000 0.042
517.000 0.045
518.000 0.047
519.000 0.050
520.000 0.052
521.000 0.054
522.000 0.056
523.000 0.059
524.000 0.061
525.000 0.063
526.000 0.066
527.000 0.069
528.000 0.071
529.000 0.073
530.000 0.075
531.000 0.077
532.000 0.079
533.000 0.079
534.000 0.081
535.000 0.083
536.000 0.083
537.000 0.084
538.000 0.085
539.000 0.086
540.000 0.085
541.000 0.086
542.000 0.087
543.000 0.087
544.000 0.087
545.000 0.087
546.000 0.087
547.000 0.087
548.000 0.088
549.000 0.088
550.000 0.088
551.000 0.088
552.000 0.089
553.000 0.088
554.000 0.088
555.000 0.087
556.000 0.087
557.000 0.087
558.000 0.086
559.000 0.085
560.000 0.083
561.000 0.082
562.000 0.081
563.000 0.080
564.000 0.079
565.000 0.078
566.000 0.075
567.000 0.074
568.000 0.073
569.000 0.070
570.000 0.069
571.000 0.067
572.000 0.065
573.000 0.064
574.000 0.062
575.000 0.061
576.000 0.060
577.000 0.059
578.000 0.057
579.000 0.056
580.000 0.056
581.000 0.055
582.000 0.054
583.000 0.053
584.000 0.053
585.000 0.052
586.000 0.051
587.000 0.050
588.000 0.050
589.000 0.049
590.000 0.049
591.000 0.048
592.000 0.047
593.000 0.047
594.000 0.047
595.000 0.046
596.000 0.045
597.000 0.046
598.000 0.046
599.000 0.046
600.000 0.045
601.000 0.045
602.000 0.044
603.000 0.044
604.000 0.043
605.000 0.043
606.000 0.043
607.000 0.042
608.000 0.042
609.000 0.041
610.000 0.041
611.000 0.041
612.000 0.039
613.000 0.039
614.000 0.038
615.000 0.038
616.000 0.037
617.000 0.037
618.000 0.037
619.000 0.037
620.000 0.036
621.000 0.035
622.000 0.035
623.000 0.034
624.000 0.034
625.000 0.035
626.000 0.035
627.000 0.035
628.000 0.035
629.000 0.035
630.000 0.035
631.000 0.035
632.000 0.035
633.000 0.035
634.000 0.034
635.000 0.034
636.000 0.034
637.000 0.032
638.000 0.032
639.000 0.031
640.000 0.031
641.000 0.029
642.000 0.028
643.000 0.028
644.000 0.029
645.000 0.027
646.000 0.027
647.000 0.027
648.000 0.027
649.000 0.025
650.000 0.025
651.000 0.025
652.000 0.026
653.000 0.024
654.000 0.024
655.000 0.025
656.000 0.025
657.000 0.024
658.000 0.024
659.000 0.024
660.000 0.024
661.000 0.024
662.000 0.024
663.000 0.023
664.000 0.023
665.000 0.022
666.000 0.021
667.000 0.022
668.000 0.023
669.000 0.023
670.000 0.023
671.000 0.022
672.000 0.022
673.000 0.024
674.000 0.023
675.000 0.023
676.000 0.024
677.000 0.025
678.000 0.026
679.000 0.026
680.000 0.025
681.000 0.026
682.000 0.027
683.000 0.028
684.000 0.029
685.000 0.029
686.000 0.031
687.000 0.032
688.000 0.034
689.000 0.036
690.000 0.038
691.000 0.041
692.000 0.044
693.000 0.047
694.000 0.052
695.000 0.060
696.000 0.066
697.000 0.072
698.000 0.078
699.000 0.085
700.000 0.094
701.000 0.102
702.000 0.112
703.000 0.120
704.000 0.129
705.000 0.137
706.000 0.146
707.000 0.154
708.000 0.163
709.000 0.172
710.000 0.181
711.000 0.190
712.000 0.200
713.000 0.209
714.000 0.218
715.000 0.227
716.000 0.236
717.000 0.246
718.000 0.257
719.000 0.269
720.000 0.281
721.000 0.291
722.000 0.300
723.000 0.309
724.000 0.320
725.000 0.330
726.000 0.341
727.000 0.351
728.000 0.361
729.000 0.370
730.000 0.379
731.000 0.389
732.000 0.398
733.000 0.407
734.000 0.415
735.000 0.422
736.000 0.430
737.000 0.437
738.000 0.444
739.000 0.451
740.000 0.457
741.000 0.463
742.000 0.469
743.000 0.474
744.000 0.478
745.000 0.483
746.000 0.487
747.000 0.491
748.000 0.494
749.000 0.497
750.000 0.500
751.000 0.503
752.000 0.505
753.000 0.508
754.000 0.510
755.000 0.512
756.000 0.513
757.000 0.515
758.000 0.516
759.000 0.517
760.000 0.517
761.000 0.517
762.000 0.517
763.000 0.517
764.000 0.518
765.000 0.519
766.000 0.521
767.000 0.523
768.000 0.524
769.000 0.525
770.000 0.527
771.000 0.527
772.000 0.528
773.000 0.528
774.000 0.528
775.000 0.529
776.000 0.530
777.000 0.530
778.000 0.530
779.000 0.530
780.000 0.531
781.000 0.531
782.000 0.531
783.000 0.532
784.000 0.532
785.000 0.532
786.000 0.532
787.000 0.532
788.000 0.532
789.000 0.532
790.000 0.532
791.000 0.533
792.000 0.533
793.000 0.533
794.000 0.534
795.000 0.534
796.000 0.534
797.000 0.534
798.000 0.534
799.000 0.535
800.000 0.534
801.000 0.535
802.000 0.535
803.000 0.535
804.000 0.535
805.000 0.536
806.000 0.536
807.000 0.537
808.000 0.537
809.000 0.537
810.000 0.537
811.000 0.536
812.000 0.536
813.000 0.536
814.000 0.535
815.000 0.536
816.000 0.536
817.000 0.535
818.000 0.536
819.000 0.536
820.000 0.537
821.000 0.537
822.000 0.538
823.000 0.538
824.000 0.538
825.000 0.539
826.000 0.539
827.000 0.539
828.000 0.539
829.000 0.539
830.000 0.539
831.000 0.539
832.000 0.540
833.000 0.540
834.000 0.540
835.000 0.541
836.000 0.541
837.000 0.541
838.000 0.542
839.000 0.542
840.000 0.542
841.000 0.543
842.000 0.543
843.000 0.544
844.000 0.544
845.000 0.544
846.000 0.544
847.000 0.544
848.000 0.544
849.000 0.544
850.000 0.544
851.000 0.545
852.000 0.545
853.000 0.545
854.000 0.545
855.000 0.546
856.000 0.546
857.000 0.546
858.000 0.546
859.000 0.547
860.000 0.547
861.000 0.547
862.000 0.547
863.000 0.547
864.000 0.548
865.000 0.548
866.000 0.548
867.000 0.548
868.000 0.548
869.000 0.548
870.000 0.548
871.000 0.548
872.000 0.548
873.000 0.548
874.000 0.549
875.000 0.549
876.000 0.549
877.000 0.549
878.000 0.549
879.000 0.549
880.000 0.549
881.000 0.549
882.000 0.550
883.000 0.550
884.000 0.549
885.000 0.549
886.000 0.550
887.000 0.550
888.000 0.550
889.000 0.550
890.000 0.550
891.000 0.550
892.000 0.550
893.000 0.549
894.000 0.549
895.000 0.549
896.000 0.549
897.000 0.547
898.000 0.547
899.000 0.548
900.000 0.547
901.000 0.547
902.000 0.548
903.000 0.548
904.000 0.548
905.000 0.548
906.000 0.548
907.000 0.548
908.000 0.548
909.000 0.547
910.000 0.547
911.000 0.548
912.000 0.549
913.000 0.548
914.000 0.547
915.000 0.547
916.000 0.548
917.000 0.548
918.000 0.549
919.000 0.549
920.000 0.548
921.000 0.549
922.000 0.549
923.000 0.548
924.000 0.548
925.000 0.548
926.000 0.548
927.000 0.548
928.000 0.547
929.000 0.546
930.000 0.546
931.000 0.546
932.000 0.542
933.000 0.543
934.000 0.545
935.000 0.543
936.000 0.544
937.000 0.540
938.000 0.537
939.000 0.539
940.000 0.541
941.000 0.539
942.000 0.537
943.000 0.538
944.000 0.540
945.000 0.536
946.000 0.534
947.000 0.537
948.000 0.538
949.000 0.533
950.000 0.530
951.000 0.533
952.000 0.535
953.000 0.531
954.000 0.526
955.000 0.526
956.000 0.531
957.000 0.533
958.000 0.531
959.000 0.527
960.000 0.526
961.000 0.528
962.000 0.529
963.000 0.529
964.000 0.529
965.000 0.529
966.000 0.529
967.000 0.529
968.000 0.530
969.000 0.529
970.000 0.529
971.000 0.530
972.000 0.529
973.000 0.530
974.000 0.529
975.000 0.528
976.000 0.529
977.000 0.529
978.000 0.530
979.000 0.530
980.000 0.528
981.000 0.529
982.000 0.531
983.000 0.531
984.000 0.534
985.000 0.533
986.000 0.533
987.000 0.534
988.000 0.536
989.000 0.535
990.000 0.534
991.000 0.535
992.000 0.535
993.000 0.537
994.000 0.538
995.000 0.538
996.000 0.538
997.000 0.539
998.000 0.539
999.000 0.540
1000.000 0.542
1001.000 0.544
1002.000 0.544
1003.000 0.545
1004.000 0.547
1005.000 0.546
1006.000 0.547
1007.000 0.547
1008.000 0.546
1009.000 0.547
1010.000 0.548
1011.000 0.549
1012.000 0.551
1013.000 0.551
1014.000 0.550
1015.000 0.551
1016.000 0.551
1017.000 0.551
1018.000 0.552
1019.000 0.552
1020.000 0.552
1021.000 0.552
1022.000 0.552
1023.000 0.553
1024.000 0.553
1025.000 0.553
1026.000 0.554
1027.000 0.555
1028.000 0.556
1029.000 0.560
1030.000 0.560
1031.000 0.561
1032.000 0.561
1033.000 0.561
1034.000 0.561
1035.000 0.561
1036.000 0.561
1037.000 0.561
1038.000 0.561
1039.000 0.561
1040.000 0.562
1041.000 0.563
1042.000 0.563
1043.000 0.563
1044.000 0.563
1045.000 0.564
1046.000 0.565
1047.000 0.565
1048.000 0.565
1049.000 0.565
1050.000 0.565
1051.000 0.564
1052.000 0.564
1053.000 0.565
1054.000 0.565
1055.000 0.566
1056.000 0.567
1057.000 0.567
1058.000 0.567
1059.000 0.567
1060.000 0.566
1061.000 0.566
1062.000 0.566
1063.000 0.567
1064.000 0.568
1065.000 0.569
1066.000 0.570
1067.000 0.569
1068.000 0.569
1069.000 0.568
1070.000 0.568
1071.000 0.568
1072.000 0.568
1073.000 0.567
1074.000 0.568
1075.000 0.567
1076.000 0.567
1077.000 0.568
1078.000 0.568
1079.000 0.569
1080.000 0.569
1081.000 0.569
1082.000 0.569
1083.000 0.567
1084.000 0.567
1085.000 0.567
1086.000 0.568
1087.000 0.569
1088.000 0.569
1089.000 0.570
1090.000 0.570
1091.000 0.570
1092.000 0.571
1093.000 0.571
1094.000 0.570
1095.000 0.569
1096.000 0.568
1097.000 0.566
1098.000 0.565
1099.000 0.565
1100.000 0.564
1101.000 0.564
1102.000 0.564
1103.000 0.564
1104.000 0.563
1105.000 0.564
1106.000 0.563
1107.000 0.564
1108.000 0.564
1109.000 0.566
1110.000 0.566
1111.000 0.565
1112.000 0.566
1113.000 0.566
1114.000 0.565
1115.000 0.565
1116.000 0.564
1117.000 0.562
1118.000 0.561
1119.000 0.561
1120.000 0.563
1121.000 0.564
1122.000 0.563
1123.000 0.564
1124.000 0.563
1125.000 0.563
1126.000 0.564
1127.000 0.564
1128.000 0.564
1129.000 0.561
1130.000 0.563
1131.000 0.564
1132.000 0.563
1133.000 0.566
1134.000 0.562
1135.000 0.554
1136.000 0.550
1137.000 0.543
1138.000 0.537
1139.000 0.535
1140.000 0.535
1141.000 0.537
1142.000 0.538
1143.000 0.541
1144.000 0.540
1145.000 0.538
1146.000 0.535
1147.000 0.530
1148.000 0.528
1149.000 0.525
1150.000 0.521
1151.000 0.519
1152.000 0.518
1153.000 0.518
1154.000 0.519
1155.000 0.519
1156.000 0.518
1157.000 0.518
1158.000 0.517
1159.000 0.516
1160.000 0.515
1161.000 0.514
1162.000 0.514
1163.000 0.513
1164.000 0.512
1165.000 0.511
1166.000 0.511
1167.000 0.510
1168.000 0.509
1169.000 0.509
1170.000 0.508
1171.000 0.507
1172.000 0.507
1173.000 0.507
1174.000 0.508
1175.000 0.508
1176.000 0.508
1177.000 0.508
1178.000 0.508
1179.000 0.507
1180.000 0.507
1181.000 0.506
1182.000 0.506
1183.000 0.505
1184.000 0.505
1185.000 0.507
1186.000 0.507
1187.000 0.506
1188.000 0.507
1189.000 0.506
1190.000 0.505
1191.000 0.505
1192.000 0.505
1193.000 0.504
1194.000 0.504
1195.000 0.504
1196.000 0.503
1197.000 0.503
1198.000 0.504
1199.000 0.505
1200.000 0.505
1201.000 0.505
1202.000 0.505
1203.000 0.505
1204.000 0.506
1205.000 0.506
1206.000 0.506
1207.000 0.507
1208.000 0.507
1209.000 0.507
1210.000 0.507
1211.000 0.508
1212.000 0.508
1213.000 0.508
1214.000 0.508
1215.000 0.508
1216.000 0.508
1217.000 0.509
1218.000 0.510
1219.000 0.510
1220.000 0.511
1221.000 0.511
1222.000 0.511
1223.000 0.512
1224.000 0.512
1225.000 0.513
1226.000 0.513
1227.000 0.513
1228.000 0.514
1229.000 0.514
1230.000 0.515
1231.000 0.515
1232.000 0.515
1233.000 0.516
1234.000 0.516
1235.000 0.517
1236.000 0.517
1237.000 0.518
1238.000 0.518
1239.000 0.518
1240.000 0.518
1241.000 0.519
1242.000 0.518
1243.000 0.518
1244.000 0.519
1245.000 0.519
1246.000 0.520
1247.000 0.520
1248.000 0.521
1249.000 0.521
1250.000 0.521
1251.000 0.521
1252.000 0.521
1253.000 0.522
1254.000 0.522
1255.000 0.522
1256.000 0.522
1257.000 0.522
1258.000 0.522
1259.000 0.521
1260.000 0.521
1261.000 0.522
1262.000 0.522
1263.000 0.522
1264.000 0.522
1265.000 0.521
1266.000 0.521
1267.000 0.522
1268.000 0.522
1269.000 0.522
1270.000 0.522
1271.000 0.523
1272.000 0.522
1273.000 0.523
1274.000 0.522
1275.000 0.523
1276.000 0.523
1277.000 0.523
1278.000 0.523
1279.000 0.523
1280.000 0.524
1281.000 0.524
1282.000 0.525
1283.000 0.525
1284.000 0.524
1285.000 0.524
1286.000 0.524
1287.000 0.524
1288.000 0.524
1289.000 0.523
1290.000 0.523
1291.000 0.523
1292.000 0.522
1293.000 0.522
1294.000 0.521
1295.000 0.521
1296.000 0.521
1297.000 0.519
1298.000 0.519
1299.000 0.518
1300.000 0.517
1301.000 0.517
1302.000 0.516
1303.000 0.516
1304.000 0.514
1305.000 0.514
1306.000 0.513
1307.000 0.512
1308.000 0.511
1309.000 0.510
1310.000 0.509
1311.000 0.508
1312.000 0.507
1313.000 0.504
1314.000 0.502
1315.000 0.502
1316.000 0.501
1317.000 0.501
1318.000 0.500
1319.000 0.497
1320.000 0.495
1321.000 0.493
1322.000 0.490
1323.000 0.488
1324.000 0.488
1325.000 0.487
1326.000 0.486
1327.000 0.485
1328.000 0.485
1329.000 0.483
1330.000 0.482
1331.000 0.479
1332.000 0.474
1333.000 0.471
1334.000 0.467
1335.000 0.464
1336.000 0.465
1337.000 0.465
1338.000 0.469
1339.000 0.471
1340.000 0.474
1341.000 0.475
1342.000 0.473
1343.000 0.472
1344.000 0.469
1345.000 0.468
1346.000 0.470
1347.000 0.472
1348.000 0.474
1349.000 0.482
1350.000 0.492
1351.000 0.506
1352.000 0.542
1353.000 0.612
1354.000 0.634
1355.000 0.604
1356.000 0.492
1357.000 0.400
1358.000 0.554
1359.000 0.544
1360.000 0.407
1361.000 0.485
1362.000 0.333
1363.000 0.322
1364.000 0.487
1365.000 0.355
1366.000 0.376
1367.000 0.303
1368.000 0.273
1369.000 0.499
1370.000 0.458
1371.000 0.451
1372.000 0.574
1373.000 0.410
1374.000 0.469
1375.000 0.541
1376.000 0.615
1377.000 0.497
1378.000 0.307
1379.000 0.376
1380.000 0.481
1381.000 0.475
1382.000 0.398
1383.000 0.357
1384.000 0.406
1385.000 0.293
1386.000 0.382
1387.000 0.443
1388.000 0.464
1389.000 0.544
1390.000 0.551
1391.000 0.554
1392.000 0.506
1393.000 0.597
1394.000 0.485
1395.000 0.343
1396.000 0.386
1397.000 0.425
1398.000 0.266
1399.000 0.380
1400.000 0.456
1401.000 0.439
1402.000 0.419
1403.000 0.416
1404.000 0.367
1405.000 0.270
1406.000 0.317
1407.000 0.238
1408.000 0.280
1409.000 0.286
1410.000 0.281
1411.000 0.559
1412.000 0.741
1413.000 0.788
1414.000 0.698
1415.000 0.622
1416.000 0.581
1417.000 0.392
1418.000 0.433
1419.000 0.436
1420.000 0.458
1421.000 0.610
1422.000 0.421
1423.000 0.385
1424.000 0.353
1425.000 0.332
1426.000 0.298
1427.000 0.308
1428.000 0.330
1429.000 0.392
1430.000 0.325
1431.000 0.274
1432.000 0.267
1433.000 0.428
1434.000 0.600
1435.000 0.615
1436.000 0.582
1437.000 0.393
1438.000 0.344
1439.000 0.475
1440.000 0.418
1441.000 0.344
1442.000 0.392
1443.000 0.382
1444.000 0.365
1445.000 0.307
1446.000 0.293
1447.000 0.333
1448.000 0.228
1449.000 0.180
1450.000 0.160
1451.000 0.203
1452.000 0.224
1453.000 0.221
1454.000 0.252
1455.000 0.252
1456.000 0.259
1457.000 0.236
1458.000 0.185
1459.000 0.168
1460.000 0.156
1461.000 0.160
1462.000 0.169
1463.000 0.185
1464.000 0.196
1465.000 0.208
1466.000 0.228
1467.000 0.227
1468.000 0.204
1469.000 0.191
1470.000 0.181
1471.000 0.172
1472.000 0.162
1473.000 0.154
1474.000 0.211
1475.000 0.232
1476.000 0.282
1477.000 0.283
1478.000 0.214
1479.000 0.207
1480.000 0.187
1481.000 0.184
1482.000 0.193
1483.000 0.195
1484.000 0.195
1485.000 0.192
1486.000 0.177
1487.000 0.178
1488.000 0.190
1489.000 0.192
1490.000 0.193
1491.000 0.196
1492.000 0.198
1493.000 0.198
1494.000 0.200
1495.000 0.202
1496.000 0.199
1497.000 0.199
1498.000 0.203
1499.000 0.205
1500.000 0.206
1501.000 0.209
1502.000 0.208
1503.000 0.208
1504.000 0.208
1505.000 0.207
1506.000 0.208
1507.000 0.209
1508.000 0.212
1509.000 0.220
1510.000 0.221
1511.000 0.221
1512.000 0.222
1513.000 0.220
1514.000 0.221
1515.000 0.225
1516.000 0.227
1517.000 0.229
1518.000 0.231
1519.000 0.234
1520.000 0.235
1521.000 0.234
1522.000 0.234
1523.000 0.235
1524.000 0.235
1525.000 0.236
1526.000 0.237
1527.000 0.236
1528.000 0.236
1529.000 0.236
1530.000 0.238
1531.000 0.241
1532.000 0.243
1533.000 0.247
1534.000 0.249
1535.000 0.249
1536.000 0.250
1537.000 0.252
1538.000 0.254
1539.000 0.257
1540.000 0.258
1541.000 0.257
1542.000 0.259
1543.000 0.262
1544.000 0.263
1545.000 0.264
1546.000 0.267
1547.000 0.268
1548.000 0.269
1549.000 0.273
1550.000 0.274
1551.000 0.273
1552.000 0.273
1553.000 0.272
1554.000 0.273
1555.000 0.276
1556.000 0.279
1557.000 0.283
1558.000 0.285
1559.000 0.284
1560.000 0.285
1561.000 0.284
1562.000 0.285
1563.000 0.287
1564.000 0.288
1565.000 0.289
1566.000 0.289
1567.000 0.289
1568.000 0.289
1569.000 0.291
1570.000 0.292
1571.000 0.293
1572.000 0.295
1573.000 0.297
1574.000 0.297
1575.000 0.295
1576.000 0.295
1577.000 0.296
1578.000 0.298
1579.000 0.304
1580.000 0.308
1581.000 0.310
1582.000 0.312
1583.000 0.311
1584.000 0.311
1585.000 0.312
1586.000 0.312
1587.000 0.313
1588.000 0.314
1589.000 0.315
1590.000 0.316
1591.000 0.319
1592.000 0.319
1593.000 0.320
1594.000 0.320
1595.000 0.321
1596.000 0.321
1597.000 0.322
1598.000 0.322
1599.000 0.322
1600.000 0.321
1601.000 0.321
1602.000 0.322
1603.000 0.322
1604.000 0.323
1605.000 0.324
1606.000 0.325
1607.000 0.326
1608.000 0.328
1609.000 0.328
1610.000 0.329
1611.000 0.328
1612.000 0.328
1613.000 0.327
1614.000 0.327
1615.000 0.327
1616.000 0.328
1617.000 0.331
1618.000 0.332
1619.000 0.332
1620.000 0.332
1621.000 0.332
1622.000 0.331
1623.000 0.332
1624.000 0.332
1625.000 0.333
1626.000 0.334
1627.000 0.337
1628.000 0.338
1629.000 0.339
1630.000 0.340
1631.000 0.341
1632.000 0.342
1633.000 0.346
1634.000 0.348
1635.000 0.346
1636.000 0.346
1637.000 0.345
1638.000 0.344
1639.000 0.344
1640.000 0.345
1641.000 0.346
1642.000 0.347
1643.000 0.347
1644.000 0.349
1645.000 0.351
1646.000 0.352
1647.000 0.355
1648.000 0.356
1649.000 0.355
1650.000 0.355
1651.000 0.354
1652.000 0.353
1653.000 0.352
1654.000 0.351
1655.000 0.349
1656.000 0.349
1657.000 0.352
1658.000 0.353
1659.000 0.352
1660.000 0.353
1661.000 0.354
1662.000 0.354
1663.000 0.355
1664.000 0.355
1665.000 0.352
1666.000 0.351
1667.000 0.352
1668.000 0.352
1669.000 0.353
1670.000 0.352
1671.000 0.351
1672.000 0.352
1673.000 0.353
1674.000 0.353
1675.000 0.353
1676.000 0.352
1677.000 0.349
1678.000 0.348
1679.000 0.347
1680.000 0.346
1681.000 0.344
1682.000 0.344
1683.000 0.346
1684.000 0.347
1685.000 0.348
1686.000 0.349
1687.000 0.351
1688.000 0.352
1689.000 0.353
1690.000 0.353
1691.000 0.350
1692.000 0.349
1693.000 0.350
1694.000 0.351
1695.000 0.355
1696.000 0.355
1697.000 0.351
1698.000 0.350
1699.000 0.347
1700.000 0.346
1701.000 0.350
1702.000 0.350
1703.000 0.347
1704.000 0.346
1705.000 0.343
1706.000 0.344
1707.000 0.348
1708.000 0.349
1709.000 0.350
1710.000 0.348
1711.000 0.340
1712.000 0.337
1713.000 0.336
1714.000 0.335
1715.000 0.338
1716.000 0.340
1717.000 0.337
1718.000 0.337
1719.000 0.338
1720.000 0.338
1721.000 0.340
1722.000 0.339
1723.000 0.336
1724.000 0.335
1725.000 0.335
1726.000 0.337
1727.000 0.338
1728.000 0.338
1729.000 0.338
1730.000 0.335
1731.000 0.333
1732.000 0.330
1733.000 0.328
1734.000 0.327
1735.000 0.329
1736.000 0.331
1737.000 0.331
1738.000 0.334
1739.000 0.335
1740.000 0.335
1741.000 0.335
1742.000 0.332
1743.000 0.332
1744.000 0.332
1745.000 0.332
1746.000 0.334
1747.000 0.334
1748.000 0.334
1749.000 0.331
1750.000 0.325
1751.000 0.322
1752.000 0.318
1753.000 0.315
1754.000 0.312
1755.000 0.311
1756.000 0.308
1757.000 0.308
1758.000 0.313
1759.000 0.311
1760.000 0.308
1761.000 0.309
1762.000 0.305
1763.000 0.307
1764.000 0.310
1765.000 0.307
1766.000 0.307
1767.000 0.306
1768.000 0.308
1769.000 0.313
1770.000 0.318
1771.000 0.323
1772.000 0.319
1773.000 0.308
1774.000 0.301
1775.000 0.300
1776.000 0.296
1777.000 0.300
1778.000 0.309
1779.000 0.316
1780.000 0.332
1781.000 0.350
1782.000 0.350
1783.000 0.332
1784.000 0.320
1785.000 0.306
1786.000 0.302
1787.000 0.315
1788.000 0.310
1789.000 0.294
1790.000 0.285
1791.000 0.270
1792.000 0.274
1793.000 0.291
1794.000 0.329
1795.000 0.353
1796.000 0.436
1797.000 0.454
1798.000 0.512
1799.000 0.542
1800.000 0.417
1801.000 0.523
1802.000 0.582
1803.000 0.631
1804.000 0.370
1805.000 0.486
1806.000 0.574
1807.000 0.601
1808.000 0.565
1809.000 0.562
1810.000 0.623
1811.000 0.597
1812.000 0.539
1813.000 0.415
1814.000 0.458
1815.000 0.521
1816.000 0.533
1817.000 0.534
1818.000 0.522
1819.000 0.263
1820.000 0.328
1821.000 0.264
1822.000 0.370
1823.000 0.449
1824.000 0.487
1825.000 0.461
1826.000 0.551
1827.000 0.489
1828.000 0.583
1829.000 0.523
1830.000 0.318
1831.000 0.232
1832.000 0.146
1833.000 0.203
1834.000 0.260
1835.000 0.322
1836.000 0.305
1837.000 0.305
1838.000 0.403
1839.000 0.533
1840.000 0.392
1841.000 0.405
1842.000 0.591
1843.000 0.536
1844.000 0.416
1845.000 0.309
1846.000 0.479
1847.000 0.302
1848.000 0.635
1849.000 0.414
1850.000 0.497
1851.000 0.415
1852.000 0.350
1853.000 0.606
1854.000 0.531
1855.000 0.402
1856.000 0.241
1857.000 0.236
1858.000 0.387
1859.000 0.482
1860.000 0.391
1861.000 0.254
1862.000 0.279
1863.000 0.349
1864.000 0.414
1865.000 0.555
1866.000 0.717
1867.000 0.571
1868.000 0.631
1869.000 0.682
1870.000 0.543
1871.000 0.442
1872.000 0.307
1873.000 0.363
1874.000 0.407
1875.000 0.364
1876.000 0.339
1877.000 0.423
1878.000 0.464
1879.000 0.561
1880.000 0.624
1881.000 0.470
1882.000 0.540
1883.000 0.543
1884.000 0.588
1885.000 0.355
1886.000 0.439
1887.000 0.455
1888.000 0.386
1889.000 0.276
1890.000 0.275
1891.000 0.175
1892.000 0.383
1893.000 0.317
1894.000 0.318
1895.000 0.322
1896.000 0.259
1897.000 0.392
1898.000 0.384
1899.000 0.252
1900.000 0.291
1901.000 0.384
1902.000 0.424
1903.000 0.517
1904.000 0.593
1905.000 0.618
1906.000 0.448
1907.000 0.399
1908.000 0.334
1909.000 0.436
1910.000 0.473
1911.000 0.340
1912.000 0.509
1913.000 0.555
1914.000 0.468
1915.000 0.530
1916.000 0.593
1917.000 0.369
1918.000 0.405
1919.000 0.453
1920.000 0.507
1921.000 0.544
1922.000 0.614
1923.000 0.586
1924.000 0.411
1925.000 0.450
1926.000 0.358
1927.000 0.310
1928.000 0.340
1929.000 0.319
1930.000 0.264
1931.000 0.606
1932.000 0.556
1933.000 0.376
1934.000 0.325
1935.000 0.265
1936.000 0.398
1937.000 0.329
1938.000 0.461
1939.000 0.584
1940.000 0.578
1941.000 0.192
1942.000 0.229
1943.000 0.404
1944.000 0.434
1945.000 0.413
1946.000 0.254
1947.000 0.375
1948.000 0.200
1949.000 0.180
1950.000 0.314
1951.000 0.664
1952.000 0.480
1953.000 0.358
1954.000 0.359
1955.000 0.345
1956.000 0.394
1957.000 0.646
1958.000 0.574
1959.000 0.551
1960.000 0.529
1961.000 0.404
1962.000 0.282
1963.000 0.239
1964.000 0.265
1965.000 0.161
1966.000 0.436
1967.000 0.448
1968.000 0.446
1969.000 0.487
1970.000 0.606
1971.000 0.659
1972.000 0.444
1973.000 0.524
1974.000 0.463
1975.000 0.411
1976.000 0.556
1977.000 0.488
1978.000 0.435
1979.000 0.561
1980.000 0.534
1981.000 0.501
1982.000 0.417
1983.000 0.330
1984.000 0.541
1985.000 0.372
1986.000 0.312
1987.000 0.295
1988.000 0.288
1989.000 0.286
1990.000 0.300
1991.000 0.285
1992.000 0.299
1993.000 0.276
1994.000 0.433
1995.000 0.382
1996.000 0.453
1997.000 0.259
1998.000 0.365
1999.000 0.373
2000.000 0.471
2001.000 0.491
2002.000 0.475
2003.000 0.507
2004.000 0.510
2005.000 0.388
2006.000 0.245
2007.000 0.227
2008.000 0.327
2009.000 0.387
2010.000 0.551
2011.000 0.535
2012.000 0.445
2013.000 0.453
2014.000 0.379
2015.000 0.370
2016.000 0.230
2017.000 0.376
2018.000 0.419
2019.000 0.325
2020.000 0.375
2021.000 0.318
2022.000 0.353
2023.000 0.426
2024.000 0.380
2025.000 0.464
2026.000 0.532
2027.000 0.411
2028.000 0.336
2029.000 0.294
2030.000 0.306
2031.000 0.288
2032.000 0.285
2033.000 0.278
2034.000 0.238
2035.000 0.212
2036.000 0.279
2037.000 0.216
2038.000 0.229
2039.000 0.224
2040.000 0.228
2041.000 0.302
2042.000 0.337
2043.000 0.369
2044.000 0.361
2045.000 0.305
2046.000 0.287
2047.000 0.285
2048.000 0.286
2049.000 0.306
2050.000 0.359
2051.000 0.340
2052.000 0.349
2053.000 0.330
2054.000 0.271
2055.000 0.290
2056.000 0.297
2057.000 0.293
2058.000 0.268
2059.000 0.295
2060.000 0.292
2061.000 0.292
2062.000 0.281
2063.000 0.284
2064.000 0.282
2065.000 0.262
2066.000 0.247
2067.000 0.279
2068.000 0.285
2069.000 0.318
2070.000 0.356
2071.000 0.322
2072.000 0.308
2073.000 0.275
2074.000 0.250
2075.000 0.229
2076.000 0.215
2077.000 0.225
2078.000 0.197
2079.000 0.189
2080.000 0.189
2081.000 0.199
2082.000 0.201
2083.000 0.209
2084.000 0.218
2085.000 0.206
2086.000 0.202
2087.000 0.205
2088.000 0.212
2089.000 0.220
2090.000 0.247
2091.000 0.253
2092.000 0.239
2093.000 0.239
2094.000 0.232
2095.000 0.236
2096.000 0.260
2097.000 0.264
2098.000 0.265
2099.000 0.253
2100.000 0.225
2101.000 0.201
2102.000 0.195
2103.000 0.197
2104.000 0.197
2105.000 0.208
2106.000 0.213
2107.000 0.225
2108.000 0.216
2109.000 0.223
2110.000 0.225
2111.000 0.221
2112.000 0.224
2113.000 0.230
2114.000 0.230
2115.000 0.231
2116.000 0.233
2117.000 0.228
2118.000 0.222
2119.000 0.214
2120.000 0.227
2121.000 0.236
2122.000 0.228
2123.000 0.223
2124.000 0.217
2125.000 0.217
2126.000 0.212
2127.000 0.219
2128.000 0.241
2129.000 0.242
2130.000 0.237
2131.000 0.236
2132.000 0.228
2133.000 0.223
2134.000 0.219
2135.000 0.217
2136.000 0.207
2137.000 0.211
2138.000 0.215
2139.000 0.220
2140.000 0.230
2141.000 0.235
2142.000 0.237
2143.000 0.233
2144.000 0.231
2145.000 0.228
2146.000 0.223
2147.000 0.215
2148.000 0.210
2149.000 0.194
2150.000 0.196
2151.000 0.213
2152.000 0.219
2153.000 0.235
2154.000 0.245
2155.000 0.244
2156.000 0.246
2157.000 0.257
2158.000 0.264
2159.000 0.268
2160.000 0.258
2161.000 0.250
2162.000 0.226
2163.000 0.216
2164.000 0.204
2165.000 0.199
2166.000 0.199
2167.000 0.200
2168.000 0.204
2169.000 0.206
2170.000 0.215
2171.000 0.217
2172.000 0.213
2173.000 0.214
2174.000 0.212
2175.000 0.214
2176.000 0.226
2177.000 0.228
2178.000 0.237
2179.000 0.249
2180.000 0.240
2181.000 0.242
2182.000 0.250
2183.000 0.246
2184.000 0.250
2185.000 0.263
2186.000 0.255
2187.000 0.234
2188.000 0.228
2189.000 0.213
2190.000 0.208
2191.000 0.210
2192.000 0.208
2193.000 0.203
2194.000 0.206
2195.000 0.215
2196.000 0.223
2197.000 0.238
2198.000 0.243
2199.000 0.240
2200.000 0.242
2201.000 0.244
2202.000 0.239
2203.000 0.238
2204.000 0.241
2205.000 0.225
2206.000 0.214
2207.000 0.204
2208.000 0.190
2209.000 0.189
2210.000 0.199
2211.000 0.202
2212.000 0.207
2213.000 0.210
2214.000 0.210
2215.000 0.217
2216.000 0.233
2217.000 0.240
2218.000 0.250
2219.000 0.250
2220.000 0.236
2221.000 0.235
2222.000 0.238
2223.000 0.236
2224.000 0.247
2225.000 0.244
2226.000 0.231
2227.000 0.210
2228.000 0.196
2229.000 0.192
2230.000 0.195
2231.000 0.200
2232.000 0.213
2233.000 0.213
2234.000 0.218
2235.000 0.233
2236.000 0.235
2237.000 0.243
2238.000 0.249
2239.000 0.250
2240.000 0.249
2241.000 0.252
2242.000 0.241
2243.000 0.212
2244.000 0.203
2245.000 0.192
2246.000 0.205
2247.000 0.221
2248.000 0.229
2249.000 0.231
2250.000 0.254
2251.000 0.244
2252.000 0.252
2253.000 0.261
2254.000 0.267
2255.000 0.283
2256.000 0.274
2257.000 0.246
2258.000 0.216
2259.000 0.193
2260.000 0.170
2261.000 0.190
2262.000 0.202
2263.000 0.235
2264.000 0.267
2265.000 0.266
2266.000 0.251
2267.000 0.236
2268.000 0.231
2269.000 0.216
2270.000 0.207
2271.000 0.216
2272.000 0.199
2273.000 0.184
2274.000 0.165
2275.000 0.174
2276.000 0.181
2277.000 0.187
2278.000 0.230
2279.000 0.222
2280.000 0.171
2281.000 0.162
2282.000 0.155
2283.000 0.162
2284.000 0.210
2285.000 0.226
2286.000 0.224
2287.000 0.224
2288.000 0.259
2289.000 0.267
2290.000 0.291
2291.000 0.290
2292.000 0.220
2293.000 0.216
2294.000 0.208
2295.000 0.218
2296.000 0.267
2297.000 0.333
2298.000 0.333
2299.000 0.296
2300.000 0.232
2301.000 0.208
2302.000 0.203
2303.000 0.171
2304.000 0.219
2305.000 0.215
2306.000 0.255
2307.000 0.224
2308.000 0.213
2309.000 0.217
2310.000 0.193
2311.000 0.149
2312.000 0.159
2313.000 0.178
2314.000 0.208
2315.000 0.249
2316.000 0.311
2317.000 0.286
2318.000 0.288
2319.000 0.323
2320.000 0.331
2321.000 0.304
2322.000 0.320
2323.000 0.376
2324.000 0.281
2325.000 0.251
2326.000 0.298
2327.000 0.375
2328.000 0.375
2329.000 0.480
2330.000 0.415
2331.000 0.278
2332.000 0.295
2333.000 0.192
2334.000 0.317
2335.000 0.303
2336.000 0.369
2337.000 0.446
2338.000 0.488
2339.000 0.388
2340.000 0.427
2341.000 0.288
2342.000 0.268
2343.000 0.224
2344.000 0.318
2345.000 0.258
2346.000 0.300
2347.000 0.241
2348.000 0.239
2349.000 0.189
2350.000 0.190
2351.000 0.307
2352.000 0.360
2353.000 0.373
2354.000 0.597
2355.000 0.308
2356.000 0.304
2357.000 0.236
2358.000 0.426
2359.000 0.350
2360.000 0.318
2361.000 0.265
2362.000 0.245
2363.000 0.261
2364.000 0.315
2365.000 0.441
2366.000 0.530
2367.000 0.506
2368.000 0.405
2369.000 0.447
2370.000 0.250
2371.000 0.134
2372.000 0.197
2373.000 0.274
2374.000 0.386
2375.000 0.378
2376.000 0.341
2377.000 0.312
2378.000 0.422
2379.000 0.404
2380.000 0.366
2381.000 0.409
2382.000 0.446
2383.000 0.342
2384.000 0.495
2385.000 0.344
2386.000 0.396
2387.000 0.253
2388.000 0.276
2389.000 0.537
2390.000 0.515
2391.000 0.533
2392.000 0.360
2393.000 0.197
2394.000 0.353
2395.000 0.382
2396.000 0.243
2397.000 0.363
2398.000 0.448
2399.000 0.253
2400.000 0.362
2401.000 0.293
2402.000 0.251
2403.000 0.265
2404.000 0.262
2405.000 0.475
2406.000 0.530
2407.000 0.467
2408.000 0.463
2409.000 0.471
2410.000 0.683
2411.000 0.671
2412.000 0.499
2413.000 0.524
2414.000 0.412
2415.000 0.232
2416.000 0.288
2417.000 0.371
2418.000 0.409
2419.000 0.504
2420.000 0.640
2421.000 0.538
2422.000 0.652
2423.000 0.671
2424.000 0.704
2425.000 0.510
2426.000 0.561
2427.000 0.410
2428.000 0.599
2429.000 0.596
2430.000 0.477
2431.000 0.429
2432.000 0.287
2433.000 0.208
2434.000 0.193
2435.000 0.289
2436.000 0.306
2437.000 0.394
2438.000 0.368
2439.000 0.498
2440.000 0.388
2441.000 0.388
2442.000 0.377
2443.000 0.350
2444.000 0.448
2445.000 0.423
2446.000 0.367
2447.000 0.234
2448.000 0.268
2449.000 0.291
2450.000 0.477
2451.000 0.491
2452.000 0.369
2453.000 0.606
2454.000 0.717
2455.000 0.674
2456.000 0.794
2457.000 0.784
2458.000 0.841
2459.000 0.826
2460.000 0.690
2461.000 0.549
2462.000 0.482
2463.000 0.456
2464.000 0.437
2465.000 0.480
2466.000 0.365
2467.000 0.326
2468.000 0.324
2469.000 0.332
2470.000 0.201
2471.000 0.189
2472.000 0.260
2473.000 0.253
2474.000 0.389
2475.000 0.502
2476.000 0.513
2477.000 0.562
2478.000 0.501
2479.000 0.617
2480.000 0.521
2481.000 0.694
2482.000 0.485
2483.000 0.391
2484.000 0.299
2485.000 0.249
2486.000 0.449
2487.000 0.610
2488.000 0.445
2489.000 0.375
2490.000 0.281
2491.000 0.354
2492.000 0.350
2493.000 0.363
2494.000 0.295
2495.000 0.235
2496.000 0.355
2497.000 0.286
2498.000 0.474
2499.000 0.488
2500.000 0.609
