391.000 0.036
392.000 0.023
393.000 0.017
394.000 0.038
395.000 0.035
396.000 0.036
397.000 0.043
398.000 0.035
399.000 0.037
400.000 0.038
401.000 0.035
402.000 0.032
403.000 0.031
404.000 0.031
405.000 0.030
406.000 0.039
407.000 0.040
408.000 0.033
409.000 0.031
410.000 0.034
411.000 0.036
412.000 0.036
413.000 0.035
414.000 0.035
415.000 0.037
416.000 0.038
417.000 0.037
418.000 0.034
419.000 0.031
420.000 0.029
421.000 0.033
422.000 0.036
423.000 0.035
424.000 0.034
425.000 0.032
426.000 0.032
427.000 0.033
428.000 0.034
429.000 0.034
430.000 0.034
431.000 0.032
432.000 0.030
433.000 0.030
434.000 0.031
435.000 0.031
436.000 0.033
437.000 0.034
438.000 0.035
439.000 0.035
440.000 0.033
441.000 0.031
442.000 0.032
443.000 0.033
444.000 0.032
445.000 0.032
446.000 0.034
447.000 0.032
448.000 0.031
449.000 0.032
450.000 0.032
451.000 0.033
452.000 0.033
453.000 0.033
454.000 0.034
455.000 0.034
456.000 0.035
457.000 0.034
458.000 0.033
459.000 0.033
460.000 0.032
461.000 0.032
462.000 0.032
463.000 0.034
464.000 0.036
465.000 0.034
466.000 0.033
467.000 0.034
468.000 0.033
469.000 0.032
470.000 0.032
471.000 0.031
472.000 0.031
473.000 0.033
474.000 0.033
475.000 0.032
476.000 0.032
477.000 0.031
478.000 0.031
479.000 0.032
480.000 0.032
481.000 0.032
482.000 0.029
483.000 0.032
484.000 0.033
485.000 0.031
486.000 0.031
487.000 0.031
488.000 0.031
489.000 0.031
490.000 0.031
491.000 0.033
492.000 0.034
493.000 0.032
494.000 0.032
495.000 0.032
496.000 0.031
497.000 0.033
498.000 0.033
499.000 0.033
500.000 0.034
501.000 0.033
502.000 0.032
503.000 0.030
504.000 0.031
505.000 0.033
506.000 0.033
507.000 0.033
508.000 0.036
509.000 0.037
510.000 0.037
511.000 0.037
512.000 0.037
513.000 0.038
514.000 0.040
515.000 0.040
516.000 0.041
517.000 0.042
518.000 0.045
519.000 0.044
520.000 0.044
521.000 0.045
522.000 0.047
523.000 0.049
524.000 0.050
525.000 0.051
526.000 0.052
527.000 0.053
528.000 0.055
529.000 0.056
530.000 0.058
531.000 0.059
532.000 0.059
533.000 0.060
534.000 0.061
535.000 0.062
536.000 0.063
537.000 0.063
538.000 0.063
539.000 0.063
540.000 0.063
541.000 0.063
542.000 0.064
543.000 0.064
544.000 0.064
545.000 0.063
546.000 0.063
547.000 0.063
548.000 0.063
549.000 0.064
550.000 0.064
551.000 0.064
552.000 0.064
553.000 0.064
554.000 0.063
555.000 0.063
556.000 0.063
557.000 0.063
558.000 0.062
559.000 0.062
560.000 0.061
561.000 0.060
562.000 0.060
563.000 0.059
564.000 0.058
565.000 0.057
566.000 0.056
567.000 0.056
568.000 0.054
569.000 0.052
570.000 0.052
571.000 0.052
572.000 0.051
573.000 0.050
574.000 0.049
575.000 0.049
576.000 0.049
577.000 0.048
578.000 0.046
579.000 0.045
580.000 0.045
581.000 0.044
582.000 0.045
583.000 0.046
584.000 0.045
585.000 0.044
586.000 0.042
587.000 0.042
588.000 0.041
589.000 0.040
590.000 0.039
591.000 0.039
592.000 0.040
593.000 0.041
594.000 0.039
595.000 0.039
596.000 0.039
597.000 0.039
598.000 0.041
599.000 0.039
600.000 0.038
601.000 0.038
602.000 0.038
603.000 0.039
604.000 0.039
605.000 0.039
606.000 0.038
607.000 0.038
608.000 0.036
609.000 0.037
610.000 0.036
611.000 0.035
612.000 0.036
613.000 0.036
614.000 0.035
615.000 0.034
616.000 0.034
617.000 0.034
618.000 0.034
619.000 0.033
620.000 0.033
621.000 0.033
622.000 0.033
623.000 0.035
624.000 0.034
625.000 0.033
626.000 0.033
627.000 0.034
628.000 0.034
629.000 0.033
630.000 0.034
631.000 0.034
632.000 0.034
633.000 0.035
634.000 0.033
635.000 0.033
636.000 0.033
637.000 0.032
638.000 0.031
639.000 0.031
640.000 0.032
641.000 0.031
642.000 0.031
643.000 0.030
644.000 0.029
645.000 0.028
646.000 0.028
647.000 0.030
648.000 0.031
649.000 0.030
650.000 0.030
651.000 0.030
652.000 0.028
653.000 0.029
654.000 0.029
655.000 0.027
656.000 0.028
657.000 0.029
658.000 0.029
659.000 0.026
660.000 0.026
661.000 0.028
662.000 0.029
663.000 0.030
664.000 0.029
665.000 0.028
666.000 0.029
667.000 0.028
668.000 0.027
669.000 0.029
670.000 0.031
671.000 0.028
672.000 0.027
673.000 0.028
674.000 0.029
675.000 0.029
676.000 0.029
677.000 0.031
678.000 0.029
679.000 0.031
680.000 0.032
681.000 0.029
682.000 0.030
683.000 0.032
684.000 0.032
685.000 0.034
686.000 0.035
687.000 0.036
688.000 0.035
689.000 0.036
690.000 0.037
691.000 0.038
692.000 0.041
693.000 0.044
694.000 0.046
695.000 0.048
696.000 0.051
697.000 0.055
698.000 0.058
699.000 0.062
700.000 0.065
701.000 0.069
702.000 0.074
703.000 0.079
704.000 0.084
705.000 0.088
706.000 0.092
707.000 0.095
708.000 0.100
709.000 0.105
710.000 0.109
711.000 0.113
712.000 0.117
713.000 0.122
714.000 0.126
715.000 0.130
716.000 0.133
717.000 0.137
718.000 0.141
719.000 0.144
720.000 0.149
721.000 0.154
722.000 0.158
723.000 0.162
724.000 0.166
725.000 0.169
726.000 0.172
727.000 0.176
728.000 0.181
729.000 0.184
730.000 0.188
731.000 0.192
732.000 0.196
733.000 0.201
734.000 0.204
735.000 0.208
736.000 0.211
737.000 0.214
738.000 0.217
739.000 0.220
740.000 0.223
741.000 0.226
742.000 0.228
743.000 0.231
744.000 0.233
745.000 0.234
746.000 0.236
747.000 0.237
748.000 0.239
749.000 0.240
750.000 0.242
751.000 0.243
752.000 0.244
753.000 0.244
754.000 0.245
755.000 0.246
756.000 0.247
757.000 0.247
758.000 0.247
759.000 0.245
760.000 0.241
761.000 0.236
762.000 0.234
763.000 0.234
764.000 0.236
765.000 0.240
766.000 0.243
767.000 0.247
768.000 0.249
769.000 0.250
770.000 0.252
771.000 0.252
772.000 0.253
773.000 0.253
774.000 0.253
775.000 0.254
776.000 0.254
777.000 0.254
778.000 0.254
779.000 0.254
780.000 0.254
781.000 0.254
782.000 0.255
783.000 0.255
784.000 0.255
785.000 0.255
786.000 0.254
787.000 0.254
788.000 0.253
789.000 0.252
790.000 0.252
791.000 0.253
792.000 0.253
793.000 0.254
794.000 0.254
795.000 0.254
796.000 0.254
797.000 0.254
798.000 0.254
799.000 0.254
800.000 0.254
801.000 0.254
802.000 0.254
803.000 0.254
804.000 0.255
805.000 0.255
806.000 0.256
807.000 0.256
808.000 0.256
809.000 0.255
810.000 0.254
811.000 0.253
812.000 0.251
813.000 0.249
814.000 0.248
815.000 0.246
816.000 0.245
817.000 0.245
818.000 0.246
819.000 0.247
820.000 0.249
821.000 0.249
822.000 0.249
823.000 0.249
824.000 0.250
825.000 0.251
826.000 0.251
827.000 0.251
828.000 0.251
829.000 0.251
830.000 0.252
831.000 0.253
832.000 0.254
833.000 0.254
834.000 0.255
835.000 0.256
836.000 0.257
837.000 0.257
838.000 0.258
839.000 0.258
840.000 0.259
841.000 0.260
842.000 0.260
843.000 0.261
844.000 0.262
845.000 0.262
846.000 0.262
847.000 0.262
848.000 0.262
849.000 0.262
850.000 0.263
851.000 0.262
852.000 0.262
853.000 0.263
854.000 0.263
855.000 0.263
856.000 0.264
857.000 0.264
858.000 0.264
859.000 0.264
860.000 0.264
861.000 0.264
862.000 0.264
863.000 0.265
864.000 0.265
865.000 0.265
866.000 0.265
867.000 0.265
868.000 0.266
869.000 0.266
870.000 0.266
871.000 0.266
872.000 0.266
873.000 0.266
874.000 0.266
875.000 0.266
876.000 0.266
877.000 0.266
878.000 0.266
879.000 0.266
880.000 0.266
881.000 0.266
882.000 0.266
883.000 0.266
884.000 0.266
885.000 0.266
886.000 0.266
887.000 0.266
888.000 0.266
889.000 0.266
890.000 0.265
891.000 0.264
892.000 0.263
893.000 0.262
894.000 0.260
895.000 0.258
896.000 0.256
897.000 0.254
898.000 0.252
899.000 0.252
900.000 0.252
901.000 0.252
902.000 0.253
903.000 0.253
904.000 0.254
905.000 0.254
906.000 0.253
907.000 0.252
908.000 0.252
909.000 0.251
910.000 0.250
911.000 0.249
912.000 0.249
913.000 0.248
914.000 0.248
915.000 0.248
916.000 0.248
917.000 0.249
918.000 0.251
919.000 0.252
920.000 0.253
921.000 0.253
922.000 0.253
923.000 0.253
924.000 0.252
925.000 0.251
926.000 0.249
927.000 0.246
928.000 0.245
929.000 0.242
930.000 0.238
931.000 0.235
932.000 0.232
933.000 0.227
934.000 0.220
935.000 0.218
936.000 0.220
937.000 0.220
938.000 0.221
939.000 0.221
940.000 0.219
941.000 0.218
942.000 0.217
943.000 0.215
944.000 0.219
945.000 0.218
946.000 0.216
947.000 0.217
948.000 0.219
949.000 0.218
950.000 0.218
951.000 0.218
952.000 0.219
953.000 0.220
954.000 0.221
955.000 0.223
956.000 0.224
957.000 0.224
958.000 0.224
959.000 0.226
960.000 0.226
961.000 0.229
962.000 0.231
963.000 0.231
964.000 0.231
965.000 0.234
966.000 0.237
967.000 0.240
968.000 0.243
969.000 0.243
970.000 0.244
971.000 0.246
972.000 0.245
973.000 0.245
974.000 0.244
975.000 0.244
976.000 0.245
977.000 0.246
978.000 0.247
979.000 0.249
980.000 0.249
981.000 0.249
982.000 0.250
983.000 0.253
984.000 0.254
985.000 0.254
986.000 0.255
987.000 0.258
988.000 0.257
989.000 0.258
990.000 0.258
991.000 0.259
992.000 0.262
993.000 0.261
994.000 0.261
995.000 0.261
996.000 0.262
997.000 0.264
998.000 0.263
999.000 0.261
1000.000 0.264
1001.000 0.268
1002.000 0.268
1003.000 0.268
1004.000 0.268
1005.000 0.268
1006.000 0.268
1007.000 0.268
1008.000 0.268
1009.000 0.268
1010.000 0.267
1011.000 0.267
1012.000 0.268
1013.000 0.268
1014.000 0.270
1015.000 0.271
1016.000 0.271
1017.000 0.271
1018.000 0.271
1019.000 0.271
1020.000 0.271
1021.000 0.271
1022.000 0.272
1023.000 0.272
1024.000 0.272
1025.000 0.272
1026.000 0.273
1027.000 0.273
1028.000 0.273
1029.000 0.274
1030.000 0.274
1031.000 0.274
1032.000 0.274
1033.000 0.274
1034.000 0.275
1035.000 0.275
1036.000 0.275
1037.000 0.275
1038.000 0.275
1039.000 0.276
1040.000 0.276
1041.000 0.276
1042.000 0.276
1043.000 0.276
1044.000 0.276
1045.000 0.277
1046.000 0.277
1047.000 0.277
1048.000 0.278
1049.000 0.278
1050.000 0.278
1051.000 0.278
1052.000 0.277
1053.000 0.277
1054.000 0.277
1055.000 0.277
1056.000 0.277
1057.000 0.277
1058.000 0.277
1059.000 0.277
1060.000 0.277
1061.000 0.277
1062.000 0.277
1063.000 0.277
1064.000 0.277
1065.000 0.276
1066.000 0.277
1067.000 0.277
1068.000 0.278
1069.000 0.278
1070.000 0.278
1071.000 0.278
1072.000 0.278
1073.000 0.278
1074.000 0.277
1075.000 0.277
1076.000 0.277
1077.000 0.277
1078.000 0.277
1079.000 0.276
1080.000 0.276
1081.000 0.276
1082.000 0.276
1083.000 0.276
1084.000 0.277
1085.000 0.276
1086.000 0.275
1087.000 0.275
1088.000 0.274
1089.000 0.273
1090.000 0.272
1091.000 0.271
1092.000 0.270
1093.000 0.270
1094.000 0.269
1095.000 0.268
1096.000 0.268
1097.000 0.267
1098.000 0.265
1099.000 0.264
1100.000 0.262
1101.000 0.260
1102.000 0.259
1103.000 0.258
1104.000 0.257
1105.000 0.256
1106.000 0.255
1107.000 0.253
1108.000 0.252
1109.000 0.250
1110.000 0.249
1111.000 0.247
1112.000 0.246
1113.000 0.245
1114.000 0.243
1115.000 0.241
1116.000 0.238
1117.000 0.235
1118.000 0.232
1119.000 0.229
1120.000 0.225
1121.000 0.221
1122.000 0.218
1123.000 0.215
1124.000 0.215
1125.000 0.214
1126.000 0.214
1127.000 0.215
1128.000 0.216
1129.000 0.217
1130.000 0.218
1131.000 0.219
1132.000 0.220
1133.000 0.219
1134.000 0.220
1135.000 0.220
1136.000 0.219
1137.000 0.219
1138.000 0.219
1139.000 0.219
1140.000 0.218
1141.000 0.218
1142.000 0.218
1143.000 0.218
1144.000 0.218
1145.000 0.217
1146.000 0.218
1147.000 0.218
1148.000 0.217
1149.000 0.218
1150.000 0.219
1151.000 0.220
1152.000 0.221
1153.000 0.222
1154.000 0.224
1155.000 0.225
1156.000 0.227
1157.000 0.228
1158.000 0.229
1159.000 0.231
1160.000 0.233
1161.000 0.234
1162.000 0.236
1163.000 0.236
1164.000 0.237
1165.000 0.238
1166.000 0.239
1167.000 0.239
1168.000 0.240
1169.000 0.241
1170.000 0.242
1171.000 0.244
1172.000 0.244
1173.000 0.245
1174.000 0.245
1175.000 0.244
1176.000 0.245
1177.000 0.245
1178.000 0.245
1179.000 0.245
1180.000 0.245
1181.000 0.245
1182.000 0.245
1183.000 0.245
1184.000 0.245
1185.000 0.245
1186.000 0.245
1187.000 0.244
1188.000 0.244
1189.000 0.245
1190.000 0.245
1191.000 0.245
1192.000 0.246
1193.000 0.247
1194.000 0.247
1195.000 0.247
1196.000 0.247
1197.000 0.247
1198.000 0.247
1199.000 0.248
1200.000 0.248
1201.000 0.248
1202.000 0.248
1203.000 0.248
1204.000 0.249
1205.000 0.249
1206.000 0.249
1207.000 0.249
1208.000 0.250
1209.000 0.251
1210.000 0.251
1211.000 0.252
1212.000 0.252
1213.000 0.251
1214.000 0.251
1215.000 0.251
1216.000 0.252
1217.000 0.253
1218.000 0.253
1219.000 0.254
1220.000 0.254
1221.000 0.254
1222.000 0.254
1223.000 0.255
1224.000 0.256
1225.000 0.257
1226.000 0.257
1227.000 0.258
1228.000 0.258
1229.000 0.259
1230.000 0.259
1231.000 0.259
1232.000 0.260
1233.000 0.260
1234.000 0.261
1235.000 0.261
1236.000 0.261
1237.000 0.262
1238.000 0.261
1239.000 0.262
1240.000 0.262
1241.000 0.263
1242.000 0.262
1243.000 0.262
1244.000 0.262
1245.000 0.262
1246.000 0.262
1247.000 0.262
1248.000 0.262
1249.000 0.262
1250.000 0.262
1251.000 0.262
1252.000 0.262
1253.000 0.262
1254.000 0.262
1255.000 0.261
1256.000 0.261
1257.000 0.261
1258.000 0.261
1259.000 0.261
1260.000 0.260
1261.000 0.260
1262.000 0.260
1263.000 0.259
1264.000 0.259
1265.000 0.258
1266.000 0.258
1267.000 0.259
1268.000 0.259
1269.000 0.260
1270.000 0.261
1271.000 0.261
1272.000 0.261
1273.000 0.261
1274.000 0.261
1275.000 0.262
1276.000 0.262
1277.000 0.263
1278.000 0.264
1279.000 0.264
1280.000 0.264
1281.000 0.264
1282.000 0.263
1283.000 0.263
1284.000 0.263
1285.000 0.263
1286.000 0.263
1287.000 0.262
1288.000 0.262
1289.000 0.261
1290.000 0.261
1291.000 0.261
1292.000 0.260
1293.000 0.260
1294.000 0.259
1295.000 0.259
1296.000 0.258
1297.000 0.258
1298.000 0.257
1299.000 0.256
1300.000 0.255
1301.000 0.255
1302.000 0.254
1303.000 0.253
1304.000 0.252
1305.000 0.251
1306.000 0.249
1307.000 0.248
1308.000 0.247
1309.000 0.247
1310.000 0.246
1311.000 0.244
1312.000 0.243
1313.000 0.242
1314.000 0.241
1315.000 0.239
1316.000 0.239
1317.000 0.238
1318.000 0.236
1319.000 0.235
1320.000 0.234
1321.000 0.233
1322.000 0.232
1323.000 0.231
1324.000 0.230
1325.000 0.229
1326.000 0.228
1327.000 0.226
1328.000 0.225
1329.000 0.223
1330.000 0.220
1331.000 0.218
1332.000 0.216
1333.000 0.214
1334.000 0.213
1335.000 0.212
1336.000 0.211
1337.000 0.210
1338.000 0.209
1339.000 0.208
1340.000 0.206
1341.000 0.204
1342.000 0.203
1343.000 0.202
1344.000 0.200
1345.000 0.198
1346.000 0.196
1347.000 0.194
1348.000 0.192
1349.000 0.193
1350.000 0.191
1351.000 0.191
1352.000 0.194
1353.000 0.199
1354.000 0.217
1355.000 0.268
1356.000 0.293
1357.000 0.422
1358.000 0.560
1359.000 0.436
1360.000 0.396
1361.000 0.400
1362.000 0.370
1363.000 0.356
1364.000 0.543
1365.000 0.348
1366.000 0.292
1367.000 0.252
1368.000 0.178
1369.000 0.145
1370.000 0.151
1371.000 0.197
1372.000 0.290
1373.000 0.259
1374.000 0.260
1375.000 0.367
1376.000 0.529
1377.000 0.572
1378.000 0.489
1379.000 0.478
1380.000 0.466
1381.000 0.503
1382.000 0.423
1383.000 0.556
1384.000 0.613
1385.000 0.164
1386.000 0.446
1387.000 0.643
1388.000 0.412
1389.000 0.470
1390.000 0.406
1391.000 0.501
1392.000 0.600
1393.000 0.541
1394.000 0.495
1395.000 0.493
1396.000 0.351
1397.000 0.272
1398.000 0.212
1399.000 0.183
1400.000 0.161
1401.000 0.233
1402.000 0.267
1403.000 0.273
1404.000 0.158
1405.000 0.144
1406.000 0.128
1407.000 0.294
1408.000 0.346
1409.000 0.409
1410.000 0.323
1411.000 0.439
1412.000 0.376
1413.000 0.303
1414.000 0.353
1415.000 0.259
1416.000 0.196
1417.000 0.260
1418.000 0.300
1419.000 0.492
1420.000 0.410
1421.000 0.362
1422.000 0.374
1423.000 0.380
1424.000 0.480
1425.000 0.468
1426.000 0.437
1427.000 0.429
1428.000 0.413
1429.000 0.372
1430.000 0.325
1431.000 0.400
1432.000 0.343
1433.000 0.380
1434.000 0.383
1435.000 0.359
1436.000 0.313
1437.000 0.267
1438.000 0.247
1439.000 0.180
1440.000 0.177
1441.000 0.290
1442.000 0.341
1443.000 0.347
1444.000 0.306
1445.000 0.247
1446.000 0.206
1447.000 0.158
1448.000 0.132
1449.000 0.119
1450.000 0.113
1451.000 0.125
1452.000 0.119
1453.000 0.123
1454.000 0.089
1455.000 0.085
1456.000 0.084
1457.000 0.085
1458.000 0.080
1459.000 0.078
1460.000 0.076
1461.000 0.079
1462.000 0.093
1463.000 0.102
1464.000 0.105
1465.000 0.110
1466.000 0.103
1467.000 0.099
1468.000 0.104
1469.000 0.100
1470.000 0.104
1471.000 0.118
1472.000 0.097
1473.000 0.096
1474.000 0.090
1475.000 0.091
1476.000 0.094
1477.000 0.094
1478.000 0.101
1479.000 0.100
1480.000 0.092
1481.000 0.085
1482.000 0.081
1483.000 0.080
1484.000 0.078
1485.000 0.078
1486.000 0.079
1487.000 0.080
1488.000 0.082
1489.000 0.085
1490.000 0.092
1491.000 0.094
1492.000 0.090
1493.000 0.090
1494.000 0.089
1495.000 0.090
1496.000 0.095
1497.000 0.096
1498.000 0.098
1499.000 0.098
1500.000 0.099
1501.000 0.099
1502.000 0.101
1503.000 0.102
1504.000 0.102
1505.000 0.104
1506.000 0.105
1507.000 0.107
1508.000 0.108
1509.000 0.110
1510.000 0.112
1511.000 0.112
1512.000 0.112
1513.000 0.111
1514.000 0.110
1515.000 0.110
1516.000 0.110
1517.000 0.110
1518.000 0.112
1519.000 0.116
1520.000 0.118
1521.000 0.120
1522.000 0.122
1523.000 0.123
1524.000 0.124
1525.000 0.125
1526.000 0.126
1527.000 0.125
1528.000 0.125
1529.000 0.125
1530.000 0.125
1531.000 0.127
1532.000 0.128
1533.000 0.129
1534.000 0.130
1535.000 0.132
1536.000 0.132
1537.000 0.132
1538.000 0.132
1539.000 0.132
1540.000 0.132
1541.000 0.132
1542.000 0.134
1543.000 0.136
1544.000 0.137
1545.000 0.140
1546.000 0.141
1547.000 0.141
1548.000 0.142
1549.000 0.143
1550.000 0.144
1551.000 0.145
1552.000 0.146
1553.000 0.146
1554.000 0.146
1555.000 0.146
1556.000 0.147
1557.000 0.148
1558.000 0.149
1559.000 0.150
1560.000 0.152
1561.000 0.153
1562.000 0.153
1563.000 0.152
1564.000 0.153
1565.000 0.152
1566.000 0.152
1567.000 0.154
1568.000 0.156
1569.000 0.157
1570.000 0.158
1571.000 0.157
1572.000 0.157
1573.000 0.158
1574.000 0.159
1575.000 0.161
1576.000 0.161
1577.000 0.161
1578.000 0.162
1579.000 0.162
1580.000 0.162
1581.000 0.163
1582.000 0.164
1583.000 0.165
1584.000 0.166
1585.000 0.168
1586.000 0.168
1587.000 0.168
1588.000 0.168
1589.000 0.168
1590.000 0.167
1591.000 0.167
1592.000 0.167
1593.000 0.167
1594.000 0.168
1595.000 0.169
1596.000 0.170
1597.000 0.171
1598.000 0.171
1599.000 0.172
1600.000 0.172
1601.000 0.171
1602.000 0.170
1603.000 0.171
1604.000 0.171
1605.000 0.173
1606.000 0.174
1607.000 0.174
1608.000 0.174
1609.000 0.174
1610.000 0.174
1611.000 0.175
1612.000 0.175
1613.000 0.176
1614.000 0.177
1615.000 0.177
1616.000 0.177
1617.000 0.178
1618.000 0.179
1619.000 0.180
1620.000 0.181
1621.000 0.182
1622.000 0.183
1623.000 0.183
1624.000 0.183
1625.000 0.184
1626.000 0.185
1627.000 0.187
1628.000 0.187
1629.000 0.187
1630.000 0.188
1631.000 0.187
1632.000 0.187
1633.000 0.187
1634.000 0.186
1635.000 0.184
1636.000 0.184
1637.000 0.184
1638.000 0.184
1639.000 0.185
1640.000 0.186
1641.000 0.185
1642.000 0.185
1643.000 0.184
1644.000 0.184
1645.000 0.186
1646.000 0.187
1647.000 0.187
1648.000 0.187
1649.000 0.187
1650.000 0.187
1651.000 0.187
1652.000 0.186
1653.000 0.186
1654.000 0.186
1655.000 0.186
1656.000 0.186
1657.000 0.187
1658.000 0.187
1659.000 0.186
1660.000 0.186
1661.000 0.185
1662.000 0.186
1663.000 0.186
1664.000 0.187
1665.000 0.187
1666.000 0.188
1667.000 0.188
1668.000 0.188
1669.000 0.189
1670.000 0.190
1671.000 0.190
1672.000 0.190
1673.000 0.192
1674.000 0.192
1675.000 0.191
1676.000 0.191
1677.000 0.191
1678.000 0.191
1679.000 0.191
1680.000 0.191
1681.000 0.190
1682.000 0.191
1683.000 0.192
1684.000 0.192
1685.000 0.191
1686.000 0.192
1687.000 0.193
1688.000 0.193
1689.000 0.194
1690.000 0.194
1691.000 0.192
1692.000 0.192
1693.000 0.192
1694.000 0.192
1695.000 0.192
1696.000 0.191
1697.000 0.192
1698.000 0.192
1699.000 0.190
1700.000 0.190
1701.000 0.190
1702.000 0.189
1703.000 0.190
1704.000 0.189
1705.000 0.189
1706.000 0.189
1707.000 0.188
1708.000 0.188
1709.000 0.187
1710.000 0.188
1711.000 0.189
1712.000 0.189
1713.000 0.187
1714.000 0.185
1715.000 0.184
1716.000 0.184
1717.000 0.185
1718.000 0.185
1719.000 0.186
1720.000 0.186
1721.000 0.187
1722.000 0.187
1723.000 0.188
1724.000 0.188
1725.000 0.188
1726.000 0.188
1727.000 0.189
1728.000 0.188
1729.000 0.187
1730.000 0.186
1731.000 0.184
1732.000 0.182
1733.000 0.180
1734.000 0.178
1735.000 0.177
1736.000 0.178
1737.000 0.178
1738.000 0.180
1739.000 0.180
1740.000 0.183
1741.000 0.182
1742.000 0.180
1743.000 0.178
1744.000 0.175
1745.000 0.174
1746.000 0.174
1747.000 0.174
1748.000 0.174
1749.000 0.175
1750.000 0.176
1751.000 0.177
1752.000 0.177
1753.000 0.178
1754.000 0.179
1755.000 0.179
1756.000 0.177
1757.000 0.177
1758.000 0.177
1759.000 0.177
1760.000 0.173
1761.000 0.168
1762.000 0.164
1763.000 0.163
1764.000 0.166
1765.000 0.169
1766.000 0.173
1767.000 0.170
1768.000 0.164
1769.000 0.161
1770.000 0.160
1771.000 0.162
1772.000 0.167
1773.000 0.165
1774.000 0.163
1775.000 0.161
1776.000 0.157
1777.000 0.155
1778.000 0.151
1779.000 0.144
1780.000 0.139
1781.000 0.139
1782.000 0.140
1783.000 0.142
1784.000 0.145
1785.000 0.149
1786.000 0.151
1787.000 0.152
1788.000 0.154
1789.000 0.151
1790.000 0.150
1791.000 0.153
1792.000 0.155
1793.000 0.158
1794.000 0.167
1795.000 0.183
1796.000 0.191
1797.000 0.189
1798.000 0.174
1799.000 0.156
1800.000 0.139
1801.000 0.279
1802.000 0.283
1803.000 0.292
1804.000 0.366
1805.000 0.399
1806.000 0.376
1807.000 0.386
1808.000 0.399
1809.000 0.401
1810.000 0.491
1811.000 0.568
1812.000 0.526
1813.000 0.549
1814.000 0.462
1815.000 0.419
1816.000 0.405
1817.000 0.489
1818.000 0.507
1819.000 0.431
1820.000 0.407
1821.000 0.496
1822.000 0.617
1823.000 0.797
1824.000 0.815
1825.000 0.827
1826.000 0.792
1827.000 0.803
1828.000 0.843
1829.000 0.824
1830.000 0.685
1831.000 0.729
1832.000 0.802
1833.000 0.815
1834.000 0.828
1835.000 0.844
1836.000 0.858
1837.000 0.862
1838.000 0.800
1839.000 0.607
1840.000 0.516
1841.000 0.473
1842.000 0.607
1843.000 0.632
1844.000 0.658
1845.000 0.704
1846.000 0.521
1847.000 0.514
1848.000 0.590
1849.000 0.574
1850.000 0.690
1851.000 0.573
1852.000 0.475
1853.000 0.425
1854.000 0.490
1855.000 0.443
1856.000 0.440
1857.000 0.492
1858.000 0.469
1859.000 0.497
1860.000 0.315
1861.000 0.322
1862.000 0.330
1863.000 0.370
1864.000 0.268
1865.000 0.237
1866.000 0.260
1867.000 0.308
1868.000 0.291
1869.000 0.208
1870.000 0.213
1871.000 0.290
1872.000 0.367
1873.000 0.451
1874.000 0.614
1875.000 0.664
1876.000 0.652
1877.000 0.620
1878.000 0.423
1879.000 0.197
1880.000 0.257
1881.000 0.309
1882.000 0.369
1883.000 0.439
1884.000 0.516
1885.000 0.556
1886.000 0.622
1887.000 0.638
1888.000 0.679
1889.000 0.688
1890.000 0.630
1891.000 0.411
1892.000 0.399
1893.000 0.534
1894.000 0.623
1895.000 0.453
1896.000 0.463
1897.000 0.334
1898.000 0.464
1899.000 0.558
1900.000 0.438
1901.000 0.386
1902.000 0.468
1903.000 0.530
1904.000 0.519
1905.000 0.597
1906.000 0.588
1907.000 0.587
1908.000 0.574
1909.000 0.596
1910.000 0.610
1911.000 0.567
1912.000 0.641
1913.000 0.686
1914.000 0.685
1915.000 0.597
1916.000 0.577
1917.000 0.640
1918.000 0.562
1919.000 0.581
1920.000 0.514
1921.000 0.562
1922.000 0.558
1923.000 0.643
1924.000 0.639
1925.000 0.621
1926.000 0.608
1927.000 0.625
1928.000 0.629
1929.000 0.581
1930.000 0.488
1931.000 0.513
1932.000 0.599
1933.000 0.463
1934.000 0.501
1935.000 0.477
1936.000 0.507
1937.000 0.561
1938.000 0.494
1939.000 0.427
1940.000 0.550
1941.000 0.613
1942.000 0.556
1943.000 0.575
1944.000 0.495
1945.000 0.348
1946.000 0.566
1947.000 0.585
1948.000 0.656
1949.000 0.601
1950.000 0.664
1951.000 0.592
1952.000 0.507
1953.000 0.421
1954.000 0.411
1955.000 0.478
1956.000 0.374
1957.000 0.310
1958.000 0.194
1959.000 0.179
1960.000 0.292
1961.000 0.421
1962.000 0.552
1963.000 0.610
1964.000 0.652
1965.000 0.614
1966.000 0.560
1967.000 0.447
1968.000 0.349
1969.000 0.344
1970.000 0.274
1971.000 0.215
1972.000 0.168
1973.000 0.168
1974.000 0.178
1975.000 0.184
1976.000 0.216
1977.000 0.250
1978.000 0.248
1979.000 0.232
1980.000 0.187
1981.000 0.148
1982.000 0.120
1983.000 0.110
1984.000 0.097
1985.000 0.092
1986.000 0.105
1987.000 0.132
1988.000 0.135
1989.000 0.135
1990.000 0.157
1991.000 0.175
1992.000 0.178
1993.000 0.174
1994.000 0.191
1995.000 0.158
1996.000 0.141
1997.000 0.154
1998.000 0.152
1999.000 0.147
2000.000 0.128
2001.000 0.123
2002.000 0.148
2003.000 0.170
2004.000 0.192
2005.000 0.242
2006.000 0.267
2007.000 0.262
2008.000 0.356
2009.000 0.443
2010.000 0.498
2011.000 0.476
2012.000 0.422
2013.000 0.303
2014.000 0.355
2015.000 0.252
2016.000 0.221
2017.000 0.181
2018.000 0.181
2019.000 0.188
2020.000 0.176
2021.000 0.175
2022.000 0.176
2023.000 0.156
2024.000 0.158
2025.000 0.166
2026.000 0.159
2027.000 0.146
2028.000 0.131
2029.000 0.114
2030.000 0.114
2031.000 0.111
2032.000 0.123
2033.000 0.113
2034.000 0.104
2035.000 0.101
2036.000 0.099
2037.000 0.086
2038.000 0.090
2039.000 0.090
2040.000 0.096
2041.000 0.095
2042.000 0.096
2043.000 0.095
2044.000 0.095
2045.000 0.097
2046.000 0.095
2047.000 0.090
2048.000 0.087
2049.000 0.079
2050.000 0.078
2051.000 0.087
2052.000 0.100
2053.000 0.107
2054.000 0.110
2055.000 0.116
2056.000 0.117
2057.000 0.121
2058.000 0.139
2059.000 0.150
2060.000 0.152
2061.000 0.153
2062.000 0.152
2063.000 0.149
2064.000 0.133
2065.000 0.133
2066.000 0.140
2067.000 0.133
2068.000 0.116
2069.000 0.098
2070.000 0.093
2071.000 0.092
2072.000 0.094
2073.000 0.111
2074.000 0.117
2075.000 0.122
2076.000 0.129
2077.000 0.123
2078.000 0.113
2079.000 0.103
2080.000 0.099
2081.000 0.096
2082.000 0.098
2083.000 0.099
2084.000 0.103
2085.000 0.107
2086.000 0.108
2087.000 0.111
2088.000 0.116
2089.000 0.120
2090.000 0.123
2091.000 0.120
2092.000 0.110
2093.000 0.107
2094.000 0.100
2095.000 0.098
2096.000 0.105
2097.000 0.107
2098.000 0.108
2099.000 0.111
2100.000 0.114
2101.000 0.108
2102.000 0.106
2103.000 0.100
2104.000 0.097
2105.000 0.098
2106.000 0.103
2107.000 0.117
2108.000 0.120
2109.000 0.129
2110.000 0.136
2111.000 0.139
2112.000 0.140
2113.000 0.135
2114.000 0.132
2115.000 0.118
2116.000 0.114
2117.000 0.113
2118.000 0.111
2119.000 0.113
2120.000 0.120
2121.000 0.117
2122.000 0.117
2123.000 0.115
2124.000 0.113
2125.000 0.111
2126.000 0.101
2127.000 0.102
2128.000 0.104
2129.000 0.103
2130.000 0.116
2131.000 0.117
2132.000 0.109
2133.000 0.107
2134.000 0.110
2135.000 0.107
2136.000 0.109
2137.000 0.112
2138.000 0.110
2139.000 0.105
2140.000 0.112
2141.000 0.124
2142.000 0.128
2143.000 0.137
2144.000 0.133
2145.000 0.124
2146.000 0.125
2147.000 0.128
2148.000 0.135
2149.000 0.158
2150.000 0.166
2151.000 0.165
2152.000 0.165
2153.000 0.156
2154.000 0.152
2155.000 0.149
2156.000 0.148
2157.000 0.147
2158.000 0.144
2159.000 0.139
2160.000 0.134
2161.000 0.132
2162.000 0.124
2163.000 0.123
2164.000 0.132
2165.000 0.128
2166.000 0.123
2167.000 0.128
2168.000 0.133
2169.000 0.134
2170.000 0.124
2171.000 0.125
2172.000 0.129
2173.000 0.132
2174.000 0.137
2175.000 0.137
2176.000 0.130
2177.000 0.125
2178.000 0.123
2179.000 0.113
2180.000 0.117
2181.000 0.115
2182.000 0.109
2183.000 0.111
2184.000 0.115
2185.000 0.125
2186.000 0.128
2187.000 0.128
2188.000 0.128
2189.000 0.122
2190.000 0.120
2191.000 0.116
2192.000 0.119
2193.000 0.119
2194.000 0.121
2195.000 0.115
2196.000 0.121
2197.000 0.146
2198.000 0.151
2199.000 0.142
2200.000 0.143
2201.000 0.133
2202.000 0.129
2203.000 0.127
2204.000 0.129
2205.000 0.134
2206.000 0.133
2207.000 0.127
2208.000 0.119
2209.000 0.114
2210.000 0.111
2211.000 0.112
2212.000 0.122
2213.000 0.122
2214.000 0.117
2215.000 0.120
2216.000 0.127
2217.000 0.133
2218.000 0.145
2219.000 0.150
2220.000 0.149
2221.000 0.146
2222.000 0.146
2223.000 0.142
2224.000 0.126
2225.000 0.122
2226.000 0.110
2227.000 0.115
2228.000 0.122
2229.000 0.123
2230.000 0.128
2231.000 0.123
2232.000 0.121
2233.000 0.128
2234.000 0.130
2235.000 0.126
2236.000 0.124
2237.000 0.120
2238.000 0.117
2239.000 0.118
2240.000 0.119
2241.000 0.114
2242.000 0.115
2243.000 0.121
2244.000 0.123
2245.000 0.128
2246.000 0.130
2247.000 0.127
2248.000 0.128
2249.000 0.134
2250.000 0.138
2251.000 0.146
2252.000 0.144
2253.000 0.139
2254.000 0.131
2255.000 0.107
2256.000 0.100
2257.000 0.100
2258.000 0.098
2259.000 0.109
2260.000 0.115
2261.000 0.121
2262.000 0.125
2263.000 0.126
2264.000 0.119
2265.000 0.112
2266.000 0.116
2267.000 0.118
2268.000 0.130
2269.000 0.129
2270.000 0.128
2271.000 0.120
2272.000 0.133
2273.000 0.136
2274.000 0.132
2275.000 0.136
2276.000 0.138
2277.000 0.138
2278.000 0.141
2279.000 0.151
2280.000 0.158
2281.000 0.159
2282.000 0.178
2283.000 0.171
2284.000 0.143
2285.000 0.129
2286.000 0.100
2287.000 0.090
2288.000 0.117
2289.000 0.115
2290.000 0.090
2291.000 0.102
2292.000 0.122
2293.000 0.131
2294.000 0.160
2295.000 0.174
2296.000 0.176
2297.000 0.179
2298.000 0.180
2299.000 0.163
2300.000 0.145
2301.000 0.116
2302.000 0.121
2303.000 0.126
2304.000 0.130
2305.000 0.159
2306.000 0.155
2307.000 0.131
2308.000 0.136
2309.000 0.151
2310.000 0.152
2311.000 0.164
2312.000 0.123
2313.000 0.132
2314.000 0.079
2315.000 0.060
2316.000 0.058
2317.000 0.070
2318.000 0.108
2319.000 0.132
2320.000 0.154
2321.000 0.161
2322.000 0.144
2323.000 0.135
2324.000 0.113
2325.000 0.142
2326.000 0.137
2327.000 0.114
2328.000 0.147
2329.000 0.212
2330.000 0.261
2331.000 0.302
2332.000 0.305
2333.000 0.259
2334.000 0.213
2335.000 0.194
2336.000 0.176
2337.000 0.168
2338.000 0.162
2339.000 0.204
2340.000 0.302
2341.000 0.328
2342.000 0.269
2343.000 0.277
2344.000 0.240
2345.000 0.171
2346.000 0.129
2347.000 0.097
2348.000 0.113
2349.000 0.137
2350.000 0.128
2351.000 0.155
2352.000 0.166
2353.000 0.141
2354.000 0.152
2355.000 0.120
2356.000 0.147
2357.000 0.171
2358.000 0.155
2359.000 0.169
2360.000 0.268
2361.000 0.498
2362.000 0.397
2363.000 0.356
2364.000 0.232
2365.000 0.112
2366.000 0.274
2367.000 0.236
2368.000 0.291
2369.000 0.241
2370.000 0.493
2371.000 0.676
2372.000 0.637
2373.000 0.632
2374.000 0.515
2375.000 0.458
2376.000 0.242
2377.000 0.238
2378.000 0.249
2379.000 0.231
2380.000 0.230
2381.000 0.269
2382.000 0.428
2383.000 0.707
2384.000 0.577
2385.000 0.570
2386.000 0.296
2387.000 0.202
2388.000 0.192
2389.000 0.178
2390.000 0.222
2391.000 0.197
2392.000 0.199
2393.000 0.203
2394.000 0.245
2395.000 0.195
2396.000 0.160
2397.000 0.111
2398.000 0.181
2399.000 0.208
2400.000 0.230
2401.000 0.338
2402.000 0.337
2403.000 0.344
2404.000 0.314
2405.000 0.457
2406.000 0.542
2407.000 0.549
2408.000 0.495
2409.000 0.160
2410.000 0.303
2411.000 0.187
2412.000 0.232
2413.000 0.109
2414.000 0.128
2415.000 0.245
2416.000 0.310
2417.000 0.254
2418.000 0.371
2419.000 0.254
2420.000 0.451
2421.000 0.395
2422.000 0.243
2423.000 0.476
2424.000 0.416
2425.000 0.534
2426.000 0.423
2427.000 0.138
2428.000 0.314
2429.000 0.312
2430.000 0.372
2431.000 0.404
2432.000 0.160
2433.000 0.335
2434.000 0.421
2435.000 0.616
2436.000 0.481
2437.000 0.297
2438.000 0.300
2439.000 0.433
2440.000 0.296
2441.000 0.410
2442.000 0.275
2443.000 0.306
2444.000 0.267
2445.000 0.342
2446.000 0.539
2447.000 0.240
2448.000 0.713
2449.000 0.416
2450.000 0.552
2451.000 0.382
2452.000 0.314
2453.000 0.387
2454.000 0.588
2455.000 0.359
2456.000 0.155
2457.000 0.231
2458.000 0.396
2459.000 0.538
2460.000 0.460
2461.000 0.630
2462.000 0.692
2463.000 0.644
2464.000 0.537
2465.000 0.306
2466.000 0.254
2467.000 0.132
2468.000 0.567
2469.000 0.320
2470.000 0.413
2471.000 0.290
2472.000 0.182
2473.000 0.136
2474.000 0.184
2475.000 0.362
2476.000 0.412
2477.000 0.341
2478.000 0.376
2479.000 0.353
2480.000 0.299
2481.000 0.320
2482.000 0.574
2483.000 0.503
2484.000 0.499
2485.000 0.129
2486.000 0.409
2487.000 0.462
2488.000 0.404
2489.000 0.634
2490.000 0.724
2491.000 0.445
2492.000 0.413
2493.000 0.413
2494.000 0.458
2495.000 0.357
2496.000 0.652
2497.000 0.324
2498.000 0.380
2499.000 0.543
2500.000 0.442
