391.000 0.035
392.000 0.033
393.000 0.030
394.000 0.031
395.000 0.033
396.000 0.033
397.000 0.030
398.000 0.026
399.000 0.029
400.000 0.034
401.000 0.035
402.000 0.033
403.000 0.034
404.000 0.036
405.000 0.034
406.000 0.033
407.000 0.033
408.000 0.035
409.000 0.034
410.000 0.031
411.000 0.031
412.000 0.035
413.000 0.031
414.000 0.032
415.000 0.035
416.000 0.033
417.000 0.034
418.000 0.034
419.000 0.033
420.000 0.035
421.000 0.034
422.000 0.032
423.000 0.033
424.000 0.033
425.000 0.034
426.000 0.035
427.000 0.035
428.000 0.033
429.000 0.033
430.000 0.034
431.000 0.032
432.000 0.033
433.000 0.034
434.000 0.035
435.000 0.034
436.000 0.033
437.000 0.033
438.000 0.034
439.000 0.034
440.000 0.034
441.000 0.034
442.000 0.034
443.000 0.034
444.000 0.034
445.000 0.032
446.000 0.033
447.000 0.035
448.000 0.034
449.000 0.034
450.000 0.035
451.000 0.035
452.000 0.035
453.000 0.036
454.000 0.036
455.000 0.036
456.000 0.036
457.000 0.035
458.000 0.035
459.000 0.036
460.000 0.035
461.000 0.033
462.000 0.033
463.000 0.035
464.000 0.037
465.000 0.036
466.000 0.035
467.000 0.036
468.000 0.035
469.000 0.036
470.000 0.036
471.000 0.035
472.000 0.035
473.000 0.036
474.000 0.036
475.000 0.036
476.000 0.035
477.000 0.035
478.000 0.036
479.000 0.037
480.000 0.037
481.000 0.037
482.000 0.037
483.000 0.036
484.000 0.035
485.000 0.036
486.000 0.035
487.000 0.037
488.000 0.037
489.000 0.036
490.000 0.037
491.000 0.036
492.000 0.036
493.000 0.036
494.000 0.037
495.000 0.038
496.000 0.039
497.000 0.039
498.000 0.039
499.000 0.040
500.000 0.039
501.000 0.041
502.000 0.042
503.000 0.042
504.000 0.043
505.000 0.044
506.000 0.044
507.000 0.046
508.000 0.047
509.000 0.049
510.000 0.050
511.000 0.052
512.000 0.054
513.000 0.056
514.000 0.058
515.000 0.060
516.000 0.062
517.000 0.065
518.000 0.069
519.000 0.072
520.000 0.074
521.000 0.077
522.000 0.081
523.000 0.084
524.000 0.087
525.000 0.091
526.000 0.093
527.000 0.096
528.000 0.099
529.000 0.101
530.000 0.103
531.000 0.106
532.000 0.109
533.000 0.110
534.000 0.111
535.000 0.113
536.000 0.114
537.000 0.115
538.000 0.116
539.000 0.117
540.000 0.117
541.000 0.118
542.000 0.119
543.000 0.119
544.000 0.119
545.000 0.119
546.000 0.120
547.000 0.121
548.000 0.120
549.000 0.121
550.000 0.122
551.000 0.121
552.000 0.122
553.000 0.122
554.000 0.121
555.000 0.121
556.000 0.121
557.000 0.120
558.000 0.118
559.000 0.117
560.000 0.116
561.000 0.115
562.000 0.114
563.000 0.113
564.000 0.111
565.000 0.109
566.000 0.108
567.000 0.106
568.000 0.104
569.000 0.101
570.000 0.099
571.000 0.098
572.000 0.096
573.000 0.094
574.000 0.092
575.000 0.091
576.000 0.090
577.000 0.088
578.000 0.087
579.000 0.085
580.000 0.085
581.000 0.083
582.000 0.082
583.000 0.082
584.000 0.081
585.000 0.080
586.000 0.079
587.000 0.078
588.000 0.078
589.000 0.077
590.000 0.076
591.000 0.075
592.000 0.075
593.000 0.075
594.000 0.074
595.000 0.074
596.000 0.073
597.000 0.073
598.000 0.073
599.000 0.073
600.000 0.072
601.000 0.072
602.000 0.070
603.000 0.071
604.000 0.070
605.000 0.069
606.000 0.069
607.000 0.068
608.000 0.069
609.000 0.068
610.000 0.068
611.000 0.067
612.000 0.065
613.000 0.064
614.000 0.064
615.000 0.064
616.000 0.064
617.000 0.063
618.000 0.063
619.000 0.063
620.000 0.061
621.000 0.060
622.000 0.060
623.000 0.060
624.000 0.060
625.000 0.060
626.000 0.060
627.000 0.059
628.000 0.060
629.000 0.061
630.000 0.060
631.000 0.060
632.000 0.060
633.000 0.060
634.000 0.059
635.000 0.059
636.000 0.059
637.000 0.057
638.000 0.057
639.000 0.056
640.000 0.055
641.000 0.054
642.000 0.053
643.000 0.052
644.000 0.051
645.000 0.050
646.000 0.049
647.000 0.049
648.000 0.049
649.000 0.048
650.000 0.048
651.000 0.048
652.000 0.048
653.000 0.046
654.000 0.046
655.000 0.049
656.000 0.047
657.000 0.047
658.000 0.047
659.000 0.046
660.000 0.046
661.000 0.045
662.000 0.045
663.000 0.046
664.000 0.045
665.000 0.044
666.000 0.044
667.000 0.044
668.000 0.045
669.000 0.043
670.000 0.043
671.000 0.043
672.000 0.044
673.000 0.045
674.000 0.045
675.000 0.045
676.000 0.046
677.000 0.047
678.000 0.048
679.000 0.048
680.000 0.048
681.000 0.049
682.000 0.051
683.000 0.052
684.000 0.052
685.000 0.054
686.000 0.056
687.000 0.059
688.000 0.063
689.000 0.065
690.000 0.067
691.000 0.070
692.000 0.075
693.000 0.079
694.000 0.085
695.000 0.094
696.000 0.102
697.000 0.109
698.000 0.117
699.000 0.127
700.000 0.136
701.000 0.146
702.000 0.157
703.000 0.167
704.000 0.177
705.000 0.186
706.000 0.196
707.000 0.206
708.000 0.216
709.000 0.226
710.000 0.235
711.000 0.245
712.000 0.255
713.000 0.265
714.000 0.274
715.000 0.283
716.000 0.293
717.000 0.304
718.000 0.314
719.000 0.325
720.000 0.336
721.000 0.346
722.000 0.355
723.000 0.364
724.000 0.373
725.000 0.383
726.000 0.393
727.000 0.402
728.000 0.411
729.000 0.419
730.000 0.427
731.000 0.436
732.000 0.444
733.000 0.451
734.000 0.459
735.000 0.465
736.000 0.472
737.000 0.478
738.000 0.484
739.000 0.489
740.000 0.495
741.000 0.500
742.000 0.504
743.000 0.509
744.000 0.512
745.000 0.516
746.000 0.520
747.000 0.523
748.000 0.526
749.000 0.528
750.000 0.531
751.000 0.533
752.000 0.535
753.000 0.537
754.000 0.539
755.000 0.541
756.000 0.542
757.000 0.543
758.000 0.544
759.000 0.544
760.000 0.544
761.000 0.542
762.000 0.541
763.000 0.542
764.000 0.543
765.000 0.545
766.000 0.548
767.000 0.549
768.000 0.551
769.000 0.552
770.000 0.553
771.000 0.554
772.000 0.554
773.000 0.555
774.000 0.555
775.000 0.555
776.000 0.556
777.000 0.556
778.000 0.557
779.000 0.557
780.000 0.557
781.000 0.557
782.000 0.558
783.000 0.558
784.000 0.558
785.000 0.558
786.000 0.558
787.000 0.559
788.000 0.558
789.000 0.558
790.000 0.559
791.000 0.559
792.000 0.559
793.000 0.560
794.000 0.560
795.000 0.560
796.000 0.560
797.000 0.560
798.000 0.561
799.000 0.561
800.000 0.561
801.000 0.561
802.000 0.562
803.000 0.562
804.000 0.562
805.000 0.562
806.000 0.563
807.000 0.563
808.000 0.564
809.000 0.563
810.000 0.563
811.000 0.562
812.000 0.562
813.000 0.562
814.000 0.560
815.000 0.560
816.000 0.560
817.000 0.560
818.000 0.560
819.000 0.561
820.000 0.562
821.000 0.563
822.000 0.563
823.000 0.563
824.000 0.563
825.000 0.564
826.000 0.565
827.000 0.565
828.000 0.565
829.000 0.564
830.000 0.565
831.000 0.565
832.000 0.566
833.000 0.566
834.000 0.567
835.000 0.567
836.000 0.567
837.000 0.568
838.000 0.568
839.000 0.569
840.000 0.569
841.000 0.570
842.000 0.570
843.000 0.571
844.000 0.571
845.000 0.571
846.000 0.571
847.000 0.572
848.000 0.572
849.000 0.572
850.000 0.572
851.000 0.572
852.000 0.573
853.000 0.573
854.000 0.573
855.000 0.573
856.000 0.573
857.000 0.574
858.000 0.573
859.000 0.574
860.000 0.574
861.000 0.574
862.000 0.574
863.000 0.575
864.000 0.575
865.000 0.575
866.000 0.576
867.000 0.576
868.000 0.576
869.000 0.576
870.000 0.576
871.000 0.576
872.000 0.576
873.000 0.576
874.000 0.577
875.000 0.576
876.000 0.576
877.000 0.577
878.000 0.577
879.000 0.577
880.000 0.577
881.000 0.577
882.000 0.577
883.000 0.577
884.000 0.577
885.000 0.577
886.000 0.577
887.000 0.577
888.000 0.577
889.000 0.578
890.000 0.577
891.000 0.577
892.000 0.577
893.000 0.576
894.000 0.576
895.000 0.575
896.000 0.574
897.000 0.572
898.000 0.572
899.000 0.572
900.000 0.571
901.000 0.572
902.000 0.572
903.000 0.573
904.000 0.574
905.000 0.573
906.000 0.572
907.000 0.572
908.000 0.573
909.000 0.572
910.000 0.571
911.000 0.571
912.000 0.572
913.000 0.571
914.000 0.570
915.000 0.570
916.000 0.572
917.000 0.572
918.000 0.573
919.000 0.573
920.000 0.572
921.000 0.573
922.000 0.574
923.000 0.573
924.000 0.573
925.000 0.572
926.000 0.572
927.000 0.571
928.000 0.569
929.000 0.567
930.000 0.566
931.000 0.565
932.000 0.559
933.000 0.560
934.000 0.561
935.000 0.557
936.000 0.557
937.000 0.552
938.000 0.550
939.000 0.552
940.000 0.552
941.000 0.552
942.000 0.552
943.000 0.550
944.000 0.552
945.000 0.549
946.000 0.546
947.000 0.549
948.000 0.548
949.000 0.544
950.000 0.543
951.000 0.545
952.000 0.548
953.000 0.544
954.000 0.542
955.000 0.545
956.000 0.544
957.000 0.546
958.000 0.545
959.000 0.541
960.000 0.543
961.000 0.544
962.000 0.544
963.000 0.545
964.000 0.547
965.000 0.548
966.000 0.547
967.000 0.546
968.000 0.548
969.000 0.548
970.000 0.548
971.000 0.548
972.000 0.548
973.000 0.550
974.000 0.549
975.000 0.546
976.000 0.549
977.000 0.549
978.000 0.549
979.000 0.548
980.000 0.549
981.000 0.550
982.000 0.551
983.000 0.553
984.000 0.553
985.000 0.552
986.000 0.553
987.000 0.555
988.000 0.557
989.000 0.557
990.000 0.556
991.000 0.556
992.000 0.558
993.000 0.559
994.000 0.559
995.000 0.560
996.000 0.559
997.000 0.562
998.000 0.562
999.000 0.561
1000.000 0.562
1001.000 0.566
1002.000 0.566
1003.000 0.567
1004.000 0.568
1005.000 0.568
1006.000 0.569
1007.000 0.569
1008.000 0.568
1009.000 0.568
1010.000 0.569
1011.000 0.570
1012.000 0.570
1013.000 0.571
1014.000 0.571
1015.000 0.571
1016.000 0.572
1017.000 0.573
1018.000 0.574
1019.000 0.574
1020.000 0.574
1021.000 0.574
1022.000 0.574
1023.000 0.575
1024.000 0.575
1025.000 0.575
1026.000 0.576
1027.000 0.577
1028.000 0.578
1029.000 0.581
1030.000 0.582
1031.000 0.582
1032.000 0.583
1033.000 0.584
1034.000 0.585
1035.000 0.586
1036.000 0.586
1037.000 0.585
1038.000 0.585
1039.000 0.585
1040.000 0.586
1041.000 0.587
1042.000 0.587
1043.000 0.588
1044.000 0.588
1045.000 0.588
1046.000 0.589
1047.000 0.589
1048.000 0.590
1049.000 0.591
1050.000 0.591
1051.000 0.591
1052.000 0.591
1053.000 0.592
1054.000 0.592
1055.000 0.593
1056.000 0.593
1057.000 0.594
1058.000 0.594
1059.000 0.594
1060.000 0.594
1061.000 0.594
1062.000 0.594
1063.000 0.594
1064.000 0.595
1065.000 0.595
1066.000 0.596
1067.000 0.595
1068.000 0.594
1069.000 0.593
1070.000 0.593
1071.000 0.594
1072.000 0.594
1073.000 0.594
1074.000 0.594
1075.000 0.594
1076.000 0.594
1077.000 0.594
1078.000 0.594
1079.000 0.595
1080.000 0.594
1081.000 0.594
1082.000 0.593
1083.000 0.592
1084.000 0.593
1085.000 0.593
1086.000 0.593
1087.000 0.594
1088.000 0.594
1089.000 0.594
1090.000 0.594
1091.000 0.594
1092.000 0.595
1093.000 0.595
1094.000 0.594
1095.000 0.593
1096.000 0.592
1097.000 0.590
1098.000 0.589
1099.000 0.589
1100.000 0.588
1101.000 0.587
1102.000 0.586
1103.000 0.585
1104.000 0.584
1105.000 0.584
1106.000 0.584
1107.000 0.584
1108.000 0.584
1109.000 0.586
1110.000 0.585
1111.000 0.583
1112.000 0.582
1113.000 0.581
1114.000 0.578
1115.000 0.578
1116.000 0.577
1117.000 0.573
1118.000 0.572
1119.000 0.571
1120.000 0.571
1121.000 0.573
1122.000 0.572
1123.000 0.571
1124.000 0.567
1125.000 0.565
1126.000 0.560
1127.000 0.558
1128.000 0.559
1129.000 0.556
1130.000 0.555
1131.000 0.556
1132.000 0.557
1133.000 0.560
1134.000 0.559
1135.000 0.555
1136.000 0.551
1137.000 0.546
1138.000 0.543
1139.000 0.542
1140.000 0.541
1141.000 0.541
1142.000 0.542
1143.000 0.543
1144.000 0.543
1145.000 0.546
1146.000 0.544
1147.000 0.540
1148.000 0.538
1149.000 0.534
1150.000 0.530
1151.000 0.528
1152.000 0.525
1153.000 0.525
1154.000 0.525
1155.000 0.526
1156.000 0.528
1157.000 0.528
1158.000 0.528
1159.000 0.528
1160.000 0.527
1161.000 0.526
1162.000 0.526
1163.000 0.525
1164.000 0.525
1165.000 0.525
1166.000 0.525
1167.000 0.526
1168.000 0.526
1169.000 0.525
1170.000 0.525
1171.000 0.523
1172.000 0.524
1173.000 0.524
1174.000 0.525
1175.000 0.526
1176.000 0.526
1177.000 0.526
1178.000 0.526
1179.000 0.525
1180.000 0.524
1181.000 0.524
1182.000 0.523
1183.000 0.521
1184.000 0.522
1185.000 0.523
1186.000 0.524
1187.000 0.523
1188.000 0.524
1189.000 0.523
1190.000 0.522
1191.000 0.522
1192.000 0.523
1193.000 0.522
1194.000 0.523
1195.000 0.523
1196.000 0.522
1197.000 0.522
1198.000 0.523
1199.000 0.523
1200.000 0.524
1201.000 0.524
1202.000 0.524
1203.000 0.525
1204.000 0.525
1205.000 0.525
1206.000 0.525
1207.000 0.525
1208.000 0.525
1209.000 0.525
1210.000 0.526
1211.000 0.526
1212.000 0.526
1213.000 0.526
1214.000 0.527
1215.000 0.527
1216.000 0.527
1217.000 0.528
1218.000 0.529
1219.000 0.529
1220.000 0.530
1221.000 0.530
1222.000 0.530
1223.000 0.532
1224.000 0.532
1225.000 0.532
1226.000 0.533
1227.000 0.533
1228.000 0.533
1229.000 0.534
1230.000 0.534
1231.000 0.534
1232.000 0.535
1233.000 0.535
1234.000 0.535
1235.000 0.536
1236.000 0.537
1237.000 0.537
1238.000 0.538
1239.000 0.539
1240.000 0.539
1241.000 0.539
1242.000 0.539
1243.000 0.539
1244.000 0.540
1245.000 0.540
1246.000 0.541
1247.000 0.541
1248.000 0.542
1249.000 0.542
1250.000 0.541
1251.000 0.541
1252.000 0.541
1253.000 0.542
1254.000 0.542
1255.000 0.542
1256.000 0.542
1257.000 0.542
1258.000 0.542
1259.000 0.542
1260.000 0.542
1261.000 0.542
1262.000 0.543
1263.000 0.543
1264.000 0.542
1265.000 0.542
1266.000 0.542
1267.000 0.542
1268.000 0.543
1269.000 0.543
1270.000 0.544
1271.000 0.544
1272.000 0.544
1273.000 0.544
1274.000 0.544
1275.000 0.545
1276.000 0.545
1277.000 0.545
1278.000 0.545
1279.000 0.545
1280.000 0.545
1281.000 0.545
1282.000 0.545
1283.000 0.545
1284.000 0.545
1285.000 0.545
1286.000 0.544
1287.000 0.544
1288.000 0.544
1289.000 0.543
1290.000 0.543
1291.000 0.543
1292.000 0.542
1293.000 0.542
1294.000 0.541
1295.000 0.541
1296.000 0.539
1297.000 0.538
1298.000 0.537
1299.000 0.536
1300.000 0.535
1301.000 0.535
1302.000 0.535
1303.000 0.535
1304.000 0.534
1305.000 0.533
1306.000 0.531
1307.000 0.529
1308.000 0.528
1309.000 0.527
1310.000 0.525
1311.000 0.525
1312.000 0.524
1313.000 0.522
1314.000 0.521
1315.000 0.520
1316.000 0.518
1317.000 0.517
1318.000 0.516
1319.000 0.514
1320.000 0.510
1321.000 0.508
1322.000 0.504
1323.000 0.502
1324.000 0.501
1325.000 0.499
1326.000 0.500
1327.000 0.499
1328.000 0.499
1329.000 0.497
1330.000 0.494
1331.000 0.490
1332.000 0.485
1333.000 0.482
1334.000 0.478
1335.000 0.476
1336.000 0.478
1337.000 0.478
1338.000 0.481
1339.000 0.481
1340.000 0.479
1341.000 0.478
1342.000 0.475
1343.000 0.474
1344.000 0.474
1345.000 0.474
1346.000 0.476
1347.000 0.480
1348.000 0.485
1349.000 0.504
1350.000 0.518
1351.000 0.537
1352.000 0.558
1353.000 0.530
1354.000 0.543
1355.000 0.487
1356.000 0.468
1357.000 0.416
1358.000 0.384
1359.000 0.368
1360.000 0.371
1361.000 0.505
1362.000 0.464
1363.000 0.436
1364.000 0.455
1365.000 0.485
1366.000 0.530
1367.000 0.455
1368.000 0.452
1369.000 0.360
1370.000 0.382
1371.000 0.435
1372.000 0.434
1373.000 0.289
1374.000 0.330
1375.000 0.378
1376.000 0.382
1377.000 0.295
1378.000 0.116
1379.000 0.389
1380.000 0.471
1381.000 0.446
1382.000 0.399
1383.000 0.355
1384.000 0.475
1385.000 0.400
1386.000 0.423
1387.000 0.445
1388.000 0.484
1389.000 0.442
1390.000 0.531
1391.000 0.521
1392.000 0.534
1393.000 0.658
1394.000 0.561
1395.000 0.529
1396.000 0.502
1397.000 0.452
1398.000 0.394
1399.000 0.507
1400.000 0.588
1401.000 0.471
1402.000 0.420
1403.000 0.454
1404.000 0.346
1405.000 0.383
1406.000 0.372
1407.000 0.355
1408.000 0.368
1409.000 0.352
1410.000 0.390
1411.000 0.454
1412.000 0.496
1413.000 0.582
1414.000 0.586
1415.000 0.606
1416.000 0.484
1417.000 0.394
1418.000 0.392
1419.000 0.423
1420.000 0.364
1421.000 0.430
1422.000 0.410
1423.000 0.325
1424.000 0.310
1425.000 0.339
1426.000 0.319
1427.000 0.297
1428.000 0.294
1429.000 0.317
1430.000 0.283
1431.000 0.212
1432.000 0.191
1433.000 0.315
1434.000 0.383
1435.000 0.469
1436.000 0.456
1437.000 0.279
1438.000 0.209
1439.000 0.312
1440.000 0.280
1441.000 0.190
1442.000 0.240
1443.000 0.340
1444.000 0.286
1445.000 0.216
1446.000 0.201
1447.000 0.193
1448.000 0.184
1449.000 0.179
1450.000 0.181
1451.000 0.188
1452.000 0.199
1453.000 0.194
1454.000 0.209
1455.000 0.208
1456.000 0.204
1457.000 0.200
1458.000 0.192
1459.000 0.186
1460.000 0.178
1461.000 0.182
1462.000 0.189
1463.000 0.198
1464.000 0.207
1465.000 0.214
1466.000 0.222
1467.000 0.220
1468.000 0.218
1469.000 0.214
1470.000 0.204
1471.000 0.190
1472.000 0.170
1473.000 0.163
1474.000 0.158
1475.000 0.165
1476.000 0.201
1477.000 0.211
1478.000 0.202
1479.000 0.206
1480.000 0.200
1481.000 0.205
1482.000 0.218
1483.000 0.220
1484.000 0.213
1485.000 0.209
1486.000 0.200
1487.000 0.198
1488.000 0.199
1489.000 0.200
1490.000 0.202
1491.000 0.206
1492.000 0.217
1493.000 0.219
1494.000 0.222
1495.000 0.223
1496.000 0.215
1497.000 0.214
1498.000 0.218
1499.000 0.219
1500.000 0.220
1501.000 0.222
1502.000 0.221
1503.000 0.220
1504.000 0.222
1505.000 0.223
1506.000 0.224
1507.000 0.225
1508.000 0.228
1509.000 0.233
1510.000 0.234
1511.000 0.234
1512.000 0.235
1513.000 0.234
1514.000 0.234
1515.000 0.236
1516.000 0.238
1517.000 0.237
1518.000 0.239
1519.000 0.242
1520.000 0.244
1521.000 0.246
1522.000 0.249
1523.000 0.251
1524.000 0.252
1525.000 0.255
1526.000 0.255
1527.000 0.254
1528.000 0.255
1529.000 0.255
1530.000 0.256
1531.000 0.260
1532.000 0.263
1533.000 0.266
1534.000 0.268
1535.000 0.270
1536.000 0.271
1537.000 0.271
1538.000 0.273
1539.000 0.277
1540.000 0.278
1541.000 0.279
1542.000 0.280
1543.000 0.281
1544.000 0.282
1545.000 0.283
1546.000 0.285
1547.000 0.286
1548.000 0.287
1549.000 0.290
1550.000 0.292
1551.000 0.293
1552.000 0.293
1553.000 0.292
1554.000 0.293
1555.000 0.296
1556.000 0.298
1557.000 0.301
1558.000 0.303
1559.000 0.303
1560.000 0.304
1561.000 0.304
1562.000 0.305
1563.000 0.307
1564.000 0.308
1565.000 0.307
1566.000 0.308
1567.000 0.309
1568.000 0.311
1569.000 0.314
1570.000 0.317
1571.000 0.319
1572.000 0.322
1573.000 0.324
1574.000 0.325
1575.000 0.324
1576.000 0.324
1577.000 0.326
1578.000 0.327
1579.000 0.330
1580.000 0.332
1581.000 0.331
1582.000 0.331
1583.000 0.331
1584.000 0.331
1585.000 0.331
1586.000 0.331
1587.000 0.333
1588.000 0.334
1589.000 0.336
1590.000 0.337
1591.000 0.340
1592.000 0.341
1593.000 0.342
1594.000 0.344
1595.000 0.346
1596.000 0.347
1597.000 0.349
1598.000 0.349
1599.000 0.349
1600.000 0.349
1601.000 0.349
1602.000 0.349
1603.000 0.348
1604.000 0.349
1605.000 0.348
1606.000 0.349
1607.000 0.352
1608.000 0.354
1609.000 0.355
1610.000 0.356
1611.000 0.355
1612.000 0.354
1613.000 0.353
1614.000 0.353
1615.000 0.354
1616.000 0.355
1617.000 0.355
1618.000 0.356
1619.000 0.357
1620.000 0.358
1621.000 0.358
1622.000 0.359
1623.000 0.361
1624.000 0.361
1625.000 0.362
1626.000 0.363
1627.000 0.365
1628.000 0.366
1629.000 0.368
1630.000 0.370
1631.000 0.371
1632.000 0.372
1633.000 0.374
1634.000 0.374
1635.000 0.372
1636.000 0.372
1637.000 0.372
1638.000 0.373
1639.000 0.374
1640.000 0.375
1641.000 0.376
1642.000 0.377
1643.000 0.376
1644.000 0.376
1645.000 0.377
1646.000 0.378
1647.000 0.381
1648.000 0.382
1649.000 0.380
1650.000 0.380
1651.000 0.380
1652.000 0.379
1653.000 0.382
1654.000 0.382
1655.000 0.379
1656.000 0.379
1657.000 0.380
1658.000 0.380
1659.000 0.379
1660.000 0.381
1661.000 0.383
1662.000 0.383
1663.000 0.385
1664.000 0.386
1665.000 0.382
1666.000 0.382
1667.000 0.383
1668.000 0.383
1669.000 0.385
1670.000 0.385
1671.000 0.384
1672.000 0.384
1673.000 0.385
1674.000 0.386
1675.000 0.386
1676.000 0.386
1677.000 0.384
1678.000 0.383
1679.000 0.382
1680.000 0.381
1681.000 0.381
1682.000 0.381
1683.000 0.382
1684.000 0.382
1685.000 0.380
1686.000 0.381
1687.000 0.383
1688.000 0.382
1689.000 0.382
1690.000 0.382
1691.000 0.379
1692.000 0.378
1693.000 0.380
1694.000 0.381
1695.000 0.384
1696.000 0.384
1697.000 0.383
1698.000 0.383
1699.000 0.379
1700.000 0.379
1701.000 0.382
1702.000 0.380
1703.000 0.378
1704.000 0.376
1705.000 0.374
1706.000 0.375
1707.000 0.379
1708.000 0.381
1709.000 0.381
1710.000 0.380
1711.000 0.377
1712.000 0.373
1713.000 0.372
1714.000 0.370
1715.000 0.372
1716.000 0.373
1717.000 0.371
1718.000 0.370
1719.000 0.369
1720.000 0.370
1721.000 0.374
1722.000 0.374
1723.000 0.373
1724.000 0.371
1725.000 0.368
1726.000 0.369
1727.000 0.370
1728.000 0.368
1729.000 0.369
1730.000 0.366
1731.000 0.363
1732.000 0.361
1733.000 0.356
1734.000 0.354
1735.000 0.355
1736.000 0.357
1737.000 0.358
1738.000 0.362
1739.000 0.363
1740.000 0.362
1741.000 0.362
1742.000 0.360
1743.000 0.360
1744.000 0.359
1745.000 0.358
1746.000 0.356
1747.000 0.357
1748.000 0.361
1749.000 0.360
1750.000 0.357
1751.000 0.354
1752.000 0.347
1753.000 0.345
1754.000 0.346
1755.000 0.347
1756.000 0.352
1757.000 0.354
1758.000 0.359
1759.000 0.355
1760.000 0.350
1761.000 0.349
1762.000 0.345
1763.000 0.345
1764.000 0.347
1765.000 0.347
1766.000 0.348
1767.000 0.351
1768.000 0.353
1769.000 0.352
1770.000 0.351
1771.000 0.351
1772.000 0.346
1773.000 0.339
1774.000 0.335
1775.000 0.335
1776.000 0.329
1777.000 0.328
1778.000 0.337
1779.000 0.344
1780.000 0.354
1781.000 0.365
1782.000 0.372
1783.000 0.367
1784.000 0.362
1785.000 0.350
1786.000 0.341
1787.000 0.328
1788.000 0.320
1789.000 0.312
1790.000 0.313
1791.000 0.322
1792.000 0.346
1793.000 0.372
1794.000 0.388
1795.000 0.389
1796.000 0.446
1797.000 0.441
1798.000 0.463
1799.000 0.477
1800.000 0.353
1801.000 0.426
1802.000 0.455
1803.000 0.461
1804.000 0.632
1805.000 0.694
1806.000 0.700
1807.000 0.655
1808.000 0.588
1809.000 0.591
1810.000 0.620
1811.000 0.571
1812.000 0.507
1813.000 0.447
1814.000 0.538
1815.000 0.645
1816.000 0.674
1817.000 0.733
1818.000 0.687
1819.000 0.416
1820.000 0.496
1821.000 0.422
1822.000 0.491
1823.000 0.444
1824.000 0.451
1825.000 0.437
1826.000 0.524
1827.000 0.442
1828.000 0.526
1829.000 0.558
1830.000 0.361
1831.000 0.286
1832.000 0.282
1833.000 0.363
1834.000 0.459
1835.000 0.585
1836.000 0.456
1837.000 0.398
1838.000 0.409
1839.000 0.377
1840.000 0.372
1841.000 0.481
1842.000 0.631
1843.000 0.415
1844.000 0.482
1845.000 0.438
1846.000 0.562
1847.000 0.374
1848.000 0.484
1849.000 0.443
1850.000 0.390
1851.000 0.361
1852.000 0.285
1853.000 0.487
1854.000 0.495
1855.000 0.415
1856.000 0.370
1857.000 0.326
1858.000 0.395
1859.000 0.298
1860.000 0.299
1861.000 0.306
1862.000 0.275
1863.000 0.269
1864.000 0.310
1865.000 0.457
1866.000 0.565
1867.000 0.510
1868.000 0.562
1869.000 0.616
1870.000 0.560
1871.000 0.547
1872.000 0.284
1873.000 0.245
1874.000 0.307
1875.000 0.280
1876.000 0.164
1877.000 0.105
1878.000 0.274
1879.000 0.518
1880.000 0.485
1881.000 0.429
1882.000 0.509
1883.000 0.583
1884.000 0.482
1885.000 0.402
1886.000 0.661
1887.000 0.601
1888.000 0.538
1889.000 0.459
1890.000 0.386
1891.000 0.251
1892.000 0.299
1893.000 0.181
1894.000 0.339
1895.000 0.531
1896.000 0.537
1897.000 0.471
1898.000 0.439
1899.000 0.279
1900.000 0.236
1901.000 0.471
1902.000 0.485
1903.000 0.423
1904.000 0.399
1905.000 0.410
1906.000 0.384
1907.000 0.358
1908.000 0.300
1909.000 0.260
1910.000 0.277
1911.000 0.301
1912.000 0.445
1913.000 0.450
1914.000 0.455
1915.000 0.455
1916.000 0.572
1917.000 0.559
1918.000 0.535
1919.000 0.501
1920.000 0.572
1921.000 0.608
1922.000 0.612
1923.000 0.576
1924.000 0.372
1925.000 0.445
1926.000 0.461
1927.000 0.438
1928.000 0.516
1929.000 0.506
1930.000 0.475
1931.000 0.707
1932.000 0.593
1933.000 0.598
1934.000 0.398
1935.000 0.413
1936.000 0.416
1937.000 0.198
1938.000 0.307
1939.000 0.535
1940.000 0.729
1941.000 0.449
1942.000 0.363
1943.000 0.540
1944.000 0.671
1945.000 0.647
1946.000 0.473
1947.000 0.589
1948.000 0.370
1949.000 0.345
1950.000 0.377
1951.000 0.784
1952.000 0.679
1953.000 0.466
1954.000 0.443
1955.000 0.437
1956.000 0.447
1957.000 0.606
1958.000 0.620
1959.000 0.569
1960.000 0.376
1961.000 0.373
1962.000 0.309
1963.000 0.287
1964.000 0.334
1965.000 0.262
1966.000 0.255
1967.000 0.280
1968.000 0.276
1969.000 0.292
1970.000 0.388
1971.000 0.387
1972.000 0.319
1973.000 0.371
1974.000 0.309
1975.000 0.250
1976.000 0.356
1977.000 0.341
1978.000 0.245
1979.000 0.287
1980.000 0.354
1981.000 0.331
1982.000 0.274
1983.000 0.223
1984.000 0.413
1985.000 0.296
1986.000 0.254
1987.000 0.209
1988.000 0.201
1989.000 0.181
1990.000 0.179
1991.000 0.171
1992.000 0.184
1993.000 0.187
1994.000 0.260
1995.000 0.253
1996.000 0.252
1997.000 0.250
1998.000 0.267
1999.000 0.273
2000.000 0.336
2001.000 0.360
2002.000 0.363
2003.000 0.345
2004.000 0.358
2005.000 0.282
2006.000 0.214
2007.000 0.285
2008.000 0.339
2009.000 0.292
2010.000 0.383
2011.000 0.386
2012.000 0.402
2013.000 0.311
2014.000 0.304
2015.000 0.303
2016.000 0.290
2017.000 0.285
2018.000 0.251
2019.000 0.196
2020.000 0.230
2021.000 0.196
2022.000 0.186
2023.000 0.230
2024.000 0.282
2025.000 0.293
2026.000 0.290
2027.000 0.269
2028.000 0.228
2029.000 0.207
2030.000 0.189
2031.000 0.174
2032.000 0.185
2033.000 0.183
2034.000 0.179
2035.000 0.173
2036.000 0.170
2037.000 0.156
2038.000 0.146
2039.000 0.143
2040.000 0.150
2041.000 0.180
2042.000 0.192
2043.000 0.197
2044.000 0.206
2045.000 0.212
2046.000 0.220
2047.000 0.232
2048.000 0.244
2049.000 0.273
2050.000 0.279
2051.000 0.279
2052.000 0.289
2053.000 0.267
2054.000 0.272
2055.000 0.286
2056.000 0.270
2057.000 0.256
2058.000 0.215
2059.000 0.216
2060.000 0.210
2061.000 0.214
2062.000 0.238
2063.000 0.245
2064.000 0.250
2065.000 0.235
2066.000 0.207
2067.000 0.180
2068.000 0.174
2069.000 0.175
2070.000 0.185
2071.000 0.198
2072.000 0.198
2073.000 0.202
2074.000 0.192
2075.000 0.168
2076.000 0.156
2077.000 0.149
2078.000 0.144
2079.000 0.150
2080.000 0.155
2081.000 0.168
2082.000 0.174
2083.000 0.179
2084.000 0.182
2085.000 0.162
2086.000 0.156
2087.000 0.159
2088.000 0.168
2089.000 0.179
2090.000 0.215
2091.000 0.225
2092.000 0.215
2093.000 0.216
2094.000 0.205
2095.000 0.206
2096.000 0.224
2097.000 0.229
2098.000 0.232
2099.000 0.229
2100.000 0.222
2101.000 0.198
2102.000 0.187
2103.000 0.183
2104.000 0.181
2105.000 0.187
2106.000 0.194
2107.000 0.206
2108.000 0.210
2109.000 0.215
2110.000 0.216
2111.000 0.207
2112.000 0.209
2113.000 0.215
2114.000 0.218
2115.000 0.224
2116.000 0.231
2117.000 0.234
2118.000 0.240
2119.000 0.243
2120.000 0.255
2121.000 0.251
2122.000 0.232
2123.000 0.222
2124.000 0.205
2125.000 0.202
2126.000 0.205
2127.000 0.213
2128.000 0.235
2129.000 0.240
2130.000 0.241
2131.000 0.242
2132.000 0.233
2133.000 0.229
2134.000 0.230
2135.000 0.231
2136.000 0.231
2137.000 0.233
2138.000 0.235
2139.000 0.240
2140.000 0.249
2141.000 0.260
2142.000 0.263
2143.000 0.263
2144.000 0.258
2145.000 0.243
2146.000 0.234
2147.000 0.222
2148.000 0.213
2149.000 0.198
2150.000 0.198
2151.000 0.204
2152.000 0.209
2153.000 0.226
2154.000 0.238
2155.000 0.245
2156.000 0.255
2157.000 0.262
2158.000 0.262
2159.000 0.259
2160.000 0.249
2161.000 0.244
2162.000 0.234
2163.000 0.231
2164.000 0.230
2165.000 0.229
2166.000 0.232
2167.000 0.233
2168.000 0.232
2169.000 0.233
2170.000 0.238
2171.000 0.240
2172.000 0.246
2173.000 0.245
2174.000 0.234
2175.000 0.235
2176.000 0.245
2177.000 0.242
2178.000 0.249
2179.000 0.260
2180.000 0.246
2181.000 0.240
2182.000 0.243
2183.000 0.234
2184.000 0.237
2185.000 0.252
2186.000 0.253
2187.000 0.251
2188.000 0.252
2189.000 0.241
2190.000 0.239
2191.000 0.237
2192.000 0.237
2193.000 0.244
2194.000 0.247
2195.000 0.251
2196.000 0.254
2197.000 0.253
2198.000 0.250
2199.000 0.239
2200.000 0.237
2201.000 0.238
2202.000 0.233
2203.000 0.238
2204.000 0.240
2205.000 0.229
2206.000 0.222
2207.000 0.213
2208.000 0.207
2209.000 0.207
2210.000 0.217
2211.000 0.220
2212.000 0.226
2213.000 0.230
2214.000 0.232
2215.000 0.239
2216.000 0.254
2217.000 0.258
2218.000 0.256
2219.000 0.253
2220.000 0.240
2221.000 0.235
2222.000 0.237
2223.000 0.238
2224.000 0.250
2225.000 0.250
2226.000 0.246
2227.000 0.232
2228.000 0.215
2229.000 0.211
2230.000 0.204
2231.000 0.207
2232.000 0.209
2233.000 0.203
2234.000 0.213
2235.000 0.224
2236.000 0.232
2237.000 0.247
2238.000 0.254
2239.000 0.252
2240.000 0.250
2241.000 0.247
2242.000 0.236
2243.000 0.211
2244.000 0.206
2245.000 0.203
2246.000 0.218
2247.000 0.237
2248.000 0.246
2249.000 0.251
2250.000 0.254
2251.000 0.241
2252.000 0.237
2253.000 0.234
2254.000 0.232
2255.000 0.235
2256.000 0.230
2257.000 0.218
2258.000 0.204
2259.000 0.197
2260.000 0.188
2261.000 0.195
2262.000 0.210
2263.000 0.217
2264.000 0.236
2265.000 0.245
2266.000 0.234
2267.000 0.224
2268.000 0.217
2269.000 0.200
2270.000 0.200
2271.000 0.208
2272.000 0.194
2273.000 0.192
2274.000 0.196
2275.000 0.202
2276.000 0.219
2277.000 0.223
2278.000 0.235
2279.000 0.228
2280.000 0.195
2281.000 0.189
2282.000 0.184
2283.000 0.192
2284.000 0.229
2285.000 0.236
2286.000 0.218
2287.000 0.211
2288.000 0.220
2289.000 0.219
2290.000 0.249
2291.000 0.252
2292.000 0.202
2293.000 0.205
2294.000 0.202
2295.000 0.209
2296.000 0.248
2297.000 0.292
2298.000 0.290
2299.000 0.289
2300.000 0.234
2301.000 0.219
2302.000 0.207
2303.000 0.163
2304.000 0.153
2305.000 0.158
2306.000 0.174
2307.000 0.190
2308.000 0.211
2309.000 0.227
2310.000 0.226
2311.000 0.190
2312.000 0.188
2313.000 0.220
2314.000 0.246
2315.000 0.231
2316.000 0.326
2317.000 0.303
2318.000 0.289
2319.000 0.284
2320.000 0.212
2321.000 0.195
2322.000 0.183
2323.000 0.210
2324.000 0.211
2325.000 0.213
2326.000 0.218
2327.000 0.177
2328.000 0.175
2329.000 0.184
2330.000 0.169
2331.000 0.202
2332.000 0.226
2333.000 0.164
2334.000 0.184
2335.000 0.214
2336.000 0.228
2337.000 0.296
2338.000 0.305
2339.000 0.242
2340.000 0.242
2341.000 0.199
2342.000 0.189
2343.000 0.213
2344.000 0.210
2345.000 0.159
2346.000 0.166
2347.000 0.187
2348.000 0.182
2349.000 0.158
2350.000 0.180
2351.000 0.217
2352.000 0.256
2353.000 0.292
2354.000 0.497
2355.000 0.316
2356.000 0.349
2357.000 0.250
2358.000 0.391
2359.000 0.304
2360.000 0.276
2361.000 0.208
2362.000 0.213
2363.000 0.227
2364.000 0.186
2365.000 0.218
2366.000 0.226
2367.000 0.291
2368.000 0.223
2369.000 0.206
2370.000 0.186
2371.000 0.148
2372.000 0.136
2373.000 0.203
2374.000 0.246
2375.000 0.156
2376.000 0.213
2377.000 0.274
2378.000 0.454
2379.000 0.466
2380.000 0.474
2381.000 0.441
2382.000 0.410
2383.000 0.319
2384.000 0.415
2385.000 0.234
2386.000 0.281
2387.000 0.320
2388.000 0.425
2389.000 0.508
2390.000 0.533
2391.000 0.672
2392.000 0.481
2393.000 0.259
2394.000 0.240
2395.000 0.304
2396.000 0.201
2397.000 0.348
2398.000 0.452
2399.000 0.338
2400.000 0.310
2401.000 0.297
2402.000 0.320
2403.000 0.293
2404.000 0.237
2405.000 0.348
2406.000 0.350
2407.000 0.328
2408.000 0.307
2409.000 0.347
2410.000 0.365
2411.000 0.473
2412.000 0.518
2413.000 0.496
2414.000 0.411
2415.000 0.178
2416.000 0.405
2417.000 0.529
2418.000 0.492
2419.000 0.496
2420.000 0.531
2421.000 0.371
2422.000 0.503
2423.000 0.528
2424.000 0.643
2425.000 0.377
2426.000 0.324
2427.000 0.315
2428.000 0.333
2429.000 0.303
2430.000 0.266
2431.000 0.344
2432.000 0.193
2433.000 0.210
2434.000 0.250
2435.000 0.343
2436.000 0.349
2437.000 0.433
2438.000 0.349
2439.000 0.471
2440.000 0.414
2441.000 0.420
2442.000 0.373
2443.000 0.338
2444.000 0.508
2445.000 0.578
2446.000 0.604
2447.000 0.491
2448.000 0.338
2449.000 0.336
2450.000 0.628
2451.000 0.616
2452.000 0.398
2453.000 0.492
2454.000 0.608
2455.000 0.486
2456.000 0.759
2457.000 0.582
2458.000 0.856
2459.000 0.801
2460.000 0.702
2461.000 0.691
2462.000 0.607
2463.000 0.569
2464.000 0.430
2465.000 0.439
2466.000 0.303
2467.000 0.243
2468.000 0.171
2469.000 0.358
2470.000 0.441
2471.000 0.401
2472.000 0.377
2473.000 0.211
2474.000 0.241
2475.000 0.337
2476.000 0.395
2477.000 0.453
2478.000 0.416
2479.000 0.439
2480.000 0.515
2481.000 0.645
2482.000 0.593
2483.000 0.511
2484.000 0.432
2485.000 0.421
2486.000 0.400
2487.000 0.629
2488.000 0.541
2489.000 0.468
2490.000 0.492
2491.000 0.418
2492.000 0.351
2493.000 0.331
2494.000 0.382
2495.000 0.398
2496.000 0.384
2497.000 0.385
2498.000 0.494
2499.000 0.512
2500.000 0.601
