391.000 0.088
392.000 0.079
393.000 0.070
394.000 0.067
395.000 0.076
396.000 0.081
397.000 0.080
398.000 0.089
399.000 0.088
400.000 0.090
401.000 0.100
402.000 0.098
403.000 0.095
404.000 0.095
405.000 0.096
406.000 0.094
407.000 0.097
408.000 0.102
409.000 0.100
410.000 0.096
411.000 0.098
412.000 0.104
413.000 0.102
414.000 0.104
415.000 0.107
416.000 0.108
417.000 0.107
418.000 0.108
419.000 0.111
420.000 0.116
421.000 0.114
422.000 0.111
423.000 0.111
424.000 0.113
425.000 0.111
426.000 0.110
427.000 0.113
428.000 0.117
429.000 0.115
430.000 0.113
431.000 0.123
432.000 0.121
433.000 0.120
434.000 0.125
435.000 0.124
436.000 0.124
437.000 0.123
438.000 0.121
439.000 0.125
440.000 0.129
441.000 0.129
442.000 0.127
443.000 0.129
444.000 0.134
445.000 0.136
446.000 0.132
447.000 0.132
448.000 0.135
449.000 0.139
450.000 0.137
451.000 0.137
452.000 0.140
453.000 0.142
454.000 0.142
455.000 0.141
456.000 0.140
457.000 0.142
458.000 0.143
459.000 0.144
460.000 0.145
461.000 0.147
462.000 0.146
463.000 0.146
464.000 0.147
465.000 0.145
466.000 0.146
467.000 0.150
468.000 0.150
469.000 0.153
470.000 0.156
471.000 0.160
472.000 0.155
473.000 0.153
474.000 0.156
475.000 0.157
476.000 0.160
477.000 0.163
478.000 0.165
479.000 0.164
480.000 0.163
481.000 0.164
482.000 0.165
483.000 0.169
484.000 0.171
485.000 0.171
486.000 0.171
487.000 0.171
488.000 0.169
489.000 0.168
490.000 0.170
491.000 0.173
492.000 0.174
493.000 0.172
494.000 0.176
495.000 0.180
496.000 0.179
497.000 0.179
498.000 0.178
499.000 0.179
500.000 0.179
501.000 0.182
502.000 0.184
503.000 0.185
504.000 0.184
505.000 0.180
506.000 0.179
507.000 0.181
508.000 0.181
509.000 0.181
510.000 0.181
511.000 0.180
512.000 0.180
513.000 0.179
514.000 0.180
515.000 0.179
516.000 0.177
517.000 0.175
518.000 0.176
519.000 0.176
520.000 0.176
521.000 0.175
522.000 0.174
523.000 0.173
524.000 0.173
525.000 0.174
526.000 0.173
527.000 0.171
528.000 0.171
529.000 0.173
530.000 0.171
531.000 0.171
532.000 0.171
533.000 0.171
534.000 0.171
535.000 0.172
536.000 0.172
537.000 0.172
538.000 0.172
539.000 0.173
540.000 0.175
541.000 0.175
542.000 0.176
543.000 0.177
544.000 0.177
545.000 0.177
546.000 0.178
547.000 0.178
548.000 0.179
549.000 0.180
550.000 0.180
551.000 0.181
552.000 0.182
553.000 0.181
554.000 0.182
555.000 0.184
556.000 0.187
557.000 0.187
558.000 0.188
559.000 0.188
560.000 0.189
561.000 0.191
562.000 0.192
563.000 0.194
564.000 0.195
565.000 0.196
566.000 0.199
567.000 0.200
568.000 0.202
569.000 0.205
570.000 0.207
571.000 0.208
572.000 0.210
573.000 0.213
574.000 0.215
575.000 0.216
576.000 0.218
577.000 0.220
578.000 0.221
579.000 0.223
580.000 0.227
581.000 0.227
582.000 0.228
583.000 0.231
584.000 0.232
585.000 0.236
586.000 0.239
587.000 0.239
588.000 0.240
589.000 0.242
590.000 0.242
591.000 0.244
592.000 0.246
593.000 0.247
594.000 0.249
595.000 0.249
596.000 0.251
597.000 0.254
598.000 0.255
599.000 0.255
600.000 0.256
601.000 0.256
602.000 0.257
603.000 0.260
604.000 0.263
605.000 0.264
606.000 0.265
607.000 0.267
608.000 0.270
609.000 0.271
610.000 0.274
611.000 0.277
612.000 0.278
613.000 0.278
614.000 0.280
615.000 0.284
616.000 0.288
617.000 0.290
618.000 0.293
619.000 0.297
620.000 0.299
621.000 0.298
622.000 0.299
623.000 0.304
624.000 0.306
625.000 0.309
626.000 0.310
627.000 0.313
628.000 0.314
629.000 0.315
630.000 0.318
631.000 0.319
632.000 0.320
633.000 0.323
634.000 0.326
635.000 0.326
636.000 0.328
637.000 0.330
638.000 0.331
639.000 0.338
640.000 0.345
641.000 0.346
642.000 0.352
643.000 0.356
644.000 0.358
645.000 0.362
646.000 0.364
647.000 0.367
648.000 0.376
649.000 0.380
650.000 0.383
651.000 0.386
652.000 0.388
653.000 0.392
654.000 0.395
655.000 0.397
656.000 0.398
657.000 0.401
658.000 0.407
659.000 0.414
660.000 0.417
661.000 0.421
662.000 0.425
663.000 0.431
664.000 0.435
665.000 0.440
666.000 0.444
667.000 0.448
668.000 0.455
669.000 0.461
670.000 0.465
671.000 0.468
672.000 0.472
673.000 0.474
674.000 0.474
675.000 0.477
676.000 0.479
677.000 0.481
678.000 0.488
679.000 0.491
680.000 0.489
681.000 0.486
682.000 0.486
683.000 0.488
684.000 0.488
685.000 0.483
686.000 0.476
687.000 0.469
688.000 0.461
689.000 0.458
690.000 0.447
691.000 0.430
692.000 0.417
693.000 0.405
694.000 0.393
695.000 0.381
696.000 0.367
697.000 0.356
698.000 0.346
699.000 0.336
700.000 0.329
701.000 0.322
702.000 0.313
703.000 0.306
704.000 0.301
705.000 0.296
706.000 0.292
707.000 0.288
708.000 0.285
709.000 0.282
710.000 0.278
711.000 0.276
712.000 0.274
713.000 0.273
714.000 0.272
715.000 0.270
716.000 0.269
717.000 0.269
718.000 0.268
719.000 0.268
720.000 0.266
721.000 0.264
722.000 0.263
723.000 0.263
724.000 0.263
725.000 0.263
726.000 0.262
727.000 0.262
728.000 0.261
729.000 0.261
730.000 0.261
731.000 0.259
732.000 0.259
733.000 0.258
734.000 0.258
735.000 0.257
736.000 0.258
737.000 0.258
738.000 0.258
739.000 0.258
740.000 0.259
741.000 0.259
742.000 0.259
743.000 0.259
744.000 0.259
745.000 0.260
746.000 0.260
747.000 0.261
748.000 0.262
749.000 0.262
750.000 0.261
751.000 0.262
752.000 0.263
753.000 0.264
754.000 0.264
755.000 0.264
756.000 0.265
757.000 0.266
758.000 0.267
759.000 0.268
760.000 0.270
761.000 0.274
762.000 0.276
763.000 0.276
764.000 0.276
765.000 0.276
766.000 0.275
767.000 0.275
768.000 0.275
769.000 0.276
770.000 0.276
771.000 0.276
772.000 0.277
773.000 0.278
774.000 0.279
775.000 0.280
776.000 0.280
777.000 0.281
778.000 0.281
779.000 0.282
780.000 0.283
781.000 0.283
782.000 0.284
783.000 0.285
784.000 0.286
785.000 0.287
786.000 0.288
787.000 0.289
788.000 0.290
789.000 0.291
790.000 0.292
791.000 0.293
792.000 0.293
793.000 0.293
794.000 0.294
795.000 0.295
796.000 0.296
797.000 0.297
798.000 0.298
799.000 0.298
800.000 0.299
801.000 0.300
802.000 0.301
803.000 0.301
804.000 0.302
805.000 0.303
806.000 0.303
807.000 0.304
808.000 0.305
809.000 0.306
810.000 0.307
811.000 0.308
812.000 0.309
813.000 0.311
814.000 0.312
815.000 0.314
816.000 0.315
817.000 0.316
818.000 0.316
819.000 0.316
820.000 0.317
821.000 0.318
822.000 0.318
823.000 0.319
824.000 0.320
825.000 0.320
826.000 0.320
827.000 0.321
828.000 0.322
829.000 0.323
830.000 0.323
831.000 0.324
832.000 0.324
833.000 0.325
834.000 0.325
835.000 0.326
836.000 0.326
837.000 0.326
838.000 0.326
839.000 0.327
840.000 0.328
841.000 0.328
842.000 0.328
843.000 0.329
844.000 0.329
845.000 0.330
846.000 0.330
847.000 0.331
848.000 0.331
849.000 0.332
850.000 0.333
851.000 0.333
852.000 0.334
853.000 0.335
854.000 0.335
855.000 0.335
856.000 0.336
857.000 0.337
858.000 0.337
859.000 0.338
860.000 0.338
861.000 0.338
862.000 0.339
863.000 0.339
864.000 0.340
865.000 0.341
866.000 0.341
867.000 0.341
868.000 0.342
869.000 0.343
870.000 0.343
871.000 0.344
872.000 0.344
873.000 0.345
874.000 0.345
875.000 0.346
876.000 0.346
877.000 0.347
878.000 0.347
879.000 0.348
880.000 0.349
881.000 0.350
882.000 0.351
883.000 0.351
884.000 0.352
885.000 0.352
886.000 0.353
887.000 0.353
888.000 0.354
889.000 0.355
890.000 0.356
891.000 0.357
892.000 0.358
893.000 0.359
894.000 0.361
895.000 0.362
896.000 0.363
897.000 0.365
898.000 0.365
899.000 0.366
900.000 0.368
901.000 0.369
902.000 0.369
903.000 0.369
904.000 0.371
905.000 0.370
906.000 0.371
907.000 0.371
908.000 0.372
909.000 0.373
910.000 0.374
911.000 0.374
912.000 0.376
913.000 0.377
914.000 0.377
915.000 0.379
916.000 0.379
917.000 0.379
918.000 0.379
919.000 0.379
920.000 0.380
921.000 0.380
922.000 0.380
923.000 0.381
924.000 0.381
925.000 0.382
926.000 0.384
927.000 0.385
928.000 0.385
929.000 0.387
930.000 0.384
931.000 0.385
932.000 0.385
933.000 0.387
934.000 0.389
935.000 0.391
936.000 0.393
937.000 0.392
938.000 0.393
939.000 0.396
940.000 0.397
941.000 0.397
942.000 0.397
943.000 0.395
944.000 0.396
945.000 0.398
946.000 0.401
947.000 0.403
948.000 0.401
949.000 0.399
950.000 0.400
951.000 0.403
952.000 0.403
953.000 0.403
954.000 0.405
955.000 0.407
956.000 0.405
957.000 0.403
958.000 0.403
959.000 0.403
960.000 0.403
961.000 0.405
962.000 0.407
963.000 0.408
964.000 0.406
965.000 0.407
966.000 0.407
967.000 0.407
968.000 0.408
969.000 0.408
970.000 0.407
971.000 0.406
972.000 0.409
973.000 0.409
974.000 0.408
975.000 0.409
976.000 0.408
977.000 0.410
978.000 0.412
979.000 0.411
980.000 0.410
981.000 0.410
982.000 0.411
983.000 0.412
984.000 0.410
985.000 0.409
986.000 0.408
987.000 0.408
988.000 0.414
989.000 0.412
990.000 0.410
991.000 0.412
992.000 0.411
993.000 0.410
994.000 0.410
995.000 0.412
996.000 0.414
997.000 0.414
998.000 0.413
999.000 0.413
1000.000 0.413
1001.000 0.415
1002.000 0.415
1003.000 0.416
1004.000 0.417
1005.000 0.418
1006.000 0.418
1007.000 0.418
1008.000 0.419
1009.000 0.419
1010.000 0.419
1011.000 0.419
1012.000 0.419
1013.000 0.420
1014.000 0.420
1015.000 0.420
1016.000 0.421
1017.000 0.421
1018.000 0.421
1019.000 0.421
1020.000 0.421
1021.000 0.422
1022.000 0.423
1023.000 0.424
1024.000 0.424
1025.000 0.423
1026.000 0.423
1027.000 0.423
1028.000 0.424
1029.000 0.425
1030.000 0.426
1031.000 0.427
1032.000 0.427
1033.000 0.426
1034.000 0.426
1035.000 0.427
1036.000 0.427
1037.000 0.427
1038.000 0.427
1039.000 0.427
1040.000 0.426
1041.000 0.428
1042.000 0.429
1043.000 0.429
1044.000 0.430
1045.000 0.430
1046.000 0.430
1047.000 0.430
1048.000 0.430
1049.000 0.430
1050.000 0.430
1051.000 0.430
1052.000 0.430
1053.000 0.431
1054.000 0.432
1055.000 0.432
1056.000 0.433
1057.000 0.434
1058.000 0.434
1059.000 0.435
1060.000 0.435
1061.000 0.434
1062.000 0.434
1063.000 0.433
1064.000 0.433
1065.000 0.434
1066.000 0.435
1067.000 0.436
1068.000 0.436
1069.000 0.437
1070.000 0.437
1071.000 0.437
1072.000 0.438
1073.000 0.438
1074.000 0.437
1075.000 0.438
1076.000 0.439
1077.000 0.439
1078.000 0.440
1079.000 0.440
1080.000 0.439
1081.000 0.440
1082.000 0.441
1083.000 0.441
1084.000 0.442
1085.000 0.443
1086.000 0.443
1087.000 0.443
1088.000 0.444
1089.000 0.444
1090.000 0.444
1091.000 0.445
1092.000 0.446
1093.000 0.447
1094.000 0.447
1095.000 0.449
1096.000 0.450
1097.000 0.452
1098.000 0.452
1099.000 0.452
1100.000 0.447
1101.000 0.446
1102.000 0.447
1103.000 0.447
1104.000 0.448
1105.000 0.449
1106.000 0.449
1107.000 0.451
1108.000 0.452
1109.000 0.453
1110.000 0.455
1111.000 0.456
1112.000 0.457
1113.000 0.457
1114.000 0.460
1115.000 0.461
1116.000 0.462
1117.000 0.465
1118.000 0.468
1119.000 0.472
1120.000 0.474
1121.000 0.476
1122.000 0.481
1123.000 0.482
1124.000 0.482
1125.000 0.483
1126.000 0.479
1127.000 0.478
1128.000 0.477
1129.000 0.478
1130.000 0.477
1131.000 0.478
1132.000 0.481
1133.000 0.483
1134.000 0.484
1135.000 0.485
1136.000 0.484
1137.000 0.483
1138.000 0.485
1139.000 0.486
1140.000 0.486
1141.000 0.485
1142.000 0.485
1143.000 0.484
1144.000 0.485
1145.000 0.487
1146.000 0.489
1147.000 0.490
1148.000 0.489
1149.000 0.490
1150.000 0.492
1151.000 0.494
1152.000 0.496
1153.000 0.497
1154.000 0.494
1155.000 0.493
1156.000 0.496
1157.000 0.497
1158.000 0.498
1159.000 0.498
1160.000 0.497
1161.000 0.496
1162.000 0.495
1163.000 0.494
1164.000 0.494
1165.000 0.494
1166.000 0.493
1167.000 0.492
1168.000 0.492
1169.000 0.492
1170.000 0.493
1171.000 0.494
1172.000 0.494
1173.000 0.494
1174.000 0.494
1175.000 0.495
1176.000 0.495
1177.000 0.495
1178.000 0.495
1179.000 0.494
1180.000 0.494
1181.000 0.494
1182.000 0.494
1183.000 0.495
1184.000 0.495
1185.000 0.496
1186.000 0.497
1187.000 0.498
1188.000 0.499
1189.000 0.499
1190.000 0.499
1191.000 0.499
1192.000 0.498
1193.000 0.499
1194.000 0.500
1195.000 0.500
1196.000 0.501
1197.000 0.501
1198.000 0.502
1199.000 0.502
1200.000 0.503
1201.000 0.503
1202.000 0.503
1203.000 0.504
1204.000 0.504
1205.000 0.504
1206.000 0.504
1207.000 0.504
1208.000 0.504
1209.000 0.505
1210.000 0.505
1211.000 0.505
1212.000 0.506
1213.000 0.506
1214.000 0.507
1215.000 0.507
1216.000 0.507
1217.000 0.507
1218.000 0.506
1219.000 0.506
1220.000 0.506
1221.000 0.505
1222.000 0.506
1223.000 0.505
1224.000 0.506
1225.000 0.507
1226.000 0.507
1227.000 0.508
1228.000 0.510
1229.000 0.510
1230.000 0.509
1231.000 0.509
1232.000 0.509
1233.000 0.509
1234.000 0.510
1235.000 0.510
1236.000 0.509
1237.000 0.509
1238.000 0.510
1239.000 0.510
1240.000 0.510
1241.000 0.510
1242.000 0.510
1243.000 0.510
1244.000 0.510
1245.000 0.510
1246.000 0.511
1247.000 0.511
1248.000 0.511
1249.000 0.511
1250.000 0.511
1251.000 0.511
1252.000 0.512
1253.000 0.512
1254.000 0.513
1255.000 0.513
1256.000 0.514
1257.000 0.514
1258.000 0.515
1259.000 0.516
1260.000 0.516
1261.000 0.517
1262.000 0.517
1263.000 0.518
1264.000 0.519
1265.000 0.520
1266.000 0.521
1267.000 0.522
1268.000 0.522
1269.000 0.521
1270.000 0.521
1271.000 0.520
1272.000 0.520
1273.000 0.520
1274.000 0.521
1275.000 0.521
1276.000 0.522
1277.000 0.522
1278.000 0.523
1279.000 0.523
1280.000 0.522
1281.000 0.523
1282.000 0.523
1283.000 0.523
1284.000 0.525
1285.000 0.526
1286.000 0.526
1287.000 0.527
1288.000 0.528
1289.000 0.528
1290.000 0.528
1291.000 0.528
1292.000 0.528
1293.000 0.527
1294.000 0.527
1295.000 0.526
1296.000 0.527
1297.000 0.527
1298.000 0.528
1299.000 0.529
1300.000 0.530
1301.000 0.531
1302.000 0.532
1303.000 0.532
1304.000 0.533
1305.000 0.532
1306.000 0.532
1307.000 0.533
1308.000 0.534
1309.000 0.536
1310.000 0.537
1311.000 0.538
1312.000 0.540
1313.000 0.541
1314.000 0.542
1315.000 0.542
1316.000 0.542
1317.000 0.543
1318.000 0.543
1319.000 0.543
1320.000 0.543
1321.000 0.545
1322.000 0.547
1323.000 0.548
1324.000 0.550
1325.000 0.550
1326.000 0.550
1327.000 0.552
1328.000 0.555
1329.000 0.557
1330.000 0.560
1331.000 0.562
1332.000 0.562
1333.000 0.563
1334.000 0.563
1335.000 0.563
1336.000 0.561
1337.000 0.560
1338.000 0.558
1339.000 0.558
1340.000 0.558
1341.000 0.560
1342.000 0.566
1343.000 0.568
1344.000 0.570
1345.000 0.571
1346.000 0.567
1347.000 0.565
1348.000 0.564
1349.000 0.562
1350.000 0.558
1351.000 0.552
1352.000 0.555
1353.000 0.558
1354.000 0.556
1355.000 0.570
1356.000 0.579
1357.000 0.551
1358.000 0.449
1359.000 0.375
1360.000 0.500
1361.000 0.546
1362.000 0.525
1363.000 0.684
1364.000 0.801
1365.000 0.533
1366.000 0.485
1367.000 0.351
1368.000 0.282
1369.000 0.227
1370.000 0.251
1371.000 0.210
1372.000 0.195
1373.000 0.199
1374.000 0.202
1375.000 0.073
1376.000 0.089
1377.000 0.046
1378.000 0.043
1379.000 0.035
1380.000 0.247
1381.000 0.381
1382.000 0.525
1383.000 0.476
1384.000 0.621
1385.000 0.379
1386.000 0.367
1387.000 0.405
1388.000 0.275
1389.000 0.242
1390.000 0.362
1391.000 0.334
1392.000 0.150
1393.000 0.103
1394.000 0.461
1395.000 0.494
1396.000 0.514
1397.000 0.546
1398.000 0.471
1399.000 0.315
1400.000 0.303
1401.000 0.249
1402.000 0.173
1403.000 0.113
1404.000 0.193
1405.000 0.260
1406.000 0.330
1407.000 0.338
1408.000 0.351
1409.000 0.322
1410.000 0.389
1411.000 0.488
1412.000 0.503
1413.000 0.574
1414.000 0.435
1415.000 0.513
1416.000 0.511
1417.000 0.423
1418.000 0.440
1419.000 0.440
1420.000 0.511
1421.000 0.546
1422.000 0.631
1423.000 0.589
1424.000 0.693
1425.000 0.723
1426.000 0.709
1427.000 0.605
1428.000 0.527
1429.000 0.564
1430.000 0.657
1431.000 0.511
1432.000 0.522
1433.000 0.659
1434.000 0.500
1435.000 0.635
1436.000 0.614
1437.000 0.725
1438.000 0.648
1439.000 0.500
1440.000 0.550
1441.000 0.685
1442.000 0.718
1443.000 0.743
1444.000 0.748
1445.000 0.802
1446.000 0.765
1447.000 0.664
1448.000 0.631
1449.000 0.593
1450.000 0.550
1451.000 0.609
1452.000 0.649
1453.000 0.674
1454.000 0.680
1455.000 0.685
1456.000 0.707
1457.000 0.714
1458.000 0.706
1459.000 0.700
1460.000 0.692
1461.000 0.689
1462.000 0.685
1463.000 0.679
1464.000 0.665
1465.000 0.670
1466.000 0.682
1467.000 0.684
1468.000 0.704
1469.000 0.704
1470.000 0.679
1471.000 0.673
1472.000 0.683
1473.000 0.676
1474.000 0.657
1475.000 0.657
1476.000 0.654
1477.000 0.661
1478.000 0.694
1479.000 0.670
1480.000 0.679
1481.000 0.677
1482.000 0.670
1483.000 0.672
1484.000 0.658
1485.000 0.667
1486.000 0.673
1487.000 0.679
1488.000 0.687
1489.000 0.690
1490.000 0.694
1491.000 0.714
1492.000 0.694
1493.000 0.687
1494.000 0.686
1495.000 0.681
1496.000 0.688
1497.000 0.683
1498.000 0.669
1499.000 0.653
1500.000 0.649
1501.000 0.645
1502.000 0.656
1503.000 0.665
1504.000 0.665
1505.000 0.663
1506.000 0.664
1507.000 0.660
1508.000 0.662
1509.000 0.669
1510.000 0.669
1511.000 0.666
1512.000 0.663
1513.000 0.659
1514.000 0.656
1515.000 0.654
1516.000 0.652
1517.000 0.650
1518.000 0.650
1519.000 0.651
1520.000 0.651
1521.000 0.649
1522.000 0.651
1523.000 0.656
1524.000 0.656
1525.000 0.659
1526.000 0.657
1527.000 0.650
1528.000 0.648
1529.000 0.648
1530.000 0.646
1531.000 0.648
1532.000 0.647
1533.000 0.643
1534.000 0.640
1535.000 0.640
1536.000 0.638
1537.000 0.635
1538.000 0.635
1539.000 0.640
1540.000 0.640
1541.000 0.642
1542.000 0.641
1543.000 0.632
1544.000 0.630
1545.000 0.629
1546.000 0.629
1547.000 0.634
1548.000 0.634
1549.000 0.632
1550.000 0.630
1551.000 0.626
1552.000 0.624
1553.000 0.624
1554.000 0.625
1555.000 0.629
1556.000 0.631
1557.000 0.632
1558.000 0.631
1559.000 0.625
1560.000 0.622
1561.000 0.621
1562.000 0.618
1563.000 0.616
1564.000 0.615
1565.000 0.615
1566.000 0.615
1567.000 0.619
1568.000 0.620
1569.000 0.618
1570.000 0.617
1571.000 0.617
1572.000 0.615
1573.000 0.612
1574.000 0.611
1575.000 0.610
1576.000 0.608
1577.000 0.610
1578.000 0.611
1579.000 0.611
1580.000 0.611
1581.000 0.610
1582.000 0.610
1583.000 0.609
1584.000 0.609
1585.000 0.613
1586.000 0.615
1587.000 0.618
1588.000 0.618
1589.000 0.616
1590.000 0.616
1591.000 0.615
1592.000 0.613
1593.000 0.612
1594.000 0.612
1595.000 0.608
1596.000 0.606
1597.000 0.605
1598.000 0.604
1599.000 0.603
1600.000 0.603
1601.000 0.607
1602.000 0.606
1603.000 0.608
1604.000 0.608
1605.000 0.606
1606.000 0.607
1607.000 0.609
1608.000 0.609
1609.000 0.612
1610.000 0.613
1611.000 0.612
1612.000 0.612
1613.000 0.612
1614.000 0.612
1615.000 0.612
1616.000 0.613
1617.000 0.614
1618.000 0.614
1619.000 0.614
1620.000 0.614
1621.000 0.614
1622.000 0.613
1623.000 0.609
1624.000 0.607
1625.000 0.606
1626.000 0.605
1627.000 0.609
1628.000 0.610
1629.000 0.608
1630.000 0.608
1631.000 0.605
1632.000 0.605
1633.000 0.609
1634.000 0.611
1635.000 0.611
1636.000 0.610
1637.000 0.605
1638.000 0.604
1639.000 0.601
1640.000 0.601
1641.000 0.606
1642.000 0.609
1643.000 0.611
1644.000 0.612
1645.000 0.609
1646.000 0.607
1647.000 0.609
1648.000 0.607
1649.000 0.604
1650.000 0.603
1651.000 0.601
1652.000 0.599
1653.000 0.597
1654.000 0.596
1655.000 0.594
1656.000 0.593
1657.000 0.594
1658.000 0.595
1659.000 0.595
1660.000 0.595
1661.000 0.597
1662.000 0.598
1663.000 0.596
1664.000 0.595
1665.000 0.593
1666.000 0.592
1667.000 0.595
1668.000 0.595
1669.000 0.593
1670.000 0.592
1671.000 0.591
1672.000 0.590
1673.000 0.594
1674.000 0.594
1675.000 0.593
1676.000 0.591
1677.000 0.588
1678.000 0.588
1679.000 0.590
1680.000 0.591
1681.000 0.593
1682.000 0.594
1683.000 0.593
1684.000 0.592
1685.000 0.591
1686.000 0.589
1687.000 0.586
1688.000 0.586
1689.000 0.589
1690.000 0.591
1691.000 0.595
1692.000 0.596
1693.000 0.594
1694.000 0.594
1695.000 0.593
1696.000 0.594
1697.000 0.599
1698.000 0.599
1699.000 0.596
1700.000 0.594
1701.000 0.585
1702.000 0.584
1703.000 0.586
1704.000 0.588
1705.000 0.593
1706.000 0.594
1707.000 0.594
1708.000 0.596
1709.000 0.593
1710.000 0.593
1711.000 0.594
1712.000 0.589
1713.000 0.586
1714.000 0.587
1715.000 0.586
1716.000 0.588
1717.000 0.595
1718.000 0.596
1719.000 0.596
1720.000 0.598
1721.000 0.593
1722.000 0.591
1723.000 0.595
1724.000 0.599
1725.000 0.602
1726.000 0.606
1727.000 0.607
1728.000 0.607
1729.000 0.610
1730.000 0.612
1731.000 0.615
1732.000 0.609
1733.000 0.603
1734.000 0.605
1735.000 0.604
1736.000 0.617
1737.000 0.621
1738.000 0.621
1739.000 0.619
1740.000 0.609
1741.000 0.609
1742.000 0.613
1743.000 0.614
1744.000 0.621
1745.000 0.623
1746.000 0.620
1747.000 0.618
1748.000 0.618
1749.000 0.615
1750.000 0.608
1751.000 0.607
1752.000 0.606
1753.000 0.611
1754.000 0.627
1755.000 0.630
1756.000 0.635
1757.000 0.636
1758.000 0.626
1759.000 0.625
1760.000 0.627
1761.000 0.631
1762.000 0.638
1763.000 0.634
1764.000 0.636
1765.000 0.637
1766.000 0.635
1767.000 0.632
1768.000 0.624
1769.000 0.612
1770.000 0.606
1771.000 0.612
1772.000 0.625
1773.000 0.634
1774.000 0.632
1775.000 0.622
1776.000 0.608
1777.000 0.597
1778.000 0.597
1779.000 0.607
1780.000 0.622
1781.000 0.637
1782.000 0.634
1783.000 0.618
1784.000 0.603
1785.000 0.587
1786.000 0.588
1787.000 0.598
1788.000 0.609
1789.000 0.637
1790.000 0.651
1791.000 0.666
1792.000 0.683
1793.000 0.659
1794.000 0.670
1795.000 0.640
1796.000 0.627
1797.000 0.618
1798.000 0.639
1799.000 0.676
1800.000 0.699
1801.000 0.713
1802.000 0.701
1803.000 0.724
1804.000 0.698
1805.000 0.715
1806.000 0.804
1807.000 0.845
1808.000 0.772
1809.000 0.839
1810.000 0.807
1811.000 0.775
1812.000 0.759
1813.000 0.757
1814.000 0.845
1815.000 0.773
1816.000 0.761
1817.000 0.728
1818.000 0.695
1819.000 0.641
1820.000 0.555
1821.000 0.540
1822.000 0.454
1823.000 0.390
1824.000 0.350
1825.000 0.343
1826.000 0.456
1827.000 0.480
1828.000 0.369
1829.000 0.403
1830.000 0.497
1831.000 0.520
1832.000 0.551
1833.000 0.619
1834.000 0.659
1835.000 0.702
1836.000 0.715
1837.000 0.670
1838.000 0.673
1839.000 0.683
1840.000 0.707
1841.000 0.728
1842.000 0.450
1843.000 0.516
1844.000 0.518
1845.000 0.473
1846.000 0.388
1847.000 0.389
1848.000 0.409
1849.000 0.415
1850.000 0.343
1851.000 0.382
1852.000 0.335
1853.000 0.465
1854.000 0.425
1855.000 0.482
1856.000 0.413
1857.000 0.378
1858.000 0.476
1859.000 0.562
1860.000 0.609
1861.000 0.550
1862.000 0.627
1863.000 0.556
1864.000 0.516
1865.000 0.374
1866.000 0.310
1867.000 0.214
1868.000 0.231
1869.000 0.234
1870.000 0.199
1871.000 0.213
1872.000 0.275
1873.000 0.520
1874.000 0.383
1875.000 0.411
1876.000 0.688
1877.000 0.783
1878.000 0.779
1879.000 0.737
1880.000 0.731
1881.000 0.670
1882.000 0.590
1883.000 0.505
1884.000 0.445
1885.000 0.668
1886.000 0.571
1887.000 0.533
1888.000 0.466
1889.000 0.398
1890.000 0.341
1891.000 0.325
1892.000 0.389
1893.000 0.444
1894.000 0.589
1895.000 0.417
1896.000 0.325
1897.000 0.302
1898.000 0.154
1899.000 0.518
1900.000 0.460
1901.000 0.459
1902.000 0.275
1903.000 0.258
1904.000 0.297
1905.000 0.319
1906.000 0.422
1907.000 0.492
1908.000 0.638
1909.000 0.299
1910.000 0.393
1911.000 0.294
1912.000 0.420
1913.000 0.437
1914.000 0.538
1915.000 0.502
1916.000 0.456
1917.000 0.728
1918.000 0.721
1919.000 0.714
1920.000 0.696
1921.000 0.653
1922.000 0.633
1923.000 0.599
1924.000 0.654
1925.000 0.814
1926.000 0.755
1927.000 0.746
1928.000 0.681
1929.000 0.688
1930.000 0.782
1931.000 0.722
1932.000 0.364
1933.000 0.378
1934.000 0.511
1935.000 0.551
1936.000 0.444
1937.000 0.665
1938.000 0.621
1939.000 0.617
1940.000 0.500
1941.000 0.514
1942.000 0.487
1943.000 0.492
1944.000 0.540
1945.000 0.566
1946.000 0.609
1947.000 0.664
1948.000 0.332
1949.000 0.291
1950.000 0.527
1951.000 0.607
1952.000 0.581
1953.000 0.684
1954.000 0.778
1955.000 0.757
1956.000 0.604
1957.000 0.500
1958.000 0.524
1959.000 0.527
1960.000 0.605
1961.000 0.574
1962.000 0.564
1963.000 0.552
1964.000 0.580
1965.000 0.596
1966.000 0.625
1967.000 0.638
1968.000 0.518
1969.000 0.578
1970.000 0.598
1971.000 0.576
1972.000 0.618
1973.000 0.702
1974.000 0.680
1975.000 0.644
1976.000 0.528
1977.000 0.640
1978.000 0.607
1979.000 0.589
1980.000 0.622
1981.000 0.611
1982.000 0.618
1983.000 0.604
1984.000 0.545
1985.000 0.622
1986.000 0.588
1987.000 0.565
1988.000 0.556
1989.000 0.548
1990.000 0.542
1991.000 0.551
1992.000 0.549
1993.000 0.547
1994.000 0.561
1995.000 0.580
1996.000 0.612
1997.000 0.722
1998.000 0.655
1999.000 0.655
2000.000 0.594
2001.000 0.576
2002.000 0.575
2003.000 0.614
2004.000 0.699
2005.000 0.667
2006.000 0.836
2007.000 0.773
2008.000 0.821
2009.000 0.717
2010.000 0.547
2011.000 0.393
2012.000 0.443
2013.000 0.592
2014.000 0.604
2015.000 0.675
2016.000 0.639
2017.000 0.604
2018.000 0.571
2019.000 0.557
2020.000 0.580
2021.000 0.412
2022.000 0.433
2023.000 0.425
2024.000 0.423
2025.000 0.450
2026.000 0.486
2027.000 0.532
2028.000 0.655
2029.000 0.671
2030.000 0.633
2031.000 0.611
2032.000 0.539
2033.000 0.514
2034.000 0.505
2035.000 0.498
2036.000 0.626
2037.000 0.627
2038.000 0.632
2039.000 0.622
2040.000 0.460
2041.000 0.443
2042.000 0.443
2043.000 0.571
2044.000 0.571
2045.000 0.576
2046.000 0.580
2047.000 0.608
2048.000 0.619
2049.000 0.629
2050.000 0.565
2051.000 0.537
2052.000 0.517
2053.000 0.608
2054.000 0.612
2055.000 0.600
2056.000 0.538
2057.000 0.570
2058.000 0.645
2059.000 0.647
2060.000 0.599
2061.000 0.579
2062.000 0.589
2063.000 0.580
2064.000 0.519
2065.000 0.530
2066.000 0.586
2067.000 0.631
2068.000 0.592
2069.000 0.673
2070.000 0.546
2071.000 0.650
2072.000 0.562
2073.000 0.559
2074.000 0.587
2075.000 0.614
2076.000 0.598
2077.000 0.643
2078.000 0.603
2079.000 0.564
2080.000 0.552
2081.000 0.634
2082.000 0.589
2083.000 0.632
2084.000 0.644
2085.000 0.626
2086.000 0.594
2087.000 0.571
2088.000 0.517
2089.000 0.509
2090.000 0.540
2091.000 0.543
2092.000 0.542
2093.000 0.544
2094.000 0.612
2095.000 0.607
2096.000 0.653
2097.000 0.552
2098.000 0.579
2099.000 0.606
2100.000 0.659
2101.000 0.651
2102.000 0.601
2103.000 0.581
2104.000 0.563
2105.000 0.546
2106.000 0.531
2107.000 0.597
2108.000 0.586
2109.000 0.617
2110.000 0.620
2111.000 0.641
2112.000 0.656
2113.000 0.565
2114.000 0.576
2115.000 0.586
2116.000 0.590
2117.000 0.576
2118.000 0.582
2119.000 0.667
2120.000 0.638
2121.000 0.620
2122.000 0.592
2123.000 0.601
2124.000 0.604
2125.000 0.541
2126.000 0.581
2127.000 0.576
2128.000 0.525
2129.000 0.647
2130.000 0.609
2131.000 0.597
2132.000 0.615
2133.000 0.616
2134.000 0.617
2135.000 0.624
2136.000 0.622
2137.000 0.644
2138.000 0.602
2139.000 0.646
2140.000 0.654
2141.000 0.646
2142.000 0.616
2143.000 0.584
2144.000 0.599
2145.000 0.602
2146.000 0.610
2147.000 0.612
2148.000 0.610
2149.000 0.611
2150.000 0.595
2151.000 0.559
2152.000 0.538
2153.000 0.516
2154.000 0.501
2155.000 0.637
2156.000 0.660
2157.000 0.656
2158.000 0.627
2159.000 0.615
2160.000 0.603
2161.000 0.612
2162.000 0.581
2163.000 0.621
2164.000 0.613
2165.000 0.607
2166.000 0.617
2167.000 0.616
2168.000 0.616
2169.000 0.628
2170.000 0.667
2171.000 0.650
2172.000 0.660
2173.000 0.619
2174.000 0.620
2175.000 0.608
2176.000 0.594
2177.000 0.610
2178.000 0.618
2179.000 0.639
2180.000 0.632
2181.000 0.632
2182.000 0.635
2183.000 0.628
2184.000 0.610
2185.000 0.614
2186.000 0.589
2187.000 0.600
2188.000 0.594
2189.000 0.600
2190.000 0.604
2191.000 0.589
2192.000 0.600
2193.000 0.628
2194.000 0.629
2195.000 0.634
2196.000 0.636
2197.000 0.628
2198.000 0.631
2199.000 0.641
2200.000 0.617
2201.000 0.637
2202.000 0.541
2203.000 0.588
2204.000 0.604
2205.000 0.555
2206.000 0.692
2207.000 0.656
2208.000 0.647
2209.000 0.637
2210.000 0.671
2211.000 0.650
2212.000 0.564
2213.000 0.573
2214.000 0.610
2215.000 0.609
2216.000 0.577
2217.000 0.562
2218.000 0.613
2219.000 0.635
2220.000 0.612
2221.000 0.636
2222.000 0.606
2223.000 0.611
2224.000 0.645
2225.000 0.649
2226.000 0.638
2227.000 0.635
2228.000 0.618
2229.000 0.631
2230.000 0.621
2231.000 0.597
2232.000 0.574
2233.000 0.566
2234.000 0.570
2235.000 0.597
2236.000 0.613
2237.000 0.599
2238.000 0.589
2239.000 0.552
2240.000 0.556
2241.000 0.575
2242.000 0.594
2243.000 0.620
2244.000 0.634
2245.000 0.617
2246.000 0.612
2247.000 0.582
2248.000 0.586
2249.000 0.593
2250.000 0.598
2251.000 0.635
2252.000 0.626
2253.000 0.609
2254.000 0.588
2255.000 0.581
2256.000 0.576
2257.000 0.578
2258.000 0.567
2259.000 0.575
2260.000 0.596
2261.000 0.608
2262.000 0.619
2263.000 0.624
2264.000 0.657
2265.000 0.632
2266.000 0.600
2267.000 0.574
2268.000 0.540
2269.000 0.535
2270.000 0.542
2271.000 0.569
2272.000 0.598
2273.000 0.603
2274.000 0.579
2275.000 0.591
2276.000 0.604
2277.000 0.560
2278.000 0.563
2279.000 0.598
2280.000 0.629
2281.000 0.682
2282.000 0.666
2283.000 0.607
2284.000 0.531
2285.000 0.510
2286.000 0.542
2287.000 0.556
2288.000 0.612
2289.000 0.613
2290.000 0.547
2291.000 0.532
2292.000 0.537
2293.000 0.540
2294.000 0.551
2295.000 0.604
2296.000 0.646
2297.000 0.678
2298.000 0.684
2299.000 0.687
2300.000 0.652
2301.000 0.582
2302.000 0.533
2303.000 0.494
2304.000 0.520
2305.000 0.526
2306.000 0.549
2307.000 0.571
2308.000 0.523
2309.000 0.558
2310.000 0.527
2311.000 0.478
2312.000 0.516
2313.000 0.437
2314.000 0.460
2315.000 0.525
2316.000 0.555
2317.000 0.588
2318.000 0.611
2319.000 0.626
2320.000 0.697
2321.000 0.718
2322.000 0.661
2323.000 0.611
2324.000 0.643
2325.000 0.582
2326.000 0.545
2327.000 0.528
2328.000 0.501
2329.000 0.476
2330.000 0.472
2331.000 0.474
2332.000 0.498
2333.000 0.577
2334.000 0.594
2335.000 0.571
2336.000 0.531
2337.000 0.505
2338.000 0.494
2339.000 0.467
2340.000 0.488
2341.000 0.505
2342.000 0.527
2343.000 0.574
2344.000 0.612
2345.000 0.530
2346.000 0.484
2347.000 0.509
2348.000 0.505
2349.000 0.533
2350.000 0.568
2351.000 0.601
2352.000 0.646
2353.000 0.552
2354.000 0.557
2355.000 0.537
2356.000 0.536
2357.000 0.512
2358.000 0.506
2359.000 0.523
2360.000 0.538
2361.000 0.539
2362.000 0.566
2363.000 0.621
2364.000 0.596
2365.000 0.428
2366.000 0.498
2367.000 0.570
2368.000 0.492
2369.000 0.443
2370.000 0.516
2371.000 0.443
2372.000 0.427
2373.000 0.339
2374.000 0.364
2375.000 0.458
2376.000 0.658
2377.000 0.665
2378.000 0.588
2379.000 0.556
2380.000 0.582
2381.000 0.589
2382.000 0.591
2383.000 0.639
2384.000 0.641
2385.000 0.696
2386.000 0.772
2387.000 0.658
2388.000 0.383
2389.000 0.093
2390.000 0.218
2391.000 0.339
2392.000 0.428
2393.000 0.598
2394.000 0.620
2395.000 0.499
2396.000 0.467
2397.000 0.483
2398.000 0.528
2399.000 0.736
2400.000 0.613
2401.000 0.705
2402.000 0.685
2403.000 0.641
2404.000 0.469
2405.000 0.340
2406.000 0.321
2407.000 0.398
2408.000 0.519
2409.000 0.391
2410.000 0.421
2411.000 0.400
2412.000 0.471
2413.000 0.527
2414.000 0.576
2415.000 0.579
2416.000 0.582
2417.000 0.621
2418.000 0.608
2419.000 0.632
2420.000 0.561
2421.000 0.377
2422.000 0.488
2423.000 0.320
2424.000 0.356
2425.000 0.472
2426.000 0.653
2427.000 0.465
2428.000 0.536
2429.000 0.625
2430.000 0.664
2431.000 0.483
2432.000 0.604
2433.000 0.434
2434.000 0.427
2435.000 0.528
2436.000 0.358
2437.000 0.141
2438.000 0.159
2439.000 0.303
2440.000 0.424
2441.000 0.511
2442.000 0.296
2443.000 0.397
2444.000 0.420
2445.000 0.514
2446.000 0.394
2447.000 0.393
2448.000 0.575
2449.000 0.593
2450.000 0.411
2451.000 0.469
2452.000 0.538
2453.000 0.171
2454.000 0.458
2455.000 0.623
2456.000 0.726
2457.000 0.356
2458.000 0.302
2459.000 0.337
2460.000 0.444
2461.000 0.249
2462.000 0.375
2463.000 0.320
2464.000 0.372
2465.000 0.284
2466.000 0.196
2467.000 0.186
2468.000 0.340
2469.000 0.456
2470.000 0.478
2471.000 0.619
2472.000 0.442
2473.000 0.548
2474.000 0.277
2475.000 0.314
2476.000 0.339
2477.000 0.685
2478.000 0.788
2479.000 0.586
2480.000 0.377
2481.000 0.250
2482.000 0.321
2483.000 0.263
2484.000 0.340
2485.000 0.401
2486.000 0.604
2487.000 0.456
2488.000 0.543
2489.000 0.618
2490.000 0.676
2491.000 0.321
2492.000 0.283
2493.000 0.281
2494.000 0.584
2495.000 0.527
2496.000 0.416
2497.000 0.438
2498.000 0.461
2499.000 0.199
2500.000 0.336
