400.00000 0.04099 0.00008
401.00000 0.04103 0.00008
402.00000 0.04106 0.00008
403.00000 0.04111 0.00008
404.00000 0.04120 0.00008
405.00000 0.04129 0.00008
406.00000 0.04140 0.00008
407.00000 0.04151 0.00008
408.00000 0.04166 0.00008
409.00000 0.04179 0.00008
410.00000 0.04189 0.00008
411.00000 0.04198 0.00008
412.00000 0.04211 0.00008
413.00000 0.04226 0.00008
414.00000 0.04243 0.00009
415.00000 0.04257 0.00009
416.00000 0.04273 0.00009
417.00000 0.04287 0.00009
418.00000 0.04302 0.00010
419.00000 0.04317 0.00010
420.00000 0.04333 0.00010
421.00000 0.04346 0.00010
422.00000 0.04362 0.00010
423.00000 0.04378 0.00010
424.00000 0.04395 0.00010
425.00000 0.04413 0.00011
426.00000 0.04428 0.00011
427.00000 0.04436 0.00011
428.00000 0.04445 0.00011
429.00000 0.04457 0.00011
430.00000 0.04466 0.00011
431.00000 0.04474 0.00011
432.00000 0.04485 0.00011
433.00000 0.04494 0.00010
434.00000 0.04502 0.00010
435.00000 0.04509 0.00011
436.00000 0.04515 0.00011
437.00000 0.04520 0.00011
438.00000 0.04524 0.00011
439.00000 0.04528 0.00011
440.00000 0.04534 0.00011
441.00000 0.04539 0.00012
442.00000 0.04542 0.00013
443.00000 0.04544 0.00013
444.00000 0.04545 0.00014
445.00000 0.04546 0.00015
446.00000 0.04543 0.00016
447.00000 0.04541 0.00017
448.00000 0.04538 0.00019
449.00000 0.04534 0.00021
450.00000 0.04529 0.00023
451.00000 0.04524 0.00026
452.00000 0.04518 0.00029
453.00000 0.04511 0.00032
454.00000 0.04503 0.00035
455.00000 0.04496 0.00039
456.00000 0.04487 0.00042
457.00000 0.04479 0.00046
458.00000 0.04472 0.00050
459.00000 0.04463 0.00053
460.00000 0.04455 0.00057
461.00000 0.04446 0.00060
462.00000 0.04437 0.00064
463.00000 0.04428 0.00067
464.00000 0.04419 0.00070
465.00000 0.04411 0.00074
466.00000 0.04404 0.00077
467.00000 0.04397 0.00080
468.00000 0.04390 0.00083
469.00000 0.04387 0.00086
470.00000 0.04382 0.00088
471.00000 0.04378 0.00090
472.00000 0.04373 0.00092
473.00000 0.04369 0.00094
474.00000 0.04366 0.00096
475.00000 0.04362 0.00097
476.00000 0.04359 0.00099
477.00000 0.04356 0.00101
478.00000 0.04352 0.00103
479.00000 0.04348 0.00105
480.00000 0.04343 0.00107
481.00000 0.04338 0.00111
482.00000 0.04331 0.00115
483.00000 0.04324 0.00120
484.00000 0.04314 0.00126
485.00000 0.04305 0.00134
486.00000 0.04291 0.00143
487.00000 0.04277 0.00154
488.00000 0.04262 0.00167
489.00000 0.04243 0.00183
490.00000 0.04224 0.00201
491.00000 0.04202 0.00221
492.00000 0.04179 0.00246
493.00000 0.04154 0.00273
494.00000 0.04128 0.00304
495.00000 0.04101 0.00341
496.00000 0.04074 0.00382
497.00000 0.04047 0.00430
498.00000 0.04021 0.00484
499.00000 0.03995 0.00544
500.00000 0.03971 0.00614
501.00000 0.03949 0.00691
502.00000 0.03929 0.00778
503.00000 0.03913 0.00874
504.00000 0.03899 0.00982
505.00000 0.03891 0.01100
506.00000 0.03889 0.01232
507.00000 0.03894 0.01377
508.00000 0.03906 0.01535
509.00000 0.03927 0.01708
510.00000 0.03956 0.01896
511.00000 0.03997 0.02102
512.00000 0.04048 0.02325
513.00000 0.04111 0.02566
514.00000 0.04186 0.02822
515.00000 0.04277 0.03097
516.00000 0.04379 0.03385
517.00000 0.04495 0.03689
518.00000 0.04623 0.04004
519.00000 0.04765 0.04331
520.00000 0.04917 0.04668
521.00000 0.05081 0.05012
522.00000 0.05255 0.05363
523.00000 0.05436 0.05715
524.00000 0.05624 0.06066
525.00000 0.05816 0.06410
526.00000 0.06009 0.06750
527.00000 0.06203 0.07081
528.00000 0.06393 0.07400
529.00000 0.06581 0.07707
530.00000 0.06766 0.08004
531.00000 0.06944 0.08286
532.00000 0.07115 0.08554
533.00000 0.07280 0.08808
534.00000 0.07438 0.09047
535.00000 0.07588 0.09272
536.00000 0.07728 0.09484
537.00000 0.07863 0.09683
538.00000 0.07990 0.09872
539.00000 0.08110 0.10050
540.00000 0.08220 0.10210
541.00000 0.08334 0.10376
542.00000 0.08439 0.10531
543.00000 0.08542 0.10680
544.00000 0.08641 0.10824
545.00000 0.08741 0.10970
546.00000 0.08835 0.11111
547.00000 0.08930 0.11253
548.00000 0.09020 0.11387
549.00000 0.09109 0.11522
550.00000 0.09184 0.11637
551.00000 0.09252 0.11743
552.00000 0.09305 0.11829
553.00000 0.09347 0.11904
554.00000 0.09373 0.11957
555.00000 0.09381 0.11989
556.00000 0.09365 0.11986
557.00000 0.09338 0.11971
558.00000 0.09286 0.11921
559.00000 0.09217 0.11846
560.00000 0.09136 0.11758
561.00000 0.09042 0.11648
562.00000 0.08936 0.11523
563.00000 0.08821 0.11382
564.00000 0.08696 0.11226
565.00000 0.08563 0.11057
566.00000 0.08422 0.10874
567.00000 0.08274 0.10680
568.00000 0.08120 0.10474
569.00000 0.07961 0.10258
570.00000 0.07803 0.10041
571.00000 0.07641 0.09813
572.00000 0.07486 0.09592
573.00000 0.07335 0.09377
574.00000 0.07191 0.09168
575.00000 0.07056 0.08969
576.00000 0.06926 0.08775
577.00000 0.06807 0.08599
578.00000 0.06696 0.08434
579.00000 0.06593 0.08276
580.00000 0.06496 0.08127
581.00000 0.06405 0.07988
582.00000 0.06321 0.07855
583.00000 0.06242 0.07730
584.00000 0.06168 0.07612
585.00000 0.06102 0.07508
586.00000 0.06037 0.07405
587.00000 0.05977 0.07307
588.00000 0.05923 0.07222
589.00000 0.05874 0.07141
590.00000 0.05828 0.07067
591.00000 0.05789 0.07002
592.00000 0.05750 0.06939
593.00000 0.05716 0.06886
594.00000 0.05686 0.06838
595.00000 0.05661 0.06799
596.00000 0.05633 0.06756
597.00000 0.05609 0.06718
598.00000 0.05584 0.06680
599.00000 0.05558 0.06638
600.00000 0.05532 0.06595
601.00000 0.05502 0.06545
602.00000 0.05469 0.06491
603.00000 0.05433 0.06427
604.00000 0.05389 0.06352
605.00000 0.05346 0.06274
606.00000 0.05296 0.06183
607.00000 0.05242 0.06082
608.00000 0.05184 0.05975
609.00000 0.05126 0.05861
610.00000 0.05067 0.05746
611.00000 0.05007 0.05630
612.00000 0.04948 0.05512
613.00000 0.04889 0.05389
614.00000 0.04831 0.05270
615.00000 0.04775 0.05154
616.00000 0.04722 0.05043
617.00000 0.04674 0.04938
618.00000 0.04628 0.04839
619.00000 0.04588 0.04751
620.00000 0.04553 0.04674
621.00000 0.04522 0.04604
622.00000 0.04496 0.04549
623.00000 0.04473 0.04499
624.00000 0.04453 0.04456
625.00000 0.04438 0.04426
626.00000 0.04425 0.04398
627.00000 0.04415 0.04379
628.00000 0.04406 0.04367
629.00000 0.04397 0.04351
630.00000 0.04390 0.04339
631.00000 0.04380 0.04320
632.00000 0.04367 0.04293
633.00000 0.04351 0.04257
634.00000 0.04332 0.04207
635.00000 0.04305 0.04141
636.00000 0.04275 0.04063
637.00000 0.04238 0.03965
638.00000 0.04199 0.03853
639.00000 0.04155 0.03728
640.00000 0.04109 0.03592
641.00000 0.04064 0.03450
642.00000 0.04018 0.03303
643.00000 0.03975 0.03153
644.00000 0.03934 0.03005
645.00000 0.03896 0.02862
646.00000 0.03862 0.02727
647.00000 0.03834 0.02601
648.00000 0.03809 0.02486
649.00000 0.03788 0.02384
650.00000 0.03770 0.02295
651.00000 0.03757 0.02217
652.00000 0.03745 0.02146
653.00000 0.03736 0.02077
654.00000 0.03727 0.02007
655.00000 0.03718 0.01934
656.00000 0.03709 0.01855
657.00000 0.03702 0.01765
658.00000 0.03697 0.01668
659.00000 0.03693 0.01566
660.00000 0.03694 0.01459
661.00000 0.03697 0.01349
662.00000 0.03706 0.01243
663.00000 0.03719 0.01141
664.00000 0.03736 0.01046
665.00000 0.03758 0.00960
666.00000 0.03783 0.00884
667.00000 0.03811 0.00818
668.00000 0.03843 0.00763
669.00000 0.03874 0.00718
670.00000 0.03907 0.00682
671.00000 0.03939 0.00654
672.00000 0.03972 0.00633
673.00000 0.04007 0.00619
674.00000 0.04041 0.00610
675.00000 0.04076 0.00606
676.00000 0.04112 0.00608
677.00000 0.04146 0.00615
678.00000 0.04180 0.00629
679.00000 0.04211 0.00653
680.00000 0.04237 0.00688
681.00000 0.04256 0.00740
682.00000 0.04265 0.00814
683.00000 0.04265 0.00915
684.00000 0.04257 0.01053
685.00000 0.04245 0.01235
686.00000 0.04235 0.01474
687.00000 0.04239 0.01782
688.00000 0.04270 0.02170
689.00000 0.04339 0.02649
690.00000 0.04463 0.03229
691.00000 0.04655 0.03914
692.00000 0.04925 0.04704
693.00000 0.05281 0.05596
694.00000 0.05726 0.06582
695.00000 0.06263 0.07655
696.00000 0.06886 0.08793
697.00000 0.07593 0.09993
698.00000 0.08374 0.11232
699.00000 0.09217 0.12495
700.00000 0.10117 0.13774
701.00000 0.11061 0.15060
702.00000 0.12025 0.16319
703.00000 0.13011 0.17563
704.00000 0.14006 0.18779
705.00000 0.15000 0.19961
706.00000 0.15994 0.21108
707.00000 0.16985 0.22230
708.00000 0.17972 0.23327
709.00000 0.18954 0.24389
710.00000 0.19933 0.25437
711.00000 0.20904 0.26457
712.00000 0.21872 0.27459
713.00000 0.22835 0.28443
714.00000 0.23794 0.29412
715.00000 0.24743 0.30360
716.00000 0.25691 0.31291
717.00000 0.26624 0.32203
718.00000 0.27543 0.33092
719.00000 0.28454 0.33966
720.00000 0.29348 0.34814
721.00000 0.30224 0.35644
722.00000 0.31083 0.36450
723.00000 0.31919 0.37232
724.00000 0.32731 0.37986
725.00000 0.33526 0.38717
726.00000 0.34285 0.39413
727.00000 0.35021 0.40089
728.00000 0.35725 0.40727
729.00000 0.36403 0.41343
730.00000 0.37050 0.41931
731.00000 0.37665 0.42484
732.00000 0.38257 0.43017
733.00000 0.38817 0.43522
734.00000 0.39344 0.43992
735.00000 0.39839 0.44434
736.00000 0.40304 0.44851
737.00000 0.40741 0.45244
738.00000 0.41148 0.45613
739.00000 0.41532 0.45956
740.00000 0.41886 0.46276
741.00000 0.42212 0.46572
742.00000 0.42513 0.46850
743.00000 0.42792 0.47103
744.00000 0.43047 0.47339
745.00000 0.43280 0.47559
746.00000 0.43494 0.47760
747.00000 0.43685 0.47942
748.00000 0.43856 0.48111
749.00000 0.44012 0.48264
750.00000 0.44148 0.48403
751.00000 0.44283 0.48536
752.00000 0.44411 0.48667
753.00000 0.44532 0.48791
754.00000 0.44648 0.48909
755.00000 0.44754 0.49024
756.00000 0.44857 0.49131
757.00000 0.44953 0.49235
758.00000 0.45042 0.49333
759.00000 0.45126 0.49425
760.00000 0.45204 0.49512
761.00000 0.45277 0.49594
762.00000 0.45342 0.49673
763.00000 0.45404 0.49744
764.00000 0.45459 0.49814
765.00000 0.45509 0.49878
766.00000 0.45554 0.49938
767.00000 0.45598 0.49989
768.00000 0.45631 0.50043
769.00000 0.45663 0.50089
770.00000 0.45691 0.50131
771.00000 0.45714 0.50169
772.00000 0.45731 0.50206
773.00000 0.45748 0.50236
774.00000 0.45757 0.50267
775.00000 0.45767 0.50290
776.00000 0.45770 0.50313
777.00000 0.45773 0.50330
778.00000 0.45774 0.50344
779.00000 0.45768 0.50359
780.00000 0.45764 0.50368
781.00000 0.45758 0.50375
782.00000 0.45752 0.50383
783.00000 0.45746 0.50390
784.00000 0.45740 0.50397
785.00000 0.45734 0.50405
786.00000 0.45728 0.50413
787.00000 0.45723 0.50421
788.00000 0.45714 0.50432
789.00000 0.45708 0.50439
790.00000 0.45705 0.50443
791.00000 0.45700 0.50451
792.00000 0.45694 0.50459
793.00000 0.45688 0.50467
794.00000 0.45682 0.50474
795.00000 0.45676 0.50482
796.00000 0.45670 0.50489
797.00000 0.45665 0.50497
798.00000 0.45659 0.50504
799.00000 0.45653 0.50512
800.00000 0.45650 0.50516
801.00000 0.45644 0.50524
802.00000 0.45638 0.50531
803.00000 0.45632 0.50539
804.00000 0.45629 0.50543
805.00000 0.45623 0.50550
806.00000 0.45617 0.50557
807.00000 0.45611 0.50565
808.00000 0.45605 0.50572
809.00000 0.45601 0.50576
810.00000 0.45595 0.50583
811.00000 0.45592 0.50587
812.00000 0.45586 0.50594
813.00000 0.45582 0.50597
814.00000 0.45576 0.50604
815.00000 0.45569 0.50611
816.00000 0.45566 0.50615
817.00000 0.45559 0.50621
818.00000 0.45555 0.50624
819.00000 0.45549 0.50632
820.00000 0.45545 0.50635
821.00000 0.45538 0.50641
822.00000 0.45534 0.50644
823.00000 0.45527 0.50651
824.00000 0.45520 0.50657
825.00000 0.45512 0.50662
826.00000 0.45506 0.50663
827.00000 0.45499 0.50670
828.00000 0.45494 0.50672
829.00000 0.45484 0.50675
830.00000 0.45476 0.50681
831.00000 0.45471 0.50683
832.00000 0.45462 0.50687
833.00000 0.45456 0.50688
834.00000 0.45452 0.50691
835.00000 0.45448 0.50694
836.00000 0.45440 0.50699
837.00000 0.45436 0.50702
838.00000 0.45429 0.50709
839.00000 0.45425 0.50712
840.00000 0.45418 0.50719
841.00000 0.45415 0.50722
842.00000 0.45408 0.50729
843.00000 0.45404 0.50732
844.00000 0.45397 0.50739
845.00000 0.45394 0.50742
846.00000 0.45387 0.50749
847.00000 0.45383 0.50752
848.00000 0.45377 0.50759
849.00000 0.45372 0.50762
850.00000 0.45366 0.50769
851.00000 0.45362 0.50772
852.00000 0.45359 0.50776
853.00000 0.45355 0.50779
854.00000 0.45349 0.50786
855.00000 0.45345 0.50789
856.00000 0.45341 0.50792
857.00000 0.45338 0.50796
858.00000 0.45331 0.50803
859.00000 0.45327 0.50806
860.00000 0.45320 0.50813
861.00000 0.45313 0.50820
862.00000 0.45310 0.50823
863.00000 0.45303 0.50830
864.00000 0.45299 0.50833
865.00000 0.45295 0.50836
866.00000 0.45294 0.50835
867.00000 0.45290 0.50838
868.00000 0.45287 0.50841
869.00000 0.45283 0.50845
870.00000 0.45276 0.50852
871.00000 0.45272 0.50854
872.00000 0.45265 0.50861
873.00000 0.45258 0.50868
874.00000 0.45253 0.50870
875.00000 0.45246 0.50877
876.00000 0.45242 0.50880
877.00000 0.45235 0.50886
878.00000 0.45231 0.50889
879.00000 0.45223 0.50896
880.00000 0.45218 0.50898
881.00000 0.45211 0.50904
882.00000 0.45207 0.50907
883.00000 0.45203 0.50909
884.00000 0.45195 0.50916
885.00000 0.45188 0.50923
886.00000 0.45184 0.50926
887.00000 0.45177 0.50932
888.00000 0.45172 0.50934
889.00000 0.45165 0.50941
890.00000 0.45161 0.50944
891.00000 0.45153 0.50950
892.00000 0.45148 0.50952
893.00000 0.45141 0.50959
894.00000 0.45138 0.50963
895.00000 0.45130 0.50969
896.00000 0.45125 0.50971
897.00000 0.45118 0.50978
898.00000 0.45114 0.50981
899.00000 0.45106 0.50987
900.00000 0.45102 0.50990
901.00000 0.45098 0.50992
902.00000 0.45089 0.50998
903.00000 0.45085 0.51000
904.00000 0.45078 0.51007
905.00000 0.45074 0.51011
906.00000 0.45070 0.51013
907.00000 0.45061 0.51018
908.00000 0.45056 0.51020
909.00000 0.45049 0.51027
910.00000 0.45044 0.51030
911.00000 0.45036 0.51036
912.00000 0.45030 0.51036
913.00000 0.45021 0.51041
914.00000 0.45016 0.51044
915.00000 0.45012 0.51046
916.00000 0.45003 0.51051
917.00000 0.44994 0.51049
918.00000 0.44984 0.51053
919.00000 0.44979 0.51055
920.00000 0.44970 0.51060
921.00000 0.44962 0.51059
922.00000 0.44947 0.51058
923.00000 0.44935 0.51060
924.00000 0.44928 0.51059
925.00000 0.44916 0.51061
926.00000 0.44904 0.51063
927.00000 0.44897 0.51063
928.00000 0.44885 0.51058
929.00000 0.44864 0.51051
930.00000 0.44852 0.51045
931.00000 0.44842 0.51043
932.00000 0.44828 0.51042
933.00000 0.44813 0.51041
934.00000 0.44800 0.51042
935.00000 0.44784 0.51039
936.00000 0.44765 0.51026
937.00000 0.44748 0.51016
938.00000 0.44735 0.51010
939.00000 0.44721 0.51010
940.00000 0.44699 0.51002
941.00000 0.44664 0.50987
942.00000 0.44639 0.50983
943.00000 0.44626 0.50977
944.00000 0.44606 0.50970
945.00000 0.44585 0.50955
946.00000 0.44565 0.50941
947.00000 0.44550 0.50926
948.00000 0.44537 0.50913
949.00000 0.44507 0.50888
950.00000 0.44449 0.50850
951.00000 0.44412 0.50826
952.00000 0.44385 0.50812
953.00000 0.44350 0.50790
954.00000 0.44315 0.50761
955.00000 0.44284 0.50736
956.00000 0.44256 0.50714
957.00000 0.44229 0.50693
958.00000 0.44203 0.50680
959.00000 0.44188 0.50664
960.00000 0.44169 0.50644
961.00000 0.44133 0.50629
962.00000 0.44114 0.50624
963.00000 0.44104 0.50628
964.00000 0.44096 0.50626
965.00000 0.44086 0.50624
966.00000 0.44080 0.50618
967.00000 0.44073 0.50618
968.00000 0.44067 0.50619
969.00000 0.44065 0.50616
970.00000 0.44063 0.50614
971.00000 0.44060 0.50611
972.00000 0.44052 0.50617
973.00000 0.44042 0.50622
974.00000 0.44032 0.50626
975.00000 0.44028 0.50629
976.00000 0.44026 0.50633
977.00000 0.44023 0.50638
978.00000 0.44018 0.50647
979.00000 0.44014 0.50658
980.00000 0.44014 0.50665
981.00000 0.44010 0.50676
982.00000 0.44007 0.50687
983.00000 0.44007 0.50695
984.00000 0.44009 0.50704
985.00000 0.44013 0.50708
986.00000 0.44019 0.50714
987.00000 0.44028 0.50717
988.00000 0.44038 0.50719
989.00000 0.44044 0.50725
990.00000 0.44047 0.50736
991.00000 0.44052 0.50749
992.00000 0.44057 0.50761
993.00000 0.44057 0.50776
994.00000 0.44056 0.50790
995.00000 0.44057 0.50806
996.00000 0.44060 0.50823
997.00000 0.44062 0.50840
998.00000 0.44063 0.50856
999.00000 0.44068 0.50868
1000.00000 0.44073 0.50881
1001.00000 0.44076 0.50899
1002.00000 0.44078 0.50916
1003.00000 0.44083 0.50929
1004.00000 0.44088 0.50941
1005.00000 0.44093 0.50954
1006.00000 0.44103 0.50964
1007.00000 0.44110 0.50979
1008.00000 0.44120 0.50989
1009.00000 0.44127 0.51004
1010.00000 0.44134 0.51018
1011.00000 0.44137 0.51037
1012.00000 0.44144 0.51052
1013.00000 0.44150 0.51065
1014.00000 0.44155 0.51078
1015.00000 0.44165 0.51088
1016.00000 0.44170 0.51101
1017.00000 0.44172 0.51118
1018.00000 0.44175 0.51136
1019.00000 0.44182 0.51151
1020.00000 0.44187 0.51170
1021.00000 0.44190 0.51189
1022.00000 0.44193 0.51207
1023.00000 0.44200 0.51222
1024.00000 0.44207 0.51236
1025.00000 0.44212 0.51249
1026.00000 0.44217 0.51262
1027.00000 0.44224 0.51276
1028.00000 0.44227 0.51295
1029.00000 0.44238 0.51306
1030.00000 0.44243 0.51319
1031.00000 0.44249 0.51325
1032.00000 0.44250 0.51334
1033.00000 0.44256 0.51340
1034.00000 0.44264 0.51348
1035.00000 0.44273 0.51358
1036.00000 0.44281 0.51366
1037.00000 0.44285 0.51378
1038.00000 0.44289 0.51390
1039.00000 0.44293 0.51402
1040.00000 0.44297 0.51413
1041.00000 0.44296 0.51427
1042.00000 0.44300 0.51438
1043.00000 0.44299 0.51453
1044.00000 0.44297 0.51465
1045.00000 0.44298 0.51474
1046.00000 0.44303 0.51479
1047.00000 0.44306 0.51489
1048.00000 0.44309 0.51500
1049.00000 0.44313 0.51505
1050.00000 0.44314 0.51513
1051.00000 0.44315 0.51522
1052.00000 0.44313 0.51534
1053.00000 0.44310 0.51547
1054.00000 0.44311 0.51555
1055.00000 0.44314 0.51558
1056.00000 0.44316 0.51561
1057.00000 0.44315 0.51566
1058.00000 0.44313 0.51572
1059.00000 0.44312 0.51579
1060.00000 0.44312 0.51587
1061.00000 0.44312 0.51594
1062.00000 0.44307 0.51604
1063.00000 0.44305 0.51608
1064.00000 0.44302 0.51613
1065.00000 0.44303 0.51614
1066.00000 0.44307 0.51611
1067.00000 0.44305 0.51617
1068.00000 0.44306 0.51618
1069.00000 0.44303 0.51622
1070.00000 0.44297 0.51630
1071.00000 0.44293 0.51634
1072.00000 0.44290 0.51639
1073.00000 0.44287 0.51643
1074.00000 0.44280 0.51650
1075.00000 0.44275 0.51653
1076.00000 0.44266 0.51659
1077.00000 0.44261 0.51661
1078.00000 0.44254 0.51669
1079.00000 0.44250 0.51673
1080.00000 0.44246 0.51676
1081.00000 0.44241 0.51677
1082.00000 0.44234 0.51678
1083.00000 0.44227 0.51678
1084.00000 0.44223 0.51674
1085.00000 0.44217 0.51675
1086.00000 0.44211 0.51677
1087.00000 0.44202 0.51683
1088.00000 0.44196 0.51683
1089.00000 0.44185 0.51687
1090.00000 0.44173 0.51690
1091.00000 0.44165 0.51689
1092.00000 0.44158 0.51690
1093.00000 0.44152 0.51691
1094.00000 0.44149 0.51687
1095.00000 0.44141 0.51687
1096.00000 0.44131 0.51684
1097.00000 0.44113 0.51687
1098.00000 0.44099 0.51688
1099.00000 0.44091 0.51688
1100.00000 0.44085 0.51689
1101.00000 0.44078 0.51689
1102.00000 0.44068 0.51686
1103.00000 0.44058 0.51683
1104.00000 0.44050 0.51683
1105.00000 0.44043 0.51683
1106.00000 0.44032 0.51686
1107.00000 0.44018 0.51686
1108.00000 0.44007 0.51683
1109.00000 0.44002 0.51677
1110.00000 0.44001 0.51669
1111.00000 0.43996 0.51663
1112.00000 0.43988 0.51655
1113.00000 0.43981 0.51648
1114.00000 0.43976 0.51651
1115.00000 0.43974 0.51655
1116.00000 0.43972 0.51653
1117.00000 0.43958 0.51654
1118.00000 0.43942 0.51652
1119.00000 0.43928 0.51653
1120.00000 0.43918 0.51651
1121.00000 0.43906 0.51646
1122.00000 0.43887 0.51641
1123.00000 0.43869 0.51637
1124.00000 0.43854 0.51637
1125.00000 0.43843 0.51633
1126.00000 0.43830 0.51619
1127.00000 0.43804 0.51599
1128.00000 0.43777 0.51578
1129.00000 0.43756 0.51564
1130.00000 0.43735 0.51549
1131.00000 0.43705 0.51526
1132.00000 0.43659 0.51492
1133.00000 0.43611 0.51449
1134.00000 0.43567 0.51410
1135.00000 0.43527 0.51376
1136.00000 0.43489 0.51343
1137.00000 0.43453 0.51305
1138.00000 0.43405 0.51262
1139.00000 0.43341 0.51202
1140.00000 0.43256 0.51127
1141.00000 0.43173 0.51054
1142.00000 0.43114 0.51000
1143.00000 0.43062 0.50953
1144.00000 0.42998 0.50893
1145.00000 0.42903 0.50815
1146.00000 0.42807 0.50737
1147.00000 0.42739 0.50680
1148.00000 0.42689 0.50642
1149.00000 0.42644 0.50610
1150.00000 0.42597 0.50568
1151.00000 0.42545 0.50520
1152.00000 0.42486 0.50473
1153.00000 0.42432 0.50423
1154.00000 0.42383 0.50387
1155.00000 0.42347 0.50363
1156.00000 0.42321 0.50352
1157.00000 0.42307 0.50337
1158.00000 0.42288 0.50324
1159.00000 0.42273 0.50308
1160.00000 0.42254 0.50295
1161.00000 0.42237 0.50277
1162.00000 0.42219 0.50266
1163.00000 0.42213 0.50260
1164.00000 0.42210 0.50257
1165.00000 0.42202 0.50263
1166.00000 0.42191 0.50267
1167.00000 0.42183 0.50266
1168.00000 0.42176 0.50267
1169.00000 0.42175 0.50265
1170.00000 0.42170 0.50268
1171.00000 0.42154 0.50267
1172.00000 0.42132 0.50259
1173.00000 0.42112 0.50252
1174.00000 0.42105 0.50253
1175.00000 0.42105 0.50261
1176.00000 0.42110 0.50266
1177.00000 0.42108 0.50264
1178.00000 0.42104 0.50259
1179.00000 0.42099 0.50254
1180.00000 0.42091 0.50253
1181.00000 0.42082 0.50259
1182.00000 0.42067 0.50267
1183.00000 0.42058 0.50264
1184.00000 0.42048 0.50262
1185.00000 0.42045 0.50251
1186.00000 0.42049 0.50239
1187.00000 0.42055 0.50223
1188.00000 0.42055 0.50216
1189.00000 0.42051 0.50211
1190.00000 0.42041 0.50216
1191.00000 0.42027 0.50224
1192.00000 0.42011 0.50238
1193.00000 0.41993 0.50250
1194.00000 0.41980 0.50259
1195.00000 0.41969 0.50263
1196.00000 0.41966 0.50260
1197.00000 0.41968 0.50254
1198.00000 0.41968 0.50254
1199.00000 0.41971 0.50265
1200.00000 0.41978 0.50280
1201.00000 0.41984 0.50295
1202.00000 0.41972 0.50305
1203.00000 0.41963 0.50303
1204.00000 0.41952 0.50307
1205.00000 0.41952 0.50314
1206.00000 0.41956 0.50327
1207.00000 0.41963 0.50335
1208.00000 0.41962 0.50341
1209.00000 0.41957 0.50344
1210.00000 0.41951 0.50353
1211.00000 0.41957 0.50359
1212.00000 0.41959 0.50369
1213.00000 0.41961 0.50379
1214.00000 0.41956 0.50381
1215.00000 0.41946 0.50387
1216.00000 0.41946 0.50394
1217.00000 0.41947 0.50411
1218.00000 0.41955 0.50428
1219.00000 0.41962 0.50442
1220.00000 0.41956 0.50451
1221.00000 0.41943 0.50462
1222.00000 0.41936 0.50469
1223.00000 0.41934 0.50475
1224.00000 0.41935 0.50484
1225.00000 0.41936 0.50493
1226.00000 0.41928 0.50500
1227.00000 0.41926 0.50498
1228.00000 0.41924 0.50496
1229.00000 0.41922 0.50502
1230.00000 0.41919 0.50515
1231.00000 0.41921 0.50524
1232.00000 0.41920 0.50531
1233.00000 0.41918 0.50537
1234.00000 0.41919 0.50546
1235.00000 0.41919 0.50554
1236.00000 0.41917 0.50567
1237.00000 0.41911 0.50576
1238.00000 0.41898 0.50587
1239.00000 0.41888 0.50591
1240.00000 0.41884 0.50595
1241.00000 0.41874 0.50608
1242.00000 0.41869 0.50619
1243.00000 0.41875 0.50625
1244.00000 0.41876 0.50626
1245.00000 0.41877 0.50635
1246.00000 0.41873 0.50639
1247.00000 0.41869 0.50650
1248.00000 0.41862 0.50659
1249.00000 0.41863 0.50660
1250.00000 0.41861 0.50666
1251.00000 0.41865 0.50670
1252.00000 0.41867 0.50672
1253.00000 0.41862 0.50683
1254.00000 0.41857 0.50686
1255.00000 0.41847 0.50690
1256.00000 0.41839 0.50690
1257.00000 0.41828 0.50694
1258.00000 0.41823 0.50696
1259.00000 0.41821 0.50694
1260.00000 0.41820 0.50701
1261.00000 0.41824 0.50705
1262.00000 0.41823 0.50712
1263.00000 0.41814 0.50718
1264.00000 0.41805 0.50724
1265.00000 0.41794 0.50729
1266.00000 0.41785 0.50735
1267.00000 0.41783 0.50733
1268.00000 0.41780 0.50730
1269.00000 0.41782 0.50724
1270.00000 0.41777 0.50718
1271.00000 0.41762 0.50719
1272.00000 0.41746 0.50717
1273.00000 0.41727 0.50713
1274.00000 0.41708 0.50708
1275.00000 0.41690 0.50706
1276.00000 0.41676 0.50706
1277.00000 0.41670 0.50699
1278.00000 0.41664 0.50693
1279.00000 0.41652 0.50688
1280.00000 0.41637 0.50680
1281.00000 0.41619 0.50669
1282.00000 0.41594 0.50666
1283.00000 0.41570 0.50656
1284.00000 0.41547 0.50648
1285.00000 0.41529 0.50637
1286.00000 0.41515 0.50630
1287.00000 0.41502 0.50624
1288.00000 0.41489 0.50617
1289.00000 0.41479 0.50599
1290.00000 0.41466 0.50585
1291.00000 0.41450 0.50567
1292.00000 0.41430 0.50554
1293.00000 0.41410 0.50540
1294.00000 0.41387 0.50524
1295.00000 0.41360 0.50511
1296.00000 0.41327 0.50500
1297.00000 0.41296 0.50483
1298.00000 0.41268 0.50468
1299.00000 0.41242 0.50456
1300.00000 0.41229 0.50442
1301.00000 0.41193 0.50420
1302.00000 0.41173 0.50406
1303.00000 0.41143 0.50391
1304.00000 0.41105 0.50374
1305.00000 0.41075 0.50349
1306.00000 0.41037 0.50308
1307.00000 0.41007 0.50276
1308.00000 0.40973 0.50240
1309.00000 0.40946 0.50202
1310.00000 0.40920 0.50167
1311.00000 0.40894 0.50130
1312.00000 0.40858 0.50091
1313.00000 0.40806 0.50051
1314.00000 0.40760 0.50010
1315.00000 0.40709 0.49971
1316.00000 0.40662 0.49936
1317.00000 0.40619 0.49897
1318.00000 0.40569 0.49852
1319.00000 0.40518 0.49805
1320.00000 0.40449 0.49746
1321.00000 0.40392 0.49693
1322.00000 0.40332 0.49636
1323.00000 0.40282 0.49582
1324.00000 0.40237 0.49534
1325.00000 0.40204 0.49490
1326.00000 0.40150 0.49431
1327.00000 0.40067 0.49358
1328.00000 0.39985 0.49277
1329.00000 0.39906 0.49208
1330.00000 0.39855 0.49153
1331.00000 0.39813 0.49099
1332.00000 0.39762 0.49044
1333.00000 0.39694 0.48978
1334.00000 0.39593 0.48901
1335.00000 0.39495 0.48811
1336.00000 0.39406 0.48731
1337.00000 0.39327 0.48653
1338.00000 0.39259 0.48588
1339.00000 0.39210 0.48526
1340.00000 0.39170 0.48467
1341.00000 0.39115 0.48407
1342.00000 0.39048 0.48334
1343.00000 0.38976 0.48272
1344.00000 0.38882 0.48194
1345.00000 0.38765 0.48107
1346.00000 0.38641 0.48020
1347.00000 0.38536 0.47938
1348.00000 0.38449 0.47866
1349.00000 0.38393 0.47806
1350.00000 0.38312 0.47733
1351.00000 0.38247 0.47671
1352.00000 0.38160 0.47600
1353.00000 0.38087 0.47536
1354.00000 0.38008 0.47466
1355.00000 0.37957 0.47394
1356.00000 0.37885 0.47300
1357.00000 0.37842 0.47214
1358.00000 0.37774 0.47124
1359.00000 0.37746 0.47061
1360.00000 0.37710 0.47014
1361.00000 0.37655 0.46962
1362.00000 0.37571 0.46910
1363.00000 0.37456 0.46848
1364.00000 0.37367 0.46798
1365.00000 0.37282 0.46737
1366.00000 0.37171 0.46639
1367.00000 0.37110 0.46549
1368.00000 0.37005 0.46418
1369.00000 0.36900 0.46279
1370.00000 0.36787 0.46132
1371.00000 0.36627 0.45956
1372.00000 0.36452 0.45765
1373.00000 0.36313 0.45589
1374.00000 0.36101 0.45364
1375.00000 0.35855 0.45117
1376.00000 0.35659 0.44879
1377.00000 0.35412 0.44592
1378.00000 0.35161 0.44286
1379.00000 0.34868 0.43955
1380.00000 0.34665 0.43655
1381.00000 0.34304 0.43288
1382.00000 0.33929 0.42912
1383.00000 0.33495 0.42508
1384.00000 0.33159 0.42128
1385.00000 0.32657 0.41668
1386.00000 0.32166 0.41197
1387.00000 0.31676 0.40702
1388.00000 0.31121 0.40162
1389.00000 0.30737 0.39679
1390.00000 0.30172 0.39109
1391.00000 0.29659 0.38553
1392.00000 0.29134 0.37980
1393.00000 0.28641 0.37413
1394.00000 0.28062 0.36811
1395.00000 0.27686 0.36275
1396.00000 0.27201 0.35714
1397.00000 0.26635 0.35142
1398.00000 0.26142 0.34602
1399.00000 0.25664 0.34077
1400.00000 0.25203 0.33569
1401.00000 0.24760 0.33075
1402.00000 0.24280 0.32576
1403.00000 0.23880 0.32107
1404.00000 0.23520 0.31657
1405.00000 0.23246 0.31248
1406.00000 0.22894 0.30833
1407.00000 0.22569 0.30443
1408.00000 0.22256 0.30072
1409.00000 0.21924 0.29722
1410.00000 0.21629 0.29395
1411.00000 0.21377 0.29089
1412.00000 0.21129 0.28791
1413.00000 0.20908 0.28519
1414.00000 0.20687 0.28265
1415.00000 0.20478 0.28026
1416.00000 0.20282 0.27808
1417.00000 0.20101 0.27608
1418.00000 0.19919 0.27417
1419.00000 0.19761 0.27238
1420.00000 0.19616 0.27080
1421.00000 0.19471 0.26933
1422.00000 0.19329 0.26797
1423.00000 0.19195 0.26669
1424.00000 0.19072 0.26554
1425.00000 0.18919 0.26439
1426.00000 0.18806 0.26349
1427.00000 0.18705 0.26267
1428.00000 0.18614 0.26197
1429.00000 0.18528 0.26127
1430.00000 0.18433 0.26064
1431.00000 0.18360 0.26003
1432.00000 0.18273 0.25950
1433.00000 0.18217 0.25917
1434.00000 0.18129 0.25887
1435.00000 0.18064 0.25861
1436.00000 0.18008 0.25834
1437.00000 0.17947 0.25812
1438.00000 0.17892 0.25799
1439.00000 0.17854 0.25782
1440.00000 0.17814 0.25767
1441.00000 0.17774 0.25761
1442.00000 0.17744 0.25766
1443.00000 0.17719 0.25784
1444.00000 0.17691 0.25811
1445.00000 0.17673 0.25840
1446.00000 0.17652 0.25862
1447.00000 0.17636 0.25880
1448.00000 0.17629 0.25896
1449.00000 0.17625 0.25917
1450.00000 0.17624 0.25934
1451.00000 0.17633 0.25946
1452.00000 0.17634 0.25966
1453.00000 0.17638 0.26004
1454.00000 0.17642 0.26053
1455.00000 0.17655 0.26101
1456.00000 0.17670 0.26153
1457.00000 0.17686 0.26205
1458.00000 0.17717 0.26265
1459.00000 0.17740 0.26327
1460.00000 0.17760 0.26385
1461.00000 0.17819 0.26448
1462.00000 0.17866 0.26515
1463.00000 0.17918 0.26594
1464.00000 0.17998 0.26697
1465.00000 0.18069 0.26801
1466.00000 0.18135 0.26912
1467.00000 0.18246 0.27034
1468.00000 0.18329 0.27154
1469.00000 0.18416 0.27279
1470.00000 0.18534 0.27423
1471.00000 0.18622 0.27562
1472.00000 0.18709 0.27705
1473.00000 0.18847 0.27861
1474.00000 0.18937 0.28003
1475.00000 0.19090 0.28171
1476.00000 0.19202 0.28319
1477.00000 0.19321 0.28463
1478.00000 0.19456 0.28613
1479.00000 0.19570 0.28765
1480.00000 0.19723 0.28937
1481.00000 0.19824 0.29098
1482.00000 0.19949 0.29275
1483.00000 0.20051 0.29445
1484.00000 0.20190 0.29620
1485.00000 0.20302 0.29774
1486.00000 0.20410 0.29923
1487.00000 0.20565 0.30090
1488.00000 0.20687 0.30241
1489.00000 0.20861 0.30402
1490.00000 0.20975 0.30551
1491.00000 0.21140 0.30728
1492.00000 0.21261 0.30899
1493.00000 0.21408 0.31088
1494.00000 0.21524 0.31268
1495.00000 0.21693 0.31456
1496.00000 0.21826 0.31633
1497.00000 0.21986 0.31816
1498.00000 0.22131 0.31995
1499.00000 0.22260 0.32154
1500.00000 0.22429 0.32318
1501.00000 0.22542 0.32464
1502.00000 0.22704 0.32625
1503.00000 0.22843 0.32796
1504.00000 0.23000 0.32972
1505.00000 0.23165 0.33136
1506.00000 0.23280 0.33284
1507.00000 0.23437 0.33445
1508.00000 0.23538 0.33590
1509.00000 0.23700 0.33757
1510.00000 0.23858 0.33918
1511.00000 0.23995 0.34069
1512.00000 0.24151 0.34235
1513.00000 0.24251 0.34385
1514.00000 0.24407 0.34550
1515.00000 0.24567 0.34713
1516.00000 0.24680 0.34848
1517.00000 0.24844 0.34992
1518.00000 0.24995 0.35128
1519.00000 0.25107 0.35262
1520.00000 0.25245 0.35405
1521.00000 0.25398 0.35557
1522.00000 0.25497 0.35696
1523.00000 0.25650 0.35848
1524.00000 0.25802 0.36006
1525.00000 0.25904 0.36143
1526.00000 0.26042 0.36291
1527.00000 0.26171 0.36437
1528.00000 0.26270 0.36569
1529.00000 0.26392 0.36698
1530.00000 0.26512 0.36825
1531.00000 0.26663 0.36957
1532.00000 0.26757 0.37075
1533.00000 0.26893 0.37205
1534.00000 0.27021 0.37332
1535.00000 0.27154 0.37450
1536.00000 0.27246 0.37550
1537.00000 0.27371 0.37674
1538.00000 0.27478 0.37800
1539.00000 0.27614 0.37935
1540.00000 0.27712 0.38058
1541.00000 0.27799 0.38175
1542.00000 0.27920 0.38301
1543.00000 0.28030 0.38428
1544.00000 0.28153 0.38557
1545.00000 0.28235 0.38668
1546.00000 0.28327 0.38775
1547.00000 0.28450 0.38887
1548.00000 0.28553 0.38992
1549.00000 0.28659 0.39106
1550.00000 0.28750 0.39213
1551.00000 0.28833 0.39309
1552.00000 0.28916 0.39397
1553.00000 0.29023 0.39498
1554.00000 0.29106 0.39594
1555.00000 0.29205 0.39693
1556.00000 0.29297 0.39791
1557.00000 0.29383 0.39882
1558.00000 0.29434 0.39965
1559.00000 0.29507 0.40049
1560.00000 0.29579 0.40141
1561.00000 0.29659 0.40225
1562.00000 0.29734 0.40304
1563.00000 0.29817 0.40384
1564.00000 0.29879 0.40464
1565.00000 0.29967 0.40557
1566.00000 0.30022 0.40637
1567.00000 0.30103 0.40722
1568.00000 0.30159 0.40802
1569.00000 0.30228 0.40882
1570.00000 0.30297 0.40961
1571.00000 0.30362 0.41044
1572.00000 0.30431 0.41123
1573.00000 0.30502 0.41204
1574.00000 0.30576 0.41281
1575.00000 0.30621 0.41357
1576.00000 0.30702 0.41442
1577.00000 0.30755 0.41512
1578.00000 0.30813 0.41578
1579.00000 0.30889 0.41641
1580.00000 0.30942 0.41694
1581.00000 0.31017 0.41756
1582.00000 0.31094 0.41819
1583.00000 0.31159 0.41902
1584.00000 0.31203 0.41977
1585.00000 0.31262 0.42053
1586.00000 0.31323 0.42123
1587.00000 0.31375 0.42191
1588.00000 0.31415 0.42244
1589.00000 0.31483 0.42305
1590.00000 0.31535 0.42357
1591.00000 0.31607 0.42415
1592.00000 0.31673 0.42473
1593.00000 0.31744 0.42547
1594.00000 0.31810 0.42622
1595.00000 0.31863 0.42691
1596.00000 0.31893 0.42749
1597.00000 0.31942 0.42806
1598.00000 0.31988 0.42850
1599.00000 0.32040 0.42910
1600.00000 0.32098 0.42968
1601.00000 0.32146 0.43021
1602.00000 0.32180 0.43069
1603.00000 0.32243 0.43125
1604.00000 0.32283 0.43170
1605.00000 0.32339 0.43234
1606.00000 0.32374 0.43282
1607.00000 0.32408 0.43328
1608.00000 0.32431 0.43362
1609.00000 0.32475 0.43413
1610.00000 0.32496 0.43453
1611.00000 0.32529 0.43507
1612.00000 0.32560 0.43559
1613.00000 0.32604 0.43617
1614.00000 0.32629 0.43663
1615.00000 0.32661 0.43707
1616.00000 0.32690 0.43740
1617.00000 0.32725 0.43772
1618.00000 0.32746 0.43803
1619.00000 0.32796 0.43844
1620.00000 0.32813 0.43872
1621.00000 0.32849 0.43920
1622.00000 0.32880 0.43964
1623.00000 0.32914 0.44012
1624.00000 0.32953 0.44064
1625.00000 0.32981 0.44105
1626.00000 0.32999 0.44134
1627.00000 0.33040 0.44171
1628.00000 0.33049 0.44190
1629.00000 0.33085 0.44223
1630.00000 0.33105 0.44245
1631.00000 0.33124 0.44283
1632.00000 0.33114 0.44314
1633.00000 0.33146 0.44359
1634.00000 0.33161 0.44392
1635.00000 0.33189 0.44433
1636.00000 0.33188 0.44457
1637.00000 0.33222 0.44487
1638.00000 0.33227 0.44510
1639.00000 0.33249 0.44543
1640.00000 0.33244 0.44562
1641.00000 0.33279 0.44594
1642.00000 0.33290 0.44615
1643.00000 0.33325 0.44646
1644.00000 0.33341 0.44665
1645.00000 0.33374 0.44685
1646.00000 0.33391 0.44688
1647.00000 0.33430 0.44707
1648.00000 0.33431 0.44708
1649.00000 0.33466 0.44739
1650.00000 0.33464 0.44754
1651.00000 0.33475 0.44766
1652.00000 0.33462 0.44769
1653.00000 0.33490 0.44792
1654.00000 0.33459 0.44790
1655.00000 0.33465 0.44806
1656.00000 0.33443 0.44814
1657.00000 0.33459 0.44832
1658.00000 0.33428 0.44830
1659.00000 0.33416 0.44834
1660.00000 0.33398 0.44839
1661.00000 0.33395 0.44843
1662.00000 0.33366 0.44828
1663.00000 0.33362 0.44840
1664.00000 0.33334 0.44833
1665.00000 0.33338 0.44838
1666.00000 0.33309 0.44831
1667.00000 0.33312 0.44826
1668.00000 0.33290 0.44809
1669.00000 0.33284 0.44811
1670.00000 0.33286 0.44813
1671.00000 0.33351 0.44853
1672.00000 0.33307 0.44854
1673.00000 0.33298 0.44869
1674.00000 0.33269 0.44871
1675.00000 0.33247 0.44879
1676.00000 0.33203 0.44872
1677.00000 0.33196 0.44864
1678.00000 0.33174 0.44847
1679.00000 0.33162 0.44841
1680.00000 0.33120 0.44828
1681.00000 0.33112 0.44819
1682.00000 0.33070 0.44796
1683.00000 0.33049 0.44780
1684.00000 0.33028 0.44766
1685.00000 0.33013 0.44739
1686.00000 0.32981 0.44712
1687.00000 0.32965 0.44694
1688.00000 0.32922 0.44670
1689.00000 0.32913 0.44659
1690.00000 0.32873 0.44639
1691.00000 0.32861 0.44625
1692.00000 0.32837 0.44607
1693.00000 0.32829 0.44589
1694.00000 0.32792 0.44555
1695.00000 0.32769 0.44528
1696.00000 0.32736 0.44499
1697.00000 0.32720 0.44472
1698.00000 0.32687 0.44443
1699.00000 0.32647 0.44414
1700.00000 0.32603 0.44397
1701.00000 0.32566 0.44372
1702.00000 0.32518 0.44343
1703.00000 0.32496 0.44326
1704.00000 0.32457 0.44299
1705.00000 0.32433 0.44279
1706.00000 0.32383 0.44248
1707.00000 0.32366 0.44220
1708.00000 0.32318 0.44181
1709.00000 0.32304 0.44148
1710.00000 0.32265 0.44103
1711.00000 0.32225 0.44075
1712.00000 0.32189 0.44051
1713.00000 0.32166 0.44024
1714.00000 0.32127 0.43996
1715.00000 0.32103 0.43976
1716.00000 0.32064 0.43957
1717.00000 0.32045 0.43927
1718.00000 0.31999 0.43882
1719.00000 0.31973 0.43853
1720.00000 0.31920 0.43816
1721.00000 0.31894 0.43795
1722.00000 0.31853 0.43774
1723.00000 0.31821 0.43745
1724.00000 0.31793 0.43713
1725.00000 0.31766 0.43672
1726.00000 0.31730 0.43623
1727.00000 0.31733 0.43592
1728.00000 0.31702 0.43556
1729.00000 0.31680 0.43522
1730.00000 0.31652 0.43490
1731.00000 0.31640 0.43484
1732.00000 0.31610 0.43467
1733.00000 0.31596 0.43442
1734.00000 0.31559 0.43407
1735.00000 0.31541 0.43379
1736.00000 0.31540 0.43360
1737.00000 0.31502 0.43325
1738.00000 0.31466 0.43291
1739.00000 0.31450 0.43273
1740.00000 0.31402 0.43243
1741.00000 0.31367 0.43212
1742.00000 0.31335 0.43175
1743.00000 0.31323 0.43127
1744.00000 0.31274 0.43070
1745.00000 0.31232 0.43013
1746.00000 0.31192 0.42958
1747.00000 0.31160 0.42895
1748.00000 0.31115 0.42826
1749.00000 0.31076 0.42764
1750.00000 0.31034 0.42706
1751.00000 0.30981 0.42645
1752.00000 0.30916 0.42579
1753.00000 0.30875 0.42513
1754.00000 0.30854 0.42439
1755.00000 0.30812 0.42357
1756.00000 0.30749 0.42284
1757.00000 0.30690 0.42224
1758.00000 0.30643 0.42177
1759.00000 0.30592 0.42136
1760.00000 0.30527 0.42084
1761.00000 0.30474 0.42032
1762.00000 0.30452 0.41981
1763.00000 0.30423 0.41913
1764.00000 0.30386 0.41830
1765.00000 0.30358 0.41756
1766.00000 0.30340 0.41693
1767.00000 0.30318 0.41651
1768.00000 0.30265 0.41631
1769.00000 0.30217 0.41641
1770.00000 0.30163 0.41662
1771.00000 0.30125 0.41701
1772.00000 0.30110 0.41724
1773.00000 0.30053 0.41717
1774.00000 0.30039 0.41701
1775.00000 0.30023 0.41656
1776.00000 0.30018 0.41601
1777.00000 0.30047 0.41543
1778.00000 0.30062 0.41477
1779.00000 0.30058 0.41415
1780.00000 0.30056 0.41380
1781.00000 0.30031 0.41375
1782.00000 0.29991 0.41403
1783.00000 0.29940 0.41443
1784.00000 0.29893 0.41488
1785.00000 0.29832 0.41517
1786.00000 0.29800 0.41530
1787.00000 0.29771 0.41512
1788.00000 0.29781 0.41474
1789.00000 0.29793 0.41422
1790.00000 0.29795 0.41366
1791.00000 0.29822 0.41323
1792.00000 0.29829 0.41297
1793.00000 0.29823 0.41291
1794.00000 0.29814 0.41304
1795.00000 0.29812 0.41319
1796.00000 0.29801 0.41331
1797.00000 0.29801 0.41356
1798.00000 0.29821 0.41379
1799.00000 0.29830 0.41382
1800.00000 0.29839 0.41375
1801.00000 0.29864 0.41388
1802.00000 0.29879 0.41397
1803.00000 0.29902 0.41391
1804.00000 0.29920 0.41378
1805.00000 0.29948 0.41370
1806.00000 0.29955 0.41362
1807.00000 0.29968 0.41360
1808.00000 0.29949 0.41363
1809.00000 0.29936 0.41380
1810.00000 0.29932 0.41401
1811.00000 0.29905 0.41403
1812.00000 0.29895 0.41407
1813.00000 0.29902 0.41399
1814.00000 0.29910 0.41383
1815.00000 0.29933 0.41361
1816.00000 0.29928 0.41322
1817.00000 0.29946 0.41285
1818.00000 0.29950 0.41256
1819.00000 0.29953 0.41236
1820.00000 0.29954 0.41237
1821.00000 0.29948 0.41247
1822.00000 0.29929 0.41265
1823.00000 0.29925 0.41286
1824.00000 0.29904 0.41285
1825.00000 0.29911 0.41302
1826.00000 0.29900 0.41306
1827.00000 0.29877 0.41295
1828.00000 0.29844 0.41281
1829.00000 0.29835 0.41263
1830.00000 0.29808 0.41240
1831.00000 0.29788 0.41225
1832.00000 0.29716 0.41190
1833.00000 0.29687 0.41165
1834.00000 0.29654 0.41126
1835.00000 0.29605 0.41069
1836.00000 0.29580 0.41014
1837.00000 0.29545 0.40949
1838.00000 0.29489 0.40884
1839.00000 0.29440 0.40818
1840.00000 0.29369 0.40752
1841.00000 0.29280 0.40697
1842.00000 0.29188 0.40647
1843.00000 0.29079 0.40586
1844.00000 0.28980 0.40518
1845.00000 0.28873 0.40425
1846.00000 0.28776 0.40312
1847.00000 0.28695 0.40199
1848.00000 0.28555 0.40051
1849.00000 0.28426 0.39899
1850.00000 0.28275 0.39737
1851.00000 0.28163 0.39572
1852.00000 0.27928 0.39344
1853.00000 0.27776 0.39130
1854.00000 0.27609 0.38892
1855.00000 0.27455 0.38621
1856.00000 0.27281 0.38320
1857.00000 0.27072 0.38007
1858.00000 0.26826 0.37677
1859.00000 0.26604 0.37358
1860.00000 0.26308 0.37022
1861.00000 0.26058 0.36685
1862.00000 0.25565 0.36244
1863.00000 0.25225 0.35814
1864.00000 0.24860 0.35351
1865.00000 0.24528 0.34876
1866.00000 0.24109 0.34355
1867.00000 0.23748 0.33807
1868.00000 0.23298 0.33217
1869.00000 0.22933 0.32659
1870.00000 0.22193 0.31978
1871.00000 0.21690 0.31323
1872.00000 0.21179 0.30657
1873.00000 0.20607 0.29947
1874.00000 0.20071 0.29223
1875.00000 0.19437 0.28448
1876.00000 0.18892 0.27680
1877.00000 0.17912 0.26783
1878.00000 0.17243 0.25955
1879.00000 0.16624 0.25119
1880.00000 0.15990 0.24263
1881.00000 0.15271 0.23366
1882.00000 0.14677 0.22498
1883.00000 0.13651 0.21482
1884.00000 0.12985 0.20577
1885.00000 0.12377 0.19704
1886.00000 0.11785 0.18844
1887.00000 0.11171 0.17964
1888.00000 0.10379 0.17028
1889.00000 0.09824 0.16195
1890.00000 0.09346 0.15410
1891.00000 0.08899 0.14655
1892.00000 0.08456 0.13914
1893.00000 0.07894 0.13137
1894.00000 0.07527 0.12469
1895.00000 0.07229 0.11858
1896.00000 0.06957 0.11285
1897.00000 0.06741 0.10763
1898.00000 0.06360 0.10175
1899.00000 0.06187 0.09743
1900.00000 0.06015 0.09351
1901.00000 0.05839 0.08985
1902.00000 0.05611 0.08613
1903.00000 0.05471 0.08327
1904.00000 0.05358 0.08078
1905.00000 0.05259 0.07863
1906.00000 0.05109 0.07615
1907.00000 0.05026 0.07438
1908.00000 0.04944 0.07267
1909.00000 0.04883 0.07121
1910.00000 0.04789 0.06955
1911.00000 0.04733 0.06832
1912.00000 0.04684 0.06717
1913.00000 0.04643 0.06611
1914.00000 0.04584 0.06492
1915.00000 0.04559 0.06412
1916.00000 0.04526 0.06333
1917.00000 0.04494 0.06267
1918.00000 0.04447 0.06197
1919.00000 0.04418 0.06156
1920.00000 0.04389 0.06127
1921.00000 0.04357 0.06091
1922.00000 0.04332 0.06071
1923.00000 0.04310 0.06058
1924.00000 0.04287 0.06037
1925.00000 0.04273 0.06041
1926.00000 0.04255 0.06036
1927.00000 0.04246 0.06046
1928.00000 0.04237 0.06056
1929.00000 0.04230 0.06076
1930.00000 0.04224 0.06095
1931.00000 0.04225 0.06130
1932.00000 0.04223 0.06156
1933.00000 0.04224 0.06190
1934.00000 0.04232 0.06241
1935.00000 0.04238 0.06284
1936.00000 0.04247 0.06337
1937.00000 0.04264 0.06404
1938.00000 0.04273 0.06457
1939.00000 0.04287 0.06519
1940.00000 0.04309 0.06598
1941.00000 0.04327 0.06668
1942.00000 0.04345 0.06741
1943.00000 0.04377 0.06839
1944.00000 0.04401 0.06922
1945.00000 0.04425 0.07006
1946.00000 0.04459 0.07108
1947.00000 0.04489 0.07205
1948.00000 0.04512 0.07281
1949.00000 0.04557 0.07408
1950.00000 0.04585 0.07497
1951.00000 0.04637 0.07636
1952.00000 0.04666 0.07730
1953.00000 0.04702 0.07832
1954.00000 0.04753 0.07968
1955.00000 0.04796 0.08085
1956.00000 0.04829 0.08182
1957.00000 0.04889 0.08335
1958.00000 0.04929 0.08447
1959.00000 0.04987 0.08594
1960.00000 0.05035 0.08718
1961.00000 0.05073 0.08823
1962.00000 0.05146 0.08998
1963.00000 0.05186 0.09107
1964.00000 0.05258 0.09277
1965.00000 0.05307 0.09401
1966.00000 0.05358 0.09527
1967.00000 0.05429 0.09695
1968.00000 0.05486 0.09833
1969.00000 0.05561 0.10002
1970.00000 0.05610 0.10124
1971.00000 0.05704 0.10331
1972.00000 0.05752 0.10450
1973.00000 0.05799 0.10562
1974.00000 0.05895 0.10769
1975.00000 0.05954 0.10904
1976.00000 0.06036 0.11084
1977.00000 0.06095 0.11217
1978.00000 0.06191 0.11422
1979.00000 0.06251 0.11558
1980.00000 0.06343 0.11750
1981.00000 0.06408 0.11889
1982.00000 0.06467 0.12020
1983.00000 0.06574 0.12238
1984.00000 0.06638 0.12373
1985.00000 0.06738 0.12577
1986.00000 0.06805 0.12717
1987.00000 0.06902 0.12908
1988.00000 0.06966 0.13042
1989.00000 0.07068 0.13240
1990.00000 0.07143 0.13394
1991.00000 0.07239 0.13579
1992.00000 0.07311 0.13721
1993.00000 0.07410 0.13912
1994.00000 0.07485 0.14058
1995.00000 0.07589 0.14249
1996.00000 0.07658 0.14385
1997.00000 0.07766 0.14581
1998.00000 0.07833 0.14712
1999.00000 0.07946 0.14918
2000.00000 0.08020 0.15053
2001.00000 0.08091 0.15183
2002.00000 0.08197 0.15376
2003.00000 0.08314 0.15579
2004.00000 0.08382 0.15703
2005.00000 0.08494 0.15902
2006.00000 0.08569 0.16038
2007.00000 0.08673 0.16222
2008.00000 0.08745 0.16351
2009.00000 0.08852 0.16539
2010.00000 0.08918 0.16657
2011.00000 0.09025 0.16844
2012.00000 0.09096 0.16970
2013.00000 0.09208 0.17159
2014.00000 0.09278 0.17282
2015.00000 0.09386 0.17468
2016.00000 0.09457 0.17593
2017.00000 0.09561 0.17772
2018.00000 0.09622 0.17873
2019.00000 0.09721 0.18043
2020.00000 0.09792 0.18166
2021.00000 0.09893 0.18339
2022.00000 0.09992 0.18508
2023.00000 0.10051 0.18609
2024.00000 0.10153 0.18783
2025.00000 0.10218 0.18894
2026.00000 0.10317 0.19060
2027.00000 0.10372 0.19157
2028.00000 0.10468 0.19318
2029.00000 0.10565 0.19480
2030.00000 0.10627 0.19587
2031.00000 0.10707 0.19722
2032.00000 0.10772 0.19832
2033.00000 0.10863 0.19984
2034.00000 0.10919 0.20080
2035.00000 0.11013 0.20235
2036.00000 0.11105 0.20388
2037.00000 0.11153 0.20471
2038.00000 0.11249 0.20630
2039.00000 0.11298 0.20713
2040.00000 0.11385 0.20858
2041.00000 0.11474 0.21004
2042.00000 0.11521 0.21084
2043.00000 0.11610 0.21230
2044.00000 0.11657 0.21311
2045.00000 0.11740 0.21447
2046.00000 0.11824 0.21585
2047.00000 0.11875 0.21671
2048.00000 0.11959 0.21808
2049.00000 0.12008 0.21891
2050.00000 0.12090 0.22025
2051.00000 0.12169 0.22154
2052.00000 0.12220 0.22240
2053.00000 0.12296 0.22370
2054.00000 0.12381 0.22508
2055.00000 0.12426 0.22585
2056.00000 0.12515 0.22727
2057.00000 0.12564 0.22810
2058.00000 0.12652 0.22951
2059.00000 0.12736 0.23088
2060.00000 0.12791 0.23178
2061.00000 0.12881 0.23322
2062.00000 0.12964 0.23455
2063.00000 0.13025 0.23562
2064.00000 0.13106 0.23692
2065.00000 0.13200 0.23842
2066.00000 0.13249 0.23923
2067.00000 0.13335 0.24060
2068.00000 0.13422 0.24199
2069.00000 0.13479 0.24291
2070.00000 0.13559 0.24419
2071.00000 0.13652 0.24565
2072.00000 0.13698 0.24642
2073.00000 0.13779 0.24778
2074.00000 0.13864 0.24913
2075.00000 0.13920 0.25004
2076.00000 0.13996 0.25125
2077.00000 0.14085 0.25264
2078.00000 0.14134 0.25352
2079.00000 0.14212 0.25475
2080.00000 0.14286 0.25593
2081.00000 0.14335 0.25672
2082.00000 0.14421 0.25808
2083.00000 0.14495 0.25932
2084.00000 0.14540 0.26006
2085.00000 0.14613 0.26122
2086.00000 0.14695 0.26250
2087.00000 0.14768 0.26365
2088.00000 0.14817 0.26452
2089.00000 0.14893 0.26571
2090.00000 0.14966 0.26686
2091.00000 0.15017 0.26769
2092.00000 0.15078 0.26866
2093.00000 0.15162 0.27004
2094.00000 0.15227 0.27107
2095.00000 0.15275 0.27185
2096.00000 0.15339 0.27285
2097.00000 0.15413 0.27401
2098.00000 0.15465 0.27485
2099.00000 0.15532 0.27590
2100.00000 0.15600 0.27696
2101.00000 0.15673 0.27811
2102.00000 0.15716 0.27880
2103.00000 0.15789 0.28002
2104.00000 0.15854 0.28105
2105.00000 0.15923 0.28212
2106.00000 0.15964 0.28279
2107.00000 0.16027 0.28378
2108.00000 0.16087 0.28481
2109.00000 0.16149 0.28578
2110.00000 0.16190 0.28645
2111.00000 0.16251 0.28741
2112.00000 0.16307 0.28829
2113.00000 0.16369 0.28936
2114.00000 0.16402 0.28990
2115.00000 0.16455 0.29075
2116.00000 0.16511 0.29163
2117.00000 0.16573 0.29261
2118.00000 0.16608 0.29328
2119.00000 0.16666 0.29418
2120.00000 0.16727 0.29514
2121.00000 0.16795 0.29620
2122.00000 0.16846 0.29701
2123.00000 0.16884 0.29771
2124.00000 0.16940 0.29860
2125.00000 0.16994 0.29945
2126.00000 0.17045 0.30026
2127.00000 0.17080 0.30084
2128.00000 0.17124 0.30164
2129.00000 0.17177 0.30247
2130.00000 0.17227 0.30327
2131.00000 0.17275 0.30404
2132.00000 0.17305 0.30455
2133.00000 0.17352 0.30538
2134.00000 0.17390 0.30601
2135.00000 0.17433 0.30669
2136.00000 0.17478 0.30742
2137.00000 0.17503 0.30785
2138.00000 0.17537 0.30851
2139.00000 0.17572 0.30909
2140.00000 0.17605 0.30964
2141.00000 0.17649 0.31035
2142.00000 0.17684 0.31093
2143.00000 0.17704 0.31139
2144.00000 0.17737 0.31195
2145.00000 0.17778 0.31261
2146.00000 0.17816 0.31323
2147.00000 0.17854 0.31385
2148.00000 0.17873 0.31429
2149.00000 0.17900 0.31476
2150.00000 0.17940 0.31541
2151.00000 0.17977 0.31602
2152.00000 0.18008 0.31655
2153.00000 0.18041 0.31719
2154.00000 0.18065 0.31760
2155.00000 0.18091 0.31806
2156.00000 0.18132 0.31872
2157.00000 0.18156 0.31915
2158.00000 0.18183 0.31971
2159.00000 0.18212 0.32021
2160.00000 0.18244 0.32074
2161.00000 0.18257 0.32101
2162.00000 0.18288 0.32153
2163.00000 0.18313 0.32206
2164.00000 0.18341 0.32255
2165.00000 0.18362 0.32293
2166.00000 0.18389 0.32340
2167.00000 0.18418 0.32389
2168.00000 0.18438 0.32435
2169.00000 0.18455 0.32468
2170.00000 0.18479 0.32511
2171.00000 0.18504 0.32555
2172.00000 0.18525 0.32602
2173.00000 0.18552 0.32648
2174.00000 0.18578 0.32703
2175.00000 0.18597 0.32738
2176.00000 0.18625 0.32787
2177.00000 0.18650 0.32830
2178.00000 0.18674 0.32882
2179.00000 0.18711 0.32944
2180.00000 0.18742 0.32996
2181.00000 0.18766 0.33039
2182.00000 0.18800 0.33095
2183.00000 0.18826 0.33141
2184.00000 0.18853 0.33187
2185.00000 0.18888 0.33246
2186.00000 0.18913 0.33290
2187.00000 0.18938 0.33334
2188.00000 0.18964 0.33388
2189.00000 0.18987 0.33429
2190.00000 0.19005 0.33464
2191.00000 0.19032 0.33511
2192.00000 0.19052 0.33548
2193.00000 0.19064 0.33583
2194.00000 0.19067 0.33596
2195.00000 0.19077 0.33619
2196.00000 0.19091 0.33647
2197.00000 0.19108 0.33681
2198.00000 0.19115 0.33709
2199.00000 0.19118 0.33723
2200.00000 0.19132 0.33751
2201.00000 0.19146 0.33780
2202.00000 0.19155 0.33802
2203.00000 0.19162 0.33830
2204.00000 0.19165 0.33843
2205.00000 0.19177 0.33869
2206.00000 0.19179 0.33882
2207.00000 0.19186 0.33910
2208.00000 0.19205 0.33945
2209.00000 0.19212 0.33974
2210.00000 0.19229 0.34006
2211.00000 0.19242 0.34035
2212.00000 0.19248 0.34051
2213.00000 0.19250 0.34073
2214.00000 0.19252 0.34085
2215.00000 0.19255 0.34098
2216.00000 0.19247 0.34097
2217.00000 0.19241 0.34097
2218.00000 0.19232 0.34103
2219.00000 0.19229 0.34108
2220.00000 0.19233 0.34122
2221.00000 0.19228 0.34124
2222.00000 0.19228 0.34134
2223.00000 0.19208 0.34125
2224.00000 0.19197 0.34118
2225.00000 0.19186 0.34112
2226.00000 0.19163 0.34088
2227.00000 0.19139 0.34065
2228.00000 0.19116 0.34051
2229.00000 0.19087 0.34019
2230.00000 0.19055 0.33982
2231.00000 0.19033 0.33961
2232.00000 0.19001 0.33925
2233.00000 0.18958 0.33882
2234.00000 0.18931 0.33853
2235.00000 0.18892 0.33807
2236.00000 0.18848 0.33754
2237.00000 0.18796 0.33690
2238.00000 0.18748 0.33640
2239.00000 0.18695 0.33574
2240.00000 0.18637 0.33500
2241.00000 0.18578 0.33425
2242.00000 0.18520 0.33352
2243.00000 0.18450 0.33271
2244.00000 0.18385 0.33187
2245.00000 0.18321 0.33104
2246.00000 0.18249 0.33009
2247.00000 0.18183 0.32924
2248.00000 0.18114 0.32843
2249.00000 0.18045 0.32753
2250.00000 0.17978 0.32666
2251.00000 0.17911 0.32579
2252.00000 0.17847 0.32495
2253.00000 0.17758 0.32375
2254.00000 0.17693 0.32290
2255.00000 0.17615 0.32187
2256.00000 0.17546 0.32096
2257.00000 0.17481 0.32009
2258.00000 0.17416 0.31933
2259.00000 0.17347 0.31842
2260.00000 0.17280 0.31753
2261.00000 0.17201 0.31648
2262.00000 0.17140 0.31566
2263.00000 0.17072 0.31476
2264.00000 0.16995 0.31372
2265.00000 0.16928 0.31282
2266.00000 0.16863 0.31196
2267.00000 0.16798 0.31109
2268.00000 0.16727 0.31022
2269.00000 0.16661 0.30933
2270.00000 0.16596 0.30847
2271.00000 0.16542 0.30776
2272.00000 0.16486 0.30701
2273.00000 0.16426 0.30630
2274.00000 0.16347 0.30521
2275.00000 0.16294 0.30452
2276.00000 0.16231 0.30366
2277.00000 0.16179 0.30298
2278.00000 0.16123 0.30223
2279.00000 0.16068 0.30149
2280.00000 0.16021 0.30088
2281.00000 0.15966 0.30015
2282.00000 0.15905 0.29931
2283.00000 0.15853 0.29863
2284.00000 0.15789 0.29775
2285.00000 0.15727 0.29691
2286.00000 0.15668 0.29610
2287.00000 0.15583 0.29490
2288.00000 0.15517 0.29408
2289.00000 0.15453 0.29320
2290.00000 0.15380 0.29219
2291.00000 0.15326 0.29145
2292.00000 0.15257 0.29049
2293.00000 0.15205 0.28979
2294.00000 0.15143 0.28893
2295.00000 0.15089 0.28818
2296.00000 0.15026 0.28730
2297.00000 0.14978 0.28666
2298.00000 0.14886 0.28534
2299.00000 0.14841 0.28473
2300.00000 0.14778 0.28386
2301.00000 0.14726 0.28314
2302.00000 0.14661 0.28221
2303.00000 0.14614 0.28166
2304.00000 0.14558 0.28088
2305.00000 0.14520 0.28038
2306.00000 0.14425 0.27899
2307.00000 0.14387 0.27849
2308.00000 0.14344 0.27790
2309.00000 0.14298 0.27728
2310.00000 0.14254 0.27668
2311.00000 0.14222 0.27626
2312.00000 0.14173 0.27558
2313.00000 0.14144 0.27521
2314.00000 0.14061 0.27400
2315.00000 0.14041 0.27377
2316.00000 0.13995 0.27314
2317.00000 0.13960 0.27267
2318.00000 0.13919 0.27211
2319.00000 0.13887 0.27169
2320.00000 0.13841 0.27106
2321.00000 0.13808 0.27061
2322.00000 0.13720 0.26931
2323.00000 0.13689 0.26883
2324.00000 0.13642 0.26816
2325.00000 0.13590 0.26743
2326.00000 0.13547 0.26683
2327.00000 0.13510 0.26632
2328.00000 0.13412 0.26477
2329.00000 0.13374 0.26424
2330.00000 0.13321 0.26348
2331.00000 0.13270 0.26276
2332.00000 0.13216 0.26196
2333.00000 0.13160 0.26107
2334.00000 0.13110 0.26035
2335.00000 0.13011 0.25885
2336.00000 0.12962 0.25814
2337.00000 0.12910 0.25731
2338.00000 0.12855 0.25649
2339.00000 0.12809 0.25576
2340.00000 0.12705 0.25415
2341.00000 0.12664 0.25357
2342.00000 0.12607 0.25265
2343.00000 0.12558 0.25194
2344.00000 0.12507 0.25111
2345.00000 0.12460 0.25042
2346.00000 0.12375 0.24911
2347.00000 0.12332 0.24849
2348.00000 0.12284 0.24778
2349.00000 0.12243 0.24719
2350.00000 0.12200 0.24657
2351.00000 0.12110 0.24516
2352.00000 0.12080 0.24475
2353.00000 0.12038 0.24405
2354.00000 0.11986 0.24327
2355.00000 0.11944 0.24265
2356.00000 0.11909 0.24216
2357.00000 0.11818 0.24072
2358.00000 0.11782 0.24021
2359.00000 0.11745 0.23967
2360.00000 0.11697 0.23895
2361.00000 0.11660 0.23841
2362.00000 0.11561 0.23684
2363.00000 0.11528 0.23636
2364.00000 0.11488 0.23577
2365.00000 0.11452 0.23524
2366.00000 0.11360 0.23377
2367.00000 0.11323 0.23323
2368.00000 0.11273 0.23245
2369.00000 0.11219 0.23163
2370.00000 0.11179 0.23102
2371.00000 0.11088 0.22955
2372.00000 0.11044 0.22889
2373.00000 0.10996 0.22807
2374.00000 0.10962 0.22756
2375.00000 0.10861 0.22590
2376.00000 0.10834 0.22552
2377.00000 0.10782 0.22470
2378.00000 0.10727 0.22377
2379.00000 0.10696 0.22331
2380.00000 0.10598 0.22169
2381.00000 0.10557 0.22105
2382.00000 0.10500 0.22014
2383.00000 0.10459 0.21943
2384.00000 0.10366 0.21790
2385.00000 0.10318 0.21713
2386.00000 0.10271 0.21639
2387.00000 0.10230 0.21575
2388.00000 0.10142 0.21421
2389.00000 0.10093 0.21342
2390.00000 0.10044 0.21264
2391.00000 0.09997 0.21187
2392.00000 0.09906 0.21027
2393.00000 0.09858 0.20949
2394.00000 0.09810 0.20863
2395.00000 0.09766 0.20793
2396.00000 0.09680 0.20647
2397.00000 0.09638 0.20572
2398.00000 0.09589 0.20492
2399.00000 0.09549 0.20421
2400.00000 0.09459 0.20266
2401.00000 0.09418 0.20199
2402.00000 0.09364 0.20103
2403.00000 0.09329 0.20046
2404.00000 0.09228 0.19863
2405.00000 0.09185 0.19793
2406.00000 0.09141 0.19719
2407.00000 0.09050 0.19553
2408.00000 0.09005 0.19478
2409.00000 0.08959 0.19394
2410.00000 0.08915 0.19321
2411.00000 0.08832 0.19174
2412.00000 0.08780 0.19077
2413.00000 0.08726 0.18985
2414.00000 0.08636 0.18818
2415.00000 0.08588 0.18736
2416.00000 0.08531 0.18637
2417.00000 0.08482 0.18545
2418.00000 0.08389 0.18377
2419.00000 0.08341 0.18287
2420.00000 0.08286 0.18191
2421.00000 0.08194 0.18016
2422.00000 0.08141 0.17922
2423.00000 0.08089 0.17824
2424.00000 0.08041 0.17740
2425.00000 0.07942 0.17549
2426.00000 0.07897 0.17470
2427.00000 0.07846 0.17372
2428.00000 0.07756 0.17205
2429.00000 0.07706 0.17109
2430.00000 0.07648 0.17003
2431.00000 0.07559 0.16829
2432.00000 0.07510 0.16739
2433.00000 0.07459 0.16640
2434.00000 0.07415 0.16559
2435.00000 0.07321 0.16375
2436.00000 0.07269 0.16279
2437.00000 0.07220 0.16181
2438.00000 0.07132 0.16012
2439.00000 0.07082 0.15912
2440.00000 0.07038 0.15830
2441.00000 0.06946 0.15645
2442.00000 0.06901 0.15560
2443.00000 0.06853 0.15463
2444.00000 0.06758 0.15276
2445.00000 0.06706 0.15171
2446.00000 0.06660 0.15076
2447.00000 0.06573 0.14898
2448.00000 0.06521 0.14797
2449.00000 0.06477 0.14705
2450.00000 0.06389 0.14522
2451.00000 0.06341 0.14422
2452.00000 0.06296 0.14334
2453.00000 0.06201 0.14135
2454.00000 0.06157 0.14048
2455.00000 0.06115 0.13958
2456.00000 0.06025 0.13769
2457.00000 0.05985 0.13683
2458.00000 0.05942 0.13597
2459.00000 0.05859 0.13417
2460.00000 0.05818 0.13329
2461.00000 0.05774 0.13234
2462.00000 0.05694 0.13059
2463.00000 0.05657 0.12986
2464.00000 0.05622 0.12909
2465.00000 0.05551 0.12753
2466.00000 0.05510 0.12662
2467.00000 0.05439 0.12504
2468.00000 0.05399 0.12416
2469.00000 0.05367 0.12345
2470.00000 0.05296 0.12185
2471.00000 0.05267 0.12121
2472.00000 0.05234 0.12046
2473.00000 0.05164 0.11886
2474.00000 0.05132 0.11816
2475.00000 0.05103 0.11747
2476.00000 0.05046 0.11618
2477.00000 0.05018 0.11549
2478.00000 0.04963 0.11422
2479.00000 0.04929 0.11337
2480.00000 0.04902 0.11274
2481.00000 0.04855 0.11161
2482.00000 0.04834 0.11106
2483.00000 0.04822 0.11077
2484.00000 0.04776 0.10964
2485.00000 0.04741 0.10876
2486.00000 0.04663 0.10688
2487.00000 0.04654 0.10660
2488.00000 0.04629 0.10595
2489.00000 0.04563 0.10433
2490.00000 0.04547 0.10390
2491.00000 0.04521 0.10322
2492.00000 0.04484 0.10224
2493.00000 0.04464 0.10170
2494.00000 0.04435 0.10088
2495.00000 0.04423 0.10055
2496.00000 0.04416 0.10028
2497.00000 0.04385 0.09942
2498.00000 0.04378 0.09914
2499.00000 0.04347 0.09828
2500.00000 0.04344 0.09811
